 "a-count" 0
 "b-count" 5
 "c-color-count" 23
 "c-express-count" 23
 "d-color-count" 28
 "d-express-count" 28
 "cell-count" 56
 15 2 3 164
 15 0 3 254
 15 0 -1 209
 15 -3 3 345
 15 -1 1 187
 15 -2 1 143
 15 1 3 17
 15 1 4 144
 15 0 2 218
 15 2 0 308
 15 1 2 228
 15 2 -1 270
 15 0 1 90
 15 0 2 133
 15 -1 3 235
 15 2 1 287
 15 0 0 205
 15 -2 1 331
 15 -1 2 96
 15 1 -1 25
 15 2 2 151
 15 1 1 155
 15 1 0 12
 15 -2 0 117
 15 -1 2 344
 15 1 2 237
 15 -1 0 39
 15 -1 2 61
 55 3 2 73
 55 2 -2 40
 5 -1 -1 72
 55 1 -2 118
 55 4 0 319
 55 -2 3 163
 55 -2 2 303
 55 3 0 15
 55 2 3 275
 55 -4 1 143
 55 4 2 90
 55 -4 -2 331
 55 -3 0 79
 55 3 -1 155
 5 -1 4 12
 5 -2 -1 4
 55 3 3 272
 55 0 -2 173
 5 -3 -1 223
 55 0 4 221
 55 -3 -2 43
 55 4 1 196
 55 -4 -1 287
 55 -3 1 52
 55 -4 0 291
 55 -3 -3 351
 55 3 1 93
 5 -1 -2 213
 "contig-ratio-green-core" 0.7619047619047619
 "contig-ratio-red-core" 0.8235294117647058
 "a-count" 2
 "b-count" 0
 "c-color-count" 28
 "c-express-count" 28
 "d-color-count" 27
 "d-express-count" 26
 "cell-count" 56
 15 3 1 308
 15 -2 -1 208
 15 -3 3 171
 15 0 -4 34
 15 -1 2 46
 15 1 2 143
 15 1 3 149
 15 -2 2 318
 15 3 -2 175
 15 -3 -2 329
 15 2 1 61
 15 1 -3 308
 15 -1 0 213
 15 3 -3 58
 15 -1 -4 204
 15 2 -3 223
 15 0 3 296
 15 -2 1 8
 105 1 -4 6
 15 -2 0 187
 15 -1 1 69
 15 3 2 157
 15 2 2 181
 15 -2 -2 124
 15 0 -3 215
 15 -3 1 195
 15 0 2 279
 15 -3 -1 224
 55 3 -1 203
 55 -1 4 119
 55 -3 2 8
 55 3 0 211
 55 4 1 82
 55 4 -1 148
 55 1 0 311
 55 -2 3 264
 55 2 -1 32
 55 -2 4 78
 55 -4 0 199
 55 1 -1 282
 55 0 -1 41
 55 -1 -2 300
 55 -3 -3 253
 55 0 4 73
 55 1 1 114
 55 1 -2 228
 55 5 1 346
 55 -4 1 114
 55 0 -2 86
 55 -1 -1 62
 55 -1 -3 324
 55 -4 -1 302
 55 0 1 95
 55 0 0 97
 55 -2 -3 66
 55 4 0 345
 "contig-ratio-green-core" 0.8571428571428571
 "contig-ratio-red-core" 0.75
 "a-count" 1
 "b-count" 2
 "c-color-count" 26
 "c-express-count" 26
 "d-color-count" 27
 "d-express-count" 27
 "cell-count" 56
 15 -2 -2 128
 15 -2 -1 81
 15 -1 -1 33
 15 4 0 277
 15 3 -1 68
 15 0 3 115
 15 1 3 162
 15 -1 -4 59
 15 -3 -1 57
 15 0 -4 163
 15 1 -4 8
 15 -3 0 221
 15 1 2 145
 15 -3 -2 168
 15 -3 3 78
 15 3 0 229
 15 3 -2 356
 15 2 -3 286
 15 -2 0 15
 15 -1 1 48
 15 -2 1 220
 105 4 -1 85
 15 1 -3 325
 15 2 -1 249
 15 0 2 64
 15 -3 1 134
 15 2 -2 319
 15 -4 0 242
 55 0 0 165
 55 -4 -1 348
 55 0 4 90
 55 1 0 171
 55 2 2 175
 55 -1 2 336
 55 -2 2 307
 55 3 1 251
 55 -1 -3 69
 5 2 0 330
 55 0 -2 40
 55 4 2 341
 55 3 -3 183
 55 3 2 157
 55 0 -3 159
 55 -2 3 149
 55 0 -1 189
 55 1 -2 341
 55 -1 4 149
 55 -2 -3 250
 55 1 -1 3
 55 2 1 267
 55 0 1 299
 55 -3 2 346
 55 -1 3 204
 5 -4 1 335
 55 1 1 74
 55 -1 -2 181
 "contig-ratio-green-core" 0.7142857142857143
 "contig-ratio-red-core" 0.8181818181818182
