 "a-count" 1
 "b-count" 9
 "c-color-count" 19
 "c-express-count" 19
 "d-color-count" 27
 "d-express-count" 27
 "cell-count" 56
 15 0 4 35
 15 0 3 87
 15 0 1 232
 15 0 2 302
 15 2 2 140
 15 1 4 314
 15 0 0 75
 15 -2 0 159
 15 3 0 296
 15 -3 -2 113
 15 -2 -1 333
 15 1 2 234
 15 1 -1 343
 15 4 1 223
 15 1 0 267
 15 2 0 91
 15 -3 -1 48
 15 0 -1 10
 15 1 3 256
 15 -1 -1 254
 15 -1 0 256
 15 1 -2 66
 15 2 1 221
 105 -1 3 217
 15 1 1 322
 15 3 -1 155
 15 0 -2 258
 15 0 3 43
 55 2 -2 306
 5 -1 -3 297
 55 2 -3 301
 55 -2 2 192
 5 0 -4 337
 5 -4 1 26
 55 -2 3 180
 5 -1 -4 32
 55 3 -3 216
 5 0 -3 227
 55 3 -2 280
 55 2 3 150
 55 3 2 207
 5 -3 0 5
 55 4 -2 238
 55 3 1 311
 5 -2 -3 177
 55 3 3 287
 55 1 -3 353
 5 1 -4 229
 55 -1 1 210
 55 -4 0 20
 55 2 -1 188
 5 -2 -2 310
 55 4 0 105
 55 -2 1 31
 55 -4 -1 181
 55 4 -1 291
 "contig-ratio-green-core" 0.8125
 "contig-ratio-red-core" 0.631578947368421
 "a-count" 2
 "b-count" 5
 "c-color-count" 23
 "c-express-count" 23
 "d-color-count" 26
 "d-express-count" 26
 "cell-count" 56
 15 0 4 304
 15 2 2 269
 15 1 -2 209
 15 0 2 29
 15 1 1 87
 105 1 4 70
 15 3 1 38
 15 3 2 140
 15 -1 3 0
 15 -1 2 95
 15 2 -2 114
 15 -3 3 289
 15 -3 0 296
 15 1 2 148
 15 -2 1 123
 15 -3 1 152
 15 0 3 309
 15 1 3 4
 15 4 1 0
 15 0 -3 285
 15 -1 -3 337
 15 2 3 340
 15 -2 0 358
 105 -3 2 38
 15 2 1 183
 15 -4 0 57
 15 1 -3 336
 15 0 -2 116
 55 0 -1 88
 55 -1 1 318
 55 3 3 247
 5 1 -4 90
 5 2 -3 97
 55 -3 -2 158
 55 0 0 197
 55 -2 2 160
 55 -2 -2 303
 55 4 -1 160
 55 0 -4 192
 55 -2 -3 138
 55 -2 3 251
 5 -1 -1 292
 55 3 -1 312
 55 2 -1 90
 55 1 -1 93
 55 -1 -2 336
 55 -1 0 16
 55 -4 1 88
 55 -1 4 349
 5 -2 -1 331
 55 3 0 4
 55 2 0 102
 5 -1 -4 133
 55 0 1 64
 55 -3 -1 160
 55 -3 -3 140
 "contig-ratio-green-core" 0.7647058823529411
 "contig-ratio-red-core" 0.7727272727272727
 "a-count" 0
 "b-count" 2
 "c-color-count" 26
 "c-express-count" 26
 "d-color-count" 28
 "d-express-count" 28
 "cell-count" 56
 15 -2 -3 198
 15 1 -2 50
 15 -2 3 70
 15 1 1 19
 15 1 -3 12
 15 2 -1 142
 15 -3 3 86
 15 0 0 144
 15 1 0 35
 15 4 1 257
 15 -4 1 148
 15 2 -2 19
 15 -1 -1 202
 15 -1 -2 328
 15 2 0 160
 15 2 1 227
 15 1 2 0
 15 3 1 15
 15 2 2 328
 15 -1 0 295
 15 0 1 234
 15 0 2 105
 15 -2 -1 71
 15 0 -2 327
 15 1 -1 241
 15 -2 -2 54
 15 0 -1 326
 15 -3 -2 317
 55 4 -2 302
 55 5 -1 129
 55 1 3 164
 55 0 4 197
 55 -1 3 86
 55 -1 -3 312
 55 0 -4 144
 55 -4 0 78
 55 -2 0 223
 55 -3 -3 299
 55 4 0 105
 55 -3 -1 321
 55 -2 2 146
 55 -1 1 325
 55 -1 -4 348
 55 -3 2 180
 55 1 4 278
 5 -4 -1 239
 55 -3 1 3
 55 -2 -4 14
 5 -1 2 221
 55 -1 4 47
 55 0 3 69
 55 -2 1 9
 55 4 -1 23
 55 2 3 60
 55 0 -3 290
 55 -3 0 157
 "contig-ratio-green-core" 0.6521739130434783
 "contig-ratio-red-core" 0.8235294117647058
 "a-count" 1
 "b-count" 3
 "c-color-count" 25
 "c-express-count" 25
 "d-color-count" 28
 "d-express-count" 27
 "cell-count" 56
 15 2 1 216
 15 1 1 234
 15 0 -2 178
 15 -2 0 352
 15 0 -1 225
 15 3 3 131
 15 1 1 38
 15 0 2 88
 15 1 0 123
 15 1 2 60
 15 -2 -2 340
 15 0 1 142
 15 0 3 252
 15 -1 -1 81
 15 -3 -2 251
 15 -1 2 50
 15 2 1 148
 15 -1 3 293
 15 2 2 191
 15 -1 1 273
 15 -1 0 299
 15 -2 1 240
 15 -3 -3 356
 15 -2 -3 231
 15 -2 -1 229
 15 0 0 333
 15 -2 3 63
 15 -1 -2 263
 55 4 0 28
 55 1 -4 100
 55 -4 1 198
 55 -3 2 189
 5 -4 -1 260
 55 2 -2 18
 55 1 3 191
 55 1 -3 192
 55 3 2 277
 55 3 1 41
 5 3 -2 190
 55 3 0 212
 55 2 -1 108
 5 4 -1 350
 55 -3 -1 219
 55 3 2 104
 55 2 -3 140
 55 2 0 139
 55 1 -1 119
 55 -1 -3 31
 55 -3 1 71
 55 4 1 177
 55 3 3 278
 55 3 3 5
 55 2 3 222
 55 0 -3 352
 55 -3 3 20
 55 -3 0 260
 "contig-ratio-green-core" 0.631578947368421
 "contig-ratio-red-core" 0.7222222222222222
