 "a-count" 1
 "b-count" 1
 "c-color-count" 27
 "c-express-count" 27
 "d-color-count" 27
 "d-express-count" 27
 "cell-count" 56
 15 -1 -3 192
 15 -3 -1 348
 15 -4 1 88
 15 -2 -2 112
 15 2 3 316
 15 -2 -1 288
 15 3 1 22
 105 2 -3 149
 15 -1 -4 199
 15 0 -3 289
 15 1 -4 142
 15 -3 0 27
 15 3 -1 43
 15 0 -4 316
 15 4 0 132
 15 -3 1 191
 15 4 -1 70
 15 -2 1 324
 15 -4 0 337
 15 3 -2 299
 15 1 4 246
 15 -1 4 230
 15 1 3 148
 15 -2 0 90
 15 0 4 132
 15 2 -2 249
 15 3 0 321
 15 -3 -2 350
 55 3 2 357
 55 2 -1 321
 55 0 2 299
 55 -2 3 184
 55 -1 3 77
 55 0 0 177
 55 -2 2 85
 55 2 1 97
 55 -1 -2 176
 55 4 1 307
 55 2 0 160
 55 0 1 273
 55 0 -1 216
 55 1 -1 136
 5 3 3 59
 55 2 2 349
 55 0 3 15
 55 -1 0 218
 55 -1 1 30
 55 0 -2 283
 55 -2 -3 170
 55 -1 -1 72
 55 1 1 190
 55 -1 2 187
 55 -4 -1 204
 55 -3 -3 240
 55 1 -2 245
 55 1 2 237
 "contig-ratio-green-core" 0.7
 "contig-ratio-red-core" 0.76
 "a-count" 1
 "b-count" 2
 "c-color-count" 26
 "c-express-count" 26
 "d-color-count" 27
 "d-express-count" 27
 "cell-count" 56
 15 1 -2 69
 15 2 0 263
 15 3 2 171
 15 -2 -3 297
 15 3 0 13
 15 2 1 241
 15 0 4 206
 15 -2 -2 287
 15 3 1 178
 15 0 3 338
 15 2 -2 290
 105 1 4 185
 15 -1 -2 262
 15 -2 3 130
 15 -1 4 125
 15 -1 -1 275
 15 0 -2 266
 15 1 -1 117
 15 1 3 27
 15 2 -1 72
 15 -1 -3 139
 15 2 2 342
 15 -4 1 295
 15 -4 -1 181
 15 -1 3 288
 15 1 -3 135
 15 0 -1 76
 15 0 -3 21
 55 -3 -2 253
 55 0 1 93
 55 0 -4 182
 55 0 2 217
 55 -2 -4 250
 55 -2 1 135
 55 1 0 128
 55 1 -4 334
 55 -3 -1 320
 55 -1 1 50
 55 3 -1 66
 55 -4 0 332
 55 -3 0 150
 5 -3 -3 124
 55 2 3 5
 55 3 3 81
 55 -3 2 143
 55 1 2 101
 55 -3 1 248
 55 4 -1 111
 55 0 0 191
 55 -1 0 40
 5 -3 3 7
 55 -1 -4 212
 55 -2 0 299
 55 -2 -1 149
 55 1 1 291
 55 -1 2 284
 "contig-ratio-green-core" 0.9444444444444444
 "contig-ratio-red-core" 0.7272727272727273
 "a-count" 0
 "b-count" 6
 "c-color-count" 22
 "c-express-count" 22
 "d-color-count" 28
 "d-express-count" 28
 "cell-count" 56
 15 -3 1 12
 15 1 -1 60
 15 1 0 152
 15 -1 -2 164
 15 -1 1 153
 15 0 -1 105
 15 -1 4 299
 15 0 2 222
 15 1 4 1
 15 2 3 196
 15 -2 2 111
 15 0 0 113
 15 0 -2 64
 15 1 -2 338
 15 1 3 195
 15 -1 3 35
 15 -2 0 148
 15 0 -1 177
 15 -3 0 288
 15 4 -1 163
 15 0 3 125
 15 4 1 263
 15 -2 1 34
 15 -1 -1 210
 15 0 1 346
 15 3 -3 109
 15 -1 2 99
 15 -1 0 285
 55 -2 -2 131
 55 2 1 202
 55 3 2 278
 55 1 -4 59
 55 3 -1 12
 55 -1 -3 111
 55 2 -2 347
 55 2 2 286
 55 3 1 346
 5 -3 2 166
 55 2 -3 353
 55 2 -2 160
 55 3 0 16
 5 -2 -1 351
 55 2 -1 211
 55 -4 1 191
 55 -4 0 273
 55 2 0 140
 55 1 -3 87
 5 -3 3 302
 5 0 -4 241
 55 2 -2 38
 55 3 -2 327
 55 1 2 60
 55 1 1 244
 5 4 0 329
 55 -2 -3 225
 5 -3 -1 239
 "contig-ratio-green-core" 0.6842105263157895
 "contig-ratio-red-core" 0.7222222222222222
