 "a-count" 0
 "b-count" 5
 "c-color-count" 23
 "c-express-count" 23
 "d-color-count" 28
 "d-express-count" 28
 "cell-count" 56
 15 0 -2 312
 15 -3 1 114
 15 0 -1 235
 15 2 3 285
 15 3 2 200
 15 1 -2 95
 15 3 1 168
 15 -3 0 252
 15 1 4 8
 15 -2 1 150
 15 1 0 34
 15 2 0 326
 15 2 1 223
 15 0 -3 293
 15 -4 1 166
 15 -3 -1 120
 15 -2 0 191
 15 -1 -3 314
 15 2 2 335
 15 1 -1 45
 15 -4 0 132
 15 -1 -2 299
 15 -1 -4 291
 15 1 -3 120
 15 1 1 268
 15 2 -1 28
 15 -2 2 205
 15 3 -3 216
 55 -2 3 300
 55 -1 2 150
 5 -3 2 79
 55 -1 -1 76
 5 -1 4 100
 55 2 -2 352
 55 0 3 299
 55 0 4 40
 55 -2 -2 31
 55 2 -3 134
 55 -1 0 23
 55 -1 1 126
 55 3 -2 130
 55 -4 -2 197
 55 0 2 57
 55 1 3 92
 55 0 1 303
 55 -2 -4 62
 5 3 3 225
 5 4 -1 233
 55 0 0 309
 5 -4 -1 298
 55 3 -1 221
 55 -3 -2 305
 55 3 0 102
 55 -2 -3 288
 55 -1 3 51
 55 2 -4 151
 "contig-ratio-green-core" 0.8333333333333334
 "contig-ratio-red-core" 0.7272727272727273
 "a-count" 1
 "b-count" 4
 "c-color-count" 24
 "c-express-count" 24
 "d-color-count" 27
 "d-express-count" 27
 "cell-count" 56
 15 -1 -2 176
 15 0 4 192
 15 1 4 207
 15 1 -2 37
 15 -1 0 152
 105 0 1 308
 15 1 -1 285
 15 -1 -3 168
 15 2 -1 149
 15 1 0 109
 15 2 1 136
 15 -2 3 89
 15 -4 0 326
 15 2 0 52
 15 -1 3 248
 15 0 3 4
 15 -1 2 74
 15 -2 2 99
 15 -1 1 291
 15 0 -3 242
 15 -4 -1 18
 15 0 0 113
 15 -1 -1 262
 15 0 -1 77
 15 1 1 48
 15 4 1 208
 15 0 -2 333
 15 0 2 259
 55 -3 1 288
 55 3 -1 195
 55 -3 0 212
 55 -3 -1 87
 55 -3 -2 171
 55 2 3 91
 55 3 -3 188
 55 3 -2 354
 55 -2 1 3
 55 1 2 274
 55 -1 -4 67
 55 4 -3 66
 55 -2 0 56
 55 -3 -3 107
 55 -3 3 188
 55 2 -3 136
 55 3 0 328
 55 0 -4 341
 55 2 2 153
 55 1 3 98
 55 -2 -3 280
 5 4 0 325
 55 3 1 263
 5 4 -1 298
 55 -3 2 297
 55 3 2 195
 5 -1 4 35
 5 -2 -2 41
 "contig-ratio-green-core" 0.7
 "contig-ratio-red-core" 0.75
 "a-count" 0
 "b-count" 2
 "c-color-count" 26
 "c-express-count" 26
 "d-color-count" 28
 "d-express-count" 28
 "cell-count" 56
 15 0 -3 224
 15 0 -4 203
 15 -2 2 307
 15 4 -1 220
 15 1 2 52
 15 0 1 293
 15 -3 1 65
 15 -2 0 131
 15 1 4 302
 15 3 -1 170
 15 2 2 132
 15 3 -2 338
 15 1 3 14
 15 2 -2 78
 15 -3 2 312
 15 -4 -1 46
 15 0 3 75
 15 3 2 299
 15 -1 0 339
 15 1 -2 50
 15 1 -3 350
 15 -1 -4 155
 15 4 0 62
 15 -2 1 108
 15 -1 2 137
 15 2 -3 200
 15 0 2 174
 15 -1 1 306
 55 1 0 299
 55 0 0 228
 55 3 -3 277
 55 -3 0 101
 55 -1 -3 141
 55 1 -1 106
 55 -4 0 324
 55 -2 3 64
 55 0 4 122
 55 2 0 220
 55 -1 -2 174
 55 3 0 297
 55 0 -1 236
 55 3 1 346
 55 -1 3 268
 55 -3 -2 315
 55 -2 -2 130
 55 2 1 257
 55 2 3 339
 5 1 -4 187
 5 1 1 45
 55 -3 -1 5
 55 0 -2 287
 55 2 -1 336
 55 -2 -1 123
 55 -1 -1 62
 55 -1 4 195
 55 -3 3 341
 "contig-ratio-green-core" 0.8947368421052632
 "contig-ratio-red-core" 0.6956521739130435
 "a-count" 1
 "b-count" 3
 "c-color-count" 25
 "c-express-count" 25
 "d-color-count" 27
 "d-express-count" 27
 "cell-count" 56
 15 -3 2 236
 15 -3 -3 147
 105 1 1 260
 15 -2 3 61
 15 3 -3 255
 15 -1 0 131
 15 0 -1 226
 15 -2 -2 62
 15 -1 -1 214
 15 2 0 34
 15 -1 -2 63
 15 0 1 59
 15 1 3 86
 15 1 -1 359
 15 1 0 213
 15 0 2 263
 15 -3 3 70
 15 0 0 201
 15 3 3 40
 15 2 -1 323
 15 2 2 113
 15 -2 4 72
 15 -2 -1 32
 15 -3 1 55
 15 2 1 47
 15 -2 0 196
 15 1 2 112
 15 -3 -2 202
 55 -2 1 295
 55 -1 2 138
 55 1 4 113
 55 1 -4 187
 55 1 -3 333
 55 3 -2 320
 55 0 4 0
 55 3 1 42
 55 0 -2 307
 55 2 -2 344
 55 -1 -3 271
 55 -3 0 99
 5 -4 -1 92
 5 2 3 348
 55 3 0 199
 55 4 1 229
 55 -1 -4 218
 55 -2 2 273
 55 -1 1 184
 55 2 -3 13
 55 -1 3 227
 55 4 0 271
 5 4 -1 204
 55 3 2 237
 55 1 -2 97
 55 0 3 43
 55 -3 -1 84
 55 0 -3 64
 "contig-ratio-green-core" 0.7916666666666666
 "contig-ratio-red-core" 0.8
