 "a-count" 0
 "b-count" 4
 "c-color-count" 24
 "c-express-count" 24
 "d-color-count" 28
 "d-express-count" 28
 "cell-count" 56
 15 -4 1 178
 15 3 -3 231
 15 -1 -2 201
 15 -3 1 129
 15 -4 -1 297
 15 2 3 341
 15 0 -2 177
 15 2 2 58
 15 -2 1 217
 15 -2 -3 256
 15 -2 2 178
 15 1 0 348
 15 0 -1 120
 15 0 0 303
 15 -1 1 5
 15 -1 4 22
 15 -1 -3 334
 15 1 1 122
 15 -3 -3 180
 15 2 0 6
 15 2 1 289
 15 -1 2 82
 15 -4 0 156
 15 -2 3 14
 15 1 -1 40
 15 0 1 33
 15 -3 0 314
 15 -2 -2 157
 55 -1 -4 71
 5 3 3 247
 55 3 -2 155
 55 0 -3 131
 55 3 -1 246
 55 4 1 29
 5 3 1 247
 55 0 2 340
 55 -1 3 218
 55 1 -3 272
 5 2 -2 75
 55 0 4 314
 55 1 3 269
 55 4 0 54
 55 -3 3 84
 55 -1 -1 261
 55 4 -1 213
 55 0 -4 283
 55 2 -1 64
 55 1 2 64
 55 3 0 228
 55 -2 -1 168
 5 3 2 59
 55 0 3 288
 55 1 -2 41
 55 1 -4 26
 55 2 -3 15
 55 -2 0 35
 "contig-ratio-green-core" 0.85
 "contig-ratio-red-core" 0.5416666666666666
