 "a-count" 3
 "b-count" 3
 "c-color-count" 25
 "c-express-count" 25
 "d-color-count" 25
 "d-express-count" 25
 "cell-count" 56
 15 2 3 232
 15 -3 1 333
 15 3 -2 25
 15 3 3 133
 105 -1 -4 327
 15 -2 -3 134
 15 3 0 306
 15 0 -3 337
 15 1 3 1
 15 0 -4 123
 15 1 -3 0
 15 3 1 65
 15 -2 1 34
 105 -4 1 170
 15 -2 -1 212
 15 -3 2 150
 15 3 -1 227
 15 -2 2 1
 15 -4 0 54
 15 -3 -1 30
 15 1 -4 10
 15 -3 0 206
 15 -2 0 40
 15 -1 -3 124
 15 -3 -2 21
 105 4 1 122
 15 3 2 233
 15 -2 -2 167
 55 -1 3 165
 55 -1 -1 136
 55 -1 -2 357
 5 0 2 146
 55 -1 2 286
 55 1 -1 68
 55 -1 4 20
 55 -3 -3 135
 55 0 4 24
 55 0 -2 114
 55 -1 1 338
 55 0 -1 47
 55 -2 3 181
 55 -4 -1 35
 55 2 -2 130
 55 1 -2 326
 5 -1 0 206
 55 0 1 205
 55 2 -1 159
 55 1 2 208
 55 0 3 292
 55 2 0 173
 55 2 2 315
 55 2 1 111
 5 3 -3 13
 55 1 0 43
 55 0 0 93
 55 1 1 246
 "contig-ratio-green-core" 0.875
 "contig-ratio-red-core" 0.6842105263157895
 "a-count" 1
 "b-count" 3
 "c-color-count" 25
 "c-express-count" 25
 "d-color-count" 28
 "d-express-count" 27
 "cell-count" 56
 15 -2 -2 33
 15 4 -1 96
 15 -4 0 262
 15 -2 0 314
 15 -3 -1 314
 15 0 0 246
 15 3 1 202
 15 -2 -3 107
 15 -3 1 229
 15 -1 1 323
 15 -1 -1 237
 15 -1 2 270
 15 3 -1 52
 15 -1 0 347
 15 -2 2 321
 15 0 1 69
 15 -3 -2 83
 15 -3 0 187
 15 -2 1 282
 15 1 4 244
 15 3 2 76
 15 4 0 241
 15 3 0 15
 15 -3 3 243
 15 0 2 338
 15 -2 3 321
 15 4 1 135
 15 -2 -1 229
 5 3 -2 231
 55 2 1 229
 55 0 -1 266
 55 1 -2 232
 55 1 -1 41
 55 2 3 142
 55 0 -4 164
 55 -1 4 337
 55 1 1 85
 55 2 0 13
 55 -4 1 161
 55 -1 3 37
 55 1 3 41
 55 0 3 126
 5 3 -3 16
 55 0 -2 286
 55 2 2 110
 55 0 -3 194
 55 0 4 352
 55 -3 -3 86
 55 1 2 64
 55 -1 -3 117
 55 -4 -1 338
 55 1 -3 89
 55 2 -1 267
 55 -3 2 321
 5 2 -2 213
 55 1 0 268
 "contig-ratio-green-core" 0.6666666666666666
 "contig-ratio-red-core" 0.7142857142857143
 "a-count" 0
 "b-count" 3
 "c-color-count" 25
 "c-express-count" 25
 "d-color-count" 28
 "d-express-count" 28
 "cell-count" 56
 15 1 0 292
 15 1 -1 73
 15 0 2 261
 15 1 2 242
 15 -1 1 139
 15 0 1 340
 15 1 3 230
 15 -1 2 83
 15 1 1 45
 15 -2 -1 242
 15 0 0 210
 15 -1 3 187
 15 -2 2 268
 15 -4 1 244
 15 2 -2 271
 15 0 -1 238
 15 -1 0 182
 15 -3 -2 50
 15 -3 -1 112
 15 -2 0 206
 15 2 2 174
 15 -2 1 155
 15 2 0 24
 15 -2 3 119
 15 0 -4 342
 15 2 1 171
 15 1 -4 185
 15 2 -1 219
 55 -3 1 175
 5 1 -3 172
 55 3 1 98
 55 0 -3 144
 5 2 -3 86
 55 4 -1 222
 55 0 -2 35
 55 -1 -3 8
 55 -4 -1 346
 55 -1 -2 329
 55 -2 -2 337
 55 -3 -4 271
 55 3 2 48
 55 -3 0 13
 55 -1 4 258
 55 -1 5 355
 55 3 0 260
 55 -2 -3 82
 55 -4 0 16
 55 -2 4 203
 55 -4 -3 16
 55 -3 -3 139
 5 3 -3 273
 55 4 1 55
 55 4 0 338
 55 3 -1 160
 55 -3 2 57
 55 1 -2 218
 "contig-ratio-green-core" 0.6666666666666666
 "contig-ratio-red-core" 0.75
 "a-count" 0
 "b-count" 4
 "c-color-count" 24
 "c-express-count" 24
 "d-color-count" 28
 "d-express-count" 28
 "cell-count" 56
 15 -2 -2 3
 15 0 0 242
 15 -2 3 323
 15 -2 -3 291
 15 0 0 302
 15 1 3 281
 15 2 3 63
 15 -1 3 263
 15 1 -1 40
 15 0 2 169
 15 0 -1 176
 15 0 3 38
 15 -1 0 339
 15 1 0 340
 15 -4 -1 165
 15 4 0 20
 15 0 1 53
 15 0 -2 168
 15 -1 -2 102
 15 -3 -2 325
 15 4 -1 184
 15 -1 -1 50
 15 1 0 174
 15 1 2 343
 15 -3 3 107
 15 4 1 93
 15 1 1 5
 15 -4 0 129
 55 1 -2 72
 5 -2 2 86
 55 2 -2 115
 55 2 0 278
 55 -3 1 131
 55 -4 1 103
 55 3 3 327
 55 -3 -1 41
 55 -2 -1 37
 55 -1 1 144
 55 -2 1 92
 55 1 -3 265
 55 3 1 266
 55 2 1 54
 55 0 -4 309
 55 -2 0 293
 55 -1 -4 54
 55 0 -3 349
 55 -3 2 7
 5 1 -4 292
 55 -3 0 27
 5 -1 2 238
 5 -1 4 11
 55 3 0 185
 55 3 -1 292
 55 2 -1 257
 55 3 2 74
 55 2 -3 164
 "contig-ratio-green-core" 0.85
 "contig-ratio-red-core" 0.6818181818181818
