 "a-count" 0
 "b-count" 6
 "c-color-count" 22
 "c-express-count" 22
 "d-color-count" 28
 "d-express-count" 28
 "cell-count" 56
 15 0 -2 8
 15 3 0 256
 15 1 -1 7
 15 2 0 254
 15 1 -3 225
 15 3 1 344
 15 1 -2 77
 15 1 -4 75
 15 -1 2 32
 15 -2 2 269
 15 3 -3 296
 15 -4 1 116
 15 -1 -3 348
 15 2 -2 275
 15 2 1 111
 15 -1 4 101
 15 -3 0 240
 15 4 1 211
 15 2 -1 285
 15 -3 3 138
 15 -1 3 316
 15 0 -3 209
 15 3 2 288
 15 0 2 16
 15 0 3 136
 15 -2 1 10
 15 -1 -2 2
 15 -3 1 65
 55 2 2 230
 55 -2 3 211
 55 -3 -3 36
 55 3 -1 304
 5 -3 -1 339
 5 4 -1 283
 5 1 4 34
 55 -3 -2 6
 55 -1 0 196
 55 -2 -3 144
 55 -1 -1 7
 55 2 -3 286
 55 -1 -4 202
 5 -2 -1 321
 5 -3 2 330
 55 1 0 71
 55 0 -4 257
 55 1 3 157
 5 0 4 165
 55 0 0 17
 55 1 2 330
 55 -1 1 295
 55 3 -2 41
 55 0 -1 263
 55 1 1 246
 55 -2 0 23
 55 0 1 224
 55 2 3 136
 "contig-ratio-green-core" 1.0588235294117647
 "contig-ratio-red-core" 0.7083333333333334
 "a-count" 0
 "b-count" 5
 "c-color-count" 23
 "c-express-count" 23
 "d-color-count" 28
 "d-express-count" 28
 "cell-count" 56
 15 -2 0 67
 15 2 2 52
 15 0 -2 283
 15 1 1 275
 15 2 0 209
 15 -1 -2 267
 15 1 0 90
 15 2 1 305
 15 1 4 87
 15 2 2 304
 15 0 1 271
 15 1 2 101
 15 0 -1 107
 15 -1 -1 5
 15 -3 -2 283
 15 -3 -1 217
 15 0 0 320
 15 3 0 69
 15 1 2 112
 15 3 1 270
 15 -2 -1 332
 15 1 -1 146
 15 -1 -3 312
 15 -2 -2 146
 15 1 3 168
 15 4 0 285
 15 3 3 35
 15 -1 0 210
 55 -1 4 168
 5 2 3 97
 55 -1 2 139
 55 0 3 238
 55 -2 1 180
 55 0 -3 52
 55 -3 1 114
 5 1 -2 310
 55 -1 1 276
 55 -2 2 132
 55 2 -2 133
 55 2 -4 213
 55 2 -3 125
 55 -2 -3 333
 55 4 -1 164
 55 0 -4 65
 55 4 1 357
 55 -4 1 32
 5 -3 -3 160
 55 -1 -4 62
 55 -4 0 60
 5 3 -1 66
 55 -1 -5 167
 55 -1 3 93
 55 -3 0 0
 5 3 2 183
 55 2 -1 49
 55 3 -2 196
 "contig-ratio-green-core" 0.55
 "contig-ratio-red-core" 0.5
