 "a-count" 3
 "b-count" 4
 "c-color-count" 24
 "c-express-count" 24
 "d-color-count" 25
 "d-express-count" 25
 "cell-count" 56
 15 -3 -1 324
 15 1 1 132
 15 -2 3 162
 15 2 2 280
 15 1 -2 348
 15 0 4 179
 15 -1 2 270
 15 0 3 283
 105 2 1 42
 15 -4 0 175
 15 -1 4 97
 15 -2 2 239
 15 -3 -2 54
 15 1 -3 237
 15 1 0 330
 15 -4 1 52
 15 2 -2 341
 15 1 -1 90
 15 -3 0 256
 15 2 -1 231
 15 3 0 138
 15 -1 3 250
 105 3 3 249
 15 3 1 174
 15 1 -4 16
 105 2 0 251
 15 3 2 107
 15 3 -1 315
 55 -2 1 248
 55 -4 -1 285
 55 1 4 243
 55 1 3 108
 55 0 0 324
 5 3 -3 177
 5 0 -4 58
 55 -2 -1 331
 55 -1 0 105
 55 1 5 57
 55 1 2 230
 55 0 -1 336
 55 -3 1 13
 55 -2 -2 9
 55 4 1 131
 5 4 -1 209
 55 0 1 116
 55 -1 -3 303
 55 -1 -1 351
 55 -1 -2 322
 5 -2 -3 321
 55 2 -3 246
 55 0 2 157
 55 4 0 154
 55 -3 2 254
 55 -2 0 259
 55 0 -2 283
 55 -1 1 295
 "contig-ratio-green-core" 0.8823529411764706
 "contig-ratio-red-core" 0.8571428571428571
 "a-count" 0
 "b-count" 6
 "c-color-count" 22
 "c-express-count" 22
 "d-color-count" 28
 "d-express-count" 28
 "cell-count" 56
 15 4 1 76
 15 -2 1 209
 15 2 1 292
 15 -4 -1 265
 15 -3 -1 341
 15 -3 0 103
 15 -1 1 311
 15 -1 -1 63
 15 -2 0 332
 15 0 0 294
 15 -4 0 128
 15 1 0 323
 15 3 0 252
 15 2 0 345
 15 3 1 242
 15 2 -3 3
 15 -3 2 192
 15 -2 2 224
 15 3 -3 113
 15 4 2 260
 15 -1 0 303
 15 -1 -4 123
 15 0 1 52
 15 0 -4 312
 15 1 1 302
 15 -3 1 217
 15 4 0 263
 15 -2 -1 66
 55 1 3 60
 55 1 4 128
 5 4 -1 359
 55 3 3 281
 55 -4 2 97
 5 1 2 35
 55 3 2 39
 55 -2 -2 342
 55 -1 3 81
 5 -1 2 250
 55 1 -4 61
 5 3 -2 152
 55 3 -1 137
 5 2 -2 95
 55 -2 -3 21
 55 1 -3 309
 55 -1 -2 231
 55 0 -1 250
 5 1 -1 173
 55 0 -3 313
 55 2 -1 318
 55 -1 4 118
 55 -1 -3 208
 55 0 3 165
 55 0 -2 18
 55 1 -2 97
 55 -4 1 58
 55 0 4 335
 "contig-ratio-green-core" 0.65
 "contig-ratio-red-core" 0.5
 "a-count" 0
 "b-count" 5
 "c-color-count" 23
 "c-express-count" 23
 "d-color-count" 28
 "d-express-count" 28
 "cell-count" 56
 15 3 -1 174
 15 -2 2 263
 15 2 0 120
 15 -2 -1 167
 15 2 1 224
 15 -3 1 40
 15 3 -3 12
 15 -3 0 58
 15 0 3 284
 15 -3 2 118
 15 -1 -3 274
 15 1 3 356
 15 -1 -1 55
 15 -1 2 228
 15 1 2 213
 15 -2 1 147
 15 3 2 340
 15 -4 0 295
 15 -2 0 277
 15 0 -3 60
 15 -3 -1 298
 15 3 -2 79
 15 1 1 193
 15 0 2 81
 15 0 -1 265
 15 0 -2 71
 15 -1 -2 301
 15 -4 -1 326
 55 0 4 98
 55 -1 4 126
 55 0 0 278
 55 1 4 80
 55 2 -1 14
 55 2 3 332
 5 2 -3 38
 55 3 4 72
 55 -2 -3 19
 55 1 -1 118
 55 2 4 240
 55 4 1 347
 5 3 3 162
 55 2 2 104
 55 4 0 186
 55 -2 3 2
 55 1 -2 78
 5 -1 -4 318
 55 -3 -3 11
 55 -4 1 236
 55 -2 4 74
 5 -1 3 211
 55 0 1 166
 55 1 -3 256
 55 -1 1 243
 55 3 1 226
 55 -1 0 350
 5 0 -4 356
 "contig-ratio-green-core" 0.8421052631578947
 "contig-ratio-red-core" 0.6666666666666666
 "a-count" 1
 "b-count" 5
 "c-color-count" 23
 "c-express-count" 23
 "d-color-count" 27
 "d-express-count" 27
 "cell-count" 56
 15 -4 0 65
 15 1 3 108
 15 3 0 56
 15 2 -1 11
 15 -3 -3 177
 15 -1 -4 296
 15 0 -2 218
 15 -3 0 327
 15 -3 2 343
 15 4 1 194
 15 -4 1 309
 15 0 -3 149
 15 -2 2 226
 15 -4 2 36
 15 1 -2 254
 15 1 -3 61
 15 4 -1 236
 15 2 3 200
 15 2 0 90
 15 2 -2 110
 15 0 -4 119
 15 4 0 267
 15 1 4 329
 105 3 1 3
 15 1 -1 202
 15 1 0 20
 15 -3 1 99
 15 -2 1 0
 55 -1 2 307
 55 -1 1 344
 5 -2 3 208
 55 -2 -2 54
 55 -3 -1 302
 55 0 0 324
 55 0 3 315
 5 0 2 60
 55 0 -1 211
 5 -2 -3 355
 55 3 -2 276
 55 -2 -1 219
 55 -1 3 51
 5 -4 -1 67
 55 3 2 290
 55 -1 0 325
 55 1 2 187
 55 -1 4 191
 55 0 1 284
 5 1 -4 199
 55 0 4 181
 55 2 1 159
 55 3 -1 307
 55 2 2 14
 55 -1 -1 303
 55 -2 0 352
 55 -1 -2 154
 55 1 1 19
 "contig-ratio-green-core" 0.8235294117647058
 "contig-ratio-red-core" 0.625
