 "a-count" 0
 "b-count" 3
 "c-color-count" 25
 "c-express-count" 25
 "d-color-count" 28
 "d-express-count" 28
 "cell-count" 56
 15 -1 0 101
 15 0 -4 229
 15 -1 1 77
 15 4 0 158
 15 0 4 16
 15 0 0 268
 15 2 -2 212
 15 -1 -3 316
 15 -2 1 197
 15 0 -2 229
 15 2 0 149
 15 3 3 270
 15 0 -3 327
 15 3 -2 306
 15 1 -1 77
 15 1 4 220
 15 -1 -1 298
 15 1 -2 213
 15 0 -1 315
 15 3 -1 109
 15 2 -1 184
 15 1 0 289
 15 -1 -2 299
 15 3 0 209
 15 -2 0 252
 15 -2 -3 19
 15 -2 -2 339
 15 1 -3 339
 55 -3 -2 232
 55 2 1 162
 5 -3 3 42
 55 2 -3 189
 55 -3 -3 40
 55 1 2 329
 55 -3 -1 209
 55 -3 0 170
 55 -4 1 28
 55 -3 2 49
 55 0 3 317
 55 -4 0 191
 55 -3 1 226
 55 -1 -4 251
 55 3 2 126
 55 1 3 269
 55 3 1 237
 55 2 3 154
 5 -2 3 227
 55 0 1 184
 55 3 -3 337
 5 -1 4 67
 55 2 2 236
 55 -1 2 69
 55 -4 -1 112
 55 -2 2 286
 55 1 1 0
 55 0 2 205
 "contig-ratio-green-core" 0.7368421052631579
 "contig-ratio-red-core" 0.7894736842105263
 "a-count" 0
 "b-count" 6
 "c-color-count" 22
 "c-express-count" 22
 "d-color-count" 28
 "d-express-count" 28
 "cell-count" 56
 15 -2 -1 294
 15 3 -3 180
 15 -4 0 191
 15 -2 2 349
 15 1 0 218
 15 1 -1 299
 15 -1 4 183
 15 0 1 24
 15 -1 -3 83
 15 0 0 275
 15 1 -2 171
 15 -1 2 161
 15 0 -1 191
 15 -2 -2 345
 15 -1 3 144
 15 -4 -1 312
 15 0 -3 332
 15 -3 -1 269
 15 2 -1 42
 15 0 -2 245
 15 -2 3 235
 15 -1 -2 306
 15 0 -4 17
 15 -1 -1 10
 15 2 0 184
 15 1 1 91
 15 0 2 305
 15 2 1 85
 55 3 2 219
 55 3 -1 30
 55 2 -2 61
 5 -3 0 78
 5 2 2 156
 5 4 1 328
 55 1 -3 144
 55 -2 1 17
 55 -3 3 142
 55 -1 -4 91
 55 3 0 334
 55 0 4 2
 55 4 -1 289
 5 -5 -1 165
 55 -3 2 226
 55 1 2 343
 55 3 1 153
 55 0 3 302
 55 -2 0 257
 55 1 3 159
 5 4 0 257
 55 -1 0 100
 55 -2 -3 190
 5 2 3 334
 55 -1 1 233
 55 2 -3 162
 55 -3 -3 341
 55 1 4 43
 "contig-ratio-green-core" 0.95
 "contig-ratio-red-core" 0.7619047619047619
 "a-count" 3
 "b-count" 5
 "c-color-count" 23
 "c-express-count" 23
 "d-color-count" 25
 "d-express-count" 25
 "cell-count" 56
 15 0 0 228
 15 1 -4 256
 15 -1 1 293
 15 1 2 71
 15 2 2 291
 15 2 -1 214
 15 2 -2 274
 15 2 3 107
 15 0 3 44
 15 -4 1 191
 15 0 2 3
 15 0 4 107
 15 1 -2 290
 15 1 -3 351
 15 -1 2 327
 15 3 0 199
 15 -4 2 89
 15 1 0 34
 15 3 -1 143
 15 -1 -4 276
 15 1 -1 166
 15 2 1 64
 15 2 0 255
 15 0 -4 31
 15 1 3 52
 105 1 1 148
 105 0 1 217
 105 1 4 138
 55 -4 0 0
 55 -1 3 126
 55 -3 3 104
 5 -3 -2 170
 5 -3 -3 78
 55 -2 4 188
 55 3 2 206
 55 -3 2 195
 55 -3 0 28
 55 -1 0 162
 55 0 -3 274
 55 -2 -1 236
 55 3 1 84
 55 -1 4 287
 55 -1 -2 231
 5 -2 -3 52
 55 0 -1 351
 55 -2 0 298
 5 4 -1 220
 55 0 -2 58
 55 4 1 175
 55 -2 2 337
 55 -2 -2 298
 5 2 -3 51
 55 -1 -3 265
 55 4 0 66
 55 -3 1 114
 55 -1 -1 94
 "contig-ratio-green-core" 0.8333333333333334
 "contig-ratio-red-core" 0.7647058823529411
 "a-count" 1
 "b-count" 2
 "c-color-count" 26
 "c-express-count" 26
 "d-color-count" 27
 "d-express-count" 27
 "cell-count" 56
 15 1 3 193
 15 -3 -2 262
 15 -4 0 68
 15 3 -1 237
 15 -2 3 356
 15 0 3 161
 15 4 0 43
 15 0 2 104
 15 -4 1 349
 15 -2 -2 337
 15 -1 -1 274
 105 -3 -3 273
 15 1 2 315
 15 2 0 16
 15 -1 2 262
 15 -1 -3 334
 15 -1 -2 77
 15 3 0 108
 15 -4 -1 82
 15 1 -2 48
 15 0 -1 333
 15 0 -2 306
 15 2 -1 31
 15 1 -3 276
 15 0 -3 173
 15 3 1 289
 15 -1 3 314
 15 1 -1 354
 55 4 -1 39
 55 -1 4 74
 55 1 -4 257
 55 -2 2 132
 55 5 -1 169
 55 1 0 41
 55 2 1 97
 55 3 -3 38
 55 -2 -3 164
 55 -2 -1 199
 55 -2 0 178
 55 1 1 308
 55 0 1 282
 55 2 2 174
 55 -3 -1 105
 55 -3 1 1
 55 -1 1 282
 5 2 3 41
 55 3 -2 281
 55 2 -3 221
 55 -1 -4 188
 55 1 4 151
 55 0 4 111
 55 0 -4 231
 55 -3 0 8
 55 3 2 313
 5 -1 0 58
 55 -2 1 9
 "contig-ratio-green-core" 0.9
 "contig-ratio-red-core" 0.9545454545454546
