 "a-count" 0
 "b-count" 18
 "c-color-count" 10
 "c-express-count" 10
 "d-color-count" 28
 "d-express-count" 28
 "cell-count" 56
 15 1 -1 70
 15 -2 -1 223
 15 1 0 18
 15 2 -2 105
 15 2 2 215
 15 2 0 70
 15 0 0 35
 15 1 1 66
 15 1 -2 347
 15 0 -2 120
 15 5 1 79
 15 3 1 6
 15 -1 -2 233
 15 4 1 358
 15 -2 4 283
 15 -2 3 46
 15 3 0 78
 15 -1 4 92
 15 1 2 99
 15 -1 -1 59
 15 1 -3 236
 15 0 -1 267
 15 0 2 340
 15 0 -3 160
 15 2 -1 9
 15 0 1 102
 15 -1 0 235
 15 2 1 225
 5 -3 -1 92
 5 -3 3 352
 55 -2 0 129
 5 2 -3 137
 55 1 -5 9
 55 1 -4 258
 5 3 -2 49
 5 3 3 234
 5 1 4 66
 5 -2 -2 134
 5 -3 2 135
 55 -1 3 316
 55 3 2 330
 5 -4 0 315
 55 0 3 116
 55 -2 2 36
 5 -3 0 355
 5 -3 -2 62
 55 -2 1 245
 5 0 -4 236
 55 -1 1 93
 5 0 4 326
 5 1 3 93
 5 -3 -3 321
 5 -1 -3 20
 5 -4 1 259
 5 -3 1 172
 55 -1 2 141
 "contig-ratio-green-core" 1
 "contig-ratio-red-core" 0.47058823529411764
 "a-count" 0
 "b-count" 19
 "c-color-count" 9
 "c-express-count" 9
 "d-color-count" 28
 "d-express-count" 28
 "cell-count" 56
 15 0 1 184
 15 2 -1 211
 15 1 -2 13
 15 2 2 287
 15 -1 4 70
 15 0 -2 27
 15 1 3 297
 15 4 -1 18
 15 0 0 332
 15 1 2 218
 15 -2 -3 307
 15 -1 0 350
 15 3 2 332
 15 0 3 80
 15 2 1 83
 15 1 -1 13
 15 0 4 349
 15 1 1 196
 15 2 0 17
 15 1 0 111
 15 0 -1 4
 15 -1 -1 56
 15 1 -4 65
 15 -2 -2 271
 15 0 2 10
 15 -2 -1 119
 15 -1 -2 227
 15 3 1 193
 5 3 0 272
 55 2 3 285
 55 -1 1 303
 55 -2 1 237
 5 -3 -1 322
 5 -2 2 196
 5 3 3 229
 5 0 -4 7
 5 -1 -4 6
 5 -3 2 330
 55 1 4 284
 55 -3 1 253
 55 -1 -3 289
 5 2 -2 102
 5 2 -3 168
 5 -2 0 263
 5 -2 3 319
 5 3 -3 172
 5 -3 -3 287
 5 4 1 150
 5 -3 -2 54
 5 -3 0 350
 55 3 -1 203
 55 0 -3 207
 5 3 -2 199
 55 4 0 55
 5 -1 2 10
 5 1 -3 208
 "contig-ratio-green-core" 1.3333333333333333
 "contig-ratio-red-core" 0.3333333333333333
 "a-count" 0
 "b-count" 17
 "c-color-count" 11
 "c-express-count" 11
 "d-color-count" 28
 "d-express-count" 28
 "cell-count" 56
 15 -2 -1 304
 15 -4 0 137
 15 -1 0 233
 15 0 3 306
 15 -3 0 303
 15 -3 1 281
 15 0 2 129
 15 3 1 24
 15 2 2 140
 15 -2 2 237
 15 1 -4 99
 15 -2 1 123
 15 -2 0 285
 15 0 4 288
 15 1 -5 77
 15 3 2 280
 15 2 1 300
 15 -3 2 226
 15 1 4 148
 15 1 2 178
 15 -1 1 31
 15 -3 -1 104
 15 4 0 28
 15 4 1 165
 15 -4 -1 175
 15 2 -4 91
 15 -3 -3 69
 15 -1 2 159
 55 -1 -1 160
 55 0 -2 161
 55 -2 4 347
 5 1 -3 161
 55 0 -1 275
 5 1 1 162
 55 0 0 137
 5 -1 -4 114
 55 -1 -2 38
 5 3 3 171
 5 2 0 355
 5 3 -2 10
 55 1 0 26
 55 0 -3 316
 5 -2 -3 349
 5 -4 1 266
 5 -2 3 256
 5 -1 -3 186
 5 -3 -2 127
 55 0 1 53
 5 2 3 282
 5 2 -3 168
 5 1 -2 141
 55 -2 -2 227
 5 2 -1 233
 5 1 -1 313
 55 -1 4 109
 5 3 0 241
 "contig-ratio-green-core" 0.7142857142857143
 "contig-ratio-red-core" 0.22727272727272727
