 "a-count" 0
 "b-count" 16
 "c-color-count" 12
 "c-express-count" 12
 "d-color-count" 28
 "d-express-count" 28
 "cell-count" 56
 15 -1 -3 298
 15 0 -1 107
 15 -2 -1 179
 15 0 3 0
 15 0 1 109
 15 -1 2 168
 15 0 -3 93
 15 1 0 97
 15 3 2 169
 15 1 2 115
 15 -1 -1 142
 15 3 1 335
 15 2 1 314
 15 0 0 209
 15 0 2 314
 15 -1 3 329
 15 1 3 115
 15 -2 0 231
 15 -1 0 87
 15 1 1 246
 15 -2 1 111
 15 -3 2 241
 15 -2 2 295
 15 2 3 189
 15 -1 -2 190
 15 -1 1 174
 15 2 2 241
 15 0 -2 12
 5 -3 -1 355
 5 0 4 100
 5 -3 1 328
 55 -4 -1 166
 5 -3 3 63
 55 -3 0 218
 5 1 -2 215
 55 -4 0 293
 5 -1 4 273
 55 4 0 142
 5 2 -2 285
 5 1 4 355
 5 -2 -3 53
 55 3 0 85
 55 3 -2 106
 5 -2 -2 307
 5 1 -3 182
 55 -4 1 99
 5 -1 -4 152
 5 1 -1 88
 55 3 -1 113
 5 3 -3 48
 5 -3 -3 59
 55 3 3 185
 5 -3 -2 151
 55 2 0 86
 55 2 -1 45
 55 4 -1 154
 "contig-ratio-green-core" 0.4444444444444444
 "contig-ratio-red-core" 0.2222222222222222
 "a-count" 0
 "b-count" 15
 "c-color-count" 13
 "c-express-count" 13
 "d-color-count" 28
 "d-express-count" 28
 "cell-count" 56
 15 3 -1 34
 15 -3 0 228
 15 3 2 205
 15 3 0 124
 15 2 1 112
 15 -2 0 172
 15 1 2 242
 15 -1 2 250
 15 1 1 356
 15 4 1 26
 15 1 -4 54
 15 -4 2 261
 15 -1 3 7
 15 0 1 110
 15 -3 -1 172
 15 1 -3 259
 15 2 0 208
 15 2 -1 39
 15 3 1 318
 15 -4 0 58
 15 1 -2 64
 15 -4 1 76
 15 -1 1 242
 15 2 2 65
 15 -2 -1 335
 15 0 3 312
 15 0 2 89
 15 -4 -1 65
 5 0 -3 191
 55 -2 -3 110
 55 0 -1 265
 5 -2 1 188
 55 -3 3 26
 55 1 -1 256
 55 1 4 102
 55 -1 -2 181
 5 0 -2 201
 55 1 5 308
 5 2 -2 331
 55 3 -3 59
 5 -1 4 274
 5 1 0 328
 55 -3 2 175
 5 -2 2 36
 55 0 0 339
 5 4 -1 146
 5 4 0 151
 5 -3 -3 30
 5 2 -3 324
 5 -1 -1 89
 5 0 -4 215
 55 0 4 210
 55 3 -2 9
 5 -2 3 279
 55 -2 -2 312
 5 -1 0 39
 "contig-ratio-green-core" 0.5454545454545454
 "contig-ratio-red-core" 0.2608695652173913
 "a-count" 0
 "b-count" 18
 "c-color-count" 10
 "c-express-count" 10
 "d-color-count" 28
 "d-express-count" 28
 "cell-count" 56
 15 3 0 124
 15 1 -3 343
 15 3 1 16
 15 1 -1 72
 15 2 2 155
 15 1 -2 177
 15 0 -2 328
 15 -1 0 175
 15 2 -1 28
 15 0 -1 176
 15 0 0 160
 15 -2 -2 157
 15 3 -1 192
 15 1 3 199
 15 1 1 17
 15 4 -1 330
 15 0 -3 107
 15 2 1 309
 15 2 1 310
 15 -1 -1 190
 15 -1 -3 152
 15 4 0 143
 15 2 0 37
 15 1 0 165
 15 2 3 43
 15 -1 -2 216
 15 -3 -2 271
 15 1 2 287
 5 -2 2 344
 55 1 -4 203
 55 -2 1 19
 5 -3 1 16
 55 2 -3 291
 55 0 -4 318
 55 -1 2 274
 5 -3 -1 224
 5 3 3 252
 5 -4 0 55
 5 4 1 152
 55 -1 1 272
 5 3 2 53
 55 0 2 191
 55 0 3 318
 5 -2 -3 289
 5 -4 1 283
 5 -3 -3 350
 55 2 -2 181
 5 -3 0 91
 5 -2 -1 215
 5 3 -3 345
 5 -2 3 23
 55 -1 -4 287
 5 -3 2 13
 5 0 1 254
 5 3 -2 323
 5 -3 3 153
 "contig-ratio-green-core" 0.7777777777777778
 "contig-ratio-red-core" 0.4444444444444444
 "a-count" 0
 "b-count" 15
 "c-color-count" 13
 "c-express-count" 13
 "d-color-count" 28
 "d-express-count" 28
 "cell-count" 56
 15 1 -2 344
 15 -1 1 16
 15 2 0 277
 15 -2 2 203
 15 -2 1 66
 15 3 1 238
 15 -1 -2 281
 15 -2 -2 174
 15 -3 2 258
 15 0 -3 314
 15 -3 3 125
 15 2 1 137
 15 1 4 299
 15 -1 -3 81
 15 -2 0 263
 15 -4 1 211
 15 -3 1 116
 15 2 -1 193
 15 0 -2 18
 15 -3 0 29
 15 1 -1 168
 15 3 0 135
 15 -4 2 283
 15 -4 -1 82
 15 -4 0 89
 15 -3 -1 127
 15 -2 -1 70
 15 4 0 218
 5 2 -2 140
 5 -1 3 164
 55 1 2 82
 55 0 -1 215
 5 -3 -2 254
 5 3 2 217
 5 1 -3 148
 55 -1 4 301
 55 0 -4 175
 55 1 0 287
 5 4 -1 147
 5 3 -2 130
 5 -3 -3 354
 5 1 -4 256
 55 0 4 353
 55 0 0 114
 5 -2 3 152
 55 -1 -1 75
 55 0 2 99
 5 2 2 359
 55 -1 0 184
 5 3 -3 203
 5 -2 -3 278
 55 0 3 35
 55 1 1 98
 55 1 3 149
 5 2 3 304
 5 0 1 82
 "contig-ratio-green-core" 1
 "contig-ratio-red-core" 0.2608695652173913
