 "a-count" 0
 "b-count" 18
 "c-color-count" 10
 "c-express-count" 10
 "d-color-count" 28
 "d-express-count" 28
 "cell-count" 56
 15 0 0 227
 15 1 0 185
 15 -1 4 352
 15 3 0 171
 15 1 1 78
 15 2 1 28
 15 -4 0 112
 15 -1 1 81
 15 -1 2 33
 15 1 1 232
 15 0 1 273
 15 -1 -1 206
 15 4 1 58
 15 4 0 332
 15 2 1 86
 15 5 1 296
 15 0 2 146
 15 3 1 49
 15 0 3 327
 15 2 0 316
 15 -5 1 241
 15 -1 0 38
 15 3 -1 356
 15 -5 0 266
 15 0 -1 197
 15 -1 3 318
 15 -2 1 143
 15 0 1 314
 5 -4 1 139
 55 3 2 220
 55 1 3 140
 5 -3 -2 352
 55 1 2 196
 55 1 -2 215
 5 2 -1 267
 5 1 -1 3
 5 -3 -1 85
 55 0 -3 330
 5 0 -4 163
 5 -2 3 65
 55 0 -2 164
 5 -2 -3 169
 5 -1 -2 157
 5 -3 0 116
 5 -2 2 200
 55 1 -3 108
 55 2 -3 273
 5 -1 -3 230
 55 2 2 138
 5 -3 2 198
 5 4 -1 118
 55 1 4 131
 5 -3 1 250
 5 -2 -1 6
 5 2 -2 204
 5 3 -2 51
 "contig-ratio-green-core" 0.8333333333333334
 "contig-ratio-red-core" 0.21739130434782608
 "a-count" 0
 "b-count" 11
 "c-color-count" 17
 "c-express-count" 17
 "d-color-count" 28
 "d-express-count" 28
 "cell-count" 56
 15 4 1 328
 15 -4 1 46
 15 -3 0 63
 15 -3 -1 339
 15 -4 0 241
 15 1 0 108
 15 2 -1 268
 15 -3 1 87
 15 -2 -1 353
 15 0 4 116
 15 2 -2 281
 15 2 1 94
 15 3 1 36
 15 -4 -1 132
 15 1 -3 122
 15 -4 -2 41
 15 1 -1 295
 15 -1 4 6
 15 0 -2 16
 15 -1 -2 134
 15 1 -2 284
 15 0 0 300
 15 0 -3 79
 15 -3 2 14
 15 -1 -1 81
 15 0 -1 138
 15 2 0 355
 15 3 2 259
 5 0 -4 68
 55 2 -3 139
 55 -3 -3 311
 55 -1 3 61
 55 -1 2 67
 5 -2 0 285
 5 2 2 269
 55 0 2 327
 55 -4 -3 41
 5 -2 -2 32
 55 3 -3 87
 5 -1 1 254
 55 0 3 108
 55 -1 -3 27
 5 -2 3 240
 5 2 3 148
 55 3 -2 106
 55 0 1 347
 55 1 1 245
 55 1 3 127
 5 -3 3 64
 5 -2 2 178
 5 3 0 155
 5 -1 0 332
 55 1 2 86
 55 -2 1 298
 55 -2 -3 12
 55 -3 -2 285
 "contig-ratio-green-core" 0.8571428571428571
 "contig-ratio-red-core" 0.43478260869565216
 "a-count" 0
 "b-count" 13
 "c-color-count" 15
 "c-express-count" 15
 "d-color-count" 28
 "d-express-count" 28
 "cell-count" 56
 15 1 1 180
 15 1 0 3
 15 -2 3 299
 15 -1 -1 40
 15 0 0 177
 15 -4 -1 181
 15 -1 4 238
 15 -4 2 116
 15 4 1 43
 15 0 4 155
 15 -1 -2 12
 15 2 2 204
 15 -4 0 255
 15 1 2 302
 15 4 -1 232
 15 -3 2 316
 15 -1 0 4
 15 -1 -3 219
 15 0 -1 78
 15 4 0 303
 15 0 3 308
 15 -4 1 267
 15 0 -3 310
 15 0 -2 121
 15 -1 3 148
 15 3 1 107
 15 1 -1 353
 15 2 1 248
 5 3 3 86
 5 3 2 310
 55 2 3 154
 5 -2 -3 315
 55 -1 2 275
 55 -1 1 205
 55 1 -2 30
 5 2 -2 208
 55 3 -1 170
 5 2 -3 26
 55 2 0 165
 55 3 0 0
 55 -3 -1 198
 5 1 4 166
 5 -2 -1 237
 55 -2 1 90
 55 -3 -2 51
 5 -2 -2 185
 5 0 2 271
 55 1 -3 30
 5 1 -4 22
 55 -3 1 22
 55 1 3 349
 5 -3 -3 250
 5 0 -4 255
 55 2 -1 227
 5 0 1 16
 55 -2 0 260
 "contig-ratio-green-core" 1.1538461538461537
 "contig-ratio-red-core" 0.5217391304347826
