 "a-count" 0
 "b-count" 17
 "c-color-count" 11
 "c-express-count" 11
 "d-color-count" 28
 "d-express-count" 28
 "cell-count" 56
 15 3 1 343
 15 -2 3 352
 15 4 1 17
 15 0 2 203
 15 -4 3 2
 15 2 1 286
 15 1 0 229
 15 -3 2 298
 15 1 4 31
 15 0 1 97
 15 0 -3 155
 15 1 -3 254
 15 -2 -2 52
 15 1 3 140
 15 3 2 73
 15 3 1 159
 15 2 0 200
 15 2 2 79
 15 0 -2 247
 15 1 1 45
 15 -1 -3 303
 15 -1 -1 155
 15 3 0 247
 15 -1 4 112
 15 1 2 91
 15 -1 -2 326
 15 -3 3 68
 15 1 -4 119
 55 2 -1 122
 5 -3 -2 315
 5 -2 -3 45
 5 -4 -1 116
 55 -2 0 92
 55 -4 0 270
 55 -1 0 192
 55 3 -2 153
 55 -3 0 65
 5 2 3 213
 55 4 -1 330
 55 -3 -1 183
 5 2 -2 110
 5 -2 -1 90
 5 2 -3 32
 5 3 3 70
 5 -2 2 195
 5 1 -2 233
 5 -1 2 331
 55 0 0 295
 5 0 3 232
 5 -2 1 105
 5 3 -3 231
 5 -4 1 300
 55 0 -1 63
 5 -1 1 101
 5 4 0 42
 55 3 -1 1
 "contig-ratio-green-core" 0.6666666666666666
 "contig-ratio-red-core" 0.25
 "a-count" 0
 "b-count" 19
 "c-color-count" 9
 "c-express-count" 9
 "d-color-count" 28
 "d-express-count" 28
 "cell-count" 56
 15 1 -3 261
 15 4 -1 85
 15 1 -3 341
 15 -1 -4 71
 15 1 -2 84
 15 0 -3 327
 15 2 1 317
 15 -2 -3 131
 15 -2 1 246
 15 -1 1 263
 15 1 0 47
 15 2 0 150
 15 1 -3 10
 15 -1 -1 190
 15 2 -1 299
 15 0 -3 147
 15 0 -1 38
 15 0 -2 268
 15 -1 -3 39
 15 0 -2 17
 15 -1 2 38
 15 2 -2 302
 15 -2 0 332
 15 0 0 291
 15 1 -1 204
 15 -1 0 2
 15 -1 -2 92
 15 -1 -1 21
 5 2 -3 46
 5 -2 2 354
 55 -4 0 65
 5 1 1 229
 5 -3 -1 33
 5 1 -4 338
 5 2 2 7
 55 2 -4 275
 5 -3 0 23
 5 -2 -1 93
 55 3 -3 167
 5 0 4 140
 5 -1 -5 182
 55 3 0 101
 55 -4 1 7
 55 0 2 287
 5 -3 -3 83
 5 3 -2 105
 5 0 -4 185
 55 4 0 115
 5 3 -1 188
 5 1 2 250
 5 0 3 296
 55 -2 3 291
 5 -4 -1 50
 5 -2 -2 325
 55 0 1 195
 5 -3 -2 203
 "contig-ratio-green-core" 0.5555555555555556
 "contig-ratio-red-core" 0.15
 "a-count" 0
 "b-count" 18
 "c-color-count" 10
 "c-express-count" 10
 "d-color-count" 28
 "d-express-count" 28
 "cell-count" 56
 15 0 3 208
 15 -2 -1 78
 15 -2 3 193
 15 -1 2 125
 15 -3 -3 88
 15 -2 2 294
 15 2 -4 60
 15 -2 -3 97
 15 3 1 227
 15 1 1 132
 15 -2 -2 170
 15 1 2 201
 15 -3 -1 320
 15 -3 -2 299
 15 -1 -3 214
 15 3 -4 0
 15 1 0 350
 15 1 3 137
 15 0 0 291
 15 0 2 266
 15 -1 3 358
 15 1 -4 280
 15 -1 1 145
 15 2 0 68
 15 2 2 179
 15 0 1 149
 15 1 -5 43
 15 2 1 160
 55 -1 -1 280
 55 3 -1 12
 55 1 -1 12
 5 -3 2 306
 55 -1 0 9
 5 -1 -4 346
 5 -3 1 215
 5 2 -3 8
 55 -2 0 341
 55 0 -1 11
 55 0 -3 0
 55 -1 -2 102
 5 -2 1 54
 5 1 4 163
 55 3 0 178
 5 2 3 153
 5 3 -2 136
 5 2 -1 238
 5 4 1 163
 55 -3 0 221
 5 4 0 356
 5 2 -2 357
 5 -1 4 112
 5 4 -1 350
 5 -4 0 49
 5 0 4 150
 5 1 -2 324
 5 -3 3 243
 "contig-ratio-green-core" 1.2857142857142858
 "contig-ratio-red-core" 0.42857142857142855
 "a-count" 0
 "b-count" 14
 "c-color-count" 14
 "c-express-count" 14
 "d-color-count" 28
 "d-express-count" 28
 "cell-count" 56
 15 -3 1 308
 15 0 1 141
 15 2 0 277
 15 0 2 233
 15 1 -2 297
 15 -2 3 282
 15 3 2 332
 15 -1 -2 264
 15 2 1 152
 15 0 -2 233
 15 1 2 230
 15 -2 2 186
 15 1 3 296
 15 0 -1 326
 15 1 0 276
 15 -1 1 120
 15 -1 2 109
 15 3 1 76
 15 2 2 213
 15 1 -1 247
 15 -1 -1 71
 15 -3 2 159
 15 -2 1 49
 15 2 -1 124
 15 0 0 136
 15 2 -2 149
 15 2 3 52
 15 -1 0 150
 55 -2 0 185
 55 1 -3 267
 5 4 -1 268
 5 -4 1 223
 55 1 -4 6
 5 1 4 45
 55 0 -3 206
 55 -1 4 28
 5 0 4 133
 5 3 -1 177
 55 2 -4 110
 5 0 3 114
 55 2 -3 12
 55 -3 -2 162
 55 -2 -2 231
 55 -1 -4 256
 5 -1 -3 229
 5 4 0 310
 5 3 -3 245
 5 -3 -3 210
 5 4 1 111
 5 -4 0 294
 5 3 -2 63
 55 -1 3 28
 5 3 3 127
 55 -3 -1 128
 55 -2 -1 336
 55 0 -4 214
 "contig-ratio-green-core" 0.6428571428571429
 "contig-ratio-red-core" 0.3181818181818182
