 "a-count" 9
 "b-count" 0
 "c-color-count" 28
 "c-express-count" 28
 "d-color-count" 19
 "d-express-count" 19
 "cell-count" 56
 105 4 1 100
 15 0 3 91
 15 2 -2 196
 15 3 -2 345
 105 -3 -2 293
 15 0 4 302
 105 -2 -2 310
 15 1 -3 323
 15 -1 3 106
 105 4 -1 352
 105 3 2 256
 15 -1 -2 0
 15 3 0 51
 15 -2 3 161
 15 3 3 214
 105 1 2 213
 15 3 -3 261
 15 -4 2 318
 15 2 3 212
 15 -1 -3 195
 15 4 0 183
 15 2 -3 264
 105 -3 -1 359
 15 3 -1 339
 105 -4 -1 259
 105 -2 -3 296
 15 0 -3 353
 15 2 2 27
 55 0 1 106
 55 -4 0 214
 55 -1 -1 350
 55 -1 1 104
 55 -4 1 304
 55 -2 0 35
 55 2 -1 216
 55 -3 1 163
 55 -2 -1 329
 55 -2 1 31
 55 1 -1 203
 55 1 0 78
 55 2 0 296
 55 0 0 153
 55 1 -2 195
 55 -2 2 245
 55 -1 4 340
 55 -5 0 141
 55 -1 2 98
 55 3 1 293
 55 0 -1 167
 55 -3 3 187
 55 1 1 140
 55 -3 0 310
 55 0 2 293
 55 0 -2 298
 55 2 1 188
 55 -3 2 53
 "contig-ratio-green-core" 0.55
 "contig-ratio-red-core" 0.7333333333333333
 "a-count" 9
 "b-count" 0
 "c-color-count" 28
 "c-express-count" 28
 "d-color-count" 20
 "d-express-count" 19
 "cell-count" 56
 15 -3 -3 93
 15 -1 -2 173
 105 -3 -1 142
 15 4 0 80
 15 -2 0 204
 15 0 -4 323
 15 -4 0 308
 105 -4 1 80
 15 1 -4 296
 15 -3 1 176
 15 -1 -3 7
 15 -1 -4 219
 105 3 -2 91
 15 3 3 289
 15 -2 1 68
 105 -3 -2 33
 105 0 -3 236
 15 4 -1 149
 15 4 1 292
 105 1 -2 131
 15 -3 2 78
 15 1 -3 275
 105 -2 3 16
 105 0 -2 304
 15 -2 -3 111
 15 -1 4 50
 15 -3 0 30
 15 0 4 247
 55 2 3 74
 55 0 2 326
 55 1 2 230
 55 -1 -1 103
 55 3 1 17
 55 -2 -2 147
 55 1 4 151
 55 -2 2 327
 55 1 0 157
 55 -1 0 31
 55 1 1 58
 55 -1 3 143
 55 -1 2 299
 55 2 0 101
 55 0 1 169
 55 3 0 119
 55 3 -1 78
 55 2 -2 306
 55 1 -1 317
 55 -2 -1 72
 55 -1 1 138
 55 2 -1 162
 55 1 3 108
 55 0 -1 319
 55 2 1 195
 55 0 0 161
 55 0 3 143
 55 2 2 1
 "contig-ratio-green-core" 0.6470588235294118
 "contig-ratio-red-core" 0.7857142857142857
