 "a-count" 8
 "b-count" 0
 "c-color-count" 28
 "c-express-count" 28
 "d-color-count" 20
 "d-express-count" 20
 "cell-count" 56
 15 -3 -2 278
 15 -1 2 48
 15 2 -3 217
 105 -3 3 55
 15 4 1 222
 105 -3 2 336
 15 3 1 43
 15 1 3 75
 15 -2 3 213
 15 -3 -1 112
 105 -2 2 304
 15 -3 1 89
 15 2 -2 313
 15 3 -3 96
 15 -1 3 354
 15 2 3 48
 15 -3 0 204
 105 -4 -1 103
 15 2 2 351
 15 3 2 229
 105 -4 0 195
 15 -3 -3 120
 105 -4 1 308
 105 3 3 148
 15 0 3 187
 15 4 -3 51
 15 0 4 241
 105 1 4 325
 55 0 -2 41
 55 0 -4 34
 55 -1 -3 23
 55 -2 1 213
 55 0 1 23
 55 -1 -1 129
 55 0 0 28
 55 2 0 227
 55 -1 0 214
 55 3 -1 230
 55 1 0 32
 55 1 2 347
 55 -2 -1 161
 55 3 -2 337
 55 1 -1 180
 55 0 2 62
 55 3 0 314
 55 -2 0 357
 55 2 -1 113
 55 1 1 191
 55 0 -1 53
 55 -1 1 210
 55 -2 -2 142
 55 -1 -2 17
 55 0 -3 15
 55 -1 -4 297
 55 -1 4 128
 55 2 1 85
 "contig-ratio-green-core" 0.6111111111111112
 "contig-ratio-red-core" 0.6111111111111112
 "a-count" 6
 "b-count" 0
 "c-color-count" 28
 "c-express-count" 28
 "d-color-count" 22
 "d-express-count" 22
 "cell-count" 56
 15 -1 -3 146
 15 2 -2 322
 105 -3 -3 297
 15 4 0 213
 15 -3 2 169
 15 0 -3 228
 15 1 -3 202
 15 2 -1 207
 105 1 -4 304
 105 4 1 270
 15 2 2 154
 15 1 2 107
 15 -2 -3 331
 105 -3 3 161
 15 3 0 268
 15 2 0 48
 15 2 1 273
 15 1 -1 242
 15 -4 0 359
 15 -3 1 86
 105 -2 2 187
 15 -4 1 271
 15 1 -2 327
 105 -2 3 102
 15 3 1 213
 15 -4 -1 129
 15 1 3 295
 15 3 2 318
 55 -1 0 179
 55 -2 0 21
 55 -2 -1 232
 55 1 1 178
 55 0 1 100
 55 -2 -2 292
 55 1 0 251
 55 -2 1 53
 55 -1 -2 150
 55 0 0 0
 55 -1 2 243
 55 -3 -2 354
 55 -3 0 37
 55 -1 1 205
 55 1 4 344
 55 0 2 183
 55 4 -1 93
 55 -1 3 135
 55 3 -2 61
 55 -3 -1 265
 55 3 -1 13
 55 -1 -1 12
 55 0 -1 214
 55 2 3 113
 55 0 -4 222
 55 0 -2 311
 55 0 3 263
 55 0 4 82
 "contig-ratio-green-core" 0.8421052631578947
 "contig-ratio-red-core" 0.8235294117647058
 "a-count" 5
 "b-count" 0
 "c-color-count" 28
 "c-express-count" 28
 "d-color-count" 25
 "d-express-count" 23
 "cell-count" 56
 15 2 -1 340
 15 0 -4 126
 15 -1 3 68
 15 -1 4 231
 15 0 0 116
 15 1 3 90
 15 0 -2 95
 105 4 1 60
 15 3 1 101
 15 -4 -2 32
 15 2 0 286
 15 -4 2 223
 15 -3 -2 105
 15 0 -1 294
 15 0 4 25
 15 -3 2 347
 15 -4 -1 81
 15 -1 0 268
 15 -1 -2 72
 15 -1 -1 59
 105 -1 -4 10
 15 3 3 355
 15 1 -1 118
 15 0 3 356
 15 3 2 168
 15 4 0 113
 15 1 0 101
 105 -2 -1 159
 55 2 -2 199
 55 -1 2 334
 55 3 -3 80
 55 0 -3 182
 55 -4 0 212
 55 2 2 94
 55 -2 0 324
 55 3 0 269
 55 4 -1 131
 55 -3 1 256
 55 1 -2 212
 55 1 -4 289
 55 1 -3 303
 55 -3 0 311
 55 1 2 101
 55 1 1 17
 55 3 -1 288
 55 2 -3 341
 55 0 1 309
 55 -4 1 47
 55 -2 -3 286
 55 -1 -3 109
 55 -2 1 194
 55 -1 1 95
 55 0 2 205
 55 -2 2 94
 55 2 3 75
 55 3 -2 205
 "contig-ratio-green-core" 0.75
 "contig-ratio-red-core" 0.9090909090909091
 "a-count" 6
 "b-count" 0
 "c-color-count" 28
 "c-express-count" 28
 "d-color-count" 22
 "d-express-count" 22
 "cell-count" 56
 15 1 1 159
 105 4 -1 23
 15 3 2 293
 15 1 -1 307
 15 0 -2 229
 15 2 0 130
 105 1 -3 47
 15 1 -2 5
 15 -1 -4 286
 15 2 -2 55
 15 -4 -1 58
 15 0 -3 118
 15 2 -1 279
 15 3 3 333
 15 -2 3 346
 15 2 1 65
 15 0 4 351
 15 0 -4 296
 105 3 -3 10
 105 2 -3 356
 15 -2 2 302
 105 -3 2 216
 15 -4 0 172
 15 1 0 179
 15 -1 3 264
 105 -3 3 76
 15 1 4 26
 15 -3 -2 325
 55 -1 2 125
 55 1 2 315
 55 3 -1 23
 55 -1 -1 51
 55 -2 -1 123
 55 2 2 234
 55 -1 4 151
 55 3 1 324
 55 -2 1 120
 55 2 3 70
 55 3 0 124
 55 0 1 345
 55 -1 0 165
 55 -1 1 67
 55 -1 -3 299
 55 0 -1 205
 55 -3 1 187
 55 0 0 156
 55 -3 -1 77
 55 1 3 238
 55 -3 0 84
 55 -1 -2 147
 55 0 3 333
 55 -2 -2 274
 55 4 1 241
 55 0 2 45
 55 -2 0 53
 55 4 0 229
 "contig-ratio-green-core" 0.8571428571428571
 "contig-ratio-red-core" 0.9
