 "a-count" 8
 "b-count" 0
 "c-color-count" 28
 "c-express-count" 28
 "d-color-count" 21
 "d-express-count" 20
 "cell-count" 56
 15 3 -3 7
 105 2 0 329
 15 -2 0 273
 105 0 4 77
 15 -2 1 188
 15 -1 -4 121
 105 4 0 306
 105 2 -3 294
 15 2 -2 108
 15 3 0 289
 15 1 4 194
 15 0 0 294
 15 -1 2 13
 15 3 2 15
 15 -1 0 174
 15 -3 -3 167
 15 3 1 83
 15 0 1 93
 105 3 -1 286
 15 0 2 41
 105 -1 1 50
 15 1 1 178
 105 2 -1 61
 15 3 -2 163
 15 1 2 261
 15 -2 2 40
 15 2 2 291
 15 2 1 45
 55 0 -2 146
 55 -3 0 112
 55 0 3 91
 55 0 -4 242
 55 0 -3 195
 55 0 -2 103
 55 -4 1 0
 55 -3 -2 74
 55 2 3 22
 55 -1 -1 56
 55 -3 -1 167
 55 -2 -1 238
 55 0 -1 256
 55 -1 -2 344
 55 -5 -1 347
 55 -2 -2 336
 55 -4 -1 37
 55 3 3 16
 55 1 -2 73
 55 -4 0 121
 55 -2 -3 179
 55 -2 3 339
 55 -1 -3 106
 55 -3 2 215
 55 -1 4 341
 55 -1 -2 205
 55 1 -1 218
 55 0 -3 280
 "contig-ratio-green-core" 0.4444444444444444
 "contig-ratio-red-core" 0.625
 "a-count" 6
 "b-count" 0
 "c-color-count" 28
 "c-express-count" 28
 "d-color-count" 22
 "d-express-count" 22
 "cell-count" 56
 15 2 3 63
 15 3 -2 176
 15 0 3 170
 15 -3 -2 302
 15 4 0 350
 105 1 -4 17
 15 -4 1 265
 15 -3 1 357
 15 -1 4 93
 15 2 4 129
 15 0 4 37
 105 1 -3 329
 15 2 -1 126
 15 3 -1 1
 15 -3 -1 225
 15 -2 1 3
 15 1 4 137
 15 -4 -1 58
 105 -3 0 113
 105 1 2 194
 15 3 0 274
 105 1 3 112
 15 3 1 323
 15 -2 -3 201
 15 2 -2 92
 15 -2 0 348
 15 -3 -3 195
 105 -4 0 276
 55 4 1 358
 55 3 2 341
 55 2 2 205
 55 -3 2 48
 55 -2 -1 311
 55 1 0 169
 55 2 1 136
 55 1 -1 50
 55 0 -1 14
 55 -2 2 54
 55 -1 -2 333
 55 -2 -2 247
 55 1 1 128
 55 -1 3 105
 55 -1 1 183
 55 -4 2 143
 55 1 -2 218
 55 4 -1 165
 55 -1 0 347
 55 0 -2 142
 55 -1 -1 275
 55 -1 -3 74
 55 0 1 7
 55 -1 2 192
 55 3 3 153
 55 2 0 106
 55 0 0 274
 55 0 -3 9
 "contig-ratio-green-core" 0.7222222222222222
 "contig-ratio-red-core" 0.8571428571428571
 "a-count" 3
 "b-count" 0
 "c-color-count" 28
 "c-express-count" 28
 "d-color-count" 25
 "d-express-count" 25
 "cell-count" 56
 15 3 -3 91
 15 -1 -3 40
 15 0 -4 276
 15 -3 -1 311
 105 -2 -1 205
 15 -3 -2 213
 15 0 -3 119
 15 1 -3 47
 15 4 -1 335
 15 -1 0 31
 15 -1 -1 122
 15 -2 -2 214
 15 0 -1 53
 105 -2 -3 87
 15 0 0 294
 15 -4 1 24
 105 3 -2 340
 15 1 -2 323
 15 1 0 17
 15 3 3 91
 15 -2 1 350
 15 -1 1 249
 15 1 -1 308
 15 -2 3 304
 15 -1 -2 97
 15 -2 0 57
 15 0 -2 26
 15 4 0 193
 55 1 -4 352
 55 -3 0 59
 55 -3 1 225
 55 0 2 24
 55 2 -1 291
 55 -4 0 117
 55 3 0 282
 55 2 -2 26
 55 -1 2 47
 55 2 3 83
 55 2 1 1
 55 2 -3 141
 55 -3 2 343
 55 0 3 68
 55 -4 -1 210
 55 -1 -4 59
 55 4 1 121
 55 1 3 210
 55 1 1 114
 55 3 1 86
 55 2 2 24
 55 2 0 142
 55 -3 3 134
 55 1 2 265
 55 -3 -3 122
 55 -2 2 129
 55 0 1 7
 55 3 -1 324
 "contig-ratio-green-core" 0.7222222222222222
 "contig-ratio-red-core" 1.1333333333333333
 "a-count" 8
 "b-count" 0
 "c-color-count" 28
 "c-express-count" 28
 "d-color-count" 21
 "d-express-count" 20
 "cell-count" 56
 15 -4 0 120
 15 1 -4 310
 15 3 1 44
 15 0 -4 278
 105 -2 0 218
 15 1 4 26
 15 1 5 290
 15 4 -1 37
 15 -1 3 134
 15 3 0 113
 15 -1 5 276
 15 -2 3 279
 15 4 -2 243
 15 3 -1 182
 15 0 4 136
 15 -1 -4 64
 15 -1 4 25
 105 -3 2 205
 15 2 -4 147
 105 3 2 187
 105 2 3 293
 15 -2 -1 282
 105 -4 -1 139
 15 0 5 325
 15 -3 -1 165
 15 -3 0 79
 105 2 -3 78
 105 4 1 283
 55 2 -1 248
 55 -1 -1 144
 55 0 0 69
 55 1 -2 176
 55 0 2 75
 55 2 1 197
 55 0 1 346
 55 -1 1 313
 55 -1 0 123
 55 1 1 232
 55 -1 2 182
 55 1 0 267
 55 2 0 145
 55 0 3 207
 55 -1 -3 142
 55 -2 -2 116
 55 2 -2 2
 55 3 -2 176
 55 0 -1 259
 55 1 3 326
 55 0 -3 165
 55 1 2 37
 55 -2 1 96
 55 -1 -2 246
 55 -3 -2 45
 55 1 -1 108
 55 0 -2 80
 55 -2 2 180
 "contig-ratio-green-core" 0.7058823529411765
 "contig-ratio-red-core" 0.6111111111111112
