 "a-count" 2
 "b-count" 0
 "c-color-count" 28
 "c-express-count" 28
 "d-color-count" 27
 "d-express-count" 26
 "cell-count" 56
 15 -1 -2 289
 15 0 -3 315
 15 2 -2 72
 15 3 -2 152
 15 0 -2 114
 15 3 0 68
 15 -3 1 260
 15 -4 -1 79
 15 -1 -1 107
 105 -3 -3 358
 15 -3 -1 195
 15 2 2 324
 15 4 1 61
 15 1 -2 129
 15 -2 -1 209
 15 0 4 8
 15 -1 -3 18
 15 3 1 53
 15 -2 -2 45
 15 2 -3 156
 15 -3 -2 235
 15 3 -1 18
 15 1 3 209
 15 4 -1 33
 15 3 2 286
 15 -3 0 261
 15 1 -3 276
 15 -4 0 308
 55 2 1 240
 55 0 3 290
 55 -2 1 313
 55 0 -1 19
 55 -1 3 30
 55 3 -3 170
 55 1 0 22
 55 -3 3 36
 55 0 -4 229
 55 -1 2 328
 55 -1 1 162
 55 -1 -4 251
 55 2 0 269
 55 -2 2 280
 55 -2 0 322
 55 -3 2 20
 55 1 4 210
 55 -2 -3 236
 55 0 2 162
 55 1 -4 269
 55 -1 0 82
 55 0 1 114
 55 1 2 169
 55 1 1 252
 55 2 -1 24
 55 1 -1 175
 55 -2 3 4
 55 0 0 309
 "contig-ratio-green-core" 0.9375
 "contig-ratio-red-core" 0.6363636363636364
 "a-count" 8
 "b-count" 0
 "c-color-count" 28
 "c-express-count" 28
 "d-color-count" 21
 "d-express-count" 20
 "cell-count" 56
 15 -2 0 58
 105 -1 1 218
 105 4 -1 185
 15 -3 0 156
 15 -1 0 67
 105 2 -3 44
 15 -3 -1 308
 15 -1 2 107
 15 -1 -1 228
 15 4 1 26
 105 3 2 315
 105 -1 4 217
 15 0 3 211
 15 -3 3 314
 15 -1 -4 121
 15 2 3 83
 15 -2 -1 61
 105 -2 3 349
 15 3 -2 2
 15 -3 -2 174
 15 -2 1 129
 15 -1 3 329
 15 3 -1 339
 105 -3 -3 295
 15 1 2 119
 15 1 3 148
 15 4 0 46
 15 0 2 95
 55 -3 2 285
 55 1 1 57
 55 0 4 319
 55 -2 -2 5
 55 -1 -3 70
 55 1 -2 32
 55 2 -2 154
 55 1 0 81
 55 3 1 155
 55 0 0 314
 55 0 -3 264
 55 2 0 264
 55 2 -1 99
 55 0 1 278
 55 -2 -3 255
 55 -4 1 339
 55 2 2 350
 55 2 1 53
 55 1 -4 212
 55 -2 2 80
 55 1 -1 121
 55 -3 1 300
 55 1 4 246
 55 0 -4 108
 55 1 -3 131
 55 -1 -2 125
 55 0 -2 236
 55 3 0 195
 "contig-ratio-green-core" 0.782608695652174
 "contig-ratio-red-core" 0.9375
 "a-count" 3
 "b-count" 0
 "c-color-count" 28
 "c-express-count" 28
 "d-color-count" 25
 "d-express-count" 25
 "cell-count" 56
 15 3 1 288
 15 -3 3 164
 15 -1 -3 103
 15 1 3 97
 15 2 -2 8
 15 -4 0 248
 15 3 2 255
 15 4 1 112
 15 -5 0 87
 105 1 4 278
 15 1 -2 325
 15 -1 -2 348
 15 2 -3 6
 15 -1 4 166
 15 3 -1 174
 15 4 0 111
 15 3 0 198
 15 0 -3 164
 15 -1 3 111
 15 -3 0 229
 15 -3 -1 218
 15 -3 -3 326
 105 1 -4 39
 15 0 -4 327
 105 -1 -4 44
 15 4 -1 196
 15 0 -2 61
 15 0 3 214
 55 -3 -2 237
 55 2 -1 196
 55 1 0 51
 55 1 2 201
 55 0 -1 336
 55 -1 1 191
 55 2 2 95
 55 -2 0 134
 55 -3 2 100
 55 -3 1 84
 55 3 -3 252
 55 -2 3 101
 55 -2 1 40
 55 2 1 256
 55 0 0 139
 55 2 3 313
 55 -2 -3 306
 55 1 -1 122
 55 -1 0 100
 55 2 0 151
 55 1 1 358
 55 -2 -1 123
 55 -1 -1 349
 55 -2 2 4
 55 0 2 354
 55 0 1 233
 55 -1 2 255
 55 -2 -2 127
 "contig-ratio-green-core" 0.8421052631578947
 "contig-ratio-red-core" 0.85
 "a-count" 7
 "b-count" 0
 "c-color-count" 28
 "c-express-count" 28
 "d-color-count" 21
 "d-express-count" 21
 "cell-count" 56
 15 -1 -4 218
 15 1 -2 21
 15 -3 1 107
 15 1 4 220
 15 0 -4 296
 105 3 -2 324
 105 2 -2 166
 105 3 3 298
 15 -3 0 155
 15 -4 -1 178
 105 2 -3 54
 15 4 -1 139
 15 0 4 141
 15 3 1 161
 15 -4 0 307
 15 4 1 247
 15 -1 -2 199
 105 3 -3 158
 15 3 -1 122
 105 4 0 259
 15 3 0 290
 15 -1 -3 355
 15 0 -3 267
 15 -4 1 79
 15 1 -3 236
 15 0 -2 92
 15 3 2 89
 105 -2 3 345
 55 -1 1 340
 55 -2 2 202
 55 -3 -2 104
 55 1 -4 166
 55 -2 -1 60
 55 0 -1 251
 55 1 3 323
 55 1 -1 311
 55 -1 -1 306
 55 0 1 108
 55 2 3 19
 55 1 2 67
 55 1 1 118
 55 -1 4 85
 55 -2 0 325
 55 -2 1 333
 55 2 2 153
 55 -1 3 95
 55 2 0 306
 55 -1 2 118
 55 1 0 122
 55 -1 0 50
 55 -2 -2 346
 55 0 2 182
 55 2 1 152
 55 0 3 65
 55 0 0 208
 55 -3 -1 185
 "contig-ratio-green-core" 0.6470588235294118
 "contig-ratio-red-core" 0.6842105263157895
