 "a-count" 8
 "b-count" 0
 "c-color-count" 28
 "c-express-count" 28
 "d-color-count" 21
 "d-express-count" 20
 "cell-count" 56
 15 -1 -3 165
 105 0 3 336
 105 2 0 227
 105 -2 -3 263
 15 1 -4 260
 105 2 3 244
 15 3 -2 353
 15 1 -3 31
 15 3 1 286
 15 -3 -2 217
 105 1 3 220
 15 0 4 95
 105 -3 3 131
 15 0 -3 344
 15 -1 4 325
 15 0 -4 152
 15 -2 4 284
 15 3 0 23
 15 -1 3 282
 105 -3 -3 97
 15 3 -1 188
 15 2 2 210
 15 -2 -2 215
 15 2 1 41
 15 1 4 305
 15 2 -1 28
 15 4 0 59
 15 -1 -2 170
 55 0 1 94
 55 -1 0 280
 55 4 -1 344
 55 0 0 267
 55 1 -1 358
 55 -1 -1 154
 55 3 -3 288
 55 -3 0 210
 55 -2 1 249
 55 1 2 209
 55 -3 2 247
 55 0 -2 331
 55 2 -3 249
 55 1 -2 8
 55 -1 2 34
 55 -2 0 188
 55 1 1 139
 55 -1 1 254
 55 -2 2 57
 55 1 0 160
 55 -3 -1 266
 55 -2 -1 180
 55 0 2 15
 55 0 -1 218
 55 -4 0 12
 55 -3 1 271
 55 2 -2 286
 55 -1 -4 214
 "contig-ratio-green-core" 0.5555555555555556
 "contig-ratio-red-core" 0.6842105263157895
 "a-count" 5
 "b-count" 0
 "c-color-count" 28
 "c-express-count" 28
 "d-color-count" 23
 "d-express-count" 23
 "cell-count" 56
 15 -1 -3 102
 15 3 0 295
 15 3 2 144
 15 -1 3 229
 15 -2 -1 52
 15 2 2 115
 15 2 1 166
 15 -2 -2 279
 15 4 1 36
 15 3 -3 350
 15 4 0 324
 105 3 1 277
 15 -2 -3 127
 15 0 2 27
 15 1 -4 303
 15 4 -2 62
 105 1 3 76
 105 -3 0 212
 15 2 -3 182
 105 -3 1 13
 15 -4 -1 120
 15 -1 -1 4
 15 1 2 72
 105 -2 3 261
 15 -1 -2 297
 15 0 3 163
 15 -3 -1 274
 15 -2 0 91
 55 -2 2 193
 55 -1 1 188
 55 -1 2 160
 55 2 0 86
 55 -3 2 258
 55 -3 -2 138
 55 2 3 256
 55 1 1 300
 55 1 -2 34
 55 2 -2 349
 55 -1 0 238
 55 1 -3 134
 55 0 -4 182
 55 1 -2 245
 55 -1 -4 13
 55 -2 1 293
 55 4 -1 314
 55 1 0 317
 55 3 -2 129
 55 0 -1 170
 55 2 -1 329
 55 0 0 39
 55 -1 -3 327
 55 0 1 159
 55 3 -1 249
 55 1 -1 185
 55 0 -2 314
 55 0 -3 358
 "contig-ratio-green-core" 0.7894736842105263
 "contig-ratio-red-core" 0.9473684210526315
 "a-count" 9
 "b-count" 0
 "c-color-count" 28
 "c-express-count" 28
 "d-color-count" 20
 "d-express-count" 19
 "cell-count" 56
 15 3 -2 149
 15 2 -3 91
 15 0 -3 53
 15 1 -3 315
 15 -3 3 41
 15 0 -2 269
 105 -2 -3 245
 105 0 -4 54
 15 -2 3 117
 15 0 4 58
 105 2 -2 348
 15 1 -2 64
 105 -4 1 228
 105 -1 2 165
 15 -3 0 292
 15 1 4 74
 15 -3 1 192
 105 0 2 60
 15 3 -3 222
 105 4 -1 168
 15 2 3 279
 15 -1 4 38
 105 -3 2 73
 15 1 3 354
 15 1 2 328
 15 2 2 77
 15 -4 -1 322
 15 -4 0 300
 55 1 1 293
 55 -1 -3 277
 55 2 -1 323
 55 1 -1 99
 55 -1 5 172
 55 2 0 173
 55 -2 0 268
 55 -2 2 145
 55 4 1 202
 55 -2 -1 158
 55 -1 -1 27
 55 -3 -1 22
 55 3 1 57
 55 0 1 17
 55 0 0 116
 55 3 3 299
 55 -1 1 55
 55 -1 0 65
 55 0 -1 171
 55 3 2 303
 55 4 0 328
 55 3 0 329
 55 -3 -2 311
 55 -2 -2 328
 55 -1 -2 158
 55 -2 1 32
 55 1 0 7
 55 2 1 271
 "contig-ratio-green-core" 0.5263157894736842
 "contig-ratio-red-core" 0.6842105263157895
 "a-count" 9
 "b-count" 0
 "c-color-count" 28
 "c-express-count" 28
 "d-color-count" 19
 "d-express-count" 19
 "cell-count" 56
 15 1 -3 190
 15 -1 -3 326
 105 -2 -3 76
 105 -3 -3 38
 15 2 -3 206
 15 1 3 312
 15 0 -3 94
 15 -3 2 141
 15 3 -2 190
 105 -3 -2 4
 15 0 4 108
 105 -2 -1 215
 15 -2 0 175
 15 -2 -2 282
 105 -3 -1 197
 15 -1 -4 191
 15 1 4 249
 15 2 3 85
 105 2 -2 289
 15 4 -1 48
 105 0 -4 231
 15 -1 -2 167
 15 3 -1 279
 15 -3 1 21
 105 4 0 239
 15 -3 0 204
 105 -4 -1 116
 15 3 3 44
 55 -2 2 328
 55 0 -2 317
 55 -1 1 110
 55 -2 4 264
 55 0 0 115
 55 2 1 273
 55 2 2 197
 55 -1 0 161
 55 1 -1 192
 55 1 2 257
 55 2 0 113
 55 3 0 5
 55 1 1 310
 55 1 0 119
 55 3 1 167
 55 0 -1 350
 55 -2 3 169
 55 3 2 161
 55 0 3 5
 55 1 -2 296
 55 -2 1 153
 55 -1 -1 352
 55 0 1 62
 55 -1 3 139
 55 3 -3 220
 55 2 -1 208
 55 -1 4 140
 55 0 2 195
 "contig-ratio-green-core" 0.5555555555555556
 "contig-ratio-red-core" 0.8571428571428571
