 "a-count" 6
 "b-count" 0
 "c-color-count" 28
 "c-express-count" 28
 "d-color-count" 23
 "d-express-count" 22
 "cell-count" 56
 15 4 -1 133
 15 4 0 346
 15 3 2 64
 15 4 1 189
 15 3 -1 234
 15 -4 1 280
 15 1 3 314
 15 0 -4 223
 15 3 -2 121
 15 -3 1 5
 15 0 3 130
 15 0 2 233
 15 1 -3 283
 15 -1 -4 335
 105 -3 -1 104
 15 -1 3 356
 15 -4 0 146
 15 -2 2 30
 105 0 4 24
 15 1 -4 79
 105 3 -3 271
 15 -3 0 177
 105 -2 3 48
 15 4 2 67
 15 3 0 358
 15 -3 2 183
 15 -1 2 217
 105 -4 -1 349
 55 0 0 88
 55 -3 3 259
 55 -1 -2 250
 55 1 -1 293
 55 1 1 282
 55 -1 0 281
 55 -2 -1 92
 55 -2 -2 229
 55 0 1 110
 55 2 0 341
 55 -1 -1 214
 55 -1 1 225
 55 1 -2 112
 55 -1 4 117
 55 0 -1 111
 55 -2 0 328
 55 1 0 156
 55 0 -3 174
 55 0 -2 332
 55 2 3 175
 55 -2 1 344
 55 1 2 97
 55 2 1 0
 55 2 -2 301
 55 2 -1 243
 55 -1 -3 141
 55 2 2 266
 55 -3 -2 75
 "contig-ratio-green-core" 0.7647058823529411
 "contig-ratio-red-core" 0.7368421052631579
 "a-count" 9
 "b-count" 0
 "c-color-count" 28
 "c-express-count" 28
 "d-color-count" 20
 "d-express-count" 19
 "cell-count" 56
 15 -3 2 320
 15 0 4 27
 15 -3 1 304
 15 3 3 273
 15 0 -3 346
 15 3 -2 332
 105 -3 -3 105
 15 1 -3 33
 105 3 -3 62
 105 4 0 304
 15 -2 -3 303
 105 0 -4 302
 105 1 -4 235
 105 -2 3 330
 15 -1 -2 30
 15 1 4 226
 105 3 2 189
 15 -3 -2 36
 15 -1 3 106
 15 -1 -3 237
 15 1 -2 164
 15 2 -2 312
 15 2 -3 115
 15 -1 2 26
 15 0 -2 308
 15 -2 2 33
 105 -1 -4 232
 15 -2 1 351
 55 1 0 60
 55 -3 0 133
 55 0 0 260
 55 0 -1 345
 55 1 3 212
 55 -2 0 27
 55 -3 -1 277
 55 3 0 112
 55 -1 0 303
 55 3 1 112
 55 2 3 196
 55 2 2 215
 55 -1 1 243
 55 -4 -1 325
 55 1 2 294
 55 4 1 300
 55 0 2 340
 55 -2 -1 77
 55 2 -1 103
 55 1 1 237
 55 2 0 353
 55 1 -1 263
 55 -1 -1 38
 55 0 1 69
 55 -4 0 331
 55 -2 -2 287
 55 2 1 335
 55 0 3 251
 "contig-ratio-green-core" 0.6842105263157895
 "contig-ratio-red-core" 0.8666666666666667
 "a-count" 3
 "b-count" 0
 "c-color-count" 28
 "c-express-count" 28
 "d-color-count" 25
 "d-express-count" 25
 "cell-count" 56
 15 -1 4 69
 15 -2 1 145
 15 2 0 26
 15 3 1 28
 15 0 4 262
 105 1 -3 252
 15 -1 -2 146
 15 2 1 270
 15 -2 0 42
 15 0 -3 177
 15 4 1 247
 15 -1 -1 61
 15 -2 -1 262
 15 -3 -1 140
 15 -3 0 118
 15 4 -1 353
 105 2 3 227
 15 -1 0 46
 15 3 -1 62
 105 0 -4 191
 15 2 -2 236
 15 1 -2 155
 15 2 -1 269
 15 1 4 6
 15 3 2 201
 15 -1 -3 229
 15 5 -1 314
 15 -2 -2 258
 55 -2 4 331
 55 -1 3 243
 55 1 1 193
 55 0 0 357
 55 0 3 94
 55 2 -3 277
 55 3 -3 213
 55 0 -1 246
 55 1 2 238
 55 -3 4 183
 55 -1 -4 253
 55 -1 2 348
 55 2 2 88
 55 0 1 7
 55 -1 1 250
 55 3 -2 159
 55 -2 -3 47
 55 -3 2 106
 55 -2 2 164
 55 1 -1 346
 55 -3 3 168
 55 1 3 153
 55 0 2 107
 55 -2 3 96
 55 -2 4 76
 55 3 3 133
 55 1 0 92
 55 -2 -4 226
 "contig-ratio-green-core" 0.6818181818181818
 "contig-ratio-red-core" 0.8421052631578947
 "a-count" 7
 "b-count" 0
 "c-color-count" 28
 "c-express-count" 28
 "d-color-count" 21
 "d-express-count" 21
 "cell-count" 56
 15 -2 0 267
 15 -2 1 129
 15 0 -1 223
 15 2 2 307
 15 4 -1 113
 15 -1 0 22
 105 -1 -4 208
 15 0 3 65
 15 1 3 159
 105 1 1 142
 15 4 0 348
 105 0 1 87
 15 -1 -1 137
 15 0 0 196
 105 -1 1 85
 105 3 3 256
 15 -2 -2 38
 15 -3 0 88
 15 1 3 27
 15 -1 -2 334
 15 1 2 69
 15 2 1 93
 105 0 -4 140
 15 -3 1 198
 15 -2 -1 145
 15 0 2 44
 15 3 -1 219
 105 -3 -2 72
 55 4 1 185
 55 1 5 357
 55 1 4 68
 55 1 -3 150
 55 2 -3 276
 55 2 0 156
 55 2 -1 46
 55 -3 -1 249
 55 3 2 180
 55 -3 2 77
 55 0 4 286
 55 1 0 214
 55 3 1 0
 55 2 3 172
 55 1 4 189
 55 2 3 81
 55 -1 -3 141
 55 0 -3 107
 55 -4 0 19
 55 -2 2 46
 55 -4 1 291
 55 0 -2 84
 55 1 0 8
 55 3 0 217
 55 1 -1 129
 55 4 2 351
 55 -1 2 129
 55 1 -2 63
 "contig-ratio-green-core" 0.5416666666666666
 "contig-ratio-red-core" 1.2941176470588236
