 "a-count" 13
 "b-count" 0
 "c-color-count" 28
 "c-express-count" 28
 "d-color-count" 18
 "d-express-count" 15
 "cell-count" 56
 105 2 -1 105
 15 -2 -1 203
 15 -3 -1 158
 15 2 -2 277
 15 -1 -4 194
 15 3 2 290
 15 2 3 280
 15 3 3 41
 15 1 -2 78
 105 0 -3 340
 15 -4 -1 340
 105 0 -4 267
 105 -2 -3 122
 105 3 -2 305
 15 -1 4 142
 105 -2 4 321
 15 -4 0 152
 15 0 -2 242
 105 2 -3 167
 15 -3 0 148
 15 -3 -3 278
 105 -3 1 261
 105 1 -3 185
 15 -2 0 157
 105 1 -4 22
 15 3 4 212
 15 -1 -2 15
 15 -2 1 271
 55 0 2 4
 55 -3 2 352
 55 3 0 39
 55 0 0 173
 55 2 0 181
 55 1 3 144
 55 0 1 93
 55 0 -1 154
 55 -3 3 263
 55 -2 3 206
 55 -2 -2 10
 55 1 -1 343
 55 4 0 170
 55 0 3 251
 55 1 0 224
 55 -1 3 300
 55 -1 -3 104
 55 1 4 71
 55 1 1 314
 55 -1 -1 265
 55 0 4 343
 55 -3 -2 118
 55 1 2 185
 55 2 1 140
 55 -1 1 41
 55 3 1 156
 55 -1 0 356
 55 -2 2 261
 "contig-ratio-green-core" 0.5238095238095238
 "contig-ratio-red-core" 0.8125
 "a-count" 3
 "b-count" 0
 "c-color-count" 28
 "c-express-count" 28
 "d-color-count" 25
 "d-express-count" 25
 "cell-count" 56
 15 0 3 106
 15 0 -3 300
 15 -4 1 327
 15 0 2 23
 15 0 -1 266
 15 0 -4 28
 105 4 -1 322
 15 -1 -1 145
 15 3 3 29
 15 -3 -2 281
 15 0 -2 321
 15 4 1 196
 105 -2 -3 116
 15 0 4 276
 15 -1 -2 143
 15 -3 -3 48
 15 1 3 255
 15 1 -4 117
 15 2 -2 50
 15 1 -2 351
 15 -2 -2 243
 15 -1 2 207
 15 -1 -3 277
 15 -1 4 226
 15 4 0 163
 15 1 2 351
 105 1 -3 53
 15 -1 3 50
 55 -3 2 179
 55 -1 1 98
 55 3 -1 88
 55 2 2 24
 55 1 1 235
 55 -2 3 330
 55 2 -1 284
 55 -3 1 307
 55 2 0 130
 55 0 0 280
 55 -1 -4 69
 55 2 1 271
 55 -3 0 300
 55 -2 1 134
 55 -2 0 24
 55 1 0 158
 55 0 1 172
 55 3 -2 310
 55 1 -1 25
 55 -3 3 108
 55 -4 0 6
 55 -1 0 222
 55 -2 2 277
 55 3 1 93
 55 -3 -1 224
 55 -4 -1 0
 55 2 3 46
 55 3 0 334
 "contig-ratio-green-core" 0.6666666666666666
 "contig-ratio-red-core" 0.8333333333333334
 "a-count" 7
 "b-count" 0
 "c-color-count" 28
 "c-express-count" 28
 "d-color-count" 21
 "d-express-count" 21
 "cell-count" 56
 15 -3 -1 296
 15 -1 -3 16
 15 1 -1 134
 15 1 -2 147
 105 -1 -4 272
 15 2 -2 103
 15 -3 -2 182
 15 1 -3 199
 15 1 3 291
 15 0 4 160
 105 -3 2 304
 105 0 -4 357
 15 2 -1 100
 105 2 -3 176
 105 1 -4 310
 15 2 1 178
 15 3 1 87
 15 -3 3 220
 15 1 2 14
 15 0 -3 171
 15 2 0 163
 15 -1 4 329
 15 3 0 305
 15 3 -1 100
 105 2 3 81
 105 3 2 359
 15 -4 -1 313
 15 1 4 120
 55 0 -2 110
 55 4 0 319
 55 -1 2 345
 55 -1 0 356
 55 -4 0 224
 55 0 -1 215
 55 4 1 227
 55 -2 1 201
 55 0 2 172
 55 1 1 290
 55 0 1 233
 55 -2 -3 147
 55 0 3 265
 55 -1 -2 182
 55 5 0 197
 55 -1 -1 357
 55 -3 1 235
 55 -2 0 215
 55 -1 3 88
 55 1 0 60
 55 -2 2 208
 55 0 0 331
 55 -3 0 193
 55 5 1 143
 55 -4 1 261
 55 -2 -2 193
 55 -2 -1 18
 55 -1 1 150
 "contig-ratio-green-core" 0.75
 "contig-ratio-red-core" 0.8333333333333334
 "a-count" 3
 "b-count" 0
 "c-color-count" 28
 "c-express-count" 28
 "d-color-count" 25
 "d-express-count" 25
 "cell-count" 56
 15 -1 -3 307
 15 1 3 103
 15 0 2 18
 15 4 -1 315
 15 3 -2 157
 15 0 1 176
 15 -2 -2 297
 15 1 -3 6
 15 -1 3 111
 15 -2 3 285
 15 0 -3 7
 105 3 -1 155
 15 -4 -1 119
 15 4 -3 163
 15 -4 0 185
 15 -2 2 64
 15 -3 3 241
 15 1 2 150
 15 0 3 240
 15 1 1 92
 15 3 3 267
 105 -4 1 274
 15 -1 -2 16
 105 -3 2 352
 15 -1 2 255
 15 4 -2 337
 15 2 4 151
 15 4 0 96
 55 2 2 129
 55 -1 -1 48
 55 0 -1 217
 55 1 -2 278
 55 1 -1 41
 55 1 0 328
 55 2 -1 49
 55 -1 1 14
 55 2 3 259
 55 -2 0 7
 55 2 1 276
 55 -1 4 171
 55 0 -2 61
 55 -2 1 257
 55 -3 -1 338
 55 4 1 180
 55 1 4 130
 55 3 1 268
 55 3 0 80
 55 2 0 328
 55 3 2 187
 55 0 4 102
 55 -3 -2 119
 55 -3 1 202
 55 -1 0 68
 55 0 0 140
 55 -3 0 116
 55 -2 -1 100
 "contig-ratio-green-core" 0.7619047619047619
 "contig-ratio-red-core" 0.9
