 "a-count" 4
 "b-count" 0
 "c-color-count" 28
 "c-express-count" 28
 "d-color-count" 24
 "d-express-count" 24
 "cell-count" 56
 15 2 -2 271
 15 0 -4 304
 105 -3 -3 138
 15 -2 2 57
 15 1 4 115
 15 -3 1 291
 15 -1 -5 288
 15 -4 0 22
 15 2 3 342
 15 2 2 36
 15 -1 -3 164
 15 1 -3 15
 105 -3 3 337
 15 -1 4 20
 15 -2 -3 127
 15 0 -2 267
 15 0 4 52
 15 3 2 354
 105 2 -3 128
 15 -1 -4 2
 15 0 -3 205
 15 -2 -2 264
 15 -3 0 71
 15 -3 2 215
 105 3 3 30
 15 4 -1 127
 15 -2 3 15
 15 1 -2 65
 55 0 2 289
 55 0 -1 325
 55 -2 -1 211
 55 3 -3 95
 55 -3 -2 119
 55 3 1 103
 55 3 0 356
 55 2 1 335
 55 -2 0 254
 55 1 -1 210
 55 1 3 273
 55 3 -1 31
 55 2 -1 0
 55 -1 1 27
 55 -1 2 54
 55 2 0 35
 55 1 0 199
 55 0 0 147
 55 4 0 205
 55 -1 -1 251
 55 -3 -1 86
 55 3 -2 5
 55 1 1 236
 55 1 2 138
 55 -2 1 84
 55 0 3 329
 55 -1 3 159
 55 -1 0 228
 "contig-ratio-green-core" 0.6521739130434783
 "contig-ratio-red-core" 0.75
 "a-count" 7
 "b-count" 0
 "c-color-count" 28
 "c-express-count" 28
 "d-color-count" 22
 "d-express-count" 21
 "cell-count" 56
 15 2 0 318
 15 2 1 256
 15 -2 -1 93
 105 4 1 4
 15 -3 3 199
 15 1 -3 246
 105 0 -3 18
 15 -3 2 303
 15 1 -4 32
 105 4 0 127
 15 2 0 35
 15 3 0 325
 15 1 -2 155
 105 3 -1 182
 15 1 4 246
 15 -2 -2 99
 15 -4 0 326
 105 2 -3 164
 15 -4 2 79
 15 0 -2 264
 15 -3 -2 242
 15 -1 -3 345
 105 3 -3 96
 15 -1 -2 299
 15 -4 1 232
 15 2 1 304
 15 2 -1 305
 15 3 1 18
 55 0 1 18
 55 -2 0 12
 55 -3 -3 317
 55 1 -1 201
 55 2 -2 256
 55 3 -2 35
 55 -1 -4 70
 55 -1 0 136
 55 2 2 293
 55 -3 -1 69
 55 0 5 342
 55 -3 0 322
 55 0 -4 66
 55 0 -1 174
 55 0 3 187
 55 1 1 203
 55 0 4 164
 55 -2 1 80
 55 2 3 175
 55 3 3 192
 55 -1 3 219
 55 1 0 107
 55 -1 1 351
 55 1 2 122
 55 0 2 167
 55 -1 -1 234
 55 0 0 69
 55 -1 2 28
 "contig-ratio-green-core" 0.6190476190476191
 "contig-ratio-red-core" 0.7222222222222222
 "a-count" 5
 "b-count" 0
 "c-color-count" 28
 "c-express-count" 28
 "d-color-count" 25
 "d-express-count" 23
 "cell-count" 56
 15 2 3 258
 15 -3 2 125
 15 1 -4 43
 15 0 -3 224
 15 -4 -1 26
 15 1 3 41
 15 1 1 277
 15 1 -2 68
 15 -4 0 202
 15 -2 2 249
 15 2 -2 174
 105 -4 1 133
 15 3 -3 88
 15 1 -1 234
 15 -2 1 210
 15 -3 0 5
 105 2 -3 303
 15 2 1 249
 15 1 2 245
 15 -3 -1 335
 15 -3 1 171
 15 2 -1 24
 15 2 0 49
 15 0 -4 293
 15 -3 -2 245
 15 -2 0 357
 105 1 0 73
 15 1 -3 15
 55 1 4 244
 55 3 -1 307
 55 -2 -2 81
 55 -1 2 33
 55 -1 4 9
 55 0 4 289
 55 -2 3 168
 55 4 0 197
 55 0 -1 63
 55 -1 0 62
 55 3 2 51
 55 -1 -2 336
 55 -1 -1 247
 55 -3 3 74
 55 -1 1 17
 55 4 -1 273
 55 -1 -3 145
 55 0 1 3
 55 0 2 42
 55 0 0 88
 55 3 1 125
 55 3 3 355
 55 -2 -1 272
 55 3 0 319
 55 4 2 245
 55 3 -2 129
 55 0 3 98
 55 4 1 163
 "contig-ratio-green-core" 0.6538461538461539
 "contig-ratio-red-core" 0.8095238095238095
 "a-count" 4
 "b-count" 0
 "c-color-count" 28
 "c-express-count" 28
 "d-color-count" 24
 "d-express-count" 24
 "cell-count" 56
 15 -2 -2 149
 105 -2 4 102
 15 4 -2 302
 15 -1 0 126
 15 -3 -2 81
 15 1 1 141
 15 0 1 300
 15 -3 3 212
 15 -1 -1 202
 15 -1 -2 230
 105 2 3 18
 15 -2 -3 237
 15 0 3 287
 15 1 -4 154
 15 -2 -1 306
 15 4 -3 132
 15 -1 4 48
 15 -4 2 325
 15 3 -3 293
 15 2 -3 21
 105 1 2 295
 15 4 -1 16
 15 0 2 215
 15 -1 2 69
 15 -1 -3 241
 15 -2 3 104
 105 -2 0 109
 15 -1 3 217
 55 -2 2 343
 55 1 -2 332
 55 2 -2 184
 55 3 1 297
 55 0 -1 246
 55 1 -3 65
 55 2 1 1
 55 3 2 288
 55 -3 -1 355
 55 4 0 24
 55 -4 0 259
 55 1 -1 146
 55 4 1 139
 55 2 2 311
 55 -4 1 106
 55 3 0 195
 55 0 -3 159
 55 1 0 356
 55 -3 1 215
 55 2 0 283
 55 -1 -4 57
 55 2 -1 17
 55 -2 1 115
 55 0 -2 329
 55 -3 2 267
 55 -3 0 33
 55 -2 -4 204
 55 0 0 235
 "contig-ratio-green-core" 0.6956521739130435
 "contig-ratio-red-core" 0.8235294117647058
