 "a-count" 6
 "b-count" 0
 "c-color-count" 28
 "c-express-count" 28
 "d-color-count" 22
 "d-express-count" 22
 "cell-count" 56
 105 2 -3 200
 15 2 3 102
 15 -1 0 216
 15 0 1 226
 15 -1 -1 261
 15 1 3 317
 105 1 -4 88
 15 -3 0 158
 105 4 0 341
 15 1 -3 223
 15 0 2 257
 105 0 4 130
 15 0 3 37
 15 2 2 9
 105 0 -4 70
 15 -1 3 236
 15 -2 -1 39
 15 -1 1 255
 105 -4 1 146
 15 -3 -1 293
 15 -3 3 275
 15 0 1 288
 15 -3 -2 141
 15 1 2 116
 15 -2 0 171
 15 0 0 33
 15 1 1 189
 15 -1 2 15
 55 0 -3 127
 55 2 4 26
 55 -2 2 324
 55 3 -1 54
 55 4 -1 162
 55 -2 1 267
 55 0 -1 323
 55 3 -2 292
 55 2 -2 139
 55 1 -2 347
 55 -4 -1 262
 55 3 0 259
 55 -2 -2 269
 55 3 -3 104
 55 -1 -2 272
 55 2 -1 33
 55 -3 1 274
 55 -1 4 136
 55 -1 -3 130
 55 -1 -4 310
 55 1 -1 337
 55 1 4 192
 55 -3 2 327
 55 2 0 327
 55 -4 0 276
 55 0 -2 85
 55 -2 3 33
 55 2 1 137
 "contig-ratio-green-core" 0.6666666666666666
 "contig-ratio-red-core" 1
 "a-count" 6
 "b-count" 0
 "c-color-count" 28
 "c-express-count" 28
 "d-color-count" 23
 "d-express-count" 22
 "cell-count" 56
 15 -2 2 236
 15 1 4 296
 15 2 3 182
 15 -3 -3 315
 15 3 0 202
 15 4 0 154
 105 -1 4 204
 105 -4 2 356
 15 3 -1 307
 15 -1 -5 231
 15 2 -3 34
 15 2 -1 327
 15 -1 -4 189
 105 -3 2 90
 105 3 2 317
 15 -3 -2 359
 15 -3 1 330
 15 -1 3 232
 15 0 -4 38
 105 1 -3 31
 15 -2 1 47
 15 0 4 305
 15 4 -1 184
 15 2 0 352
 15 2 -2 309
 15 -2 3 10
 15 -2 -4 335
 15 -4 1 200
 55 0 2 295
 55 0 -1 76
 55 -2 -1 30
 55 1 0 182
 55 1 2 318
 55 -1 0 209
 55 -2 -3 204
 55 -1 -1 94
 55 1 -1 72
 55 -4 -1 208
 55 1 3 281
 55 -1 2 295
 55 0 -2 150
 55 2 1 202
 55 0 0 291
 55 3 1 323
 55 -2 0 28
 55 -3 -1 82
 55 -3 0 140
 55 1 1 285
 55 -3 3 145
 55 0 3 264
 55 -2 -2 187
 55 3 -2 238
 55 1 -2 25
 55 0 1 327
 55 -1 1 285
 55 -1 -2 66
 "contig-ratio-green-core" 0.8235294117647058
 "contig-ratio-red-core" 0.75
 "a-count" 11
 "b-count" 0
 "c-color-count" 28
 "c-express-count" 28
 "d-color-count" 17
 "d-express-count" 17
 "cell-count" 56
 15 3 -1 90
 15 -2 0 12
 105 4 1 67
 15 1 -4 85
 15 0 4 194
 15 -4 -1 153
 105 3 3 138
 105 4 0 344
 15 2 3 332
 105 -4 0 141
 15 -3 -1 71
 15 0 -4 351
 15 3 2 16
 105 -3 2 59
 105 2 -2 231
 15 -1 4 324
 105 4 -1 305
 15 3 -2 325
 15 1 4 236
 105 -3 3 359
 105 -2 2 211
 15 -2 1 234
 105 2 -3 17
 15 -3 0 333
 15 -2 3 74
 105 -4 1 190
 15 -1 3 251
 15 4 -2 194
 55 1 1 270
 55 -1 -1 137
 55 1 2 251
 55 3 0 10
 55 3 1 328
 55 0 1 292
 55 0 0 23
 55 -2 -1 52
 55 -1 1 356
 55 2 -1 101
 55 0 -3 69
 55 -1 -3 164
 55 -1 -2 208
 55 -1 2 179
 55 1 3 290
 55 2 2 316
 55 -2 -3 15
 55 0 -1 284
 55 0 3 221
 55 -2 -2 244
 55 0 -2 269
 55 2 1 93
 55 1 0 107
 55 -1 0 151
 55 0 2 151
 55 1 -1 280
 55 2 0 329
 55 1 -2 185
 "contig-ratio-green-core" 0.6666666666666666
 "contig-ratio-red-core" 0.6666666666666666
