 "a-count" 4
 "b-count" 5
 "c-color-count" 24
 "c-express-count" 23
 "d-color-count" 25
 "d-express-count" 24
 "cell-count" 56
 15 0 2 334
 15 -2 -1 234
 105 3 2 154
 15 -3 -2 127
 15 4 -1 6
 15 4 1 64
 15 -3 3 264
 15 1 3 276
 15 2 1 164
 15 -4 -1 15
 15 -1 -2 286
 15 3 0 301
 15 3 -2 355
 15 2 0 252
 15 -1 -3 132
 15 -2 -2 44
 15 -3 2 191
 15 1 -2 351
 15 -2 4 308
 15 -1 1 339
 15 -1 4 65
 15 0 1 148
 15 0 -4 209
 15 2 2 37
 105 3 -1 222
 15 0 -3 69
 105 -3 -3 93
 15 -1 -1 321
 55 0 3 210
 55 -2 3 79
 55 1 -4 130
 55 4 0 283
 55 1 -1 105
 5 2 3 175
 55 -3 -1 237
 55 -4 0 97
 55 0 -1 129
 55 -3 1 61
 55 1 0 138
 5 -1 -4 95
 55 0 -2 41
 55 1 2 154
 55 -4 1 341
 5 2 -3 131
 55 1 1 72
 55 3 1 245
 55 -2 2 39
 55 -1 0 303
 55 0 4 280
 5 -2 -3 31
 55 1 -5 249
 55 -2 0 173
 55 -2 1 153
 55 0 0 150
 55 2 -2 51
 55 -1 3 76
 "contig-ratio-green-core" 1.0625
 "contig-ratio-red-core" 1
 "a-count" 5
 "b-count" 5
 "c-color-count" 23
 "c-express-count" 23
 "d-color-count" 23
 "d-express-count" 23
 "cell-count" 56
 15 2 4 281
 15 4 -1 15
 15 -1 -2 295
 105 3 -3 207
 15 2 3 0
 15 -3 3 130
 15 0 -3 318
 15 1 3 107
 15 3 0 240
 15 -4 1 237
 15 -1 2 191
 15 1 -3 64
 15 -3 1 10
 15 -4 -2 344
 15 -1 -1 297
 15 1 4 84
 105 3 -1 212
 15 0 2 277
 105 4 0 137
 15 -3 -3 21
 105 -1 -3 89
 15 -2 2 229
 15 2 -2 59
 15 -1 3 6
 15 3 1 112
 105 -2 -3 166
 15 -4 0 0
 15 -2 -1 14
 55 2 0 211
 55 0 0 338
 55 -2 3 236
 55 2 1 276
 55 3 2 48
 55 -2 1 298
 5 3 3 147
 55 1 -2 175
 55 -1 0 279
 55 1 1 277
 5 2 -3 230
 5 -1 4 146
 55 2 2 224
 55 0 4 100
 55 -3 -1 88
 55 3 -2 324
 55 0 1 313
 55 -3 -2 93
 55 -4 -1 60
 55 1 0 33
 5 0 3 13
 55 1 2 162
 5 0 -4 158
 55 -1 1 201
 55 0 -2 345
 55 0 -1 79
 55 1 -1 84
 55 -2 0 236
 "contig-ratio-green-core" 1
 "contig-ratio-red-core" 0.9444444444444444
 "a-count" 6
 "b-count" 6
 "c-color-count" 22
 "c-express-count" 22
 "d-color-count" 22
 "d-express-count" 22
 "cell-count" 56
 15 3 2 49
 105 3 -1 93
 105 1 -4 258
 15 -1 -3 238
 105 1 -3 341
 15 -1 -2 48
 15 -2 -2 217
 15 0 3 339
 15 2 3 163
 15 2 2 38
 15 1 5 103
 15 0 -2 178
 15 -4 0 265
 15 3 3 314
 15 3 1 191
 15 2 -2 134
 15 2 -1 252
 15 -3 3 10
 15 3 0 12
 15 -3 1 190
 15 0 -4 343
 15 -3 -2 312
 105 4 1 308
 15 -2 3 275
 15 1 3 84
 105 3 -2 193
 105 2 -3 117
 15 1 4 112
 55 2 0 99
 55 0 -1 301
 5 -1 3 326
 5 -3 2 137
 55 2 1 287
 55 1 -2 29
 55 -2 0 358
 55 1 1 153
 5 3 -3 20
 5 -4 -1 67
 55 1 -1 359
 5 0 -3 322
 55 0 1 299
 55 -1 1 174
 55 -3 -1 67
 55 -1 -4 177
 55 -2 1 23
 55 1 2 256
 55 -1 -1 115
 55 -1 2 131
 55 -3 0 249
 55 0 0 102
 55 -2 2 272
 55 0 2 300
 55 0 4 50
 5 -4 1 199
 55 -2 -1 56
 55 1 0 213
 "contig-ratio-green-core" 0.8666666666666667
 "contig-ratio-red-core" 0.7058823529411765
 "a-count" 6
 "b-count" 2
 "c-color-count" 26
 "c-express-count" 26
 "d-color-count" 22
 "d-express-count" 22
 "cell-count" 56
 15 -3 -2 152
 15 -1 2 165
 15 1 -2 60
 15 2 2 307
 15 -2 -3 40
 105 0 -4 160
 15 3 -3 156
 15 -3 1 150
 15 -3 2 38
 15 2 -1 276
 15 -1 4 206
 15 -2 -2 344
 15 4 0 172
 105 -2 3 62
 15 -3 -3 131
 15 2 -2 210
 105 -4 -1 177
 15 -1 3 195
 15 1 -4 49
 105 3 -2 138
 15 -4 1 214
 15 0 -3 350
 15 4 -1 295
 105 -3 3 354
 15 0 4 193
 15 3 -1 99
 105 2 -3 219
 15 -1 -4 214
 55 2 1 8
 5 3 3 197
 55 1 2 247
 55 -2 1 344
 55 0 3 135
 55 1 0 67
 5 1 4 235
 55 3 0 255
 55 -4 0 320
 55 -3 0 344
 55 -1 0 265
 55 1 3 20
 55 3 1 267
 55 -1 -1 95
 55 1 -1 162
 55 -2 0 352
 55 -1 1 217
 55 0 1 154
 55 2 0 71
 55 -2 -1 251
 55 0 -1 350
 55 -1 -3 220
 55 0 -2 356
 55 -3 -1 106
 55 0 2 343
 55 1 1 65
 55 0 0 60
 55 -2 2 127
 "contig-ratio-green-core" 0.7777777777777778
 "contig-ratio-red-core" 0.7368421052631579
