 "a-count" 6
 "b-count" 4
 "c-color-count" 24
 "c-express-count" 24
 "d-color-count" 26
 "d-express-count" 22
 "cell-count" 56
 15 0 -4 153
 15 3 1 122
 15 0 4 188
 15 3 -2 343
 15 -3 -2 338
 15 -3 2 255
 15 -1 4 324
 15 -1 -4 112
 15 2 -1 165
 15 -2 2 243
 15 -2 3 258
 15 2 3 115
 15 1 4 214
 15 3 2 264
 15 -3 1 328
 15 0 -3 212
 15 -2 -1 220
 15 -3 -3 276
 15 1 -2 17
 15 0 -2 280
 15 2 0 138
 105 1 -3 55
 15 -4 1 208
 105 3 3 99
 15 3 0 234
 15 -3 -1 51
 15 4 1 215
 15 1 3 9
 55 -1 -2 127
 5 2 -2 53
 55 1 1 124
 55 1 0 204
 5 -4 -1 52
 5 2 -3 27
 55 -1 1 35
 55 -2 1 172
 55 -2 -3 124
 5 4 -1 227
 55 -1 -1 61
 55 0 1 50
 55 -3 0 74
 55 -1 3 50
 55 0 -1 188
 55 -1 2 127
 55 2 2 288
 55 4 0 234
 55 1 2 193
 55 -1 -3 297
 55 -1 0 64
 55 0 3 72
 55 0 2 26
 55 1 -1 21
 55 -2 0 114
 55 0 0 29
 55 -4 0 0
 55 2 1 23
 "contig-ratio-green-core" 1.25
 "contig-ratio-red-core" 0.8095238095238095
 "a-count" 10
 "b-count" 7
 "c-color-count" 22
 "c-express-count" 21
 "d-color-count" 19
 "d-express-count" 18
 "cell-count" 56
 15 3 1 338
 105 -4 0 65
 105 -3 -3 140
 15 -3 0 181
 15 -3 1 15
 15 -2 2 170
 15 -3 3 98
 15 0 4 252
 15 -1 3 231
 105 2 -2 273
 15 4 1 244
 105 1 3 104
 15 2 0 178
 15 1 -4 297
 15 0 3 292
 15 -1 -3 173
 15 -2 -2 308
 105 4 0 141
 105 -1 -4 5
 15 2 -1 316
 15 1 -3 102
 15 -2 3 290
 105 3 3 273
 105 2 -3 224
 15 2 2 232
 15 -2 1 345
 15 1 -2 18
 105 3 0 169
 55 -2 0 310
 55 0 0 164
 5 2 3 104
 5 3 2 338
 55 -1 0 12
 55 1 0 41
 55 -3 2 173
 55 -1 2 187
 55 1 -1 50
 55 0 2 197
 55 0 1 73
 55 -2 -1 356
 55 0 -3 59
 5 -2 -3 257
 55 1 4 231
 55 -1 -2 341
 5 -3 -1 60
 55 1 2 350
 55 -1 1 294
 55 0 -2 211
 5 -4 1 172
 55 1 1 196
 55 -1 -1 160
 55 0 -1 171
 55 3 -2 55
 55 2 1 182
 55 0 -4 107
 5 -3 -2 36
 "contig-ratio-green-core" 1.0833333333333333
 "contig-ratio-red-core" 0.8571428571428571
 "a-count" 7
 "b-count" 7
 "c-color-count" 21
 "c-express-count" 21
 "d-color-count" 22
 "d-express-count" 21
 "cell-count" 56
 15 2 1 198
 15 2 -3 211
 15 1 2 181
 15 1 -3 184
 15 0 2 329
 15 -1 -3 307
 15 -3 -2 324
 105 1 -4 181
 15 4 -1 184
 15 -3 0 212
 15 -3 2 350
 15 3 1 254
 15 -3 3 113
 15 -2 -2 127
 15 -1 -2 253
 105 -4 -1 212
 15 -2 3 266
 15 3 0 273
 15 2 2 4
 105 -1 -4 250
 105 2 -4 256
 15 0 -4 246
 15 -3 -1 112
 105 -4 1 65
 15 -4 0 355
 15 -3 1 298
 105 -1 4 142
 15 1 -2 38
 55 2 -2 296
 55 3 -3 204
 55 0 1 296
 55 3 -1 277
 55 1 0 124
 55 -2 -3 204
 55 -1 3 308
 55 -1 -1 71
 55 -1 1 324
 5 0 3 182
 55 0 -3 178
 55 -2 2 179
 55 1 1 311
 5 4 1 35
 5 0 4 279
 55 -2 0 145
 55 2 -1 154
 5 -3 -3 339
 55 1 -1 327
 55 2 0 223
 5 3 -2 81
 55 0 -1 347
 5 2 3 358
 55 -2 1 307
 55 -2 -1 76
 5 3 2 276
 55 0 0 223
 55 -1 2 309
 "contig-ratio-green-core" 0.8125
 "contig-ratio-red-core" 0.9375
 "a-count" 6
 "b-count" 4
 "c-color-count" 24
 "c-express-count" 24
 "d-color-count" 24
 "d-express-count" 22
 "cell-count" 56
 15 0 -3 160
 105 -3 -3 137
 15 -1 0 67
 15 -4 1 330
 15 -2 -3 244
 15 1 2 154
 15 2 -3 67
 15 -2 2 31
 15 3 2 310
 15 -2 4 130
 15 0 3 174
 105 3 -3 132
 15 -4 -1 80
 15 -1 2 88
 105 1 -4 236
 15 -1 1 237
 15 -2 -2 308
 15 -1 3 51
 15 1 4 6
 15 4 1 252
 15 -3 3 185
 105 0 -4 105
 15 4 0 101
 15 -3 2 251
 15 -3 -2 247
 15 2 3 308
 15 -4 0 137
 15 -1 -3 326
 55 2 2 71
 55 2 -2 159
 55 -1 -1 269
 55 0 -1 276
 55 2 -1 103
 55 1 1 173
 5 3 -2 292
 55 -3 -1 26
 55 3 0 57
 55 -2 -1 300
 55 -3 1 214
 5 0 4 269
 5 1 -1 264
 55 -3 0 316
 55 -4 2 328
 55 -1 -2 150
 55 0 1 315
 55 2 0 270
 55 -2 3 149
 55 2 1 54
 55 0 -2 98
 55 3 -1 275
 55 0 2 144
 55 1 -3 182
 5 4 -1 173
 55 0 0 282
 55 1 -2 160
 55 3 1 9
 "contig-ratio-green-core" 1.3076923076923077
 "contig-ratio-red-core" 0.9333333333333333
