 "a-count" 8
 "b-count" 5
 "c-color-count" 24
 "c-express-count" 23
 "d-color-count" 22
 "d-express-count" 20
 "cell-count" 56
 15 0 4 325
 15 3 -1 49
 105 1 -4 175
 105 0 -4 46
 105 -1 -3 9
 15 -3 -2 83
 15 1 -3 212
 15 4 0 154
 15 -2 -2 332
 15 4 -1 97
 15 -2 -1 320
 15 0 -3 262
 15 -1 -2 286
 15 -4 0 30
 15 1 3 110
 15 3 2 53
 15 2 2 309
 15 4 1 332
 105 -2 -3 198
 105 3 -3 354
 15 3 -2 347
 15 1 1 250
 15 -3 2 173
 105 -3 3 174
 15 -4 -1 159
 15 -1 3 57
 15 -1 4 107
 15 -4 -2 270
 55 2 -2 242
 5 -2 1 120
 55 3 0 290
 55 -2 3 314
 5 2 -3 56
 55 -1 -1 58
 55 1 -1 47
 55 1 4 202
 55 1 0 33
 55 0 -2 274
 55 -3 -3 166
 55 -1 1 108
 55 1 -2 307
 55 -3 0 273
 55 1 2 52
 55 2 0 232
 55 0 1 195
 55 2 1 80
 5 -2 2 82
 55 2 -1 161
 5 -4 1 19
 55 3 1 169
 55 -3 1 176
 55 0 3 327
 55 0 -1 27
 55 -1 0 227
 55 -2 0 272
 55 0 0 217
 "contig-ratio-green-core" 0.9333333333333333
 "contig-ratio-red-core" 0.9333333333333333
 "a-count" 7
 "b-count" 4
 "c-color-count" 24
 "c-express-count" 24
 "d-color-count" 21
 "d-express-count" 21
 "cell-count" 56
 15 -1 3 290
 15 -2 -2 339
 105 -2 -4 313
 15 -2 2 20
 15 -3 -2 349
 15 2 2 316
 15 -3 -3 61
 15 -4 0 261
 15 0 -4 359
 15 3 1 147
 15 -1 -3 134
 105 3 2 131
 15 -3 -1 292
 105 4 -1 204
 15 0 -3 324
 15 -2 3 357
 15 0 5 192
 15 -2 -3 243
 105 -3 2 280
 15 4 0 237
 105 -4 -1 165
 105 2 -3 111
 15 -1 4 73
 15 2 -1 293
 15 1 3 221
 15 -1 -4 10
 105 3 -3 121
 15 1 -3 64
 55 -3 0 310
 55 0 -2 71
 5 1 4 148
 5 2 -2 91
 55 -2 1 337
 55 -2 0 162
 55 1 -2 20
 55 2 1 321
 55 0 2 171
 55 1 2 20
 55 -1 1 33
 55 -1 0 139
 5 -3 3 82
 55 -1 -1 285
 55 0 1 41
 55 0 4 44
 55 0 -1 113
 55 -1 2 73
 5 -4 1 206
 55 0 0 72
 55 -1 -2 347
 55 1 -1 316
 55 -3 1 131
 55 3 0 285
 55 1 0 21
 55 1 1 173
 55 -2 -1 141
 55 2 0 257
 "contig-ratio-green-core" 1
 "contig-ratio-red-core" 0.625
 "a-count" 5
 "b-count" 5
 "c-color-count" 24
 "c-express-count" 23
 "d-color-count" 24
 "d-express-count" 23
 "cell-count" 56
 15 2 -2 49
 15 -1 -1 235
 15 2 1 276
 15 3 3 16
 105 -3 3 326
 15 -1 -4 305
 15 -1 4 225
 15 -2 2 75
 15 -2 -3 2
 15 1 -2 168
 15 1 4 312
 15 -2 -1 328
 15 3 2 337
 15 1 -3 275
 15 3 1 215
 15 -1 2 5
 15 4 0 202
 15 3 -1 100
 105 -3 2 98
 15 4 1 312
 15 -1 3 317
 105 -2 3 282
 15 -3 -2 57
 15 0 2 132
 15 2 2 107
 15 -3 1 175
 15 2 -3 354
 105 -2 -2 152
 55 0 -1 213
 55 0 3 62
 55 -4 0 64
 55 0 0 192
 55 0 1 190
 55 -2 0 222
 5 -4 -1 305
 55 2 3 67
 55 1 3 196
 5 3 -2 195
 55 -2 1 69
 55 0 4 176
 55 3 -3 329
 55 -1 1 142
 55 0 -4 55
 55 1 1 305
 55 -1 0 272
 55 -3 0 86
 55 0 -3 89
 55 2 -1 222
 55 1 -1 178
 55 3 0 26
 55 -3 -1 224
 5 2 0 141
 55 -1 -3 347
 55 1 0 215
 5 -1 -2 228
 55 1 2 283
 "contig-ratio-green-core" 1.0476190476190477
 "contig-ratio-red-core" 0.9047619047619048
