 "a-count" 6
 "b-count" 4
 "c-color-count" 24
 "c-express-count" 24
 "d-color-count" 22
 "d-express-count" 22
 "cell-count" 56
 15 3 -1 144
 15 -4 1 39
 15 2 3 241
 15 -2 -3 132
 15 1 -3 138
 105 -4 1 18
 105 4 -1 201
 105 -4 -1 131
 15 0 4 37
 105 3 -2 17
 15 3 -3 349
 15 -3 -1 26
 15 -2 1 107
 105 4 0 9
 15 4 1 229
 15 -1 -3 313
 15 0 -4 165
 15 -2 4 47
 15 2 2 124
 15 2 -2 247
 15 -2 -1 358
 15 3 0 59
 105 1 -4 55
 15 2 -1 241
 15 -2 -2 228
 15 3 1 176
 15 -1 3 83
 15 -5 0 187
 55 1 -2 147
 55 -3 2 239
 55 1 -1 300
 5 -2 0 321
 55 0 1 167
 55 -3 0 62
 55 -1 2 13
 55 0 2 261
 55 0 3 71
 55 -1 1 230
 55 1 3 64
 5 -1 -4 197
 55 0 -1 106
 55 -4 0 277
 55 -1 -2 280
 5 -3 3 167
 55 0 0 114
 55 1 0 99
 55 -3 -3 145
 55 -2 2 281
 55 2 0 153
 55 1 2 216
 55 -3 1 144
 55 -1 4 10
 55 2 1 310
 55 0 -3 270
 5 2 -3 317
 55 0 -2 108
 "contig-ratio-green-core" 0.8888888888888888
 "contig-ratio-red-core" 0.6923076923076923
 "a-count" 11
 "b-count" 5
 "c-color-count" 23
 "c-express-count" 23
 "d-color-count" 19
 "d-express-count" 17
 "cell-count" 56
 15 -2 -2 134
 105 2 3 166
 105 -2 -3 343
 15 1 -2 79
 15 0 3 56
 15 -4 1 185
 15 2 -3 167
 105 -1 -4 327
 15 -2 1 354
 15 4 1 233
 15 0 -3 152
 15 -1 3 139
 15 -2 2 123
 105 3 2 345
 105 3 -1 263
 105 1 -4 197
 105 4 -1 131
 15 3 1 124
 15 2 -1 37
 105 4 0 113
 105 -1 2 180
 15 -1 -3 343
 15 2 2 183
 15 0 2 223
 15 3 0 124
 15 2 -2 7
 15 0 -2 207
 15 -3 1 94
 55 -1 4 2
 55 -2 0 163
 55 -1 -2 278
 55 2 0 145
 55 -4 0 233
 55 1 2 167
 5 -3 -2 108
 5 1 4 67
 55 2 1 116
 5 3 3 293
 55 -3 -1 25
 55 1 3 141
 55 1 0 206
 55 -2 -1 109
 55 0 -1 278
 55 -1 1 132
 55 -3 0 233
 55 1 -1 242
 5 3 -3 97
 55 -3 3 282
 55 0 1 97
 5 -4 -1 273
 55 1 -3 8
 55 -1 0 223
 55 0 0 263
 55 -2 3 215
 55 -1 -1 219
 55 1 1 95
 "contig-ratio-green-core" 1.0769230769230769
 "contig-ratio-red-core" 0.8823529411764706
 "a-count" 6
 "b-count" 5
 "c-color-count" 23
 "c-express-count" 23
 "d-color-count" 22
 "d-express-count" 22
 "cell-count" 56
 15 -2 1 331
 15 1 -3 286
 15 -3 -1 117
 15 1 3 330
 15 -1 -3 313
 15 1 -1 190
 105 -2 -3 302
 105 -1 -2 248
 15 0 -1 153
 15 3 3 341
 15 2 3 196
 15 -4 -1 254
 15 4 -1 11
 15 4 0 63
 15 4 1 271
 15 -3 3 306
 105 -4 1 274
 105 -1 -4 14
 105 3 -3 155
 15 3 2 267
 15 -3 0 189
 105 1 4 74
 15 -1 -1 181
 15 -2 3 297
 15 2 -2 217
 15 -2 2 304
 15 3 -1 239
 15 0 -2 210
 5 -1 2 245
 55 3 1 327
 55 -1 4 107
 55 1 2 252
 55 1 1 33
 55 0 3 142
 5 -3 1 159
 55 1 -4 265
 55 2 0 228
 55 2 1 232
 55 0 -4 321
 55 1 0 164
 5 -3 -2 296
 5 0 2 200
 55 3 0 157
 55 -2 0 195
 55 0 1 281
 55 -2 -1 354
 55 2 -1 125
 55 -1 0 95
 55 -1 3 312
 55 0 0 227
 5 -2 -2 138
 55 2 2 198
 55 0 4 351
 55 3 -2 217
 55 -1 1 51
 55 0 -3 71
 "contig-ratio-green-core" 0.9411764705882353
 "contig-ratio-red-core" 0.8823529411764706
