 "a-count" 8
 "b-count" 1
 "c-color-count" 27
 "c-express-count" 27
 "d-color-count" 21
 "d-express-count" 20
 "cell-count" 56
 15 1 3 185
 15 -1 -3 203
 15 -2 3 70
 105 -4 1 5
 105 3 -1 208
 15 -2 -2 351
 15 1 -4 101
 15 -4 0 91
 15 2 -1 198
 105 3 3 213
 15 4 1 14
 15 4 0 128
 15 1 -3 118
 15 -3 -1 114
 15 -2 2 305
 105 3 -2 224
 15 -3 3 90
 15 2 2 356
 15 1 4 283
 105 2 -3 306
 15 -2 1 136
 15 2 3 79
 15 -3 -3 292
 15 1 -2 313
 105 -3 2 196
 15 0 4 53
 105 2 -2 167
 15 -3 1 203
 55 -2 -1 275
 55 -1 2 197
 55 -1 4 346
 55 3 0 164
 55 -1 -2 167
 55 -1 -1 237
 55 2 0 192
 55 0 -1 130
 55 0 0 122
 55 0 2 261
 55 0 1 104
 5 3 2 197
 55 0 -3 165
 55 1 2 223
 55 1 1 348
 55 0 3 152
 55 2 1 271
 55 -1 0 93
 55 -2 0 22
 55 -3 -2 88
 55 -3 0 337
 55 -1 1 288
 55 1 0 303
 55 3 1 350
 55 0 -4 151
 55 -1 3 124
 55 0 -2 141
 55 1 -1 198
 "contig-ratio-green-core" 0.9411764705882353
 "contig-ratio-red-core" 0.9411764705882353
 "a-count" 7
 "b-count" 2
 "c-color-count" 26
 "c-express-count" 26
 "d-color-count" 24
 "d-express-count" 21
 "cell-count" 56
 15 3 0 0
 15 -1 2 188
 15 -3 2 109
 15 -3 -2 351
 15 1 -3 215
 15 -2 2 348
 15 2 3 200
 15 3 1 273
 15 0 3 49
 15 1 4 343
 105 0 -2 125
 15 1 2 103
 15 -4 1 105
 15 -1 3 175
 15 -2 3 313
 15 3 3 85
 15 -4 -1 281
 105 -3 3 88
 15 2 2 122
 15 3 -3 155
 15 2 1 142
 15 3 2 184
 15 0 2 179
 15 -3 -1 64
 15 0 4 33
 105 -4 0 25
 105 1 -4 339
 15 4 0 49
 55 2 0 173
 55 3 -1 150
 55 2 -1 285
 55 2 -3 151
 5 -1 -3 79
 5 -1 -4 123
 55 -1 0 291
 55 -1 -1 311
 55 1 -1 165
 55 -2 -3 1
 55 -3 0 65
 55 0 -1 111
 55 1 -2 72
 55 -2 -2 289
 55 4 1 3
 55 -2 1 347
 55 -1 1 310
 55 0 0 57
 55 2 -2 83
 55 3 -2 37
 55 -2 0 208
 55 -3 1 203
 55 0 -4 123
 55 0 1 177
 55 -2 -1 116
 55 1 1 35
 55 0 -3 13
 55 1 0 299
 "contig-ratio-green-core" 0.6470588235294118
 "contig-ratio-red-core" 0.6666666666666666
 "a-count" 7
 "b-count" 8
 "c-color-count" 21
 "c-express-count" 20
 "d-color-count" 21
 "d-express-count" 21
 "cell-count" 56
 15 0 -2 40
 105 4 1 187
 15 -2 1 162
 15 -2 3 72
 15 3 1 57
 15 0 2 299
 15 -3 0 166
 15 2 -2 108
 105 1 3 117
 15 0 3 308
 15 1 -2 114
 15 3 -1 86
 15 -3 2 247
 15 -3 -2 294
 15 1 2 357
 15 -4 -1 261
 15 1 -3 137
 15 4 0 56
 105 1 4 149
 15 -3 -1 165
 15 -1 -3 284
 15 2 1 143
 105 -2 -3 78
 105 2 3 220
 15 4 -1 197
 105 3 3 350
 105 -3 -3 60
 15 -1 4 345
 55 0 -1 328
 55 -1 0 130
 55 -2 0 312
 55 1 -1 337
 55 -1 1 54
 5 -3 3 204
 5 -1 -4 155
 5 0 -3 24
 55 2 0 239
 55 0 0 1
 55 -1 -1 98
 55 1 0 58
 55 3 0 125
 55 -1 3 41
 5 3 -2 311
 55 -3 1 343
 55 -2 -2 134
 55 0 -4 302
 55 -2 -1 170
 55 0 1 141
 55 2 -1 359
 55 3 -3 359
 55 -1 2 42
 55 -1 -2 47
 5 -4 1 82
 5 2 2 113
 5 2 -3 3
 55 1 1 163
 "contig-ratio-green-core" 1.125
 "contig-ratio-red-core" 0.9285714285714286
 "a-count" 4
 "b-count" 5
 "c-color-count" 23
 "c-express-count" 23
 "d-color-count" 24
 "d-express-count" 24
 "cell-count" 56
 15 2 -2 273
 15 2 -1 58
 105 3 -3 338
 15 1 -3 0
 15 -2 -3 205
 15 1 4 266
 15 -3 -2 103
 15 1 -2 133
 15 2 -3 133
 15 4 -1 186
 15 -1 4 313
 105 1 3 29
 15 -3 1 63
 15 -2 -2 120
 15 1 2 80
 15 -1 2 272
 105 1 -4 45
 15 -3 2 283
 15 -4 2 189
 15 0 -3 19
 15 -1 -3 145
 15 -4 1 114
 15 3 2 20
 105 2 2 149
 15 4 0 80
 15 -2 1 299
 15 3 -2 341
 15 -4 0 142
 55 -3 3 20
 55 0 4 253
 5 -3 -3 92
 5 0 -4 270
 55 0 1 140
 55 2 0 269
 55 0 -1 51
 55 3 1 63
 55 -3 0 327
 55 -1 1 251
 55 -2 0 339
 5 -2 2 171
 55 -1 0 121
 55 0 3 37
 5 -1 3 14
 55 3 0 178
 55 0 2 30
 55 -4 -1 65
 55 2 1 294
 55 0 0 132
 55 1 1 217
 55 1 -1 34
 5 2 3 157
 55 0 -2 145
 55 -3 -1 184
 55 -1 -2 94
 55 -1 -1 81
 55 -2 -1 166
 "contig-ratio-green-core" 0.875
 "contig-ratio-red-core" 0.8888888888888888
