 "a-count" 5
 "b-count" 3
 "c-color-count" 25
 "c-express-count" 25
 "d-color-count" 23
 "d-express-count" 23
 "cell-count" 56
 15 3 3 149
 15 2 2 151
 15 1 1 25
 15 -1 0 198
 15 2 3 235
 15 0 1 331
 15 -2 -2 140
 105 -4 -1 305
 15 -1 1 243
 105 3 -3 260
 15 1 0 245
 15 -3 1 51
 15 1 -1 329
 15 -2 0 229
 15 1 -2 0
 15 -1 -1 263
 15 2 -2 126
 105 0 -1 339
 15 -3 2 182
 15 -1 4 194
 15 0 0 122
 105 3 -2 141
 15 -2 2 153
 105 2 -1 283
 15 0 -2 114
 15 -2 1 356
 15 1 2 77
 15 -1 -2 54
 55 0 -4 38
 55 2 4 93
 55 0 2 350
 55 1 3 234
 55 2 1 255
 55 -4 1 202
 55 3 1 103
 55 -2 3 316
 55 4 -1 325
 55 -3 -2 2
 5 -3 3 158
 55 3 2 152
 55 -1 3 294
 55 0 4 43
 55 -4 0 118
 55 3 0 313
 55 1 -3 225
 55 -3 0 288
 55 -1 2 221
 55 1 -4 42
 55 0 -3 228
 55 -1 -4 132
 55 0 3 45
 5 -2 -3 233
 5 2 -3 144
 55 -3 -1 126
 55 1 4 322
 55 4 0 190
 "contig-ratio-green-core" 0.6363636363636364
 "contig-ratio-red-core" 0.6666666666666666
 "a-count" 6
 "b-count" 2
 "c-color-count" 26
 "c-express-count" 26
 "d-color-count" 23
 "d-express-count" 22
 "cell-count" 56
 15 -4 -1 319
 105 3 -1 238
 15 -1 0 33
 15 3 2 307
 15 -2 1 227
 15 -2 -1 269
 15 3 1 325
 15 3 0 275
 105 -3 0 55
 15 -2 0 336
 105 -3 3 47
 15 -1 2 149
 15 -1 1 182
 15 0 1 136
 15 3 3 200
 15 0 2 161
 15 0 0 145
 15 2 -1 334
 105 2 2 163
 15 1 2 70
 15 1 -2 258
 15 2 1 89
 105 1 0 254
 15 1 -3 220
 15 2 0 189
 15 2 -2 303
 15 1 -1 321
 15 -1 -4 49
 55 4 1 103
 55 -4 0 178
 55 0 -3 34
 55 1 3 261
 55 -1 3 94
 55 -2 2 117
 55 0 3 358
 55 -1 -1 337
 55 -4 1 302
 55 -3 -2 61
 55 -2 -3 62
 55 -3 -3 138
 55 0 -1 233
 55 -2 3 214
 55 -3 1 14
 55 -1 -2 299
 55 4 -1 101
 55 -1 4 163
 55 -2 -2 142
 55 0 4 131
 5 3 -3 30
 55 -1 -3 100
 5 1 -4 299
 55 0 -4 30
 55 4 -2 95
 55 3 -2 280
 55 -3 2 155
 55 4 0 236
 "contig-ratio-green-core" 0.5416666666666666
 "contig-ratio-red-core" 0.6875
 "a-count" 8
 "b-count" 5
 "c-color-count" 24
 "c-express-count" 23
 "d-color-count" 21
 "d-express-count" 20
 "cell-count" 56
 15 2 2 330
 105 -3 -2 48
 15 -2 2 353
 15 -4 -1 111
 15 -2 1 108
 105 2 -3 16
 15 0 3 160
 15 3 2 339
 15 -2 0 15
 15 4 1 22
 15 -2 -2 183
 15 -2 -3 74
 15 -1 2 90
 15 4 0 269
 15 -1 1 73
 15 0 2 71
 15 0 4 132
 15 -1 3 59
 105 -4 1 198
 15 2 -2 69
 105 -3 3 257
 105 3 -3 159
 15 -3 0 124
 15 1 2 143
 105 2 3 319
 15 2 -4 265
 15 3 1 181
 105 1 4 221
 55 -4 0 202
 55 1 0 277
 55 0 -4 3
 5 4 -1 270
 55 -1 -2 244
 55 3 3 23
 55 -3 1 338
 55 5 1 161
 55 2 0 110
 55 1 -4 126
 5 0 -1 313
 55 1 1 225
 5 -3 -1 290
 55 1 -3 47
 55 -2 3 329
 5 1 -1 9
 55 2 1 351
 55 -1 0 8
 55 3 -1 270
 55 2 -1 55
 55 0 -2 295
 55 0 1 323
 55 -3 2 356
 55 -2 -1 200
 55 0 0 303
 55 -1 -3 290
 55 1 -2 280
 55 3 0 174
 "contig-ratio-green-core" 0.875
 "contig-ratio-red-core" 0.8888888888888888
 "a-count" 5
 "b-count" 8
 "c-color-count" 20
 "c-express-count" 20
 "d-color-count" 25
 "d-express-count" 23
 "cell-count" 56
 15 -1 0 256
 15 0 0 313
 15 -2 0 60
 15 1 -1 95
 15 -3 1 101
 15 3 2 307
 15 1 1 334
 15 0 -2 212
 15 -2 1 187
 105 3 3 240
 15 1 3 205
 15 -3 -1 359
 15 0 1 162
 105 2 -1 219
 15 -3 2 101
 15 -1 4 243
 15 -3 0 263
 15 -1 -2 183
 15 -3 -2 178
 15 -2 -2 203
 15 -1 1 191
 15 0 2 259
 15 -1 -1 172
 105 -2 -1 254
 15 0 -1 209
 15 3 -1 91
 15 1 0 138
 15 -3 3 107
 55 3 0 181
 55 0 -4 123
 55 4 1 186
 55 -4 1 205
 55 -2 -4 70
 55 0 3 310
 5 2 -3 294
 55 2 -2 105
 55 1 -2 129
 55 4 -1 14
 55 -1 3 240
 5 3 -3 96
 55 -1 -3 66
 55 3 1 195
 55 -2 -3 206
 5 -4 0 291
 55 0 -3 329
 5 3 -2 321
 5 -4 -1 302
 5 0 4 124
 55 1 -3 98
 55 1 2 57
 55 2 2 142
 5 -2 3 341
 55 -1 -4 310
 55 -1 2 330
 55 4 0 214
 5 2 1 90
 "contig-ratio-green-core" 0.6
 "contig-ratio-red-core" 0.75
