 "a-count" 6
 "b-count" 3
 "c-color-count" 26
 "c-express-count" 25
 "d-color-count" 24
 "d-express-count" 22
 "cell-count" 56
 15 -1 0 97
 15 1 -2 280
 15 1 1 49
 15 -1 3 208
 15 0 2 347
 105 -4 -1 340
 15 3 -1 270
 105 -1 -4 116
 15 1 0 203
 105 0 -1 331
 15 -2 2 164
 15 1 -1 321
 15 -3 -3 121
 15 -3 2 151
 15 -3 -2 343
 105 -2 3 44
 15 2 0 96
 15 4 2 162
 15 0 0 308
 15 2 -2 201
 15 0 3 16
 15 -1 2 128
 15 -2 -3 249
 15 -1 -1 338
 15 -2 1 87
 15 -1 1 327
 15 0 -2 249
 15 2 -1 322
 55 3 -2 246
 55 1 -3 211
 55 -3 0 63
 55 -1 5 190
 55 -2 0 176
 55 1 3 303
 55 0 4 133
 55 -4 1 341
 55 3 2 138
 5 -2 -1 79
 55 2 2 315
 55 2 -3 358
 55 4 1 202
 55 1 -4 30
 55 -2 -2 22
 55 0 -4 331
 5 2 3 27
 55 -1 -2 163
 55 -3 1 334
 55 4 0 110
 55 -1 4 51
 55 1 2 150
 55 -4 2 150
 55 3 1 160
 55 -3 -1 344
 55 0 -3 182
 55 3 0 338
 55 4 -1 148
 "contig-ratio-green-core" 0.64
 "contig-ratio-red-core" 0.8888888888888888
 "a-count" 6
 "b-count" 9
 "c-color-count" 19
 "c-express-count" 19
 "d-color-count" 23
 "d-express-count" 22
 "cell-count" 56
 15 -1 2 126
 15 2 -3 173
 15 1 -4 141
 15 -2 0 228
 15 -1 3 94
 15 1 1 339
 15 -3 1 286
 105 -2 -1 64
 15 2 2 17
 15 -2 -2 282
 15 0 1 341
 15 0 3 15
 105 -3 -1 260
 15 -3 2 267
 15 -2 1 305
 105 0 0 165
 15 0 -2 213
 15 1 0 2
 15 -3 -2 115
 15 0 2 190
 15 -1 1 319
 15 3 2 352
 15 -1 0 191
 15 1 2 339
 15 -1 -2 32
 105 0 -1 70
 15 -2 2 165
 105 0 4 93
 55 3 -2 201
 55 -2 -4 20
 5 4 0 2
 5 -2 3 353
 55 1 -2 150
 5 3 3 62
 55 2 1 250
 55 -3 3 21
 5 4 1 293
 5 2 -1 149
 55 0 -4 51
 55 -3 -3 58
 55 1 -3 204
 55 -4 0 256
 5 2 -2 294
 55 -2 -3 290
 55 3 0 123
 55 -1 -4 111
 5 4 -1 251
 5 0 -3 30
 55 3 1 201
 5 1 4 77
 55 -1 -3 310
 55 -4 -1 16
 55 1 3 315
 55 -1 4 179
 55 1 -1 77
 55 3 -1 165
 "contig-ratio-green-core" 0.7647058823529411
 "contig-ratio-red-core" 0.6428571428571429
 "a-count" 3
 "b-count" 6
 "c-color-count" 23
 "c-express-count" 22
 "d-color-count" 26
 "d-express-count" 25
 "cell-count" 56
 15 1 0 280
 15 1 1 136
 15 0 0 219
 15 1 -4 109
 15 0 1 40
 15 -1 0 83
 15 3 -1 319
 15 2 0 313
 15 -2 2 180
 15 -3 -3 20
 15 2 4 113
 15 -2 1 158
 15 2 -1 50
 15 -1 2 92
 15 3 2 252
 15 -2 -2 160
 15 -1 1 106
 15 3 -2 293
 15 1 -1 204
 15 0 -1 243
 15 -1 -1 155
 15 -2 3 278
 15 4 1 245
 15 3 0 332
 105 -3 1 354
 15 3 1 84
 105 -2 -1 4
 15 -2 0 216
 5 -1 3 211
 55 0 2 32
 55 0 -2 284
 55 0 -3 50
 55 4 0 33
 55 -2 -3 226
 5 -3 3 5
 55 2 -2 96
 55 2 3 97
 55 1 -3 275
 55 -3 2 52
 55 0 -4 43
 55 0 3 282
 55 2 -3 240
 55 1 2 81
 55 -4 -1 232
 5 4 -1 45
 55 -4 1 95
 55 3 3 352
 55 1 3 74
 55 -1 -4 184
 5 -1 -2 313
 55 1 4 28
 55 3 -3 277
 55 -4 0 48
 5 2 -4 31
 55 2 2 209
 55 -3 -1 260
 "contig-ratio-green-core" 0.6666666666666666
 "contig-ratio-red-core" 0.5555555555555556
