 "a-count" 6
 "b-count" 5
 "c-color-count" 25
 "c-express-count" 23
 "d-color-count" 23
 "d-express-count" 22
 "cell-count" 56
 15 0 1 7
 15 -1 4 278
 15 1 -3 38
 105 -1 -3 227
 105 -1 -4 84
 105 4 0 339
 15 -3 1 243
 15 3 2 59
 15 0 0 77
 15 -3 2 174
 15 2 3 79
 15 -3 0 250
 15 3 0 183
 15 -1 1 28
 15 2 2 348
 15 4 1 59
 15 3 -3 23
 15 0 2 76
 15 -1 0 319
 15 1 1 20
 15 -3 3 206
 15 -2 -1 229
 105 -2 0 167
 15 -3 -1 147
 15 -2 1 263
 15 1 3 265
 105 3 -2 312
 15 -3 -2 95
 55 0 3 45
 55 0 4 70
 55 2 -2 44
 55 3 3 359
 55 4 -1 195
 55 1 0 94
 55 -4 1 246
 55 -4 0 254
 55 4 2 210
 5 -4 -1 330
 55 -1 -2 132
 55 -2 2 314
 55 1 -4 254
 55 -2 -2 190
 55 1 4 347
 55 1 -2 130
 55 0 -4 63
 55 2 1 198
 55 2 -3 241
 55 0 -1 143
 55 -1 -1 286
 5 1 -1 105
 55 3 -1 234
 55 0 -2 162
 55 2 0 11
 55 2 -1 27
 5 -3 -3 102
 55 -1 2 156
 "contig-ratio-green-core" 0.8
 "contig-ratio-red-core" 0.8421052631578947
 "a-count" 7
 "b-count" 7
 "c-color-count" 21
 "c-express-count" 21
 "d-color-count" 25
 "d-express-count" 21
 "cell-count" 56
 15 2 2 206
 105 -3 -2 37
 15 2 -3 299
 15 3 0 120
 15 -3 1 242
 15 3 -1 57
 105 -3 -3 222
 15 4 0 7
 15 1 0 280
 15 -2 0 280
 15 0 0 124
 15 3 -2 39
 15 1 -4 255
 15 -2 -3 313
 15 0 1 98
 15 2 0 30
 15 1 1 202
 15 -1 1 170
 15 -1 4 288
 15 1 -1 52
 15 1 2 244
 15 2 1 126
 15 -3 0 242
 15 -1 0 199
 15 -4 0 161
 15 -2 1 323
 105 3 1 229
 15 2 -1 238
 5 -1 -4 271
 55 -1 -3 269
 55 1 -2 144
 5 -1 2 21
 55 1 -3 133
 5 4 -1 278
 55 -2 -1 345
 55 0 3 60
 55 3 -3 258
 55 0 4 245
 55 -3 2 285
 55 2 -2 89
 55 0 -2 29
 55 2 3 251
 55 0 -3 48
 55 -1 -1 351
 55 -2 3 60
 55 -2 2 247
 55 -1 3 50
 5 -2 -2 195
 5 4 1 291
 55 -4 1 281
 5 1 3 24
 55 3 3 49
 55 0 -1 313
 55 0 -4 301
 55 -4 -1 263
 5 -3 3 195
 "contig-ratio-green-core" 0.7333333333333333
 "contig-ratio-red-core" 0.7058823529411765
 "a-count" 7
 "b-count" 4
 "c-color-count" 25
 "c-express-count" 24
 "d-color-count" 22
 "d-express-count" 21
 "cell-count" 56
 105 4 1 179
 15 1 -1 5
 105 -3 3 237
 15 0 3 326
 15 2 -1 92
 15 2 0 327
 15 0 -2 112
 105 4 0 278
 15 1 -2 114
 15 -1 -2 66
 15 4 -1 37
 15 0 -1 354
 15 0 2 47
 15 -3 0 67
 15 -1 3 187
 15 -2 -2 88
 15 -2 -3 186
 15 -3 1 331
 15 3 1 342
 15 1 3 194
 15 0 4 202
 105 -3 2 50
 15 -2 2 270
 105 1 4 26
 15 -1 2 209
 105 -3 -3 73
 15 3 -1 144
 15 -1 -1 121
 55 -1 -3 201
 55 0 -4 272
 55 3 -3 63
 55 2 2 60
 55 2 3 207
 5 3 2 149
 55 -3 -2 166
 5 3 -2 78
 55 -3 -1 86
 55 -4 -1 254
 55 0 0 22
 55 2 1 28
 55 -1 -4 305
 55 1 1 26
 55 0 1 51
 55 1 -4 126
 55 -1 1 32
 5 -4 1 205
 55 1 -3 93
 55 -2 0 36
 55 -1 4 327
 55 -1 0 208
 55 2 -3 4
 55 1 2 36
 55 1 0 109
 55 -2 1 36
 55 -2 -1 345
 55 0 -3 219
 "contig-ratio-green-core" 0.7619047619047619
 "contig-ratio-red-core" 0.8888888888888888
 "a-count" 5
 "b-count" 6
 "c-color-count" 22
 "c-express-count" 22
 "d-color-count" 23
 "d-express-count" 23
 "cell-count" 56
 15 0 4 177
 15 1 1 77
 15 3 2 210
 105 0 0 137
 15 0 -3 142
 105 -3 3 55
 15 0 1 205
 15 3 -1 288
 15 -1 2 75
 15 2 2 355
 15 1 4 352
 15 0 -2 222
 15 -1 3 11
 15 -1 -2 220
 15 0 -1 273
 105 -4 1 11
 105 -2 -1 223
 15 0 2 183
 15 -1 -1 255
 15 0 4 211
 15 -1 1 282
 15 -2 0 326
 15 1 2 297
 105 0 3 33
 15 -2 1 83
 15 -1 0 119
 15 -2 2 128
 15 -3 -2 145
 55 3 2 200
 55 2 0 217
 55 -2 3 38
 55 -3 2 298
 55 1 -1 286
 55 4 1 44
 55 3 3 164
 55 -1 -3 344
 5 -1 4 135
 5 -3 1 59
 55 3 0 134
 55 0 5 194
 55 2 -1 321
 55 3 1 353
 55 -4 0 87
 5 2 -2 299
 5 2 -3 282
 55 -4 -1 179
 55 -3 -3 334
 55 2 1 78
 55 1 -2 170
 55 2 3 152
 55 4 0 344
 5 3 -2 3
 55 4 2 20
 55 -1 5 30
 5 1 3 131
 55 -1 -4 166
 "contig-ratio-green-core" 0.6111111111111112
 "contig-ratio-red-core" 0.8
