 "a-count" 5
 "b-count" 5
 "c-color-count" 23
 "c-express-count" 23
 "d-color-count" 23
 "d-express-count" 23
 "cell-count" 56
 15 0 2 339
 105 -3 -1 300
 15 1 3 95
 15 -2 -1 25
 15 -2 1 231
 105 -1 1 194
 15 -1 2 267
 15 0 1 164
 15 3 -2 160
 15 2 2 189
 15 0 -1 242
 105 3 -3 74
 15 1 2 141
 15 1 4 34
 15 -1 -1 269
 15 -3 0 48
 15 -3 1 127
 15 -1 0 244
 15 -2 -2 205
 15 1 0 303
 15 2 1 229
 15 0 0 56
 15 3 1 354
 15 -2 0 105
 105 -1 -4 16
 15 2 0 174
 15 3 0 1
 105 -4 1 322
 55 1 -4 3
 5 -2 -3 75
 55 0 -3 170
 55 1 -2 62
 55 -2 4 173
 5 -3 -2 268
 55 -4 0 270
 5 -3 2 346
 55 4 0 126
 55 -1 3 228
 55 0 -4 11
 55 0 -2 95
 5 2 3 305
 55 -1 4 177
 55 0 4 322
 55 -2 3 180
 55 0 3 243
 55 4 1 51
 55 3 2 39
 55 -1 -2 326
 55 1 -3 289
 55 2 -3 80
 55 2 -2 146
 55 -3 -3 11
 55 -4 -1 311
 5 2 -1 62
 55 -2 2 115
 55 3 3 129
 "contig-ratio-green-core" 0.5909090909090909
 "contig-ratio-red-core" 0.6470588235294118
 "a-count" 4
 "b-count" 4
 "c-color-count" 24
 "c-express-count" 24
 "d-color-count" 25
 "d-express-count" 24
 "cell-count" 56
 15 -2 0 339
 15 0 -4 298
 105 1 4 159
 15 0 -3 27
 15 1 2 341
 15 0 -2 137
 105 -3 0 91
 15 0 4 195
 15 0 3 197
 15 1 -3 113
 15 1 3 157
 15 3 -1 218
 15 -1 3 139
 15 -2 -1 269
 15 0 -1 158
 15 -2 -2 122
 15 -1 -1 320
 105 -1 -4 185
 15 2 -3 258
 15 1 -2 267
 15 2 3 310
 15 -3 1 56
 15 -1 0 269
 15 0 2 197
 15 -4 -3 317
 15 -1 -2 325
 15 3 1 116
 15 -1 2 198
 5 3 3 47
 55 3 -2 261
 55 -2 -3 164
 55 -3 -3 109
 55 2 0 8
 55 2 1 174
 5 1 -4 267
 55 0 0 79
 55 -4 -1 107
 55 -2 3 151
 55 2 2 89
 55 0 1 218
 55 2 -1 50
 55 1 0 48
 55 -3 -2 270
 55 1 -1 180
 55 -3 2 352
 55 1 1 32
 55 2 -2 301
 55 3 0 104
 55 -4 -2 143
 55 -4 0 50
 5 3 -3 216
 55 -3 3 267
 5 4 1 25
 55 -1 -3 38
 55 2 -4 247
 55 4 0 3
 "contig-ratio-green-core" 0.7894736842105263
 "contig-ratio-red-core" 0.6666666666666666
 "a-count" 10
 "b-count" 5
 "c-color-count" 24
 "c-express-count" 23
 "d-color-count" 21
 "d-express-count" 18
 "cell-count" 56
 15 3 -1 36
 15 2 1 90
 15 1 -4 82
 105 1 -2 192
 15 0 -3 69
 15 1 1 39
 105 -1 4 36
 15 -3 2 160
 15 1 0 202
 15 1 2 189
 15 -2 -3 154
 15 -1 -2 243
 15 2 -2 312
 15 2 0 336
 105 -1 -3 274
 15 0 -1 155
 15 -2 -2 75
 15 3 0 334
 105 -4 1 71
 15 2 2 161
 15 3 1 341
 15 2 -1 85
 105 4 -1 36
 105 4 0 266
 15 1 -1 45
 105 3 -2 98
 15 -4 0 257
 15 -4 -1 83
 55 2 3 67
 55 -3 3 303
 55 -1 3 184
 55 -2 1 76
 55 -1 2 227
 55 0 4 111
 55 -3 -1 108
 55 0 3 7
 55 0 0 115
 55 1 4 121
 5 0 -4 355
 55 -1 0 52
 5 -2 0 5
 55 3 3 357
 55 -3 1 133
 55 1 -3 71
 5 2 -3 22
 55 2 4 235
 55 -3 -3 106
 5 4 1 97
 55 0 1 63
 55 -1 -1 351
 55 -3 -2 202
 55 0 -2 22
 55 1 3 201
 55 -1 1 286
 55 0 2 270
 55 -2 -1 162
 "contig-ratio-green-core" 0.6666666666666666
 "contig-ratio-red-core" 1
 "a-count" 8
 "b-count" 4
 "c-color-count" 24
 "c-express-count" 24
 "d-color-count" 22
 "d-express-count" 20
 "cell-count" 56
 15 -1 1 72
 105 0 -4 148
 15 0 1 175
 15 0 3 235
 15 1 3 78
 15 1 1 37
 15 1 -3 77
 105 2 0 294
 15 -1 3 113
 15 3 -1 216
 15 3 1 156
 105 -2 3 187
 15 2 2 86
 15 2 -2 307
 15 -1 -3 257
 15 4 1 252
 15 2 1 289
 105 -3 0 319
 15 4 -1 312
 15 0 -3 96
 15 -2 -1 235
 15 -4 0 79
 15 2 -1 310
 15 -1 -2 217
 15 -1 2 208
 105 0 2 259
 105 1 2 111
 15 3 0 56
 55 0 0 156
 5 4 0 139
 5 1 4 27
 55 1 -1 202
 55 0 -2 271
 55 -2 -3 197
 55 1 -2 152
 55 -3 2 97
 55 -1 -1 261
 55 3 -3 122
 55 -4 -1 216
 55 -1 4 317
 55 -3 1 111
 55 2 3 194
 55 -2 1 80
 55 3 3 110
 55 3 2 265
 55 -2 -2 293
 5 -2 2 317
 55 2 -3 295
 55 -1 0 317
 5 3 -2 32
 55 -2 0 241
 55 -3 3 223
 55 -3 -3 13
 55 0 -1 210
 55 -5 -1 247
 55 0 4 165
 "contig-ratio-green-core" 0.6363636363636364
 "contig-ratio-red-core" 0.75
