 "a-count" 4
 "b-count" 6
 "c-color-count" 23
 "c-express-count" 22
 "d-color-count" 26
 "d-express-count" 24
 "cell-count" 56
 15 1 2 330
 15 -2 2 25
 15 1 4 175
 15 -3 2 232
 15 -3 1 293
 15 -1 2 241
 15 0 3 80
 15 0 2 23
 15 4 0 164
 15 -2 -3 290
 15 2 2 198
 15 0 4 44
 15 1 -3 57
 105 2 -2 320
 15 -3 0 154
 15 -1 -2 208
 15 1 3 152
 15 -4 1 22
 105 -1 4 29
 15 0 -2 119
 15 2 -3 197
 15 -1 3 291
 15 -2 0 261
 15 1 -4 224
 15 3 -1 14
 15 3 0 122
 15 -2 1 109
 15 2 3 239
 55 1 0 255
 55 0 0 223
 55 0 1 62
 55 4 -1 195
 55 3 -3 14
 55 -1 -1 179
 55 2 1 115
 55 3 2 306
 55 0 -4 9
 5 -4 0 217
 55 -2 -2 226
 5 0 -3 122
 55 1 1 298
 55 0 -1 97
 55 1 -2 302
 55 -1 1 221
 5 -1 -3 133
 55 2 0 271
 55 -3 -3 7
 55 -3 -1 49
 55 -1 0 311
 5 -1 -4 92
 55 2 -1 27
 5 -4 -1 78
 55 -2 -1 311
 55 -3 3 103
 55 3 -2 216
 55 1 -1 110
 "contig-ratio-green-core" 0.9333333333333333
 "contig-ratio-red-core" 0.8636363636363636
 "a-count" 6
 "b-count" 6
 "c-color-count" 25
 "c-express-count" 22
 "d-color-count" 23
 "d-express-count" 22
 "cell-count" 56
 15 -3 0 346
 15 -1 2 355
 15 1 2 274
 15 -2 2 319
 105 -4 1 47
 105 2 3 278
 15 3 -1 51
 15 -2 3 216
 15 -2 -3 184
 15 2 -2 295
 15 0 3 298
 105 3 -2 192
 15 1 -1 344
 15 -1 3 242
 105 4 -1 278
 15 2 0 89
 15 1 4 279
 15 -3 -2 184
 15 -3 -3 298
 15 -3 1 32
 15 0 2 142
 105 4 1 266
 15 0 4 185
 15 1 0 205
 15 1 1 184
 15 2 1 19
 15 2 -1 39
 15 2 -3 195
 55 0 -4 266
 55 1 -4 351
 55 -1 -1 91
 5 0 -3 132
 55 2 2 30
 55 -2 -1 169
 55 -5 0 34
 55 3 2 215
 55 -1 1 78
 5 0 -2 293
 55 -1 4 201
 55 -2 0 330
 55 -2 -2 103
 55 -4 0 186
 55 1 -3 74
 55 3 0 264
 55 3 3 71
 55 -3 -1 45
 55 -3 2 214
 55 1 3 101
 55 -2 1 266
 55 0 1 238
 5 3 -3 130
 55 -1 -3 340
 55 -1 0 219
 55 0 -1 291
 55 -1 -2 28
 55 0 0 60
 "contig-ratio-green-core" 0.7647058823529411
 "contig-ratio-red-core" 0.7272727272727273
 "a-count" 8
 "b-count" 5
 "c-color-count" 23
 "c-express-count" 23
 "d-color-count" 21
 "d-express-count" 20
 "cell-count" 56
 15 -2 0 157
 15 -2 -1 151
 15 4 0 156
 15 0 -1 213
 105 4 -1 188
 105 -2 2 267
 105 3 3 249
 15 0 0 87
 15 0 -2 110
 105 -3 -3 136
 15 -1 2 353
 15 1 -3 194
 15 4 1 287
 15 -2 3 122
 105 0 3 60
 15 -1 3 246
 15 1 3 115
 105 1 4 76
 105 1 -4 110
 15 -3 -1 223
 15 -1 -2 327
 15 -1 -1 78
 15 -2 1 145
 15 1 -2 129
 15 1 -1 338
 15 2 -3 272
 15 -1 0 67
 15 -1 1 328
 55 -3 0 114
 5 -1 -4 288
 55 0 1 208
 5 3 -3 163
 55 2 1 287
 55 3 1 146
 55 -3 -2 326
 55 -3 1 166
 55 -1 4 273
 5 -1 -3 335
 55 -4 1 326
 55 -4 0 120
 55 1 2 115
 55 -2 -3 115
 55 2 2 101
 55 2 -1 77
 55 1 0 0
 55 2 3 290
 5 0 -4 93
 55 3 -2 220
 55 3 0 227
 5 3 2 107
 55 0 -3 189
 55 0 2 268
 55 3 -1 329
 55 2 0 305
 55 -2 -2 125
 55 -3 3 70
 "contig-ratio-green-core" 0.8235294117647058
 "contig-ratio-red-core" 0.8235294117647058
 "a-count" 4
 "b-count" 3
 "c-color-count" 26
 "c-express-count" 25
 "d-color-count" 24
 "d-express-count" 24
 "cell-count" 56
 15 -3 -1 87
 15 0 2 170
 15 2 2 151
 105 -1 -3 196
 15 -1 0 42
 15 -2 0 45
 15 -2 1 84
 15 1 -2 186
 15 -3 3 343
 15 1 2 177
 15 -1 -1 300
 105 3 2 170
 15 -2 -1 117
 15 -3 1 29
 15 -3 -2 16
 15 4 0 167
 105 -1 4 212
 15 3 1 67
 15 2 -3 94
 15 0 1 253
 105 1 3 241
 15 0 3 72
 15 -1 1 167
 15 1 1 212
 15 -1 2 13
 15 -3 0 173
 15 0 4 299
 15 2 -2 19
 55 4 -1 50
 55 2 1 166
 55 3 -2 105
 55 2 3 356
 55 3 -1 54
 55 -4 -1 308
 55 -3 -3 343
 55 -2 -3 64
 55 0 -3 301
 55 0 -1 59
 55 0 -2 339
 5 0 -4 342
 55 2 0 80
 55 -2 3 56
 55 -2 2 195
 55 3 0 36
 55 -1 3 107
 55 3 -3 301
 55 -1 -2 67
 55 -3 2 59
 5 1 -3 262
 55 1 -1 272
 55 0 0 70
 55 -2 -2 287
 55 3 3 73
 55 -4 0 73
 55 4 1 252
 55 -4 1 176
 "contig-ratio-green-core" 0.7727272727272727
 "contig-ratio-red-core" 1.0588235294117647
