 "a-count" 1
 "b-count" 5
 "c-color-count" 23
 "c-express-count" 23
 "d-color-count" 27
 "d-express-count" 27
 "cell-count" 56
 15 4 2 177
 15 -3 2 93
 15 0 0 88
 15 -1 -2 69
 15 -3 -1 180
 15 -2 -2 267
 15 -4 1 315
 15 0 -4 195
 15 4 1 358
 15 2 2 172
 15 -2 4 128
 15 -5 0 136
 15 2 -1 22
 15 1 -4 63
 15 1 -1 237
 15 -4 2 261
 15 -3 0 110
 15 -3 1 106
 15 1 2 321
 15 0 1 199
 15 -1 5 330
 15 -1 4 71
 15 3 0 191
 15 0 -1 330
 15 1 0 201
 15 3 1 46
 105 2 1 330
 15 -4 0 196
 55 1 -3 181
 5 0 -2 11
 55 2 3 81
 55 3 -2 297
 5 3 2 214
 55 -1 -1 335
 55 -1 2 248
 55 3 -1 103
 5 0 -3 215
 5 3 3 37
 55 -2 3 328
 55 -2 0 68
 55 1 4 75
 55 -1 3 185
 55 -2 2 336
 5 3 -3 117
 55 0 2 348
 55 -2 -3 79
 55 -3 3 56
 55 -1 0 113
 55 4 -1 310
 55 0 3 262
 55 0 4 155
 55 -2 1 20
 55 -3 -3 29
 55 -3 -2 167
 55 2 -3 1
 55 1 3 256
 "contig-ratio-green-core" 0.7647058823529411
 "contig-ratio-red-core" 0.5925925925925926
 "a-count" 7
 "b-count" 6
 "c-color-count" 23
 "c-express-count" 22
 "d-color-count" 22
 "d-express-count" 21
 "cell-count" 56
 15 2 1 252
 15 -2 3 207
 105 1 -2 216
 15 -2 1 292
 15 1 0 333
 15 -4 -1 7
 15 2 2 71
 15 -3 2 320
 15 -1 1 335
 105 3 -3 132
 105 -1 3 165
 15 2 0 312
 15 1 2 101
 15 0 2 42
 15 1 -1 210
 15 -1 -1 356
 105 1 1 263
 15 0 -1 251
 15 -1 -3 17
 15 0 -2 280
 105 4 1 346
 15 -1 0 96
 15 -2 2 25
 15 0 0 243
 105 2 -3 331
 15 0 1 282
 15 -1 -2 315
 15 -3 3 210
 55 3 -1 66
 55 -3 -1 20
 55 -4 2 331
 55 -2 0 158
 5 1 4 322
 55 3 3 19
 55 0 -4 37
 5 1 3 43
 55 -3 -2 114
 5 -3 -3 286
 55 1 -4 295
 55 -3 1 138
 55 3 1 331
 55 0 -3 186
 55 -1 -4 100
 55 1 -3 56
 55 -3 0 97
 5 2 3 338
 55 0 3 76
 55 3 0 254
 5 -4 0 208
 55 0 4 310
 55 -2 -1 207
 55 -1 4 326
 55 2 -2 92
 55 2 -1 348
 55 -2 -2 2
 55 3 2 114
 "contig-ratio-green-core" 0.6111111111111112
 "contig-ratio-red-core" 0.7058823529411765
 "a-count" 5
 "b-count" 6
 "c-color-count" 23
 "c-express-count" 22
 "d-color-count" 24
 "d-express-count" 23
 "cell-count" 56
 15 -1 1 208
 15 0 3 171
 15 1 1 322
 15 2 0 292
 105 0 -3 335
 15 -2 -1 335
 15 2 -2 256
 15 -2 -3 47
 15 4 1 17
 15 -1 -4 234
 15 -1 0 30
 15 2 -1 127
 15 0 0 43
 15 4 -1 119
 15 0 4 116
 15 -2 1 260
 15 3 -1 122
 15 1 -3 340
 15 -3 -1 20
 15 0 2 169
 15 1 -1 79
 15 -1 -3 40
 15 -1 -2 16
 15 3 0 347
 105 -1 3 323
 105 -2 0 116
 105 1 3 32
 15 1 4 332
 55 -2 2 83
 55 2 -3 4
 55 -4 0 106
 55 0 -1 87
 55 3 -3 21
 5 -3 3 272
 55 3 1 175
 55 3 2 121
 55 -3 0 253
 55 1 2 305
 55 4 0 154
 55 -4 1 324
 5 3 -2 233
 55 4 -1 108
 55 -3 1 282
 55 -1 4 15
 55 0 -2 111
 55 1 0 6
 55 2 2 287
 55 2 1 59
 55 4 0 126
 55 -1 -1 253
 5 1 -4 227
 55 -3 -2 271
 5 -3 -3 223
 55 -2 -2 36
 5 -3 2 118
 55 -4 -1 116
 "contig-ratio-green-core" 0.85
 "contig-ratio-red-core" 0.9473684210526315
 "a-count" 7
 "b-count" 6
 "c-color-count" 22
 "c-express-count" 22
 "d-color-count" 22
 "d-express-count" 21
 "cell-count" 56
 15 -1 4 263
 105 2 3 265
 105 1 -1 236
 15 0 1 137
 15 -2 2 343
 15 1 -3 276
 15 1 0 213
 15 1 2 89
 15 -1 -2 20
 15 0 -4 98
 15 2 -3 168
 15 2 2 161
 15 -2 -1 306
 15 0 -2 268
 15 -2 0 261
 15 0 0 24
 15 1 -4 101
 15 0 2 60
 15 0 -1 145
 15 -1 0 226
 15 1 3 288
 105 -3 1 170
 15 -1 1 249
 15 0 -3 43
 105 -2 3 303
 15 1 -2 9
 105 -3 3 92
 105 -2 1 162
 55 2 -1 297
 5 -2 -2 193
 5 -4 0 71
 55 2 0 118
 5 -1 -3 179
 55 -1 -4 38
 55 -1 2 81
 55 2 1 249
 55 2 -2 89
 55 5 0 65
 55 -3 -2 59
 55 -3 -1 321
 55 3 0 92
 55 -1 -1 176
 55 1 1 229
 55 3 2 348
 55 -3 0 172
 55 3 -3 224
 55 4 0 225
 5 3 -1 329
 55 0 3 60
 5 -3 -3 294
 55 -4 1 243
 55 -1 3 256
 5 3 3 107
 55 -4 -1 232
 55 3 1 28
 55 3 -2 85
 "contig-ratio-green-core" 0.7777777777777778
 "contig-ratio-red-core" 0.7058823529411765
