 "a-count" 3
 "b-count" 6
 "c-color-count" 23
 "c-express-count" 22
 "d-color-count" 25
 "d-express-count" 25
 "cell-count" 56
 15 1 -2 94
 15 0 3 106
 15 3 2 290
 15 -2 3 146
 15 3 3 51
 15 -1 0 247
 15 -1 1 177
 105 0 0 34
 15 -1 2 170
 15 -1 -2 355
 15 1 -3 47
 15 1 3 116
 15 2 3 243
 15 -1 3 122
 105 -3 -2 15
 15 -4 -1 138
 15 1 1 157
 15 -2 0 328
 15 -2 2 229
 15 0 2 257
 15 0 1 15
 15 0 -2 247
 15 -1 -1 268
 15 2 2 146
 15 1 2 28
 15 1 -1 20
 105 2 -3 234
 15 1 0 78
 5 -2 -3 299
 55 -3 2 80
 55 -2 4 350
 55 2 -1 279
 55 -3 1 266
 55 -5 0 212
 55 2 0 237
 55 3 0 34
 55 -3 0 279
 55 2 1 93
 5 4 -1 310
 55 -1 -3 54
 5 2 -2 315
 55 0 4 115
 55 0 -3 57
 55 -3 3 142
 55 -1 4 134
 55 4 0 187
 55 0 -4 117
 55 -2 -2 58
 55 -4 1 235
 55 1 -4 198
 5 -3 -1 154
 55 -4 0 299
 55 4 1 179
 55 1 4 142
 5 3 -3 199
 55 3 -2 323
 "contig-ratio-green-core" 0.5882352941176471
 "contig-ratio-red-core" 0.8125
 "a-count" 10
 "b-count" 5
 "c-color-count" 23
 "c-express-count" 23
 "d-color-count" 19
 "d-express-count" 18
 "cell-count" 56
 15 -3 0 221
 15 2 -2 36
 15 -4 -1 175
 105 3 0 146
 15 -4 1 61
 15 3 2 350
 15 -3 3 295
 105 1 -2 355
 105 0 -4 196
 15 2 -1 43
 15 -1 0 332
 15 -3 -2 43
 15 0 -2 18
 105 -3 1 220
 15 0 -1 46
 105 -3 2 1
 15 0 4 225
 105 -2 1 276
 105 4 0 203
 105 -2 2 177
 105 -2 -3 201
 15 0 -3 229
 15 -1 -2 126
 15 -1 3 62
 15 1 3 159
 15 0 3 213
 15 1 -1 289
 15 1 4 143
 5 -2 3 41
 55 -1 -3 211
 5 3 1 200
 55 1 0 147
 55 3 3 100
 55 1 1 49
 55 -1 1 144
 55 2 0 57
 55 1 -4 288
 55 2 1 90
 55 2 -3 299
 55 1 -3 106
 55 -2 -1 309
 55 0 2 0
 55 -3 -1 30
 55 2 4 42
 55 2 3 34
 55 4 1 196
 55 3 -3 68
 55 2 2 197
 5 3 -2 218
 55 -1 2 203
 5 3 -1 183
 5 -3 -3 307
 55 0 0 11
 55 1 2 48
 55 -2 -2 146
 55 0 1 221
 "contig-ratio-green-core" 0.7777777777777778
 "contig-ratio-red-core" 0.9230769230769231
 "a-count" 5
 "b-count" 5
 "c-color-count" 23
 "c-express-count" 23
 "d-color-count" 24
 "d-express-count" 23
 "cell-count" 56
 105 3 -3 132
 15 -2 0 318
 15 -1 2 138
 15 -4 0 24
 15 2 -2 72
 15 -3 2 184
 105 -3 3 152
 15 -1 0 345
 15 -1 -2 117
 15 3 -2 298
 15 -3 0 318
 15 1 -2 292
 15 -3 -3 315
 15 2 2 173
 15 -1 -1 204
 15 -2 2 160
 15 2 1 141
 15 1 -3 26
 15 3 3 194
 15 0 -1 90
 15 0 0 32
 15 0 -2 75
 105 -4 1 348
 105 -2 1 20
 15 3 1 182
 15 4 0 311
 15 2 3 135
 15 1 -1 149
 55 -1 -4 119
 55 -3 -2 247
 5 -1 -3 245
 55 0 3 280
 55 1 -4 10
 55 0 2 98
 55 1 3 282
 55 4 1 152
 55 -2 -4 193
 55 0 1 92
 5 -2 -1 144
 5 -2 3 260
 55 2 0 0
 5 0 -3 71
 55 -4 -1 217
 55 3 2 194
 5 -1 4 322
 55 1 4 195
 55 -2 -3 6
 55 -1 3 105
 55 3 0 78
 55 1 1 213
 55 3 -1 237
 55 0 4 128
 55 2 -1 157
 55 -3 -1 260
 55 1 0 350
 55 1 2 263
 "contig-ratio-green-core" 0.6842105263157895
 "contig-ratio-red-core" 0.8235294117647058
 "a-count" 7
 "b-count" 4
 "c-color-count" 25
 "c-express-count" 24
 "d-color-count" 22
 "d-express-count" 21
 "cell-count" 56
 105 3 2 353
 15 -3 2 190
 15 0 2 56
 15 2 -1 281
 15 -2 -2 309
 15 0 3 50
 15 4 1 90
 15 -1 3 268
 15 -1 2 110
 105 3 0 315
 15 2 1 91
 15 -4 0 126
 15 1 3 276
 105 -1 -3 30
 15 2 0 85
 15 1 2 128
 15 1 -1 156
 15 0 -2 157
 105 1 -4 127
 105 1 -3 358
 15 -3 -2 54
 105 0 -3 14
 15 -3 -1 306
 15 -1 -2 195
 15 3 1 33
 15 1 -2 204
 15 -1 4 184
 15 -4 -1 134
 55 2 3 100
 55 0 4 341
 55 -3 0 110
 55 2 2 118
 55 2 -2 159
 55 -1 0 202
 55 4 0 66
 55 0 0 110
 55 -3 1 294
 55 1 4 53
 55 3 -1 256
 55 -2 -3 300
 55 -1 1 223
 5 -2 3 212
 55 -2 0 297
 55 0 -4 80
 55 3 -2 341
 55 0 1 200
 5 3 -3 211
 55 -2 1 356
 55 -4 1 190
 55 0 -1 324
 5 -2 2 301
 55 3 3 232
 55 -3 3 253
 55 1 0 183
 55 -2 -1 359
 55 -1 -1 294
 "contig-ratio-green-core" 0.9444444444444444
 "contig-ratio-red-core" 0.7894736842105263
