 "a-count" 6
 "b-count" 2
 "c-color-count" 26
 "c-express-count" 26
 "d-color-count" 22
 "d-express-count" 22
 "cell-count" 56
 105 0 4 303
 15 -2 1 207
 15 2 1 300
 15 -1 4 148
 15 -3 0 93
 15 0 3 291
 105 3 2 302
 15 1 -1 180
 15 2 -1 333
 15 4 0 355
 15 2 2 51
 15 1 4 58
 15 -1 3 203
 15 -4 -1 310
 15 -2 0 81
 15 3 0 267
 15 1 -2 123
 15 2 0 211
 15 -1 -4 200
 15 3 1 302
 105 3 3 34
 15 -3 2 326
 15 3 -1 64
 15 -4 0 119
 105 3 -3 109
 105 -3 1 213
 105 -4 1 62
 15 -1 -3 168
 55 -3 -2 208
 55 1 3 338
 5 4 -1 83
 55 -1 0 186
 55 0 1 124
 55 0 -2 295
 55 1 -4 230
 55 -1 1 189
 55 -3 3 166
 55 2 -3 94
 55 1 2 148
 55 -1 -2 248
 55 -1 -1 28
 55 2 3 97
 55 1 1 227
 55 -2 -2 178
 55 0 -4 14
 55 -1 2 281
 55 0 0 304
 55 -2 2 101
 55 -3 -3 54
 5 3 -2 11
 55 1 -3 286
 55 -2 3 159
 55 0 -1 157
 55 0 2 14
 55 -2 -1 138
 55 -2 -3 253
 "contig-ratio-green-core" 0.5217391304347826
 "contig-ratio-red-core" 0.8571428571428571
 "a-count" 6
 "b-count" 6
 "c-color-count" 22
 "c-express-count" 22
 "d-color-count" 24
 "d-express-count" 22
 "cell-count" 56
 15 0 -3 120
 15 0 -2 175
 15 3 0 265
 15 0 3 324
 15 2 0 352
 15 2 -1 215
 15 -2 2 333
 15 3 1 102
 15 4 0 157
 15 1 3 179
 105 1 4 314
 15 2 2 199
 15 -4 -1 60
 15 -3 -1 315
 15 -3 3 85
 15 2 1 148
 15 -2 1 1
 15 4 1 298
 105 0 4 279
 15 -1 2 41
 15 3 -1 228
 105 1 -4 258
 15 3 2 104
 15 1 -1 348
 15 -3 0 287
 15 2 -2 105
 105 -1 4 185
 15 -1 1 348
 55 0 -4 88
 55 -4 1 313
 5 -4 0 325
 55 -1 3 40
 55 -1 0 272
 55 -2 -1 134
 5 3 3 168
 55 1 1 300
 55 2 -3 306
 55 0 1 20
 5 -3 1 217
 55 0 2 61
 55 -2 -2 246
 55 0 0 132
 5 -3 -3 91
 55 3 -3 317
 55 4 2 237
 55 -1 -3 349
 55 -2 3 127
 55 1 0 86
 5 -3 -2 9
 55 0 -1 127
 55 -2 0 15
 55 1 -3 347
 5 4 -1 9
 55 1 2 162
 55 -1 -1 77
 55 2 3 141
 "contig-ratio-green-core" 0.8823529411764706
 "contig-ratio-red-core" 0.85
 "a-count" 7
 "b-count" 8
 "c-color-count" 21
 "c-express-count" 20
 "d-color-count" 23
 "d-express-count" 21
 "cell-count" 56
 15 1 2 316
 105 4 1 345
 15 3 -1 87
 105 -3 3 348
 15 0 -4 208
 15 -2 -1 52
 15 -4 1 214
 15 2 -2 202
 15 -1 4 237
 105 3 0 156
 15 -1 1 179
 15 3 1 241
 15 -1 0 111
 15 -2 -2 267
 105 -2 0 112
 15 -3 -3 245
 15 3 -2 322
 15 0 2 58
 15 -1 -1 319
 15 -1 2 196
 15 0 4 300
 15 -1 3 161
 15 -3 -1 117
 15 2 -3 241
 105 4 0 228
 15 0 1 107
 15 1 1 276
 15 2 1 19
 55 0 0 177
 55 1 0 109
 55 -4 0 69
 5 1 4 185
 55 0 -1 235
 55 -3 1 109
 55 0 -3 22
 55 -2 3 206
 5 -3 2 178
 55 -2 1 113
 55 -1 -2 187
 55 2 0 24
 55 -3 0 302
 55 1 -2 228
 55 0 -2 332
 5 -2 -3 150
 5 -4 -1 157
 55 3 3 162
 55 4 -1 190
 5 3 -3 28
 55 2 -1 104
 55 1 -1 263
 55 1 3 61
 55 0 3 137
 55 1 -3 327
 5 2 3 133
 5 2 2 179
 55 3 2 124
 "contig-ratio-green-core" 1.0588235294117647
 "contig-ratio-red-core" 0.75
 "a-count" 4
 "b-count" 7
 "c-color-count" 21
 "c-express-count" 21
 "d-color-count" 25
 "d-express-count" 24
 "cell-count" 56
 15 1 1 259
 15 -2 0 200
 15 1 0 119
 105 -2 1 296
 15 3 1 184
 15 -2 -1 65
 15 -2 -2 117
 15 -1 1 123
 15 -1 -1 126
 15 2 4 95
 15 0 1 14
 15 1 -1 308
 15 3 -3 286
 15 -1 -4 257
 15 1 4 272
 15 -3 1 276
 105 -4 -1 290
 15 -1 0 150
 105 -3 2 46
 15 2 -1 252
 15 3 0 108
 15 -3 0 254
 15 0 -1 73
 15 -4 0 34
 15 3 2 75
 15 0 0 220
 15 2 0 59
 15 -1 2 303
 55 3 -1 161
 5 2 -2 309
 55 0 -3 59
 5 4 1 257
 55 -1 -3 339
 55 1 3 308
 55 -3 -1 267
 55 4 0 343
 55 2 3 241
 55 -1 -2 7
 55 -3 3 108
 55 4 -1 106
 5 1 -4 141
 55 2 -3 269
 55 -2 -3 221
 55 1 2 70
 55 -2 3 225
 55 2 2 72
 5 -2 2 190
 5 0 -4 148
 5 -1 4 131
 55 0 -2 299
 5 -3 -2 249
 55 0 4 75
 55 0 3 166
 55 1 -3 318
 55 0 2 205
 55 3 3 51
 "contig-ratio-green-core" 0.7894736842105263
 "contig-ratio-red-core" 0.7647058823529411
