 "a-count" 5
 "b-count" 3
 "c-color-count" 25
 "c-express-count" 25
 "d-color-count" 24
 "d-express-count" 23
 "cell-count" 56
 105 2 -3 284
 15 2 3 68
 15 4 0 166
 15 -2 -3 250
 105 2 -2 30
 15 0 2 109
 15 -3 2 56
 15 0 -1 353
 15 1 2 296
 15 -2 2 177
 15 -3 -3 143
 15 -1 -2 118
 15 -2 3 216
 15 0 3 177
 105 0 4 45
 105 2 -1 356
 15 -1 2 79
 15 3 -3 86
 15 -1 -3 353
 15 -1 -1 248
 15 -4 2 107
 15 4 -1 111
 15 1 -1 75
 15 -2 -2 133
 15 -1 3 316
 15 1 -2 57
 15 1 3 342
 15 0 -2 358
 55 5 1 198
 55 0 1 315
 55 0 0 125
 55 4 1 284
 55 2 2 167
 5 3 3 354
 55 0 -3 63
 55 -1 0 32
 55 -3 0 252
 55 3 0 39
 55 -1 -4 300
 5 3 -1 118
 55 1 0 32
 55 -1 1 277
 55 3 2 216
 55 -1 4 153
 55 3 -4 222
 55 -2 -1 346
 55 2 0 105
 55 -3 -1 219
 5 -4 1 52
 55 -3 -2 154
 55 -2 0 14
 55 2 1 128
 55 1 -3 20
 55 1 1 35
 55 -3 1 23
 55 -2 1 273
 "contig-ratio-green-core" 0.7142857142857143
 "contig-ratio-red-core" 0.8095238095238095
 "a-count" 8
 "b-count" 3
 "c-color-count" 25
 "c-express-count" 25
 "d-color-count" 23
 "d-express-count" 20
 "cell-count" 56
 15 -1 -3 242
 15 -3 -3 31
 15 3 -2 355
 15 -2 -2 56
 15 2 -1 172
 105 2 -3 126
 15 -2 -3 16
 15 -1 2 63
 15 -1 4 165
 15 1 -1 27
 15 0 -1 350
 15 2 0 93
 15 -3 2 184
 105 -2 3 16
 15 1 -2 195
 105 -2 1 131
 15 1 0 67
 15 0 0 295
 15 -3 -1 14
 15 -4 1 330
 15 -3 3 332
 105 3 -3 18
 15 -1 1 303
 15 0 -3 312
 15 1 -3 72
 15 -3 1 310
 105 0 -2 178
 15 3 -1 129
 55 4 0 123
 55 1 3 54
 55 -4 0 285
 55 0 4 322
 55 -3 -2 30
 55 0 2 13
 55 -1 -1 38
 55 -1 0 41
 55 2 1 145
 55 4 -1 189
 55 3 1 304
 55 4 1 297
 5 2 2 116
 5 -4 -1 330
 55 -2 -1 28
 55 1 1 358
 5 0 -4 345
 55 0 3 220
 55 1 4 298
 55 3 0 167
 55 -3 0 14
 55 2 -2 47
 55 -2 0 52
 55 0 1 337
 55 2 4 279
 55 3 3 237
 55 3 2 218
 55 -1 3 186
 "contig-ratio-green-core" 0.5555555555555556
 "contig-ratio-red-core" 0.8235294117647058
 "a-count" 8
 "b-count" 7
 "c-color-count" 21
 "c-express-count" 21
 "d-color-count" 23
 "d-express-count" 20
 "cell-count" 56
 15 -1 0 130
 15 1 -3 8
 15 -4 0 54
 15 1 0 25
 15 2 0 73
 15 0 1 303
 105 0 -2 332
 15 -3 -1 81
 15 -1 2 150
 15 -1 3 327
 15 -3 2 276
 15 2 -3 272
 15 -1 -1 174
 105 -2 3 214
 15 4 -2 83
 15 2 1 123
 15 2 2 125
 15 -3 0 236
 105 -2 2 336
 15 -2 0 179
 105 3 3 169
 15 1 1 32
 15 -1 -2 257
 15 0 0 311
 15 0 -1 246
 15 -1 1 179
 15 1 -1 318
 105 -2 1 45
 55 1 2 254
 5 -3 3 316
 55 -1 4 321
 55 0 -4 46
 55 -2 -2 126
 55 -3 1 270
 5 3 -1 20
 55 3 -3 241
 55 -1 -3 45
 55 3 -2 178
 5 -4 1 68
 55 -3 -3 228
 55 3 0 109
 55 -3 -2 296
 55 3 1 158
 55 0 2 111
 55 4 0 179
 55 2 -1 55
 5 0 4 112
 55 4 1 59
 55 4 -1 60
 5 -1 -4 334
 55 0 -3 112
 55 0 3 80
 55 1 3 77
 55 2 -2 348
 5 1 4 251
 5 -2 -3 14
 "contig-ratio-green-core" 0.7142857142857143
 "contig-ratio-red-core" 0.8235294117647058
 "a-count" 8
 "b-count" 1
 "c-color-count" 27
 "c-express-count" 27
 "d-color-count" 20
 "d-express-count" 20
 "cell-count" 56
 15 -1 4 148
 15 4 1 2
 105 3 -2 95
 15 4 0 75
 15 -1 2 268
 15 0 1 258
 105 -1 3 222
 15 2 -3 206
 15 4 2 211
 15 2 3 337
 15 -1 1 18
 15 0 0 7
 105 -3 0 191
 15 -2 0 306
 15 -2 3 281
 15 -2 2 6
 105 -2 -3 299
 15 -2 1 316
 105 1 3 286
 15 0 -4 90
 105 1 4 310
 15 -4 -1 253
 105 -3 -3 271
 15 0 3 74
 15 0 2 113
 105 4 -1 337
 15 1 2 240
 15 1 -4 279
 55 -3 1 252
 55 -1 -4 62
 55 1 -3 14
 55 2 2 93
 55 3 -3 311
 55 0 -1 124
 55 2 0 49
 55 -1 -2 203
 55 1 1 17
 55 -1 -1 205
 55 3 -1 52
 55 3 2 302
 5 0 4 40
 55 -2 -2 193
 55 2 -2 19
 55 3 0 331
 55 -3 -2 250
 55 -3 3 74
 55 -2 -1 101
 55 1 -1 30
 55 -1 -3 9
 55 2 -1 53
 55 -3 2 152
 55 2 1 308
 55 3 3 29
 55 1 -2 176
 55 3 1 201
 55 -4 0 0
 "contig-ratio-green-core" 0.6
 "contig-ratio-red-core" 0.7857142857142857
