 "a-count" 0
 "b-count" 21
 "c-color-count" 7
 "c-express-count" 7
 "d-color-count" 28
 "d-express-count" 28
 "cell-count" 56
 15 3 1 200
 15 0 -1 322
 15 0 3 1
 15 1 -1 222
 15 0 0 95
 15 1 1 178
 15 4 2 348
 15 1 2 148
 15 -1 1 219
 15 3 0 268
 15 -1 -2 126
 15 -1 2 279
 15 2 -2 3
 15 -1 -1 70
 15 2 2 316
 15 -2 0 297
 15 2 1 269
 15 1 0 261
 15 -2 -1 195
 15 0 2 250
 15 2 0 49
 15 0 4 134
 15 3 2 135
 15 2 -1 147
 15 -2 1 6
 15 -1 0 139
 15 -2 2 186
 15 0 1 189
 5 4 1 346
 5 -2 -3 204
 5 -1 -4 215
 5 1 3 294
 5 3 -3 181
 5 4 -1 36
 5 -4 -1 245
 55 -3 1 136
 55 1 -2 257
 5 -3 0 269
 5 -1 4 149
 5 3 3 261
 5 3 -1 117
 5 -3 -2 191
 5 -2 -2 21
 55 -1 3 266
 5 1 4 132
 5 0 -4 113
 55 0 -3 80
 55 -4 1 232
 5 3 -2 203
 55 1 -3 359
 5 -3 -1 16
 5 2 -3 236
 5 -2 3 50
 55 0 -2 264
 5 1 -4 247
 5 -3 2 270
 "contig-ratio-green-core" 1.1666666666666667
 "contig-ratio-red-core" 0.23529411764705882
 "a-count" 0
 "b-count" 21
 "c-color-count" 7
 "c-express-count" 7
 "d-color-count" 28
 "d-express-count" 28
 "cell-count" 56
 15 -3 -2 25
 15 -2 -2 181
 15 3 0 98
 15 1 -4 147
 15 1 -1 108
 15 -2 -1 7
 15 -3 -3 80
 15 0 -1 281
 15 1 1 292
 15 1 -2 320
 15 -2 1 251
 15 2 -1 246
 15 1 0 246
 15 0 0 147
 15 -3 -1 167
 15 -1 -1 238
 15 -3 -1 207
 15 0 1 152
 15 -1 0 190
 15 -1 2 0
 15 -2 0 251
 15 -1 1 68
 15 -4 -1 273
 15 2 0 134
 15 2 -2 288
 15 0 2 346
 15 -3 0 307
 15 -2 -3 174
 5 -2 2 17
 5 3 -1 46
 55 -4 2 161
 5 0 3 271
 55 0 -4 230
 5 3 -2 227
 5 -1 3 229
 5 2 1 287
 5 4 1 7
 5 -3 1 296
 5 3 -3 98
 5 2 2 35
 5 2 3 203
 55 -3 2 55
 5 0 4 261
 5 -4 1 190
 5 2 -3 275
 55 4 -1 284
 55 -1 -5 58
 5 0 -3 83
 55 1 -3 219
 5 -1 -2 310
 5 1 3 26
 5 3 1 294
 5 0 -2 298
 55 -1 -4 277
 5 -1 -3 212
 5 3 3 25
 "contig-ratio-green-core" 0.16666666666666666
 "contig-ratio-red-core" 0.058823529411764705
 "a-count" 0
 "b-count" 22
 "c-color-count" 6
 "c-express-count" 6
 "d-color-count" 28
 "d-express-count" 28
 "cell-count" 56
 15 0 2 228
 15 3 0 245
 15 -1 1 153
 15 1 -2 90
 15 -1 0 51
 15 -2 -3 294
 15 2 0 340
 15 3 1 310
 15 -1 2 297
 15 1 2 205
 15 -1 -1 80
 15 0 -1 136
 15 1 1 278
 15 2 -1 218
 15 -1 3 65
 15 0 1 222
 15 1 -1 290
 15 -2 0 354
 15 -1 -2 229
 15 2 -2 63
 15 -2 -1 231
 15 -2 1 8
 15 0 0 92
 15 1 0 297
 15 -2 -2 319
 15 2 1 274
 15 0 -2 107
 15 2 2 157
 5 -4 1 250
 5 -4 0 101
 5 -1 -4 354
 5 -2 2 120
 5 2 -3 142
 5 1 3 297
 5 -3 -3 79
 5 3 2 42
 55 0 4 213
 55 -1 -3 57
 5 -1 4 258
 5 4 0 49
 5 -3 2 201
 5 -4 -1 269
 5 4 1 239
 5 3 3 358
 55 -3 1 251
 55 0 3 14
 5 0 -3 131
 5 -2 3 238
 5 1 -4 44
 5 1 4 96
 5 4 -1 60
 55 -3 0 326
 5 -3 3 24
 55 -3 -1 293
 5 1 -3 90
 5 3 -2 324
 "contig-ratio-green-core" 1.1666666666666667
 "contig-ratio-red-core" 0.29411764705882354
