 "a-count" 0
 "b-count" 22
 "c-color-count" 6
 "c-express-count" 6
 "d-color-count" 28
 "d-express-count" 28
 "cell-count" 56
 15 -3 0 256
 15 -1 3 332
 15 1 0 176
 15 0 -1 201
 15 3 0 311
 15 0 1 248
 15 0 2 284
 15 -1 0 266
 15 3 1 183
 15 -2 1 164
 15 2 -2 351
 15 -1 -1 114
 15 -3 -2 133
 15 -4 0 257
 15 3 -1 86
 15 -1 1 234
 15 2 0 150
 15 -4 -1 77
 15 0 0 267
 15 -2 0 252
 15 1 -2 153
 15 1 -1 237
 15 2 -1 125
 15 1 1 144
 15 -3 -1 144
 15 -2 -1 196
 15 2 1 150
 15 -1 2 17
 5 3 2 12
 55 1 -3 152
 5 2 3 160
 55 -1 -2 250
 5 -2 2 152
 55 0 4 33
 5 0 -4 275
 5 -2 -2 67
 55 -1 -3 70
 5 2 2 78
 5 -1 -4 7
 55 0 -3 98
 5 -4 1 6
 5 3 -3 197
 5 4 -1 200
 5 1 2 7
 5 1 -4 89
 5 3 -2 198
 5 -2 -3 39
 5 0 3 244
 5 -3 -3 32
 5 -2 3 358
 5 -3 2 336
 5 4 1 264
 5 -3 1 264
 55 -1 4 229
 5 0 -2 257
 5 1 4 56
 "contig-ratio-green-core" 0.75
 "contig-ratio-red-core" 0.16666666666666666
 "a-count" 0
 "b-count" 24
 "c-color-count" 4
 "c-express-count" 4
 "d-color-count" 28
 "d-express-count" 28
 "cell-count" 56
 15 -1 3 323
 15 -1 -2 231
 15 0 -4 272
 15 -2 -2 304
 15 -2 2 59
 15 -1 2 245
 15 -1 -1 96
 15 -3 2 77
 15 -1 4 204
 15 -1 1 83
 15 -2 1 64
 15 1 -1 165
 15 -1 0 184
 15 0 -1 172
 15 0 0 339
 15 0 -3 171
 15 -4 -1 350
 15 -2 0 346
 15 0 1 104
 15 1 1 338
 15 -3 -1 330
 15 2 0 221
 15 -2 -1 243
 15 0 2 119
 15 3 0 272
 15 1 0 33
 15 0 -2 141
 15 2 1 353
 5 1 -4 280
 5 3 -2 209
 5 -1 -3 336
 5 -4 0 97
 5 3 -1 246
 5 2 -2 219
 5 -2 -3 357
 5 0 4 298
 5 1 2 34
 5 2 3 297
 5 2 2 187
 5 2 -3 35
 5 4 0 128
 5 2 -1 49
 55 -3 1 51
 55 -3 0 187
 55 -2 3 76
 5 0 3 270
 5 3 2 75
 5 3 1 237
 5 1 4 97
 55 1 -2 352
 5 3 3 148
 5 -4 1 339
 5 -3 3 26
 5 4 1 36
 5 1 3 86
 5 3 -3 265
 "contig-ratio-green-core" 2
 "contig-ratio-red-core" 0.25
 "a-count" 0
 "b-count" 20
 "c-color-count" 8
 "c-express-count" 8
 "d-color-count" 28
 "d-express-count" 28
 "cell-count" 56
 15 -4 -2 11
 15 3 3 236
 15 4 2 346
 15 4 -1 257
 15 -4 0 94
 15 1 0 54
 15 2 -1 252
 15 -1 -3 90
 15 1 -1 201
 15 2 1 143
 15 3 0 347
 15 0 -4 333
 15 4 1 346
 15 -3 2 37
 15 0 -3 109
 15 -1 2 22
 15 3 -1 223
 15 -4 -1 198
 15 -4 1 224
 15 2 0 263
 15 3 2 259
 15 2 -2 110
 15 1 1 288
 15 3 1 264
 15 1 -2 110
 15 -2 2 333
 15 0 -2 39
 15 -3 1 87
 5 -2 -3 308
 55 0 1 163
 5 2 3 199
 55 0 -1 289
 55 -1 -2 349
 55 -1 -1 48
 5 1 -3 139
 55 1 3 175
 5 0 3 21
 55 -2 1 118
 55 -1 1 246
 5 0 4 192
 5 -1 0 34
 5 1 -4 140
 5 -3 -1 167
 5 2 2 227
 5 3 -3 51
 5 -3 -2 47
 5 -2 -2 280
 5 -3 -3 22
 5 -3 0 204
 5 0 0 124
 55 1 2 46
 5 -2 3 302
 5 -1 3 180
 5 2 -3 116
 5 -2 0 254
 5 -2 -1 283
 "contig-ratio-green-core" 1
 "contig-ratio-red-core" 0.2727272727272727
 "a-count" 0
 "b-count" 21
 "c-color-count" 7
 "c-express-count" 7
 "d-color-count" 28
 "d-express-count" 28
 "cell-count" 56
 15 0 -1 148
 15 -1 -1 107
 15 -1 0 288
 15 0 4 212
 15 0 2 339
 15 -1 3 232
 15 1 2 305
 15 -1 2 122
 15 -1 1 227
 15 -2 0 245
 15 -2 1 169
 15 3 -1 137
 15 0 3 193
 15 0 0 34
 15 -5 -1 78
 15 2 -1 84
 15 1 3 44
 15 -3 -1 355
 15 1 0 71
 15 2 0 290
 15 -4 -1 329
 15 2 1 49
 15 1 -1 204
 15 -2 -2 116
 15 0 1 341
 15 -2 -1 14
 15 3 0 214
 15 1 1 284
 5 -3 2 225
 5 2 2 127
 5 1 4 337
 55 -4 0 270
 5 -2 3 152
 5 4 -1 220
 5 -3 3 131
 55 4 1 334
 5 3 2 191
 5 -1 -3 33
 5 3 -2 214
 55 4 0 11
 55 2 3 109
 5 -1 -4 208
 5 1 -3 242
 55 3 3 142
 5 -1 4 92
 5 0 -4 78
 55 -1 -2 244
 5 3 1 100
 5 1 -2 349
 5 0 -3 223
 5 1 -4 288
 5 -3 1 119
 5 -3 -3 66
 55 0 -2 295
 5 2 -3 255
 5 -4 1 35
 "contig-ratio-green-core" 0.8333333333333334
 "contig-ratio-red-core" 0.25
