 "a-count" 0
 "b-count" 21
 "c-color-count" 7
 "c-express-count" 7
 "d-color-count" 28
 "d-express-count" 28
 "cell-count" 56
 15 1 -2 256
 15 1 1 150
 15 -1 1 301
 15 -1 -1 53
 15 -3 -1 106
 15 2 3 19
 15 3 1 295
 15 0 -1 6
 15 0 2 246
 15 1 0 354
 15 2 -1 144
 15 3 -1 50
 15 0 1 9
 15 2 1 342
 15 -2 -1 85
 15 -2 0 63
 15 3 0 162
 15 1 -1 67
 15 -4 0 322
 15 2 2 110
 15 0 -2 173
 15 -1 0 328
 15 -1 -2 55
 15 1 2 97
 15 1 -3 156
 15 0 0 16
 15 2 0 303
 15 -3 0 349
 5 2 -2 151
 55 -3 3 19
 5 -2 -3 330
 5 0 -3 167
 5 -4 1 338
 5 1 4 99
 5 -2 2 145
 55 3 -2 45
 55 -1 3 358
 5 -3 1 60
 5 -3 -3 158
 5 3 2 59
 5 -2 1 231
 55 -2 3 94
 55 -1 -4 172
 5 -2 -2 350
 5 4 0 120
 5 3 3 338
 5 -4 -1 359
 55 4 -2 325
 5 4 1 359
 5 0 4 283
 5 2 -3 112
 55 -1 -3 206
 5 3 -3 71
 5 0 -4 254
 5 -3 -2 340
 5 0 3 87
 "contig-ratio-green-core" 0.3333333333333333
 "contig-ratio-red-core" 0.1111111111111111
 "a-count" 0
 "b-count" 22
 "c-color-count" 6
 "c-express-count" 6
 "d-color-count" 28
 "d-express-count" 28
 "cell-count" 56
 15 0 1 354
 15 -2 0 294
 15 0 -1 102
 15 -2 -2 282
 15 -2 -1 338
 15 4 1 244
 15 1 -1 357
 15 1 -2 282
 15 2 -1 345
 15 -1 -1 123
 15 2 0 204
 15 1 0 99
 15 1 2 26
 15 2 1 150
 15 0 -4 111
 15 1 1 289
 15 0 2 231
 15 2 2 338
 15 3 1 194
 15 0 -2 256
 15 0 0 353
 15 -1 -2 219
 15 -2 1 117
 15 -1 1 55
 15 -1 0 189
 15 -1 2 260
 15 -3 -2 322
 15 3 0 204
 5 -3 2 114
 5 -3 -1 330
 5 3 -1 167
 5 -4 1 265
 5 1 4 25
 5 3 2 145
 5 -1 -4 123
 55 1 -3 269
 5 1 3 177
 5 -1 -3 328
 5 3 -3 23
 55 -3 0 284
 5 1 -4 86
 5 2 -2 145
 5 0 3 195
 55 3 3 114
 55 -3 1 81
 5 -4 0 275
 5 -4 -1 223
 5 -1 4 43
 5 -2 3 124
 5 -3 -3 27
 55 0 -3 163
 55 2 -3 0
 5 -1 3 275
 5 3 -2 136
 5 -2 -3 335
 5 2 3 234
 "contig-ratio-green-core" 0.6
 "contig-ratio-red-core" 0.25
 "a-count" 0
 "b-count" 19
 "c-color-count" 9
 "c-express-count" 9
 "d-color-count" 28
 "d-express-count" 28
 "cell-count" 56
 15 -3 -1 277
 15 -1 -2 18
 15 0 -2 257
 15 -3 -3 241
 15 -2 -1 173
 15 -1 0 351
 15 2 2 26
 15 0 0 290
 15 -1 -1 333
 15 2 1 107
 15 1 -1 260
 15 -3 0 47
 15 1 1 156
 15 -1 2 179
 15 2 -1 287
 15 -1 1 20
 15 1 -4 357
 15 0 1 179
 15 0 -1 97
 15 -2 -2 323
 15 2 0 26
 15 3 2 170
 15 -2 0 71
 15 -2 1 287
 15 2 3 351
 15 1 0 299
 15 -3 1 9
 15 -1 3 74
 55 2 -3 76
 55 2 -2 313
 5 4 -1 104
 5 3 3 129
 5 -1 -4 344
 5 -1 4 162
 55 -3 -1 198
 5 3 -2 120
 5 1 4 126
 5 1 -3 100
 5 1 3 344
 5 -2 3 61
 5 3 -1 87
 5 3 0 125
 5 -2 2 11
 55 0 -4 12
 5 -2 -3 313
 55 1 -2 94
 5 -4 0 139
 55 0 -3 326
 5 -1 -3 85
 55 0 3 79
 5 1 2 51
 5 -3 2 171
 5 -3 3 271
 5 -4 -1 78
 55 -3 -2 42
 55 0 2 270
 "contig-ratio-green-core" 1.125
 "contig-ratio-red-core" 0.4117647058823529
