 "a-count" 0
 "b-count" 18
 "c-color-count" 10
 "c-express-count" 10
 "d-color-count" 28
 "d-express-count" 28
 "cell-count" 56
 15 2 0 138
 15 -1 -1 17
 15 2 1 261
 15 -2 -2 214
 15 3 -3 286
 15 -3 3 187
 15 0 1 292
 15 1 1 216
 15 0 -1 117
 15 3 1 231
 15 1 2 174
 15 -3 -1 301
 15 -3 0 22
 15 -1 0 28
 15 3 0 126
 15 -2 0 313
 15 1 -2 304
 15 2 2 311
 15 -2 -1 350
 15 2 -1 359
 15 0 2 240
 15 0 0 303
 15 1 -1 135
 15 1 0 9
 15 -2 3 122
 15 -1 -2 40
 15 1 3 224
 15 0 -2 4
 5 0 -3 333
 5 1 -3 95
 55 2 -3 268
 5 -1 2 295
 5 3 2 239
 55 3 -1 151
 5 -1 -3 0
 55 -2 1 50
 55 -1 1 129
 55 -2 -3 306
 5 0 -4 255
 55 -1 3 242
 5 -3 2 125
 5 -1 4 245
 5 4 0 141
 55 2 -2 201
 5 -4 0 43
 5 -1 -4 12
 55 -2 2 33
 5 -3 -3 75
 55 0 3 182
 5 2 3 122
 55 3 -2 236
 5 -4 -1 54
 5 1 4 27
 5 3 3 98
 5 -4 1 144
 5 0 4 181
 "contig-ratio-green-core" 1.1111111111111112
 "contig-ratio-red-core" 0.47058823529411764
 "a-count" 0
 "b-count" 21
 "c-color-count" 7
 "c-express-count" 7
 "d-color-count" 28
 "d-express-count" 28
 "cell-count" 56
 15 -1 0 209
 15 -3 -3 151
 15 0 0 179
 15 0 3 89
 15 2 1 224
 15 -2 0 354
 15 -2 -1 148
 15 1 -1 245
 15 1 1 233
 15 1 2 62
 15 2 2 66
 15 -1 -3 11
 15 0 2 310
 15 -2 -3 13
 15 -1 1 61
 15 -3 -2 26
 15 -1 3 233
 15 0 -2 261
 15 -2 2 310
 15 -2 -2 21
 15 -2 1 124
 15 -3 1 120
 15 -1 2 299
 15 -1 -1 305
 15 0 -1 63
 15 0 1 311
 15 1 0 20
 15 -1 -2 240
 5 1 4 237
 5 0 -3 261
 55 3 -1 34
 5 1 -4 182
 5 2 0 77
 55 -3 -1 339
 5 -4 -3 12
 5 2 3 357
 5 1 -3 175
 55 2 -1 100
 55 -4 1 33
 5 -2 3 294
 5 -4 -3 335
 5 3 3 1
 55 -4 0 351
 5 2 -3 195
 5 1 3 166
 5 -3 2 79
 5 -1 4 222
 55 -3 0 46
 5 3 1 349
 5 3 2 120
 5 -4 -1 323
 5 3 -3 286
 5 3 -2 176
 5 0 4 139
 55 3 0 55
 5 1 -2 185
 "contig-ratio-green-core" 0.7142857142857143
 "contig-ratio-red-core" 0.25
 "a-count" 0
 "b-count" 23
 "c-color-count" 5
 "c-express-count" 5
 "d-color-count" 28
 "d-express-count" 28
 "cell-count" 56
 15 1 1 237
 15 0 -1 23
 15 -1 -1 81
 15 -2 0 132
 15 -1 -3 213
 15 1 -2 80
 15 -1 4 10
 15 1 -1 345
 15 -1 1 97
 15 -2 1 147
 15 0 -4 39
 15 -1 0 157
 15 0 3 3
 15 0 2 318
 15 3 0 192
 15 -2 2 110
 15 -1 -2 206
 15 0 -2 293
 15 3 -1 19
 15 -1 2 122
 15 2 -1 174
 15 2 0 231
 15 0 -3 247
 15 0 1 281
 15 0 0 159
 15 -2 -1 139
 15 -1 3 328
 15 1 0 288
 5 -2 -3 351
 55 0 4 93
 55 2 -2 317
 5 -3 0 10
 5 2 1 338
 5 3 2 283
 5 -3 -1 100
 5 -3 -2 5
 5 2 2 0
 5 2 3 123
 5 -3 2 81
 5 4 -1 17
 5 -3 1 274
 5 4 1 344
 5 1 2 134
 5 4 0 255
 5 1 3 101
 55 1 4 159
 5 -2 -2 60
 5 3 -3 359
 5 -3 -3 344
 55 -4 -1 54
 5 -1 -4 104
 5 2 -3 73
 55 -4 0 215
 5 -3 3 95
 5 3 1 21
 5 1 -3 35
 "contig-ratio-green-core" 0.8
 "contig-ratio-red-core" 0.1111111111111111
 "a-count" 0
 "b-count" 20
 "c-color-count" 8
 "c-express-count" 8
 "d-color-count" 28
 "d-express-count" 28
 "cell-count" 56
 15 -2 -1 343
 15 -5 0 40
 15 0 -1 10
 15 0 1 222
 15 -1 -1 242
 15 -3 0 57
 15 -1 2 108
 15 -3 -1 2
 15 -3 1 173
 15 1 1 323
 15 -2 0 299
 15 0 2 173
 15 -3 -2 122
 15 -2 1 195
 15 -2 2 47
 15 0 1 76
 15 1 0 51
 15 -3 1 3
 15 -1 1 160
 15 1 -1 44
 15 -1 3 264
 15 -1 4 216
 15 -1 -1 100
 15 1 2 25
 15 -3 -2 17
 15 0 0 139
 15 -1 0 309
 15 0 0 350
 5 -4 1 187
 5 1 -3 42
 5 -4 0 9
 5 -2 -3 314
 55 -2 -4 125
 55 -1 -4 126
 55 3 1 242
 5 -2 -2 283
 55 0 -2 82
 5 -2 3 294
 5 3 -3 343
 5 2 -3 91
 5 -3 3 168
 5 0 -3 68
 5 -4 -1 126
 5 1 -4 157
 5 -1 -2 305
 5 2 1 86
 5 2 0 244
 55 3 -1 90
 55 3 0 201
 55 1 -2 189
 5 0 -4 249
 5 0 3 142
 5 2 2 27
 55 2 -2 337
 5 -3 2 308
 5 2 -1 218
 "contig-ratio-green-core" 0.2857142857142857
 "contig-ratio-red-core" 0.11764705882352941
