 "a-count" 0
 "b-count" 0
 "c-color-count" 28
 "c-express-count" 28
 "d-color-count" 28
 "d-express-count" 28
 "cell-count" 56
 15 3 3 345
 15 -4 -1 293
 15 -4 0 311
 15 4 2 253
 15 3 0 97
 15 2 -3 19
 15 2 1 4
 15 2 -2 149
 15 -1 -3 140
 15 -3 3 187
 15 2 2 299
 15 2 3 325
 15 -3 2 189
 15 -1 -4 8
 15 -1 5 197
 15 3 1 17
 15 1 -4 156
 15 -4 1 169
 15 0 3 304
 15 3 -1 298
 15 0 -4 187
 15 -2 -3 176
 15 0 4 262
 15 2 -1 311
 15 1 -3 11
 15 2 0 319
 15 3 -2 336
 15 3 2 104
 55 -2 3 36
 55 1 2 75
 55 0 1 258
 55 -1 -1 18
 55 -1 2 204
 55 1 0 34
 55 -2 -2 183
 55 4 -1 240
 55 0 0 64
 55 -1 4 5
 55 4 0 53
 55 1 -2 182
 55 1 1 87
 55 0 -2 74
 55 -3 -1 15
 55 -1 1 53
 55 -1 -2 313
 55 -2 2 162
 55 -1 3 216
 55 -2 -1 209
 55 0 -1 253
 55 0 2 35
 55 -3 0 332
 55 -2 0 188
 55 -2 1 352
 55 1 -1 212
 55 -1 0 281
 55 -3 1 35
 "contig-ratio-green-core" 1
 "contig-ratio-red-core" 0.6666666666666666
 "a-count" 1
 "b-count" 0
 "c-color-count" 28
 "c-express-count" 28
 "d-color-count" 27
 "d-express-count" 27
 "cell-count" 56
 15 -1 -1 256
 15 1 4 180
 15 0 -2 243
 15 3 2 250
 15 -3 2 250
 15 -1 0 6
 15 2 -3 7
 15 -4 -1 252
 15 2 3 342
 15 4 -1 285
 15 -1 -3 257
 15 3 0 17
 15 3 -3 205
 15 3 -2 160
 15 1 3 41
 15 -4 0 256
 15 -2 -2 246
 15 -1 -2 90
 15 -4 1 188
 15 1 -1 215
 15 0 -3 164
 105 1 2 62
 15 1 -4 201
 15 0 -1 52
 15 -2 -3 128
 15 0 0 287
 15 3 -1 291
 15 -3 -3 38
 55 0 -4 129
 55 0 1 74
 55 -2 1 333
 55 2 -2 177
 55 1 -3 228
 55 -1 3 221
 55 -2 -1 302
 55 0 3 309
 55 -1 -4 164
 55 -3 0 50
 55 -2 0 329
 55 2 -1 268
 55 -1 4 310
 55 2 1 258
 55 -3 -2 353
 55 -1 1 137
 55 2 0 158
 55 -1 2 181
 55 3 1 17
 55 1 -2 54
 55 -3 -1 247
 55 1 0 194
 55 1 1 282
 55 -2 2 107
 55 0 4 200
 55 0 2 53
 55 -3 1 230
 55 -2 3 156
 "contig-ratio-green-core" 0.8333333333333334
 "contig-ratio-red-core" 0.9
 "a-count" 2
 "b-count" 0
 "c-color-count" 28
 "c-express-count" 28
 "d-color-count" 26
 "d-express-count" 26
 "cell-count" 56
 15 2 -3 206
 15 4 0 292
 15 -3 -1 321
 15 1 -2 320
 15 1 4 53
 15 -3 -3 18
 105 3 1 334
 15 -3 1 252
 15 4 1 54
 15 -3 3 13
 15 0 -3 90
 15 5 0 32
 15 1 -3 109
 15 -1 4 130
 15 -4 2 194
 15 2 -2 89
 15 -3 2 301
 15 -4 -1 300
 15 0 3 129
 15 -3 0 45
 15 -4 -2 68
 15 0 -4 247
 15 0 4 194
 15 3 -3 178
 105 -4 1 133
 15 -3 -2 340
 15 -4 0 164
 15 1 3 331
 55 1 0 210
 55 -2 -2 1
 55 2 1 271
 55 -1 -2 108
 55 -2 0 216
 55 -1 3 37
 55 -2 2 137
 55 2 -1 322
 55 3 -2 153
 55 3 0 192
 55 2 0 226
 55 -1 0 264
 55 0 2 265
 55 -2 -3 248
 55 -1 2 244
 55 2 2 258
 55 1 2 233
 55 3 -1 214
 55 1 -1 210
 55 -1 1 164
 55 -2 -1 334
 55 4 -1 135
 55 -1 -3 243
 55 0 -2 153
 55 -1 -1 57
 55 0 1 81
 55 0 0 353
 55 0 -1 262
 "contig-ratio-green-core" 0.6666666666666666
 "contig-ratio-red-core" 0.5769230769230769
 "a-count" 2
 "b-count" 0
 "c-color-count" 28
 "c-express-count" 28
 "d-color-count" 26
 "d-express-count" 26
 "cell-count" 56
 15 3 -1 275
 15 -1 2 245
 15 3 2 149
 15 -1 3 347
 15 -3 1 60
 15 1 -4 23
 15 4 1 357
 15 -3 0 310
 15 -2 2 269
 15 -1 -4 162
 15 -2 3 137
 15 2 3 132
 15 0 2 74
 105 -4 1 19
 15 -3 -1 133
 15 -2 1 273
 15 4 0 69
 15 0 3 171
 15 3 -2 233
 15 0 -4 100
 15 3 -1 29
 15 3 -2 4
 105 1 3 23
 15 3 -3 345
 15 -2 0 353
 15 -1 1 177
 15 3 3 22
 15 -2 -1 124
 55 0 -3 351
 55 -2 -3 173
 55 -1 -3 188
 55 3 1 300
 55 1 -3 55
 55 1 1 197
 55 2 -2 66
 55 4 -1 45
 55 1 -2 99
 55 0 -2 243
 55 -3 -3 196
 55 -1 -2 36
 55 0 -1 154
 55 2 2 50
 55 1 -1 170
 55 2 -1 85
 55 -1 0 325
 55 0 1 333
 55 -1 -1 336
 55 2 1 83
 55 2 0 159
 55 2 -3 217
 55 3 1 156
 55 0 0 187
 55 3 0 162
 55 1 2 209
 55 3 0 110
 55 1 0 357
 "contig-ratio-green-core" 0.9411764705882353
 "contig-ratio-red-core" 0.7
