 "a-count" 0
 "b-count" 0
 "c-color-count" 28
 "c-express-count" 28
 "d-color-count" 28
 "d-express-count" 28
 "cell-count" 56
 15 2 4 123
 15 4 -1 47
 15 -3 -3 112
 15 3 -1 182
 15 -2 1 144
 15 -2 -4 278
 15 -3 3 274
 15 -2 -2 103
 15 1 -4 230
 15 1 -3 306
 15 -1 -4 162
 15 -1 -2 22
 15 0 4 30
 15 0 -3 274
 15 2 3 173
 15 -3 1 70
 15 2 -2 205
 15 3 0 204
 15 -4 2 322
 15 -2 3 40
 15 4 0 208
 15 -3 2 273
 15 1 4 222
 15 -3 -2 297
 15 -1 4 354
 15 1 3 25
 15 2 -3 269
 15 -2 -3 275
 55 0 -2 354
 55 3 2 60
 55 0 3 255
 55 1 -2 238
 55 1 -1 83
 55 0 2 265
 55 -4 0 25
 55 2 2 26
 55 -2 -1 93
 55 2 0 253
 55 -2 0 94
 55 0 -1 40
 55 -1 3 205
 55 1 1 251
 55 -1 2 5
 55 1 0 260
 55 4 1 276
 55 -3 0 229
 55 3 1 73
 55 0 0 299
 55 2 -1 168
 55 0 1 40
 55 2 1 272
 55 -1 1 79
 55 1 2 182
 55 -1 0 137
 55 -3 -1 258
 55 -1 -1 159
 "contig-ratio-green-core" 0.8421052631578947
 "contig-ratio-red-core" 0.5925925925925926
 "a-count" 2
 "b-count" 0
 "c-color-count" 28
 "c-express-count" 28
 "d-color-count" 26
 "d-express-count" 26
 "cell-count" 56
 15 -1 4 127
 105 -2 3 340
 15 3 1 34
 15 4 0 20
 15 3 0 64
 15 3 -1 249
 15 -3 -3 13
 15 3 -2 149
 15 4 -2 105
 15 3 -3 131
 15 -3 -2 188
 15 -4 1 239
 15 -2 -2 297
 15 -4 0 242
 15 2 -3 120
 15 -3 -1 99
 15 0 3 91
 15 -3 2 6
 15 2 -2 263
 15 3 2 358
 15 -3 1 35
 15 -4 2 83
 15 3 3 164
 105 4 1 298
 15 -2 2 83
 15 -5 1 197
 15 -3 0 51
 15 -1 3 93
 55 -1 -1 16
 55 -2 0 103
 55 1 3 227
 55 1 2 116
 55 -2 -1 143
 55 2 3 273
 55 1 -2 319
 55 2 -1 61
 55 0 2 126
 55 1 4 65
 55 -1 2 93
 55 2 1 22
 55 0 -1 88
 55 1 -3 22
 55 -1 -3 47
 55 0 1 222
 55 -1 -2 191
 55 2 0 168
 55 1 -1 184
 55 -1 1 121
 55 0 0 139
 55 -2 1 85
 55 2 2 98
 55 0 -2 200
 55 1 0 354
 55 0 -3 10
 55 1 1 29
 55 -1 0 320
 "contig-ratio-green-core" 0.8235294117647058
 "contig-ratio-red-core" 0.6190476190476191
 "a-count" 0
 "b-count" 0
 "c-color-count" 28
 "c-express-count" 28
 "d-color-count" 28
 "d-express-count" 28
 "cell-count" 56
 15 -1 4 1
 15 4 0 199
 15 2 -3 140
 15 4 1 4
 15 3 -1 205
 15 -3 3 61
 15 -4 2 257
 15 -2 -4 13
 15 2 -2 358
 15 3 -3 216
 15 1 -3 312
 15 3 -2 116
 15 -1 3 72
 15 -3 -1 247
 15 3 1 319
 15 2 -1 346
 15 -3 0 32
 15 -2 3 278
 15 -4 -1 342
 15 0 -3 117
 15 -2 -3 331
 15 0 -4 234
 15 1 -4 78
 15 -4 1 326
 15 -4 -2 50
 15 4 -1 314
 15 -4 0 100
 15 4 2 282
 55 -1 1 171
 55 -2 -2 333
 55 -3 1 68
 55 -3 -2 158
 55 1 1 225
 55 1 -1 36
 55 -2 2 196
 55 1 3 316
 55 0 -1 323
 55 -3 -3 293
 55 -1 -2 327
 55 0 -2 357
 55 0 0 82
 55 -1 -1 273
 55 -1 0 237
 55 1 4 123
 55 1 -2 358
 55 -3 -2 210
 55 -1 -2 307
 55 -1 2 147
 55 -3 2 91
 55 -2 -1 253
 55 1 0 28
 55 0 1 180
 55 -2 0 25
 55 -2 1 30
 55 2 2 325
 55 1 2 344
 "contig-ratio-green-core" 0.6190476190476191
 "contig-ratio-red-core" 0.48
