 "a-count" 3
 "b-count" 0
 "c-color-count" 28
 "c-express-count" 28
 "d-color-count" 25
 "d-express-count" 25
 "cell-count" 56
 105 0 4 300
 15 2 2 315
 15 2 3 66
 15 4 1 345
 15 3 -3 206
 15 3 1 173
 15 -2 3 299
 15 1 -4 132
 15 -2 2 18
 15 0 3 205
 15 4 0 102
 15 3 -1 228
 15 -3 1 299
 15 -3 -2 103
 15 -4 0 319
 15 3 0 297
 15 3 -2 158
 105 -3 2 257
 15 -1 -4 54
 15 -3 3 344
 105 -1 4 44
 15 -3 -3 260
 15 1 2 211
 15 -4 1 25
 15 0 -4 115
 15 4 -1 158
 15 -1 3 336
 15 3 2 27
 55 1 -2 61
 55 2 1 246
 55 0 -3 184
 55 1 0 176
 55 3 3 177
 55 -1 1 33
 55 -1 0 230
 55 -2 -1 305
 55 -2 0 358
 55 2 0 182
 55 0 2 138
 55 0 0 325
 55 1 -1 211
 55 2 -2 297
 55 -1 -2 207
 55 -2 1 84
 55 -3 -1 306
 55 -2 -2 126
 55 1 1 93
 55 -1 -3 103
 55 1 -3 282
 55 0 1 335
 55 2 -1 21
 55 -2 -3 196
 55 -1 2 145
 55 -3 0 83
 55 0 -1 248
 55 -1 -1 323
 "contig-ratio-green-core" 0.8823529411764706
 "contig-ratio-red-core" 0.6086956521739131
 "a-count" 0
 "b-count" 0
 "c-color-count" 28
 "c-express-count" 28
 "d-color-count" 28
 "d-express-count" 28
 "cell-count" 56
 15 2 3 39
 15 -2 -2 48
 15 1 3 350
 15 -2 3 259
 15 4 -1 124
 15 -4 1 34
 15 -3 0 18
 15 2 2 42
 15 3 -1 114
 15 -3 2 139
 15 4 0 144
 15 -2 1 107
 15 -3 1 126
 15 -4 0 31
 15 2 -1 50
 15 -2 2 41
 15 2 -2 253
 15 2 -3 144
 15 3 -2 354
 15 3 -3 353
 15 4 1 13
 15 -4 -1 24
 15 0 3 224
 15 4 -2 1
 15 -2 -3 52
 15 1 2 169
 15 -3 -1 176
 15 -3 -2 161
 55 2 0 180
 55 0 -3 179
 55 3 0 38
 55 -1 1 292
 55 -1 -2 220
 55 -4 -2 73
 55 1 -2 11
 55 -3 -3 215
 55 0 2 268
 55 0 1 44
 55 -1 -1 197
 55 3 1 24
 55 2 1 185
 55 -1 -4 189
 55 0 -2 292
 55 -1 2 309
 55 -1 -3 279
 55 0 0 43
 55 -1 4 326
 55 1 0 204
 55 -1 0 122
 55 1 -1 240
 55 0 -1 216
 55 -2 -1 268
 55 -2 0 287
 55 3 2 342
 55 1 1 179
 55 1 -3 150
 "contig-ratio-green-core" 0.8333333333333334
 "contig-ratio-red-core" 0.72
