 "a-count" 8
 "b-count" 3
 "c-color-count" 25
 "c-express-count" 25
 "d-color-count" 21
 "d-express-count" 20
 "cell-count" 56
 105 -2 2 119
 105 3 -3 306
 105 -2 -4 244
 105 -4 1 317
 15 3 2 272
 15 -2 -2 167
 15 -1 -3 189
 105 -1 -4 213
 105 2 3 340
 15 1 0 21
 15 -3 -1 47
 15 -1 4 54
 15 -4 0 154
 15 -3 -2 219
 15 2 0 51
 15 3 0 249
 15 0 -3 323
 15 -1 -2 179
 15 2 1 328
 15 0 4 149
 15 4 0 353
 15 -4 -1 63
 15 -3 0 116
 15 3 1 123
 15 1 4 10
 105 -3 -3 219
 15 0 -4 270
 15 1 3 196
 55 0 1 299
 55 -1 1 63
 55 -1 3 2
 55 0 3 132
 55 -1 -1 243
 55 3 -1 149
 55 -1 0 95
 5 -3 3 339
 55 0 -2 173
 55 -2 -3 114
 55 -2 -1 277
 55 -4 -2 182
 55 1 2 332
 55 -3 1 356
 55 0 -1 200
 55 2 -2 45
 55 -1 2 341
 55 1 -4 98
 5 3 -2 174
 55 1 -2 306
 55 4 -1 126
 5 1 -1 14
 55 0 2 256
 55 2 -1 97
 55 -2 1 59
 55 -2 0 104
 55 1 -3 211
 55 0 0 132
 "contig-ratio-green-core" 0.7647058823529411
 "contig-ratio-red-core" 0.8421052631578947
 "a-count" 6
 "b-count" 2
 "c-color-count" 26
 "c-express-count" 26
 "d-color-count" 22
 "d-express-count" 22
 "cell-count" 56
 15 -4 -1 81
 105 -2 3 270
 105 3 -3 274
 15 -3 -2 45
 15 -2 0 15
 15 -2 1 82
 15 -2 2 82
 15 -1 0 0
 15 3 -2 132
 15 -4 1 241
 15 -1 -1 11
 15 2 2 269
 105 1 3 113
 15 -1 3 190
 105 1 2 206
 15 -2 -1 45
 15 2 1 74
 15 -3 -3 95
 105 1 1 136
 15 1 -3 146
 15 0 -4 308
 15 -1 2 5
 15 4 1 82
 15 2 3 6
 15 0 2 123
 15 3 2 233
 105 2 -3 197
 15 1 -4 31
 5 3 3 41
 55 2 -2 306
 55 1 4 258
 55 3 0 312
 55 0 1 60
 55 0 -1 125
 55 4 0 342
 55 -2 -2 200
 55 -3 2 157
 55 0 -2 177
 55 -1 4 59
 55 1 0 77
 55 -1 -2 80
 5 1 -1 285
 55 -1 -3 87
 55 -3 -1 107
 55 2 -1 273
 55 -3 0 247
 55 -3 1 307
 55 1 -2 243
 55 -2 -3 242
 55 0 4 168
 55 0 0 323
 55 3 1 284
 55 2 0 81
 55 -2 4 83
 55 4 -1 309
 55 3 -1 52
 "contig-ratio-green-core" 0.65
 "contig-ratio-red-core" 0.875
 "a-count" 10
 "b-count" 4
 "c-color-count" 24
 "c-express-count" 24
 "d-color-count" 18
 "d-express-count" 18
 "cell-count" 56
 105 -2 2 332
 105 -3 2 146
 15 -2 3 260
 105 4 1 172
 105 3 2 245
 105 3 3 129
 15 1 -4 319
 15 -3 0 272
 15 -1 3 210
 105 -3 1 96
 15 -3 -1 76
 15 -3 -2 117
 15 0 -4 243
 105 2 -3 33
 15 -1 -4 257
 15 4 0 317
 105 2 -2 313
 15 -2 -3 341
 105 -4 1 327
 15 -2 0 158
 15 0 4 327
 15 0 3 159
 15 -4 0 41
 15 1 4 322
 105 3 -3 223
 15 -3 -3 120
 15 -2 -1 83
 15 -2 -2 132
 55 0 2 347
 55 -1 -2 29
 5 3 -1 87
 55 1 0 284
 5 2 3 103
 55 0 0 111
 55 1 2 212
 5 -1 4 86
 55 -1 2 8
 5 1 -3 225
 55 3 1 211
 55 -1 1 266
 55 3 0 345
 55 2 0 334
 55 -1 0 186
 55 0 -1 16
 55 1 -2 19
 55 -1 -1 26
 55 -1 -3 67
 55 0 1 284
 55 2 2 212
 55 2 1 16
 55 1 -1 51
 55 2 -1 32
 55 0 -2 97
 55 1 1 322
 55 0 -3 287
 55 -2 1 257
 "contig-ratio-green-core" 0.6428571428571429
 "contig-ratio-red-core" 0.4666666666666667
 "a-count" 5
 "b-count" 2
 "c-color-count" 26
 "c-express-count" 26
 "d-color-count" 25
 "d-express-count" 23
 "cell-count" 56
 15 2 1 71
 105 -4 -1 229
 15 1 -3 24
 15 0 -2 39
 15 3 2 168
 15 -3 -3 295
 15 4 1 26
 15 -3 3 300
 105 -4 1 254
 15 -3 2 261
 15 -1 -1 155
 15 -3 -1 306
 15 2 2 324
 15 1 -1 191
 15 -3 -2 293
 15 -2 3 210
 15 2 -3 19
 15 3 0 274
 15 -2 -2 62
 15 -2 2 100
 105 -1 -3 69
 15 3 1 95
 15 -1 -2 34
 15 0 -3 66
 15 0 -1 204
 15 1 -2 260
 15 -2 -1 111
 15 -3 1 282
 55 0 4 318
 55 1 0 208
 55 1 2 226
 55 2 -1 57
 55 3 3 209
 55 0 2 282
 55 2 3 212
 55 -1 4 74
 55 2 0 17
 55 3 -2 200
 5 -1 -4 283
 55 -2 0 343
 55 -3 0 293
 55 1 1 7
 55 -1 2 244
 55 2 -2 10
 5 4 -1 85
 55 -2 1 46
 55 -1 0 43
 55 1 4 344
 55 4 -2 109
 55 -1 1 95
 55 0 3 229
 55 0 0 134
 55 0 1 14
 55 3 -3 326
 55 -1 3 99
 55 3 -1 356
 "contig-ratio-green-core" 0.6363636363636364
 "contig-ratio-red-core" 0.7727272727272727
