 "a-count" 12
 "b-count" 3
 "c-color-count" 25
 "c-express-count" 25
 "d-color-count" 19
 "d-express-count" 16
 "cell-count" 56
 15 -3 1 198
 105 1 3 17
 105 0 -3 298
 15 5 -1 303
 15 -4 0 70
 15 3 -1 283
 15 -2 -2 351
 15 -1 -4 86
 15 -2 2 342
 15 1 -4 76
 15 -3 0 38
 15 1 4 291
 15 -2 3 218
 15 0 -4 213
 105 2 3 162
 15 -3 3 176
 15 2 -2 350
 15 -1 3 206
 105 1 -3 186
 15 4 0 116
 15 4 1 294
 105 -3 -3 106
 15 4 -1 174
 15 0 3 291
 105 3 -2 145
 105 3 -3 13
 105 -1 -3 257
 105 -3 2 329
 55 3 3 140
 55 -3 -1 89
 55 -2 0 237
 55 0 -2 195
 55 -1 4 357
 55 0 0 311
 55 1 0 276
 55 0 -1 167
 55 1 2 318
 55 -1 2 106
 55 3 1 140
 55 1 -1 278
 55 -2 1 109
 55 0 2 129
 55 -2 -1 139
 55 2 0 231
 55 2 -1 119
 55 -1 1 139
 55 2 1 345
 55 1 -2 356
 55 2 2 165
 55 -1 0 157
 5 0 4 227
 5 1 1 174
 55 -1 -1 333
 55 0 1 98
 55 -1 -2 131
 5 -3 -2 179
 "contig-ratio-green-core" 0.6
 "contig-ratio-red-core" 0.5
 "a-count" 5
 "b-count" 4
 "c-color-count" 24
 "c-express-count" 24
 "d-color-count" 26
 "d-express-count" 23
 "cell-count" 56
 15 2 2 332
 15 -3 1 242
 15 2 -3 328
 15 3 -2 305
 15 -1 3 271
 15 3 -3 171
 15 1 2 190
 15 0 3 336
 15 4 -1 184
 15 -1 2 39
 15 -1 -3 210
 15 1 3 151
 105 -4 -1 118
 15 -3 -2 96
 15 0 -4 194
 15 -2 -2 341
 15 -3 2 306
 15 1 -4 177
 15 -4 0 210
 15 -3 0 208
 15 0 -3 96
 105 1 4 145
 15 2 1 273
 15 -2 -1 102
 15 0 2 320
 15 1 -3 342
 15 1 1 193
 15 -2 0 40
 55 0 -1 133
 55 3 -1 16
 5 -4 1 320
 55 4 1 310
 55 3 1 58
 55 1 0 243
 5 3 2 328
 55 0 -2 231
 55 3 0 205
 55 0 4 11
 55 -1 1 127
 55 3 3 85
 55 2 -4 24
 55 -1 0 7
 55 -2 1 296
 55 -1 -2 104
 55 1 -1 9
 55 2 0 244
 5 -1 -1 75
 5 -3 -3 344
 55 2 -1 183
 55 -2 2 232
 55 2 -2 112
 55 -2 -3 251
 55 4 0 234
 55 0 0 221
 55 1 -2 307
 55 -1 -4 29
 "contig-ratio-green-core" 0.7647058823529411
 "contig-ratio-red-core" 0.7619047619047619
 "a-count" 15
 "b-count" 3
 "c-color-count" 25
 "c-express-count" 25
 "d-color-count" 19
 "d-express-count" 13
 "cell-count" 56
 15 -1 1 115
 15 3 1 44
 105 -3 -1 268
 105 -3 1 325
 105 1 -4 342
 15 -3 -3 293
 15 -1 4 5
 105 2 -2 199
 105 -4 0 285
 15 3 0 47
 105 3 -3 0
 15 4 1 62
 15 -3 3 252
 15 -2 -1 102
 105 -3 -2 67
 15 -1 3 181
 15 -4 -1 104
 105 2 -3 141
 105 3 -2 91
 15 -4 1 281
 15 2 2 307
 15 3 -1 156
 15 -2 0 209
 15 3 2 43
 15 0 -4 154
 15 1 4 50
 15 4 0 6
 15 1 2 351
 55 4 -1 326
 55 1 1 0
 55 -2 -3 133
 55 1 -2 38
 55 -1 -3 194
 5 3 3 284
 55 1 -1 205
 55 1 -3 334
 55 -1 -1 113
 55 -1 -2 300
 55 -2 1 273
 55 0 0 180
 55 0 -1 18
 5 -1 2 244
 55 -2 -2 318
 55 2 0 101
 55 1 0 316
 55 0 4 222
 55 0 -3 275
 55 0 1 184
 55 -3 2 25
 55 0 3 92
 55 2 -1 226
 55 0 2 31
 5 -2 3 166
 55 -1 0 329
 55 0 -2 262
 55 2 1 82
 "contig-ratio-green-core" 0.8
 "contig-ratio-red-core" 0.9285714285714286
 "a-count" 5
 "b-count" 11
 "c-color-count" 17
 "c-express-count" 17
 "d-color-count" 24
 "d-express-count" 23
 "cell-count" 56
 15 2 3 159
 15 -2 0 274
 15 0 1 118
 15 -3 1 231
 15 1 0 169
 15 -1 0 298
 15 0 0 74
 105 -1 1 250
 105 1 -3 208
 15 0 -1 248
 15 3 3 294
 15 -3 -2 77
 15 0 2 170
 15 -3 -1 121
 15 4 0 53
 15 -1 2 151
 15 1 1 238
 15 1 2 149
 15 3 1 253
 15 -2 2 264
 15 1 -1 143
 15 -3 3 30
 15 2 1 289
 15 -3 2 75
 15 -2 1 105
 15 -3 0 340
 105 3 -3 1
 105 -2 3 354
 55 1 3 304
 5 3 -1 142
 5 -4 -1 4
 5 1 -4 12
 5 -1 3 53
 55 3 2 173
 55 -4 1 216
 55 -1 -3 317
 55 1 -2 244
 5 2 -1 195
 55 0 4 13
 5 2 -2 297
 55 -2 -2 344
 5 2 0 34
 55 0 5 184
 55 0 -3 62
 55 0 -2 88
 5 -1 -1 163
 55 4 -1 151
 5 4 1 66
 55 -1 -2 286
 55 0 -4 291
 55 -4 0 270
 5 -2 -1 97
 5 -3 -3 171
 55 -1 4 322
 55 1 4 209
 55 2 2 31
 "contig-ratio-green-core" 0.6428571428571429
 "contig-ratio-red-core" 0.5
