 "a-count" 3
 "b-count" 7
 "c-color-count" 21
 "c-express-count" 21
 "d-color-count" 25
 "d-express-count" 25
 "cell-count" 56
 15 1 -2 236
 15 -3 2 221
 15 -2 -3 49
 105 2 -1 129
 15 3 2 134
 15 -1 -3 138
 15 -1 4 116
 15 2 -3 60
 15 -1 3 222
 15 -3 1 253
 105 4 1 19
 15 -2 3 106
 15 -4 -1 216
 15 4 -1 349
 15 -3 -3 147
 15 2 3 142
 15 -3 0 111
 15 -2 2 49
 15 0 -4 282
 15 1 -4 273
 15 2 -2 341
 15 -2 1 258
 15 2 2 35
 15 1 -1 266
 15 -4 0 199
 15 0 -3 180
 15 1 -3 336
 105 -1 -4 93
 55 -2 -1 93
 5 1 3 131
 55 -1 1 154
 55 -2 0 82
 55 1 2 165
 5 -4 1 180
 55 -1 -2 283
 5 3 -1 181
 55 0 0 95
 5 2 1 170
 5 3 -3 279
 55 -2 -2 207
 55 0 3 284
 55 0 1 6
 55 0 -2 175
 55 3 3 255
 5 -1 2 344
 55 2 0 148
 55 0 -1 197
 55 1 0 172
 55 -1 -1 36
 55 -1 0 144
 55 0 2 132
 55 -3 3 128
 5 3 0 302
 55 -3 -1 183
 55 1 1 18
 55 0 4 26
 "contig-ratio-green-core" 0.9166666666666666
 "contig-ratio-red-core" 0.5454545454545454
 "a-count" 8
 "b-count" 6
 "c-color-count" 22
 "c-express-count" 22
 "d-color-count" 23
 "d-express-count" 20
 "cell-count" 56
 15 -2 0 249
 105 3 -2 290
 15 2 -3 312
 15 -4 1 123
 15 -3 -2 204
 15 3 2 29
 15 -2 1 34
 105 4 -1 260
 15 -3 -1 255
 15 -3 -3 11
 15 3 0 307
 15 2 -2 13
 15 -4 0 162
 105 4 0 188
 15 0 -4 321
 105 -2 -2 27
 15 -3 0 350
 15 3 -1 155
 15 2 0 141
 15 2 -4 299
 15 2 1 137
 15 2 -1 286
 15 3 1 232
 15 -4 -1 158
 15 2 2 289
 105 -1 4 199
 15 -3 1 334
 15 -2 3 274
 55 0 -2 112
 55 -1 2 169
 5 3 3 118
 5 -2 -1 289
 55 1 2 109
 55 0 3 64
 55 -1 -1 345
 55 -1 -2 215
 55 1 3 73
 5 4 1 337
 55 0 0 219
 55 0 -1 119
 55 -2 2 227
 55 -1 -4 9
 55 1 -1 344
 55 0 1 15
 55 -3 2 153
 5 2 3 50
 55 1 -3 148
 55 -1 -3 242
 5 0 4 70
 5 -1 1 281
 55 1 0 119
 55 -1 0 135
 55 1 -2 33
 55 0 -3 325
 55 1 1 3
 55 0 2 90
 "contig-ratio-green-core" 0.6
 "contig-ratio-red-core" 0.47058823529411764
 "a-count" 6
 "b-count" 7
 "c-color-count" 23
 "c-express-count" 21
 "d-color-count" 23
 "d-express-count" 22
 "cell-count" 56
 15 -1 1 224
 15 4 0 241
 105 1 -4 345
 15 -2 1 165
 105 1 -3 185
 15 4 1 176
 15 2 3 30
 15 3 -1 159
 15 1 3 200
 15 -3 0 285
 15 -2 0 166
 15 0 3 227
 15 3 2 149
 105 -4 0 188
 15 -1 -2 164
 15 -1 -1 207
 15 3 0 22
 105 -3 1 257
 15 2 2 256
 15 -3 -1 62
 15 -2 -1 100
 15 0 4 40
 15 3 -2 293
 15 -2 2 313
 15 -2 -2 336
 15 -1 0 304
 15 -4 -1 226
 105 -3 -3 226
 5 -3 3 168
 55 1 1 351
 55 -2 -4 24
 55 -1 4 133
 55 1 -2 304
 55 1 0 196
 55 -1 2 36
 55 0 -4 221
 5 2 -1 89
 55 -2 3 86
 55 0 2 42
 55 0 0 351
 55 -1 -3 21
 55 -4 1 220
 55 0 -3 72
 55 -2 -3 60
 55 1 -1 195
 55 2 0 163
 5 -3 2 75
 55 0 1 3
 5 -3 -2 230
 55 3 1 64
 55 2 1 342
 55 2 -2 249
 55 1 2 122
 55 0 -2 212
 55 -1 3 101
 5 -1 -4 137
 "contig-ratio-green-core" 0.6842105263157895
 "contig-ratio-red-core" 0.8823529411764706
