 "a-count" 11
 "b-count" 4
 "c-color-count" 25
 "c-express-count" 24
 "d-color-count" 17
 "d-express-count" 17
 "cell-count" 56
 105 -4 -1 315
 15 3 0 317
 105 3 -2 166
 15 2 -1 195
 15 0 -4 123
 105 4 -1 283
 15 -2 -2 218
 15 -2 1 329
 105 -3 1 294
 15 1 -3 87
 15 3 3 151
 15 3 1 308
 15 -3 -2 349
 15 1 3 120
 105 -1 -4 180
 15 1 -2 290
 15 2 -2 185
 105 -2 3 41
 105 -2 -3 267
 15 1 4 12
 15 -1 -3 51
 105 -2 2 272
 15 -1 3 38
 15 2 3 260
 15 0 4 209
 105 -3 -3 27
 105 3 -1 315
 105 4 0 78
 55 2 -3 216
 55 0 1 293
 55 1 0 162
 55 0 3 281
 55 -3 0 342
 55 -2 0 99
 55 0 2 20
 5 1 -4 288
 55 2 1 197
 55 0 0 170
 55 -2 -1 276
 55 1 2 166
 55 0 -3 42
 55 0 -1 3
 55 2 2 110
 55 0 -2 4
 55 -4 0 322
 55 1 -1 153
 5 3 -3 35
 55 -1 -2 221
 55 -1 -1 200
 55 -1 0 86
 5 -3 2 301
 55 -1 2 152
 55 2 0 234
 55 -3 -1 138
 55 -1 1 49
 55 1 1 133
 "contig-ratio-green-core" 0.8823529411764706
 "contig-ratio-red-core" 0.875
 "a-count" 8
 "b-count" 3
 "c-color-count" 25
 "c-express-count" 25
 "d-color-count" 20
 "d-express-count" 20
 "cell-count" 56
 105 4 -1 78
 105 4 1 9
 15 -2 -1 125
 15 3 1 268
 105 -3 2 72
 15 -1 -4 20
 15 3 -1 263
 15 -3 -1 161
 15 3 0 249
 15 2 -3 349
 15 -2 0 103
 15 -2 -2 37
 15 2 3 231
 15 1 -3 189
 105 -3 -2 321
 15 -2 1 89
 15 -2 2 36
 15 1 3 43
 15 -2 3 216
 105 3 -3 44
 15 -4 0 68
 15 1 -4 16
 105 -3 -3 77
 15 -1 4 100
 105 -3 1 325
 15 2 2 134
 105 4 0 279
 15 -2 -3 158
 55 -1 -3 64
 55 0 3 14
 55 1 2 318
 55 1 -1 216
 55 -1 3 74
 55 0 -3 172
 55 2 -1 186
 55 0 4 2
 55 0 2 231
 55 -4 -1 198
 55 0 1 82
 55 -1 1 194
 55 -1 -2 359
 5 1 4 94
 55 2 -2 307
 5 3 -2 193
 55 0 -2 191
 55 0 0 208
 55 -1 -1 67
 55 2 0 224
 55 1 -2 178
 55 2 1 88
 55 -1 2 237
 55 -1 0 302
 5 3 2 305
 55 0 -1 67
 55 0 -4 48
 55 1 0 135
 "contig-ratio-green-core" 0.8947368421052632
 "contig-ratio-red-core" 1
 "a-count" 5
 "b-count" 4
 "c-color-count" 24
 "c-express-count" 24
 "d-color-count" 23
 "d-express-count" 23
 "cell-count" 56
 105 3 -3 144
 105 3 -2 310
 15 -1 -4 25
 15 3 1 232
 15 -3 0 269
 15 2 -2 24
 15 1 2 115
 15 2 2 88
 15 4 0 40
 15 2 3 252
 105 -2 3 103
 15 1 3 233
 15 2 -1 91
 15 0 4 184
 15 1 -4 217
 105 -4 0 350
 15 -2 2 114
 15 -3 3 61
 15 -2 -3 42
 15 -3 -3 108
 15 0 3 46
 105 -4 1 356
 15 0 -4 14
 15 3 0 282
 15 -1 3 94
 15 -3 1 25
 15 -4 -1 299
 15 2 -3 13
 55 0 -2 340
 55 0 2 130
 5 -1 -2 317
 55 0 1 181
 55 -1 0 300
 55 -3 -2 344
 55 0 -3 3
 55 -2 -2 177
 55 1 -1 93
 55 -2 1 125
 55 2 4 107
 55 2 0 146
 55 1 1 319
 55 2 1 230
 55 1 4 28
 55 0 0 29
 5 3 3 262
 5 4 -1 214
 55 0 -1 179
 55 -1 2 160
 55 -1 1 214
 55 1 -3 56
 55 1 0 319
 55 -2 0 279
 5 -2 -1 91
 55 1 -2 43
 55 -1 -3 273
 55 -3 -1 4
 "contig-ratio-green-core" 1.105263157894737
 "contig-ratio-red-core" 0.7619047619047619
