 "a-count" 12
 "b-count" 4
 "c-color-count" 24
 "c-express-count" 24
 "d-color-count" 18
 "d-express-count" 16
 "cell-count" 56
 15 -1 3 250
 105 2 -3 193
 15 -3 -2 354
 15 0 -3 117
 15 3 -2 266
 105 -3 -3 26
 105 1 -4 344
 15 -2 2 19
 105 0 4 151
 15 3 1 92
 15 0 -4 171
 15 1 2 154
 15 -4 0 96
 15 -1 -3 139
 105 -1 -4 135
 105 3 -3 278
 15 3 2 293
 105 1 3 167
 15 4 -1 126
 105 -2 3 181
 105 2 3 54
 15 4 0 65
 15 2 2 149
 15 2 -2 354
 15 -3 -1 115
 15 0 3 178
 105 -2 -3 30
 15 1 -3 4
 55 1 -1 285
 55 -1 2 112
 55 2 1 152
 55 1 -2 255
 5 -4 1 30
 5 3 3 344
 55 0 2 242
 55 -2 -1 120
 55 2 0 192
 55 -1 -2 323
 55 -1 0 64
 55 1 1 208
 55 -3 0 187
 55 0 0 244
 55 3 0 172
 5 -3 2 130
 55 3 -1 145
 55 -3 1 0
 55 -2 0 119
 55 2 -1 258
 5 -3 3 13
 55 0 -2 358
 55 -1 1 299
 55 0 -1 50
 55 -1 -1 313
 55 -2 1 9
 55 1 0 183
 55 -2 -2 337
 "contig-ratio-green-core" 1
 "contig-ratio-red-core" 0.8666666666666667
 "a-count" 6
 "b-count" 0
 "c-color-count" 28
 "c-express-count" 28
 "d-color-count" 22
 "d-express-count" 22
 "cell-count" 56
 15 2 2 300
 15 -3 -3 303
 15 1 3 148
 105 2 3 132
 105 -3 3 227
 15 -3 1 9
 15 -2 3 288
 15 -2 -2 290
 15 -3 -2 192
 15 0 3 35
 105 2 -3 314
 105 3 -3 355
 15 -2 -3 283
 15 1 -3 102
 15 -1 4 181
 15 4 -1 170
 15 -2 -4 354
 105 0 4 136
 15 1 -4 250
 15 -2 2 34
 15 -2 -1 260
 105 3 3 2
 15 3 -2 323
 15 4 0 315
 15 -3 -1 65
 15 3 1 55
 15 -4 -1 352
 15 -3 0 102
 55 -1 3 183
 55 0 1 21
 55 0 -1 318
 55 -1 1 25
 55 1 1 71
 55 2 -2 307
 55 0 0 126
 55 -1 -3 245
 55 0 2 234
 55 0 -4 224
 55 2 -1 179
 55 -2 0 175
 55 0 -2 241
 55 3 0 281
 55 -1 -1 344
 55 2 0 30
 55 -1 -2 53
 55 1 -2 110
 55 3 -1 12
 55 1 2 27
 55 0 -3 292
 55 1 0 297
 55 1 -1 217
 55 2 1 20
 55 -1 2 284
 55 -2 1 301
 55 -1 -4 168
 55 -1 0 219
 "contig-ratio-green-core" 1.0588235294117647
 "contig-ratio-red-core" 0.9444444444444444
 "a-count" 12
 "b-count" 3
 "c-color-count" 25
 "c-express-count" 25
 "d-color-count" 16
 "d-express-count" 16
 "cell-count" 56
 15 -3 0 348
 105 3 -3 184
 105 -2 -3 172
 15 -1 -3 213
 15 3 2 315
 15 0 3 292
 15 -2 2 24
 105 -1 -4 167
 15 2 3 322
 15 1 -4 19
 15 2 -2 32
 15 3 1 81
 105 -3 3 324
 105 -3 -3 134
 15 -3 -1 100
 15 -3 -2 286
 15 3 -1 173
 105 0 -4 255
 105 -2 3 42
 105 -1 3 151
 105 -4 -1 338
 105 0 4 22
 15 3 3 332
 15 2 -3 30
 15 3 0 68
 105 -3 2 227
 15 -3 1 351
 105 1 4 162
 55 2 0 217
 55 2 -1 48
 55 0 -1 106
 55 -2 -2 296
 5 -4 1 169
 55 -2 -1 167
 55 1 -2 129
 55 -2 0 41
 55 -1 2 124
 55 0 1 203
 55 0 2 2
 55 2 1 66
 55 1 2 34
 55 0 -2 142
 55 -1 0 181
 55 0 0 34
 5 3 -2 167
 55 1 1 1
 55 -1 -1 309
 55 2 2 325
 55 1 0 185
 55 1 -3 148
 55 -1 -2 137
 5 -1 1 9
 55 0 -3 299
 55 1 -1 250
 55 -2 1 119
 55 1 3 4
 "contig-ratio-green-core" 1
 "contig-ratio-red-core" 1.1
