 "a-count" 7
 "b-count" 3
 "c-color-count" 25
 "c-express-count" 25
 "d-color-count" 21
 "d-express-count" 21
 "cell-count" 56
 15 1 3 127
 105 1 4 27
 105 0 4 254
 15 -3 3 4
 105 -4 -1 164
 15 -3 -1 313
 15 -3 -2 199
 105 -1 4 81
 15 -4 0 217
 15 2 2 300
 15 3 2 13
 15 3 1 15
 15 4 -1 186
 15 1 -3 3
 15 3 -1 230
 15 2 -1 358
 105 3 -2 345
 15 -1 3 145
 15 -3 2 29
 15 2 -2 102
 15 1 -4 255
 15 0 -3 201
 105 2 -3 218
 105 2 3 62
 15 -2 -2 23
 15 -2 3 72
 15 -4 1 17
 15 0 3 305
 55 0 0 254
 55 -2 1 262
 55 1 -2 36
 55 -1 1 273
 55 -1 2 37
 55 -1 -2 202
 55 1 -1 223
 5 4 1 230
 55 0 2 40
 55 1 1 33
 55 -2 2 264
 55 -2 0 250
 55 -1 -1 93
 55 4 0 165
 55 0 -1 188
 55 2 0 309
 55 -1 0 201
 55 2 1 285
 55 -3 1 357
 5 3 -3 76
 55 -3 0 72
 55 0 1 144
 55 1 0 81
 55 -2 -1 177
 5 -2 -3 31
 55 0 -2 306
 55 3 0 72
 55 1 2 192
 "contig-ratio-green-core" 1.1428571428571428
 "contig-ratio-red-core" 0.7894736842105263
 "a-count" 8
 "b-count" 8
 "c-color-count" 21
 "c-express-count" 20
 "d-color-count" 23
 "d-express-count" 20
 "cell-count" 56
 15 4 1 274
 15 3 -1 53
 15 -3 3 302
 15 4 -1 344
 15 2 -1 257
 15 -3 1 93
 15 0 4 151
 15 -1 -3 121
 15 -3 0 234
 15 2 2 161
 15 4 0 319
 15 -3 -2 265
 105 1 4 255
 15 0 -3 278
 15 -2 1 19
 105 1 -3 163
 15 -1 1 4
 15 -1 2 255
 15 1 3 250
 105 -3 -3 276
 15 0 -2 154
 15 -4 0 86
 105 3 -3 309
 15 2 -3 22
 15 -2 -2 111
 105 2 3 315
 15 1 -4 60
 15 1 -2 38
 55 0 1 226
 5 -2 2 247
 55 0 3 316
 55 1 2 214
 5 -2 -3 39
 55 0 -1 348
 5 -3 2 307
 55 -1 0 202
 55 0 2 281
 55 -2 -1 295
 55 2 1 192
 55 3 0 230
 5 -1 4 177
 55 -1 -2 271
 55 -2 0 63
 5 0 -4 287
 55 -4 1 58
 55 3 1 195
 55 -1 -1 36
 55 1 1 85
 55 1 -1 94
 5 -1 3 90
 55 1 0 171
 55 -2 3 185
 55 2 0 112
 55 -3 -1 185
 55 0 0 133
 5 3 2 119
 "contig-ratio-green-core" 1.0625
 "contig-ratio-red-core" 0.8333333333333334
 "a-count" 10
 "b-count" 2
 "c-color-count" 26
 "c-express-count" 26
 "d-color-count" 19
 "d-express-count" 18
 "cell-count" 56
 15 1 -3 19
 105 -2 -2 131
 15 2 -2 135
 105 -3 2 234
 15 -1 3 291
 15 2 2 321
 15 0 -4 1
 15 3 -1 324
 105 1 -4 307
 15 -2 2 314
 15 -3 0 25
 15 -2 -3 222
 15 -1 -2 161
 105 2 3 48
 105 3 3 257
 15 3 1 259
 105 4 1 170
 15 -1 -4 285
 15 -1 -1 264
 15 -2 3 113
 15 1 3 262
 15 -2 0 324
 15 1 4 279
 105 -3 -3 216
 105 3 2 56
 15 -2 -1 292
 15 -1 2 313
 105 3 -2 353
 55 2 1 201
 55 -1 0 166
 5 3 -3 288
 55 2 -3 18
 55 1 2 32
 5 -3 1 197
 55 2 -1 27
 55 0 4 348
 55 0 -3 142
 55 1 -1 287
 55 0 3 103
 55 -1 1 128
 55 0 0 105
 55 -2 1 209
 55 0 2 323
 55 1 -2 38
 55 2 0 29
 55 0 1 268
 55 4 0 64
 55 1 0 228
 55 -4 1 70
 55 1 1 2
 55 0 -1 318
 55 0 -2 244
 55 3 0 269
 55 -1 -3 110
 55 -4 -1 144
 55 -4 0 111
 "contig-ratio-green-core" 0.875
 "contig-ratio-red-core" 0.9444444444444444
 "a-count" 8
 "b-count" 4
 "c-color-count" 24
 "c-express-count" 24
 "d-color-count" 21
 "d-express-count" 20
 "cell-count" 56
 105 -2 -3 320
 15 0 4 214
 15 0 -3 358
 15 3 2 260
 15 3 -3 268
 15 -3 0 117
 15 -2 -2 110
 15 -3 1 269
 15 1 -4 9
 15 -3 2 20
 15 -2 3 96
 105 1 -3 255
 15 -1 -3 89
 15 2 -1 73
 15 2 0 84
 105 3 -1 66
 15 3 3 214
 15 2 1 323
 105 2 3 210
 15 -3 -2 121
 15 -4 -1 232
 105 -4 0 315
 15 -1 4 152
 15 -3 -1 262
 15 1 3 217
 15 2 -2 265
 105 4 -1 324
 105 3 0 330
 55 3 1 118
 55 -1 -1 170
 55 0 -1 298
 55 -1 -2 93
 55 -1 1 248
 5 -3 3 291
 55 0 0 219
 55 0 1 219
 55 0 2 165
 5 4 0 245
 5 4 1 262
 55 -4 1 355
 55 -3 -3 89
 55 1 1 16
 55 -1 2 167
 55 -2 0 345
 55 -1 0 249
 55 0 3 288
 55 -2 2 265
 55 1 -1 170
 55 1 -2 272
 55 -1 3 90
 55 1 0 118
 55 -2 -1 168
 55 -2 1 154
 55 1 2 40
 5 2 -3 334
 55 0 -2 325
 "contig-ratio-green-core" 1.1428571428571428
 "contig-ratio-red-core" 0.8125
