 "a-count" 6
 "b-count" 4
 "c-color-count" 24
 "c-express-count" 24
 "d-color-count" 24
 "d-express-count" 22
 "cell-count" 56
 15 1 4 63
 15 0 -4 283
 15 -1 -3 190
 15 -1 2 239
 15 2 2 322
 15 -3 -2 120
 15 1 -4 74
 15 3 -3 256
 105 3 2 344
 15 -3 2 158
 15 1 -3 166
 15 -3 1 295
 15 -3 -3 289
 15 -2 -2 34
 15 3 -1 33
 15 -4 -1 308
 15 3 1 321
 105 -1 4 70
 15 -2 -3 28
 15 -3 0 210
 15 -2 2 309
 15 1 3 45
 105 -2 3 230
 15 0 4 333
 105 2 3 36
 15 2 -2 148
 15 4 0 293
 15 1 2 230
 5 3 3 346
 5 4 1 298
 55 2 -1 255
 55 0 3 194
 55 -2 -1 353
 5 -4 0 311
 55 0 -2 19
 55 0 0 234
 55 1 -2 36
 55 1 -1 207
 55 0 -1 249
 55 -1 -2 171
 55 -3 3 332
 55 -2 0 330
 55 2 1 253
 5 2 -3 31
 55 -1 0 276
 55 -3 -1 296
 55 0 -3 351
 55 3 0 5
 55 -1 1 201
 55 1 0 248
 55 0 2 324
 55 1 1 187
 55 2 0 6
 55 -2 1 157
 55 -1 -1 10
 55 0 1 316
 "contig-ratio-green-core" 1.3846153846153846
 "contig-ratio-red-core" 0.8235294117647058
 "a-count" 7
 "b-count" 1
 "c-color-count" 27
 "c-express-count" 27
 "d-color-count" 22
 "d-express-count" 21
 "cell-count" 56
 15 3 1 113
 15 3 -1 17
 15 -3 -2 31
 15 1 4 47
 105 1 -4 140
 105 3 3 36
 15 3 -2 308
 15 -3 0 20
 105 3 2 297
 15 4 1 50
 15 2 2 201
 15 -4 -1 23
 15 3 0 205
 15 1 -3 267
 15 4 0 138
 15 2 -3 73
 15 2 -2 309
 105 3 -3 207
 15 2 3 118
 15 1 3 118
 105 -2 3 30
 15 0 -4 266
 15 -2 1 203
 15 -3 1 201
 15 -2 0 40
 105 -3 -3 211
 15 4 -1 198
 15 -2 -1 311
 55 0 -1 40
 55 1 2 348
 55 0 2 161
 55 -2 -2 118
 55 0 4 194
 55 1 0 79
 55 0 1 339
 55 0 -2 310
 55 1 1 249
 55 -1 1 16
 55 -1 -3 135
 55 1 -2 68
 55 2 0 88
 55 2 -1 205
 55 -1 2 119
 5 -2 -3 337
 55 0 -3 39
 55 -4 1 198
 55 -1 4 112
 55 2 1 84
 55 -1 -2 275
 55 -1 0 109
 55 -1 -1 237
 55 -1 3 218
 55 0 3 185
 55 -4 0 323
 55 0 0 12
 55 1 -1 232
 "contig-ratio-green-core" 0.8888888888888888
 "contig-ratio-red-core" 0.6666666666666666
 "a-count" 5
 "b-count" 4
 "c-color-count" 24
 "c-express-count" 24
 "d-color-count" 23
 "d-express-count" 23
 "cell-count" 56
 105 -3 3 142
 105 -4 0 277
 15 -2 -3 349
 15 1 4 44
 15 1 3 186
 105 3 2 259
 15 4 -1 317
 15 0 -4 195
 15 2 2 59
 15 3 0 6
 15 3 3 296
 15 -2 2 340
 105 3 -3 127
 15 -1 -4 211
 15 -3 0 331
 105 1 -4 299
 15 -3 -1 303
 15 1 -3 146
 15 -3 -3 308
 15 -1 3 230
 15 0 4 229
 15 4 0 97
 15 -3 2 123
 15 2 -1 310
 15 3 1 315
 15 3 -1 316
 15 -3 1 76
 15 2 -2 176
 55 -2 0 302
 55 0 1 171
 55 1 -1 334
 5 -1 -1 12
 5 4 1 197
 55 0 -1 30
 55 1 2 40
 55 2 0 265
 55 -2 -1 134
 55 -2 1 169
 55 0 -3 317
 5 -1 4 2
 55 -1 -2 16
 55 0 -2 306
 55 0 2 261
 55 1 0 288
 55 -1 2 129
 55 1 1 351
 55 -1 1 93
 55 2 1 109
 55 -2 -2 38
 55 0 0 179
 55 -3 -2 323
 55 0 3 119
 5 3 -2 52
 55 1 -2 101
 55 -1 -3 129
 55 -1 0 320
 "contig-ratio-green-core" 1.2142857142857142
 "contig-ratio-red-core" 0.7368421052631579
 "a-count" 6
 "b-count" 1
 "c-color-count" 27
 "c-express-count" 27
 "d-color-count" 23
 "d-express-count" 22
 "cell-count" 56
 105 1 3 337
 15 1 2 44
 15 4 -1 171
 15 0 3 107
 15 -2 -2 146
 15 3 -2 285
 15 -1 -3 15
 15 -3 2 209
 15 1 -3 129
 15 -3 -2 171
 15 2 3 263
 15 0 4 73
 15 4 1 311
 15 -2 3 30
 15 3 1 101
 15 -1 -4 277
 15 1 -4 98
 15 -4 1 180
 105 -4 2 227
 15 3 3 336
 15 -3 3 198
 105 -2 -3 138
 15 0 -4 213
 105 1 4 35
 105 3 2 90
 15 0 2 321
 15 2 -2 251
 15 2 2 124
 55 0 0 7
 55 2 -1 215
 55 -3 0 198
 55 -1 -1 335
 55 -3 1 228
 55 0 1 108
 55 -1 -2 176
 5 -4 -1 11
 55 1 -2 31
 55 1 1 347
 55 -1 1 154
 55 -1 2 326
 55 4 0 201
 55 3 -1 185
 55 -3 -1 182
 55 0 -2 288
 55 0 -1 43
 55 -2 2 247
 55 -1 0 330
 55 3 0 103
 55 2 0 128
 55 1 -1 206
 55 -2 1 6
 55 -2 -1 104
 55 2 1 118
 55 0 -3 209
 55 -4 0 95
 55 -1 3 156
 "contig-ratio-green-core" 0.7619047619047619
 "contig-ratio-red-core" 0.8095238095238095
