 "a-count" 8
 "b-count" 2
 "c-color-count" 26
 "c-express-count" 26
 "d-color-count" 20
 "d-express-count" 20
 "cell-count" 56
 15 3 0 231
 15 -2 3 230
 15 3 3 79
 15 2 -3 248
 105 -1 -4 204
 105 -3 3 192
 15 4 -1 192
 15 2 -2 346
 15 3 1 159
 15 2 3 156
 105 -4 1 300
 15 -3 2 12
 15 4 1 290
 105 3 2 70
 15 0 -4 188
 15 2 2 12
 105 3 -1 2
 15 1 -3 295
 15 -3 1 217
 15 0 5 123
 15 1 3 301
 15 -2 -1 93
 105 4 0 131
 15 -1 5 152
 15 -1 -3 58
 15 1 4 187
 105 -2 -3 104
 105 3 -2 283
 55 0 -2 255
 55 1 1 327
 5 -2 -2 198
 55 1 2 270
 55 0 1 334
 55 -1 2 110
 55 2 1 164
 55 -2 1 68
 55 -1 4 157
 55 2 0 31
 55 -2 2 259
 55 1 0 306
 55 0 0 234
 55 0 3 51
 5 -3 -2 182
 55 0 4 104
 55 1 -1 262
 55 -1 -1 127
 55 -1 1 168
 55 -3 0 248
 55 0 -1 134
 55 -1 3 301
 55 0 -3 75
 55 0 2 39
 55 1 -2 138
 55 -1 -2 326
 55 -3 -1 354
 55 -2 0 211
 "contig-ratio-green-core" 0.8333333333333334
 "contig-ratio-red-core" 0.7222222222222222
 "a-count" 8
 "b-count" 4
 "c-color-count" 25
 "c-express-count" 24
 "d-color-count" 20
 "d-express-count" 20
 "cell-count" 56
 15 1 -4 312
 15 2 3 303
 15 -3 -1 35
 105 -1 -4 148
 105 -3 -3 10
 15 -1 -2 305
 15 -2 3 323
 15 2 -2 304
 15 3 -1 249
 105 2 -3 10
 15 1 -1 336
 15 -2 -3 234
 105 0 -4 323
 15 0 4 251
 105 -4 1 71
 105 -1 -3 164
 105 3 3 37
 105 3 -2 24
 15 4 0 118
 15 -3 1 237
 15 1 4 173
 15 2 2 342
 15 -4 0 260
 15 -2 -2 57
 15 3 1 164
 15 1 -2 150
 15 0 -3 254
 15 2 -1 275
 55 -1 1 203
 55 -1 3 268
 5 -4 -1 65
 55 -2 2 213
 5 -1 4 90
 55 -1 0 266
 55 0 1 337
 55 0 2 298
 55 1 2 295
 55 -2 1 23
 55 0 3 74
 55 0 -1 44
 55 0 -2 18
 55 3 0 167
 55 -2 0 244
 5 -3 2 42
 55 -1 2 27
 55 3 2 161
 55 0 0 317
 55 1 0 154
 55 -1 -1 244
 55 1 1 215
 55 1 3 202
 55 -2 -1 42
 55 2 1 284
 55 4 -1 343
 55 -3 0 81
 55 2 0 161
 "contig-ratio-green-core" 1.1333333333333333
 "contig-ratio-red-core" 1
 "a-count" 7
 "b-count" 2
 "c-color-count" 27
 "c-express-count" 26
 "d-color-count" 22
 "d-express-count" 21
 "cell-count" 56
 105 -1 -3 286
 15 0 -3 353
 105 2 -2 185
 15 -2 2 17
 15 3 -1 34
 15 3 1 119
 15 2 -1 45
 15 -2 -3 341
 15 -4 1 333
 105 3 2 346
 15 -1 -4 215
 15 -2 4 231
 105 -2 3 296
 15 4 0 107
 15 -4 0 307
 15 -2 1 277
 15 3 0 117
 15 -3 -2 258
 105 0 -4 120
 105 1 -3 295
 15 1 3 23
 15 -3 1 53
 15 -1 2 120
 15 1 4 48
 15 -4 -1 145
 15 -3 0 229
 15 1 -2 314
 15 2 2 345
 55 1 -4 325
 55 -3 2 340
 55 -1 4 115
 55 -5 1 259
 55 -2 -1 326
 55 -2 -2 211
 55 0 2 68
 55 1 2 69
 55 0 4 101
 5 3 -2 345
 55 -1 -2 80
 55 -1 1 110
 55 1 1 133
 55 1 -1 329
 55 -1 -1 103
 55 -5 0 91
 55 0 -1 158
 55 4 1 105
 55 -2 0 213
 55 1 0 243
 55 2 1 354
 55 0 1 103
 55 0 0 27
 55 0 -2 163
 55 0 3 357
 55 -1 0 150
 55 -3 -1 351
 55 2 0 286
 "contig-ratio-green-core" 1.1333333333333333
 "contig-ratio-red-core" 0.85
 "a-count" 8
 "b-count" 2
 "c-color-count" 26
 "c-express-count" 26
 "d-color-count" 21
 "d-express-count" 20
 "cell-count" 56
 105 2 -3 228
 105 1 -4 327
 15 -2 2 46
 15 3 0 299
 15 -3 0 291
 105 -4 0 87
 15 4 0 115
 15 -3 -2 78
 15 2 -1 75
 15 4 1 208
 15 0 3 186
 15 2 -2 344
 15 -2 -3 31
 15 1 2 54
 15 -3 1 24
 15 1 -3 293
 15 1 -2 205
 15 3 2 285
 15 -2 3 277
 105 1 3 199
 105 -3 -1 270
 105 -1 -4 144
 15 -1 -3 219
 15 3 1 21
 105 3 -2 10
 15 1 4 317
 15 -3 -3 44
 15 0 -4 75
 55 2 1 329
 55 0 4 254
 55 -1 3 7
 55 -3 3 241
 5 2 3 26
 55 3 3 342
 55 -1 1 161
 55 -1 2 181
 55 2 0 27
 55 -3 2 351
 55 1 -1 196
 55 0 1 20
 55 1 0 315
 55 -1 4 142
 55 -1 -2 254
 55 -4 1 220
 55 -2 -1 162
 55 0 -1 313
 55 -2 0 65
 55 -1 -1 38
 55 0 -2 359
 55 1 1 85
 55 0 -3 331
 55 -1 0 217
 5 0 2 190
 55 0 0 108
 55 -2 1 217
 55 -2 -2 233
 "contig-ratio-green-core" 1
 "contig-ratio-red-core" 0.9411764705882353
