 "a-count" 12
 "b-count" 5
 "c-color-count" 24
 "c-express-count" 23
 "d-color-count" 17
 "d-express-count" 16
 "cell-count" 56
 105 0 -3 25
 105 0 3 24
 105 4 -1 271
 15 -3 1 151
 105 -4 -1 26
 15 2 2 13
 105 1 -4 151
 15 0 -2 106
 15 -2 -2 314
 15 4 1 326
 15 -1 -2 57
 15 -1 3 208
 15 -2 -1 101
 15 0 4 134
 105 -4 1 179
 105 2 3 35
 105 -3 2 51
 15 -3 -1 190
 105 -3 3 242
 15 -4 0 217
 15 4 0 249
 15 2 -2 28
 15 -2 2 27
 105 3 2 126
 15 3 -2 185
 15 -1 -3 285
 105 2 -3 7
 15 1 3 25
 55 1 -2 355
 5 -2 3 79
 55 1 -1 152
 55 2 -1 163
 55 -2 -3 95
 55 -1 -1 152
 55 1 0 76
 55 -2 0 223
 55 -1 2 70
 5 1 -3 166
 55 -2 1 36
 5 3 3 171
 55 -1 1 151
 55 0 0 318
 55 0 2 342
 55 3 -1 359
 55 3 1 24
 5 -3 -3 347
 55 -1 0 263
 55 0 -1 329
 55 1 1 62
 55 2 1 190
 55 3 0 27
 55 1 2 176
 55 -3 0 267
 55 -1 4 138
 55 0 1 291
 55 2 0 113
 "contig-ratio-green-core" 1.1428571428571428
 "contig-ratio-red-core" 1.0769230769230769
 "a-count" 9
 "b-count" 5
 "c-color-count" 24
 "c-express-count" 23
 "d-color-count" 20
 "d-express-count" 19
 "cell-count" 56
 15 3 1 286
 105 -3 -1 101
 15 2 -3 37
 15 -1 -2 266
 105 -2 -3 46
 105 -2 2 338
 15 1 4 69
 15 -4 1 1
 15 3 0 22
 15 -1 -3 328
 105 -2 -2 346
 15 -1 4 151
 15 -2 -1 9
 15 1 -4 269
 15 3 -2 283
 15 3 2 12
 15 0 -4 177
 15 4 0 160
 15 -1 1 154
 15 -4 0 348
 15 2 -2 203
 105 -3 3 350
 105 -1 2 35
 105 -2 3 218
 15 2 2 103
 15 -1 3 238
 105 -4 -1 123
 15 3 -1 313
 55 -1 -4 288
 55 0 4 334
 5 -2 1 299
 55 -1 -1 96
 55 1 2 351
 55 2 0 266
 55 2 -1 117
 55 0 -1 20
 55 1 3 343
 55 2 1 68
 55 0 1 215
 55 1 1 311
 5 3 -3 94
 55 1 -2 118
 55 0 -2 123
 55 1 -1 38
 5 -3 2 319
 55 -3 1 259
 55 0 -3 287
 55 -2 0 270
 5 2 3 320
 55 0 2 79
 55 1 0 260
 55 0 3 119
 55 0 0 229
 55 -3 0 40
 55 1 -3 255
 55 -1 0 233
 "contig-ratio-green-core" 0.9444444444444444
 "contig-ratio-red-core" 1
 "a-count" 9
 "b-count" 6
 "c-color-count" 25
 "c-express-count" 22
 "d-color-count" 20
 "d-express-count" 19
 "cell-count" 56
 15 3 -1 191
 15 1 3 155
 15 -1 3 152
 105 0 4 312
 105 3 -3 1
 15 -2 1 22
 15 -3 -1 161
 15 -4 1 228
 15 0 3 3
 105 4 -1 2
 105 -3 3 253
 15 -3 1 249
 105 1 -4 138
 15 -1 -4 108
 15 3 1 261
 105 2 -3 351
 15 1 -3 213
 15 -1 2 231
 15 -1 -3 168
 15 0 2 202
 15 -2 -2 333
 105 2 -2 261
 15 -1 4 51
 15 2 3 20
 15 -2 -1 279
 15 3 2 324
 15 3 0 162
 105 -4 -1 216
 55 -4 0 116
 55 2 -1 47
 55 0 -2 34
 55 1 -1 159
 55 2 0 178
 55 -2 2 116
 55 -1 -1 317
 55 0 -3 91
 55 2 2 194
 55 2 1 232
 55 0 -1 262
 55 0 0 236
 55 1 1 237
 55 4 1 213
 55 -1 -2 234
 55 -2 0 71
 55 1 0 123
 5 -4 2 221
 5 -2 3 112
 5 -3 2 256
 55 -2 -3 107
 55 1 -2 302
 55 1 2 286
 55 0 1 25
 55 -3 0 112
 55 -1 1 95
 55 -1 0 297
 55 0 -4 84
 "contig-ratio-green-core" 1.1538461538461537
 "contig-ratio-red-core" 1
 "a-count" 9
 "b-count" 3
 "c-color-count" 25
 "c-express-count" 25
 "d-color-count" 20
 "d-express-count" 19
 "cell-count" 56
 105 2 -3 293
 105 -1 -4 271
 105 -3 2 298
 105 -2 -3 217
 15 3 -1 102
 15 -2 3 20
 15 1 -3 149
 15 -2 -2 15
 15 3 -3 287
 15 -4 0 5
 15 2 1 245
 15 3 -2 61
 15 1 3 134
 15 0 -3 339
 15 4 1 341
 105 1 4 170
 15 2 -2 73
 15 -2 2 203
 15 -4 1 90
 105 2 2 217
 15 3 0 296
 105 4 0 295
 15 0 4 263
 105 3 1 170
 15 3 2 38
 15 1 2 46
 15 -3 1 44
 15 -1 -2 236
 5 -3 -3 348
 55 0 0 248
 55 2 -1 243
 5 -4 -1 298
 55 -1 0 121
 55 -2 0 6
 55 1 1 233
 55 -2 -1 358
 55 2 0 239
 55 0 3 64
 5 3 3 78
 55 0 2 3
 55 -1 -1 69
 55 -1 2 272
 55 0 -1 61
 55 -1 3 139
 55 -1 4 99
 55 -3 -2 277
 55 1 -2 66
 55 0 1 265
 55 1 -1 156
 55 0 -2 206
 55 -2 1 99
 55 1 -4 12
 55 -3 -1 154
 55 -3 0 114
 55 -1 1 59
 55 1 0 198
 "contig-ratio-green-core" 1.0714285714285714
 "contig-ratio-red-core" 0.8823529411764706
