 "a-count" 10
 "b-count" 4
 "c-color-count" 24
 "c-express-count" 24
 "d-color-count" 19
 "d-express-count" 18
 "cell-count" 56
 15 -1 4 56
 15 -2 -2 43
 15 0 -4 335
 15 -1 3 133
 15 3 3 124
 15 1 -3 111
 105 4 -1 22
 15 3 2 128
 15 0 4 344
 15 1 -2 165
 15 -2 -3 51
 15 2 -2 24
 15 -1 -3 83
 15 3 0 151
 105 2 -3 286
 15 1 4 330
 105 -3 2 135
 105 -2 2 328
 15 0 -2 189
 105 -3 3 172
 15 -2 3 254
 15 3 1 326
 105 4 0 30
 105 -4 -1 131
 105 -3 0 266
 15 0 -3 142
 15 3 -1 183
 105 -3 -2 42
 55 2 1 19
 55 1 -1 191
 55 1 2 234
 55 2 2 13
 5 2 3 249
 55 -1 -1 285
 55 1 0 96
 55 2 -1 110
 55 0 2 259
 5 -4 1 12
 55 0 1 320
 55 1 3 172
 55 -1 0 225
 5 -1 -4 222
 55 -1 -2 4
 55 -3 1 23
 55 -2 -1 16
 55 0 0 85
 55 2 0 219
 55 -1 2 310
 55 0 -1 121
 55 1 1 335
 5 3 -2 193
 55 3 -3 170
 55 -2 0 213
 55 -1 1 202
 55 1 -4 86
 55 -2 1 139
 "contig-ratio-green-core" 0.7857142857142857
 "contig-ratio-red-core" 0.6428571428571429
 "a-count" 14
 "b-count" 5
 "c-color-count" 25
 "c-express-count" 23
 "d-color-count" 16
 "d-express-count" 14
 "cell-count" 56
 105 -4 0 124
 15 2 -1 226
 105 4 -1 273
 105 3 3 201
 15 -2 -3 179
 15 -2 1 353
 15 2 1 312
 105 -2 3 213
 15 0 -3 134
 105 -3 -2 177
 15 3 0 211
 15 -3 1 241
 15 -3 2 320
 15 3 1 89
 15 2 -2 253
 15 1 4 238
 15 -2 2 242
 15 -1 -3 310
 105 -1 4 44
 105 1 -3 210
 105 2 3 128
 15 3 -1 128
 15 2 0 135
 105 -1 3 351
 105 1 -4 174
 105 -3 -3 188
 15 0 4 321
 105 3 -3 329
 55 -1 1 127
 55 0 -2 98
 55 1 1 97
 55 0 -1 147
 55 -1 -2 80
 5 4 1 36
 55 -3 -1 0
 55 -1 -1 277
 55 1 0 39
 55 -1 2 224
 55 1 -1 32
 55 0 3 56
 55 -3 3 338
 55 0 2 81
 55 -1 0 345
 55 -2 -2 145
 55 0 1 315
 5 0 0 327
 55 3 2 111
 55 -2 -1 26
 55 -1 -4 102
 5 -4 -1 57
 55 2 2 99
 55 -3 0 137
 55 3 -2 6
 55 -2 0 161
 55 2 -3 85
 55 1 2 253
 "contig-ratio-green-core" 0.7857142857142857
 "contig-ratio-red-core" 1
 "a-count" 10
 "b-count" 8
 "c-color-count" 20
 "c-express-count" 20
 "d-color-count" 18
 "d-express-count" 18
 "cell-count" 56
 105 -3 0 50
 15 3 1 187
 15 0 2 44
 15 -1 3 194
 105 -1 -4 115
 105 -3 2 65
 15 2 1 352
 15 2 2 68
 15 1 3 62
 15 3 -1 354
 15 -4 -1 308
 15 2 -3 88
 105 4 0 205
 15 3 0 156
 105 -2 3 181
 15 -1 -3 333
 105 -1 4 314
 15 -1 2 147
 15 0 -4 172
 15 0 -3 238
 15 0 3 32
 105 -3 3 316
 15 1 2 323
 15 -3 -1 48
 105 -3 -2 256
 15 1 -3 279
 105 -2 1 13
 105 0 4 192
 5 -2 2 338
 55 1 1 13
 55 0 -2 122
 55 -4 1 191
 55 -1 1 71
 55 -1 -1 125
 5 -4 0 338
 55 -2 0 197
 55 0 -1 251
 55 2 0 82
 5 1 -4 149
 5 3 -2 305
 55 4 -1 164
 5 2 -2 197
 55 0 0 55
 55 1 0 266
 5 -2 -3 150
 55 2 -1 180
 55 -2 -1 88
 55 1 -1 64
 55 3 3 13
 5 4 1 351
 55 0 1 36
 55 -2 -2 187
 55 2 3 355
 55 -1 -2 183
 5 3 -3 304
 55 -1 0 205
 "contig-ratio-green-core" 0.7857142857142857
 "contig-ratio-red-core" 0.6666666666666666
 "a-count" 7
 "b-count" 4
 "c-color-count" 24
 "c-express-count" 24
 "d-color-count" 22
 "d-express-count" 21
 "cell-count" 56
 15 -2 1 212
 15 -2 -1 26
 15 1 3 324
 15 -2 0 312
 15 -2 -2 304
 105 -1 -4 185
 15 3 0 0
 105 -1 -3 326
 105 -3 -3 39
 15 -3 -2 263
 15 1 2 349
 15 -1 1 39
 15 -1 3 290
 105 2 3 191
 15 4 0 0
 105 4 -1 196
 15 0 3 160
 15 -2 3 233
 15 -1 0 172
 15 3 -1 236
 15 0 2 277
 15 -4 1 7
 15 -1 2 303
 105 2 -3 290
 15 -2 2 250
 15 -2 -3 261
 15 0 -4 161
 15 1 -4 275
 55 0 0 122
 55 0 5 347
 5 2 -2 84
 55 1 -1 96
 55 2 1 280
 55 2 -1 24
 55 1 -3 15
 55 0 -2 255
 55 -4 0 269
 55 4 1 296
 55 2 0 293
 55 -4 -1 321
 55 0 -1 154
 55 0 4 108
 55 -3 2 354
 55 1 0 221
 55 1 -2 264
 55 3 2 298
 55 -1 -2 285
 55 1 4 309
 55 -3 3 95
 55 1 1 144
 5 3 1 50
 5 -3 1 259
 55 2 2 3
 5 3 -2 242
 55 -3 0 222
 55 -1 -1 244
 "contig-ratio-green-core" 0.7222222222222222
 "contig-ratio-red-core" 0.7777777777777778
