 "a-count" 13
 "b-count" 9
 "c-color-count" 19
 "c-express-count" 19
 "d-color-count" 15
 "d-express-count" 15
 "cell-count" 56
 105 1 -3 51
 15 -3 2 59
 105 4 1 265
 105 0 -4 128
 105 0 -3 94
 15 -3 -1 248
 105 4 0 327
 15 2 -2 126
 15 2 0 16
 15 1 3 336
 105 -2 -2 59
 15 -2 3 185
 15 2 -3 88
 105 3 -2 28
 105 3 -3 310
 15 2 3 244
 15 2 -1 4
 15 -2 -1 152
 15 3 0 296
 15 -4 1 315
 15 2 2 10
 15 2 1 37
 105 -1 -4 235
 15 -3 -2 351
 105 -2 -3 332
 105 3 1 27
 105 1 4 17
 105 -4 -1 314
 55 0 3 19
 5 -1 4 220
 55 1 -1 68
 5 -1 0 148
 55 -1 1 3
 5 3 -1 166
 55 1 0 225
 55 0 0 314
 55 1 2 158
 55 -3 1 356
 55 -1 -2 46
 55 -1 3 220
 5 1 1 69
 55 -3 0 304
 55 0 1 338
 5 3 2 234
 5 -3 -3 137
 5 -3 3 289
 55 -1 2 204
 55 0 -2 93
 5 -2 2 104
 55 -2 0 343
 55 0 2 202
 55 0 -1 304
 55 -1 -1 182
 5 -4 0 339
 55 0 4 105
 55 -2 1 341
 "contig-ratio-green-core" 0.75
 "contig-ratio-red-core" 0.6
 "a-count" 9
 "b-count" 4
 "c-color-count" 24
 "c-express-count" 24
 "d-color-count" 19
 "d-express-count" 19
 "cell-count" 56
 105 -3 2 314
 15 0 -2 231
 15 0 -2 154
 15 -1 2 150
 15 1 -4 79
 105 -3 -3 102
 15 -1 4 226
 15 -2 2 292
 15 0 3 143
 15 0 -3 204
 15 2 -2 102
 15 -1 3 217
 15 -2 1 51
 105 3 2 27
 15 0 2 282
 105 2 3 234
 15 1 -2 101
 15 -1 -2 231
 105 1 -3 247
 105 3 -3 87
 15 1 3 123
 15 -1 -3 84
 15 -3 -2 11
 15 -2 -2 245
 105 0 4 15
 105 -4 0 188
 105 3 -2 253
 15 0 -4 123
 55 0 1 319
 55 0 -1 198
 5 4 1 344
 55 2 1 20
 55 2 -1 85
 55 0 0 192
 55 1 -1 332
 55 -1 -1 231
 55 2 2 357
 5 -2 -1 326
 55 -1 -1 209
 55 1 0 82
 55 3 0 328
 55 1 1 103
 55 2 0 180
 55 -1 -4 149
 5 -1 1 309
 55 -2 0 132
 55 -2 -3 42
 55 3 1 80
 55 -3 0 190
 55 0 -1 306
 55 1 -1 347
 5 3 3 101
 55 -3 -1 15
 55 1 2 153
 55 -1 0 333
 55 -4 -1 283
 "contig-ratio-green-core" 0.5625
 "contig-ratio-red-core" 0.8571428571428571
 "a-count" 10
 "b-count" 5
 "c-color-count" 23
 "c-express-count" 23
 "d-color-count" 19
 "d-express-count" 18
 "cell-count" 56
 105 3 2 12
 15 3 1 341
 105 0 -4 254
 105 3 3 43
 105 -4 1 115
 15 -2 2 210
 105 2 -2 158
 15 -3 -3 177
 15 -1 -3 67
 15 0 3 82
 15 -1 3 306
 15 4 -1 203
 15 -3 2 183
 15 -1 2 313
 15 -3 -1 138
 15 3 -2 197
 15 -2 -3 333
 105 -3 -2 198
 15 1 -4 107
 15 -4 -1 162
 15 0 -3 207
 15 -3 0 330
 15 2 -3 213
 15 -3 1 194
 15 1 -3 109
 105 4 1 161
 105 2 2 267
 105 -4 0 277
 55 3 0 238
 55 1 1 293
 55 -1 0 51
 55 -1 -4 138
 55 -2 0 221
 55 0 1 199
 55 1 4 278
 5 -1 4 100
 55 -1 -1 182
 55 1 3 293
 55 2 1 23
 55 -1 1 286
 5 0 4 74
 55 0 -1 206
 5 3 -1 70
 55 1 -2 157
 55 1 2 62
 55 -2 -1 205
 55 0 -2 38
 5 -2 1 222
 55 2 0 31
 55 0 2 46
 55 2 -1 330
 55 0 0 289
 55 1 -1 105
 5 1 0 38
 55 4 0 350
 55 -1 -2 136
 "contig-ratio-green-core" 0.6923076923076923
 "contig-ratio-red-core" 0.6
 "a-count" 9
 "b-count" 7
 "c-color-count" 22
 "c-express-count" 21
 "d-color-count" 21
 "d-express-count" 19
 "cell-count" 56
 15 4 0 234
 105 -4 1 85
 15 3 0 218
 15 -1 1 293
 15 0 -3 85
 15 -1 -4 306
 15 3 1 235
 15 3 2 325
 15 2 3 153
 105 2 -3 327
 15 -3 2 94
 105 -3 3 33
 15 3 -1 322
 105 0 -4 190
 105 1 -4 173
 15 2 -2 186
 15 2 -1 342
 15 -1 2 148
 15 -2 -2 275
 15 -3 -2 279
 15 3 -2 232
 15 -2 2 145
 15 -1 -3 354
 15 -2 1 36
 15 -2 -3 329
 105 4 1 112
 105 -1 4 156
 15 -1 -2 291
 55 2 1 215
 55 0 3 215
 55 0 4 223
 55 0 -2 114
 5 1 3 132
 55 -2 -1 190
 5 4 -1 216
 55 1 1 281
 55 -1 0 155
 55 0 1 221
 5 3 3 188
 55 0 0 126
 5 -3 1 351
 5 -3 -3 278
 55 1 -1 293
 55 -3 -1 255
 5 -2 3 46
 55 0 -1 262
 55 1 2 21
 55 -3 0 166
 55 2 0 339
 55 0 2 336
 55 1 0 168
 55 -4 -1 61
 55 1 -3 261
 55 1 -2 312
 55 -2 0 91
 55 -1 -1 21
 "contig-ratio-green-core" 0.6111111111111112
 "contig-ratio-red-core" 0.6842105263157895
