 "a-count" 13
 "b-count" 7
 "c-color-count" 23
 "c-express-count" 21
 "d-color-count" 15
 "d-express-count" 15
 "cell-count" 56
 105 1 -4 139
 15 0 -3 67
 105 -2 2 200
 15 3 -3 263
 15 2 -3 41
 105 2 2 42
 15 -1 -3 352
 15 4 -1 167
 15 0 -2 343
 15 0 4 297
 15 1 -2 60
 15 -2 1 282
 105 -2 -1 129
 15 -3 -1 328
 105 -2 0 12
 105 -2 -2 289
 15 -3 0 300
 105 -1 -4 303
 105 0 -4 188
 15 -3 1 228
 105 1 3 60
 105 1 4 3
 105 -2 -3 166
 15 0 3 227
 105 3 -2 249
 15 1 -3 121
 15 -1 3 320
 105 3 3 340
 5 -1 4 172
 55 3 2 293
 5 3 0 271
 55 0 1 81
 55 -1 2 319
 55 -1 0 188
 55 0 -1 164
 55 0 0 305
 55 3 -1 180
 55 4 0 326
 55 2 -1 144
 55 -4 0 226
 5 1 -1 128
 55 2 3 148
 55 2 -2 33
 55 3 1 28
 55 2 0 275
 55 2 1 292
 55 1 0 175
 5 -2 3 310
 55 -3 3 189
 55 -1 1 136
 5 4 1 224
 55 1 2 355
 55 -1 -1 295
 55 1 1 30
 55 -4 -1 67
 55 0 2 111
 "contig-ratio-green-core" 0.6
 "contig-ratio-red-core" 0.6363636363636364
 "a-count" 6
 "b-count" 6
 "c-color-count" 22
 "c-express-count" 22
 "d-color-count" 24
 "d-express-count" 22
 "cell-count" 56
 15 0 3 66
 105 3 -1 184
 15 0 -3 270
 15 -4 1 90
 15 -1 3 264
 15 2 1 117
 15 1 2 3
 15 -1 -3 273
 15 1 4 223
 15 3 3 50
 15 0 2 189
 15 1 1 311
 15 2 0 198
 15 1 3 105
 15 -4 -1 30
 15 -2 -3 140
 15 0 -2 244
 105 -1 -2 228
 15 -2 3 268
 15 3 0 299
 15 2 -3 319
 105 -3 2 80
 15 2 2 137
 15 0 1 287
 105 3 -3 330
 15 -2 -2 7
 15 -4 0 52
 15 0 4 202
 5 -1 4 171
 55 -2 0 210
 55 1 -2 181
 55 -3 -1 6
 55 -3 -2 240
 5 -1 -4 183
 55 -2 -1 210
 55 3 2 4
 55 -3 1 353
 5 3 1 227
 55 -1 2 48
 55 2 -2 240
 5 3 -2 240
 55 -2 2 69
 55 -3 0 158
 55 -1 0 70
 55 -1 1 94
 55 1 0 170
 55 2 -1 240
 55 0 0 120
 55 1 -3 154
 55 0 -1 70
 55 1 -1 357
 5 1 -4 162
 55 -1 -1 303
 5 2 3 142
 55 -2 1 134
 55 -3 -3 88
 "contig-ratio-green-core" 0.9375
 "contig-ratio-red-core" 0.8421052631578947
 "a-count" 9
 "b-count" 6
 "c-color-count" 22
 "c-express-count" 22
 "d-color-count" 19
 "d-express-count" 19
 "cell-count" 56
 105 -3 3 337
 15 2 0 69
 105 -3 1 16
 15 1 0 183
 15 3 3 133
 15 0 -3 14
 15 -2 2 227
 15 1 -1 354
 15 1 3 11
 15 2 2 56
 105 -2 3 106
 105 0 4 138
 105 0 3 52
 105 3 -2 138
 105 -3 -3 16
 15 -2 1 341
 15 -4 -1 304
 15 -1 -4 71
 15 1 -2 257
 15 -1 -3 294
 15 0 -4 305
 105 -3 2 347
 15 2 1 69
 15 1 -3 94
 15 1 4 277
 105 3 2 196
 15 3 1 149
 15 3 0 23
 55 -3 0 30
 55 -1 -2 158
 55 4 1 307
 5 4 -1 183
 55 1 2 315
 55 -1 2 40
 55 0 -2 40
 5 2 -1 21
 55 -4 0 111
 55 -1 0 147
 5 2 -2 107
 55 4 0 333
 55 -1 1 286
 55 -1 -1 106
 55 2 -3 138
 55 3 -1 249
 5 -2 -2 67
 5 3 -3 46
 5 -3 -2 23
 55 1 1 98
 55 -2 -1 37
 55 0 -1 2
 55 0 2 212
 55 -2 0 143
 55 2 3 352
 55 0 0 167
 55 -3 -1 330
 55 0 1 171
 "contig-ratio-green-core" 0.8666666666666667
 "contig-ratio-red-core" 0.8125
