 "a-count" 10
 "b-count" 4
 "c-color-count" 25
 "c-express-count" 24
 "d-color-count" 19
 "d-express-count" 18
 "cell-count" 56
 15 1 -2 59
 105 -3 -2 197
 15 -2 -2 32
 15 -3 1 168
 15 -1 -4 138
 15 1 -3 286
 105 3 -2 263
 15 -1 3 136
 105 -3 0 283
 15 -2 -1 268
 15 -4 1 227
 15 1 3 268
 15 3 2 46
 105 0 4 101
 15 -1 2 313
 105 -3 -1 93
 15 -2 1 325
 105 0 3 26
 15 -1 4 107
 105 3 3 339
 105 -4 -1 189
 15 -2 -3 75
 15 3 1 115
 15 -3 -3 158
 15 2 -2 255
 15 4 1 104
 15 -2 0 70
 105 -2 2 264
 55 2 -1 219
 55 3 -1 53
 55 0 -3 189
 55 -3 2 39
 55 0 2 46
 55 0 0 31
 55 0 -2 262
 55 2 0 222
 55 1 -1 205
 55 3 -3 255
 55 2 1 31
 55 -1 0 5
 55 -1 -2 358
 55 -3 3 191
 55 -1 1 66
 55 -1 -1 241
 55 1 2 176
 55 -1 -3 52
 55 0 -1 90
 55 1 0 279
 5 2 -3 20
 55 2 3 244
 5 1 -4 59
 5 0 -4 299
 55 4 0 305
 55 4 -1 211
 55 2 2 92
 55 0 1 301
 "contig-ratio-green-core" 0.7
 "contig-ratio-red-core" 0.875
 "a-count" 11
 "b-count" 2
 "c-color-count" 26
 "c-express-count" 26
 "d-color-count" 18
 "d-express-count" 17
 "cell-count" 56
 15 -4 1 280
 15 3 0 276
 15 -3 1 104
 105 -1 -4 58
 105 0 -4 247
 105 1 -4 86
 15 0 3 100
 15 1 3 231
 15 4 1 298
 15 -1 3 251
 105 1 4 278
 15 3 -1 347
 15 -3 0 96
 105 0 4 238
 15 1 -3 237
 105 2 -2 279
 15 -2 -2 181
 15 1 -2 8
 105 4 -1 189
 15 -2 2 283
 105 3 -2 19
 105 -1 -3 228
 15 3 1 77
 15 -2 3 188
 15 -1 -2 301
 15 -3 -1 31
 105 3 3 95
 15 -4 0 18
 55 2 0 344
 55 1 1 36
 55 -3 -2 265
 55 2 2 73
 55 1 2 2
 55 1 0 22
 55 -1 -1 283
 55 2 -1 357
 55 2 3 337
 55 -2 -1 100
 55 -3 3 103
 55 -3 -3 71
 55 -1 1 187
 5 -3 2 281
 55 -2 1 219
 55 2 1 231
 5 4 0 325
 55 0 0 252
 55 -4 -1 320
 55 -1 0 194
 55 0 2 37
 55 0 -1 243
 55 -2 0 33
 55 3 2 211
 55 1 -1 212
 55 -1 2 130
 55 0 1 295
 55 -1 4 163
 "contig-ratio-green-core" 0.8235294117647058
 "contig-ratio-red-core" 1
 "a-count" 6
 "b-count" 6
 "c-color-count" 24
 "c-express-count" 22
 "d-color-count" 22
 "d-express-count" 22
 "cell-count" 56
 105 -3 -2 169
 15 1 -4 180
 15 0 4 164
 15 0 -4 247
 15 4 0 38
 15 0 2 44
 15 -1 3 208
 15 3 -2 145
 105 5 -1 293
 15 1 -4 100
 15 -1 1 277
 15 -1 2 124
 15 3 -2 101
 15 2 -3 123
 15 3 3 166
 15 -2 -2 207
 105 -2 1 49
 15 4 -1 83
 15 2 2 196
 105 -1 0 21
 15 -2 3 248
 15 1 1 79
 15 2 -3 192
 105 -4 1 154
 15 1 2 23
 15 -2 2 62
 105 -3 -1 158
 15 0 1 181
 55 3 2 190
 55 2 0 105
 55 0 -2 358
 55 -1 -3 84
 55 3 1 30
 55 3 -1 276
 55 3 0 128
 55 -4 0 208
 55 2 -2 191
 55 0 0 18
 55 1 -1 268
 55 4 1 311
 55 2 1 4
 55 2 -1 251
 55 1 0 122
 5 4 -2 23
 55 -3 3 113
 5 3 -3 96
 55 1 -2 233
 55 0 -1 189
 55 0 -3 358
 5 2 -4 20
 5 -3 0 90
 55 1 -3 168
 55 1 -3 118
 55 -1 -2 112
 55 1 4 193
 55 3 -1 107
 "contig-ratio-green-core" 0.875
 "contig-ratio-red-core" 0.9285714285714286
 "a-count" 8
 "b-count" 5
 "c-color-count" 23
 "c-express-count" 23
 "d-color-count" 21
 "d-express-count" 20
 "cell-count" 56
 15 -3 1 194
 15 3 2 223
 15 2 -1 238
 15 3 -2 6
 15 -4 -1 152
 105 -2 -2 161
 15 -3 0 28
 105 -1 -4 359
 15 0 4 356
 15 -1 4 295
 105 2 -3 117
 15 -3 -1 299
 15 4 -2 108
 105 0 -3 159
 15 -4 0 296
 105 2 -2 119
 15 3 -1 352
 15 0 3 141
 105 1 -4 45
 15 4 2 354
 15 -1 -3 329
 15 0 -2 304
 15 -1 3 61
 15 -1 -2 230
 105 3 -3 136
 15 1 3 84
 15 1 -2 343
 15 -4 1 149
 55 -2 1 200
 55 2 1 270
 5 -3 -2 327
 55 0 0 227
 55 0 -1 17
 55 -1 0 216
 55 2 0 319
 55 2 3 226
 55 1 1 120
 5 3 3 54
 55 0 1 22
 55 1 0 87
 5 -2 2 336
 55 0 2 353
 5 -2 -3 77
 55 4 0 168
 55 -1 1 45
 55 -2 0 211
 55 1 2 325
 55 -1 -1 51
 55 -3 2 288
 5 -3 3 192
 55 1 -1 326
 55 -2 -1 259
 55 3 0 260
 55 3 1 111
 55 2 2 331
 55 -1 2 284
 "contig-ratio-green-core" 0.75
 "contig-ratio-red-core" 0.7894736842105263
