 "a-count" 12
 "b-count" 4
 "c-color-count" 25
 "c-express-count" 24
 "d-color-count" 16
 "d-express-count" 16
 "cell-count" 56
 15 3 0 150
 105 -3 3 151
 105 1 3 34
 15 -3 2 101
 15 2 2 49
 105 3 -3 2
 15 2 -2 240
 15 3 2 67
 15 -1 3 93
 105 -4 -1 198
 15 0 2 343
 15 1 -3 225
 105 4 -1 126
 105 -3 -3 107
 15 3 -1 3
 15 -4 1 184
 105 3 -2 118
 105 1 4 169
 105 4 1 105
 105 -1 -4 101
 15 0 3 317
 15 1 2 326
 15 -2 2 159
 15 0 -4 152
 15 -1 2 12
 105 -1 4 118
 105 0 4 148
 15 -3 -1 98
 5 3 3 6
 55 -3 1 45
 55 -1 0 125
 55 1 -4 258
 55 0 1 259
 55 -3 0 246
 55 2 -1 72
 55 -1 -1 8
 55 -2 -1 218
 55 -1 1 166
 55 1 -1 56
 55 3 1 100
 55 -4 0 250
 55 0 -1 335
 55 0 0 300
 55 1 0 20
 55 2 1 246
 55 0 -2 229
 55 -2 0 41
 55 0 -3 87
 5 -2 -2 91
 55 1 -2 309
 5 2 -3 49
 55 2 0 345
 55 -1 -3 355
 55 1 1 48
 55 -2 1 335
 55 -1 -2 272
 "contig-ratio-green-core" 0.9333333333333333
 "contig-ratio-red-core" 1.0909090909090908
 "a-count" 10
 "b-count" 7
 "c-color-count" 22
 "c-express-count" 21
 "d-color-count" 20
 "d-express-count" 18
 "cell-count" 56
 105 -4 1 137
 105 -2 -3 271
 105 -3 -2 324
 15 -2 -2 217
 15 -1 1 12
 105 4 -1 342
 15 3 -2 22
 15 2 3 276
 15 -3 1 77
 15 -3 0 68
 15 4 1 157
 15 -2 1 225
 15 0 -4 228
 15 -1 2 61
 15 4 0 353
 105 -2 2 352
 15 1 -3 247
 15 -1 -3 256
 105 -3 -3 135
 15 3 -1 26
 15 -3 -1 202
 15 2 -1 68
 15 1 -2 268
 105 -1 4 293
 15 0 -3 28
 15 1 -1 173
 15 1 -4 130
 105 -4 -1 315
 55 1 2 274
 55 2 2 130
 55 -1 0 75
 55 2 1 145
 55 0 1 339
 55 -2 -1 300
 55 -2 0 354
 55 0 -1 40
 55 3 0 155
 55 1 0 301
 5 3 3 315
 55 3 1 103
 55 -1 3 25
 55 3 -3 233
 55 2 0 44
 5 1 4 112
 55 0 -2 117
 55 0 2 3
 5 -2 3 115
 55 -3 3 2
 55 1 3 249
 55 -1 -2 231
 5 -1 -4 139
 5 3 2 290
 55 0 3 62
 55 -1 -1 75
 5 -4 0 241
 55 1 1 224
 "contig-ratio-green-core" 0.9375
 "contig-ratio-red-core" 0.9285714285714286
 "a-count" 11
 "b-count" 4
 "c-color-count" 24
 "c-express-count" 24
 "d-color-count" 18
 "d-express-count" 17
 "cell-count" 56
 15 0 -3 2
 15 -3 -1 300
 15 0 -2 138
 15 -2 -2 66
 15 4 1 136
 105 -1 -3 109
 15 3 3 114
 15 -1 4 319
 15 -2 2 256
 105 -3 -3 333
 105 -3 -2 106
 15 1 -2 230
 15 1 -3 219
 105 0 -4 57
 15 -3 0 272
 15 4 2 8
 105 -4 0 342
 15 2 -3 65
 105 -3 2 193
 105 -4 -1 4
 105 3 -3 126
 15 4 0 144
 15 3 -1 57
 105 -2 -3 228
 105 2 3 161
 15 1 -4 199
 15 1 3 175
 15 3 0 345
 5 -2 3 155
 55 -2 -1 63
 55 -2 1 184
 55 2 -1 224
 5 4 -1 49
 55 -1 3 158
 55 0 1 327
 5 -3 1 300
 55 -2 0 205
 55 2 1 62
 55 1 1 34
 55 3 2 207
 55 2 0 85
 55 1 2 182
 55 0 2 58
 5 3 -2 59
 55 0 4 223
 55 -1 0 329
 55 0 -1 70
 55 2 -2 69
 55 -1 1 320
 55 1 0 99
 55 -1 2 89
 55 1 -1 71
 55 0 3 98
 55 0 0 209
 55 -1 -1 313
 55 2 2 189
 "contig-ratio-green-core" 0.7647058823529411
 "contig-ratio-red-core" 0.9230769230769231
