 "a-count" 5
 "b-count" 2
 "c-color-count" 26
 "c-express-count" 26
 "d-color-count" 24
 "d-express-count" 23
 "cell-count" 56
 15 4 0 106
 15 0 -3 348
 15 1 -3 177
 15 1 2 290
 15 -3 2 354
 105 -3 -3 66
 15 -3 1 354
 15 -4 0 349
 15 -4 -1 237
 15 2 -3 118
 105 2 3 214
 105 0 -4 347
 15 4 -2 234
 15 -2 1 131
 15 -1 -3 71
 15 2 2 193
 15 3 -2 332
 15 -2 -3 164
 15 3 -1 262
 15 4 -1 97
 105 1 -4 195
 15 0 4 158
 15 3 0 61
 15 -4 1 68
 15 2 -2 58
 15 -2 2 80
 15 -2 3 86
 15 -3 -2 111
 55 -1 0 348
 55 -2 0 345
 55 0 -1 304
 55 4 1 193
 55 -1 -1 155
 55 -1 2 178
 55 0 -2 175
 55 -1 -4 37
 55 0 3 108
 55 2 0 148
 55 0 1 62
 55 -1 3 173
 55 0 2 230
 55 1 -1 239
 55 2 -1 280
 55 -3 0 180
 55 1 -2 12
 55 1 0 53
 55 1 1 303
 5 1 4 187
 55 -1 1 17
 55 -2 -1 228
 55 0 0 185
 55 2 1 350
 5 1 3 62
 55 -3 -1 29
 55 -1 -2 219
 55 -2 -2 104
 "contig-ratio-green-core" 1.0625
 "contig-ratio-red-core" 0.75
 "a-count" 10
 "b-count" 7
 "c-color-count" 21
 "c-express-count" 21
 "d-color-count" 19
 "d-express-count" 18
 "cell-count" 56
 105 1 -4 122
 15 3 0 115
 105 3 -2 265
 105 -4 -1 126
 105 -1 -4 354
 105 -3 -1 321
 15 2 3 212
 15 -4 1 43
 15 -1 1 7
 15 -1 -3 349
 105 3 -3 62
 15 3 -1 108
 15 -3 0 38
 15 1 4 355
 15 -3 2 103
 15 -1 3 50
 105 0 -4 178
 15 -2 -2 46
 15 -2 -1 268
 15 1 -3 40
 15 -1 2 286
 105 2 4 27
 15 -2 3 251
 15 0 -3 264
 15 4 1 320
 15 0 4 145
 15 2 -2 321
 105 -3 -3 303
 5 2 0 223
 55 3 1 171
 55 0 -2 319
 5 -3 3 159
 55 0 -1 137
 55 -1 -2 39
 5 4 0 276
 55 1 -1 337
 55 -2 -3 217
 55 1 -2 16
 55 2 -3 341
 5 3 3 3
 55 1 2 200
 5 2 1 32
 55 2 2 104
 55 -1 -1 49
 55 3 2 62
 55 0 2 137
 55 1 3 292
 55 -3 1 98
 55 -2 0 240
 5 1 0 193
 5 1 1 232
 55 2 -1 155
 55 0 1 234
 55 0 3 179
 55 -1 0 36
 55 0 0 95
 "contig-ratio-green-core" 1.1428571428571428
 "contig-ratio-red-core" 1.1538461538461537
 "a-count" 10
 "b-count" 3
 "c-color-count" 26
 "c-express-count" 25
 "d-color-count" 19
 "d-express-count" 18
 "cell-count" 56
 105 3 -2 346
 15 1 -2 174
 15 1 -3 143
 15 -2 0 252
 105 0 -4 172
 105 4 -1 273
 105 3 -3 264
 105 1 -4 157
 15 3 -1 147
 105 -3 0 61
 15 0 -2 340
 15 -2 2 139
 105 -3 2 217
 15 4 1 257
 15 -1 -4 254
 15 2 4 290
 105 -4 -1 322
 15 -1 -2 339
 15 -1 4 298
 15 -2 1 90
 15 4 0 329
 15 0 -3 161
 15 -1 -3 283
 105 -3 -1 282
 15 2 -3 196
 15 0 4 50
 15 3 3 181
 15 -3 -2 245
 55 -1 0 120
 55 -2 -1 219
 55 1 -1 215
 55 3 1 130
 55 0 0 267
 55 1 1 144
 55 3 0 192
 55 -3 -3 159
 5 0 2 30
 55 2 1 129
 55 2 -2 57
 55 2 2 283
 55 4 1 252
 55 -1 2 350
 55 3 2 70
 5 -3 3 99
 55 0 -1 44
 55 -1 1 318
 55 2 -1 9
 55 1 2 228
 55 0 1 6
 55 -1 -1 7
 55 2 3 128
 55 -1 3 336
 55 2 0 25
 55 3 1 300
 55 1 0 296
 55 0 0 105
 "contig-ratio-green-core" 0.8125
 "contig-ratio-red-core" 1.0769230769230769
 "a-count" 8
 "b-count" 4
 "c-color-count" 24
 "c-express-count" 24
 "d-color-count" 20
 "d-express-count" 20
 "cell-count" 56
 15 -2 3 50
 15 1 3 125
 15 -3 -2 223
 105 3 -1 158
 15 2 -3 46
 15 2 -2 98
 15 4 1 114
 15 -4 -1 116
 105 0 4 117
 105 -3 2 22
 105 -3 3 240
 105 4 -1 267
 15 -1 -3 192
 15 3 2 220
 15 -2 2 322
 105 -1 4 74
 105 3 -3 309
 15 -1 3 132
 15 3 1 289
 15 0 3 86
 15 -3 1 54
 15 2 -1 19
 105 4 0 340
 15 4 2 255
 15 -4 0 136
 15 -2 -2 48
 15 -4 1 5
 15 3 0 58
 5 3 -2 336
 55 1 2 296
 55 0 -4 324
 55 0 1 268
 55 2 2 67
 55 1 -2 132
 55 2 0 157
 55 1 -3 172
 55 1 -1 168
 55 -2 1 217
 55 0 -3 141
 55 1 1 321
 5 -2 0 171
 5 -1 -4 86
 55 0 2 262
 55 -1 0 319
 55 -1 -2 202
 55 -3 0 25
 55 0 -1 110
 5 -3 -3 34
 55 2 1 171
 55 3 3 41
 55 -3 -1 27
 55 -1 1 331
 55 0 -2 65
 55 -1 2 23
 55 0 0 5
 55 1 0 211
 "contig-ratio-green-core" 0.9411764705882353
 "contig-ratio-red-core" 0.7647058823529411
