 "a-count" 11
 "b-count" 3
 "c-color-count" 26
 "c-express-count" 25
 "d-color-count" 17
 "d-express-count" 17
 "cell-count" 56
 15 3 2 163
 105 -4 -1 275
 15 -1 -4 250
 15 2 1 260
 15 2 2 50
 105 -2 -2 181
 15 0 4 55
 15 2 0 215
 15 -4 0 328
 15 -4 1 169
 105 3 -2 309
 105 3 -1 351
 105 0 -4 124
 15 -3 2 24
 15 -3 -1 22
 105 4 -1 97
 105 3 0 104
 105 2 -3 311
 105 1 -3 282
 15 2 -1 18
 15 3 1 128
 105 1 -4 31
 105 2 -2 256
 15 3 3 69
 15 1 -2 87
 15 4 0 278
 15 0 -2 256
 15 0 -3 303
 55 -3 0 197
 55 -1 3 132
 55 -3 1 318
 55 -2 0 19
 55 -1 -2 106
 55 -2 2 146
 55 -2 3 130
 55 -2 -3 220
 5 -1 4 94
 55 -2 -1 100
 55 -1 -1 296
 55 -2 1 271
 55 1 1 44
 55 1 2 248
 55 -1 2 193
 55 4 1 211
 55 1 -1 65
 5 -3 3 147
 55 0 3 338
 55 -1 1 123
 55 0 0 161
 55 1 0 151
 55 -1 -3 340
 55 2 3 103
 55 0 2 216
 55 -1 0 11
 55 0 -1 12
 55 1 3 94
 "contig-ratio-green-core" 0.7647058823529411
 "contig-ratio-red-core" 0.8571428571428571
 "a-count" 10
 "b-count" 3
 "c-color-count" 25
 "c-express-count" 25
 "d-color-count" 19
 "d-express-count" 18
 "cell-count" 56
 15 2 3 108
 15 -2 2 251
 15 -2 -1 350
 15 -4 0 127
 105 -1 -4 108
 15 -1 3 2
 15 -3 0 8
 105 3 3 5
 105 4 -1 340
 15 0 -2 340
 105 -4 1 116
 105 -4 -1 250
 105 4 1 114
 15 3 1 72
 15 -3 -2 5
 15 -3 -3 43
 15 1 -2 189
 105 -2 3 342
 105 0 -4 166
 15 -1 -1 251
 15 -3 2 106
 15 0 -3 104
 105 -3 -1 192
 15 2 -2 140
 15 2 2 287
 15 4 0 270
 15 1 -3 109
 15 -3 3 225
 55 -1 -3 217
 55 -1 2 338
 5 3 -3 77
 55 0 2 109
 55 0 -1 335
 55 1 0 129
 55 -1 1 276
 55 -1 0 264
 55 3 0 166
 55 -2 0 85
 55 2 0 166
 55 1 3 333
 55 1 -1 163
 55 0 1 175
 55 -3 1 143
 55 2 -1 35
 55 0 3 354
 55 0 4 93
 55 1 1 152
 55 -2 -3 106
 55 -2 1 2
 55 0 0 310
 55 1 2 194
 55 3 -1 193
 5 1 4 63
 5 2 -3 135
 55 3 -2 146
 55 2 1 337
 "contig-ratio-green-core" 0.8823529411764706
 "contig-ratio-red-core" 1
 "a-count" 9
 "b-count" 4
 "c-color-count" 24
 "c-express-count" 24
 "d-color-count" 20
 "d-express-count" 19
 "cell-count" 56
 105 1 -4 79
 15 4 0 68
 15 2 3 110
 15 -3 0 231
 15 1 4 108
 15 -1 -4 295
 15 -4 0 161
 15 -1 4 144
 105 -3 3 38
 15 3 0 144
 105 2 -3 11
 15 2 -2 62
 15 -3 1 185
 15 -2 -1 263
 15 0 4 98
 105 -2 3 26
 105 -3 2 234
 105 4 -1 304
 15 -2 2 355
 15 3 2 13
 15 3 1 165
 15 3 3 96
 105 4 1 277
 15 -1 -1 182
 15 2 4 328
 105 1 -3 48
 15 0 -3 302
 15 0 -4 335
 5 -2 -2 356
 55 0 3 23
 55 -1 3 327
 5 -3 -3 143
 55 1 3 69
 55 0 1 201
 55 0 -1 73
 55 2 -1 225
 55 2 1 34
 55 1 1 229
 55 0 0 18
 55 2 2 244
 55 1 -1 343
 55 -1 2 153
 55 -4 -1 295
 55 1 0 130
 55 3 -1 190
 55 -1 -3 102
 55 -2 1 207
 55 2 0 251
 5 3 -3 91
 55 0 -2 358
 55 -1 1 301
 55 1 2 176
 5 -2 -3 202
 55 -2 0 126
 55 -1 0 185
 55 0 2 199
 "contig-ratio-green-core" 0.9375
 "contig-ratio-red-core" 0.9375
