 "a-count" 10
 "b-count" 3
 "c-color-count" 26
 "c-express-count" 25
 "d-color-count" 19
 "d-express-count" 18
 "cell-count" 56
 105 1 -3 101
 105 0 -3 45
 105 -1 -4 355
 15 2 3 165
 15 -3 3 283
 15 1 4 8
 105 3 -3 82
 15 1 -4 133
 15 4 0 199
 15 -2 2 37
 15 -4 -1 208
 105 -4 1 3
 105 -1 4 163
 15 0 -2 253
 105 3 2 98
 15 -3 0 82
 15 -4 0 207
 15 -1 -2 144
 15 1 -2 124
 15 -2 3 10
 15 3 -2 234
 15 -3 -1 205
 105 4 1 58
 15 -3 1 59
 15 2 2 92
 105 2 -3 72
 15 2 4 237
 15 0 4 88
 55 1 0 282
 5 -2 -3 199
 55 1 2 264
 55 -1 0 195
 55 0 3 145
 55 3 -1 174
 55 4 -1 31
 55 3 0 231
 55 -1 -1 352
 55 0 1 14
 55 0 -1 88
 55 -2 0 160
 55 0 2 320
 55 -2 -1 234
 55 1 -1 276
 55 2 1 117
 55 -1 2 111
 55 1 1 216
 55 -1 -3 311
 5 -3 -2 117
 55 3 1 89
 55 -1 3 45
 55 0 0 198
 55 -2 1 244
 55 2 0 120
 55 -1 1 198
 55 2 -1 114
 55 1 3 14
 "contig-ratio-green-core" 0.7777777777777778
 "contig-ratio-red-core" 0.875
 "a-count" 13
 "b-count" 4
 "c-color-count" 26
 "c-express-count" 24
 "d-color-count" 17
 "d-express-count" 15
 "cell-count" 56
 15 -1 -3 288
 15 3 0 314
 105 -4 -1 82
 15 2 -2 132
 105 0 -4 275
 15 0 -3 162
 15 -3 2 43
 15 -4 1 345
 105 2 -3 29
 105 2 2 337
 105 -1 -4 319
 15 0 4 92
 15 1 -2 191
 15 1 3 77
 105 -2 -3 174
 105 3 -3 231
 15 2 0 66
 105 3 -2 113
 15 -2 4 193
 15 -4 0 173
 105 -3 -3 50
 15 3 1 156
 15 -1 4 80
 15 -2 3 336
 105 4 -1 229
 15 2 -1 84
 15 -3 -1 343
 105 1 -3 209
 55 -2 1 63
 55 2 1 285
 55 1 0 160
 55 -3 3 153
 5 -1 1 86
 55 -1 2 140
 55 -2 -2 306
 55 -1 0 88
 55 1 2 358
 55 -1 3 18
 55 -2 -1 79
 55 0 1 297
 5 -3 -2 102
 55 1 -1 46
 55 4 0 11
 55 -3 1 357
 55 0 2 120
 55 0 0 50
 55 0 -2 234
 55 -2 0 173
 55 2 3 17
 55 -2 2 233
 55 0 3 192
 55 1 1 348
 55 -1 -2 223
 55 0 -1 356
 55 -3 0 120
 55 -1 -1 36
 "contig-ratio-green-core" 1.0769230769230769
 "contig-ratio-red-core" 1.1818181818181819
 "a-count" 7
 "b-count" 3
 "c-color-count" 26
 "c-express-count" 25
 "d-color-count" 23
 "d-express-count" 21
 "cell-count" 56
 15 -3 2 208
 15 0 -4 212
 15 0 3 113
 15 -3 -2 39
 15 1 -2 308
 15 -3 1 183
 15 -1 3 207
 15 2 3 31
 15 3 -2 76
 15 4 0 127
 15 1 4 198
 15 3 -1 204
 15 -4 -1 154
 105 4 1 19
 105 3 3 320
 15 1 3 219
 15 -1 -3 50
 105 -1 -4 182
 15 3 0 33
 15 0 -3 107
 15 -1 4 151
 15 -4 0 269
 105 -4 1 165
 15 -2 3 224
 15 3 2 74
 15 3 1 73
 105 1 -4 211
 15 0 4 150
 55 2 -1 24
 5 4 -1 79
 55 -1 2 225
 55 0 -2 97
 55 -2 1 108
 55 1 -1 222
 55 -1 0 126
 55 -2 2 142
 55 1 1 138
 55 -3 -1 347
 55 1 2 245
 55 1 0 15
 55 2 2 238
 55 2 1 191
 5 1 -3 140
 55 0 0 37
 55 2 0 154
 55 -1 -2 52
 55 0 1 31
 55 3 -3 212
 55 -2 0 344
 55 0 -1 173
 55 -3 0 298
 55 -1 1 309
 55 -3 3 71
 55 -1 -1 118
 55 -2 -2 102
 55 -2 -3 15
 "contig-ratio-green-core" 0.8888888888888888
 "contig-ratio-red-core" 0.7647058823529411
 "a-count" 10
 "b-count" 6
 "c-color-count" 22
 "c-express-count" 22
 "d-color-count" 18
 "d-express-count" 18
 "cell-count" 56
 105 -3 -3 21
 15 -3 0 35
 105 0 -4 233
 105 2 -2 107
 105 -3 -2 247
 15 -3 1 139
 15 -4 0 17
 15 2 2 142
 15 3 0 350
 15 1 -2 213
 105 -4 -1 157
 15 4 -1 126
 105 3 2 243
 15 -1 -2 18
 105 -2 -3 31
 15 0 -3 23
 15 1 3 94
 15 4 0 163
 15 0 4 40
 15 4 1 251
 105 -3 -1 268
 15 -3 2 206
 15 -4 1 242
 105 3 3 107
 105 1 4 177
 15 -1 -3 256
 15 3 -1 125
 15 0 -2 103
 55 -2 -2 180
 55 1 2 276
 55 1 -1 39
 55 -2 0 326
 55 0 3 92
 5 3 -2 302
 55 0 2 185
 55 0 0 179
 55 2 0 125
 55 -1 4 99
 55 -3 3 77
 55 3 1 213
 55 -1 -1 171
 55 0 -1 44
 5 -2 2 128
 55 2 -1 53
 5 2 -3 113
 5 -1 -4 201
 55 1 0 166
 55 2 1 210
 55 1 1 10
 55 -1 0 139
 5 3 -3 75
 55 -2 3 224
 5 -2 1 116
 55 -1 3 69
 55 -2 -1 122
 55 0 1 217
 "contig-ratio-green-core" 0.5789473684210527
 "contig-ratio-red-core" 0.7058823529411765
