 "a-count" 7
 "b-count" 6
 "c-color-count" 23
 "c-express-count" 22
 "d-color-count" 21
 "d-express-count" 21
 "cell-count" 56
 15 -3 0 315
 15 3 2 183
 15 1 2 256
 15 0 2 160
 15 0 1 130
 15 -1 3 248
 105 4 0 221
 15 4 1 146
 15 2 -2 124
 15 -2 1 265
 105 3 3 199
 15 -1 1 86
 15 1 -4 80
 15 0 3 292
 105 1 3 289
 15 2 -1 123
 15 2 3 187
 15 -3 -2 201
 105 4 -1 176
 15 -1 2 137
 15 -2 2 164
 105 -4 1 181
 105 -3 3 170
 15 1 -3 305
 15 -3 -1 74
 15 1 4 197
 15 1 -1 319
 105 -1 -3 308
 55 -3 1 217
 55 0 -4 164
 5 3 -3 218
 5 2 -3 198
 55 3 -1 349
 55 0 -1 288
 5 -4 -1 65
 55 3 1 49
 55 -2 3 274
 55 -2 -1 188
 55 0 4 165
 55 1 -2 242
 55 -4 0 326
 5 -1 -4 62
 55 -1 0 38
 55 2 1 175
 55 2 2 216
 55 -1 -2 97
 55 0 -3 286
 55 0 -2 89
 55 2 0 160
 55 3 0 212
 55 -2 -2 78
 5 -3 -3 306
 55 -1 -1 322
 55 1 1 159
 55 -2 0 204
 55 -1 4 125
 "contig-ratio-green-core" 1.0588235294117647
 "contig-ratio-red-core" 1
 "a-count" 7
 "b-count" 4
 "c-color-count" 25
 "c-express-count" 24
 "d-color-count" 21
 "d-express-count" 21
 "cell-count" 56
 15 0 4 25
 105 -3 -3 278
 105 3 0 62
 105 -4 1 201
 15 3 1 217
 15 -2 1 126
 15 1 2 336
 15 1 3 33
 105 1 -4 118
 15 1 -3 266
 15 2 0 173
 15 2 2 23
 15 4 0 314
 15 -2 -3 171
 15 1 1 224
 105 3 -3 277
 15 2 1 18
 15 -3 1 5
 15 0 -4 16
 15 2 -2 10
 15 -1 -4 184
 15 -2 -2 288
 15 3 2 95
 15 4 1 97
 105 4 -1 286
 105 -3 3 316
 15 -4 -1 344
 15 -2 2 328
 55 -3 -2 333
 55 0 -1 205
 55 -3 0 282
 55 0 0 0
 55 -1 -1 359
 55 1 -1 173
 55 0 1 138
 55 0 3 289
 55 -1 3 2
 55 0 -2 256
 55 -2 -4 129
 55 -3 -1 141
 55 1 -2 182
 55 -2 -1 225
 55 -1 1 64
 55 2 -1 47
 5 -1 4 119
 55 0 2 168
 55 -1 2 43
 5 -1 0 194
 5 3 -2 167
 55 -1 -2 332
 55 -2 0 243
 55 -4 0 338
 55 -1 -3 234
 55 -2 3 224
 55 1 0 331
 55 0 -3 271
 "contig-ratio-green-core" 0.8333333333333334
 "contig-ratio-red-core" 1.1428571428571428
