 "a-count" 10
 "b-count" 5
 "c-color-count" 24
 "c-express-count" 23
 "d-color-count" 19
 "d-express-count" 18
 "cell-count" 56
 105 -1 -3 40
 15 1 4 139
 15 -2 -1 204
 15 0 -2 192
 105 -4 1 171
 15 -1 -1 353
 105 2 -3 146
 15 2 4 359
 15 3 1 5
 15 -3 0 236
 105 -1 -2 186
 15 -2 -2 30
 15 -4 0 311
 15 -2 2 127
 105 -3 1 319
 15 1 -2 321
 15 4 0 290
 15 3 -1 179
 105 -4 -1 256
 15 -2 3 193
 15 2 -2 33
 105 0 -3 72
 15 2 -1 289
 105 3 -3 209
 15 -1 3 108
 15 3 0 107
 105 0 -4 353
 15 4 2 22
 55 3 2 148
 55 0 -1 191
 55 -2 1 61
 55 -2 0 41
 55 4 -1 188
 55 0 1 71
 55 -3 3 238
 5 -1 4 39
 55 1 -1 30
 5 -1 -4 107
 55 -3 -1 22
 55 -3 -3 102
 55 1 2 71
 55 -1 1 184
 55 -1 2 114
 5 1 0 205
 55 2 2 199
 55 1 3 9
 55 -3 2 200
 55 1 1 317
 55 0 0 127
 55 2 1 215
 55 0 3 179
 55 2 0 342
 55 0 2 222
 5 0 4 198
 55 -3 -2 316
 55 -1 0 31
 "contig-ratio-green-core" 0.8125
 "contig-ratio-red-core" 0.9411764705882353
 "a-count" 12
 "b-count" 3
 "c-color-count" 25
 "c-express-count" 25
 "d-color-count" 18
 "d-express-count" 16
 "cell-count" 56
 15 2 2 242
 15 0 -3 146
 105 -1 4 242
 15 -3 0 29
 15 -1 3 126
 105 0 -4 77
 15 1 -3 208
 105 3 2 279
 15 1 3 238
 15 4 -1 105
 15 4 0 351
 15 2 -2 202
 15 -3 -1 112
 15 0 4 81
 105 -2 -3 143
 15 2 -3 200
 15 3 1 63
 105 -4 0 212
 15 3 -2 106
 15 -1 -3 1
 105 1 4 96
 105 3 3 50
 15 -3 -2 245
 15 4 1 317
 105 -4 1 88
 105 2 3 218
 105 -3 -3 5
 15 -2 3 247
 55 0 2 11
 55 -1 -4 52
 55 -1 1 212
 55 -2 1 214
 55 1 1 178
 55 1 -1 24
 55 0 1 200
 55 1 0 198
 5 3 -3 48
 55 -3 1 185
 5 0 -1 345
 5 -3 3 32
 55 2 -1 232
 55 3 -1 223
 55 -1 2 282
 55 2 1 332
 55 -2 2 253
 55 0 0 23
 55 1 -2 285
 55 1 2 254
 55 3 0 0
 55 -1 -2 53
 55 -2 -1 174
 55 2 0 218
 55 0 -2 333
 55 -1 -1 354
 55 -2 -2 191
 55 -2 0 275
 "contig-ratio-green-core" 0.8823529411764706
 "contig-ratio-red-core" 0.9166666666666666
 "a-count" 8
 "b-count" 5
 "c-color-count" 24
 "c-express-count" 23
 "d-color-count" 21
 "d-express-count" 20
 "cell-count" 56
 15 -1 -4 300
 15 1 4 172
 15 2 3 91
 105 4 1 334
 15 2 2 170
 15 -2 -2 332
 15 -1 3 79
 105 3 2 128
 105 2 -3 235
 15 3 -1 143
 15 3 0 324
 15 4 0 287
 15 1 -3 102
 15 -3 -1 67
 15 -4 1 250
 105 2 -2 246
 15 -2 2 254
 15 -3 3 340
 15 -1 2 255
 15 3 1 134
 105 3 -2 224
 105 4 -1 209
 15 -1 -3 199
 15 2 1 45
 15 0 -3 233
 15 0 -4 40
 15 -4 0 49
 105 -4 -1 113
 5 -2 -3 98
 55 1 3 171
 55 -1 1 158
 55 0 -1 187
 55 -2 1 15
 55 1 -2 238
 55 0 2 150
 55 -1 -1 212
 55 0 1 186
 55 0 0 165
 55 -3 0 40
 5 -3 -3 306
 55 1 0 246
 55 1 2 337
 55 0 3 354
 55 -3 1 183
 5 1 -4 191
 55 -2 -1 177
 55 2 -1 314
 55 1 -1 338
 55 -1 0 141
 55 1 1 143
 55 -2 0 245
 55 -2 3 302
 5 -3 -2 2
 55 2 0 143
 55 -1 -2 228
 55 0 -2 344
 "contig-ratio-green-core" 1.0666666666666667
 "contig-ratio-red-core" 1
 "a-count" 7
 "b-count" 3
 "c-color-count" 26
 "c-express-count" 25
 "d-color-count" 23
 "d-express-count" 21
 "cell-count" 56
 15 3 -2 84
 15 0 -3 220
 15 1 3 234
 15 -4 1 173
 15 1 2 36
 15 -3 1 119
 15 -4 -1 25
 15 -3 -1 241
 15 1 4 98
 15 -2 3 347
 105 3 -3 187
 15 -2 -2 24
 105 -4 0 298
 105 -3 2 239
 15 3 0 209
 15 3 2 215
 15 2 3 330
 15 1 -3 131
 15 3 -1 225
 15 -1 -3 259
 105 -3 -2 150
 105 -1 -4 213
 15 3 1 128
 15 -2 -3 146
 15 0 4 187
 15 2 2 350
 15 -2 2 276
 15 4 1 266
 55 0 0 240
 55 1 -1 305
 55 0 1 24
 55 -1 -2 245
 55 -1 0 188
 55 -2 -1 242
 55 2 -2 357
 55 2 0 127
 55 0 3 277
 55 -1 -1 339
 55 -2 1 191
 55 1 -2 294
 55 1 -4 214
 55 1 1 327
 55 3 3 109
 55 -2 0 173
 5 -3 3 94
 55 0 -2 299
 55 -1 2 76
 55 2 -1 22
 55 2 1 329
 55 -1 3 42
 55 1 0 286
 5 4 0 291
 55 -1 1 68
 55 0 -1 308
 55 -3 -3 47
 55 0 2 202
 "contig-ratio-green-core" 1.0666666666666667
 "contig-ratio-red-core" 0.6842105263157895
