 "a-count" 5
 "b-count" 0
 "c-color-count" 28
 "c-express-count" 28
 "d-color-count" 24
 "d-express-count" 23
 "cell-count" 56
 15 -3 1 270
 15 1 4 17
 15 3 -2 185
 105 1 -3 258
 15 -4 0 230
 15 -3 0 38
 15 3 -1 169
 15 3 1 128
 15 4 1 262
 15 -2 -4 170
 15 -1 -2 341
 15 -2 3 177
 15 4 2 59
 105 -3 -2 80
 15 -3 2 324
 15 3 2 67
 15 -1 -4 321
 15 -3 4 81
 105 -4 -1 119
 15 -3 3 245
 15 0 -3 333
 105 -3 -3 92
 15 -4 1 268
 15 -2 -3 111
 15 3 0 191
 15 -1 -3 161
 15 0 4 325
 15 4 0 340
 55 0 -1 36
 55 -1 -1 90
 55 -1 2 10
 55 -2 -1 287
 55 4 3 311
 55 0 1 245
 55 0 0 140
 55 2 1 300
 55 -1 3 0
 55 0 2 150
 55 0 3 5
 55 2 2 106
 55 0 -2 216
 55 -1 0 168
 55 -2 0 46
 55 1 2 247
 55 1 -2 269
 55 3 3 332
 55 1 0 332
 55 2 -2 7
 55 -1 1 156
 55 2 -1 2
 55 4 -1 34
 55 1 1 162
 55 2 0 161
 55 1 -1 196
 55 -2 1 343
 55 -3 -1 256
 "contig-ratio-green-core" 0.6666666666666666
 "contig-ratio-red-core" 0.7
 "a-count" 6
 "b-count" 0
 "c-color-count" 28
 "c-express-count" 28
 "d-color-count" 22
 "d-express-count" 22
 "cell-count" 56
 15 2 -3 78
 105 -1 2 359
 15 2 2 187
 15 3 -3 138
 105 3 2 174
 15 -1 4 133
 15 -1 -3 263
 15 1 4 126
 15 -2 2 72
 15 2 3 336
 15 1 3 161
 15 -1 -2 205
 15 0 -3 207
 15 -4 -1 322
 15 -2 3 33
 105 0 3 178
 105 0 -4 99
 15 4 0 129
 105 -1 -4 147
 15 0 4 301
 15 -1 3 153
 15 4 2 332
 105 3 3 226
 15 3 1 98
 15 1 -3 157
 15 4 -1 9
 15 2 4 299
 15 -2 -2 105
 55 1 -2 314
 55 -3 0 126
 55 1 0 353
 55 0 0 71
 55 -1 -1 333
 55 0 2 347
 55 -1 1 28
 55 1 -1 309
 55 -2 -1 182
 55 0 -1 323
 55 -3 -1 182
 55 0 1 50
 55 -3 -2 201
 55 2 -1 344
 55 -1 0 290
 55 4 1 305
 55 -3 1 309
 55 2 0 249
 55 2 1 267
 55 1 2 26
 55 -2 0 249
 55 3 -2 231
 55 0 -2 188
 55 -4 0 340
 55 3 0 159
 55 3 -1 125
 55 1 1 306
 55 -2 1 92
 "contig-ratio-green-core" 0.7058823529411765
 "contig-ratio-red-core" 0.6470588235294118
