 "a-count" 5
 "b-count" 1
 "c-color-count" 27
 "c-express-count" 27
 "d-color-count" 23
 "d-express-count" 23
 "cell-count" 56
 15 -2 -2 150
 15 -4 0 348
 15 -3 2 108
 15 4 0 121
 15 -3 1 284
 15 3 2 103
 15 0 -4 304
 15 3 1 271
 105 1 3 273
 15 2 -2 24
 15 -2 2 63
 15 -2 -3 239
 15 -2 3 207
 15 -3 3 211
 15 -1 -3 125
 15 -3 -3 129
 105 2 3 342
 15 3 0 169
 105 4 1 236
 105 -4 1 132
 15 -1 4 190
 15 2 -3 283
 105 3 3 150
 15 -4 -1 27
 15 0 -3 27
 15 -1 -4 133
 15 1 -3 148
 15 0 4 299
 55 2 0 85
 55 0 -2 82
 55 1 0 266
 55 1 1 49
 55 -3 0 70
 55 -1 -1 2
 55 -1 1 88
 55 -2 1 303
 55 2 -1 326
 5 3 -1 118
 55 0 2 274
 55 0 3 37
 55 1 -2 199
 55 -1 0 7
 55 0 1 33
 55 1 2 238
 55 -2 -1 269
 55 2 1 53
 55 1 -4 292
 55 0 -1 158
 55 1 -1 173
 55 -1 2 54
 55 2 2 161
 55 -1 -2 76
 55 0 0 132
 55 -2 0 275
 55 -1 3 253
 55 -3 -1 67
 "contig-ratio-green-core" 1
 "contig-ratio-red-core" 0.7
 "a-count" 6
 "b-count" 1
 "c-color-count" 27
 "c-express-count" 27
 "d-color-count" 22
 "d-express-count" 22
 "cell-count" 56
 105 3 -1 254
 15 5 1 126
 15 1 4 344
 15 5 0 130
 105 3 0 239
 15 -3 3 43
 15 1 -2 341
 15 -3 2 192
 15 2 -3 263
 15 4 1 101
 15 0 -2 19
 15 2 -2 339
 15 -1 -3 359
 15 -4 1 15
 15 0 -3 178
 15 1 -3 98
 15 5 -1 81
 15 -1 -4 300
 15 -2 3 152
 15 0 4 72
 105 -1 4 223
 105 3 2 277
 105 3 3 171
 15 0 -4 313
 105 1 -4 32
 15 -4 0 356
 15 -2 -3 177
 15 -3 1 111
 55 0 0 139
 55 -3 -1 66
 55 -2 -1 208
 55 2 -1 7
 55 1 1 276
 55 2 0 271
 55 -2 1 256
 55 0 2 161
 55 -2 -2 183
 55 0 1 241
 55 0 3 182
 55 -3 0 340
 55 -2 2 263
 5 -1 1 253
 55 1 -1 33
 55 -1 -2 252
 55 1 2 50
 55 2 1 45
 55 -1 -1 138
 55 0 -1 214
 55 1 3 209
 55 -2 0 323
 55 -3 -2 223
 55 1 0 110
 55 -1 2 98
 55 -1 0 46
 55 -1 3 121
 55 2 2 6
 "contig-ratio-green-core" 0.6875
 "contig-ratio-red-core" 0.5882352941176471
 "a-count" 5
 "b-count" 1
 "c-color-count" 27
 "c-express-count" 27
 "d-color-count" 23
 "d-express-count" 23
 "cell-count" 56
 15 1 4 118
 15 -4 0 70
 15 -4 -1 284
 15 -3 1 326
 105 -3 2 82
 15 0 -4 251
 15 -1 4 11
 15 1 -5 63
 15 0 -3 263
 15 4 1 81
 15 4 0 148
 15 2 -3 181
 15 -1 -4 105
 15 5 0 169
 105 3 -1 233
 15 -1 2 342
 15 1 -4 58
 105 -4 1 141
 15 -3 0 208
 15 -3 -1 158
 15 -1 3 221
 15 -2 3 198
 15 -2 2 24
 15 0 4 109
 105 -3 3 287
 15 3 3 100
 15 1 -3 19
 105 3 -2 153
 55 -1 1 357
 55 -2 0 355
 55 2 1 113
 55 1 0 173
 55 -1 -1 71
 55 1 3 163
 55 1 -1 187
 55 -1 0 244
 55 0 0 180
 55 -2 -2 9
 5 0 3 250
 55 2 -1 317
 55 1 1 32
 55 -2 -1 280
 55 0 -1 306
 55 0 -2 346
 55 1 -2 43
 55 -2 1 146
 55 0 2 312
 55 3 2 102
 55 2 0 115
 55 2 2 321
 55 1 2 281
 55 3 1 172
 55 -1 -2 250
 55 0 1 36
 55 2 -2 330
 55 2 3 24
 "contig-ratio-green-core" 0.6875
 "contig-ratio-red-core" 0.47619047619047616
 "a-count" 6
 "b-count" 1
 "c-color-count" 27
 "c-express-count" 27
 "d-color-count" 23
 "d-express-count" 22
 "cell-count" 56
 15 1 -2 302
 15 -1 4 179
 105 0 -4 15
 15 0 4 256
 15 2 2 245
 15 2 -2 115
 105 1 3 97
 15 -1 3 314
 15 -2 4 203
 15 -1 -3 49
 15 -1 -2 46
 15 0 -2 17
 15 4 -1 218
 105 2 3 254
 15 -2 -2 318
 15 -3 3 213
 15 0 3 143
 15 -3 -1 279
 15 -2 3 246
 15 3 3 98
 105 -2 2 173
 105 -1 -4 137
 15 1 2 212
 15 2 -3 137
 15 3 -3 293
 15 0 -3 171
 15 -3 0 356
 15 1 -3 336
 55 2 -1 128
 55 4 1 126
 55 3 2 341
 55 3 -1 283
 55 0 0 355
 55 -1 1 19
 55 -2 1 176
 55 -2 -1 258
 55 -3 -3 310
 55 -1 0 17
 55 3 0 120
 55 0 1 321
 55 1 0 186
 55 -3 -2 256
 55 2 0 2
 55 -2 0 82
 55 -4 1 72
 5 0 2 336
 55 -1 -1 207
 55 0 -1 184
 55 1 1 91
 55 3 -2 143
 55 2 1 166
 55 -3 1 38
 55 1 4 25
 55 3 1 22
 55 1 -1 7
 55 -1 2 350
 "contig-ratio-green-core" 0.7222222222222222
 "contig-ratio-red-core" 0.7
