 "a-count" 10
 "b-count" 1
 "c-color-count" 27
 "c-express-count" 27
 "d-color-count" 18
 "d-express-count" 18
 "cell-count" 56
 105 -3 0 321
 15 -4 0 34
 15 3 2 89
 15 0 3 272
 105 -3 -2 327
 15 -3 -1 140
 15 -1 3 25
 15 2 -3 137
 105 2 3 129
 105 -2 2 120
 15 -3 1 308
 15 -2 -2 181
 15 -1 -3 98
 15 -3 2 169
 105 1 4 150
 105 2 2 41
 105 0 -4 96
 105 -4 1 79
 105 1 -4 145
 15 -4 -1 295
 15 3 3 63
 15 -2 -3 244
 15 0 4 148
 15 1 -3 277
 15 -3 -3 191
 15 3 -3 169
 15 0 -3 17
 105 3 1 114
 55 3 -1 313
 55 2 0 255
 55 0 2 9
 55 -1 -2 276
 55 0 1 181
 55 0 0 127
 55 0 -1 80
 55 3 0 118
 55 2 1 171
 55 -2 0 216
 55 -2 -1 217
 55 1 2 139
 55 1 1 184
 55 1 0 170
 55 1 0 330
 5 -1 2 144
 55 -1 -1 180
 55 1 -2 82
 55 1 -1 71
 55 0 0 177
 55 2 -1 232
 55 3 -2 103
 55 0 -2 198
 55 1 3 262
 55 -2 1 81
 55 -1 -1 229
 55 -1 1 147
 55 -1 0 106
 "contig-ratio-green-core" 0.5714285714285714
 "contig-ratio-red-core" 0.5
 "a-count" 8
 "b-count" 1
 "c-color-count" 27
 "c-express-count" 27
 "d-color-count" 21
 "d-express-count" 20
 "cell-count" 56
 15 -1 -4 54
 15 -4 1 61
 15 2 3 73
 105 4 0 23
 15 2 -3 153
 15 3 -2 331
 105 -3 0 34
 15 -3 2 262
 15 -4 -1 81
 15 -3 -1 92
 15 3 -1 291
 105 4 1 272
 15 -3 -3 219
 15 -2 0 121
 15 -2 1 40
 105 3 -3 76
 15 2 -2 58
 15 -3 1 292
 105 3 3 36
 15 -3 -2 279
 15 2 -1 279
 15 -4 0 12
 105 -1 3 313
 15 1 3 252
 105 3 0 326
 15 -2 2 70
 15 0 3 298
 15 -1 4 308
 55 2 1 244
 55 2 0 252
 55 -3 3 267
 55 0 2 322
 55 -2 -3 150
 55 1 0 112
 55 1 -2 237
 55 -2 -2 119
 5 -1 -3 195
 55 -1 0 50
 55 1 2 243
 55 0 -1 93
 55 3 1 131
 55 -2 3 21
 55 1 1 247
 55 2 2 246
 55 -1 -2 56
 55 0 1 349
 55 0 -4 218
 55 0 -3 57
 55 0 0 279
 55 -1 2 40
 55 -2 -1 102
 55 0 -2 139
 55 1 -1 140
 55 -1 1 252
 55 1 -3 137
 55 -1 -1 8
 "contig-ratio-green-core" 0.8235294117647058
 "contig-ratio-red-core" 0.7333333333333333
 "a-count" 5
 "b-count" 0
 "c-color-count" 28
 "c-express-count" 28
 "d-color-count" 23
 "d-express-count" 23
 "cell-count" 56
 15 -4 0 316
 15 3 -2 254
 15 -3 1 220
 15 2 3 201
 15 1 -5 260
 15 3 3 248
 105 -3 3 241
 15 2 -2 172
 105 2 -3 235
 15 -4 -1 132
 15 0 4 301
 15 -1 4 105
 15 1 -4 40
 105 -1 -3 302
 15 -3 2 123
 105 1 -3 330
 15 0 -4 219
 15 1 -2 32
 15 0 -3 242
 15 3 -1 343
 105 -1 -4 117
 15 -3 -1 243
 15 -1 3 344
 15 1 -1 99
 15 1 4 160
 15 -3 0 45
 15 -4 1 198
 15 3 2 306
 55 -1 1 130
 55 3 0 293
 55 2 0 121
 55 0 1 37
 55 0 2 189
 55 1 0 95
 55 1 2 292
 55 1 1 1
 55 -1 -1 216
 55 2 2 48
 55 0 -1 28
 55 -2 0 95
 55 -1 0 225
 55 4 0 236
 55 -1 -2 58
 55 4 1 188
 55 0 3 179
 55 -1 2 244
 55 -2 -1 230
 55 3 1 272
 55 -2 1 111
 55 2 1 216
 55 -2 -2 119
 55 1 3 273
 55 -2 2 47
 55 4 -1 354
 55 0 0 207
 55 0 -2 128
 "contig-ratio-green-core" 0.6842105263157895
 "contig-ratio-red-core" 0.6190476190476191
 "a-count" 9
 "b-count" 0
 "c-color-count" 28
 "c-express-count" 28
 "d-color-count" 19
 "d-express-count" 19
 "cell-count" 56
 105 1 -4 40
 15 -1 -3 297
 15 1 4 189
 105 1 -3 323
 15 -3 1 18
 15 0 -3 26
 105 0 -4 359
 15 -3 -3 78
 15 -3 -2 177
 105 3 1 163
 15 -3 2 323
 105 2 -3 285
 15 -2 2 298
 105 2 -1 48
 15 -1 -4 211
 15 3 -1 226
 15 -2 1 54
 105 3 2 14
 15 2 2 306
 15 1 3 102
 15 3 3 308
 15 2 3 161
 105 3 -2 335
 15 -4 1 80
 15 -2 -3 149
 105 3 -3 15
 15 4 1 123
 15 4 0 260
 55 0 -1 103
 55 0 2 142
 55 -2 -2 227
 55 -2 -1 122
 55 1 1 328
 55 1 -1 290
 55 2 0 267
 55 1 2 67
 55 -1 0 172
 55 0 0 41
 55 0 1 63
 55 -1 -2 191
 55 -1 -1 166
 55 -2 0 178
 55 0 -2 203
 55 -2 3 51
 55 0 3 339
 55 -1 4 194
 55 -1 1 175
 55 1 0 336
 55 -3 -1 249
 55 1 -2 85
 55 -1 3 136
 55 -1 2 97
 55 -4 0 66
 55 3 0 5
 55 -3 0 72
 55 2 1 36
 "contig-ratio-green-core" 0.6666666666666666
 "contig-ratio-red-core" 0.7777777777777778
