 "a-count" 9
 "b-count" 5
 "c-color-count" 23
 "c-express-count" 23
 "d-color-count" 19
 "d-express-count" 19
 "cell-count" 56
 15 3 -2 253
 15 -2 1 239
 15 -3 -3 310
 15 -2 3 224
 105 -4 1 173
 15 3 0 180
 15 3 2 266
 105 0 -4 257
 15 -2 0 171
 15 4 1 314
 15 -3 2 9
 15 -1 -4 351
 105 -3 0 202
 15 -1 2 197
 15 2 0 67
 105 -4 -1 246
 105 -4 0 223
 105 1 4 112
 105 1 -4 328
 15 0 4 306
 15 2 -1 169
 15 2 1 136
 15 -3 -1 246
 15 2 3 340
 105 -1 -5 275
 15 -3 1 92
 15 -1 1 4
 105 3 -1 49
 55 -1 0 312
 55 4 0 51
 55 1 3 318
 55 2 2 184
 55 -1 3 169
 5 -3 3 266
 55 -1 -2 178
 55 -2 -3 1
 55 1 -1 66
 5 1 -2 0
 55 0 1 97
 55 0 -1 315
 55 0 3 292
 55 -2 -2 83
 5 -2 2 195
 55 -1 -1 99
 55 -2 -1 291
 55 0 -3 122
 55 -1 4 261
 55 0 0 221
 5 3 3 226
 5 4 2 216
 55 1 2 53
 55 0 -2 247
 55 -1 -3 353
 55 3 1 106
 55 1 1 192
 55 0 2 336
 "contig-ratio-green-core" 0.75
 "contig-ratio-red-core" 1
 "a-count" 10
 "b-count" 4
 "c-color-count" 24
 "c-express-count" 24
 "d-color-count" 18
 "d-express-count" 18
 "cell-count" 56
 15 -1 4 172
 105 3 -3 68
 105 1 -4 152
 15 -3 2 160
 105 2 -2 223
 15 2 3 1
 105 2 -3 1
 15 3 -1 351
 15 -1 3 351
 105 0 -4 181
 15 -4 1 114
 15 -3 -1 91
 105 1 4 18
 15 -1 -3 119
 15 3 1 55
 105 0 3 65
 15 3 -2 248
 15 1 -2 259
 15 3 2 24
 15 3 0 325
 15 2 -1 254
 105 -3 3 296
 15 1 3 28
 105 -1 -4 319
 105 0 4 357
 15 4 0 155
 15 0 -3 300
 15 -3 -2 231
 55 -2 3 123
 55 2 0 10
 55 -2 2 310
 55 1 1 243
 55 1 2 161
 5 -4 0 159
 55 0 -2 344
 55 0 0 51
 55 -1 -2 20
 55 -3 0 181
 55 2 2 131
 55 0 -1 154
 55 2 1 101
 55 -2 1 206
 5 -4 -1 323
 55 0 2 141
 5 4 1 8
 55 -2 -2 352
 55 -2 -1 197
 55 -3 1 8
 55 0 1 276
 5 -2 0 358
 55 -1 1 157
 55 -1 2 355
 55 -1 -1 195
 55 1 0 352
 55 1 -1 89
 55 4 -1 129
 "contig-ratio-green-core" 0.7777777777777778
 "contig-ratio-red-core" 0.875
