 "a-count" 13
 "b-count" 1
 "c-color-count" 27
 "c-express-count" 27
 "d-color-count" 15
 "d-express-count" 15
 "cell-count" 56
 15 -3 2 5
 105 1 4 339
 105 2 -3 324
 15 1 2 186
 105 -4 -1 40
 15 -1 3 227
 105 4 -1 202
 15 3 2 258
 105 -4 1 209
 15 2 2 15
 15 -1 2 90
 15 3 -1 158
 105 0 4 210
 105 -4 0 256
 15 -2 -2 188
 15 1 -4 328
 15 -2 3 73
 15 2 -2 112
 15 -3 -2 356
 15 -1 4 51
 105 3 3 322
 105 3 -2 276
 15 0 -4 125
 105 1 3 117
 105 -1 -4 269
 105 3 -3 177
 15 0 2 172
 105 -3 -3 218
 55 -3 -1 158
 55 1 -1 149
 55 -1 1 102
 55 0 0 305
 55 2 0 162
 55 -2 1 252
 55 -3 1 353
 55 0 -1 188
 55 -1 -1 71
 55 -1 -3 190
 55 0 -3 69
 55 0 1 158
 55 2 1 245
 55 -2 0 273
 55 3 1 52
 55 1 -3 81
 55 1 1 285
 55 1 -2 179
 55 3 0 185
 55 -2 -1 296
 55 -2 2 217
 55 -3 0 324
 55 0 -2 294
 55 -1 0 5
 55 2 -1 185
 55 -1 -2 318
 55 1 0 298
 5 -2 -3 194
 "contig-ratio-green-core" 0.7647058823529411
 "contig-ratio-red-core" 1
 "a-count" 9
 "b-count" 5
 "c-color-count" 24
 "c-express-count" 23
 "d-color-count" 20
 "d-express-count" 19
 "cell-count" 56
 15 2 -1 224
 105 -2 -2 232
 15 0 -4 211
 15 -2 3 186
 15 3 2 329
 15 0 -3 2
 15 -4 1 329
 15 -3 -1 97
 105 0 4 127
 15 -4 -1 96
 105 3 -1 233
 15 1 -3 85
 105 3 -2 357
 105 1 -4 68
 15 -1 -3 322
 15 2 2 136
 15 4 0 277
 105 2 3 321
 15 1 -2 356
 15 2 -3 294
 15 1 -1 232
 15 1 3 71
 15 3 1 27
 15 -3 0 248
 105 4 1 210
 105 -3 3 15
 15 3 0 236
 15 -1 4 89
 55 0 1 10
 55 0 3 46
 55 -1 -2 78
 55 0 -2 314
 55 3 3 232
 5 -3 2 277
 55 0 0 341
 55 -2 2 152
 5 1 4 216
 55 -1 2 218
 55 -1 1 170
 55 -1 3 262
 5 -3 -2 142
 55 -1 -1 247
 55 -2 1 206
 55 -2 0 300
 55 -1 0 295
 55 -3 1 209
 55 3 -3 285
 55 -2 -1 192
 5 -3 -3 185
 55 4 -1 177
 55 1 2 11
 55 2 1 162
 55 1 0 86
 55 0 -1 183
 55 2 0 160
 55 0 2 212
 "contig-ratio-green-core" 1.0769230769230769
 "contig-ratio-red-core" 1
 "a-count" 7
 "b-count" 4
 "c-color-count" 25
 "c-express-count" 24
 "d-color-count" 21
 "d-express-count" 21
 "cell-count" 56
 15 -3 -1 293
 15 0 -2 220
 15 0 -1 95
 105 -2 -3 87
 15 4 1 189
 105 3 -2 198
 105 1 -3 8
 15 1 -2 142
 105 -3 3 8
 15 4 -1 112
 15 -1 4 41
 105 3 -3 344
 15 4 0 163
 15 -1 -2 172
 15 -3 2 207
 15 3 2 228
 15 -1 -1 305
 105 2 -3 296
 15 -2 2 31
 15 3 -1 259
 105 3 3 76
 15 0 -4 91
 15 2 -2 295
 15 -1 3 343
 15 -2 -2 255
 15 -2 -1 45
 15 1 -4 314
 15 0 4 2
 55 1 0 329
 55 1 -1 314
 55 2 1 303
 55 -4 0 0
 55 -3 0 189
 55 0 0 218
 55 -1 -3 53
 55 0 2 202
 55 0 1 343
 55 3 0 99
 55 -2 1 100
 55 2 3 138
 55 -1 0 181
 5 1 4 359
 55 2 2 296
 55 3 1 351
 55 0 3 357
 55 -1 -4 57
 55 -1 1 109
 5 -3 -3 139
 55 2 -1 308
 55 -1 2 348
 55 1 1 279
 55 -3 1 359
 5 -2 3 265
 55 2 0 11
 55 -2 0 234
 55 1 2 41
 "contig-ratio-green-core" 0.8888888888888888
 "contig-ratio-red-core" 0.75
