 "a-count" 9
 "b-count" 4
 "c-color-count" 24
 "c-express-count" 24
 "d-color-count" 19
 "d-express-count" 19
 "cell-count" 56
 15 -4 1 248
 105 3 -1 211
 15 3 0 66
 15 -1 3 23
 15 -4 -1 158
 15 2 3 25
 105 3 2 97
 15 -2 -2 75
 15 -3 1 276
 15 1 4 296
 15 0 -3 67
 105 -3 3 159
 15 -3 -2 357
 15 -3 0 294
 15 -4 0 359
 105 1 -4 311
 105 3 -2 19
 15 1 -3 67
 105 -3 -3 250
 15 -1 4 338
 105 -1 -3 343
 15 0 4 64
 15 3 1 95
 15 2 -2 23
 15 2 2 308
 105 3 3 9
 15 1 -2 102
 105 4 0 60
 5 0 2 281
 55 -1 -2 164
 55 1 1 151
 55 1 -1 127
 5 -2 -3 57
 55 -3 2 161
 55 2 0 13
 55 0 -1 236
 55 2 -1 323
 55 1 2 213
 55 -2 2 77
 55 1 3 96
 55 0 1 23
 55 -1 -1 318
 55 3 -3 307
 55 -1 1 309
 55 -2 -1 306
 55 2 1 215
 55 0 -2 244
 55 0 3 174
 55 -2 0 126
 55 2 4 309
 5 -2 3 264
 5 -4 2 122
 55 0 0 274
 55 -1 2 46
 55 -4 -2 356
 55 -1 0 323
 "contig-ratio-green-core" 0.7857142857142857
 "contig-ratio-red-core" 0.9333333333333333
 "a-count" 7
 "b-count" 1
 "c-color-count" 27
 "c-express-count" 27
 "d-color-count" 22
 "d-express-count" 21
 "cell-count" 56
 15 -2 -2 99
 15 1 4 3
 15 2 -1 314
 105 -1 -4 205
 15 2 1 173
 15 3 0 297
 15 3 -2 0
 15 -2 1 348
 15 -2 0 86
 105 -4 -1 111
 15 -2 -1 222
 15 2 -2 284
 15 0 4 172
 15 1 3 264
 15 3 -1 87
 15 -3 1 329
 15 1 -3 34
 15 0 -4 11
 15 -1 4 83
 15 2 0 245
 105 -4 1 113
 15 -3 0 236
 105 3 -3 249
 15 1 -2 91
 15 -3 2 174
 105 3 1 175
 15 -3 -1 216
 105 -4 0 146
 55 -1 1 79
 55 1 -1 164
 55 -3 3 205
 55 0 3 313
 55 -2 3 293
 55 -1 -2 213
 55 -3 -3 66
 55 1 1 330
 55 0 -1 70
 55 4 1 253
 55 -2 2 297
 55 1 0 238
 55 1 -1 188
 55 1 0 44
 5 2 2 163
 55 0 0 39
 55 1 1 36
 55 -1 3 222
 55 0 2 310
 55 0 -3 8
 55 0 1 224
 55 2 -3 331
 55 -1 -3 51
 55 -2 -3 98
 55 -1 -1 301
 55 -1 2 13
 55 -1 0 248
 55 1 2 16
 "contig-ratio-green-core" 0.6842105263157895
 "contig-ratio-red-core" 0.9473684210526315
 "a-count" 12
 "b-count" 11
 "c-color-count" 20
 "c-express-count" 17
 "d-color-count" 17
 "d-express-count" 16
 "cell-count" 56
 15 -3 -2 187
 105 -4 0 170
 15 -2 0 230
 15 -1 -4 163
 105 -2 -1 312
 105 4 1 22
 105 3 3 45
 15 3 1 155
 15 -2 -3 107
 15 2 0 165
 105 -2 2 33
 15 4 0 195
 105 -2 3 103
 15 0 3 54
 15 -1 -2 80
 15 2 -1 302
 105 -1 3 107
 105 -3 0 87
 105 1 4 61
 15 -1 -1 335
 15 -4 -1 0
 15 -3 -1 172
 15 -4 1 274
 15 -3 -3 5
 105 1 3 200
 105 0 -4 274
 15 -2 1 19
 15 1 2 14
 55 1 -2 343
 55 1 1 101
 55 0 0 242
 55 -3 1 164
 55 -1 1 250
 55 2 3 12
 55 3 0 44
 55 -1 2 318
 5 2 -3 255
 55 0 -1 248
 5 3 -3 106
 55 2 1 52
 5 -1 4 294
 5 1 -3 185
 55 1 -1 251
 5 2 2 11
 5 4 -1 200
 55 0 -3 191
 55 0 -2 347
 55 0 2 211
 55 -1 -3 68
 55 -1 0 230
 5 3 -2 271
 55 1 -4 252
 5 2 -2 138
 55 3 -1 185
 55 0 1 41
 55 1 0 301
 "contig-ratio-green-core" 0.75
 "contig-ratio-red-core" 0.9230769230769231
 "a-count" 7
 "b-count" 5
 "c-color-count" 23
 "c-express-count" 23
 "d-color-count" 22
 "d-express-count" 21
 "cell-count" 56
 15 2 -1 195
 15 -3 -1 331
 15 0 -4 337
 15 1 -1 333
 15 -1 4 44
 15 0 -1 272
 15 -2 2 103
 105 -4 1 202
 105 -4 -1 42
 105 -3 2 220
 15 2 3 314
 15 -3 1 341
 15 0 -2 287
 15 -1 -1 21
 15 -1 -3 205
 15 1 -2 143
 105 1 -3 79
 15 0 -3 346
 15 -2 -3 35
 15 4 0 358
 105 1 -4 339
 15 1 3 171
 15 2 -3 39
 15 0 4 311
 15 -2 -1 258
 105 -2 -2 27
 15 4 1 252
 15 2 -2 175
 55 3 -3 62
 55 -1 -4 284
 55 0 1 135
 55 1 1 33
 55 2 1 326
 55 3 -1 182
 55 0 3 257
 5 3 -2 170
 5 -3 3 117
 55 0 2 294
 55 -3 -2 66
 55 -2 0 303
 5 3 3 106
 55 1 2 262
 55 2 0 266
 55 -2 1 47
 5 4 -1 300
 5 1 4 153
 55 -1 2 84
 55 2 2 54
 55 3 1 233
 55 0 0 186
 55 -1 1 142
 55 3 0 255
 55 1 0 354
 55 -1 0 24
 55 -1 3 332
 55 -3 -3 196
 "contig-ratio-green-core" 0.9411764705882353
 "contig-ratio-red-core" 0.9411764705882353
