 "a-count" 6
 "b-count" 2
 "c-color-count" 26
 "c-express-count" 26
 "d-color-count" 22
 "d-express-count" 22
 "cell-count" 56
 15 -1 1 167
 15 3 -2 351
 15 1 4 122
 105 3 3 91
 105 4 -1 274
 15 -4 0 3
 105 -3 1 140
 15 2 -2 303
 15 -3 -3 114
 105 1 -4 86
 15 -2 2 274
 15 -1 0 34
 15 4 1 73
 105 -3 -1 190
 15 -3 2 224
 15 -3 0 232
 105 -2 1 113
 15 3 -1 117
 15 4 0 109
 15 -4 1 78
 15 -2 3 194
 15 -2 -2 220
 15 0 -4 172
 15 -2 -1 170
 15 3 0 338
 15 2 -3 188
 15 0 4 82
 15 -3 3 87
 55 1 1 206
 55 3 -3 52
 55 0 1 77
 55 -1 3 194
 55 2 0 116
 55 1 -3 67
 55 -2 -3 293
 55 -1 2 109
 55 1 -1 85
 55 1 -2 286
 55 1 0 139
 55 -1 -1 241
 55 0 0 303
 5 2 2 287
 55 2 -1 344
 55 3 1 26
 5 3 2 239
 55 -1 -4 196
 55 1 2 39
 55 0 2 195
 55 -1 -3 4
 55 2 1 227
 55 -1 -2 89
 55 0 3 12
 55 0 -3 139
 55 1 3 47
 55 0 -2 343
 55 2 3 300
 "contig-ratio-green-core" 0.7894736842105263
 "contig-ratio-red-core" 0.8095238095238095
 "a-count" 9
 "b-count" 3
 "c-color-count" 25
 "c-express-count" 25
 "d-color-count" 20
 "d-express-count" 19
 "cell-count" 56
 15 0 -2 75
 15 2 -2 192
 15 0 3 10
 15 -5 -1 155
 105 0 4 279
 15 2 3 278
 15 -4 0 174
 105 -3 3 258
 15 -2 3 78
 105 0 -4 134
 105 -3 -3 60
 15 -4 1 251
 15 -2 -3 34
 15 -1 -3 193
 15 1 -1 292
 15 -3 2 141
 105 4 0 85
 105 1 -4 6
 15 2 0 104
 15 -3 -2 246
 15 -2 2 187
 105 2 -3 187
 15 2 -1 169
 15 -4 1 246
 15 -3 2 300
 105 3 -2 329
 15 3 2 101
 15 1 3 273
 5 -4 2 258
 55 -2 0 78
 55 0 2 20
 55 -1 2 304
 55 2 2 71
 5 -1 4 102
 55 2 1 144
 55 3 1 256
 55 -1 0 220
 5 -1 -4 82
 55 0 1 338
 55 -3 1 274
 55 -1 -2 149
 55 -4 -1 270
 55 -3 1 131
 55 1 0 160
 55 -3 1 173
 55 1 2 207
 55 0 -1 278
 55 -2 -1 343
 55 -1 -1 153
 55 1 1 207
 55 -3 -1 109
 55 -2 -2 232
 55 -1 1 32
 55 0 0 229
 55 3 0 203
 55 -2 1 111
 "contig-ratio-green-core" 1
 "contig-ratio-red-core" 1
 "a-count" 9
 "b-count" 2
 "c-color-count" 26
 "c-express-count" 26
 "d-color-count" 20
 "d-express-count" 19
 "cell-count" 56
 15 -2 -2 167
 15 -1 -2 152
 105 -3 1 168
 15 0 -3 169
 15 1 4 130
 105 3 -2 353
 15 -4 0 250
 15 -2 1 126
 15 -4 -1 327
 15 -3 -3 47
 15 2 -3 93
 15 -3 0 216
 105 0 4 323
 15 -2 3 151
 15 3 2 284
 105 -4 1 265
 105 3 -3 308
 15 1 3 39
 15 0 3 254
 105 -1 -4 194
 105 -3 2 182
 15 1 -3 78
 15 -2 -3 357
 105 1 -4 191
 15 2 2 255
 15 4 0 99
 15 -2 2 224
 15 -1 3 227
 55 2 0 127
 55 -1 1 302
 55 0 1 54
 55 -1 0 122
 55 -2 0 57
 55 3 -1 246
 55 0 2 39
 55 3 0 116
 55 2 -1 187
 55 2 -2 154
 55 -1 -1 122
 55 1 0 16
 55 0 0 65
 55 1 -1 305
 55 -3 3 62
 55 3 1 26
 5 3 3 154
 55 1 -2 212
 55 0 -2 191
 55 1 2 161
 55 1 1 92
 55 -2 -1 67
 55 -1 2 210
 55 -3 -2 199
 55 -3 -1 313
 55 2 1 247
 55 0 -1 186
 5 -1 4 106
 "contig-ratio-green-core" 1
 "contig-ratio-red-core" 0.8235294117647058
 "a-count" 5
 "b-count" 3
 "c-color-count" 25
 "c-express-count" 25
 "d-color-count" 23
 "d-express-count" 23
 "cell-count" 56
 15 3 -3 46
 15 2 -2 158
 15 0 4 315
 105 3 3 56
 105 1 -4 86
 105 -3 -3 116
 15 -1 4 180
 15 2 -3 254
 15 -2 3 290
 15 -3 1 336
 15 -3 3 70
 15 4 1 347
 105 -1 -4 27
 15 -4 0 128
 15 -1 -3 99
 15 -2 -3 85
 15 1 -3 194
 15 4 2 235
 15 4 0 353
 15 4 -1 13
 15 3 1 348
 15 -3 0 187
 15 0 -3 337
 15 2 2 193
 105 -3 -1 269
 15 -3 2 329
 15 3 0 113
 15 3 -1 306
 55 -1 0 256
 55 -2 -2 10
 55 2 -1 310
 55 1 0 272
 55 -2 2 312
 55 0 -1 223
 55 0 3 18
 55 2 0 128
 55 -2 1 315
 55 1 3 72
 55 0 -2 68
 55 1 1 204
 55 1 -2 100
 55 -2 0 64
 55 1 -1 214
 55 -1 -2 94
 5 0 -4 120
 55 0 2 270
 55 -1 1 164
 55 1 2 286
 55 -2 -1 22
 55 -1 2 236
 55 2 1 159
 5 -3 -2 196
 55 -1 3 348
 55 1 4 257
 5 -1 -1 37
 55 0 1 116
 "contig-ratio-green-core" 0.75
 "contig-ratio-red-core" 0.5555555555555556
