 "a-count" 3
 "b-count" 1
 "c-color-count" 27
 "c-express-count" 27
 "d-color-count" 25
 "d-express-count" 25
 "cell-count" 56
 15 -1 2 233
 15 1 -3 172
 15 -1 -3 137
 15 3 -1 15
 15 2 -3 308
 15 -1 -4 21
 105 -4 1 220
 15 -3 1 2
 15 0 -3 292
 15 -2 0 84
 15 -3 -1 250
 15 -1 0 258
 15 -4 -1 339
 105 -4 0 27
 15 -1 3 130
 15 -1 1 54
 15 1 4 145
 15 -3 0 82
 15 -2 1 29
 15 -2 2 26
 105 3 -3 259
 15 -2 -3 114
 15 -2 3 259
 15 3 -2 348
 15 -3 -2 344
 15 4 -1 175
 15 -3 2 309
 15 1 -4 100
 55 -2 -1 284
 55 1 -1 212
 55 1 0 275
 55 1 -2 341
 55 2 1 61
 55 3 1 344
 55 1 2 16
 5 3 3 202
 55 2 2 43
 55 0 -2 279
 55 0 1 287
 55 0 2 274
 55 -2 -2 346
 55 2 -1 75
 55 2 0 201
 55 -3 -3 50
 55 2 -2 84
 55 0 0 309
 55 1 3 226
 55 3 0 107
 55 -1 -2 349
 55 1 1 50
 55 2 3 220
 55 4 1 201
 55 0 -1 4
 55 0 3 75
 55 -1 -1 84
 55 0 4 227
 "contig-ratio-green-core" 0.7894736842105263
 "contig-ratio-red-core" 0.7058823529411765
 "a-count" 5
 "b-count" 3
 "c-color-count" 25
 "c-express-count" 25
 "d-color-count" 23
 "d-express-count" 23
 "cell-count" 56
 15 3 0 168
 15 4 0 317
 105 1 -4 128
 15 -4 1 80
 15 -2 2 46
 105 3 -1 73
 105 3 -2 278
 15 1 -3 177
 15 2 -2 14
 15 2 -1 103
 15 -3 1 156
 15 -1 2 331
 15 -3 2 48
 15 4 1 293
 15 -2 3 263
 15 -1 -4 28
 15 -1 -3 9
 15 5 -1 182
 105 -4 2 351
 105 2 -3 292
 15 -1 3 234
 15 -2 -3 252
 15 4 -1 64
 15 -3 3 162
 15 1 4 161
 15 0 -3 255
 15 0 -2 78
 15 1 -2 60
 55 -4 0 82
 55 1 1 225
 55 -1 0 163
 55 -2 -1 222
 55 3 1 244
 5 -3 -2 357
 55 0 0 280
 55 -1 -2 53
 55 2 3 261
 55 2 1 86
 55 1 -1 178
 55 0 3 30
 55 -1 1 353
 55 2 2 292
 55 0 4 28
 55 0 2 304
 55 -2 1 28
 55 -3 -1 154
 55 -2 0 192
 5 -4 -1 29
 55 1 2 106
 55 -1 -1 32
 55 0 -1 158
 55 2 0 264
 5 0 1 191
 55 1 3 333
 55 1 0 149
 55 -3 0 166
 "contig-ratio-green-core" 0.75
 "contig-ratio-red-core" 0.5789473684210527
 "a-count" 1
 "b-count" 2
 "c-color-count" 26
 "c-express-count" 26
 "d-color-count" 27
 "d-express-count" 27
 "cell-count" 56
 15 2 -3 355
 15 -1 1 14
 15 3 -2 92
 15 -3 2 110
 15 0 4 161
 15 -4 -1 67
 15 -1 -4 187
 15 2 3 193
 105 3 -3 212
 15 2 -2 231
 15 -1 -3 202
 15 -2 1 232
 15 4 -1 239
 15 -2 2 65
 15 -3 3 338
 15 1 4 242
 15 -3 1 56
 15 -1 2 192
 15 3 2 221
 15 -1 3 330
 15 -2 3 159
 15 2 -1 135
 15 -1 4 2
 15 3 3 357
 15 -3 0 265
 15 2 4 16
 15 -2 -3 301
 15 3 -1 341
 55 0 2 163
 55 -3 -1 292
 55 2 2 259
 5 4 1 328
 5 0 -1 81
 55 2 0 180
 55 0 -4 343
 55 1 -2 184
 55 0 -2 22
 55 0 3 258
 55 -1 -2 114
 55 1 -3 179
 55 2 1 354
 55 -1 -1 176
 55 -2 -2 98
 55 0 -3 97
 55 0 0 148
 55 -2 0 92
 55 3 1 334
 55 -1 0 123
 55 1 0 268
 55 3 0 72
 55 1 1 42
 55 1 -4 159
 55 -2 -1 50
 55 0 1 340
 55 1 2 278
 55 1 -1 239
 "contig-ratio-green-core" 0.8421052631578947
 "contig-ratio-red-core" 0.7391304347826086
