 "a-count" 2
 "b-count" 2
 "c-color-count" 26
 "c-express-count" 26
 "d-color-count" 27
 "d-express-count" 26
 "cell-count" 56
 15 4 0 209
 15 -1 3 110
 15 -1 -2 183
 15 -3 -2 212
 15 1 3 154
 15 2 3 147
 15 -2 3 27
 15 -3 -1 136
 15 0 -3 122
 15 1 -3 245
 15 3 -1 354
 105 -4 -1 318
 15 -2 2 143
 15 0 -2 56
 15 -4 0 118
 15 3 0 182
 15 4 -1 55
 15 1 -2 175
 15 -2 -2 81
 15 1 4 265
 15 0 3 239
 15 0 4 223
 15 -1 -1 188
 15 -3 3 109
 15 1 -4 343
 15 2 -3 233
 15 -3 2 238
 15 3 1 215
 55 2 0 182
 55 1 2 58
 55 -2 0 307
 55 1 -1 335
 55 -1 -4 219
 5 3 -3 212
 5 3 -2 139
 55 2 1 198
 55 -1 2 91
 55 -2 -3 6
 55 3 2 328
 55 1 0 117
 55 -1 0 86
 55 -2 1 232
 55 2 -2 166
 55 0 2 276
 55 0 1 7
 55 1 1 312
 55 2 -1 264
 55 0 0 201
 55 -3 1 68
 55 -1 4 210
 55 -2 -4 231
 55 -3 0 131
 55 0 -1 356
 55 2 2 352
 55 -1 1 217
 55 -4 1 210
 "contig-ratio-green-core" 0.8
 "contig-ratio-red-core" 0.7083333333333334
 "a-count" 2
 "b-count" 7
 "c-color-count" 21
 "c-express-count" 21
 "d-color-count" 26
 "d-express-count" 26
 "cell-count" 56
 15 3 1 68
 15 4 0 54
 15 -4 0 206
 15 -1 3 71
 15 -4 1 358
 15 0 -4 293
 15 1 3 58
 15 1 -2 333
 15 -2 -3 77
 105 2 -1 341
 15 3 0 151
 15 -1 4 138
 15 0 3 310
 15 2 -3 118
 15 3 2 226
 15 -2 3 127
 15 1 4 37
 15 2 3 309
 15 -2 2 83
 105 0 4 277
 15 -1 -3 285
 15 3 -1 339
 15 1 -4 198
 15 1 -3 181
 15 2 -2 350
 15 4 -1 88
 15 2 0 221
 15 0 -3 295
 5 -1 -4 135
 5 -3 0 230
 5 4 1 165
 55 -2 0 345
 55 0 -1 348
 55 1 -1 249
 55 1 1 49
 55 -2 1 206
 55 1 0 192
 55 0 1 260
 5 -2 -2 215
 55 3 -2 217
 55 2 2 128
 55 0 -2 107
 5 3 -3 193
 55 -1 2 125
 55 1 2 309
 55 0 0 145
 55 0 2 50
 55 -1 1 267
 55 -1 0 277
 55 -1 -1 145
 55 -2 -1 220
 55 3 3 85
 55 2 1 5
 5 -3 2 255
 55 -1 -2 19
 5 -3 -1 216
 "contig-ratio-green-core" 1.1818181818181819
 "contig-ratio-red-core" 0.5
 "a-count" 1
 "b-count" 5
 "c-color-count" 23
 "c-express-count" 23
 "d-color-count" 27
 "d-express-count" 27
 "cell-count" 56
 15 -2 3 7
 15 -1 -4 314
 15 1 3 261
 105 -3 3 199
 15 -2 -3 224
 15 -4 0 338
 15 -1 4 138
 15 -3 2 279
 15 0 4 52
 15 2 -1 340
 15 2 0 152
 15 3 -1 235
 15 -4 1 98
 15 -3 1 354
 15 -2 -2 226
 15 0 -4 150
 15 2 1 103
 15 -4 -1 56
 15 3 0 189
 15 3 1 136
 15 -1 -3 140
 15 3 -2 266
 15 3 2 297
 15 -3 -2 101
 15 1 -4 213
 15 2 -2 167
 15 1 4 56
 15 -1 5 328
 5 2 2 190
 55 -2 0 350
 55 1 1 232
 55 -2 2 346
 55 0 0 171
 55 1 0 110
 55 -2 -1 354
 5 2 -3 178
 55 -1 1 139
 55 0 2 303
 55 -1 2 52
 55 1 -3 84
 55 1 2 152
 55 -1 3 177
 5 3 -3 312
 55 -2 1 296
 55 -1 0 200
 55 1 -1 144
 55 -1 -2 33
 55 0 -2 167
 55 0 -1 22
 55 1 -2 84
 5 0 -3 98
 55 -3 0 154
 5 2 3 300
 55 0 3 236
 55 -1 -1 6
 55 0 1 183
 "contig-ratio-green-core" 1.0769230769230769
 "contig-ratio-red-core" 0.5652173913043478
