 "a-count" 1
 "b-count" 4
 "c-color-count" 24
 "c-express-count" 24
 "d-color-count" 27
 "d-express-count" 27
 "cell-count" 56
 15 -2 2 220
 15 -1 4 14
 15 1 4 100
 15 -2 1 122
 15 1 -3 221
 15 -4 1 153
 15 0 5 156
 15 3 -2 227
 15 2 3 266
 15 2 -3 149
 15 1 -1 42
 15 3 3 102
 105 -2 3 129
 15 -3 1 85
 15 3 -3 133
 15 3 -1 202
 15 -3 2 17
 15 3 2 60
 15 4 1 22
 15 -1 2 312
 15 0 -4 39
 15 2 2 117
 15 1 -2 12
 15 -4 0 204
 15 1 5 25
 15 2 -2 52
 15 0 4 191
 15 2 -1 0
 55 -2 -1 339
 55 -2 -2 78
 55 -2 0 292
 55 3 1 229
 55 0 0 263
 55 0 1 327
 55 -3 -1 129
 55 0 3 236
 55 2 1 163
 55 0 2 205
 55 1 3 157
 5 0 -3 92
 55 -3 0 41
 55 1 1 206
 5 4 -1 37
 55 -1 0 340
 5 -2 -3 176
 55 3 0 328
 55 -1 1 244
 55 -1 -2 154
 5 -1 -3 291
 55 1 2 31
 55 2 0 307
 55 -1 -1 125
 55 0 -1 268
 55 0 -2 136
 55 -3 3 320
 55 1 0 57
 "contig-ratio-green-core" 0.875
 "contig-ratio-red-core" 0.6521739130434783
 "a-count" 2
 "b-count" 0
 "c-color-count" 28
 "c-express-count" 28
 "d-color-count" 27
 "d-express-count" 26
 "cell-count" 56
 15 -2 3 290
 15 -2 -1 324
 15 -3 0 265
 15 -1 -3 244
 15 0 -3 275
 15 -3 -2 246
 15 4 -1 317
 15 -2 4 214
 15 4 0 202
 15 1 3 312
 15 -1 3 213
 15 3 3 286
 15 -3 1 269
 15 3 -2 8
 15 -2 -2 142
 15 1 -4 344
 15 1 -3 5
 15 -3 2 23
 15 -1 4 307
 15 -3 -1 34
 15 0 4 331
 15 -1 -2 353
 15 -2 -3 118
 15 0 3 4
 15 -3 -3 240
 15 2 -3 73
 105 1 4 201
 15 -1 2 129
 55 2 1 154
 55 2 2 193
 55 1 0 335
 55 -2 0 257
 55 3 -1 330
 55 0 2 262
 55 0 0 271
 55 3 1 100
 55 3 0 188
 55 0 -1 304
 55 2 -1 202
 55 2 -1 110
 55 -1 1 272
 55 2 3 340
 55 0 0 291
 55 3 -3 267
 55 1 1 35
 55 -1 0 106
 55 0 -2 239
 55 2 0 273
 55 1 2 41
 55 4 1 62
 55 2 -2 46
 55 0 1 333
 55 -2 1 234
 55 1 -2 30
 55 1 -1 89
 55 -1 1 102
 "contig-ratio-green-core" 0.8235294117647058
 "contig-ratio-red-core" 0.65
 "a-count" 1
 "b-count" 4
 "c-color-count" 24
 "c-express-count" 24
 "d-color-count" 27
 "d-express-count" 27
 "cell-count" 56
 15 0 -2 49
 15 0 -3 1
 15 2 3 92
 15 -4 -1 199
 15 -4 1 241
 15 -1 2 212
 15 -4 0 256
 15 0 -4 1
 15 1 -3 88
 15 3 3 334
 15 -1 -3 234
 15 -3 0 288
 15 1 -4 313
 15 -1 4 245
 15 -3 -1 350
 15 3 2 214
 15 -3 2 2
 15 4 0 310
 15 -1 3 301
 15 -1 -2 257
 15 0 4 9
 15 4 -1 34
 15 -1 1 64
 15 1 4 32
 105 -3 3 165
 15 -2 2 66
 15 -1 -4 175
 15 -3 1 316
 55 1 2 108
 55 2 1 327
 55 2 0 191
 55 -1 -1 175
 55 3 0 70
 5 2 -3 216
 5 0 2 156
 55 1 0 206
 55 0 -1 321
 55 3 -2 21
 55 1 -2 145
 55 -2 -1 258
 55 3 1 197
 55 2 2 176
 5 3 -3 81
 55 0 1 118
 5 2 -1 110
 55 -2 0 356
 55 1 3 270
 55 4 1 151
 55 1 1 98
 55 -3 -2 195
 55 -2 -2 78
 55 -1 0 337
 55 0 3 5
 55 3 -1 272
 55 1 -1 124
 55 0 0 308
 "contig-ratio-green-core" 0.8125
 "contig-ratio-red-core" 0.6521739130434783
