 "a-count" 2
 "b-count" 2
 "c-color-count" 26
 "c-express-count" 26
 "d-color-count" 26
 "d-express-count" 26
 "cell-count" 56
 15 -1 4 23
 15 3 3 178
 15 -3 -3 290
 15 1 -4 81
 15 3 -1 231
 15 1 -2 281
 15 0 -3 164
 15 -1 3 272
 105 -1 -4 1
 15 4 0 172
 15 2 4 233
 105 0 -4 239
 15 -3 -1 126
 15 1 4 329
 15 -3 0 352
 15 3 -3 16
 15 -4 0 98
 15 0 3 332
 15 1 -3 135
 15 0 -2 126
 15 -1 -2 327
 15 4 -1 323
 15 -2 1 274
 15 -1 -3 317
 15 -4 -1 189
 15 0 4 277
 15 2 -2 216
 15 -2 0 279
 55 -2 -1 186
 55 2 -3 150
 55 1 0 176
 5 -1 -1 197
 55 2 3 204
 55 3 -2 121
 55 1 -1 218
 55 1 3 330
 55 0 -1 158
 55 -1 1 323
 55 0 2 334
 55 2 0 115
 55 0 1 47
 55 3 0 355
 55 4 1 83
 5 3 2 240
 55 3 1 188
 55 1 2 64
 55 1 1 201
 55 -2 -2 17
 55 -2 -3 87
 55 -1 2 171
 55 2 1 237
 55 2 2 102
 55 -3 -2 260
 55 0 0 10
 55 -1 0 42
 55 2 -1 78
 "contig-ratio-green-core" 1.0666666666666667
 "contig-ratio-red-core" 0.8095238095238095
 "a-count" 3
 "b-count" 3
 "c-color-count" 25
 "c-express-count" 25
 "d-color-count" 26
 "d-express-count" 25
 "cell-count" 56
 15 0 3 112
 15 4 0 165
 15 -3 -1 205
 15 3 -3 95
 15 3 -2 120
 15 -3 -3 192
 15 -1 -3 107
 15 1 3 187
 15 2 3 1
 15 1 2 47
 15 4 2 12
 15 3 0 111
 15 2 -3 90
 105 -2 3 145
 105 4 1 341
 15 -3 -2 163
 15 2 2 123
 15 -4 0 350
 15 -2 1 353
 15 1 4 186
 15 3 -1 62
 15 -2 2 13
 15 -3 1 313
 15 3 1 167
 15 -2 -3 266
 15 -3 0 24
 15 3 2 108
 15 0 4 54
 55 1 1 79
 5 -3 2 242
 55 0 0 88
 55 4 -1 287
 55 1 0 189
 55 2 -1 321
 55 -2 -1 9
 55 2 0 283
 55 1 -3 269
 55 3 3 318
 55 -1 -1 45
 55 -1 3 278
 55 -2 -2 188
 55 1 -2 133
 55 -2 0 198
 55 -1 2 64
 55 1 -1 168
 55 0 -3 176
 55 0 -2 341
 55 0 2 204
 5 0 -1 23
 55 -1 -2 256
 55 2 1 202
 55 2 -2 171
 5 0 -4 84
 55 -1 1 31
 55 0 1 321
 55 -1 0 310
 "contig-ratio-green-core" 1
 "contig-ratio-red-core" 0.6842105263157895
 "a-count" 0
 "b-count" 5
 "c-color-count" 23
 "c-express-count" 23
 "d-color-count" 28
 "d-express-count" 28
 "cell-count" 56
 15 0 4 241
 15 -2 -1 2
 15 -2 3 254
 15 0 -3 194
 15 -1 -4 277
 15 -2 -2 65
 15 0 -4 90
 15 1 3 79
 15 2 3 327
 15 1 -3 296
 15 -4 1 128
 15 3 3 322
 15 1 4 139
 15 -1 3 10
 15 2 -2 177
 15 3 -2 12
 15 -4 2 259
 15 -3 2 189
 15 -3 -1 251
 15 -1 -3 118
 15 0 3 304
 15 3 2 111
 15 -2 -4 191
 15 1 -4 249
 15 2 -3 80
 15 -2 -3 105
 15 -1 -2 210
 15 -1 4 110
 55 -3 1 147
 55 0 1 1
 55 3 0 313
 55 0 -1 42
 55 2 -1 278
 55 -1 2 160
 55 -3 0 89
 55 2 1 31
 55 -2 1 35
 55 -1 -1 208
 5 -3 3 95
 55 0 2 10
 55 3 1 270
 55 -1 0 134
 5 4 -1 340
 55 1 0 342
 55 2 0 38
 55 1 2 240
 55 1 -1 26
 5 4 0 206
 5 -2 2 151
 55 -1 1 60
 55 1 -2 168
 55 1 1 172
 5 -3 -2 97
 55 0 -2 52
 55 2 2 258
 55 -2 0 107
 "contig-ratio-green-core" 0.7647058823529411
 "contig-ratio-red-core" 0.46153846153846156
