 "a-count" 1
 "b-count" 3
 "c-color-count" 25
 "c-express-count" 25
 "d-color-count" 27
 "d-express-count" 27
 "cell-count" 56
 105 2 -4 87
 15 4 -2 97
 15 -1 2 335
 15 3 1 273
 15 -1 -3 267
 15 2 3 25
 15 -1 -4 6
 15 4 0 306
 15 0 -2 324
 15 1 -2 31
 15 -2 2 200
 15 1 -4 177
 15 0 -4 327
 15 3 2 37
 15 3 3 91
 15 -2 3 188
 15 4 -1 227
 15 0 3 152
 15 -3 -2 18
 15 -3 3 88
 15 -1 3 272
 15 -1 4 29
 15 -3 1 190
 15 1 -3 145
 15 2 -3 132
 15 2 2 90
 15 -4 1 210
 15 0 -3 74
 5 -2 1 22
 55 2 1 270
 55 1 0 87
 55 -2 -3 299
 55 0 -1 134
 55 3 -1 298
 55 2 -1 77
 5 -1 -2 175
 55 1 1 284
 55 3 -3 60
 55 -2 -2 164
 55 1 -1 275
 55 2 0 351
 55 3 0 77
 55 4 1 354
 55 1 2 117
 55 0 0 283
 55 -4 0 268
 55 0 2 232
 5 -4 -1 49
 55 2 -2 151
 55 -2 -1 84
 55 -1 -1 235
 55 -1 1 283
 55 3 -2 3
 55 -2 0 317
 55 -1 0 208
 55 0 1 133
 "contig-ratio-green-core" 0.8125
 "contig-ratio-red-core" 0.5909090909090909
 "a-count" 1
 "b-count" 3
 "c-color-count" 25
 "c-express-count" 25
 "d-color-count" 27
 "d-express-count" 27
 "cell-count" 56
 15 3 -1 20
 15 -3 0 160
 15 4 1 177
 15 -1 2 66
 15 -2 0 275
 15 -2 -1 341
 15 0 4 253
 15 -2 3 338
 15 3 2 208
 15 -2 1 131
 15 -2 2 351
 15 3 0 34
 15 2 3 237
 15 2 -2 108
 15 1 -3 328
 15 2 -3 0
 105 3 -3 83
 15 -2 1 129
 15 -3 1 88
 15 3 -2 342
 15 0 3 219
 15 -2 0 348
 15 -3 -1 225
 15 -1 1 295
 15 3 1 273
 15 2 2 13
 15 1 3 98
 15 4 0 216
 55 1 -2 106
 55 -1 0 80
 55 0 -4 177
 55 1 -1 135
 55 2 -1 241
 55 0 -2 267
 55 -1 -2 142
 55 0 0 269
 5 1 2 115
 55 -2 -3 193
 55 -2 -2 121
 55 2 1 337
 55 2 0 327
 55 1 0 150
 55 0 2 230
 55 -1 -2 359
 55 3 3 177
 55 0 1 146
 5 1 -4 359
 55 1 -1 301
 55 1 1 86
 55 -3 2 119
 55 4 -1 197
 55 2 -1 212
 55 0 -3 144
 55 -1 -1 84
 55 -1 -3 65
 5 0 -1 233
 "contig-ratio-green-core" 0.8571428571428571
 "contig-ratio-red-core" 0.6086956521739131
 "a-count" 2
 "b-count" 1
 "c-color-count" 27
 "c-express-count" 27
 "d-color-count" 26
 "d-express-count" 26
 "cell-count" 56
 15 3 -1 3
 15 -2 -3 18
 105 -3 3 334
 105 -1 -4 23
 15 -2 -2 241
 15 -1 4 193
 15 -4 1 353
 15 3 -2 255
 15 0 4 20
 15 1 -4 204
 15 3 0 166
 15 4 0 27
 15 -2 2 18
 15 3 2 102
 15 2 -2 266
 15 -1 -3 101
 15 -2 3 34
 15 4 1 261
 15 2 -3 180
 15 1 -2 102
 15 0 -2 76
 15 1 -3 189
 15 0 -3 269
 15 -3 -1 183
 15 -3 -2 90
 15 3 1 190
 15 -3 2 322
 15 -1 -2 295
 55 2 1 327
 55 2 -1 307
 55 0 3 240
 55 -2 1 313
 55 -4 2 342
 55 -3 0 125
 55 -2 -1 125
 55 -1 3 104
 55 0 2 340
 55 -1 1 318
 55 1 1 40
 55 1 3 82
 55 -1 0 60
 55 -1 -1 306
 55 3 -3 56
 55 -4 0 322
 55 2 2 284
 55 1 -1 304
 55 -1 2 280
 55 2 0 334
 55 -3 1 250
 55 0 0 247
 5 1 0 120
 55 1 2 317
 55 -2 0 137
 55 0 -1 88
 55 -3 -3 4
 55 0 1 160
 "contig-ratio-green-core" 1
 "contig-ratio-red-core" 0.7727272727272727
 "a-count" 2
 "b-count" 3
 "c-color-count" 25
 "c-express-count" 25
 "d-color-count" 26
 "d-express-count" 26
 "cell-count" 56
 15 -4 -1 104
 15 -1 3 217
 15 -2 -1 148
 15 -4 1 292
 15 -3 3 187
 15 2 4 224
 15 3 0 88
 15 -4 -3 204
 15 -2 -3 343
 15 -3 -3 318
 15 3 -1 243
 15 3 1 48
 15 -3 2 130
 15 -1 -3 302
 15 -1 -4 332
 105 4 -1 73
 15 0 -4 308
 15 -2 3 266
 15 1 4 316
 15 3 -2 97
 105 0 -2 285
 15 1 4 138
 15 4 0 251
 15 -4 0 329
 15 0 -3 16
 15 -2 -2 358
 15 2 3 126
 15 -3 3 122
 55 1 -1 87
 55 2 -1 325
 55 -1 2 2
 55 -3 2 43
 55 2 2 65
 55 -3 0 17
 55 1 0 296
 55 -1 1 340
 55 1 3 279
 55 0 -1 22
 55 0 2 4
 5 -2 1 88
 55 2 1 290
 5 -1 4 91
 55 1 2 225
 55 -2 0 132
 55 0 3 195
 55 -2 2 107
 55 0 4 310
 55 0 0 205
 5 2 0 207
 55 -1 -1 334
 55 -1 0 223
 55 0 4 191
 55 -2 2 255
 55 -1 2 180
 55 0 1 7
 55 1 1 307
 "contig-ratio-green-core" 0.7058823529411765
 "contig-ratio-red-core" 0.6363636363636364
