 "a-count" 7
 "b-count" 4
 "c-color-count" 25
 "c-express-count" 24
 "d-color-count" 22
 "d-express-count" 21
 "cell-count" 56
 15 -3 -2 83
 15 3 -2 178
 105 1 -3 311
 105 -3 3 306
 15 0 -3 204
 15 1 -2 324
 15 -3 0 29
 15 -1 4 8
 15 -2 1 296
 105 2 -2 60
 15 4 1 229
 15 2 2 322
 15 3 -3 307
 15 4 0 305
 15 -1 3 216
 105 -4 1 43
 15 -3 -3 265
 15 3 0 151
 15 3 -1 87
 15 -2 3 301
 15 1 4 271
 15 -3 2 60
 15 -1 -3 210
 15 -4 0 146
 15 -2 0 141
 105 1 -4 67
 105 -3 1 245
 15 2 -1 190
 5 3 3 72
 55 1 -1 4
 55 0 0 132
 55 0 -1 247
 55 -1 0 30
 55 -4 -1 39
 55 0 -2 27
 55 0 2 225
 5 0 -4 85
 55 0 1 165
 55 -1 2 207
 55 -2 -3 152
 55 -3 -1 273
 55 -2 -1 220
 55 -2 -2 108
 5 3 2 230
 55 3 1 188
 55 1 1 277
 55 1 0 325
 55 0 3 59
 55 1 3 44
 55 -1 -2 238
 55 -1 1 282
 55 -2 2 241
 55 2 0 197
 55 0 4 226
 55 2 1 292
 55 1 2 28
 "contig-ratio-green-core" 0.9444444444444444
 "contig-ratio-red-core" 0.9411764705882353
 "a-count" 9
 "b-count" 2
 "c-color-count" 27
 "c-express-count" 26
 "d-color-count" 19
 "d-express-count" 19
 "cell-count" 56
 105 1 -4 147
 105 -2 2 102
 15 -4 2 114
 105 3 3 343
 15 1 -3 201
 105 -2 3 48
 15 0 -3 9
 15 2 -3 66
 15 -1 3 58
 15 2 2 356
 15 3 1 113
 15 1 3 136
 15 3 -3 10
 15 -2 -4 222
 15 -1 1 52
 105 -4 -1 15
 15 0 4 112
 105 4 -2 175
 15 -2 1 62
 15 0 1 325
 15 2 -4 221
 15 -2 -1 65
 15 4 -1 312
 15 0 -4 155
 105 3 2 81
 105 -1 2 347
 105 1 4 149
 15 0 2 107
 55 3 0 87
 55 2 1 23
 55 0 0 152
 55 -2 -3 7
 55 -2 0 39
 55 0 3 349
 55 -3 -2 353
 55 1 -1 55
 55 -1 -2 221
 55 -1 -3 218
 55 1 1 306
 55 3 -2 249
 5 -3 -1 356
 55 4 0 120
 55 -4 1 203
 55 1 -2 346
 55 4 1 242
 55 -1 -1 22
 55 -2 -2 134
 55 2 0 69
 55 -1 0 132
 55 -1 -4 60
 55 3 -1 125
 55 0 -2 49
 55 0 -1 151
 55 1 2 307
 55 1 0 118
 55 2 -2 286
 "contig-ratio-green-core" 0.7
 "contig-ratio-red-core" 1.0625
 "a-count" 7
 "b-count" 4
 "c-color-count" 24
 "c-express-count" 24
 "d-color-count" 21
 "d-express-count" 21
 "cell-count" 56
 15 1 -3 271
 15 -2 1 192
 105 -3 -2 164
 15 2 -2 12
 15 -2 2 184
 15 3 -1 9
 15 3 1 41
 15 3 0 328
 15 4 -1 127
 15 -2 -3 93
 105 3 3 332
 15 -1 -2 335
 15 1 2 230
 15 3 -2 54
 15 -2 -2 275
 105 -4 0 66
 15 0 -3 126
 105 2 -3 47
 15 -1 4 339
 15 -1 -3 240
 15 -3 1 85
 15 4 1 73
 15 1 3 178
 15 -2 3 164
 105 2 4 288
 105 -3 3 280
 105 -4 -1 179
 15 -3 -3 241
 55 -1 0 98
 55 2 1 107
 5 2 2 325
 55 0 2 3
 55 2 0 271
 55 -1 2 155
 55 0 4 201
 55 0 1 28
 55 4 2 198
 5 2 3 165
 55 -2 -1 54
 55 -2 0 81
 55 0 -2 280
 55 1 0 78
 55 1 4 132
 55 0 -1 320
 55 0 0 265
 5 -3 0 4
 55 1 1 78
 55 1 -2 140
 55 4 -2 73
 55 2 -1 45
 55 -1 -1 49
 5 3 2 134
 55 -1 1 104
 55 0 3 301
 55 1 -1 127
 55 -1 3 40
 "contig-ratio-green-core" 0.8823529411764706
 "contig-ratio-red-core" 0.9375
 "a-count" 9
 "b-count" 5
 "c-color-count" 23
 "c-express-count" 23
 "d-color-count" 19
 "d-express-count" 19
 "cell-count" 56
 15 -3 -1 225
 15 -4 -1 11
 105 -3 -2 251
 15 -2 3 355
 15 -3 -3 190
 15 -1 -2 352
 105 -1 -4 328
 15 1 -3 19
 15 2 -2 165
 15 3 0 266
 15 2 2 38
 15 0 -3 60
 15 -3 1 30
 15 3 -1 48
 105 -1 -3 112
 15 1 3 334
 105 -2 -2 315
 15 0 4 359
 15 4 0 94
 15 -1 4 305
 105 4 -1 196
 15 -3 3 206
 105 1 4 286
 15 2 -1 230
 15 3 1 308
 105 3 -2 307
 105 3 -3 50
 105 -3 2 322
 55 1 1 341
 55 1 0 297
 5 2 3 98
 55 -2 -1 76
 55 -2 0 154
 55 -2 1 357
 55 2 1 359
 55 1 2 59
 5 -4 0 348
 5 2 -3 21
 55 0 -2 158
 55 -2 2 216
 55 -1 -1 163
 5 -3 0 112
 55 0 0 267
 5 -2 -3 224
 55 0 2 145
 55 0 1 269
 55 -1 0 187
 55 1 -2 218
 55 -1 2 183
 55 0 3 325
 55 1 -1 84
 55 -1 1 238
 55 -2 4 17
 55 2 0 339
 55 0 -4 20
 55 0 -1 97
 "contig-ratio-green-core" 1.0833333333333333
 "contig-ratio-red-core" 0.8
