 "a-count" 10
 "b-count" 3
 "c-color-count" 25
 "c-express-count" 25
 "d-color-count" 20
 "d-express-count" 18
 "cell-count" 56
 15 -4 1 204
 105 -3 -3 297
 105 3 3 76
 105 -2 -3 92
 15 -1 3 240
 15 2 -2 175
 15 3 0 120
 105 4 -1 243
 105 3 -3 67
 15 -1 -3 156
 15 1 -4 299
 15 3 -1 149
 15 3 2 324
 15 2 2 111
 105 3 -2 270
 15 4 1 208
 15 -1 -1 233
 15 -4 -1 125
 15 -2 1 202
 15 0 4 182
 15 1 -3 184
 15 -3 1 80
 15 -3 -1 127
 105 -2 3 215
 15 1 3 349
 15 -1 4 167
 15 -1 2 170
 105 4 0 299
 55 -2 0 311
 55 -1 -4 133
 55 4 2 210
 55 1 -2 267
 55 1 2 58
 55 0 2 107
 55 0 -4 356
 55 0 -3 145
 55 2 -1 312
 5 -1 -2 181
 55 1 -1 320
 55 0 1 114
 55 1 4 317
 55 -1 1 251
 55 2 3 4
 55 1 1 321
 55 0 -2 67
 5 -2 -1 34
 55 0 0 60
 55 2 0 152
 55 3 1 13
 55 -1 0 125
 55 2 1 353
 55 -3 0 327
 55 0 -1 359
 55 -4 0 106
 5 -2 2 123
 55 0 3 347
 "contig-ratio-green-core" 1
 "contig-ratio-red-core" 1.0588235294117647
 "a-count" 6
 "b-count" 4
 "c-color-count" 24
 "c-express-count" 24
 "d-color-count" 22
 "d-express-count" 22
 "cell-count" 56
 105 3 -3 212
 15 3 3 260
 15 3 1 227
 15 -3 0 301
 15 2 0 159
 15 -2 -2 217
 15 -4 -1 254
 15 4 0 267
 15 -2 -1 293
 15 -3 2 9
 15 -2 2 221
 105 1 4 161
 15 2 2 124
 15 2 -3 162
 105 -3 -1 131
 15 -1 -2 202
 105 -2 3 21
 15 1 2 345
 15 2 -1 21
 15 1 3 302
 15 4 1 11
 105 -3 -2 145
 15 -4 0 46
 15 -1 3 10
 15 -1 -1 273
 15 0 4 189
 15 -2 -3 16
 105 3 2 249
 55 -1 -3 260
 5 3 -2 55
 55 4 -1 197
 55 -3 1 131
 55 -4 1 17
 55 1 0 7
 55 1 -3 257
 55 0 -1 81
 55 -1 0 89
 55 -1 1 103
 5 3 0 224
 55 -1 -4 218
 55 0 3 136
 5 1 -2 152
 55 -2 0 147
 55 0 -3 299
 55 0 -4 83
 55 -1 2 266
 55 0 0 36
 55 1 -1 21
 55 0 1 151
 55 0 2 141
 55 0 -2 112
 55 2 1 149
 55 2 -2 289
 55 1 -4 325
 55 1 1 320
 5 -3 3 234
 "contig-ratio-green-core" 0.8947368421052632
 "contig-ratio-red-core" 0.8947368421052632
 "a-count" 9
 "b-count" 3
 "c-color-count" 25
 "c-express-count" 25
 "d-color-count" 19
 "d-express-count" 19
 "cell-count" 56
 15 3 1 24
 15 1 3 174
 15 0 3 101
 15 -3 1 193
 15 0 -4 14
 105 4 1 11
 15 -4 0 143
 105 3 2 240
 15 4 0 249
 15 -1 -2 338
 15 4 -1 57
 105 1 4 73
 105 -1 -4 187
 105 -2 -3 20
 15 -2 -2 350
 15 -1 3 225
 15 2 -1 13
 15 -2 2 147
 105 2 -3 204
 105 0 4 196
 105 3 -2 116
 15 -4 -1 103
 15 2 2 254
 15 3 3 30
 15 2 -2 196
 105 3 -3 0
 15 1 -3 268
 15 3 0 136
 55 1 -1 282
 55 -3 0 12
 55 -1 0 168
 55 1 -2 319
 55 -3 -1 347
 55 1 1 56
 5 -2 3 254
 55 1 2 275
 5 -1 -3 3
 55 -3 -2 322
 55 0 2 32
 55 2 1 18
 55 -1 1 327
 55 2 0 206
 55 0 1 160
 55 -1 2 256
 55 1 0 237
 55 -1 4 159
 55 1 -4 276
 55 0 -1 323
 55 -2 1 126
 55 0 0 346
 55 -1 -1 120
 55 -2 -1 198
 55 -2 0 54
 55 0 -3 35
 55 0 -2 317
 5 -3 2 233
 "contig-ratio-green-core" 1.0666666666666667
 "contig-ratio-red-core" 0.9411764705882353
 "a-count" 10
 "b-count" 2
 "c-color-count" 26
 "c-express-count" 26
 "d-color-count" 19
 "d-express-count" 18
 "cell-count" 56
 15 -2 -2 211
 15 2 3 347
 105 3 3 2
 15 -1 -3 76
 105 -1 -4 20
 15 -3 2 183
 105 -2 3 234
 15 0 4 97
 105 1 -4 46
 15 -2 -3 356
 15 -1 4 212
 105 1 -3 357
 15 -3 -1 345
 15 1 3 353
 15 0 -3 355
 15 3 -3 109
 15 -3 -3 337
 15 3 2 333
 15 1 2 127
 105 2 -2 13
 15 1 -2 228
 15 4 0 50
 105 -3 -2 287
 15 2 -1 177
 105 -3 3 128
 105 2 -3 9
 15 -4 0 314
 15 2 2 174
 55 -1 0 33
 55 -1 -1 153
 55 1 -1 334
 55 -3 1 62
 55 0 -1 92
 55 0 2 15
 55 3 -2 139
 55 -1 -2 266
 55 2 1 99
 55 -2 0 90
 55 0 0 139
 55 -3 0 167
 55 0 1 75
 55 -2 -1 48
 5 -4 1 190
 55 1 1 204
 55 -1 2 277
 55 1 0 132
 55 -1 1 343
 55 3 1 62
 55 3 0 347
 55 -2 1 197
 55 -1 3 242
 55 -2 2 205
 55 0 3 311
 55 2 0 103
 5 1 4 122
 55 0 -2 66
 "contig-ratio-green-core" 1
 "contig-ratio-red-core" 0.9375
