 "a-count" 12
 "b-count" 3
 "c-color-count" 25
 "c-express-count" 25
 "d-color-count" 18
 "d-express-count" 16
 "cell-count" 56
 15 -3 1 181
 105 0 -4 162
 105 2 -3 63
 105 -1 4 304
 15 1 -3 309
 15 0 4 151
 15 4 1 145
 15 4 -1 356
 15 3 0 176
 15 3 1 6
 105 -2 -2 158
 105 -1 -3 244
 15 -1 3 228
 15 -2 2 155
 105 3 3 315
 15 -1 -2 129
 15 -4 -1 331
 105 1 -4 318
 15 -2 3 101
 15 -1 -4 332
 105 2 3 156
 15 3 -1 141
 105 -3 -3 155
 105 3 -3 47
 15 1 4 83
 15 1 -2 291
 15 -3 -1 25
 15 2 2 132
 55 0 2 272
 55 -1 2 1
 55 1 3 6
 55 2 0 54
 55 -3 0 2
 55 -1 -1 328
 5 -3 2 278
 55 -2 1 123
 55 0 0 243
 55 -4 1 221
 5 3 2 101
 55 0 -3 70
 55 -2 0 159
 55 2 1 187
 55 1 -1 41
 55 -2 -1 353
 5 2 -2 153
 55 -1 1 81
 55 0 -2 177
 55 1 2 0
 55 0 1 75
 55 -4 0 128
 55 0 3 283
 55 1 1 62
 55 -1 0 351
 55 0 -1 224
 55 2 -1 18
 55 1 0 349
 "contig-ratio-green-core" 1
 "contig-ratio-red-core" 0.9333333333333333
 "a-count" 10
 "b-count" 2
 "c-color-count" 27
 "c-express-count" 26
 "d-color-count" 19
 "d-express-count" 18
 "cell-count" 56
 105 3 -3 346
 105 -3 3 36
 15 -2 1 143
 105 -4 -1 39
 15 2 3 206
 15 -3 1 235
 15 -2 3 277
 105 3 -2 247
 15 -1 -3 159
 15 3 -1 74
 15 -3 -1 119
 15 -1 4 318
 15 1 4 38
 15 1 -4 87
 15 2 2 349
 15 1 -3 2
 15 -2 2 52
 15 2 1 225
 105 2 -3 261
 105 4 0 162
 105 3 3 174
 105 3 2 60
 15 -4 0 266
 15 -1 -2 69
 15 -2 -2 186
 15 4 1 359
 105 2 -2 55
 15 -2 -3 154
 55 1 -1 80
 55 -1 2 246
 55 2 -1 300
 5 -3 -2 279
 55 -1 -1 103
 55 3 1 221
 55 3 0 43
 55 -1 1 317
 55 0 4 332
 55 -1 3 255
 55 0 -3 300
 55 -2 -1 245
 55 0 1 323
 55 0 -2 262
 55 1 3 283
 55 0 -4 218
 55 0 3 265
 55 -1 0 135
 55 0 -1 149
 55 0 0 143
 55 -3 0 221
 55 -2 0 358
 55 2 0 112
 55 1 2 320
 55 1 -2 240
 55 -1 -4 179
 55 1 0 160
 55 0 2 350
 "contig-ratio-green-core" 0.9
 "contig-ratio-red-core" 1.0625
 "a-count" 12
 "b-count" 2
 "c-color-count" 26
 "c-express-count" 26
 "d-color-count" 17
 "d-express-count" 16
 "cell-count" 56
 15 -3 3 257
 15 3 1 200
 15 2 2 290
 15 3 0 210
 105 -1 -4 331
 15 -2 -1 290
 15 2 -2 24
 15 1 3 287
 105 0 -3 44
 15 0 4 11
 15 -4 2 282
 15 -2 -2 4
 15 -4 0 310
 105 0 -4 345
 15 3 -1 78
 105 1 -3 230
 105 1 -4 58
 105 3 -2 319
 105 3 -3 64
 15 -4 1 351
 15 1 -2 201
 15 4 0 64
 15 2 3 119
 15 3 2 192
 105 -1 -3 156
 105 4 1 185
 105 -4 -1 225
 105 4 -1 244
 55 0 1 330
 55 1 2 108
 55 0 -1 97
 55 2 1 243
 55 3 3 179
 55 -2 1 40
 55 -1 3 112
 55 0 0 93
 55 0 3 268
 55 -3 0 127
 55 -3 2 298
 55 -1 0 235
 55 -3 -2 171
 55 -1 -2 131
 55 0 2 357
 55 -2 0 60
 55 -1 1 63
 55 1 1 48
 5 -1 2 319
 5 -1 4 150
 55 1 -1 21
 55 -1 -1 24
 55 -3 1 47
 55 1 0 325
 55 2 0 319
 55 -2 3 40
 55 0 -2 27
 55 2 -1 95
 "contig-ratio-green-core" 0.9333333333333333
 "contig-ratio-red-core" 1.0833333333333333
 "a-count" 8
 "b-count" 2
 "c-color-count" 26
 "c-express-count" 26
 "d-color-count" 22
 "d-express-count" 20
 "cell-count" 56
 15 2 -2 176
 15 0 3 99
 15 -3 2 107
 15 -1 3 202
 15 -2 2 67
 15 -2 -2 72
 15 -4 0 27
 15 2 1 242
 15 1 3 228
 105 4 -1 142
 15 3 -1 40
 105 -3 -3 264
 15 -3 1 141
 15 -1 -4 19
 105 3 3 72
 15 -3 -2 4
 15 -2 -3 253
 105 -2 3 154
 15 -3 3 358
 105 2 3 49
 15 3 1 35
 15 1 2 102
 105 1 4 230
 15 2 -3 65
 15 0 4 123
 15 -4 -1 117
 15 1 -3 285
 15 4 0 203
 55 0 1 249
 55 -1 0 78
 55 1 -2 231
 55 -1 1 333
 55 0 -3 183
 55 -3 -1 37
 55 0 0 34
 55 2 0 308
 55 0 -2 100
 55 -3 0 169
 5 -4 1 60
 55 1 -1 184
 55 -2 0 155
 55 2 -1 170
 55 -2 -1 311
 55 0 -4 98
 55 -1 -3 329
 55 0 -1 240
 55 1 0 110
 55 -1 -2 46
 55 0 2 132
 55 3 -3 327
 5 1 -4 135
 55 -1 2 329
 55 3 0 122
 55 -2 1 53
 55 1 1 207
 55 -1 -1 122
 "contig-ratio-green-core" 1.1333333333333333
 "contig-ratio-red-core" 0.7894736842105263
