 "a-count" 11
 "b-count" 5
 "c-color-count" 26
 "c-express-count" 23
 "d-color-count" 19
 "d-express-count" 17
 "cell-count" 56
 105 2 3 216
 15 -1 -3 161
 105 -3 -3 34
 15 0 -3 317
 105 -3 -2 213
 15 -2 1 359
 15 -1 4 88
 15 1 2 165
 105 4 0 304
 15 0 3 252
 105 4 1 17
 15 -2 -3 208
 15 -2 0 298
 105 0 -4 271
 15 -3 0 152
 15 -1 3 153
 15 -3 3 268
 15 3 1 52
 15 3 0 104
 105 -3 2 124
 15 -2 -1 71
 15 3 -1 135
 15 2 2 188
 15 -1 -2 236
 15 -4 0 296
 15 1 -3 144
 105 2 -3 220
 105 -1 -4 336
 55 1 1 347
 55 0 0 35
 55 3 3 322
 55 0 -1 165
 55 -2 2 195
 55 2 0 39
 55 -3 -1 71
 55 1 -2 181
 55 -1 1 214
 55 2 -1 161
 5 -3 1 60
 55 -1 0 279
 55 0 2 114
 55 1 0 88
 55 0 4 344
 55 0 1 107
 55 -1 -1 255
 55 1 4 140
 55 1 3 318
 55 0 -2 188
 55 2 -2 216
 55 3 -3 180
 55 2 1 190
 55 3 2 208
 55 1 -1 201
 55 -1 2 250
 5 4 -1 77
 55 1 -4 0
 "contig-ratio-green-core" 0.7777777777777778
 "contig-ratio-red-core" 1
 "a-count" 5
 "b-count" 1
 "c-color-count" 27
 "c-express-count" 27
 "d-color-count" 23
 "d-express-count" 23
 "cell-count" 56
 15 -3 1 285
 105 0 -4 9
 15 -3 -1 227
 15 0 3 321
 15 -3 2 172
 15 4 -2 151
 105 -1 4 5
 15 -2 -3 122
 15 -1 -4 168
 15 -3 -2 271
 15 -3 0 81
 15 1 3 290
 15 4 1 77
 15 -2 -2 10
 105 -4 -1 40
 15 -1 -3 187
 15 -1 -2 160
 15 1 -4 210
 15 4 0 13
 15 4 -1 199
 105 1 4 99
 15 -1 3 294
 15 0 -3 305
 15 3 2 94
 15 4 2 205
 15 3 -2 166
 105 -4 1 262
 15 2 3 36
 55 -2 0 298
 55 3 -1 85
 55 0 -2 303
 55 1 2 277
 55 1 0 253
 55 1 -1 24
 55 -1 1 335
 55 2 0 302
 55 -1 -1 231
 55 2 -3 287
 55 -1 2 275
 55 1 1 99
 55 -1 0 72
 55 2 -2 13
 55 3 3 13
 5 -3 3 358
 55 2 -1 6
 55 0 2 300
 55 -2 2 356
 55 2 1 12
 55 0 -1 166
 55 -2 1 338
 55 2 2 284
 55 0 0 247
 55 1 -2 104
 55 0 1 20
 55 -2 3 231
 55 1 -3 239
 "contig-ratio-green-core" 0.8125
 "contig-ratio-red-core" 0.7058823529411765
 "a-count" 6
 "b-count" 4
 "c-color-count" 24
 "c-express-count" 24
 "d-color-count" 22
 "d-express-count" 22
 "cell-count" 56
 15 -2 2 3
 105 4 -1 46
 105 2 -3 325
 15 -3 -2 245
 15 3 2 191
 15 2 -2 32
 15 -1 -3 144
 15 -3 -1 94
 15 -2 1 10
 15 0 -3 88
 15 1 -3 298
 15 3 0 242
 15 -3 3 357
 15 -2 -3 167
 15 3 -2 286
 15 2 -1 166
 15 0 3 350
 105 3 3 300
 15 -1 3 140
 105 3 -1 42
 15 4 0 100
 15 -2 0 241
 15 -3 0 313
 15 1 3 3
 105 -3 2 72
 15 3 1 161
 15 2 0 358
 105 -4 0 328
 55 1 -2 203
 55 1 0 328
 55 2 3 96
 55 -1 -1 260
 55 0 2 72
 55 1 2 133
 55 -2 -2 350
 55 0 -2 167
 5 1 4 127
 5 -4 1 268
 55 3 -3 285
 5 0 4 221
 5 -4 -1 315
 55 0 -1 11
 55 -1 1 149
 55 -1 2 25
 55 0 0 287
 55 -2 -1 312
 55 -1 0 230
 55 1 1 303
 55 -1 -2 16
 55 2 1 61
 55 -2 3 286
 55 -3 -3 94
 55 2 2 343
 55 4 1 210
 55 0 1 57
 55 1 -1 73
 "contig-ratio-green-core" 1.1333333333333333
 "contig-ratio-red-core" 1.0769230769230769
 "a-count" 11
 "b-count" 3
 "c-color-count" 26
 "c-express-count" 25
 "d-color-count" 19
 "d-express-count" 17
 "cell-count" 56
 15 3 -3 180
 15 0 2 149
 15 -3 -2 9
 105 -4 -1 61
 15 2 2 145
 105 -4 1 44
 105 0 4 259
 105 3 -1 128
 15 -2 -3 290
 105 0 3 317
 15 1 2 72
 15 -3 -3 242
 15 3 2 223
 15 -2 3 94
 15 1 -4 191
 15 -2 -4 52
 15 -1 -4 204
 15 0 -4 305
 15 -3 1 84
 15 -1 2 315
 15 -4 0 183
 105 3 3 236
 15 2 -2 247
 105 1 4 358
 15 4 0 232
 105 2 -3 72
 105 -3 3 219
 15 2 -1 275
 55 -1 -1 37
 55 0 -3 42
 55 3 1 38
 55 -1 -3 216
 55 -3 -1 226
 55 0 0 329
 55 4 -1 345
 55 1 -2 127
 55 2 0 116
 55 2 1 14
 5 2 3 29
 55 1 -1 99
 55 -2 -2 139
 55 0 -1 207
 55 0 1 53
 55 1 -3 254
 55 -2 0 40
 5 -3 2 294
 55 -1 0 335
 55 -1 1 41
 55 -2 1 43
 55 3 -2 183
 55 -3 0 185
 55 3 0 179
 55 -1 -2 347
 55 -2 -1 349
 55 1 0 288
 55 1 1 308
 "contig-ratio-green-core" 0.8125
 "contig-ratio-red-core" 1
