 "a-count" 9
 "b-count" 6
 "c-color-count" 22
 "c-express-count" 22
 "d-color-count" 20
 "d-express-count" 19
 "cell-count" 56
 15 -1 -2 316
 15 1 2 67
 105 2 2 173
 15 -1 -3 50
 15 4 1 282
 15 4 0 229
 15 2 -1 85
 15 -2 -2 216
 105 0 4 207
 15 0 2 234
 15 -4 1 250
 15 1 -3 189
 15 2 -3 232
 15 1 -1 214
 105 2 -2 311
 15 -3 -2 267
 15 0 3 350
 105 3 -3 147
 105 -1 4 64
 105 -1 -4 168
 105 0 -3 160
 15 -4 0 173
 15 -3 2 19
 15 -2 3 309
 15 3 3 44
 15 0 -2 92
 15 1 4 278
 105 0 -4 138
 55 -2 0 185
 55 -1 1 294
 55 3 1 311
 55 -1 2 128
 55 1 0 44
 55 0 0 156
 55 -3 0 227
 55 -2 -1 222
 55 -3 1 231
 55 -3 -1 108
 5 -3 -3 359
 55 1 1 315
 55 -2 1 23
 5 -3 3 27
 55 0 -1 339
 55 0 1 123
 5 -1 3 353
 5 -4 -1 16
 55 -1 0 319
 55 2 0 34
 55 2 1 258
 55 4 -1 134
 55 -2 2 286
 55 3 0 78
 55 -1 -1 70
 5 3 -2 150
 5 1 -4 327
 55 3 2 208
 "contig-ratio-green-core" 0.9375
 "contig-ratio-red-core" 0.9230769230769231
 "a-count" 11
 "b-count" 6
 "c-color-count" 23
 "c-express-count" 22
 "d-color-count" 18
 "d-express-count" 17
 "cell-count" 56
 15 2 -1 254
 15 2 3 83
 15 2 -2 270
 15 -1 -3 205
 15 -3 -3 281
 105 3 -3 256
 15 0 4 28
 15 -4 0 127
 15 -2 -1 183
 15 -3 -1 107
 105 -2 3 279
 15 2 2 85
 15 -2 0 27
 105 0 -4 173
 105 1 -4 166
 15 -1 4 56
 105 3 -1 314
 15 4 0 209
 105 -2 -2 40
 15 -2 -3 243
 105 1 -3 206
 105 4 -1 267
 15 1 4 260
 15 -1 -2 122
 15 3 0 3
 15 -4 1 281
 105 4 1 31
 105 3 2 126
 5 -4 -1 33
 55 3 -2 113
 5 1 0 122
 55 -2 2 289
 55 1 3 250
 55 -3 2 16
 55 0 2 225
 55 0 1 266
 55 -2 1 295
 55 -3 -2 149
 55 2 0 44
 55 -1 0 147
 55 -1 -4 343
 55 2 1 153
 55 -1 1 155
 55 0 -2 261
 55 1 1 328
 55 1 -2 279
 5 -1 2 251
 55 0 0 70
 55 0 -1 52
 55 1 2 347
 5 -3 3 282
 55 -1 3 208
 55 -1 -1 214
 5 -3 0 185
 55 1 -1 196
 55 0 3 273
 "contig-ratio-green-core" 0.7857142857142857
 "contig-ratio-red-core" 0.8235294117647058
 "a-count" 8
 "b-count" 1
 "c-color-count" 27
 "c-express-count" 27
 "d-color-count" 20
 "d-express-count" 20
 "cell-count" 56
 15 3 1 69
 15 -3 1 97
 105 -4 0 164
 15 2 2 65
 105 -3 2 50
 15 3 0 157
 15 3 2 24
 15 4 0 68
 105 -4 1 61
 15 -2 3 114
 15 -3 0 353
 15 2 -2 182
 15 3 -2 344
 105 2 -3 247
 15 -2 2 331
 15 -2 -3 47
 105 -3 3 99
 15 1 -2 117
 15 1 -3 333
 15 3 -1 170
 105 2 3 114
 105 4 -1 135
 105 -4 -1 105
 15 -3 -1 124
 15 -1 -2 39
 15 4 1 114
 15 -1 4 196
 15 -1 -4 192
 55 -2 -1 164
 5 3 3 273
 55 1 1 337
 55 0 3 270
 55 0 2 63
 55 -1 -1 258
 55 1 -4 234
 55 0 1 263
 55 0 0 216
 55 -1 1 51
 55 1 2 117
 55 -2 -2 7
 55 2 0 69
 55 0 -1 180
 55 -1 0 40
 55 2 1 266
 55 0 -4 59
 55 1 0 135
 55 -2 1 10
 55 2 -1 334
 55 1 3 192
 55 -3 -2 107
 55 -1 2 48
 55 1 4 277
 55 -2 0 41
 55 -1 3 116
 55 1 -1 62
 55 0 4 192
 "contig-ratio-green-core" 0.8421052631578947
 "contig-ratio-red-core" 0.75
 "a-count" 7
 "b-count" 1
 "c-color-count" 27
 "c-express-count" 27
 "d-color-count" 21
 "d-express-count" 21
 "cell-count" 56
 15 3 1 255
 15 -1 3 258
 15 -3 2 211
 105 4 0 264
 15 2 3 193
 15 3 2 93
 15 2 -3 275
 15 4 1 272
 105 1 4 10
 15 -4 0 294
 15 -1 4 17
 15 1 -3 129
 15 -3 1 144
 15 2 -1 142
 105 3 -3 290
 105 0 3 284
 15 -2 -3 19
 15 2 -2 208
 15 -2 3 244
 105 0 4 105
 105 -3 3 33
 15 1 -4 105
 15 3 0 324
 15 3 -2 314
 15 -3 -3 272
 15 1 3 253
 15 3 -1 247
 105 4 -1 352
 55 1 1 228
 55 -1 1 134
 55 -1 -3 306
 5 1 0 7
 55 -2 0 145
 55 -1 -4 68
 55 -1 -2 7
 55 0 2 140
 55 1 2 126
 55 1 -1 346
 55 0 1 88
 55 0 -4 330
 55 2 2 174
 55 -1 -1 201
 55 -1 0 335
 55 -1 2 12
 55 -4 1 338
 55 2 0 335
 55 -2 -1 168
 55 0 -2 121
 55 2 1 51
 55 -2 2 205
 55 -3 0 185
 55 -2 1 64
 55 0 -1 230
 55 1 -2 326
 55 0 -3 210
 55 3 3 128
 "contig-ratio-green-core" 0.75
 "contig-ratio-red-core" 0.8235294117647058
