 "a-count" 5
 "b-count" 6
 "c-color-count" 22
 "c-express-count" 22
 "d-color-count" 24
 "d-express-count" 23
 "cell-count" 56
 15 1 -2 81
 105 4 1 56
 15 -4 2 4
 15 2 2 153
 15 0 -3 152
 15 0 -4 160
 15 -3 -3 232
 105 -3 3 191
 15 0 3 39
 15 -2 3 205
 15 -1 2 238
 15 1 4 168
 15 3 0 34
 15 -1 -1 247
 105 -1 -3 130
 15 3 -1 53
 15 3 1 48
 15 -2 -3 234
 15 -1 3 345
 15 -4 -2 335
 15 -3 2 320
 15 -1 -2 252
 15 0 4 174
 15 -2 2 13
 15 2 -2 66
 15 -4 0 189
 105 -1 -4 99
 15 0 -2 35
 55 1 -1 131
 5 2 -3 256
 55 2 -1 227
 55 -2 1 331
 55 -2 -2 46
 55 -1 0 10
 5 4 0 276
 55 -3 0 135
 55 -3 -1 60
 55 -1 1 350
 55 1 0 357
 55 2 0 114
 5 -1 4 231
 55 1 -4 96
 5 3 -2 350
 55 0 1 46
 55 -2 0 348
 55 0 -1 322
 55 0 2 257
 55 -3 1 289
 55 1 3 132
 5 2 3 143
 55 1 1 241
 55 2 1 346
 55 -3 -2 309
 55 0 0 223
 55 1 2 89
 5 1 -3 232
 "contig-ratio-green-core" 1.1176470588235294
 "contig-ratio-red-core" 0.6666666666666666
 "a-count" 8
 "b-count" 5
 "c-color-count" 23
 "c-express-count" 23
 "d-color-count" 21
 "d-express-count" 20
 "cell-count" 56
 15 -1 -3 329
 105 -2 0 99
 15 3 3 56
 15 -2 1 355
 15 -1 -2 350
 15 -1 0 257
 105 2 2 47
 15 -1 1 172
 15 -3 0 30
 15 1 -4 316
 105 3 -3 155
 15 2 -3 190
 15 -1 2 193
 15 -4 1 63
 15 -3 1 53
 15 1 2 142
 15 1 3 311
 105 0 -3 121
 15 -3 -1 359
 15 -2 -1 311
 105 2 3 120
 105 1 4 354
 105 2 -4 54
 15 4 1 325
 15 -1 -1 99
 15 0 1 302
 15 1 -3 277
 15 -2 2 97
 5 -3 3 356
 55 3 -2 306
 55 1 -1 46
 55 0 3 159
 55 3 -1 181
 55 1 0 339
 55 -2 -4 165
 55 0 -2 324
 55 -3 -2 8
 5 2 0 193
 55 -1 3 352
 55 3 0 218
 55 0 -1 16
 55 -4 -1 322
 55 -2 3 70
 55 2 1 249
 55 4 -1 117
 55 1 1 33
 55 -2 -3 16
 5 2 -1 161
 55 1 -2 195
 55 3 2 162
 5 -3 -3 253
 55 3 1 67
 55 2 -2 218
 5 -3 2 301
 55 0 0 192
 55 4 0 90
 "contig-ratio-green-core" 0.75
 "contig-ratio-red-core" 0.7058823529411765
 "a-count" 8
 "b-count" 4
 "c-color-count" 24
 "c-express-count" 24
 "d-color-count" 21
 "d-express-count" 20
 "cell-count" 56
 15 1 2 4
 105 3 -2 100
 15 0 2 52
 15 0 -3 208
 15 1 -2 38
 15 -1 3 88
 15 -1 -4 130
 105 2 -2 230
 15 0 -4 72
 105 -3 -3 272
 15 -1 1 328
 105 2 3 169
 105 0 4 273
 15 1 -3 24
 15 -2 1 60
 105 1 3 260
 15 4 -1 68
 15 4 0 233
 15 -3 2 92
 105 1 4 48
 15 -3 1 10
 15 0 -2 254
 15 -1 -2 243
 15 3 2 140
 15 -2 2 325
 15 -4 -1 292
 15 -4 0 0
 15 4 1 9
 5 2 -3 121
 55 3 0 248
 55 -3 0 181
 55 1 -1 187
 55 -4 1 124
 55 1 1 221
 55 2 1 79
 55 -2 -1 258
 55 -2 0 347
 55 3 -1 252
 55 3 1 355
 55 0 1 148
 55 2 -4 14
 55 -2 -2 204
 55 3 3 221
 55 0 0 181
 55 0 -1 301
 55 -4 2 153
 5 2 -1 8
 55 1 -4 126
 5 -1 2 345
 5 -3 3 19
 55 -3 -1 21
 55 -1 0 113
 55 2 0 91
 55 3 -3 152
 55 1 0 191
 55 -3 -2 227
 "contig-ratio-green-core" 0.8947368421052632
 "contig-ratio-red-core" 0.7777777777777778
