 "a-count" 12
 "b-count" 5
 "c-color-count" 23
 "c-express-count" 23
 "d-color-count" 19
 "d-express-count" 16
 "cell-count" 56
 15 2 0 324
 105 -3 -1 273
 15 -1 3 220
 15 1 -2 207
 15 3 1 275
 15 -3 -2 11
 105 4 0 39
 15 -1 -3 170
 15 -4 0 341
 15 -4 1 12
 105 4 1 164
 105 -2 -3 92
 105 1 4 216
 15 1 -3 178
 105 2 -2 331
 105 -3 -3 241
 105 -3 3 246
 15 0 -2 48
 15 3 0 173
 15 2 -1 119
 15 0 -3 173
 15 -3 0 149
 15 -2 2 243
 15 -4 -1 347
 15 3 -2 162
 15 -1 -2 252
 105 -1 -4 183
 15 3 -1 107
 5 -1 4 304
 55 1 1 109
 55 0 3 148
 55 0 1 30
 55 -2 0 222
 55 1 2 21
 55 1 3 313
 55 -1 -1 252
 55 3 -3 238
 55 4 -1 134
 5 3 3 150
 5 -2 3 233
 5 3 2 205
 5 1 -4 121
 55 -2 -1 194
 55 -1 2 90
 55 1 -1 111
 55 2 3 163
 55 -1 1 293
 55 -2 1 324
 55 0 0 216
 55 1 0 162
 55 0 2 319
 55 0 -1 216
 55 2 1 107
 55 -3 1 352
 55 0 4 226
 55 -1 0 83
 "contig-ratio-green-core" 0.7142857142857143
 "contig-ratio-red-core" 0.6428571428571429
 "a-count" 14
 "b-count" 3
 "c-color-count" 25
 "c-express-count" 25
 "d-color-count" 14
 "d-express-count" 14
 "cell-count" 56
 15 1 3 65
 105 1 -3 253
 15 -2 -2 109
 15 0 -4 176
 15 -3 0 297
 105 -1 3 333
 15 0 -3 320
 15 0 3 210
 105 -3 3 151
 105 -3 -3 224
 105 -1 4 356
 105 -3 1 279
 105 -4 1 335
 15 -2 1 132
 15 -4 0 54
 105 -3 -2 321
 15 -3 -1 95
 15 0 2 118
 15 -4 -1 151
 105 -3 2 141
 105 -1 -4 310
 105 1 4 52
 105 1 -4 130
 105 -2 3 202
 15 -2 -3 283
 105 -1 2 325
 15 4 1 63
 15 1 2 31
 55 2 3 335
 55 -1 -3 181
 55 1 -2 321
 55 -2 0 315
 5 2 -3 346
 55 -1 -2 305
 55 3 0 236
 5 3 3 249
 55 1 1 17
 55 2 -1 313
 55 2 0 264
 55 3 2 238
 55 0 -1 358
 55 2 1 354
 55 -2 -1 207
 55 0 -2 267
 55 0 1 33
 55 1 0 302
 5 4 -1 198
 55 -1 0 325
 55 3 -1 228
 55 2 -2 226
 55 0 0 183
 55 2 2 217
 55 3 -2 340
 55 -1 -1 4
 55 3 1 168
 55 -1 1 31
 "contig-ratio-green-core" 0.5882352941176471
 "contig-ratio-red-core" 0.7692307692307693
 "a-count" 9
 "b-count" 6
 "c-color-count" 22
 "c-express-count" 22
 "d-color-count" 20
 "d-express-count" 19
 "cell-count" 56
 15 3 0 70
 105 -3 -3 202
 15 2 1 288
 15 0 -1 300
 15 2 0 29
 15 -4 -1 7
 15 3 3 27
 15 2 -1 236
 15 -2 3 50
 15 3 1 199
 105 4 2 29
 15 0 -3 129
 15 4 1 342
 105 -2 -3 92
 105 -1 4 45
 15 -2 -2 150
 15 1 -1 147
 15 1 -3 156
 15 3 2 70
 105 -3 3 211
 15 -1 -1 262
 15 -3 2 90
 105 -1 -2 302
 105 3 -2 118
 15 3 -1 50
 15 1 -2 123
 15 -1 3 182
 105 0 4 20
 5 1 -4 14
 55 -2 2 256
 55 2 2 3
 5 1 4 141
 55 -2 1 257
 55 -2 -1 112
 5 -1 -4 213
 55 2 -3 160
 55 1 3 317
 55 -3 1 12
 55 -3 0 245
 55 1 2 319
 55 2 3 326
 55 -1 2 149
 55 4 -1 58
 55 -2 0 208
 5 -4 0 329
 55 -1 0 331
 55 0 2 276
 55 0 3 17
 55 -1 1 116
 5 2 -2 238
 55 -3 -1 94
 55 1 0 231
 55 1 1 109
 55 0 0 19
 55 4 0 15
 5 0 1 343
 "contig-ratio-green-core" 1.0666666666666667
 "contig-ratio-red-core" 0.8666666666666667
 "a-count" 8
 "b-count" 5
 "c-color-count" 23
 "c-express-count" 23
 "d-color-count" 20
 "d-express-count" 20
 "cell-count" 56
 15 -1 4 93
 15 2 1 298
 15 2 -3 48
 105 3 -3 20
 15 3 0 304
 105 -3 -3 152
 15 2 2 261
 105 4 0 56
 15 -2 -1 252
 105 -3 3 61
 105 4 -1 180
 105 4 1 28
 15 3 1 278
 15 2 0 320
 15 -2 3 158
 15 1 -3 69
 15 -2 -3 356
 15 -3 -1 265
 15 -3 0 8
 15 1 -1 282
 15 2 -2 222
 105 -3 -2 20
 15 3 3 175
 15 -4 0 57
 105 1 -4 166
 15 2 -1 47
 15 3 2 218
 15 -2 0 209
 55 -1 2 242
 55 -1 0 257
 55 0 2 302
 5 3 -2 218
 5 -4 1 295
 55 0 -1 26
 55 -1 -3 209
 55 2 4 258
 55 0 -3 10
 55 0 3 347
 55 -1 -1 359
 55 1 4 226
 55 0 0 190
 55 -1 3 27
 55 1 2 72
 55 -2 1 63
 55 0 1 345
 5 -1 -4 353
 55 1 3 342
 55 0 4 66
 55 1 0 308
 5 -3 2 90
 55 -1 -2 84
 55 1 1 240
 5 -3 1 222
 55 -1 1 348
 55 -2 2 110
 55 0 -2 48
 "contig-ratio-green-core" 0.5882352941176471
 "contig-ratio-red-core" 0.6470588235294118
