 "a-count" 5
 "b-count" 3
 "c-color-count" 25
 "c-express-count" 25
 "d-color-count" 24
 "d-express-count" 23
 "cell-count" 56
 15 0 4 202
 15 -3 -2 338
 15 -2 -2 224
 15 -3 2 224
 15 3 -1 130
 15 1 -1 291
 15 2 -1 24
 15 -2 2 152
 15 -1 -1 80
 15 2 -2 329
 15 1 -2 114
 15 -2 0 162
 15 3 2 221
 105 -3 3 25
 15 1 0 194
 15 -1 -4 213
 15 -3 -3 28
 15 1 3 228
 15 -2 1 161
 15 0 -1 266
 15 2 3 133
 15 2 0 232
 105 -2 -1 330
 15 0 1 121
 15 -4 -2 73
 15 -2 3 258
 105 3 3 266
 105 3 -2 10
 5 -1 4 114
 55 2 2 289
 55 0 -4 153
 55 3 0 278
 55 1 -4 33
 55 -4 -1 40
 55 0 -2 209
 55 1 1 133
 55 0 -3 198
 55 4 -1 321
 55 -1 -2 320
 55 -3 1 138
 55 -3 -1 253
 55 1 -3 308
 55 0 2 272
 55 -1 2 54
 5 4 1 234
 55 0 3 246
 55 -1 3 296
 55 -3 0 211
 55 2 1 54
 55 -4 0 40
 55 -1 -3 33
 55 1 2 197
 55 3 1 270
 55 -2 -3 170
 55 2 -3 276
 5 -2 -4 293
 "contig-ratio-green-core" 0.9565217391304348
 "contig-ratio-red-core" 1.2857142857142858
 "a-count" 5
 "b-count" 2
 "c-color-count" 26
 "c-express-count" 26
 "d-color-count" 24
 "d-express-count" 23
 "cell-count" 56
 15 3 -1 176
 105 -3 -2 112
 15 2 2 133
 105 3 -3 74
 15 0 -2 258
 15 -2 2 110
 15 -3 0 260
 15 0 4 39
 15 -2 3 174
 15 2 -3 282
 15 1 4 227
 15 3 2 166
 15 -4 0 19
 15 1 -4 244
 15 0 -3 93
 15 1 3 85
 15 -2 -1 239
 15 1 -2 61
 105 -3 -1 69
 15 2 1 137
 15 4 1 270
 15 4 -1 309
 15 3 -2 354
 15 -1 -2 119
 105 -4 -1 144
 15 1 -3 206
 15 4 0 55
 15 -1 -3 242
 55 2 0 105
 55 -1 -4 22
 55 1 1 287
 55 2 3 242
 55 1 2 336
 55 -2 -3 338
 55 0 -1 53
 55 -3 3 95
 55 -2 1 143
 55 -1 -1 51
 55 -2 0 322
 55 1 -1 233
 55 0 3 196
 55 0 2 136
 55 0 -4 330
 55 -1 1 312
 55 -1 3 278
 55 -1 0 252
 5 3 3 19
 55 -1 2 251
 55 2 -2 100
 55 0 1 8
 55 0 0 48
 55 2 -1 359
 55 -4 1 103
 5 -1 4 225
 55 1 0 12
 55 -3 1 151
 "contig-ratio-green-core" 1.0588235294117647
 "contig-ratio-red-core" 1
 "a-count" 6
 "b-count" 6
 "c-color-count" 22
 "c-express-count" 22
 "d-color-count" 23
 "d-express-count" 22
 "cell-count" 56
 15 -2 -3 175
 15 -1 3 93
 15 2 -1 294
 105 -4 1 217
 15 1 3 203
 15 2 0 192
 15 0 0 299
 15 1 2 10
 15 2 3 50
 105 2 2 312
 15 -2 3 227
 15 3 0 224
 105 3 2 274
 15 0 -1 358
 15 0 3 179
 15 -1 2 347
 15 1 1 285
 15 2 1 43
 15 0 1 166
 15 -4 0 212
 15 3 1 122
 15 -1 -3 93
 105 3 -2 73
 15 -1 -2 95
 105 -1 -4 121
 15 -1 4 86
 15 1 -1 194
 15 -3 -3 1
 55 1 -3 6
 55 -2 2 284
 55 2 -3 175
 55 -3 3 78
 5 3 -3 97
 55 -2 -2 345
 55 -2 1 15
 5 -3 1 327
 55 -2 0 262
 55 -1 0 229
 5 3 3 144
 55 -3 0 86
 5 -3 2 42
 55 -2 -1 353
 55 0 -3 282
 5 0 4 18
 55 -4 -1 346
 55 4 1 12
 55 1 -2 251
 55 1 -4 106
 55 -1 1 254
 55 -3 -2 190
 5 1 4 99
 55 -3 -1 158
 55 4 -1 250
 55 2 -2 101
 55 -1 -1 84
 55 4 0 165
 "contig-ratio-green-core" 0.8125
 "contig-ratio-red-core" 0.7058823529411765
