 "a-count" 11
 "b-count" 4
 "c-color-count" 24
 "c-express-count" 24
 "d-color-count" 19
 "d-express-count" 17
 "cell-count" 56
 15 1 0 145
 15 0 -3 203
 15 4 0 298
 15 1 -2 279
 15 0 -2 251
 105 0 4 106
 105 2 3 12
 105 -1 4 159
 15 2 2 267
 15 3 -4 65
 15 -3 3 306
 15 -1 -1 296
 15 -1 1 212
 15 -2 -1 257
 105 3 3 88
 15 0 0 107
 15 0 3 329
 105 -3 -3 346
 15 -2 1 85
 15 -3 -2 33
 105 -1 3 156
 15 1 -1 18
 105 -2 -3 93
 15 -2 0 73
 15 -1 -3 79
 105 1 4 39
 15 4 -1 297
 105 1 -4 247
 55 3 0 50
 55 -3 0 327
 55 0 2 171
 55 -3 -1 100
 55 -3 1 282
 55 -1 2 163
 55 -1 -4 340
 55 1 1 337
 55 2 1 258
 55 3 -3 319
 55 0 1 150
 55 1 -3 136
 55 2 -1 253
 55 3 -1 150
 55 2 -2 84
 5 -4 1 276
 55 -4 0 35
 55 1 3 118
 55 3 -2 209
 55 3 -1 229
 5 4 -2 248
 55 2 0 178
 55 3 1 231
 5 -2 2 224
 5 3 2 333
 55 0 -4 115
 55 1 2 45
 55 2 -3 290
 "contig-ratio-green-core" 0.7272727272727273
 "contig-ratio-red-core" 1.1428571428571428
 "a-count" 7
 "b-count" 7
 "c-color-count" 23
 "c-express-count" 21
 "d-color-count" 22
 "d-express-count" 21
 "cell-count" 56
 15 1 -3 219
 105 3 -1 266
 15 -2 0 63
 15 0 4 285
 15 2 -3 115
 105 -2 3 318
 15 -2 1 192
 15 -1 1 229
 15 -3 1 110
 15 -3 -3 43
 15 2 0 357
 15 2 -1 237
 15 4 -1 127
 15 0 -4 189
 15 4 0 342
 105 3 3 71
 15 2 1 311
 15 -2 -1 29
 15 -3 -1 185
 15 -3 0 230
 15 -2 2 299
 105 1 4 111
 15 -3 3 290
 105 -1 -4 244
 15 -2 -2 156
 15 -1 0 169
 105 -4 1 282
 15 -3 2 153
 5 -1 3 112
 55 0 -2 289
 55 2 2 249
 5 3 -3 210
 55 -1 -3 5
 55 -1 2 10
 55 0 -3 134
 55 -4 -1 331
 55 -4 0 131
 55 0 -1 63
 55 0 2 291
 55 1 2 183
 55 0 3 172
 55 -1 4 12
 55 1 1 132
 55 0 -1 39
 55 1 -1 209
 55 0 0 306
 55 -1 -2 228
 55 1 3 253
 55 -1 -1 186
 5 3 0 104
 55 1 0 213
 5 3 1 286
 55 2 3 237
 5 4 1 145
 55 -2 -3 227
 55 0 1 95
 "contig-ratio-green-core" 0.7368421052631579
 "contig-ratio-red-core" 0.8235294117647058
 "a-count" 7
 "b-count" 4
 "c-color-count" 25
 "c-express-count" 24
 "d-color-count" 22
 "d-express-count" 21
 "cell-count" 56
 15 1 2 87
 105 1 -3 212
 15 -2 1 87
 105 -2 -3 337
 15 0 1 93
 15 -1 1 47
 15 4 1 306
 15 0 -3 248
 15 -2 2 187
 15 -1 -3 142
 15 2 2 111
 15 -3 -2 243
 15 2 1 127
 15 3 -3 274
 105 -1 4 63
 15 0 -4 229
 15 -1 2 103
 105 -3 3 119
 15 3 2 168
 15 0 3 0
 15 -3 -1 304
 105 0 2 119
 105 -4 0 98
 15 3 1 22
 15 -1 3 334
 15 2 -2 155
 15 1 1 32
 15 1 -2 198
 55 3 0 90
 55 1 3 112
 55 -4 1 60
 55 -1 0 152
 55 2 -3 332
 55 1 4 280
 55 3 -2 114
 55 -2 -1 359
 55 2 -1 17
 55 0 0 141
 55 0 -2 100
 55 -3 1 326
 55 1 -1 66
 55 0 -1 273
 5 1 -4 311
 55 -2 0 308
 55 -1 -2 279
 5 4 -1 7
 55 4 0 328
 55 -2 -2 314
 5 -1 -4 224
 55 1 0 286
 55 0 4 233
 55 -3 2 180
 55 -1 -1 130
 55 -3 0 3
 55 -3 -3 281
 55 2 0 85
 "contig-ratio-green-core" 0.7894736842105263
 "contig-ratio-red-core" 1.0526315789473684
 "a-count" 3
 "b-count" 6
 "c-color-count" 22
 "c-express-count" 22
 "d-color-count" 25
 "d-express-count" 25
 "cell-count" 56
 15 -2 0 270
 15 2 -3 254
 15 2 -2 219
 15 -4 1 0
 15 -2 -1 214
 15 0 -3 9
 15 -2 1 210
 105 -4 0 201
 15 0 4 324
 15 2 1 160
 15 -2 3 257
 15 -1 3 201
 15 -3 -1 40
 15 -3 0 1
 15 -3 1 198
 15 3 1 9
 15 -2 2 254
 15 -1 -2 216
 15 2 2 271
 15 1 -2 90
 15 -1 -3 245
 15 1 4 127
 105 1 -4 58
 15 0 -4 156
 105 4 0 0
 15 -1 2 200
 15 0 -2 277
 15 4 -1 18
 55 2 -1 265
 55 -1 -4 59
 55 0 1 128
 55 2 3 221
 55 -1 4 310
 5 3 3 109
 55 3 -1 217
 55 1 3 283
 5 3 2 355
 55 -1 1 90
 55 0 3 351
 55 2 0 108
 55 -3 3 200
 55 -1 -1 250
 55 0 -1 50
 55 1 0 85
 5 3 -2 147
 55 1 1 119
 55 -3 2 7
 55 0 2 158
 5 -2 -2 212
 55 1 -1 341
 55 -1 0 343
 5 -2 -3 83
 55 3 0 196
 5 -4 -1 60
 55 1 2 165
 55 0 0 62
 "contig-ratio-green-core" 1.125
 "contig-ratio-red-core" 0.782608695652174
