 "a-count" 10
 "b-count" 4
 "c-color-count" 24
 "c-express-count" 24
 "d-color-count" 20
 "d-express-count" 18
 "cell-count" 56
 15 0 -3 265
 15 -1 -3 242
 15 3 1 208
 15 3 -3 349
 105 -1 4 153
 15 4 0 162
 15 0 -2 87
 105 3 -1 327
 105 -4 1 240
 15 3 0 50
 105 -1 3 256
 15 -2 -3 48
 15 4 1 234
 15 3 2 353
 105 -4 -1 13
 105 4 -1 117
 105 2 -2 34
 15 -3 1 111
 15 -4 0 339
 15 1 -1 147
 15 0 4 232
 15 -1 -2 307
 15 1 4 252
 15 1 -4 267
 105 -3 3 18
 15 1 -2 346
 15 -2 2 50
 15 -3 -1 244
 5 -3 -2 169
 55 2 -3 70
 55 -2 -1 332
 55 -2 -2 6
 55 0 2 28
 55 0 3 107
 5 -1 -4 84
 55 -1 1 201
 55 -1 -1 60
 55 3 3 238
 55 -2 1 308
 55 -1 0 322
 55 2 2 295
 55 2 0 25
 55 0 -1 230
 55 0 0 238
 55 -2 3 350
 55 1 0 323
 55 -3 0 154
 55 -2 0 25
 55 1 3 223
 55 1 2 68
 55 1 1 263
 55 2 1 137
 55 0 1 78
 5 2 -1 332
 5 -3 -3 160
 55 2 3 290
 "contig-ratio-green-core" 0.8125
 "contig-ratio-red-core" 0.8
 "a-count" 7
 "b-count" 5
 "c-color-count" 23
 "c-express-count" 23
 "d-color-count" 21
 "d-express-count" 21
 "cell-count" 56
 15 4 0 81
 105 -4 -1 23
 105 -1 4 244
 105 -2 3 36
 15 1 4 337
 15 4 -1 35
 15 -3 -2 284
 15 2 0 182
 15 -3 1 290
 15 4 1 305
 15 2 2 13
 15 -4 0 343
 15 -1 -4 356
 15 -1 2 251
 15 3 1 107
 15 3 0 185
 15 -1 3 328
 15 2 -1 43
 105 -3 3 268
 105 -3 2 83
 15 2 1 45
 15 -4 1 353
 15 -2 -2 210
 15 0 4 355
 105 -2 2 11
 15 0 -4 242
 15 3 -1 114
 105 2 3 125
 55 -3 0 302
 55 -1 1 124
 55 0 0 117
 55 1 -2 320
 55 -2 -1 93
 5 -2 -3 140
 55 -1 0 17
 55 -3 -3 74
 55 0 -3 264
 55 -1 -3 329
 5 2 -3 64
 55 -2 0 49
 55 -2 1 241
 55 -1 -1 50
 55 -1 -2 346
 55 -3 -1 314
 55 1 -1 10
 55 1 2 64
 55 0 -2 31
 55 1 -3 24
 5 1 -4 354
 5 2 -2 79
 55 0 2 327
 55 1 1 79
 55 0 3 12
 55 1 0 147
 5 3 -3 88
 55 0 1 138
 "contig-ratio-green-core" 0.7058823529411765
 "contig-ratio-red-core" 0.8235294117647058
 "a-count" 7
 "b-count" 5
 "c-color-count" 25
 "c-express-count" 23
 "d-color-count" 21
 "d-express-count" 21
 "cell-count" 56
 15 -1 3 43
 15 -2 -2 332
 15 4 1 185
 15 1 2 307
 15 4 0 77
 15 -1 2 358
 15 1 -4 316
 15 3 1 194
 15 3 2 58
 105 -3 -1 258
 15 -2 2 103
 15 -2 0 68
 15 4 -1 311
 105 -3 -2 115
 15 3 -2 328
 105 -3 3 61
 15 -2 -3 347
 105 0 3 268
 15 2 -3 233
 15 -2 -1 81
 15 0 2 326
 105 -1 -3 144
 15 -2 1 2
 105 -1 4 36
 105 -4 0 300
 15 0 -4 62
 15 -3 0 211
 15 2 2 81
 55 1 1 171
 55 -1 -4 250
 55 -2 3 86
 55 2 0 277
 55 3 3 340
 55 -1 1 228
 55 2 -1 219
 55 0 -3 119
 55 1 -2 335
 55 2 -2 115
 5 1 4 49
 5 -4 1 213
 55 1 0 225
 55 0 -1 352
 55 1 -1 29
 55 1 -3 226
 55 2 1 229
 55 3 -1 285
 55 0 -2 230
 55 -1 -1 16
 55 -1 -2 357
 55 0 1 101
 55 0 0 32
 55 1 3 205
 55 -3 2 202
 5 -3 1 317
 55 3 0 343
 55 -1 0 201
 "contig-ratio-green-core" 1.1428571428571428
 "contig-ratio-red-core" 0.9333333333333333
 "a-count" 9
 "b-count" 2
 "c-color-count" 26
 "c-express-count" 26
 "d-color-count" 19
 "d-express-count" 19
 "cell-count" 56
 15 -1 -3 351
 105 -3 -3 296
 105 2 -3 250
 15 2 2 258
 15 -2 -2 217
 15 0 -3 293
 105 4 1 114
 15 1 3 15
 105 -3 -2 174
 15 3 -1 275
 15 -3 -1 285
 15 2 3 302
 105 -2 -3 155
 105 -4 -1 263
 15 -2 3 221
 15 -4 0 208
 15 3 0 134
 105 -1 4 10
 15 1 2 313
 15 -4 1 127
 15 -3 2 164
 15 0 3 292
 105 -3 3 262
 15 1 -3 3
 15 4 -1 244
 15 0 4 95
 105 0 -4 168
 15 -2 2 177
 55 -3 0 168
 55 2 1 180
 55 1 4 105
 5 3 -2 196
 55 -2 1 245
 55 -1 -2 220
 55 1 -1 137
 55 0 1 91
 55 -1 2 158
 55 2 0 184
 55 0 -1 180
 55 3 1 14
 55 1 -2 236
 55 -2 -1 102
 55 -1 0 206
 55 2 4 214
 55 -1 1 106
 5 3 -3 115
 55 -3 1 348
 55 -1 -1 292
 55 1 1 355
 55 0 -2 267
 55 2 -2 335
 55 0 2 148
 55 2 -1 241
 55 1 0 186
 55 0 0 302
 55 -2 0 347
 "contig-ratio-green-core" 1
 "contig-ratio-red-core" 0.9375
