 "a-count" 6
 "b-count" 5
 "c-color-count" 23
 "c-express-count" 23
 "d-color-count" 23
 "d-express-count" 22
 "cell-count" 56
 105 1 -4 348
 15 -1 2 73
 15 1 -2 298
 15 1 2 125
 15 2 0 125
 15 -3 1 51
 15 0 3 329
 15 0 -4 106
 105 -1 3 330
 15 0 2 189
 15 2 -1 115
 15 4 1 296
 15 2 -1 282
 105 -1 -4 336
 15 3 1 54
 15 0 -3 219
 105 2 -4 197
 105 -4 -1 200
 15 1 3 267
 15 3 -1 328
 15 2 -2 313
 15 1 -3 236
 15 1 -1 270
 15 -1 -3 10
 15 3 0 50
 15 2 -3 240
 15 2 3 242
 15 -2 -3 102
 55 -2 -2 309
 55 0 -1 227
 55 3 -2 196
 55 2 1 300
 55 -4 0 247
 55 2 2 234
 55 0 1 344
 5 4 -2 295
 55 -1 1 231
 55 3 2 265
 55 4 -1 59
 55 3 -3 196
 55 -4 1 157
 55 0 -2 133
 55 -1 -2 34
 5 -2 -1 300
 55 1 0 82
 5 -3 -1 103
 55 1 1 119
 55 -1 -1 174
 5 3 3 137
 55 -3 2 39
 55 0 0 268
 5 -3 -3 88
 55 -1 0 134
 55 4 0 204
 55 1 4 274
 55 -3 0 152
 "contig-ratio-green-core" 0.9444444444444444
 "contig-ratio-red-core" 0.8421052631578947
 "a-count" 7
 "b-count" 4
 "c-color-count" 24
 "c-express-count" 24
 "d-color-count" 23
 "d-express-count" 21
 "cell-count" 56
 15 -3 1 164
 15 0 -4 30
 15 3 -3 135
 15 -4 1 119
 105 -1 -3 236
 15 -2 2 89
 15 3 0 117
 105 -2 -3 44
 15 -1 4 248
 15 0 -2 34
 105 0 4 328
 15 -1 -1 232
 15 -3 3 44
 15 1 4 344
 15 1 -1 113
 15 -1 -2 44
 15 3 2 329
 105 -3 2 196
 15 0 -1 322
 15 -2 -2 266
 15 2 3 179
 15 -1 3 163
 15 1 -2 14
 15 0 3 119
 15 -2 3 264
 15 1 3 175
 15 0 -3 118
 105 -3 -2 45
 55 0 1 139
 5 4 0 219
 55 1 1 235
 55 1 2 164
 55 -2 0 146
 55 -1 2 166
 55 3 -2 338
 55 1 -4 280
 55 -2 4 147
 55 0 0 17
 55 2 1 144
 55 -3 0 114
 5 -4 -1 207
 55 2 -1 292
 55 -2 1 263
 55 1 0 192
 55 2 -3 23
 55 -3 -1 266
 55 -1 0 195
 5 3 -1 65
 55 2 -2 93
 55 -2 -1 255
 55 2 0 55
 5 3 3 304
 55 1 -3 249
 55 2 2 138
 55 -1 1 207
 55 0 2 87
 "contig-ratio-green-core" 0.8421052631578947
 "contig-ratio-red-core" 0.8333333333333334
 "a-count" 9
 "b-count" 7
 "c-color-count" 22
 "c-express-count" 21
 "d-color-count" 22
 "d-express-count" 19
 "cell-count" 56
 15 1 3 1
 105 -2 2 132
 15 -2 -3 80
 15 -1 -1 258
 15 0 -3 189
 15 -1 4 112
 15 -2 -1 112
 15 1 -2 248
 15 0 3 91
 15 3 -1 26
 15 -1 2 302
 15 4 1 305
 105 -2 -2 68
 15 0 2 32
 15 -3 -1 64
 15 -4 1 199
 15 0 -1 240
 15 0 -4 277
 15 0 -2 127
 105 -3 2 236
 105 2 -3 109
 105 -2 3 354
 15 3 2 155
 15 -3 0 144
 105 -1 3 298
 15 -1 -3 340
 15 2 2 160
 15 1 2 143
 55 3 -3 350
 55 2 -2 116
 5 -4 -1 347
 55 3 0 173
 5 4 -1 291
 55 2 1 174
 55 1 4 175
 55 -2 0 76
 55 0 0 266
 55 0 4 308
 55 1 -1 14
 55 -1 1 328
 55 2 0 321
 55 -2 1 23
 5 3 -2 94
 5 -1 -2 103
 55 -3 1 75
 55 3 1 168
 55 -1 0 132
 55 0 1 346
 55 1 0 38
 55 2 -1 86
 55 -1 -4 112
 55 1 1 156
 55 -3 -3 355
 5 1 -4 160
 55 4 0 234
 5 2 3 325
 "contig-ratio-green-core" 0.8888888888888888
 "contig-ratio-red-core" 0.8125
