 "a-count" 10
 "b-count" 5
 "c-color-count" 24
 "c-express-count" 23
 "d-color-count" 21
 "d-express-count" 18
 "cell-count" 56
 15 1 2 192
 15 2 -1 323
 15 3 -1 23
 15 3 1 155
 105 -4 1 67
 15 2 1 277
 105 0 4 61
 15 1 -3 54
 15 -3 2 312
 15 2 3 221
 105 2 2 77
 105 2 -3 148
 15 -1 -3 241
 15 -2 -2 70
 15 0 -2 231
 15 2 0 242
 105 -2 -3 183
 15 -1 4 92
 15 -1 2 221
 15 -1 -4 210
 15 -3 1 300
 15 -2 2 174
 15 0 2 202
 15 1 4 6
 15 1 -2 237
 15 -2 1 52
 105 4 1 359
 105 0 -4 74
 55 -4 -1 255
 55 -2 -1 95
 55 -4 0 33
 55 1 -1 227
 55 0 1 181
 5 -3 -2 80
 55 -1 1 14
 55 -1 0 71
 55 3 -3 110
 55 1 1 291
 5 3 3 255
 55 -2 0 207
 55 0 -1 57
 55 3 0 341
 5 1 -4 324
 55 -1 -2 14
 55 -3 0 3
 55 4 0 124
 5 1 3 118
 55 -1 -1 85
 55 -3 -1 90
 55 1 0 196
 55 0 0 249
 55 -3 -3 231
 55 3 2 141
 55 -2 3 232
 55 3 -2 163
 55 -1 3 43
 "contig-ratio-green-core" 0.8
 "contig-ratio-red-core" 0.75
 "a-count" 6
 "b-count" 8
 "c-color-count" 21
 "c-express-count" 20
 "d-color-count" 23
 "d-express-count" 22
 "cell-count" 56
 15 -2 -2 248
 15 -3 -2 188
 15 4 -1 204
 105 0 -4 62
 105 -3 3 150
 15 2 1 200
 105 0 4 28
 15 0 -3 141
 15 2 2 227
 105 4 0 311
 15 -1 3 95
 15 -1 4 227
 15 -3 2 88
 15 1 3 174
 15 4 1 303
 15 2 -1 206
 15 2 0 216
 15 1 4 1
 15 1 -2 118
 15 1 -3 35
 15 0 -2 248
 15 2 -2 39
 15 -3 -1 145
 15 -1 -2 243
 105 2 -3 269
 15 0 3 261
 15 3 -1 105
 15 -1 -3 108
 5 -1 -4 129
 55 -1 0 174
 5 3 3 221
 5 -4 1 150
 55 1 0 71
 55 -2 -1 258
 55 3 2 104
 55 1 -4 179
 55 0 -1 234
 5 -4 -1 235
 55 0 2 337
 55 0 0 59
 5 -2 -3 283
 55 -3 1 21
 55 -2 0 265
 55 -2 1 30
 55 2 3 5
 55 0 1 228
 55 -2 2 56
 55 -1 2 186
 5 -4 0 199
 55 3 -2 241
 55 1 1 349
 55 -1 -1 141
 55 1 -1 145
 55 2 4 321
 55 -3 0 280
 5 -3 -3 263
 "contig-ratio-green-core" 0.8125
 "contig-ratio-red-core" 0.7777777777777778
 "a-count" 9
 "b-count" 5
 "c-color-count" 24
 "c-express-count" 23
 "d-color-count" 19
 "d-express-count" 19
 "cell-count" 56
 15 1 3 204
 15 -1 -2 66
 15 1 -3 289
 105 -4 0 179
 105 -1 3 48
 15 2 3 27
 15 0 3 154
 105 -1 -3 68
 105 -2 -3 166
 15 -3 0 52
 105 -1 -4 236
 15 3 -3 78
 105 -2 3 138
 15 2 -3 71
 15 -2 -2 126
 15 0 -2 345
 15 -1 2 3
 15 -3 2 249
 15 -3 -1 238
 15 -2 2 213
 15 3 1 215
 15 -3 -2 282
 15 0 2 58
 15 0 -4 116
 105 -3 1 325
 105 0 4 105
 105 -3 -3 259
 15 1 -4 55
 55 1 1 200
 55 1 -1 305
 55 3 0 331
 55 -2 -1 162
 55 2 2 15
 55 -1 1 196
 55 1 0 259
 55 1 2 210
 55 4 -1 235
 5 4 0 66
 55 -1 -1 68
 55 2 -2 64
 55 1 -2 334
 55 3 -2 172
 55 -4 -1 237
 5 3 2 318
 55 0 0 343
 55 -1 0 299
 55 2 0 112
 55 3 -1 347
 55 0 1 290
 55 -2 0 304
 55 -4 1 309
 55 2 1 301
 55 0 -1 36
 5 4 1 96
 5 2 -1 82
 55 -2 1 50
 "contig-ratio-green-core" 0.9333333333333333
 "contig-ratio-red-core" 0.8461538461538461
 "a-count" 8
 "b-count" 4
 "c-color-count" 26
 "c-express-count" 24
 "d-color-count" 22
 "d-express-count" 20
 "cell-count" 56
 15 -3 0 278
 15 -3 1 276
 15 0 -4 5
 15 -3 2 50
 105 1 4 6
 105 4 -1 5
 105 3 -1 0
 15 -3 -2 332
 15 -1 -3 290
 15 2 1 146
 15 3 2 176
 15 -4 -1 9
 105 3 -3 31
 15 0 -3 309
 15 3 1 350
 15 -4 1 327
 15 1 -2 204
 15 -1 3 278
 15 0 3 278
 105 1 -4 51
 15 1 -3 0
 15 2 2 152
 15 -4 0 101
 105 4 0 313
 15 2 -1 37
 15 1 3 267
 15 3 0 110
 15 3 3 154
 55 -3 -1 344
 55 1 1 57
 55 0 -1 158
 55 -2 0 22
 55 -1 2 272
 5 -1 -4 73
 55 -1 -1 142
 55 -2 2 40
 55 2 0 119
 55 3 -2 43
 55 0 2 285
 55 0 4 321
 5 -1 4 254
 55 1 -1 347
 55 -2 -3 37
 55 -1 -2 215
 55 -2 -1 10
 55 1 0 296
 55 0 0 272
 55 0 -2 9
 55 -2 1 180
 55 -2 3 99
 55 -1 0 193
 55 -1 1 62
 55 -2 -2 131
 55 0 1 51
 55 1 2 230
 55 2 -2 36
 "contig-ratio-green-core" 0.8333333333333334
 "contig-ratio-red-core" 0.7
