 "a-count" 4
 "b-count" 2
 "c-color-count" 26
 "c-express-count" 26
 "d-color-count" 24
 "d-express-count" 24
 "cell-count" 56
 15 -4 0 35
 15 -3 1 329
 15 -1 -2 172
 15 -3 -1 125
 15 0 -4 197
 15 -3 2 273
 105 3 2 105
 15 -1 3 42
 15 3 -1 320
 15 -1 4 218
 105 -2 -3 196
 15 4 -1 278
 105 -4 -1 8
 15 1 3 282
 15 3 -2 33
 15 -2 -2 173
 105 2 -3 90
 15 -4 1 30
 15 -2 -4 303
 15 -1 -3 234
 15 0 3 238
 15 3 1 203
 15 0 4 154
 15 3 0 155
 15 2 2 295
 15 -3 0 94
 15 2 -2 186
 15 2 3 287
 55 -1 2 41
 55 0 -3 96
 55 -2 3 251
 55 2 0 13
 55 -2 -1 233
 55 -1 0 301
 55 1 2 281
 55 2 -1 102
 55 -1 1 228
 55 2 1 52
 55 1 -1 162
 55 0 1 86
 55 -1 -1 24
 55 1 1 352
 55 -3 -2 228
 55 0 -2 168
 5 -3 -3 322
 55 -2 2 137
 55 1 -3 206
 55 0 -1 220
 55 -2 0 332
 55 1 -2 158
 55 -2 1 264
 55 1 0 92
 55 -3 3 275
 5 -1 -4 45
 55 0 2 160
 55 0 0 12
 "contig-ratio-green-core" 0.8888888888888888
 "contig-ratio-red-core" 0.8
 "a-count" 9
 "b-count" 4
 "c-color-count" 25
 "c-express-count" 24
 "d-color-count" 19
 "d-express-count" 19
 "cell-count" 56
 105 -2 -3 102
 15 2 3 296
 105 -1 -4 110
 15 -3 -1 313
 105 -1 4 226
 15 1 -3 76
 15 -4 0 93
 15 0 2 104
 15 1 -2 104
 15 -1 2 270
 15 0 3 123
 15 -3 0 124
 105 4 0 195
 15 -1 3 279
 105 3 3 194
 15 4 1 213
 15 0 -4 138
 105 3 -3 82
 15 -1 -2 258
 105 4 -1 249
 105 0 4 1
 15 2 2 87
 15 2 -2 330
 105 3 2 312
 15 4 2 301
 15 0 -2 220
 15 3 -2 237
 15 1 2 154
 55 2 1 51
 55 0 0 161
 55 0 -1 135
 55 -2 0 344
 55 1 1 116
 55 -2 1 305
 55 -2 2 165
 55 -1 0 19
 55 -2 -1 72
 55 1 0 242
 5 -3 -3 76
 55 2 0 33
 5 -3 2 43
 55 0 1 95
 55 -2 -2 41
 55 3 1 274
 55 -3 -2 212
 55 2 -1 123
 55 -3 1 104
 55 3 0 175
 55 -1 -3 297
 5 2 -3 142
 55 1 -1 20
 55 -1 1 162
 55 -1 -1 201
 55 1 -4 90
 55 -2 3 130
 55 3 -1 220
 "contig-ratio-green-core" 0.7222222222222222
 "contig-ratio-red-core" 1
 "a-count" 10
 "b-count" 2
 "c-color-count" 26
 "c-express-count" 26
 "d-color-count" 21
 "d-express-count" 18
 "cell-count" 56
 105 0 -4 104
 15 -1 4 95
 105 4 1 73
 105 -2 3 18
 15 3 1 12
 15 2 -2 177
 15 2 1 301
 15 1 3 341
 15 0 3 255
 15 3 2 33
 15 3 -3 74
 15 4 -2 172
 15 -4 -1 302
 15 3 -2 175
 15 -4 0 253
 15 -1 3 144
 105 1 -3 297
 15 1 -2 86
 15 4 0 357
 15 0 4 69
 15 -1 -3 256
 105 1 -4 11
 15 -4 1 53
 15 1 4 18
 15 -3 -2 293
 105 -3 2 265
 15 0 -3 43
 105 3 3 194
 55 -2 -2 172
 5 -2 -3 74
 55 -3 -1 272
 55 -3 0 140
 55 0 0 278
 55 -1 1 34
 55 -1 2 251
 55 3 -1 67
 55 0 -2 33
 55 3 0 274
 55 4 -1 59
 55 2 -1 181
 55 -2 -1 76
 55 -1 0 255
 55 -2 2 338
 55 -2 0 49
 5 -1 -1 322
 55 0 -1 294
 55 0 1 349
 55 -1 -2 296
 55 1 0 198
 55 0 2 312
 55 1 1 116
 55 1 -1 29
 55 2 0 329
 55 -3 1 236
 55 -2 1 262
 55 1 2 279
 "contig-ratio-green-core" 0.9411764705882353
 "contig-ratio-red-core" 0.7647058823529411
 "a-count" 10
 "b-count" 1
 "c-color-count" 28
 "c-express-count" 27
 "d-color-count" 20
 "d-express-count" 18
 "cell-count" 56
 15 -1 -3 143
 105 0 -4 267
 15 1 -3 151
 15 2 3 73
 105 2 -4 296
 15 -3 -3 111
 15 -1 -4 335
 105 3 -2 69
 105 -3 3 72
 15 2 -3 246
 15 -4 -1 101
 15 0 -3 53
 15 -2 1 77
 15 -2 -3 53
 15 -1 2 102
 15 3 3 313
 15 4 -1 294
 15 3 1 0
 105 3 -3 338
 105 -1 3 91
 105 -3 2 255
 15 2 -2 236
 15 4 0 194
 15 3 -1 29
 15 -3 1 353
 105 -2 3 125
 15 1 -4 234
 15 3 0 143
 55 0 0 161
 55 0 1 270
 55 -3 -2 286
 55 2 -1 42
 55 4 1 40
 55 1 3 62
 55 2 0 152
 55 -2 0 211
 55 -4 0 60
 55 1 1 139
 55 1 2 82
 55 -1 -1 309
 55 -1 1 319
 55 0 -2 222
 55 2 2 3
 55 -2 -2 265
 55 -3 0 22
 55 1 -2 358
 55 2 1 346
 55 -1 -2 117
 55 -1 0 248
 55 -3 -1 239
 55 0 2 227
 55 -4 1 299
 55 0 3 91
 55 1 -1 262
 55 -2 -1 189
 55 1 0 42
 "contig-ratio-green-core" 0.65
 "contig-ratio-red-core" 0.8823529411764706
