 "a-count" 2
 "b-count" 9
 "c-color-count" 20
 "c-express-count" 19
 "d-color-count" 26
 "d-express-count" 26
 "cell-count" 56
 15 -3 1 76
 15 3 1 206
 15 4 1 244
 15 2 3 303
 15 3 -2 25
 105 3 -1 310
 15 3 0 42
 15 3 2 112
 105 1 4 311
 15 -2 -2 294
 15 -1 -2 158
 15 -4 -1 345
 15 -2 1 147
 15 2 2 209
 15 3 -3 274
 15 2 -2 154
 15 -3 -3 192
 15 -1 -3 44
 15 -3 3 131
 15 4 -1 97
 15 -2 2 42
 15 -2 3 139
 15 1 -3 302
 15 -3 -1 312
 15 0 -4 156
 15 -3 -2 66
 15 1 -2 91
 15 -1 4 318
 55 1 1 20
 5 1 -4 286
 55 0 2 130
 55 2 0 116
 55 1 -1 19
 5 -2 -3 299
 55 -2 0 194
 55 0 3 8
 55 -1 -1 300
 55 0 -1 76
 55 2 1 275
 55 -1 0 111
 5 0 0 193
 5 0 -2 60
 55 -3 2 234
 5 4 0 202
 55 -1 2 118
 55 -2 -1 161
 55 -1 3 71
 55 -3 0 9
 55 1 3 343
 5 0 -3 209
 55 -1 1 145
 55 0 1 289
 5 2 -1 69
 55 1 2 300
 55 1 0 289
 5 3 3 2
 "contig-ratio-green-core" 1
 "contig-ratio-red-core" 0.55
 "a-count" 4
 "b-count" 2
 "c-color-count" 26
 "c-express-count" 26
 "d-color-count" 25
 "d-express-count" 24
 "cell-count" 56
 15 -3 -2 194
 15 1 -3 83
 15 3 3 86
 15 1 4 53
 15 -1 4 152
 15 0 3 293
 15 2 2 46
 15 3 1 198
 15 3 -1 267
 15 -2 3 253
 105 -2 2 60
 15 2 -3 285
 105 -2 -2 352
 15 -3 -3 280
 15 -2 -3 280
 15 -3 1 151
 15 3 2 262
 15 -1 -3 189
 15 4 0 192
 15 2 -2 351
 105 4 -1 14
 15 -3 3 242
 15 -4 0 105
 15 -1 3 19
 15 3 0 8
 15 -4 -1 120
 15 -4 1 300
 15 1 -4 80
 55 0 4 163
 55 2 0 159
 55 -1 0 291
 5 -3 2 211
 55 1 -2 306
 55 0 1 271
 55 1 -1 178
 55 -2 0 88
 55 1 3 293
 55 0 -1 45
 55 1 1 335
 55 0 -3 171
 55 0 0 45
 55 2 -1 137
 55 -1 -1 285
 55 1 0 26
 5 4 1 319
 55 0 -4 235
 55 -1 -2 141
 55 -3 0 185
 55 -2 -1 351
 55 -1 1 222
 55 0 -2 80
 55 -1 2 43
 55 -2 1 138
 55 1 2 298
 55 0 2 153
 55 -3 -1 103
 "contig-ratio-green-core" 1
 "contig-ratio-red-core" 0.6363636363636364
 "a-count" 7
 "b-count" 4
 "c-color-count" 24
 "c-express-count" 24
 "d-color-count" 24
 "d-express-count" 21
 "cell-count" 56
 15 2 2 235
 15 4 0 254
 15 0 -3 250
 15 -1 -3 36
 15 2 -3 146
 15 3 2 295
 15 1 -2 157
 15 4 1 100
 15 -2 3 155
 15 1 3 157
 15 3 -1 138
 15 3 3 133
 15 2 -2 51
 15 -2 -3 206
 105 -3 0 311
 15 3 -2 325
 15 4 -1 27
 15 0 4 140
 15 1 2 249
 15 -3 2 94
 15 -1 4 127
 15 -4 1 92
 105 1 4 329
 105 -4 -1 92
 105 1 -3 324
 15 -3 1 39
 15 -2 0 95
 15 -4 0 151
 55 -1 -5 314
 55 2 0 45
 5 3 -3 223
 55 2 -1 86
 55 -1 2 189
 55 2 1 83
 55 0 0 218
 5 1 -4 129
 55 0 -1 346
 55 3 1 283
 55 -1 1 316
 55 0 2 70
 55 -2 -2 279
 55 -1 -1 217
 5 -3 3 132
 55 0 1 65
 55 0 3 1
 55 3 0 284
 55 1 0 164
 55 -3 -2 318
 55 -1 0 78
 55 1 1 100
 55 1 -1 172
 5 -1 3 303
 55 -2 2 201
 55 -1 -2 323
 55 0 -2 268
 55 -1 -4 304
 "contig-ratio-green-core" 0.8823529411764706
 "contig-ratio-red-core" 0.5882352941176471
 "a-count" 6
 "b-count" 4
 "c-color-count" 24
 "c-express-count" 24
 "d-color-count" 22
 "d-express-count" 22
 "cell-count" 56
 15 4 -1 142
 15 4 0 291
 105 -1 -2 90
 15 -2 -3 288
 105 3 -2 319
 15 0 -2 156
 15 3 -3 47
 15 2 -2 211
 105 1 -1 249
 15 1 4 126
 15 -3 0 193
 15 -2 0 215
 105 -2 3 71
 15 0 -4 257
 15 -2 -2 180
 105 -4 -1 119
 15 -1 4 83
 15 0 -3 266
 15 -3 -1 86
 15 2 -3 332
 15 -1 -3 46
 15 1 -2 90
 15 -2 -1 275
 15 -3 -3 116
 15 -3 2 114
 105 -3 3 204
 15 -1 3 277
 15 3 3 270
 55 -4 1 116
 5 1 -4 23
 55 -4 0 298
 55 2 0 246
 55 3 2 296
 5 -3 -2 105
 55 2 2 303
 55 -2 2 257
 55 -2 1 41
 55 -1 1 103
 55 2 3 128
 55 0 2 145
 55 0 3 94
 5 1 1 120
 55 1 2 230
 55 0 1 117
 55 -3 1 271
 55 0 0 40
 55 1 3 60
 55 -1 -1 180
 55 -1 0 228
 55 2 1 76
 55 0 -1 208
 55 3 0 101
 55 -1 2 133
 5 2 -1 273
 55 1 0 252
 55 3 1 204
 "contig-ratio-green-core" 0.6
 "contig-ratio-red-core" 0.5
