 "a-count" 8
 "b-count" 4
 "c-color-count" 24
 "c-express-count" 24
 "d-color-count" 23
 "d-express-count" 20
 "cell-count" 56
 15 3 -1 306
 105 -2 3 275
 15 2 -1 229
 15 3 -3 33
 15 3 1 0
 15 2 2 256
 15 -1 4 230
 15 1 4 38
 15 -3 2 354
 105 -1 -4 329
 15 2 -3 323
 15 -2 -3 227
 15 1 -3 39
 15 -4 1 260
 105 -3 -2 46
 15 -2 2 170
 15 0 -4 151
 105 1 3 349
 15 4 1 69
 15 2 0 147
 15 4 -1 57
 15 -1 -3 32
 15 1 -2 6
 15 4 0 114
 15 2 -2 39
 105 -3 1 68
 15 -3 -1 230
 15 3 3 319
 55 1 -1 6
 55 -1 0 145
 55 -2 -1 318
 55 0 1 226
 55 1 1 95
 55 -4 0 228
 55 -3 -3 95
 55 -3 0 35
 55 0 3 8
 55 -1 -1 276
 55 0 4 92
 55 -1 2 308
 55 0 -3 195
 55 -2 -2 133
 5 1 2 9
 55 -1 -2 259
 55 -2 0 29
 55 0 0 17
 55 3 2 175
 55 2 1 317
 55 0 -2 327
 5 2 3 338
 5 3 0 231
 55 0 -1 193
 55 -1 1 337
 55 0 2 235
 55 1 0 326
 5 -3 3 324
 "contig-ratio-green-core" 1.0769230769230769
 "contig-ratio-red-core" 0.7777777777777778
 "a-count" 5
 "b-count" 3
 "c-color-count" 26
 "c-express-count" 25
 "d-color-count" 23
 "d-express-count" 23
 "cell-count" 56
 15 -1 4 24
 105 -1 3 96
 15 3 3 350
 105 2 -1 91
 15 -1 1 90
 15 3 1 227
 15 0 4 144
 15 2 -2 141
 15 3 -2 192
 15 1 -3 235
 15 0 -3 75
 15 -2 2 194
 15 -2 1 314
 15 -3 -3 74
 105 -1 2 1
 15 -4 0 234
 105 4 0 132
 15 3 0 232
 15 3 -3 71
 15 -2 -3 306
 105 -2 3 186
 15 -3 -2 37
 15 -3 2 208
 15 3 -1 325
 15 2 -3 290
 15 2 3 35
 15 -3 -1 239
 15 0 -4 331
 55 0 0 153
 55 1 1 233
 55 -3 0 320
 5 -4 1 98
 55 -2 0 71
 55 1 -1 24
 55 -2 -2 182
 55 4 1 216
 55 0 -2 114
 55 1 4 263
 55 -3 1 72
 55 2 0 308
 55 0 2 238
 55 -1 -2 20
 55 2 1 279
 55 1 -4 213
 55 3 2 28
 55 -1 -1 49
 55 0 -1 132
 55 -1 0 186
 55 0 1 238
 55 -2 -1 184
 55 1 0 206
 55 1 2 346
 5 -1 -3 20
 55 1 3 241
 55 2 2 112
 55 0 3 164
 "contig-ratio-green-core" 0.7647058823529411
 "contig-ratio-red-core" 0.8947368421052632
 "a-count" 5
 "b-count" 6
 "c-color-count" 22
 "c-express-count" 22
 "d-color-count" 23
 "d-express-count" 23
 "cell-count" 56
 15 1 4 308
 15 0 3 163
 105 -1 4 117
 15 -3 3 188
 15 -1 2 134
 15 -2 2 15
 15 0 -4 116
 15 -3 -3 231
 15 4 1 35
 105 -4 -1 321
 15 2 -2 169
 15 3 -3 225
 15 2 3 294
 105 3 -2 145
 105 2 -3 149
 15 -3 -1 273
 15 -4 0 283
 15 -1 -4 245
 15 -3 0 235
 105 -2 3 45
 15 0 -3 287
 15 3 -1 312
 15 -2 -3 147
 15 -3 2 13
 15 -1 3 330
 15 -2 -2 84
 15 -4 1 289
 15 -3 -2 18
 5 1 -4 175
 55 2 -1 171
 55 -3 1 113
 5 1 3 119
 55 0 0 173
 5 3 3 65
 55 -2 0 175
 5 -1 -2 203
 5 1 -3 214
 55 1 -1 174
 55 2 0 163
 55 2 2 135
 55 1 2 153
 55 1 -2 147
 55 1 1 286
 55 -1 -1 283
 55 -2 -1 344
 55 -2 1 330
 55 3 0 227
 55 0 -2 298
 55 3 1 308
 55 -1 1 12
 55 0 -1 198
 5 4 0 324
 55 1 0 54
 55 -1 0 272
 55 2 1 348
 55 0 1 197
 "contig-ratio-green-core" 0.9230769230769231
 "contig-ratio-red-core" 0.47368421052631576
 "a-count" 7
 "b-count" 5
 "c-color-count" 24
 "c-express-count" 23
 "d-color-count" 21
 "d-express-count" 21
 "cell-count" 56
 15 -3 2 283
 15 1 4 250
 15 4 -1 263
 15 -2 4 195
 15 3 0 252
 15 4 1 150
 105 -2 -1 225
 15 4 0 64
 15 -1 -2 67
 105 2 -2 45
 105 -2 -3 212
 105 3 2 4
 15 -2 3 108
 105 2 -1 22
 15 3 -1 158
 15 -3 -3 68
 15 3 3 181
 15 1 -4 127
 15 -4 1 216
 105 -2 -2 145
 105 3 -2 336
 15 -3 -2 83
 15 -4 0 164
 15 1 3 64
 15 0 -2 298
 15 1 -2 101
 15 3 1 123
 15 0 -4 319
 5 -4 -1 156
 55 2 0 195
 55 1 -3 104
 55 -2 2 230
 55 -1 0 153
 5 0 4 115
 55 2 1 94
 55 1 1 292
 55 -3 -1 323
 55 0 0 203
 55 -2 0 75
 55 1 0 142
 55 0 -1 230
 55 -3 0 178
 55 0 2 26
 55 1 2 356
 5 -3 3 163
 55 -1 4 103
 55 3 -3 315
 55 -1 1 14
 55 -3 1 130
 55 -1 2 184
 55 -1 -1 125
 5 0 -3 46
 55 -2 1 38
 55 -1 3 116
 55 0 3 106
 55 0 1 11
 "contig-ratio-green-core" 0.8666666666666667
 "contig-ratio-red-core" 0.6875
