 "a-count" 5
 "b-count" 4
 "c-color-count" 25
 "c-express-count" 24
 "d-color-count" 24
 "d-express-count" 23
 "cell-count" 56
 15 -3 2 95
 15 2 -3 78
 15 4 1 352
 15 0 -4 1
 105 0 -3 271
 15 -3 -3 165
 15 -3 -2 74
 15 1 3 209
 15 -3 3 254
 15 -1 -4 81
 15 1 -3 312
 15 -1 4 312
 105 -2 -3 32
 15 -1 -3 252
 105 1 4 26
 15 2 -2 41
 15 3 3 262
 15 4 -1 350
 15 2 3 139
 15 1 -2 229
 15 3 -3 228
 15 -2 2 255
 15 -2 -2 74
 105 3 -1 108
 15 3 2 117
 15 -4 0 331
 15 -3 0 230
 15 -3 -1 252
 55 -2 0 143
 55 0 0 280
 55 0 2 135
 55 -1 0 105
 55 1 -1 127
 55 -1 1 141
 55 -1 -2 27
 55 1 1 201
 55 -1 -1 7
 5 -3 1 126
 55 2 -1 219
 5 -2 3 328
 55 0 4 165
 55 -1 2 327
 55 -2 1 119
 55 0 -1 228
 55 0 1 148
 55 2 0 186
 55 -4 -1 283
 55 2 2 140
 55 1 0 51
 5 3 -2 194
 55 4 0 265
 55 1 2 253
 55 0 -2 129
 55 2 1 285
 55 0 3 111
 55 -2 -1 32
 "contig-ratio-green-core" 0.8461538461538461
 "contig-ratio-red-core" 0.65
 "a-count" 8
 "b-count" 4
 "c-color-count" 24
 "c-express-count" 24
 "d-color-count" 22
 "d-express-count" 20
 "cell-count" 56
 15 2 0 283
 105 -2 -1 342
 15 -2 -3 148
 15 -3 -1 245
 15 0 -4 21
 15 2 -3 296
 15 -2 3 91
 15 2 1 268
 105 1 -4 148
 15 3 -3 54
 105 -1 -3 144
 105 2 3 331
 15 -3 2 350
 105 2 2 172
 15 -2 -2 231
 15 4 -1 2
 15 -1 -4 6
 15 2 -2 63
 15 3 -2 114
 15 3 1 250
 15 -3 3 297
 105 3 2 280
 15 3 -1 16
 15 4 1 117
 15 3 0 184
 15 3 3 329
 15 -3 -3 296
 15 1 4 287
 55 1 3 139
 55 0 0 155
 55 0 -3 20
 5 -1 1 119
 55 1 1 290
 55 -2 1 60
 5 -1 4 40
 5 0 4 207
 55 1 -1 201
 55 1 -2 157
 55 0 1 66
 55 1 0 126
 55 -1 -2 134
 5 -4 1 130
 55 1 2 310
 55 -2 0 100
 55 1 -3 17
 55 0 -1 281
 55 -4 0 262
 55 -1 -1 284
 55 -4 -1 143
 55 0 3 325
 55 -3 0 223
 55 -1 0 286
 55 -2 2 284
 55 -1 2 347
 55 0 -2 172
 55 0 2 330
 "contig-ratio-green-core" 0.5882352941176471
 "contig-ratio-red-core" 0.3888888888888889
 "a-count" 5
 "b-count" 8
 "c-color-count" 21
 "c-express-count" 20
 "d-color-count" 24
 "d-express-count" 23
 "cell-count" 56
 105 -4 -1 252
 15 -3 2 330
 15 -3 1 315
 15 -1 -4 196
 15 -1 2 26
 105 -2 2 131
 15 1 4 257
 15 0 3 61
 105 -3 3 231
 15 4 0 22
 15 0 4 241
 15 2 -2 61
 15 1 -4 7
 105 2 2 132
 15 3 2 84
 15 4 1 298
 15 -3 -1 331
 15 -2 -3 205
 15 3 -1 306
 15 -4 0 281
 15 -3 -3 75
 15 -4 1 220
 15 0 -4 171
 15 3 -2 151
 15 2 -3 119
 15 -2 1 137
 15 3 3 73
 15 -3 -2 309
 55 -2 0 51
 5 -2 -2 215
 55 1 0 81
 55 -1 1 91
 55 2 1 320
 55 -1 0 284
 55 1 2 255
 55 0 0 238
 55 0 1 73
 55 0 -1 341
 55 0 -2 295
 55 0 2 348
 55 -1 4 31
 5 2 3 97
 55 1 1 227
 55 -1 -2 171
 5 1 -3 39
 5 -2 -1 203
 55 -2 3 269
 55 1 -1 131
 55 1 -2 272
 55 2 -1 148
 5 3 1 134
 55 3 0 150
 55 -1 -1 252
 5 -3 0 122
 5 -1 -3 165
 55 2 0 112
 "contig-ratio-green-core" 0.6666666666666666
 "contig-ratio-red-core" 0.3333333333333333
 "a-count" 10
 "b-count" 6
 "c-color-count" 23
 "c-express-count" 22
 "d-color-count" 25
 "d-express-count" 18
 "cell-count" 56
 15 -1 2 337
 15 3 2 18
 15 -3 -3 194
 15 1 -3 99
 15 -4 0 131
 15 -1 -1 290
 15 -3 1 318
 15 3 -2 292
 105 -2 2 170
 15 -1 -2 73
 15 -1 1 157
 15 0 4 74
 15 0 -4 101
 15 -3 -2 207
 15 -1 4 120
 15 2 -3 25
 15 -3 2 272
 15 2 2 315
 105 2 -1 322
 15 3 -3 341
 15 1 -4 311
 15 -2 -1 265
 15 -2 -2 276
 15 2 -2 67
 105 1 3 100
 15 1 -1 239
 15 -2 -3 63
 15 -2 1 205
 55 -4 -1 37
 55 0 3 230
 5 2 3 295
 55 -3 -1 69
 55 -3 3 129
 55 -1 3 188
 55 0 -2 297
 55 1 0 9
 55 3 3 7
 5 3 -1 106
 55 2 0 323
 55 -2 0 267
 55 -2 3 235
 55 1 2 129
 5 -1 -3 128
 55 0 0 342
 5 1 1 230
 55 1 -2 61
 55 -1 0 19
 55 0 1 127
 55 2 1 135
 55 3 1 292
 55 3 0 140
 55 0 2 328
 55 0 -3 196
 55 0 -1 51
 5 4 -1 314
 55 4 0 11
 "contig-ratio-green-core" 0.8823529411764706
 "contig-ratio-red-core" 0.7391304347826086
