 "a-count" 4
 "b-count" 5
 "c-color-count" 23
 "c-express-count" 23
 "d-color-count" 25
 "d-express-count" 24
 "cell-count" 56
 15 -2 2 3
 15 0 4 141
 15 0 2 64
 15 0 0 136
 15 0 -1 81
 15 -1 3 126
 15 -1 1 51
 15 4 1 155
 15 -2 -1 308
 15 -1 -1 131
 105 1 4 305
 15 0 -3 179
 15 2 -1 13
 15 1 -1 87
 15 -1 2 64
 15 0 -4 213
 15 0 1 79
 15 1 3 58
 105 4 0 111
 15 1 1 40
 15 3 0 269
 15 1 0 162
 15 0 -2 132
 105 2 0 78
 15 3 2 126
 15 3 1 278
 15 -1 0 134
 15 1 2 178
 55 -2 1 252
 55 2 -2 58
 5 3 -2 12
 55 2 -3 117
 55 -3 1 168
 55 -3 -2 87
 55 -2 3 341
 55 -1 4 21
 55 -3 0 34
 5 4 -1 133
 55 -1 -2 46
 55 -3 3 306
 55 2 2 39
 55 -4 1 91
 55 3 -1 63
 5 1 -4 229
 55 1 -3 257
 55 2 3 322
 55 -4 -1 202
 55 -3 -3 231
 55 -3 2 139
 55 -1 -3 109
 55 1 -2 101
 55 -2 0 171
 55 3 3 127
 55 -3 -1 111
 5 -4 0 260
 5 -2 -3 239
 "contig-ratio-green-core" 0.7777777777777778
 "contig-ratio-red-core" 0.7058823529411765
 "a-count" 4
 "b-count" 4
 "c-color-count" 24
 "c-express-count" 24
 "d-color-count" 24
 "d-express-count" 24
 "cell-count" 56
 15 -3 -1 341
 105 -2 1 16
 15 -1 3 54
 15 -1 2 88
 15 2 2 59
 15 -3 1 217
 105 2 -1 153
 15 -3 0 83
 105 3 -1 340
 15 0 0 243
 15 1 1 130
 15 0 2 348
 15 1 0 288
 15 3 1 156
 105 1 2 286
 15 1 -2 297
 15 -1 1 38
 15 -2 -1 189
 15 4 1 85
 15 -2 0 350
 15 -1 -1 300
 15 2 1 300
 15 0 1 198
 15 -2 2 249
 15 0 -1 63
 15 -1 0 284
 15 0 3 245
 15 -1 4 51
 55 0 -2 91
 55 0 -3 277
 5 3 3 118
 55 4 0 196
 55 -2 -2 47
 55 1 -1 175
 55 1 -3 118
 55 -4 0 260
 55 -3 2 21
 55 -3 -2 313
 55 2 -3 103
 55 -1 -2 282
 55 -3 3 211
 55 0 4 230
 55 -1 -3 68
 55 -3 -3 30
 5 3 2 91
 55 -2 3 324
 55 -4 1 190
 55 1 3 176
 55 3 -2 255
 5 2 -2 226
 55 -1 -4 82
 55 3 0 268
 5 1 -4 143
 55 0 -4 180
 55 -2 -3 131
 55 4 -1 237
 "contig-ratio-green-core" 0.5789473684210527
 "contig-ratio-red-core" 0.8571428571428571
 "a-count" 6
 "b-count" 8
 "c-color-count" 21
 "c-express-count" 20
 "d-color-count" 23
 "d-express-count" 22
 "cell-count" 56
 15 3 -1 179
 15 -4 -1 7
 15 -3 1 82
 15 4 0 121
 15 1 0 273
 15 2 0 256
 15 3 1 261
 15 0 2 32
 105 -1 -2 106
 15 -2 -2 176
 105 0 0 58
 15 -1 -4 144
 105 1 4 28
 105 -4 1 22
 15 3 -2 28
 15 2 -3 214
 15 -2 -3 78
 15 -2 1 57
 15 -2 -1 254
 15 -2 2 308
 15 -3 -1 75
 105 -1 0 152
 15 2 1 41
 15 0 1 107
 15 1 2 357
 15 2 2 182
 15 0 -2 279
 15 0 4 185
 55 -3 3 228
 55 1 -2 123
 55 0 -4 326
 55 1 -3 130
 55 4 1 127
 55 -1 2 354
 55 3 -3 243
 55 -2 3 133
 55 2 -1 156
 55 3 2 331
 5 -3 -3 267
 55 -1 -5 268
 55 -1 4 113
 5 -3 0 354
 55 -4 0 262
 55 2 -2 171
 55 4 -1 322
 55 2 3 236
 55 -3 2 299
 5 0 -3 130
 5 -1 -3 134
 5 1 1 46
 55 -1 1 246
 55 -3 -2 192
 5 -1 3 105
 5 3 0 273
 55 3 3 316
 55 1 -1 63
 "contig-ratio-green-core" 1.1333333333333333
 "contig-ratio-red-core" 1
 "a-count" 4
 "b-count" 2
 "c-color-count" 26
 "c-express-count" 26
 "d-color-count" 24
 "d-express-count" 24
 "cell-count" 56
 15 -1 2 191
 15 0 1 116
 15 0 -3 311
 15 2 1 178
 15 -1 3 228
 15 0 0 249
 15 1 -2 298
 15 -2 0 299
 105 1 0 295
 15 0 -1 163
 15 -2 3 233
 15 1 -1 80
 15 0 2 314
 15 2 -1 55
 15 -2 -1 252
 15 1 2 125
 105 -1 -3 180
 15 3 0 160
 15 -3 -1 234
 15 -1 -1 356
 15 -1 0 190
 15 0 -2 66
 105 -3 -2 289
 15 1 1 247
 15 -1 1 283
 15 3 1 76
 105 2 0 244
 15 -3 0 181
 55 -3 2 353
 55 -3 -3 0
 55 0 3 207
 5 3 -3 179
 55 3 -1 52
 55 3 2 298
 55 3 3 357
 55 -4 1 219
 55 -2 -2 170
 55 2 -3 295
 55 -4 -1 290
 55 1 -3 197
 5 -3 3 16
 55 -1 -2 219
 55 2 2 146
 55 -1 -4 179
 55 2 3 312
 55 2 -2 220
 55 -2 2 357
 55 3 -2 318
 55 -2 1 274
 55 -1 4 350
 55 4 -1 336
 55 1 3 85
 55 -4 0 108
 55 -3 1 248
 55 0 4 359
 55 1 4 356
 "contig-ratio-green-core" 0.782608695652174
 "contig-ratio-red-core" 0.8333333333333334
