 "a-count" 5
 "b-count" 4
 "c-color-count" 24
 "c-express-count" 24
 "d-color-count" 23
 "d-express-count" 23
 "cell-count" 56
 15 1 1 141
 105 0 -1 25
 15 -3 0 26
 15 -2 3 111
 15 2 0 152
 105 1 -1 119
 15 2 1 105
 15 -1 -1 306
 105 1 0 98
 15 1 -2 11
 15 3 0 138
 15 0 -3 293
 15 -1 4 5
 15 3 1 266
 105 4 0 341
 15 -4 0 296
 15 0 2 220
 105 0 -2 329
 15 0 0 326
 15 -1 1 126
 15 0 1 116
 15 -1 -3 239
 15 -3 1 101
 15 2 -1 6
 15 -1 0 336
 15 1 2 64
 15 -1 -2 10
 15 -2 -1 85
 55 -4 -1 26
 55 2 -2 331
 55 3 -2 88
 55 -1 -4 300
 55 -2 -3 137
 55 0 -4 265
 55 -1 3 248
 55 2 -3 237
 5 1 -4 263
 5 -3 2 322
 5 2 3 139
 55 3 -3 190
 55 -2 2 103
 55 3 -1 333
 55 0 3 337
 55 -2 -2 222
 55 0 4 41
 55 1 3 77
 55 -4 1 232
 55 1 -3 181
 55 1 4 56
 55 -2 1 310
 5 -3 -3 115
 55 4 1 42
 55 2 2 116
 55 -3 3 171
 55 4 -1 79
 55 -3 -2 213
 "contig-ratio-green-core" 0.7
 "contig-ratio-red-core" 0.875
 "a-count" 7
 "b-count" 4
 "c-color-count" 24
 "c-express-count" 24
 "d-color-count" 21
 "d-express-count" 21
 "cell-count" 56
 15 1 2 353
 15 2 1 108
 105 0 -3 323
 15 0 0 292
 15 1 5 45
 105 1 4 141
 15 0 2 196
 15 1 0 155
 105 -2 0 53
 15 -3 0 72
 105 2 -3 25
 15 0 -1 246
 15 1 4 229
 15 1 1 295
 15 1 2 183
 15 3 2 182
 15 1 -1 303
 105 3 3 303
 15 0 3 265
 15 2 2 157
 15 0 4 191
 15 -1 2 310
 15 0 2 188
 15 2 0 98
 15 1 0 277
 105 4 0 277
 15 -1 -1 260
 105 4 1 230
 55 -2 -2 168
 55 2 3 113
 55 -1 4 14
 55 3 0 125
 5 4 -1 161
 55 2 2 205
 55 -2 -3 17
 55 -3 1 48
 5 1 3 278
 55 0 5 269
 55 1 -3 154
 55 -3 -3 304
 55 0 -2 157
 55 -1 1 188
 55 -2 -1 343
 55 2 -1 33
 55 -1 3 199
 55 -1 -3 47
 55 3 -3 312
 55 3 1 205
 5 2 -2 273
 5 -1 -4 205
 55 -4 0 61
 55 -4 -1 219
 55 -2 4 168
 55 1 -4 168
 55 1 -1 7
 55 -2 2 164
 "contig-ratio-green-core" 0.8823529411764706
 "contig-ratio-red-core" 0.7894736842105263
 "a-count" 3
 "b-count" 5
 "c-color-count" 23
 "c-express-count" 23
 "d-color-count" 25
 "d-express-count" 25
 "cell-count" 56
 15 -3 -3 203
 15 2 1 351
 15 1 1 106
 15 -1 0 351
 15 0 -1 171
 15 -2 1 250
 15 0 0 4
 15 -1 2 75
 15 -1 -1 185
 15 0 3 283
 15 -4 0 26
 15 3 2 93
 15 -1 3 105
 105 -1 -4 270
 15 2 3 83
 15 0 1 281
 15 -2 0 154
 105 -4 2 222
 15 3 3 29
 15 -4 -1 144
 15 0 2 260
 15 1 0 3
 15 -1 1 70
 15 1 3 322
 15 -3 0 15
 105 -2 -3 289
 15 0 -4 155
 15 3 -1 29
 55 4 2 172
 55 1 -2 313
 5 3 1 135
 55 2 2 252
 55 -2 3 35
 55 0 4 6
 55 1 -4 339
 55 2 0 337
 55 0 -3 76
 55 -3 -2 169
 55 -4 1 185
 55 -3 2 285
 55 2 -3 225
 55 -1 -2 143
 55 1 4 333
 55 -3 1 31
 5 -2 -2 353
 55 2 -1 88
 55 -2 -1 128
 55 -1 4 121
 55 -3 -1 56
 5 -3 3 164
 5 -1 -3 231
 55 0 -2 233
 55 4 1 17
 55 -2 2 159
 55 4 -1 97
 5 3 -3 293
 "contig-ratio-green-core" 0.8421052631578947
 "contig-ratio-red-core" 0.9411764705882353
