 "a-count" 7
 "b-count" 8
 "c-color-count" 23
 "c-express-count" 20
 "d-color-count" 23
 "d-express-count" 21
 "cell-count" 56
 15 0 0 42
 15 1 -1 59
 15 -1 0 294
 15 0 -1 264
 15 3 1 319
 15 2 3 267
 15 -1 2 209
 15 -3 0 24
 15 2 0 356
 105 -2 -3 106
 15 0 1 331
 105 -1 -1 119
 105 2 1 116
 15 -2 2 318
 15 -2 -1 237
 15 -2 0 153
 15 1 -2 317
 15 1 2 87
 15 1 0 39
 15 0 2 271
 15 1 1 90
 15 0 3 305
 105 -2 -2 61
 15 -1 -4 221
 15 -2 1 33
 15 3 -1 70
 15 4 0 65
 105 0 -3 313
 55 2 -1 27
 55 -1 3 105
 5 -3 -1 215
 55 1 3 61
 55 0 4 159
 55 2 -2 276
 5 3 3 205
 55 1 4 223
 5 1 -4 227
 55 -1 -2 333
 55 -4 -1 163
 55 -3 1 297
 55 -2 3 308
 55 3 -2 136
 55 3 2 17
 55 3 -3 23
 55 -1 -3 19
 55 4 1 59
 55 -3 3 251
 5 1 -3 8
 55 2 -3 156
 55 -4 1 212
 5 -3 2 334
 55 -4 0 267
 55 4 -1 4
 55 -1 1 3
 55 -3 -2 186
 55 0 -4 184
 "contig-ratio-green-core" 0.6666666666666666
 "contig-ratio-red-core" 0.9166666666666666
 "a-count" 3
 "b-count" 4
 "c-color-count" 25
 "c-express-count" 24
 "d-color-count" 27
 "d-express-count" 25
 "cell-count" 56
 15 0 0 359
 15 -1 0 275
 15 -2 0 335
 15 -1 4 66
 15 2 0 209
 15 -2 -3 244
 15 -3 1 100
 15 3 -3 126
 105 0 4 51
 15 0 -2 262
 15 2 1 106
 15 2 2 31
 15 3 -2 243
 15 3 1 184
 15 -3 3 163
 15 -3 2 273
 15 -1 -1 350
 15 1 -1 89
 15 1 2 150
 15 -1 2 264
 15 1 0 75
 15 0 1 54
 15 -1 1 122
 15 -2 1 287
 15 0 -1 180
 15 0 3 343
 15 3 0 349
 15 1 1 142
 55 0 -4 115
 55 4 2 202
 55 2 -3 242
 55 -2 3 25
 55 -1 3 15
 55 -3 -3 101
 55 4 0 24
 5 1 -3 105
 55 -4 -2 184
 55 -2 2 179
 55 -3 -2 2
 55 1 -2 271
 55 -2 -1 168
 55 3 3 346
 5 1 4 333
 55 3 2 80
 55 -3 0 170
 5 4 1 314
 55 -4 0 358
 55 3 -1 316
 55 -3 -1 45
 55 1 3 251
 55 1 -4 359
 55 -4 1 225
 55 -1 -2 309
 55 2 -2 293
 55 -1 -4 7
 55 2 3 129
 "contig-ratio-green-core" 0.8571428571428571
 "contig-ratio-red-core" 0.8333333333333334
 "a-count" 6
 "b-count" 5
 "c-color-count" 24
 "c-express-count" 23
 "d-color-count" 25
 "d-express-count" 22
 "cell-count" 56
 15 2 2 79
 15 2 1 181
 105 -3 2 236
 15 -3 -1 290
 15 -1 2 211
 105 0 1 324
 15 3 0 53
 15 -1 -1 153
 15 -2 0 74
 15 0 2 29
 15 -3 0 69
 105 -1 -4 74
 15 -1 4 296
 15 2 0 104
 15 2 -1 255
 15 0 -2 355
 15 1 -1 193
 15 1 1 101
 15 -3 1 350
 15 1 -4 119
 15 -2 -1 206
 15 0 -1 54
 15 1 0 186
 15 1 2 147
 15 0 0 129
 15 3 1 156
 15 -1 1 302
 15 0 3 207
 55 -2 1 270
 55 -2 -2 307
 5 -3 3 205
 55 0 -3 208
 55 4 1 33
 55 -3 -3 80
 55 1 -2 299
 55 0 4 107
 5 2 -2 278
 5 -4 1 12
 55 4 0 334
 55 3 -3 156
 55 0 -4 169
 55 -3 -2 4
 55 1 4 96
 55 -1 -3 210
 55 2 3 112
 55 -1 3 215
 55 -2 -3 97
 55 3 -1 290
 55 1 -3 109
 55 4 -1 224
 55 -2 2 196
 5 -4 0 140
 55 3 3 19
 55 -1 -2 281
 55 1 3 137
 55 3 2 59
 "contig-ratio-green-core" 0.85
 "contig-ratio-red-core" 1
 "a-count" 2
 "b-count" 6
 "c-color-count" 23
 "c-express-count" 22
 "d-color-count" 27
 "d-express-count" 26
 "cell-count" 56
 15 2 1 41
 15 0 1 132
 15 0 -2 152
 15 1 -3 152
 15 0 0 236
 105 0 2 107
 15 3 2 298
 15 3 0 306
 15 -1 2 184
 15 -1 1 235
 15 -1 -3 8
 15 1 -2 322
 15 2 0 256
 15 1 2 250
 15 -2 1 107
 15 0 4 332
 15 -1 -1 177
 15 0 -1 237
 15 -4 -1 86
 15 1 1 271
 15 1 -1 31
 15 4 0 96
 15 -4 1 109
 15 -1 0 259
 15 0 3 347
 15 -2 0 24
 15 3 1 1
 15 -1 -2 66
 55 -2 3 225
 55 4 -1 347
 5 4 1 333
 55 0 -4 229
 55 -2 -3 167
 55 -2 -2 2
 5 0 -3 11
 55 1 -4 201
 55 2 -1 235
 55 -1 4 154
 5 3 -3 73
 55 -2 2 240
 55 -2 -1 235
 55 -1 -4 268
 55 -3 0 195
 5 1 3 102
 55 2 3 52
 55 -3 3 55
 55 -1 3 247
 55 -4 0 65
 55 3 -2 114
 55 2 -3 88
 55 3 -1 22
 55 3 3 276
 5 -3 2 163
 55 -3 -2 299
 55 2 2 299
 55 -3 -1 139
 "contig-ratio-green-core" 0.8181818181818182
 "contig-ratio-red-core" 0.75
