 "a-count" 5
 "b-count" 4
 "c-color-count" 24
 "c-express-count" 24
 "d-color-count" 24
 "d-express-count" 23
 "cell-count" 56
 105 2 -2 265
 15 -1 3 358
 15 1 0 277
 15 3 0 280
 15 0 -3 17
 15 0 1 238
 15 -1 -2 109
 105 4 -1 7
 15 1 1 65
 15 2 0 353
 15 -1 1 272
 15 -1 -1 62
 15 0 3 111
 15 0 0 295
 15 2 2 196
 15 3 2 192
 15 0 2 327
 15 1 -1 253
 15 4 0 146
 15 -1 0 38
 15 0 -2 204
 105 -2 1 266
 105 1 2 76
 15 -4 1 49
 15 -2 0 298
 15 3 1 70
 15 1 -2 111
 15 -3 -3 338
 55 -2 -2 281
 55 3 3 78
 55 -3 0 7
 55 0 -4 111
 55 -2 3 40
 55 4 1 97
 55 2 -3 108
 55 3 -1 71
 55 -1 2 216
 5 2 3 139
 55 0 4 38
 55 2 -1 150
 55 -1 -4 160
 55 -2 -1 297
 55 -1 4 286
 55 -3 1 192
 55 -2 -3 299
 5 1 3 219
 5 3 -3 165
 55 1 -3 233
 55 -3 -2 0
 55 -3 -1 268
 55 -3 2 108
 55 -4 0 147
 5 -4 -1 247
 55 -1 -3 331
 55 3 -2 50
 55 -3 3 12
 "contig-ratio-green-core" 0.7647058823529411
 "contig-ratio-red-core" 0.9285714285714286
 "a-count" 6
 "b-count" 7
 "c-color-count" 21
 "c-express-count" 21
 "d-color-count" 23
 "d-express-count" 22
 "cell-count" 56
 15 3 -1 272
 15 -2 0 250
 15 1 -2 7
 15 1 2 316
 105 -4 0 157
 15 0 1 120
 105 2 -2 29
 15 1 -1 302
 15 -1 0 227
 15 2 2 207
 15 -2 1 316
 15 1 1 276
 105 -3 2 0
 105 3 0 201
 15 -1 1 68
 15 0 -1 59
 15 -1 -1 201
 15 0 -2 331
 15 0 4 127
 15 -2 -1 112
 15 0 3 292
 15 0 0 91
 15 2 0 261
 15 -3 1 171
 15 1 0 184
 15 2 1 295
 105 -2 3 216
 15 -1 2 6
 55 -1 -2 58
 55 0 2 351
 5 3 3 40
 55 4 0 307
 55 0 -3 4
 55 -4 -1 83
 55 -2 -3 126
 55 -4 1 181
 5 -2 -2 207
 5 -3 3 216
 55 2 -1 313
 5 -1 -4 4
 55 3 -3 85
 55 -3 -1 192
 55 3 2 45
 55 2 -3 92
 5 3 1 175
 55 1 3 221
 55 3 -2 320
 55 1 -3 100
 55 -1 4 86
 55 1 -4 269
 55 -2 2 273
 55 -1 -3 219
 5 -3 0 255
 55 4 1 271
 55 2 3 14
 5 1 4 241
 "contig-ratio-green-core" 0.6363636363636364
 "contig-ratio-red-core" 0.7647058823529411
 "a-count" 4
 "b-count" 8
 "c-color-count" 20
 "c-express-count" 20
 "d-color-count" 24
 "d-express-count" 24
 "cell-count" 56
 15 -1 0 292
 105 -2 0 2
 15 -2 -2 208
 15 -1 -1 143
 15 -1 1 331
 105 1 3 217
 15 0 0 78
 15 -2 1 331
 15 0 2 170
 15 -3 -1 351
 15 0 -4 285
 15 1 -3 71
 15 -3 0 346
 105 3 -1 348
 15 0 1 322
 15 1 -1 345
 15 0 -2 352
 15 1 0 184
 15 0 3 131
 15 3 1 251
 15 4 -1 157
 15 0 -1 308
 15 2 1 336
 15 -2 2 190
 15 0 4 210
 15 -2 -1 353
 15 1 2 68
 105 -2 3 310
 5 -4 0 218
 55 3 0 127
 55 2 -3 31
 55 3 -2 274
 55 -3 2 245
 5 -1 -2 61
 55 -1 3 286
 55 -3 1 18
 55 -2 -3 183
 5 3 3 115
 55 -3 -2 305
 55 -4 -1 233
 5 0 -3 313
 55 1 4 300
 55 -3 -3 23
 5 -1 4 331
 55 2 2 147
 55 2 -2 264
 55 -3 3 105
 5 2 0 233
 55 4 0 225
 5 2 -1 326
 55 1 -4 131
 55 1 -2 287
 55 -4 1 47
 55 2 3 42
 55 3 2 208
 5 -1 -4 219
 "contig-ratio-green-core" 0.8
 "contig-ratio-red-core" 0.6470588235294118
 "a-count" 5
 "b-count" 2
 "c-color-count" 27
 "c-express-count" 26
 "d-color-count" 26
 "d-express-count" 23
 "cell-count" 56
 15 -2 0 6
 15 0 -3 254
 15 1 1 304
 15 -1 -2 167
 15 2 1 352
 105 -4 0 98
 15 2 0 50
 15 0 -1 10
 15 -1 1 276
 15 -1 4 10
 15 1 0 342
 15 -3 1 325
 15 1 -2 218
 15 0 1 318
 15 1 -1 268
 15 -1 -1 287
 15 3 -1 51
 15 0 0 2
 15 1 2 115
 15 3 0 58
 15 2 -1 331
 15 3 3 312
 105 4 0 112
 15 1 -3 288
 15 -1 0 2
 15 -2 1 18
 15 -3 -1 232
 15 -2 2 137
 55 1 4 8
 55 1 -4 245
 55 -3 3 297
 55 -1 3 273
 55 3 2 227
 55 -3 0 312
 55 -3 -2 68
 55 4 -1 152
 55 0 3 66
 55 2 2 157
 55 0 -4 173
 55 -3 -3 94
 55 3 -2 79
 55 2 3 51
 55 2 -2 17
 55 1 3 279
 55 -2 3 325
 55 -2 -2 216
 55 3 1 212
 55 4 1 102
 55 -4 -1 277
 55 -1 2 0
 5 2 -3 359
 55 0 4 77
 55 -1 -3 20
 55 -4 1 207
 55 -3 2 83
 55 0 2 139
 "contig-ratio-green-core" 0.8
 "contig-ratio-red-core" 1.0666666666666667
