 "a-count" 2
 "b-count" 6
 "c-color-count" 22
 "c-express-count" 22
 "d-color-count" 27
 "d-express-count" 26
 "cell-count" 56
 15 -1 3 121
 15 4 1 350
 15 0 -4 169
 15 1 2 287
 15 0 -1 168
 15 0 -3 277
 15 1 -1 145
 15 -2 -1 148
 15 1 -2 84
 15 -2 0 350
 105 0 3 62
 15 0 2 293
 15 2 -1 273
 15 -1 -2 323
 15 0 1 272
 15 -1 1 170
 15 2 1 130
 15 -1 0 168
 15 0 -2 262
 15 -2 -2 230
 15 -3 3 63
 15 -3 -1 17
 15 3 -3 75
 15 -3 0 5
 15 1 1 12
 15 1 0 296
 15 -2 1 42
 15 -1 -1 214
 55 -3 -3 283
 55 3 1 328
 5 2 3 51
 55 3 -2 30
 55 -3 2 3
 55 -3 1 81
 55 -1 4 99
 55 3 2 36
 55 3 3 172
 5 -2 -4 20
 55 -1 -3 131
 55 2 2 255
 55 -2 2 318
 55 3 -1 263
 55 1 4 199
 55 2 0 198
 55 4 -1 315
 55 -2 3 98
 5 2 -2 301
 55 -3 -2 50
 55 -2 -3 131
 5 -4 -1 158
 55 1 3 286
 55 0 4 288
 55 -4 0 81
 55 1 -3 57
 5 -1 -4 215
 5 4 0 63
 "contig-ratio-green-core" 0.6842105263157895
 "contig-ratio-red-core" 0.875
 "a-count" 4
 "b-count" 5
 "c-color-count" 23
 "c-express-count" 23
 "d-color-count" 24
 "d-express-count" 24
 "cell-count" 56
 15 -1 -2 70
 105 -4 0 208
 15 -3 1 158
 105 2 2 207
 15 0 -1 133
 15 -1 0 356
 15 0 -2 27
 15 2 1 134
 15 2 0 19
 15 1 0 39
 105 -1 -4 143
 15 -2 0 75
 105 -1 -1 220
 15 0 0 247
 15 3 0 159
 15 -2 -1 137
 15 0 2 255
 15 4 1 203
 15 3 2 2
 15 -3 -1 75
 15 1 2 247
 15 2 3 227
 15 1 1 99
 15 3 1 303
 15 0 -3 122
 15 -3 0 261
 15 0 1 126
 15 3 -1 285
 55 2 -1 305
 55 -1 -3 109
 55 4 0 170
 55 0 3 95
 55 -3 2 38
 55 1 -1 221
 55 -3 -2 278
 55 -1 2 266
 5 2 -3 43
 55 3 -2 230
 55 1 -2 113
 55 0 4 214
 5 -3 -3 205
 55 0 -4 89
 55 -2 -3 32
 55 1 -4 309
 55 -2 -2 223
 55 -4 -1 109
 55 3 3 49
 5 -2 2 232
 5 -4 1 349
 55 -1 1 32
 55 1 3 143
 55 -2 3 271
 55 2 -2 276
 5 4 -1 216
 55 2 4 293
 55 -1 3 303
 "contig-ratio-green-core" 0.8947368421052632
 "contig-ratio-red-core" 0.8947368421052632
 "a-count" 5
 "b-count" 7
 "c-color-count" 22
 "c-express-count" 21
 "d-color-count" 25
 "d-express-count" 23
 "cell-count" 56
 15 0 0 36
 15 -1 2 173
 15 -2 1 123
 105 -4 1 14
 15 1 0 304
 15 2 -1 324
 105 -3 -2 39
 15 -3 2 307
 15 3 2 348
 15 1 -1 61
 15 -1 -1 134
 15 3 1 319
 15 -1 -2 0
 15 0 -2 223
 15 -3 -3 310
 15 -1 0 225
 15 1 1 93
 105 -1 3 233
 15 3 0 122
 15 0 -1 268
 15 0 1 42
 15 0 2 253
 15 -2 0 152
 15 2 1 247
 15 1 2 19
 15 3 -1 118
 15 -1 1 31
 15 2 0 12
 55 0 -3 190
 55 -2 3 45
 55 -1 -4 314
 55 4 -1 267
 55 -2 -1 278
 55 2 2 320
 55 0 3 4
 55 -2 2 354
 55 4 1 80
 55 0 4 102
 55 -2 -2 198
 55 4 0 239
 5 1 -3 307
 55 -3 -1 286
 55 1 -2 56
 5 0 -4 162
 55 -4 0 85
 55 -1 -3 211
 55 -4 -1 350
 5 -3 3 69
 55 -2 -3 124
 5 3 -3 201
 55 2 -2 87
 5 2 -3 78
 5 3 3 160
 55 2 3 256
 55 1 3 15
 55 -3 1 72
 "contig-ratio-green-core" 0.9411764705882353
 "contig-ratio-red-core" 0.9375
 "a-count" 3
 "b-count" 3
 "c-color-count" 25
 "c-express-count" 25
 "d-color-count" 26
 "d-express-count" 25
 "cell-count" 56
 15 -1 -1 328
 15 1 0 214
 15 1 2 354
 15 0 3 83
 15 -3 -1 235
 15 -3 0 38
 15 -2 -1 312
 15 0 0 33
 15 4 1 292
 15 0 1 336
 15 -2 2 351
 105 -1 -4 313
 15 1 -1 259
 15 1 1 228
 15 -2 1 113
 15 0 2 145
 15 -1 0 273
 15 -1 1 69
 15 0 4 123
 15 -2 3 315
 15 0 -1 110
 15 2 0 215
 15 -1 2 175
 15 1 -2 170
 15 -2 0 304
 105 -1 4 180
 15 0 -2 52
 15 -3 1 204
 55 1 -3 129
 55 -2 -2 104
 55 -1 -2 69
 55 -3 2 45
 5 0 -4 251
 55 -4 -1 20
 55 2 -2 224
 55 4 -1 231
 55 3 1 226
 55 -4 1 277
 55 3 -3 249
 55 1 3 332
 55 -3 -3 93
 55 3 2 245
 55 -1 -3 276
 55 -3 -2 322
 55 -3 3 152
 5 3 -2 77
 55 -4 0 23
 55 -2 -3 309
 55 2 2 104
 55 3 -1 158
 55 2 -1 331
 55 2 3 262
 55 3 0 69
 5 2 -3 132
 55 4 0 250
 55 0 -3 236
 "contig-ratio-green-core" 0.6190476190476191
 "contig-ratio-red-core" 1
