 "a-count" 6
 "b-count" 0
 "c-color-count" 28
 "c-express-count" 28
 "d-color-count" 23
 "d-express-count" 22
 "cell-count" 56
 15 -1 -4 157
 15 -1 3 136
 15 -2 2 173
 15 2 2 29
 105 2 -3 43
 15 3 2 51
 15 1 -4 252
 15 -4 1 168
 15 2 1 12
 15 -3 -2 102
 15 -1 2 122
 105 4 -1 358
 15 -3 -3 178
 15 -2 3 64
 105 3 -2 245
 15 3 -1 40
 15 3 3 347
 15 3 1 181
 105 0 4 46
 15 -4 0 96
 15 0 -5 345
 15 0 -4 354
 15 -3 2 247
 15 1 -3 182
 15 -4 -1 183
 15 3 0 183
 15 0 3 264
 105 -3 3 1
 55 1 -2 277
 55 -3 1 97
 55 -2 1 162
 55 2 0 346
 55 -1 0 72
 55 2 -2 355
 55 0 0 200
 55 0 2 118
 55 1 -1 56
 55 -1 -2 223
 55 -3 -1 153
 55 1 0 253
 55 0 1 250
 55 2 -1 352
 55 1 3 291
 55 -3 0 299
 55 -1 -3 216
 55 -2 -2 185
 55 2 3 221
 55 -2 0 176
 55 0 -2 51
 55 0 -3 151
 55 1 2 240
 55 0 -1 39
 55 -1 1 34
 55 1 1 319
 55 -1 -1 189
 55 -2 -1 209
 "contig-ratio-green-core" 0.9411764705882353
 "contig-ratio-red-core" 0.7142857142857143
 "a-count" 11
 "b-count" 1
 "c-color-count" 27
 "c-express-count" 27
 "d-color-count" 18
 "d-express-count" 17
 "cell-count" 56
 15 3 -1 297
 15 0 3 52
 105 1 2 211
 105 1 3 169
 105 0 4 136
 105 1 -4 3
 15 -4 -1 330
 15 4 1 8
 105 0 -4 173
 105 -3 -3 317
 15 2 3 49
 15 -4 0 94
 15 -4 1 243
 15 -1 3 24
 15 0 -3 310
 15 2 -3 16
 15 3 -2 238
 15 4 0 87
 15 0 2 6
 15 -3 -2 10
 105 -1 -3 342
 15 1 -3 348
 15 -2 -3 191
 105 -1 -4 110
 105 2 2 161
 15 -2 3 84
 15 4 -1 213
 105 3 -3 329
 55 -2 0 169
 55 2 1 179
 55 2 -1 340
 55 0 1 62
 55 0 0 185
 55 2 0 290
 55 0 -2 183
 55 3 0 305
 55 -1 -2 358
 55 3 1 3
 55 -2 1 324
 55 -1 0 271
 55 -3 0 128
 55 0 -1 177
 55 1 0 39
 55 -2 2 24
 55 1 1 12
 55 -3 1 227
 55 1 -1 214
 55 -2 -2 340
 55 -1 2 289
 55 -3 -1 15
 55 2 -2 303
 55 -1 1 122
 55 -1 -1 48
 55 -2 -1 317
 5 -3 2 81
 55 1 -2 348
 "contig-ratio-green-core" 0.9375
 "contig-ratio-red-core" 1
 "a-count" 8
 "b-count" 1
 "c-color-count" 27
 "c-express-count" 27
 "d-color-count" 21
 "d-express-count" 20
 "cell-count" 56
 105 3 0 10
 15 0 4 288
 15 3 1 342
 15 -1 3 313
 15 3 -1 75
 105 2 -3 359
 15 1 4 139
 15 1 -2 300
 15 0 -4 277
 15 -3 -3 113
 15 2 0 267
 15 0 3 340
 15 4 -1 15
 105 4 0 143
 15 -1 4 127
 15 -4 0 283
 15 1 -1 145
 105 2 -2 83
 15 1 -3 325
 15 2 1 245
 105 3 -3 165
 15 1 -4 315
 105 3 2 90
 15 -2 -3 341
 15 -4 -1 54
 15 2 -1 32
 105 3 3 289
 15 2 2 356
 55 0 1 284
 55 3 -2 70
 55 -1 1 155
 55 -1 -2 181
 55 0 0 213
 55 2 3 53
 55 -1 0 209
 55 -2 -1 262
 55 -1 2 308
 55 0 -3 239
 55 -3 -2 129
 55 -1 -1 41
 55 1 3 29
 55 -3 1 143
 55 -2 0 228
 55 0 -2 0
 55 -2 -2 270
 55 1 1 210
 55 1 2 260
 55 0 -1 160
 55 -2 2 228
 55 -3 -1 155
 55 -1 -4 318
 55 -1 -3 161
 55 1 0 19
 55 0 2 239
 55 -3 0 142
 5 -3 2 129
 "contig-ratio-green-core" 0.7777777777777778
 "contig-ratio-red-core" 0.85
 "a-count" 10
 "b-count" 0
 "c-color-count" 28
 "c-express-count" 28
 "d-color-count" 19
 "d-express-count" 18
 "cell-count" 56
 15 -4 1 184
 15 0 -3 257
 105 -4 0 259
 105 -2 -3 27
 105 3 -1 252
 105 -4 -1 249
 15 0 -2 184
 15 2 -2 46
 15 2 -3 311
 15 -2 -2 185
 15 -3 2 273
 105 4 0 148
 105 -1 -4 344
 105 -3 -1 323
 15 -3 0 230
 15 -1 4 196
 15 1 -1 172
 15 1 -2 275
 15 -1 -3 37
 15 1 4 246
 15 0 4 236
 15 -3 1 109
 15 1 -3 336
 105 3 -2 332
 15 -3 -2 116
 15 -3 -3 93
 105 2 -1 349
 15 -1 -2 188
 55 -2 -1 80
 55 0 3 220
 55 1 3 198
 55 2 -4 164
 55 -1 -1 117
 55 0 1 52
 55 0 0 126
 55 -1 2 292
 55 1 1 248
 55 2 1 137
 55 2 2 226
 55 -2 2 266
 55 0 -1 148
 55 -1 1 69
 55 3 2 354
 55 -2 0 288
 55 1 2 1
 55 -1 3 288
 55 -2 1 84
 55 0 -4 292
 55 -1 0 90
 55 2 3 141
 55 -2 3 263
 55 1 0 211
 55 3 1 38
 55 0 2 241
 55 1 -4 216
 55 2 0 80
 "contig-ratio-green-core" 0.7058823529411765
 "contig-ratio-red-core" 0.8
