 "a-count" 6
 "b-count" 0
 "c-color-count" 28
 "c-express-count" 28
 "d-color-count" 23
 "d-express-count" 22
 "cell-count" 56
 15 -2 -1 101
 15 0 3 198
 15 3 3 146
 15 0 -4 14
 15 -3 2 292
 15 0 -3 137
 15 -2 2 80
 15 0 4 286
 15 4 0 115
 105 -4 1 238
 15 1 -3 297
 15 -4 0 88
 15 -1 -2 182
 15 3 2 28
 15 -4 -1 184
 15 -1 3 303
 15 1 -4 247
 15 -1 -4 195
 105 -3 3 27
 105 -3 -3 167
 15 -3 1 223
 15 -2 -3 334
 15 -3 -1 338
 15 4 1 212
 15 2 -3 98
 15 -2 -2 38
 105 -2 3 113
 105 -1 -3 144
 55 -2 0 167
 55 1 3 128
 55 -1 1 262
 55 -1 0 168
 55 2 3 0
 55 -1 2 114
 55 1 -2 212
 55 2 0 327
 55 0 0 34
 55 0 -1 259
 55 0 2 138
 55 1 1 145
 55 2 1 285
 55 0 -2 2
 55 3 0 227
 55 -1 -1 174
 55 1 2 9
 55 0 1 249
 55 2 2 320
 55 1 0 73
 55 -3 -2 355
 55 1 4 220
 55 2 -2 73
 55 -2 1 294
 55 3 -1 213
 55 2 -1 217
 55 1 -1 40
 55 3 1 75
 "contig-ratio-green-core" 0.9333333333333333
 "contig-ratio-red-core" 0.75
 "a-count" 3
 "b-count" 2
 "c-color-count" 26
 "c-express-count" 26
 "d-color-count" 25
 "d-express-count" 25
 "cell-count" 56
 15 -1 2 116
 15 -1 -3 122
 15 -2 3 83
 105 3 2 78
 15 3 -1 219
 15 1 3 103
 105 0 4 207
 15 0 -4 262
 15 0 -3 47
 15 -1 3 140
 15 4 1 241
 15 -4 0 44
 15 1 -2 43
 15 -3 -3 140
 15 0 2 84
 15 0 3 310
 15 2 3 18
 15 -2 -3 60
 105 -4 -1 284
 15 -2 2 90
 15 2 -2 173
 15 -2 1 253
 15 1 -3 321
 15 -1 1 45
 15 3 -3 24
 15 1 -1 280
 15 2 -1 81
 15 2 -3 222
 55 3 0 286
 55 -1 -2 244
 55 0 -1 42
 55 3 1 297
 55 -3 1 357
 55 1 2 246
 5 -1 -4 323
 55 -3 -2 252
 55 2 1 243
 55 0 -2 353
 5 2 -4 61
 55 -2 0 114
 55 -2 -1 192
 55 0 0 145
 55 1 1 299
 55 -3 2 280
 55 -4 1 161
 55 -3 -1 218
 55 -1 0 207
 55 -1 -1 281
 55 1 -4 355
 55 0 1 235
 55 -3 0 156
 55 2 0 334
 55 2 2 86
 55 1 0 167
 55 4 -1 357
 55 4 0 280
 "contig-ratio-green-core" 0.7727272727272727
 "contig-ratio-red-core" 0.8947368421052632
 "a-count" 9
 "b-count" 3
 "c-color-count" 25
 "c-express-count" 25
 "d-color-count" 21
 "d-express-count" 19
 "cell-count" 56
 105 3 3 250
 15 2 -2 13
 15 0 3 195
 15 0 -3 37
 15 -4 -1 152
 105 -2 -2 340
 105 -3 3 179
 15 1 3 236
 15 -1 3 229
 105 3 2 124
 15 2 3 83
 15 2 2 73
 15 1 -2 76
 15 2 -3 305
 15 -3 -1 155
 105 0 4 188
 105 -2 -3 23
 15 -2 3 316
 105 1 -4 78
 15 4 -1 287
 15 -3 2 222
 15 1 -3 240
 15 0 -4 161
 15 3 -2 111
 15 0 -2 190
 15 -2 -1 120
 15 -3 -2 42
 15 4 0 228
 55 -2 2 286
 55 3 1 107
 55 -1 -1 327
 55 -2 1 126
 55 3 0 189
 55 -1 0 199
 55 1 -1 230
 5 0 2 318
 55 -1 -3 329
 55 1 1 233
 55 1 0 170
 55 0 0 35
 55 1 2 308
 55 3 -1 326
 55 -1 -2 346
 55 -1 -4 274
 5 -1 2 181
 55 2 1 203
 55 -4 1 134
 55 0 1 163
 55 2 -1 36
 55 -3 0 130
 55 -4 0 46
 55 -3 1 223
 55 -1 1 214
 5 2 0 59
 55 0 -1 301
 55 -2 0 192
 "contig-ratio-green-core" 0.875
 "contig-ratio-red-core" 0.9411764705882353
