 "a-count" 5
 "b-count" 1
 "c-color-count" 27
 "c-express-count" 27
 "d-color-count" 23
 "d-express-count" 23
 "cell-count" 56
 15 -2 3 40
 15 1 3 224
 15 -2 -3 6
 15 4 0 302
 15 3 -2 349
 105 -1 4 158
 15 1 -2 150
 15 4 -1 133
 15 -3 -2 231
 15 -1 -3 15
 15 1 -3 90
 15 -1 -1 78
 15 2 -2 42
 15 -1 3 80
 15 0 -3 345
 15 -4 1 275
 15 0 3 35
 15 3 -1 135
 105 4 1 156
 15 2 -3 298
 15 -2 -2 34
 15 -2 -1 328
 15 -1 -2 326
 105 0 4 53
 15 1 4 83
 105 3 -3 78
 105 3 3 32
 15 0 -2 302
 55 0 -1 270
 55 -1 -4 268
 55 -2 2 203
 55 0 -4 112
 55 0 0 67
 55 -3 -1 132
 55 2 2 240
 55 2 1 42
 55 1 2 240
 55 1 -1 18
 55 -1 0 250
 55 -3 1 83
 55 -2 1 150
 55 0 1 204
 55 3 2 278
 55 2 -1 229
 55 3 0 266
 55 -3 0 101
 55 3 1 26
 5 -1 1 351
 55 1 0 287
 55 -1 2 31
 55 1 1 16
 55 0 2 262
 55 -4 -1 344
 55 2 0 245
 55 -4 0 137
 55 -2 0 236
 "contig-ratio-green-core" 0.7894736842105263
 "contig-ratio-red-core" 0.6842105263157895
 "a-count" 5
 "b-count" 2
 "c-color-count" 26
 "c-express-count" 26
 "d-color-count" 23
 "d-express-count" 23
 "cell-count" 56
 15 -4 1 193
 15 4 -1 44
 105 -1 -4 359
 105 -1 -3 97
 105 4 0 21
 15 0 1 1
 15 -2 3 168
 15 -2 -3 357
 15 -2 1 120
 15 -2 0 238
 15 1 4 94
 15 0 -2 110
 105 3 -2 43
 15 -1 4 133
 105 -3 3 42
 15 -1 -1 150
 15 -2 -2 325
 15 0 -3 292
 15 3 -1 73
 15 -3 2 194
 15 0 0 115
 15 0 -1 276
 15 0 -4 165
 15 -3 1 261
 15 -1 0 195
 15 -1 1 309
 15 0 4 174
 15 -1 -2 1
 55 2 3 291
 55 -4 0 213
 55 1 -2 26
 55 -2 2 104
 55 2 -3 53
 55 3 0 313
 55 -3 -1 63
 55 2 -2 229
 55 1 -3 130
 55 -1 3 218
 55 1 -4 162
 55 -4 -1 33
 55 1 -1 135
 55 1 2 25
 55 0 3 166
 55 -3 0 317
 5 3 3 225
 55 0 2 120
 5 3 2 290
 55 2 -1 354
 55 3 1 144
 55 1 0 35
 55 -3 -2 167
 55 -1 2 146
 55 1 1 240
 55 1 3 351
 55 2 1 102
 55 2 0 315
 "contig-ratio-green-core" 0.75
 "contig-ratio-red-core" 0.8421052631578947
 "a-count" 2
 "b-count" 0
 "c-color-count" 28
 "c-express-count" 28
 "d-color-count" 26
 "d-express-count" 26
 "cell-count" 56
 15 -1 -4 327
 15 2 -3 312
 15 -1 3 164
 105 -3 -1 163
 15 4 0 226
 15 0 4 98
 15 2 -4 27
 15 -3 -2 351
 15 1 -2 179
 15 0 -4 3
 15 -3 3 260
 15 -3 2 359
 15 1 -4 85
 15 -3 -3 220
 15 2 3 21
 15 -1 -3 47
 15 -1 4 234
 15 3 -2 186
 15 3 3 307
 15 -3 -4 5
 15 4 -1 105
 105 0 -3 354
 15 3 -1 156
 15 1 -3 145
 15 2 -2 70
 15 3 -3 98
 15 3 2 36
 15 -2 3 175
 55 -3 1 40
 55 -1 -2 97
 55 0 0 179
 55 2 -1 60
 55 2 1 42
 55 1 1 216
 55 0 1 16
 55 -1 1 213
 55 0 3 182
 55 0 2 226
 55 -2 -1 195
 55 -1 -1 153
 55 1 2 151
 55 -2 0 351
 55 2 2 228
 55 1 0 324
 55 -1 0 210
 55 -2 2 20
 55 3 1 211
 55 3 0 3
 55 1 3 88
 55 -3 0 191
 55 -1 2 319
 55 -2 1 136
 55 1 -1 346
 55 0 -1 88
 55 0 -2 165
 55 2 0 226
 "contig-ratio-green-core" 0.7857142857142857
 "contig-ratio-red-core" 0.5714285714285714
