 "a-count" 14
 "b-count" 0
 "c-color-count" 28
 "c-express-count" 28
 "d-color-count" 15
 "d-express-count" 14
 "cell-count" 56
 105 -3 3 275
 15 0 -4 210
 15 3 -2 185
 105 -1 4 201
 15 -2 -1 105
 15 2 -3 199
 105 4 0 244
 15 -4 1 198
 15 -3 -1 91
 15 1 3 349
 105 1 4 131
 15 2 3 345
 15 2 -2 203
 105 -3 2 42
 105 0 4 56
 15 4 1 233
 15 -2 -2 242
 105 -4 -1 81
 105 3 2 314
 15 1 -2 293
 105 3 -3 35
 105 -2 2 15
 105 1 -4 87
 15 -1 2 118
 105 -1 3 63
 15 -1 -4 210
 15 1 -3 232
 105 0 3 247
 55 -1 -3 319
 55 -3 0 127
 55 0 2 1
 55 2 -1 318
 55 2 0 103
 55 -1 -1 98
 55 2 1 198
 55 1 2 291
 55 -1 0 261
 55 -1 1 127
 55 -4 0 274
 55 -3 1 285
 55 1 0 166
 55 -2 -3 301
 55 0 1 329
 55 3 0 251
 55 -2 1 343
 55 -2 0 281
 55 0 0 52
 55 0 -2 0
 55 -1 -2 229
 55 -2 3 207
 55 0 -3 72
 55 1 1 174
 55 2 2 286
 55 0 -1 142
 55 3 1 231
 55 1 -1 293
 "contig-ratio-green-core" 0.6842105263157895
 "contig-ratio-red-core" 1.1666666666666667
 "a-count" 9
 "b-count" 0
 "c-color-count" 28
 "c-express-count" 28
 "d-color-count" 19
 "d-express-count" 19
 "cell-count" 56
 105 -3 -1 175
 15 2 -3 264
 15 1 -4 325
 105 -3 -3 349
 105 -2 -3 246
 105 -4 -1 18
 15 1 3 170
 15 2 -2 22
 15 1 -3 271
 15 4 -1 176
 15 3 -2 174
 15 2 2 59
 15 -3 1 105
 15 -4 0 57
 105 0 -4 315
 15 3 -1 358
 15 -3 2 202
 105 -2 -2 228
 105 3 3 117
 15 -1 -3 118
 15 3 2 300
 105 -4 1 61
 15 4 0 121
 15 2 3 274
 15 -3 0 200
 105 -1 -4 132
 15 0 -3 220
 15 -1 4 338
 55 0 1 129
 55 0 4 268
 55 -2 0 113
 55 -2 3 264
 55 -1 1 310
 55 0 3 276
 55 -1 0 284
 55 -1 -2 168
 55 0 0 189
 55 0 2 336
 55 2 -1 183
 55 -2 1 178
 55 1 -1 162
 55 0 -2 5
 55 2 1 175
 55 1 0 154
 55 -1 3 22
 55 0 -1 96
 55 1 -2 259
 55 -2 2 311
 55 -1 2 52
 55 1 2 114
 55 -2 -1 230
 55 2 0 249
 55 3 0 264
 55 -1 -1 338
 55 1 1 349
 55 3 1 222
 "contig-ratio-green-core" 0.8125
 "contig-ratio-red-core" 0.6666666666666666
 "a-count" 8
 "b-count" 1
 "c-color-count" 27
 "c-express-count" 27
 "d-color-count" 20
 "d-express-count" 20
 "cell-count" 56
 15 3 1 217
 15 -4 -1 153
 15 -4 0 243
 105 0 4 323
 15 -2 3 187
 15 3 2 359
 15 -3 3 181
 15 1 -3 249
 105 3 0 141
 15 4 2 2
 15 -1 3 195
 15 -3 -1 244
 15 2 -2 271
 15 0 -4 84
 15 4 0 220
 105 1 -4 201
 105 0 3 328
 15 4 -1 330
 15 2 -3 328
 105 3 -2 197
 15 0 -3 129
 15 -3 2 128
 105 1 3 112
 105 3 -1 351
 15 -4 1 21
 15 2 -1 53
 15 4 1 135
 105 3 -3 102
 55 2 2 237
 55 -1 2 175
 55 0 0 87
 55 -1 -1 10
 55 -2 -1 29
 55 -1 -3 9
 55 1 1 185
 55 -1 1 139
 55 -2 -2 100
 55 3 3 132
 55 -2 1 24
 55 1 -1 60
 55 1 0 298
 55 -1 -2 168
 55 -2 2 118
 5 -1 0 145
 55 0 -1 13
 55 0 -2 76
 55 1 2 148
 55 -3 1 285
 55 0 1 273
 55 2 0 81
 55 2 1 256
 55 0 2 236
 55 2 3 122
 55 -2 -3 138
 55 1 -2 231
 55 -2 0 5
 "contig-ratio-green-core" 0.6111111111111112
 "contig-ratio-red-core" 0.6470588235294118
