 "a-count" 10
 "b-count" 1
 "c-color-count" 27
 "c-express-count" 27
 "d-color-count" 21
 "d-express-count" 18
 "cell-count" 56
 15 -3 0 117
 15 0 4 42
 15 2 -2 261
 15 -1 -2 71
 15 4 0 81
 15 3 -2 7
 15 -4 0 317
 15 -2 3 31
 105 -4 1 79
 15 -4 -1 211
 105 -3 -1 280
 15 -2 -2 117
 15 1 3 157
 105 -2 2 197
 15 2 -1 265
 15 0 -2 53
 15 -1 -3 19
 15 3 -1 252
 105 4 -1 4
 15 -1 4 115
 15 -3 3 195
 15 0 -3 136
 15 -3 2 242
 105 1 -2 302
 15 1 -3 286
 105 2 -3 113
 105 -1 -1 22
 15 -4 3 266
 55 1 1 125
 55 0 2 67
 55 -1 -4 270
 55 2 0 326
 55 1 -1 240
 55 3 0 46
 55 0 0 90
 55 3 2 210
 55 2 2 39
 55 -2 1 13
 55 3 -3 27
 55 -1 0 355
 55 -1 1 277
 55 4 1 274
 55 0 -4 101
 55 -1 2 36
 5 -2 0 183
 55 -3 1 45
 55 -1 3 17
 55 0 3 163
 55 -2 -3 238
 55 2 1 224
 55 1 0 149
 55 1 2 335
 55 3 1 235
 55 0 1 281
 55 3 3 273
 55 0 -1 144
 "contig-ratio-green-core" 0.7058823529411765
 "contig-ratio-red-core" 0.6666666666666666
 "a-count" 6
 "b-count" 2
 "c-color-count" 26
 "c-express-count" 26
 "d-color-count" 22
 "d-express-count" 22
 "cell-count" 56
 15 1 3 232
 15 -3 -2 108
 15 -3 0 169
 105 1 -3 23
 15 -1 4 97
 15 3 -2 317
 15 2 -3 241
 15 -2 3 251
 15 -3 1 123
 15 3 -1 348
 15 4 0 321
 15 -3 -1 340
 15 -1 -3 338
 15 -2 -3 222
 15 -2 2 327
 15 1 4 222
 15 2 -1 150
 105 1 -2 160
 105 0 -3 296
 15 -3 2 321
 105 -4 0 73
 15 0 4 6
 105 -4 1 186
 15 2 -2 143
 15 4 -1 54
 105 4 1 106
 15 -4 -1 48
 15 -1 3 287
 55 3 0 24
 55 0 1 200
 55 -3 3 102
 5 0 0 299
 55 2 1 293
 55 -1 -1 113
 55 -1 2 300
 55 1 2 176
 5 2 0 216
 55 -1 -2 227
 55 1 0 208
 55 -2 -2 174
 55 1 1 240
 55 0 -2 67
 55 -1 1 155
 55 -2 1 129
 55 3 2 137
 55 0 2 144
 55 -1 0 234
 55 1 -1 218
 55 3 3 59
 55 0 -1 129
 55 -2 -1 84
 55 2 2 154
 55 3 -3 269
 55 -3 -3 171
 55 3 1 348
 55 -2 0 273
 "contig-ratio-green-core" 0.8
 "contig-ratio-red-core" 0.6111111111111112
 "a-count" 9
 "b-count" 0
 "c-color-count" 28
 "c-express-count" 28
 "d-color-count" 19
 "d-express-count" 19
 "cell-count" 56
 15 4 -2 60
 15 -4 1 202
 15 -2 3 119
 105 3 0 245
 105 -2 -3 145
 15 -3 3 85
 105 1 -3 327
 15 -3 2 17
 105 -3 -3 69
 15 1 3 273
 15 3 -2 247
 105 0 -4 307
 15 -3 1 176
 105 2 3 201
 105 -1 4 252
 105 -3 -2 263
 15 1 4 224
 15 4 -1 294
 105 4 1 172
 15 -4 0 170
 15 2 -3 280
 15 4 0 11
 15 3 -1 301
 15 -4 -1 305
 15 2 -2 92
 15 2 2 266
 15 -3 0 115
 15 1 2 307
 55 -3 -1 223
 55 3 3 333
 55 2 1 61
 55 -1 -1 268
 55 0 -2 159
 55 -2 2 64
 55 -1 3 293
 55 -1 -3 108
 55 0 3 254
 55 2 0 186
 55 1 0 260
 55 0 0 246
 55 1 -2 38
 55 -2 0 178
 55 3 2 108
 55 -1 1 278
 55 -1 2 204
 55 -2 1 185
 55 0 -3 29
 55 1 1 291
 55 -1 -2 314
 55 2 -1 329
 55 1 -1 193
 55 0 2 342
 55 -1 0 206
 55 -2 -1 54
 55 0 1 30
 55 0 -1 287
 "contig-ratio-green-core" 0.5555555555555556
 "contig-ratio-red-core" 0.6666666666666666
 "a-count" 7
 "b-count" 2
 "c-color-count" 26
 "c-express-count" 26
 "d-color-count" 21
 "d-express-count" 21
 "cell-count" 56
 15 1 2 133
 105 2 1 170
 15 4 0 0
 15 1 -3 192
 15 -1 4 316
 105 1 -2 130
 15 -3 3 158
 15 -2 -3 19
 15 3 1 250
 15 -1 -2 2
 15 -3 2 249
 15 -2 3 221
 15 4 1 155
 15 0 -3 125
 15 3 2 217
 105 1 -4 297
 15 2 3 86
 105 3 3 286
 105 2 -3 315
 15 2 2 331
 15 -2 -2 158
 15 -1 -1 301
 15 -2 -1 330
 105 0 -4 46
 105 -1 -3 63
 15 0 -2 198
 15 1 1 333
 15 4 -1 331
 55 1 3 183
 55 -2 1 285
 55 -3 1 180
 55 1 0 186
 55 -3 -2 148
 55 3 -1 354
 55 -1 0 234
 55 2 -1 357
 55 1 4 154
 55 0 0 83
 55 3 0 92
 55 0 2 344
 55 0 3 9
 55 0 1 188
 55 0 4 288
 55 -2 0 220
 55 -4 -1 158
 55 3 -3 246
 55 1 -1 187
 55 -3 0 23
 55 -1 2 306
 55 3 -2 338
 55 -3 -1 58
 55 -1 3 68
 5 -4 1 43
 55 0 -1 219
 55 2 0 79
 5 -2 2 245
 "contig-ratio-green-core" 0.6190476190476191
 "contig-ratio-red-core" 0.8666666666666667
