 "a-count" 6
 "b-count" 3
 "c-color-count" 25
 "c-express-count" 25
 "d-color-count" 22
 "d-express-count" 22
 "cell-count" 56
 15 4 0 119
 15 -1 -2 116
 15 -2 0 310
 105 4 1 172
 105 0 -4 218
 105 -3 -3 276
 105 3 -3 15
 15 1 4 26
 15 0 4 192
 15 1 -4 76
 15 -4 0 126
 15 -2 2 60
 105 -2 3 162
 15 -1 -4 129
 15 -3 0 100
 15 -1 3 353
 15 0 -1 148
 15 0 -2 242
 15 -2 1 38
 105 -3 1 177
 15 3 -1 67
 15 3 0 31
 15 -1 4 135
 15 3 2 74
 15 3 1 52
 15 3 -2 315
 15 -1 -1 117
 15 -2 -1 247
 55 1 0 122
 55 0 3 62
 55 2 0 271
 55 -1 0 248
 55 1 2 252
 5 4 -1 300
 55 0 0 1
 55 -1 2 189
 55 1 -2 169
 5 -4 -1 211
 55 2 2 198
 55 1 -3 167
 5 3 3 238
 55 2 1 15
 55 0 1 342
 55 1 3 263
 55 -3 -2 287
 55 2 -2 342
 55 2 -1 322
 55 -4 1 92
 55 0 -3 213
 55 -2 -3 165
 55 0 2 146
 55 1 -1 157
 55 -2 -2 330
 55 -1 1 304
 55 -1 -3 345
 55 1 1 175
 "contig-ratio-green-core" 1
 "contig-ratio-red-core" 0.8888888888888888
 "a-count" 3
 "b-count" 0
 "c-color-count" 28
 "c-express-count" 28
 "d-color-count" 25
 "d-express-count" 25
 "cell-count" 56
 15 -1 3 53
 15 -1 -4 307
 15 -1 -3 97
 15 1 2 319
 15 -1 -2 20
 15 -1 4 119
 15 -1 2 350
 15 -2 -3 229
 105 -1 -1 308
 15 -2 3 215
 15 -2 2 150
 15 -2 -2 343
 15 1 1 204
 15 0 4 14
 15 3 -3 135
 105 0 3 304
 15 2 -2 61
 15 -3 -2 349
 15 2 -3 62
 15 0 2 109
 105 -3 2 197
 15 4 1 96
 15 3 -2 109
 15 -4 -1 240
 15 1 3 45
 15 1 4 233
 15 -2 -1 210
 15 -3 3 33
 55 3 -1 25
 55 0 0 356
 55 1 -2 268
 55 3 2 51
 55 -1 1 278
 55 1 0 326
 55 -1 0 131
 55 1 -1 40
 55 0 -3 252
 55 2 1 157
 55 1 -3 241
 55 3 1 160
 55 -3 -1 156
 55 2 0 351
 55 -2 0 323
 55 -3 1 300
 55 -4 1 1
 55 3 3 101
 55 -3 -3 297
 55 -3 0 56
 55 2 -1 122
 55 0 -1 327
 55 0 -2 106
 55 -4 0 69
 55 2 3 43
 55 2 2 209
 55 -2 1 96
 55 3 0 12
 "contig-ratio-green-core" 0.5833333333333334
 "contig-ratio-red-core" 0.7142857142857143
 "a-count" 4
 "b-count" 0
 "c-color-count" 28
 "c-express-count" 28
 "d-color-count" 24
 "d-express-count" 24
 "cell-count" 56
 15 0 3 302
 15 -4 0 230
 15 4 0 107
 15 0 -2 108
 15 2 2 265
 105 2 3 262
 15 -1 3 70
 15 -2 -1 330
 15 -1 -2 293
 15 1 2 43
 15 -1 -1 77
 15 -2 -3 184
 15 0 -4 299
 15 -2 -2 246
 15 4 -2 91
 15 4 -1 25
 15 0 4 173
 105 -4 -1 200
 15 0 -3 198
 105 3 2 44
 105 2 -3 127
 15 -1 4 329
 15 -3 -2 43
 15 -1 -3 349
 15 4 -3 67
 15 1 4 199
 15 -3 -1 12
 15 3 -1 286
 55 3 1 274
 55 -2 1 131
 55 2 -1 249
 55 -2 2 287
 55 -1 0 120
 55 0 2 146
 55 -3 2 168
 55 2 1 208
 55 -2 -4 89
 55 -1 -4 203
 55 -1 2 271
 55 2 -2 17
 55 2 0 123
 55 1 1 62
 55 3 0 193
 55 0 -1 241
 55 -3 0 210
 55 -3 -3 276
 55 0 0 107
 55 0 1 171
 55 1 -2 125
 55 -2 0 258
 55 1 -1 40
 55 1 -3 32
 55 -3 3 290
 55 -1 1 0
 55 -3 1 27
 55 1 0 35
 "contig-ratio-green-core" 0.75
 "contig-ratio-red-core" 0.7142857142857143
