 "a-count" 8
 "b-count" 0
 "c-color-count" 28
 "c-express-count" 28
 "d-color-count" 20
 "d-express-count" 20
 "cell-count" 56
 15 -3 0 0
 105 -2 1 345
 105 -1 4 28
 15 -3 -3 97
 15 -1 3 319
 15 0 4 95
 105 3 2 173
 15 -3 -1 22
 15 -2 2 213
 15 4 -1 286
 15 3 0 303
 15 -4 0 37
 105 -3 3 301
 105 3 1 131
 105 -4 1 99
 15 -2 0 9
 15 1 4 196
 15 3 -2 192
 15 2 -2 103
 15 4 0 25
 15 -3 -2 314
 105 3 3 276
 15 2 4 227
 15 3 -1 130
 15 2 3 234
 15 -3 1 223
 105 -2 3 172
 15 -3 2 308
 55 1 -1 66
 55 2 -1 198
 55 0 1 293
 55 0 -1 112
 55 0 -3 326
 55 -1 -1 64
 55 1 3 304
 55 1 -2 152
 55 0 -2 276
 55 -1 1 230
 55 2 2 349
 55 -1 2 155
 55 0 0 197
 55 -4 -1 205
 55 -2 -1 303
 55 1 2 316
 55 -1 -2 69
 55 -1 -3 306
 55 2 1 328
 55 2 0 160
 55 0 3 306
 55 1 0 321
 55 1 1 316
 55 0 2 327
 55 -2 -2 347
 55 1 -3 92
 55 -1 0 322
 55 -1 -4 136
 "contig-ratio-green-core" 0.6875
 "contig-ratio-red-core" 0.7142857142857143
 "a-count" 9
 "b-count" 1
 "c-color-count" 27
 "c-express-count" 27
 "d-color-count" 19
 "d-express-count" 19
 "cell-count" 56
 15 3 2 134
 105 -3 1 112
 105 3 -3 205
 15 1 -2 45
 15 -3 3 306
 105 -4 -1 221
 15 3 1 342
 105 -3 0 104
 15 -1 -3 331
 15 1 -3 300
 105 4 0 216
 15 0 -2 14
 15 -2 -2 309
 105 -1 -4 58
 15 3 0 291
 15 -1 -2 53
 15 3 3 45
 15 -3 -2 30
 105 -3 -3 285
 15 -3 2 332
 15 -2 2 17
 105 -3 -1 155
 15 -2 -1 160
 15 0 -3 291
 15 1 4 227
 15 -2 3 269
 105 -4 1 295
 15 3 -1 202
 55 2 0 339
 55 1 3 144
 55 -2 -3 90
 55 1 -1 354
 55 0 1 161
 55 2 1 108
 55 1 -4 73
 55 4 1 88
 55 2 -1 19
 55 -1 3 18
 55 1 1 2
 55 1 2 336
 55 -1 2 104
 55 2 -3 78
 55 2 3 324
 55 -1 1 2
 55 1 0 226
 55 0 3 45
 55 0 -4 149
 55 -2 1 327
 55 0 0 50
 55 -1 0 152
 55 0 2 140
 5 4 -1 60
 55 0 -1 130
 55 2 -2 314
 55 -1 -1 213
 55 -2 0 359
 "contig-ratio-green-core" 0.7647058823529411
 "contig-ratio-red-core" 0.9375
 "a-count" 8
 "b-count" 1
 "c-color-count" 27
 "c-express-count" 27
 "d-color-count" 20
 "d-express-count" 20
 "cell-count" 56
 15 1 -4 195
 15 3 -1 73
 15 1 -2 82
 105 -3 -3 238
 15 -3 1 69
 15 0 -3 1
 105 3 1 341
 105 -2 -3 349
 15 0 -4 62
 15 2 -2 98
 15 -3 -2 134
 15 2 3 167
 105 4 0 259
 15 -4 -1 27
 15 -2 -2 192
 105 2 -3 222
 15 -1 3 1
 15 -1 -3 36
 15 -1 4 240
 15 -2 2 31
 15 3 -2 2
 105 3 3 33
 15 1 -3 173
 15 -1 2 30
 105 -1 -4 60
 105 4 -1 80
 15 2 -1 311
 15 -3 2 165
 55 2 2 12
 55 -2 0 50
 55 1 -1 138
 55 -4 0 102
 55 -1 1 54
 55 1 0 207
 55 -3 3 186
 55 -2 -1 127
 55 -2 1 125
 55 1 4 132
 55 3 2 159
 55 2 1 61
 55 0 2 256
 55 -3 -1 276
 55 0 1 228
 55 0 -2 299
 55 0 0 348
 55 1 1 143
 55 -1 -1 252
 55 0 3 197
 55 2 0 170
 5 0 4 309
 55 1 3 204
 55 1 2 355
 55 0 -1 342
 55 -1 -2 152
 55 -1 0 72
 55 -3 0 13
 "contig-ratio-green-core" 0.7058823529411765
 "contig-ratio-red-core" 0.8666666666666667
