 "a-count" 4
 "b-count" 4
 "c-color-count" 25
 "c-express-count" 24
 "d-color-count" 24
 "d-express-count" 24
 "cell-count" 56
 15 -1 2 100
 105 -4 0 151
 15 -1 1 89
 15 -1 -2 162
 15 3 3 265
 15 -3 -2 81
 15 -2 -2 280
 15 -1 0 283
 15 3 2 128
 15 1 2 333
 15 2 3 103
 15 1 3 150
 15 0 2 262
 15 -3 0 164
 105 0 -2 330
 15 -2 -1 185
 15 -2 1 212
 15 -1 -1 128
 15 0 0 308
 15 1 -2 154
 15 1 0 357
 105 1 -4 355
 15 -2 0 26
 15 1 1 125
 105 0 1 115
 15 0 -1 286
 15 -3 -1 240
 15 1 -1 97
 55 0 4 71
 5 -1 4 231
 55 2 0 332
 55 3 1 174
 55 -1 -3 35
 5 -4 -1 7
 55 -2 2 143
 55 3 -2 21
 55 2 -3 99
 5 -4 1 320
 55 2 -2 302
 55 -3 -3 288
 55 0 3 328
 55 -2 -3 247
 55 4 2 37
 55 4 1 80
 55 4 -1 229
 55 -3 1 88
 55 4 0 10
 55 -1 3 252
 55 0 -3 149
 55 1 -3 252
 55 3 -1 288
 55 -3 3 273
 55 2 -1 26
 55 2 1 274
 55 -2 3 3
 55 0 -4 1
 "contig-ratio-green-core" 0.5263157894736842
 "contig-ratio-red-core" 0.875
 "a-count" 4
 "b-count" 8
 "c-color-count" 21
 "c-express-count" 20
 "d-color-count" 24
 "d-express-count" 24
 "cell-count" 56
 15 -1 0 161
 15 -3 2 282
 15 0 2 198
 15 0 4 136
 15 0 1 141
 15 -1 1 25
 15 1 2 328
 105 1 4 183
 15 0 0 248
 15 2 2 226
 15 2 3 101
 105 2 -2 31
 15 4 1 162
 15 1 -3 321
 15 -2 1 191
 15 -3 2 255
 105 1 -2 108
 15 1 -1 260
 15 1 1 271
 15 -4 1 70
 15 -3 1 259
 15 -2 2 335
 15 -1 2 301
 105 -3 -2 327
 15 -2 1 177
 15 1 0 351
 15 1 0 91
 15 1 3 190
 55 2 -4 106
 55 3 0 54
 55 3 3 54
 55 2 0 9
 5 -2 -2 209
 5 2 -3 15
 55 -3 3 216
 5 -3 0 37
 55 0 4 111
 55 4 1 264
 55 -1 4 89
 55 0 -3 182
 5 -2 -3 204
 55 3 2 278
 55 -1 3 106
 55 -4 0 76
 55 4 2 84
 55 2 1 90
 55 1 -4 101
 55 3 1 179
 55 3 1 174
 55 0 3 291
 55 -2 -1 124
 5 0 -1 0
 55 -1 4 105
 5 2 -1 17
 55 -2 3 222
 5 0 -2 79
 "contig-ratio-green-core" 0.7777777777777778
 "contig-ratio-red-core" 0.6842105263157895
 "a-count" 5
 "b-count" 3
 "c-color-count" 25
 "c-express-count" 25
 "d-color-count" 25
 "d-express-count" 23
 "cell-count" 56
 15 2 -2 350
 15 0 1 221
 105 1 0 70
 15 -3 1 71
 15 -1 1 160
 105 0 -2 170
 15 -2 0 272
 15 0 2 312
 15 3 2 252
 105 -1 3 355
 15 -1 -1 87
 15 2 0 79
 15 -1 2 21
 15 -2 -3 31
 15 1 -2 160
 15 -2 -1 140
 15 -2 2 136
 15 2 2 292
 15 0 -3 134
 15 2 -1 39
 15 -1 0 49
 15 1 1 328
 15 -1 -2 233
 15 0 0 48
 15 0 3 195
 15 -2 -2 305
 15 2 1 202
 15 0 -1 115
 55 -3 -4 197
 5 3 -3 95
 55 1 2 8
 55 -1 -3 42
 55 -3 -2 272
 55 0 -4 309
 55 3 0 164
 55 1 3 291
 55 -4 0 148
 55 4 1 335
 5 -4 -1 68
 55 0 -5 350
 55 3 1 158
 55 0 4 100
 55 2 3 61
 55 -1 -4 48
 55 -4 1 114
 55 2 -3 4
 55 -3 2 322
 55 1 4 37
 55 -3 3 49
 55 1 -4 324
 5 -3 0 305
 55 4 -1 233
 55 2 -4 93
 55 -3 -3 346
 55 4 0 25
 55 -3 -3 117
 "contig-ratio-green-core" 0.6363636363636364
 "contig-ratio-red-core" 0.7647058823529411
 "a-count" 6
 "b-count" 6
 "c-color-count" 22
 "c-express-count" 22
 "d-color-count" 22
 "d-express-count" 22
 "cell-count" 56
 105 -4 1 330
 15 -3 -3 275
 15 -1 -3 113
 15 -1 -2 19
 15 2 2 133
 15 1 1 0
 15 2 1 2
 15 1 -1 160
 15 -2 -3 4
 15 -1 2 252
 15 0 2 145
 15 -2 0 183
 105 4 1 137
 15 0 0 27
 15 -1 -1 90
 15 0 -1 335
 15 -2 -1 312
 105 0 1 157
 15 2 -1 281
 15 1 2 14
 15 -1 0 328
 15 -2 1 81
 105 3 1 119
 105 1 0 310
 15 -2 -2 315
 15 2 0 218
 15 2 -2 63
 105 3 2 354
 55 4 0 250
 55 -3 -2 220
 55 -1 -4 64
 55 3 -1 320
 55 0 -3 150
 55 1 -2 35
 5 0 4 310
 55 -3 -1 33
 55 -2 3 245
 5 -3 2 107
 5 3 -3 37
 55 -4 -1 8
 55 1 -3 120
 5 1 -4 125
 5 -1 4 63
 55 -3 3 222
 55 1 4 283
 55 2 4 113
 55 4 -1 296
 5 3 3 6
 55 -4 0 69
 55 0 -2 82
 55 1 3 221
 55 0 -4 35
 55 2 -3 350
 55 2 3 92
 55 -2 2 207
 55 -1 3 192
 "contig-ratio-green-core" 0.65
 "contig-ratio-red-core" 0.6666666666666666
