 "a-count" 10
 "b-count" 1
 "c-color-count" 28
 "c-express-count" 27
 "d-color-count" 18
 "d-express-count" 18
 "cell-count" 56
 15 -2 3 34
 15 0 -2 279
 15 2 -1 280
 105 1 -3 205
 105 1 -4 331
 105 -1 4 354
 15 -3 0 356
 15 -4 1 244
 15 0 -3 145
 15 2 -2 271
 105 2 3 109
 15 1 2 353
 15 2 0 207
 15 -1 -3 273
 105 4 1 350
 15 -3 -1 250
 15 1 0 4
 15 1 1 322
 105 3 -3 124
 15 0 2 252
 105 -3 -2 322
 15 -3 -3 225
 105 3 1 146
 15 1 -1 324
 15 2 -3 189
 105 0 -4 140
 105 -4 0 272
 15 -1 3 315
 55 -4 -1 181
 55 -3 3 133
 55 -2 -2 18
 55 2 1 343
 55 -2 1 255
 55 -2 -1 133
 55 1 4 257
 55 3 -2 87
 55 4 -1 116
 55 -3 1 244
 55 3 3 300
 55 -1 2 252
 55 0 3 112
 55 3 0 65
 55 -3 2 347
 55 -2 0 156
 55 0 0 218
 55 -1 0 72
 55 -2 2 150
 55 0 4 237
 55 -1 1 299
 55 3 -1 99
 55 -1 -2 329
 55 4 0 207
 55 0 -1 329
 55 1 3 281
 55 -2 -3 43
 55 2 2 226
 "contig-ratio-green-core" 0.625
 "contig-ratio-red-core" 1.0714285714285714
 "a-count" 9
 "b-count" 2
 "c-color-count" 27
 "c-express-count" 26
 "d-color-count" 22
 "d-express-count" 19
 "cell-count" 56
 15 -3 2 31
 15 1 3 7
 15 -3 0 239
 15 0 3 184
 15 0 0 108
 15 -1 -1 263
 15 1 1 276
 15 0 -2 299
 15 1 2 116
 15 -1 4 166
 15 -2 0 249
 15 -4 -1 19
 15 1 -1 97
 15 0 -1 339
 105 -1 2 334
 105 -2 2 148
 15 -1 1 88
 15 3 3 224
 15 0 1 192
 15 1 -2 330
 15 1 0 35
 105 2 3 62
 15 -1 0 149
 105 -3 -3 183
 15 -1 3 290
 15 4 1 249
 105 3 -3 1
 105 -2 3 284
 55 3 -1 195
 55 3 1 147
 55 -4 1 246
 55 -1 -3 118
 55 2 2 347
 55 -3 1 111
 55 -3 -2 272
 55 -2 -4 15
 55 -2 -2 138
 55 0 -3 234
 55 2 0 94
 55 -1 5 181
 5 4 -1 112
 55 -2 -1 347
 55 4 0 124
 55 2 -4 32
 55 0 4 100
 55 2 -3 243
 55 3 0 217
 55 -3 3 39
 55 2 -1 213
 55 -2 -3 298
 55 2 -2 333
 55 1 4 262
 55 -3 -1 200
 55 2 1 356
 55 3 2 87
 55 1 -3 17
 "contig-ratio-green-core" 0.7
 "contig-ratio-red-core" 1.0769230769230769
 "a-count" 5
 "b-count" 4
 "c-color-count" 24
 "c-express-count" 24
 "d-color-count" 24
 "d-express-count" 23
 "cell-count" 56
 15 -3 -2 334
 15 2 1 10
 15 2 -3 54
 15 4 -1 338
 15 -3 0 343
 15 0 0 153
 15 -1 0 349
 15 -4 0 344
 15 0 3 306
 15 -2 -1 336
 15 -1 3 295
 15 1 0 49
 105 3 3 133
 15 1 1 301
 15 0 1 299
 105 -4 -1 152
 15 -1 -2 315
 15 -3 -1 127
 15 2 0 275
 15 3 2 336
 105 -1 -3 204
 15 -4 2 15
 15 0 2 332
 15 -1 1 117
 15 -2 -3 143
 15 -1 2 43
 15 2 -1 270
 105 -1 4 298
 5 0 4 27
 55 0 -2 191
 55 -2 1 72
 55 3 0 309
 55 4 2 276
 55 4 1 318
 5 -2 3 280
 55 2 -2 138
 55 -2 2 101
 55 0 -4 343
 55 -3 2 345
 5 1 -4 351
 55 1 -1 231
 5 4 0 327
 55 0 -1 0
 55 1 -2 250
 55 3 1 296
 55 -3 3 76
 55 1 4 164
 55 3 -2 308
 55 2 3 153
 55 1 -3 316
 55 -3 1 185
 55 -3 -3 334
 55 -1 -4 131
 55 -1 -1 23
 55 2 2 79
 55 1 3 250
 "contig-ratio-green-core" 0.7368421052631579
 "contig-ratio-red-core" 0.7368421052631579
