 "a-count" 6
 "b-count" 3
 "c-color-count" 25
 "c-express-count" 25
 "d-color-count" 23
 "d-express-count" 22
 "cell-count" 56
 15 -2 2 306
 105 -3 -3 352
 15 0 0 167
 15 1 1 74
 15 1 2 355
 15 -1 -3 99
 15 3 -2 160
 15 4 -1 46
 105 -1 1 31
 15 -1 -4 278
 15 -1 2 180
 15 2 2 269
 15 -2 0 216
 105 -3 -2 168
 105 -1 -2 328
 15 -2 1 43
 15 4 0 170
 15 -1 0 91
 105 3 -3 243
 15 0 2 178
 15 4 1 328
 15 0 -1 127
 15 2 -3 182
 15 2 1 196
 15 0 1 263
 15 -3 3 228
 15 -3 0 32
 15 -1 -1 173
 55 2 -1 298
 5 2 3 229
 55 3 -1 65
 55 -4 1 35
 55 -4 -2 80
 55 1 0 152
 55 3 2 114
 55 -4 -1 32
 55 3 0 350
 5 -2 -1 271
 55 4 2 25
 55 0 -4 71
 55 1 -3 264
 55 1 4 4
 55 -1 3 241
 55 -3 2 294
 55 0 -2 81
 5 0 3 172
 55 2 -2 1
 55 -1 4 325
 55 2 0 41
 55 2 4 276
 55 0 -3 300
 55 -3 1 347
 55 0 4 209
 55 -4 0 172
 55 1 -1 163
 55 1 -2 52
 "contig-ratio-green-core" 0.85
 "contig-ratio-red-core" 0.7777777777777778
 "a-count" 11
 "b-count" 7
 "c-color-count" 23
 "c-express-count" 21
 "d-color-count" 18
 "d-express-count" 17
 "cell-count" 56
 15 0 4 112
 15 0 1 65
 15 -2 -2 316
 105 2 -3 249
 15 -3 2 146
 105 3 -2 132
 15 -2 0 284
 15 -2 -1 95
 15 1 1 122
 105 -3 1 284
 15 1 3 85
 105 -1 -4 255
 15 -4 -1 303
 15 -2 2 327
 15 -1 1 210
 105 1 -1 66
 15 3 -1 260
 15 0 2 248
 105 -2 1 348
 15 3 1 70
 15 4 -1 325
 105 -3 -2 317
 105 2 1 115
 15 0 -3 347
 105 2 -2 349
 15 -1 2 26
 105 -3 -1 230
 15 -1 -3 101
 55 -1 -2 245
 55 -1 4 196
 55 -1 -1 277
 55 -4 0 223
 55 2 2 179
 55 -1 3 35
 55 0 -1 294
 55 1 -2 178
 5 1 4 156
 55 -1 0 21
 55 4 1 29
 55 5 0 330
 55 0 0 67
 55 4 2 251
 55 0 3 95
 55 2 0 89
 55 -4 1 243
 55 1 -4 5
 5 -3 3 110
 55 0 -4 206
 55 0 -2 85
 5 2 3 313
 55 -3 -3 224
 5 3 3 207
 55 1 0 36
 55 4 0 35
 5 3 2 151
 55 3 0 125
 "contig-ratio-green-core" 0.7222222222222222
 "contig-ratio-red-core" 0.8571428571428571
 "a-count" 7
 "b-count" 2
 "c-color-count" 26
 "c-express-count" 26
 "d-color-count" 24
 "d-express-count" 21
 "cell-count" 56
 15 -1 2 174
 15 0 4 229
 15 -1 0 7
 15 -1 1 41
 15 2 0 149
 15 1 -1 243
 15 2 1 241
 105 0 3 262
 105 0 0 79
 15 3 3 174
 15 -3 -2 21
 15 4 1 102
 15 -1 -4 79
 15 2 2 324
 15 -1 -1 39
 15 -3 -1 321
 15 2 -2 89
 105 -1 4 305
 15 1 1 288
 15 0 -1 127
 15 0 1 152
 15 -1 3 155
 15 1 2 328
 15 -3 0 47
 15 1 3 258
 15 1 -2 119
 15 3 1 35
 105 1 0 163
 55 4 0 286
 55 4 -2 84
 55 0 -4 68
 55 3 2 354
 55 -2 -3 358
 55 -3 1 75
 55 -4 0 359
 55 -1 -3 63
 55 3 -2 222
 55 -3 2 174
 55 4 -1 197
 55 -4 1 261
 55 2 -1 207
 55 0 -3 254
 55 -2 1 252
 55 -1 -2 207
 5 -3 3 294
 55 0 -2 65
 55 3 -1 219
 55 1 4 124
 55 -2 3 327
 55 1 -4 26
 55 -4 -1 83
 5 3 -3 156
 55 -2 -2 287
 55 3 0 175
 55 1 -3 174
 55 -2 2 159
 "contig-ratio-green-core" 0.7142857142857143
 "contig-ratio-red-core" 0.8235294117647058
