 "a-count" 2
 "b-count" 4
 "c-color-count" 25
 "c-express-count" 24
 "d-color-count" 28
 "d-express-count" 26
 "cell-count" 56
 15 -1 3 245
 15 -1 2 353
 15 1 1 82
 15 2 0 345
 15 3 1 322
 15 0 1 298
 15 2 1 84
 15 0 2 189
 15 3 3 274
 15 3 -2 351
 15 1 0 36
 15 3 2 155
 15 -1 -2 182
 15 0 -1 1
 15 0 0 196
 15 1 -4 53
 15 2 2 311
 15 -2 -2 283
 15 2 -2 313
 15 1 -1 246
 15 -1 1 86
 15 0 -2 288
 15 -1 -1 328
 15 -1 0 73
 15 1 -2 73
 15 0 1 359
 15 1 2 116
 15 0 3 233
 55 -3 -3 330
 55 4 0 217
 55 -4 1 226
 55 3 -1 275
 55 1 -3 188
 55 0 -4 343
 55 0 -3 126
 55 1 4 15
 55 4 1 279
 55 4 -1 61
 55 -3 -2 257
 55 -2 2 305
 5 1 3 254
 55 -2 -1 228
 55 -3 1 137
 55 2 -3 290
 55 -2 3 253
 55 -3 0 109
 5 -3 2 183
 55 -1 4 196
 55 2 3 98
 55 0 4 354
 55 -3 -1 258
 55 -2 1 79
 55 4 2 188
 55 -2 0 310
 5 -1 -4 141
 55 3 0 163
 "contig-ratio-green-core" 0.75
 "contig-ratio-red-core" 0.8333333333333334
 "a-count" 1
 "b-count" 5
 "c-color-count" 23
 "c-express-count" 23
 "d-color-count" 27
 "d-express-count" 27
 "cell-count" 56
 15 1 0 277
 15 -1 1 35
 15 0 1 236
 15 -2 -2 81
 15 0 4 82
 15 -1 -1 92
 15 1 3 268
 15 -1 -3 268
 15 3 0 266
 15 2 3 267
 15 1 -1 104
 15 1 -2 15
 15 -1 0 206
 105 -2 -3 124
 15 -2 -1 163
 15 -1 2 254
 15 -3 -3 66
 15 4 1 231
 15 3 -1 278
 15 0 0 297
 15 0 -2 264
 15 -1 -2 45
 15 -3 -1 46
 15 2 -2 324
 15 2 -1 103
 15 0 3 150
 15 2 0 255
 15 3 1 40
 55 1 2 194
 55 1 -3 43
 55 2 1 149
 55 2 -4 17
 55 4 0 62
 55 -3 0 7
 55 3 -2 257
 55 0 -3 192
 5 -3 -2 13
 55 2 -3 268
 55 2 2 268
 55 -2 0 98
 55 -2 1 157
 5 1 -4 5
 55 -3 2 307
 55 -2 3 200
 55 -4 1 235
 55 -3 1 300
 55 -2 2 329
 55 3 2 76
 55 -4 0 51
 55 5 1 49
 5 -3 3 87
 55 -4 -1 193
 5 0 -4 345
 55 1 1 100
 55 3 -3 16
 5 -1 -4 61
 "contig-ratio-green-core" 0.8
 "contig-ratio-red-core" 0.6521739130434783
 "a-count" 7
 "b-count" 3
 "c-color-count" 25
 "c-express-count" 25
 "d-color-count" 22
 "d-express-count" 21
 "cell-count" 56
 15 1 2 90
 15 -1 1 28
 15 0 -2 204
 105 0 2 346
 15 2 -3 301
 15 -3 3 96
 105 0 1 11
 15 -2 1 119
 15 2 2 161
 15 3 0 206
 15 -2 -2 332
 105 3 -1 23
 15 1 1 265
 15 1 -1 267
 105 -2 2 264
 105 3 -3 170
 15 2 3 141
 15 1 0 291
 15 -1 0 187
 15 -2 0 311
 15 3 3 295
 105 -4 -1 35
 15 0 -1 299
 15 -2 -1 84
 15 -1 -1 230
 15 -1 2 153
 15 -3 2 101
 15 2 0 321
 5 -3 1 269
 55 2 -2 305
 55 4 1 44
 5 -1 -2 151
 55 0 3 300
 55 -1 -3 66
 55 3 1 296
 55 4 0 127
 55 1 -2 167
 55 3 -2 46
 55 -1 4 58
 55 -2 3 165
 55 -4 2 300
 55 1 3 227
 55 -3 0 56
 55 -3 -1 137
 55 0 4 248
 55 1 -3 30
 55 1 -4 174
 55 -2 -4 87
 5 1 4 334
 55 -3 -3 290
 55 2 -1 205
 55 -1 3 221
 55 -2 -3 23
 55 3 2 155
 55 -3 -2 26
 55 -4 1 287
 "contig-ratio-green-core" 0.6190476190476191
 "contig-ratio-red-core" 0.75
