 "a-count" 6
 "b-count" 6
 "c-color-count" 23
 "c-express-count" 22
 "d-color-count" 23
 "d-express-count" 22
 "cell-count" 56
 15 -1 1 13
 15 0 1 259
 15 2 1 73
 105 2 0 298
 15 0 -2 170
 15 -2 0 331
 15 0 3 236
 15 -3 3 188
 15 3 3 63
 15 0 2 8
 15 0 -1 99
 15 0 0 70
 15 1 -2 68
 15 1 1 236
 15 -3 2 262
 105 -1 0 10
 15 1 -1 179
 15 -1 -1 252
 15 1 0 64
 15 -2 -1 40
 15 -1 -3 161
 15 -3 0 271
 105 2 -1 256
 15 2 2 15
 15 1 2 146
 105 3 -2 353
 105 -4 -1 95
 15 -2 1 33
 55 -2 2 269
 55 2 -3 249
 55 -1 -2 339
 55 2 3 114
 55 4 0 220
 55 3 1 219
 55 -2 -3 310
 55 -3 1 329
 55 -1 3 57
 5 -3 -2 204
 55 1 -3 74
 5 2 -2 116
 5 1 3 3
 55 -1 -4 153
 55 -1 4 108
 5 -4 1 223
 55 -2 3 191
 55 1 -4 146
 55 4 1 349
 55 0 -3 109
 55 3 -1 317
 55 0 4 331
 55 3 0 292
 55 3 2 356
 5 1 4 322
 55 -2 -2 297
 55 0 -4 224
 55 -1 2 44
 "contig-ratio-green-core" 0.6818181818181818
 "contig-ratio-red-core" 0.9285714285714286
 "a-count" 8
 "b-count" 3
 "c-color-count" 26
 "c-express-count" 25
 "d-color-count" 23
 "d-express-count" 20
 "cell-count" 56
 105 3 1 202
 15 -2 -3 49
 15 -1 2 49
 15 3 0 336
 15 2 2 52
 15 2 3 328
 15 -3 3 27
 15 1 1 115
 15 4 -1 147
 15 3 3 346
 15 0 2 196
 15 2 1 235
 105 2 -3 292
 15 0 1 49
 105 3 2 235
 15 -2 2 63
 15 -2 1 107
 15 1 4 230
 105 0 -4 22
 15 -3 -2 274
 15 -3 1 175
 105 -1 -4 215
 15 -2 0 164
 15 1 2 90
 15 -1 1 85
 15 1 -4 171
 15 1 -3 151
 15 -1 0 27
 55 3 -2 55
 55 -1 3 323
 55 0 -1 234
 55 0 4 189
 55 -1 -2 175
 5 4 1 45
 55 2 -1 225
 55 0 -3 174
 55 0 0 267
 55 -4 1 312
 55 -3 0 302
 55 -3 2 357
 5 -2 3 151
 55 -1 -1 285
 55 4 0 324
 55 1 0 45
 55 3 -1 305
 55 -4 -1 83
 55 1 -1 34
 55 0 3 301
 55 -1 -3 41
 55 -2 -1 217
 55 -4 0 20
 55 -2 -2 281
 55 1 3 263
 55 -3 -1 60
 55 0 -2 218
 55 1 -2 255
 "contig-ratio-green-core" 0.7368421052631579
 "contig-ratio-red-core" 0.9333333333333333
 "a-count" 5
 "b-count" 6
 "c-color-count" 22
 "c-express-count" 22
 "d-color-count" 24
 "d-express-count" 23
 "cell-count" 56
 15 0 0 269
 15 2 1 267
 15 0 -1 103
 15 2 3 171
 15 -2 3 261
 105 3 -3 128
 105 4 1 1
 15 -2 1 159
 15 -2 -2 138
 15 1 -2 14
 15 2 -2 321
 15 0 2 61
 15 -1 1 275
 15 1 2 19
 105 3 -2 298
 15 2 2 238
 15 -2 2 96
 15 -1 2 305
 105 1 0 354
 15 2 0 204
 15 0 1 341
 15 1 1 304
 15 -1 3 136
 15 1 -1 215
 15 -1 0 37
 15 4 -1 332
 15 -1 -1 86
 15 2 -1 9
 5 3 -1 82
 5 -3 -2 183
 55 3 2 213
 5 1 -3 64
 5 -3 2 316
 55 -1 -2 132
 55 0 3 136
 55 3 1 85
 55 0 -4 298
 55 -3 -1 162
 55 -3 1 145
 55 0 4 358
 55 -4 1 64
 55 -4 -1 237
 55 2 -3 9
 55 1 3 55
 55 -1 -3 91
 55 3 0 32
 55 -1 4 131
 55 1 4 183
 55 -3 3 106
 55 -3 0 257
 55 1 -4 37
 55 0 -2 260
 55 -4 0 342
 5 -2 -3 194
 5 0 -3 192
 55 -1 -4 11
 "contig-ratio-green-core" 0.631578947368421
 "contig-ratio-red-core" 0.6875
 "a-count" 4
 "b-count" 3
 "c-color-count" 25
 "c-express-count" 25
 "d-color-count" 24
 "d-express-count" 24
 "cell-count" 56
 15 -1 0 2
 15 1 2 313
 15 3 2 314
 15 1 -1 45
 15 1 1 132
 15 0 -3 243
 15 -2 3 141
 15 0 1 104
 15 1 0 229
 105 1 4 21
 105 -3 -3 99
 15 -1 1 106
 15 0 2 71
 105 -2 -3 340
 105 -3 -1 287
 15 -1 -1 214
 15 -1 -3 313
 15 0 0 226
 15 1 3 330
 15 -1 3 34
 15 0 -2 276
 15 2 1 239
 15 0 -1 166
 15 -1 -2 0
 15 -1 2 247
 15 3 -3 101
 15 4 -1 8
 15 2 2 245
 55 3 -2 326
 55 4 1 85
 55 1 -2 172
 55 4 2 187
 55 4 0 22
 55 2 -2 355
 55 -2 1 262
 5 2 3 267
 5 -4 1 315
 55 -3 3 212
 55 2 0 264
 55 0 4 30
 55 -3 1 167
 55 3 1 268
 55 -3 0 30
 55 -4 0 72
 55 -2 0 193
 5 3 3 276
 55 -2 -1 49
 55 0 -4 261
 55 3 0 340
 55 2 -3 339
 55 1 -4 220
 55 -3 2 356
 55 2 -1 268
 55 -1 4 60
 55 1 -3 46
 55 -2 2 158
 "contig-ratio-green-core" 0.6363636363636364
 "contig-ratio-red-core" 0.8125
