 "a-count" 6
 "b-count" 3
 "c-color-count" 25
 "c-express-count" 25
 "d-color-count" 23
 "d-express-count" 22
 "cell-count" 56
 15 1 3 323
 15 0 -3 13
 105 -4 -1 238
 15 -2 -1 54
 15 2 1 249
 15 1 2 14
 15 0 2 124
 15 -2 -2 177
 15 1 -3 69
 15 -1 -2 151
 15 2 0 180
 15 1 -2 120
 105 -1 4 286
 15 -1 -1 209
 15 0 4 204
 105 -3 -2 78
 15 -3 3 111
 15 0 3 31
 105 -2 -3 94
 105 -3 -3 212
 15 4 0 117
 15 -3 1 109
 15 -1 2 204
 15 3 1 26
 15 0 -2 252
 15 0 -1 309
 15 -4 1 352
 15 1 -1 95
 55 -1 1 48
 55 -1 0 136
 55 3 -2 190
 55 -2 2 327
 55 1 4 250
 55 2 3 48
 55 -1 -3 253
 55 4 -2 69
 55 4 1 138
 55 0 0 191
 5 2 -3 75
 55 3 0 319
 55 2 -1 279
 55 1 0 10
 5 1 -4 190
 55 -3 2 205
 55 -2 0 69
 55 4 -1 209
 55 -4 0 254
 5 -2 3 313
 55 0 -4 310
 55 -3 -1 41
 55 3 -1 219
 55 2 -2 20
 55 -2 1 242
 55 -1 -4 162
 55 2 2 127
 55 0 1 136
 "contig-ratio-green-core" 0.8947368421052632
 "contig-ratio-red-core" 1.0526315789473684
 "a-count" 5
 "b-count" 5
 "c-color-count" 24
 "c-express-count" 23
 "d-color-count" 23
 "d-express-count" 23
 "cell-count" 56
 15 -3 0 73
 15 -2 2 80
 15 -1 1 344
 105 -1 -2 24
 105 2 -3 41
 15 -2 -1 339
 15 0 2 178
 15 2 2 226
 15 -1 -4 296
 15 0 -1 232
 15 -1 -3 108
 15 -1 -1 313
 105 -2 0 95
 15 2 3 284
 15 -1 2 286
 15 0 0 4
 15 0 1 87
 15 1 -1 153
 15 -3 1 312
 15 1 1 314
 105 3 -1 58
 15 0 3 205
 105 3 1 35
 15 1 2 35
 15 -1 0 338
 15 1 0 236
 15 -2 1 103
 15 -1 3 93
 55 2 1 231
 55 1 -3 280
 55 1 -4 146
 5 -2 -3 278
 55 4 0 317
 55 -4 2 74
 55 0 -3 87
 55 5 1 105
 55 4 2 110
 55 0 -4 54
 5 -3 -3 215
 55 2 -1 141
 55 0 4 314
 55 -3 -1 58
 5 3 -2 321
 55 -1 4 270
 55 -2 3 245
 55 1 -2 184
 55 -4 1 105
 55 0 -2 239
 55 1 4 33
 55 4 1 57
 55 -3 2 268
 55 2 -2 224
 55 2 0 200
 5 -4 -1 321
 55 -3 3 22
 55 -2 4 93
 "contig-ratio-green-core" 0.55
 "contig-ratio-red-core" 0.8571428571428571
 "a-count" 11
 "b-count" 1
 "c-color-count" 27
 "c-express-count" 27
 "d-color-count" 18
 "d-express-count" 17
 "cell-count" 56
 105 -3 -2 357
 15 2 2 261
 15 4 1 211
 15 -4 1 150
 105 1 3 224
 15 -1 -2 49
 105 3 3 44
 15 0 -2 109
 105 2 -3 151
 105 -3 -3 278
 15 0 3 111
 15 1 -2 70
 15 -3 -1 186
 15 -1 2 234
 15 -3 0 210
 105 2 -2 148
 15 -1 -3 162
 105 1 -3 122
 15 0 2 137
 105 2 3 143
 15 0 -3 124
 15 3 2 20
 15 0 4 123
 15 0 -4 51
 15 -4 2 57
 105 -1 4 256
 15 1 2 169
 105 -4 -1 0
 55 -1 0 82
 55 3 -2 12
 55 -3 1 138
 55 4 -2 54
 55 4 -1 235
 55 2 -1 270
 55 3 -1 210
 5 3 -3 225
 55 -3 2 248
 55 -2 2 308
 55 1 -1 316
 55 2 1 148
 55 3 1 161
 55 0 0 184
 55 -2 -2 284
 55 -2 -3 260
 55 -1 -4 11
 55 -2 0 185
 55 0 1 122
 55 -1 1 191
 55 -1 -1 22
 55 3 0 286
 55 4 0 281
 55 1 0 131
 55 -2 1 109
 55 1 1 240
 55 0 -1 312
 55 2 0 241
 "contig-ratio-green-core" 0.6842105263157895
 "contig-ratio-red-core" 0.9375
 "a-count" 6
 "b-count" 4
 "c-color-count" 24
 "c-express-count" 24
 "d-color-count" 23
 "d-express-count" 22
 "cell-count" 56
 15 -2 -1 355
 15 4 1 285
 15 2 2 3
 15 -3 0 68
 15 1 -4 261
 15 1 0 62
 105 3 3 129
 15 0 0 34
 15 4 -1 160
 15 -3 -2 264
 15 -3 1 160
 15 1 1 79
 105 -3 -3 211
 15 2 1 20
 105 -2 0 9
 15 4 0 71
 15 0 2 310
 15 -1 -3 257
 15 -1 2 112
 15 -1 -4 252
 15 -2 1 41
 15 -3 -1 55
 105 3 2 17
 15 1 2 181
 105 2 3 92
 15 -1 0 156
 15 0 1 244
 15 -1 1 117
 55 0 -1 115
 55 0 3 111
 55 -2 2 146
 55 3 -1 190
 55 3 0 355
 55 -1 3 137
 55 2 0 107
 55 1 -2 43
 55 1 -3 356
 5 1 3 71
 55 -2 3 23
 55 3 -2 150
 55 0 -3 117
 55 -4 0 85
 55 0 4 139
 55 -1 4 184
 55 -1 -1 190
 55 1 4 16
 55 -2 -2 107
 55 -1 -2 76
 55 -3 2 175
 5 0 -2 24
 5 2 -3 214
 5 3 -3 143
 55 3 1 283
 55 1 -1 162
 55 2 -2 238
 55 2 -1 92
 "contig-ratio-green-core" 0.75
 "contig-ratio-red-core" 0.875
