 "a-count" 4
 "b-count" 3
 "c-color-count" 25
 "c-express-count" 25
 "d-color-count" 26
 "d-express-count" 24
 "cell-count" 56
 15 -2 1 308
 15 0 2 37
 15 3 -3 194
 15 -3 3 114
 15 3 0 160
 15 2 -1 106
 15 -2 2 330
 15 1 -2 181
 15 2 1 278
 15 0 -2 0
 15 1 4 104
 15 1 -1 76
 15 -2 0 70
 15 0 -1 239
 15 3 2 248
 15 -1 -1 62
 15 2 -2 84
 15 -1 2 172
 15 2 0 300
 15 0 0 319
 15 -1 1 336
 15 -1 -2 234
 105 1 0 263
 15 -2 -2 157
 105 1 1 198
 15 -2 -1 56
 15 0 -4 210
 15 4 -1 185
 55 1 -3 150
 55 4 1 232
 55 -1 3 275
 55 2 -3 279
 55 0 4 354
 5 -3 -2 134
 55 -3 2 294
 55 1 -4 238
 55 -1 -3 322
 55 0 -3 121
 55 3 -2 0
 55 -3 0 39
 55 -2 3 344
 55 2 2 31
 55 4 0 58
 5 3 3 264
 55 -3 -1 128
 5 -3 -3 358
 55 1 3 226
 55 3 1 79
 55 1 2 140
 55 0 3 244
 55 2 3 308
 55 -4 -1 92
 55 -3 1 267
 55 -2 -3 277
 55 -4 1 233
 55 -4 0 239
 "contig-ratio-green-core" 0.75
 "contig-ratio-red-core" 1
 "a-count" 10
 "b-count" 7
 "c-color-count" 21
 "c-express-count" 21
 "d-color-count" 21
 "d-express-count" 18
 "cell-count" 56
 15 2 0 40
 105 0 1 251
 15 1 -2 88
 15 -1 1 17
 15 2 -1 263
 15 -2 1 229
 15 0 -1 91
 15 -1 -1 185
 15 -1 2 17
 105 0 0 186
 105 0 3 281
 105 -2 2 136
 15 1 0 344
 15 -1 0 354
 15 -3 2 97
 15 -4 -1 243
 15 1 2 175
 105 3 -3 52
 15 -2 3 249
 15 1 1 96
 15 1 -1 124
 105 -3 -1 336
 15 -3 3 249
 15 2 2 21
 15 2 1 302
 15 0 2 14
 15 -2 -2 182
 105 3 -2 135
 5 4 -1 285
 55 0 -2 193
 55 -3 -2 5
 55 -4 0 97
 55 -1 3 36
 55 -1 -2 238
 55 -1 -3 187
 55 2 -2 54
 55 3 0 177
 55 -3 1 81
 5 -4 1 136
 55 3 1 211
 55 1 -3 139
 55 0 -3 77
 55 3 -1 11
 55 3 3 234
 5 -2 -3 255
 55 0 -4 225
 5 1 3 56
 55 -2 0 54
 5 3 2 55
 55 1 4 244
 55 4 1 266
 55 -3 0 290
 5 -2 -1 191
 55 4 0 191
 55 -1 -4 28
 5 2 -3 34
 "contig-ratio-green-core" 0.6875
 "contig-ratio-red-core" 0.7333333333333333
 "a-count" 9
 "b-count" 3
 "c-color-count" 25
 "c-express-count" 25
 "d-color-count" 21
 "d-express-count" 19
 "cell-count" 56
 105 2 2 332
 15 -3 3 259
 15 2 1 257
 15 1 -4 46
 15 4 0 160
 15 -1 1 4
 105 -3 2 213
 15 0 2 146
 15 -2 -3 220
 15 -3 -2 174
 105 -4 0 190
 15 -1 3 79
 15 0 -4 115
 15 2 0 239
 105 2 -3 56
 15 1 3 45
 105 2 3 104
 15 -3 1 252
 15 -3 -1 180
 105 -3 -3 264
 15 3 -2 354
 15 1 -3 295
 15 -2 1 265
 15 1 1 184
 15 1 2 287
 15 -1 4 264
 105 -2 2 250
 15 -1 2 185
 55 -1 -1 297
 55 -1 0 240
 55 1 -1 247
 55 1 0 291
 55 2 -2 306
 55 3 1 280
 55 0 0 289
 55 -1 -2 261
 55 -2 0 86
 55 -2 -2 156
 55 1 -2 157
 55 0 -1 326
 5 4 -1 33
 55 1 4 86
 55 -1 -3 48
 5 0 3 0
 55 3 0 232
 55 0 4 354
 5 3 2 22
 55 -2 -1 223
 55 0 -3 316
 55 0 -2 121
 55 -2 3 187
 55 -1 -4 198
 55 -4 1 165
 55 2 -1 349
 55 0 1 281
 55 3 -1 202
 "contig-ratio-green-core" 0.8666666666666667
 "contig-ratio-red-core" 1.2142857142857142
 "a-count" 7
 "b-count" 8
 "c-color-count" 20
 "c-express-count" 20
 "d-color-count" 23
 "d-express-count" 21
 "cell-count" 56
 105 3 0 4
 15 -2 1 176
 15 1 1 221
 15 2 0 138
 15 1 -3 63
 15 -1 -1 338
 105 -1 1 185
 15 -3 -3 78
 105 4 -1 76
 15 1 -1 198
 15 0 -2 102
 15 2 1 205
 15 1 0 330
 15 -2 0 295
 15 1 -2 34
 15 0 2 249
 15 1 2 344
 15 0 0 301
 15 2 -1 119
 15 0 3 296
 15 0 -1 333
 105 4 1 63
 15 -1 4 108
 15 -2 -1 152
 15 0 1 171
 15 -1 2 262
 105 3 1 285
 15 1 3 256
 55 -1 -2 15
 5 -4 -1 102
 55 -3 2 23
 5 3 3 206
 55 2 -2 148
 55 -2 2 316
 5 2 3 91
 55 -2 -2 3
 55 -3 -2 241
 55 -1 -3 55
 55 -4 1 304
 55 1 4 229
 55 2 -3 167
 55 -3 0 25
 55 -3 1 3
 55 -4 2 105
 5 -3 -1 98
 55 -1 3 179
 55 3 -2 270
 5 3 -1 147
 55 2 2 322
 5 -4 0 338
 55 3 -3 43
 55 0 -3 139
 5 -2 3 157
 55 0 -4 10
 5 -1 0 117
 55 0 4 226
 "contig-ratio-green-core" 0.7368421052631579
 "contig-ratio-red-core" 0.9166666666666666
