 "a-count" 3
 "b-count" 4
 "c-color-count" 24
 "c-express-count" 24
 "d-color-count" 26
 "d-express-count" 25
 "cell-count" 56
 15 1 -1 322
 105 4 0 340
 15 0 3 238
 15 2 1 157
 15 1 3 311
 15 1 0 358
 15 0 -2 113
 15 -2 1 123
 15 0 0 211
 15 2 0 220
 15 -1 -1 265
 15 3 1 249
 15 -1 2 73
 15 0 -1 222
 105 -3 2 82
 15 2 2 308
 15 4 -1 59
 15 1 2 339
 15 -1 3 305
 15 1 1 15
 15 2 -2 166
 15 -1 1 113
 15 -2 -2 18
 15 -4 -2 218
 15 -1 0 219
 15 -1 -2 41
 15 1 -2 22
 15 2 -1 338
 55 -1 4 129
 55 0 4 160
 55 -2 3 29
 55 3 -3 297
 55 0 -4 243
 55 4 1 2
 55 0 -3 193
 55 1 4 237
 55 1 -3 107
 55 -4 -1 165
 55 -2 4 226
 5 -4 0 347
 55 3 3 50
 55 -3 -2 74
 5 -1 -3 65
 55 -1 -4 68
 55 -3 -1 331
 55 2 -3 85
 5 2 3 67
 55 -3 3 130
 55 1 -4 73
 55 3 0 57
 55 -2 -1 199
 55 3 -2 233
 55 3 -1 200
 55 -3 1 241
 5 3 2 240
 55 -3 0 147
 "contig-ratio-green-core" 0.5882352941176471
 "contig-ratio-red-core" 0.6842105263157895
 "a-count" 8
 "b-count" 4
 "c-color-count" 25
 "c-express-count" 24
 "d-color-count" 22
 "d-express-count" 20
 "cell-count" 56
 105 4 0 268
 15 1 -1 186
 15 -1 -1 302
 15 3 -2 261
 15 0 0 232
 15 1 4 185
 105 -2 1 162
 15 -1 0 200
 15 -1 2 340
 15 1 0 246
 15 2 1 217
 15 0 1 61
 105 2 0 343
 105 3 3 58
 15 3 2 18
 15 -3 1 205
 15 -4 1 47
 15 2 -3 83
 15 -1 1 82
 15 -2 0 189
 15 -3 -1 142
 15 1 1 318
 105 -3 -2 214
 105 3 0 189
 15 4 -1 345
 15 3 1 283
 15 0 -1 127
 15 0 4 247
 55 1 -2 140
 55 1 3 14
 55 -4 -1 194
 55 -3 2 217
 55 -1 -3 112
 55 1 -3 285
 55 0 2 28
 55 0 -4 264
 55 -1 4 37
 55 2 2 129
 55 -2 -2 73
 5 3 -3 194
 55 2 3 6
 5 -1 -4 252
 55 0 -3 258
 55 0 3 158
 5 1 -4 213
 55 -3 -3 285
 55 1 2 224
 55 3 -1 137
 55 -1 -2 96
 55 -1 3 93
 55 0 -2 176
 55 2 -1 308
 55 -2 3 58
 55 -2 -1 140
 55 2 -2 256
 55 -4 0 117
 "contig-ratio-green-core" 0.7272727272727273
 "contig-ratio-red-core" 1.0714285714285714
 "a-count" 6
 "b-count" 5
 "c-color-count" 24
 "c-express-count" 23
 "d-color-count" 23
 "d-express-count" 22
 "cell-count" 56
 15 -2 0 52
 15 1 2 326
 15 2 3 266
 15 0 0 133
 15 -1 -2 20
 15 -3 -1 96
 15 4 0 172
 15 -3 -3 153
 15 2 2 317
 15 -1 1 269
 15 -1 -1 153
 15 2 -2 226
 105 -2 1 270
 15 -2 -1 358
 105 3 -3 186
 15 -2 -3 166
 15 -1 4 191
 15 4 1 257
 15 0 2 118
 15 0 1 49
 15 1 1 233
 105 2 -3 336
 15 -3 2 278
 15 3 -1 224
 105 1 -4 155
 15 -1 0 283
 105 3 -2 149
 15 0 -1 148
 55 1 3 135
 55 2 -1 321
 55 1 -1 155
 55 -2 3 199
 55 -3 -2 292
 55 2 0 315
 55 1 -2 9
 55 1 -3 221
 55 1 0 238
 5 -3 3 188
 55 -4 0 258
 55 0 -3 36
 55 2 1 28
 5 0 4 104
 55 -2 -2 157
 55 3 2 202
 55 0 -4 357
 55 3 0 283
 55 -1 3 172
 55 -2 2 56
 55 -3 0 346
 5 3 3 141
 5 -1 2 285
 55 3 1 105
 55 -4 -1 67
 55 0 3 62
 55 -4 1 258
 55 -3 1 96
 "contig-ratio-green-core" 0.9047619047619048
 "contig-ratio-red-core" 0.7777777777777778
 "a-count" 13
 "b-count" 3
 "c-color-count" 25
 "c-express-count" 25
 "d-color-count" 18
 "d-express-count" 15
 "cell-count" 56
 105 -2 2 120
 15 -4 -1 218
 105 3 2 268
 105 3 -2 318
 15 0 3 253
 15 0 -2 268
 105 1 0 277
 105 1 2 162
 15 0 -1 31
 105 2 -2 63
 15 2 -1 105
 15 -1 1 34
 15 0 2 57
 15 2 0 212
 15 -1 2 69
 15 -1 0 84
 15 0 0 21
 15 1 1 283
 15 -2 -3 202
 105 1 -4 34
 15 -1 4 265
 15 0 1 100
 105 3 -3 247
 15 -3 -2 193
 105 1 -2 144
 15 3 -1 106
 15 3 0 118
 105 4 -1 65
 5 -3 -3 183
 55 0 4 155
 55 -3 1 97
 55 2 -3 51
 5 -2 3 32
 55 3 1 44
 55 4 0 19
 55 -3 0 94
 55 -2 -2 177
 55 -4 2 142
 55 0 -3 187
 55 2 1 272
 55 -1 -4 158
 55 0 -4 315
 55 -4 0 113
 5 -2 0 59
 55 2 3 174
 55 -3 -1 217
 55 -1 -3 293
 55 2 2 175
 55 -1 -2 349
 55 -2 -1 210
 55 -4 1 323
 55 1 3 337
 55 1 4 93
 55 1 -3 105
 55 -3 2 204
 55 -1 -1 259
 "contig-ratio-green-core" 0.55
 "contig-ratio-red-core" 0.8888888888888888
