 "a-count" 4
 "b-count" 6
 "c-color-count" 23
 "c-express-count" 22
 "d-color-count" 26
 "d-express-count" 24
 "cell-count" 56
 15 -1 -1 335
 15 -3 -2 220
 105 3 1 312
 15 0 3 18
 15 -2 0 146
 15 0 2 77
 15 0 -1 73
 15 3 0 314
 15 1 2 292
 15 -2 -1 264
 15 2 -1 315
 15 -1 1 16
 15 1 3 271
 15 0 1 338
 15 0 0 303
 15 1 -1 317
 15 2 2 165
 15 2 1 263
 15 -1 2 137
 15 -2 1 336
 15 -3 3 301
 105 4 1 79
 15 1 1 159
 15 -3 2 295
 15 -2 2 212
 15 2 0 242
 15 -1 -2 157
 15 -1 0 61
 55 0 -3 1
 55 -2 -3 162
 55 3 3 349
 55 0 -2 65
 55 2 3 353
 5 3 -2 255
 5 -3 -1 99
 55 1 -4 75
 55 3 -1 240
 55 -2 -2 84
 55 -1 4 241
 55 2 -2 130
 5 0 4 24
 55 -4 1 39
 55 2 -4 170
 5 4 -1 144
 55 1 -3 15
 55 -4 -1 105
 55 -3 1 327
 55 -4 0 71
 55 -1 3 111
 55 -3 -3 21
 5 -1 -4 355
 55 4 0 135
 55 -3 0 241
 55 -1 -3 62
 55 -2 3 120
 55 2 -3 303
 "contig-ratio-green-core" 0.6521739130434783
 "contig-ratio-red-core" 0.6470588235294118
 "a-count" 8
 "b-count" 5
 "c-color-count" 23
 "c-express-count" 23
 "d-color-count" 22
 "d-express-count" 20
 "cell-count" 56
 15 0 0 225
 15 3 3 41
 105 -1 4 222
 15 -2 0 309
 15 -1 -2 193
 15 1 0 26
 105 -2 -1 247
 15 1 -1 313
 15 -3 -1 301
 15 3 -2 292
 15 1 -2 109
 15 4 0 167
 105 0 -2 4
 15 -3 -2 108
 15 3 2 188
 15 0 1 141
 15 -2 -2 11
 15 -3 3 289
 105 -1 -1 134
 15 -1 0 119
 15 0 -1 273
 105 -3 -3 257
 15 4 -1 42
 15 1 1 283
 105 3 -3 57
 15 1 -3 31
 15 2 3 113
 15 -3 0 95
 55 -2 3 70
 5 -4 1 162
 55 2 -1 6
 5 1 -4 139
 55 0 -3 144
 55 -2 2 203
 5 0 2 62
 55 -3 1 233
 55 -1 3 219
 55 2 -2 57
 55 -1 1 37
 55 1 4 70
 55 1 3 316
 5 2 -3 80
 55 -4 0 251
 55 -1 2 90
 55 3 0 15
 55 2 2 272
 55 0 4 181
 55 -1 -3 268
 55 -2 1 101
 55 3 1 77
 55 -1 -4 120
 55 1 2 198
 55 3 -1 164
 55 -3 2 314
 55 2 0 97
 5 0 3 71
 "contig-ratio-green-core" 0.75
 "contig-ratio-red-core" 0.7894736842105263
 "a-count" 6
 "b-count" 7
 "c-color-count" 21
 "c-express-count" 21
 "d-color-count" 22
 "d-express-count" 22
 "cell-count" 56
 15 1 -1 333
 15 0 0 240
 15 2 2 189
 105 2 -3 95
 15 0 -2 18
 15 1 1 13
 15 -2 -1 281
 15 -2 3 149
 105 3 -3 137
 15 3 0 280
 15 1 2 277
 15 1 0 50
 15 -2 2 254
 15 1 -2 130
 15 0 1 92
 105 1 -3 290
 15 -1 4 85
 15 0 -3 290
 15 -1 -1 198
 105 1 -4 260
 15 -1 1 319
 15 -2 1 174
 15 -1 -2 220
 15 3 1 304
 105 -3 2 244
 15 2 0 50
 105 0 -1 346
 15 -2 0 266
 55 -3 -2 189
 55 1 3 254
 55 4 1 36
 55 -3 -1 267
 55 0 3 281
 5 4 -1 239
 5 3 3 182
 55 2 -2 134
 55 -1 -4 333
 55 -3 -3 101
 55 -1 3 270
 55 -1 -3 135
 5 -4 0 272
 55 -3 0 343
 5 -2 -2 114
 55 4 0 33
 5 -1 0 225
 55 1 4 234
 55 -1 2 197
 55 0 2 260
 55 3 -1 221
 5 3 2 250
 55 0 -4 198
 5 2 1 350
 55 -4 -1 192
 55 -3 3 89
 55 0 4 287
 55 2 -1 357
 "contig-ratio-green-core" 0.8235294117647058
 "contig-ratio-red-core" 0.8125
 "a-count" 7
 "b-count" 4
 "c-color-count" 24
 "c-express-count" 24
 "d-color-count" 24
 "d-express-count" 21
 "cell-count" 56
 15 -1 -1 272
 105 1 4 255
 15 0 1 128
 15 2 2 96
 15 1 0 29
 15 0 0 127
 15 -1 -4 319
 15 1 -1 73
 15 -3 -2 328
 15 1 2 319
 15 2 3 174
 15 -1 2 346
 15 -2 1 266
 15 -2 2 260
 105 0 2 312
 15 -3 3 345
 105 2 -2 8
 15 3 2 43
 15 -3 -3 209
 15 2 1 308
 15 -2 0 164
 15 2 0 332
 15 3 -2 231
 15 1 1 222
 15 1 -2 236
 15 -1 0 219
 105 -1 1 319
 15 1 3 333
 5 3 -3 158
 55 0 -4 280
 55 -2 3 110
 55 -1 -2 104
 55 -3 1 78
 55 0 -2 191
 55 -1 4 221
 55 -4 0 1
 55 1 -3 62
 5 3 3 338
 55 0 -3 105
 55 4 1 349
 55 0 3 37
 55 -3 0 38
 55 -3 -1 256
 55 3 1 349
 55 2 -3 96
 5 0 4 100
 55 3 0 189
 55 4 -1 155
 55 -2 -2 264
 55 4 2 174
 55 -3 2 53
 55 -1 3 107
 55 3 -1 330
 55 4 0 150
 55 -2 -1 58
 5 -4 -1 64
 "contig-ratio-green-core" 0.65
 "contig-ratio-red-core" 1.0666666666666667
