 "a-count" 12
 "b-count" 1
 "c-color-count" 27
 "c-express-count" 27
 "d-color-count" 17
 "d-express-count" 16
 "cell-count" 56
 15 -2 -3 234
 105 -1 -3 231
 15 0 -2 250
 105 -1 -4 14
 15 -4 -1 302
 105 -3 -2 151
 15 2 1 186
 15 1 3 254
 105 2 3 97
 15 1 -3 209
 15 -3 3 178
 15 1 2 101
 105 1 -4 152
 15 -2 -2 232
 15 -2 -1 145
 15 4 1 209
 15 1 1 346
 15 2 2 134
 15 3 -3 287
 105 0 -3 13
 105 -3 -3 126
 105 -1 -2 113
 15 3 0 135
 105 -3 -1 331
 105 3 2 219
 15 -3 2 179
 105 0 -4 311
 15 4 0 25
 55 -2 0 353
 55 1 4 93
 55 2 -2 137
 55 -1 2 170
 55 1 0 111
 55 -1 1 191
 55 -3 1 154
 55 0 0 136
 55 -1 4 211
 55 0 1 156
 55 -1 0 191
 55 0 4 174
 55 -3 0 168
 55 -2 1 122
 55 0 3 144
 55 -1 3 218
 5 -2 2 84
 55 2 0 78
 55 3 -1 72
 55 2 -1 66
 55 0 2 14
 55 1 -1 260
 55 -1 -1 219
 55 -4 0 155
 55 3 -2 42
 55 0 -1 332
 55 1 -2 32
 55 2 -3 202
 "contig-ratio-green-core" 0.5789473684210527
 "contig-ratio-red-core" 1
 "a-count" 7
 "b-count" 1
 "c-color-count" 27
 "c-express-count" 27
 "d-color-count" 21
 "d-express-count" 21
 "cell-count" 56
 15 3 2 150
 105 -1 3 47
 15 3 -2 230
 105 -4 1 148
 15 -3 1 301
 15 3 -3 248
 15 3 0 82
 105 -1 4 214
 15 -4 0 195
 15 -2 3 86
 15 3 1 176
 105 2 -2 359
 15 2 3 168
 15 -1 -4 175
 15 -3 -3 25
 15 3 -1 71
 15 0 -3 140
 15 -2 -3 70
 105 4 1 291
 15 -3 0 216
 105 -1 -3 244
 105 1 -3 160
 15 2 -1 233
 15 3 3 100
 15 -3 2 235
 15 4 0 136
 15 -2 2 194
 15 0 -4 340
 55 0 0 285
 5 -3 3 11
 55 -1 -1 8
 55 -1 0 349
 55 2 0 154
 55 0 -2 265
 55 -2 1 189
 55 1 -2 316
 55 4 -1 279
 55 0 4 13
 55 1 3 67
 55 1 -1 295
 55 -1 1 172
 55 -2 -1 333
 55 -2 0 89
 55 0 2 235
 55 -3 -1 325
 55 1 1 218
 55 0 -1 263
 55 -1 2 350
 55 1 0 267
 55 -2 -2 258
 55 2 1 245
 55 1 2 146
 55 0 1 319
 55 -3 -2 227
 55 -1 -2 130
 55 0 3 116
 "contig-ratio-green-core" 0.625
 "contig-ratio-red-core" 0.5789473684210527
