 "a-count" 8
 "b-count" 2
 "c-color-count" 26
 "c-express-count" 26
 "d-color-count" 21
 "d-express-count" 20
 "cell-count" 56
 15 3 -1 205
 15 -1 -2 135
 105 1 4 76
 15 2 3 15
 15 -2 -3 332
 15 -1 4 352
 105 0 3 220
 105 0 -4 170
 15 2 2 204
 105 1 3 158
 15 4 -1 244
 15 -4 0 54
 15 -3 0 155
 15 4 0 71
 15 -3 -1 22
 15 2 -2 226
 105 -3 -2 157
 15 1 2 310
 15 3 -2 15
 15 -1 3 342
 15 -1 -3 15
 15 0 4 155
 15 -4 -1 119
 15 0 -3 293
 105 2 -3 78
 15 1 -3 84
 105 -1 -4 140
 15 -4 1 247
 55 0 2 302
 55 1 1 289
 55 1 -2 193
 55 -2 3 31
 55 -2 0 50
 55 -2 2 122
 5 -3 3 111
 5 -3 2 89
 55 1 0 14
 55 1 -1 79
 55 0 1 124
 55 3 0 268
 55 3 2 57
 55 0 -2 257
 55 -1 0 171
 55 2 1 269
 55 -1 1 154
 55 0 0 332
 55 -1 2 51
 55 1 -4 251
 55 -1 -1 245
 55 4 2 82
 55 -2 -1 190
 55 -2 1 316
 55 0 -1 308
 55 2 -1 287
 55 2 0 133
 55 3 1 133
 "contig-ratio-green-core" 0.6875
 "contig-ratio-red-core" 0.6842105263157895
 "a-count" 5
 "b-count" 1
 "c-color-count" 27
 "c-express-count" 27
 "d-color-count" 23
 "d-express-count" 23
 "cell-count" 56
 15 -3 0 284
 105 2 -3 91
 105 -2 -2 330
 15 -2 -3 152
 15 2 2 282
 15 3 3 343
 15 4 0 81
 15 0 -2 251
 15 3 2 186
 15 1 -2 152
 15 0 -4 231
 15 -1 3 64
 15 2 1 304
 15 0 4 62
 15 -1 4 117
 15 4 -1 55
 105 1 -4 48
 105 4 1 81
 15 2 3 320
 15 -2 1 215
 15 1 4 182
 105 3 0 156
 15 -3 1 151
 15 -2 0 228
 15 -4 1 169
 15 0 -3 173
 15 -3 3 73
 15 2 -2 137
 55 -2 -1 291
 55 -3 2 18
 55 2 0 99
 55 0 2 31
 55 0 1 198
 55 1 -1 311
 55 -3 -1 354
 55 -1 -3 288
 55 3 -2 41
 5 -2 3 50
 55 -4 0 111
 55 1 2 22
 55 0 -1 128
 55 1 3 107
 55 -4 -1 300
 55 1 0 306
 55 -1 -2 339
 55 2 -1 208
 55 -1 2 219
 55 3 -1 198
 55 -1 -1 231
 55 1 1 82
 55 0 3 234
 55 -1 0 297
 55 0 0 254
 55 -1 1 123
 55 -2 2 242
 55 -1 -4 221
 "contig-ratio-green-core" 0.9444444444444444
 "contig-ratio-red-core" 1.0526315789473684
