 "a-count" 4
 "b-count" 0
 "c-color-count" 28
 "c-express-count" 28
 "d-color-count" 24
 "d-express-count" 24
 "cell-count" 56
 15 -1 2 108
 15 -1 -4 63
 15 3 -1 45
 15 -3 -2 207
 15 4 -1 118
 15 1 -4 88
 15 -2 4 100
 15 1 2 169
 15 -1 1 340
 15 0 -4 77
 15 -2 -1 339
 15 0 3 207
 15 0 1 187
 15 -3 1 45
 105 -4 1 249
 15 0 2 327
 15 -2 0 24
 15 2 -1 146
 105 -4 -1 256
 15 2 -2 194
 15 -2 1 132
 15 -3 -1 277
 105 2 -3 232
 105 3 -2 11
 15 -2 -2 100
 15 -3 0 135
 15 -1 3 162
 15 -1 4 250
 55 -2 -3 262
 55 -3 4 146
 55 -1 0 153
 55 -1 -1 177
 55 1 -3 216
 55 0 -3 167
 55 1 -1 127
 55 -1 -3 254
 55 1 1 325
 55 2 1 82
 55 2 3 65
 55 -2 2 224
 55 0 -1 252
 55 3 3 358
 55 -3 3 77
 55 0 -2 114
 55 3 2 338
 55 1 -2 242
 55 0 0 309
 55 3 0 300
 55 2 0 346
 55 -2 3 98
 55 -4 3 210
 55 3 1 104
 55 -3 2 14
 55 1 0 38
 55 2 2 173
 55 -1 -2 123
 "contig-ratio-green-core" 0.7391304347826086
 "contig-ratio-red-core" 0.8095238095238095
 "a-count" 6
 "b-count" 0
 "c-color-count" 28
 "c-express-count" 28
 "d-color-count" 23
 "d-express-count" 22
 "cell-count" 56
 15 0 1 176
 15 -3 -3 199
 15 0 2 323
 15 3 3 65
 105 3 -2 193
 15 -1 2 3
 15 1 -2 323
 15 2 3 154
 15 0 -2 256
 105 0 3 174
 15 3 -3 310
 15 -2 -2 153
 15 1 3 130
 15 -2 3 111
 105 0 -4 242
 15 -1 -3 302
 15 1 -3 294
 15 -2 -3 225
 15 -2 2 182
 15 0 -3 134
 105 3 -1 180
 15 -1 -2 26
 15 -1 3 104
 15 1 2 129
 105 2 -3 234
 15 1 4 336
 15 -4 -1 338
 15 1 1 191
 55 3 2 77
 55 -1 0 229
 55 -1 4 157
 55 -4 0 0
 55 3 0 144
 55 -3 2 24
 55 4 0 206
 55 2 1 343
 55 -2 -1 296
 55 0 -1 177
 55 -3 1 290
 55 2 -1 128
 55 -2 1 69
 55 2 0 233
 55 -3 -1 122
 55 0 0 309
 55 1 0 302
 55 -1 1 214
 55 -4 1 138
 55 -3 0 153
 55 4 1 34
 55 2 2 73
 55 -3 -2 137
 55 1 -1 188
 55 3 1 297
 55 -1 -1 201
 55 0 4 110
 55 -2 0 77
 "contig-ratio-green-core" 0.6818181818181818
 "contig-ratio-red-core" 0.8333333333333334
 "a-count" 7
 "b-count" 0
 "c-color-count" 28
 "c-express-count" 28
 "d-color-count" 21
 "d-express-count" 21
 "cell-count" 56
 15 0 3 342
 15 1 -3 319
 15 1 3 148
 105 3 3 97
 15 -4 1 277
 105 3 -3 2
 15 2 -1 14
 15 -2 -3 347
 15 3 2 120
 15 0 -3 154
 105 -3 2 340
 15 -2 -4 81
 15 -1 -3 165
 15 -4 0 40
 15 3 0 8
 15 2 -3 137
 15 -2 2 359
 105 -1 -2 130
 15 -2 3 220
 15 0 4 319
 15 2 -2 8
 105 4 1 53
 15 0 -2 294
 15 1 -2 277
 15 -1 3 177
 105 4 -1 230
 105 1 4 65
 15 3 -1 0
 55 -2 -1 193
 55 0 -1 357
 55 -3 1 96
 55 3 1 50
 55 0 -4 312
 55 -2 1 241
 55 -1 1 190
 55 2 0 34
 55 -3 0 56
 55 -1 0 49
 55 -1 -1 359
 55 1 -4 282
 55 -2 0 111
 55 -1 -4 100
 55 1 1 170
 55 0 0 309
 55 1 0 341
 55 1 2 285
 55 2 1 343
 55 2 2 39
 55 1 -1 159
 55 2 3 223
 55 -1 2 144
 55 0 2 12
 55 -3 -1 198
 55 0 1 315
 55 3 -2 271
 55 -1 4 321
 "contig-ratio-green-core" 0.8235294117647058
 "contig-ratio-red-core" 0.85
