 "a-count" 6
 "b-count" 0
 "c-color-count" 28
 "c-express-count" 28
 "d-color-count" 22
 "d-express-count" 22
 "cell-count" 56
 15 -1 -1 339
 15 0 -1 335
 105 1 -4 300
 105 -3 3 112
 15 -2 2 209
 15 -2 -3 222
 15 -1 3 7
 15 -4 1 177
 15 -2 3 20
 15 0 -3 215
 15 3 -2 128
 105 -2 -2 123
 15 -1 2 260
 15 0 3 215
 105 1 4 269
 15 -2 2 303
 15 3 2 171
 105 -3 2 276
 15 -1 -3 218
 15 1 -1 326
 15 -4 0 271
 15 -2 2 230
 15 -1 -2 58
 15 0 -2 4
 15 -3 -2 53
 105 -3 -3 338
 15 1 3 212
 15 1 -2 318
 55 3 0 53
 55 -3 0 153
 55 -2 -1 31
 55 -2 1 308
 55 2 0 303
 55 3 -1 219
 55 2 2 171
 55 1 2 239
 55 3 1 66
 55 2 -2 172
 55 -3 -1 218
 55 2 1 115
 55 4 -1 232
 55 2 -1 76
 55 1 0 71
 55 2 -3 151
 55 -4 -1 66
 55 1 1 313
 55 -1 1 55
 55 0 0 220
 55 0 -4 109
 55 0 2 49
 55 1 -3 276
 55 -3 1 270
 55 4 0 301
 55 -2 0 217
 55 0 1 233
 55 -1 0 223
 "contig-ratio-green-core" 0.8
 "contig-ratio-red-core" 0.9411764705882353
 "a-count" 7
 "b-count" 2
 "c-color-count" 26
 "c-express-count" 26
 "d-color-count" 21
 "d-express-count" 21
 "cell-count" 56
 15 2 -1 131
 105 0 3 351
 105 -4 0 56
 15 1 -3 330
 15 3 -2 214
 105 -3 3 212
 15 4 1 210
 15 -3 -3 204
 15 0 -3 19
 15 -3 0 354
 15 3 -1 74
 15 2 4 284
 15 1 4 109
 105 -3 2 289
 15 -3 -1 183
 105 -4 -1 94
 15 -1 4 176
 15 2 -2 59
 15 -3 -2 159
 15 3 0 241
 15 -2 2 9
 105 -2 -3 263
 15 -3 1 55
 15 -1 -3 245
 15 0 4 260
 15 0 -4 90
 105 3 3 43
 15 4 0 73
 55 -2 -1 40
 55 -2 1 324
 55 1 -1 269
 55 1 2 10
 55 0 0 341
 55 1 -2 2
 55 -1 0 286
 55 2 1 272
 55 0 2 180
 5 3 -3 246
 55 0 -2 11
 55 -1 -1 139
 55 3 2 61
 55 -1 1 202
 55 -2 0 108
 55 3 1 4
 55 1 1 61
 55 1 -4 156
 5 2 -3 83
 55 0 -1 331
 55 -2 -2 128
 55 4 -1 93
 55 2 2 52
 55 -1 -2 15
 55 -2 3 359
 55 1 0 111
 55 2 0 16
 55 -1 2 349
 "contig-ratio-green-core" 0.7058823529411765
 "contig-ratio-red-core" 0.7058823529411765
 "a-count" 11
 "b-count" 0
 "c-color-count" 28
 "c-express-count" 28
 "d-color-count" 18
 "d-express-count" 17
 "cell-count" 56
 15 3 3 305
 15 -4 1 118
 15 -1 -3 290
 15 0 -3 108
 15 1 -2 332
 15 2 -1 164
 15 3 2 311
 105 -1 2 345
 15 1 -1 161
 15 0 3 351
 15 0 -4 105
 105 2 2 332
 15 -1 -2 274
 105 0 4 184
 105 1 -4 9
 15 -1 3 144
 105 -3 -1 270
 105 -1 4 197
 15 2 3 311
 15 -2 3 128
 105 0 -2 112
 15 -3 3 131
 105 -2 2 254
 105 2 -3 263
 105 2 -2 20
 15 1 3 97
 15 -3 2 10
 15 1 -3 185
 55 1 0 56
 55 2 1 177
 55 -3 1 60
 55 -2 0 161
 55 3 -1 126
 55 0 2 332
 55 0 0 213
 55 3 0 53
 55 3 -2 216
 55 3 1 158
 55 -1 0 110
 55 4 -1 232
 55 -2 0 1
 55 -2 1 236
 55 -1 1 243
 55 -1 0 40
 55 -1 -1 21
 55 0 1 160
 55 1 1 285
 55 -4 -1 341
 55 1 2 148
 55 -4 -2 85
 55 2 0 172
 55 1 4 169
 55 3 -3 265
 55 -2 -1 128
 55 4 0 190
 55 -3 0 177
 "contig-ratio-green-core" 0.42105263157894735
 "contig-ratio-red-core" 0.5833333333333334
 "a-count" 8
 "b-count" 0
 "c-color-count" 28
 "c-express-count" 28
 "d-color-count" 21
 "d-express-count" 20
 "cell-count" 56
 105 0 4 170
 15 -4 0 289
 15 -4 1 351
 15 2 2 192
 15 -3 2 93
 15 1 4 115
 105 -3 -2 319
 15 -3 0 357
 15 2 3 79
 15 2 -2 141
 105 4 1 78
 15 3 3 169
 105 0 -4 106
 15 1 3 287
 15 -3 -1 70
 15 0 -3 258
 15 -1 4 240
 15 -2 -1 180
 15 -3 1 185
 15 2 -3 126
 15 -2 0 356
 105 -1 -3 35
 15 -2 0 260
 105 -1 -4 281
 15 -3 3 179
 105 -2 3 219
 15 3 -1 4
 15 3 0 12
 55 1 -2 95
 55 -1 -2 203
 55 1 0 284
 55 1 -1 125
 55 2 1 96
 55 1 1 142
 55 0 -2 355
 55 -1 0 357
 55 -1 1 314
 55 -2 1 26
 55 -1 3 183
 55 0 3 119
 55 1 2 353
 55 2 0 228
 55 0 -1 129
 55 3 1 261
 55 0 0 154
 55 -1 -1 220
 55 -1 2 104
 55 -1 0 155
 55 0 1 333
 55 2 -1 150
 55 0 2 309
 55 2 -1 128
 55 1 -2 129
 55 4 -1 304
 55 -2 2 298
 55 2 0 333
 "contig-ratio-green-core" 0.6666666666666666
 "contig-ratio-red-core" 0.8947368421052632
