 "a-count" 7
 "b-count" 6
 "c-color-count" 22
 "c-express-count" 22
 "d-color-count" 23
 "d-express-count" 21
 "cell-count" 56
 105 -2 0 6
 15 1 -1 226
 105 -2 2 40
 15 1 -2 167
 15 -1 0 150
 15 0 1 233
 15 -1 -1 336
 15 1 2 287
 15 -3 -1 349
 105 -3 3 157
 15 0 -1 310
 15 -3 0 149
 15 -1 1 347
 15 -1 2 269
 105 3 -3 188
 15 0 0 149
 15 -4 -1 99
 15 -3 1 25
 15 -2 -1 212
 15 -3 -2 149
 15 2 2 46
 15 4 0 204
 15 3 1 155
 15 -2 1 335
 15 2 -2 235
 15 4 -1 264
 15 0 2 236
 105 -4 1 50
 55 2 1 357
 55 -3 2 76
 55 -1 -2 200
 55 -2 3 215
 55 1 1 252
 55 3 -1 150
 5 1 3 125
 55 0 -4 17
 55 -1 3 43
 55 0 -3 128
 55 -1 4 208
 5 0 4 307
 55 -2 -3 274
 55 -4 0 30
 5 2 3 222
 5 -3 -3 204
 55 3 -2 342
 55 -4 -2 33
 5 3 2 23
 55 1 -3 41
 5 4 1 330
 55 -1 -3 227
 55 3 0 307
 55 -2 -2 144
 55 2 -1 323
 55 2 0 195
 55 0 -2 270
 55 0 3 159
 "contig-ratio-green-core" 0.8333333333333334
 "contig-ratio-red-core" 0.8823529411764706
 "a-count" 6
 "b-count" 6
 "c-color-count" 23
 "c-express-count" 22
 "d-color-count" 24
 "d-express-count" 22
 "cell-count" 56
 105 3 -3 120
 15 0 -2 155
 15 -2 -2 342
 15 1 3 181
 15 3 -1 149
 105 -1 3 49
 15 -1 2 165
 105 -2 -3 346
 15 -4 1 196
 15 0 3 71
 15 1 0 34
 15 1 2 37
 105 4 -1 213
 15 -2 3 298
 15 4 0 211
 15 -3 -2 66
 15 -1 -2 185
 15 0 2 100
 15 -4 0 132
 15 -3 3 115
 15 -4 0 17
 15 2 1 149
 15 1 1 240
 15 0 1 21
 15 -4 -1 74
 15 -2 2 305
 15 1 -3 75
 15 -1 4 20
 5 1 4 127
 55 -2 1 320
 55 -3 0 320
 5 0 -4 305
 55 2 2 113
 55 2 -1 124
 55 2 3 231
 55 -3 2 336
 55 -2 1 272
 55 1 -4 99
 55 1 -2 290
 55 -1 0 347
 55 4 1 332
 55 -1 1 0
 55 2 -3 347
 5 3 1 66
 55 -1 -1 321
 55 2 0 256
 55 2 -2 83
 55 0 0 195
 55 0 4 34
 55 -2 0 358
 55 3 3 235
 5 -3 -3 29
 5 0 -3 339
 55 -3 1 349
 55 -3 -1 180
 55 0 -1 308
 "contig-ratio-green-core" 0.9047619047619048
 "contig-ratio-red-core" 0.8333333333333334
 "a-count" 7
 "b-count" 6
 "c-color-count" 23
 "c-express-count" 22
 "d-color-count" 23
 "d-express-count" 21
 "cell-count" 56
 15 -1 1 221
 15 1 1 175
 15 -1 3 147
 15 0 -4 110
 105 -2 3 170
 15 3 0 355
 15 4 0 50
 15 0 2 295
 15 3 1 104
 105 -1 -4 88
 15 2 0 6
 15 2 1 22
 15 -3 1 88
 15 -2 1 341
 105 1 2 54
 15 0 -3 210
 15 0 1 344
 15 0 4 39
 15 -4 2 61
 15 -4 0 97
 15 2 -2 129
 105 3 -2 60
 105 3 -3 70
 15 -2 2 130
 15 -4 1 91
 15 -3 2 112
 15 -3 -2 287
 15 4 -1 203
 55 0 0 193
 55 -3 0 195
 55 1 3 314
 55 -1 -2 22
 5 -3 -3 80
 55 -3 3 101
 55 2 3 267
 55 1 -1 124
 55 -1 -1 80
 5 1 -3 139
 55 -2 0 161
 55 -3 -1 248
 5 -4 -1 146
 55 1 0 1
 55 -2 -1 62
 5 3 2 252
 55 0 -2 359
 55 3 -1 290
 55 2 2 110
 55 -2 -2 6
 55 1 -2 217
 55 -1 0 314
 55 0 -1 297
 55 1 -4 266
 55 -2 -3 212
 5 0 3 13
 55 2 -1 127
 55 2 4 251
 "contig-ratio-green-core" 0.875
 "contig-ratio-red-core" 0.55
 "a-count" 9
 "b-count" 3
 "c-color-count" 25
 "c-express-count" 25
 "d-color-count" 22
 "d-express-count" 19
 "cell-count" 56
 15 1 4 300
 15 2 -3 212
 15 1 -2 141
 15 -3 1 86
 15 -3 -3 191
 105 4 1 288
 15 -1 -4 67
 15 -4 0 261
 15 -2 3 262
 15 -3 -2 7
 15 2 2 19
 15 -4 1 190
 15 2 3 165
 15 1 0 284
 15 -1 3 214
 15 0 4 120
 15 3 -1 211
 105 3 2 9
 15 -3 0 320
 15 2 1 11
 15 1 -1 330
 15 3 1 337
 105 2 -2 27
 15 4 0 51
 105 3 0 208
 105 2 -1 326
 105 -3 -1 112
 15 1 -3 214
 55 -2 -1 206
 55 0 -4 7
 5 4 -1 21
 55 -2 0 116
 55 -2 -3 146
 55 -2 -2 330
 55 -1 -2 39
 55 0 -2 71
 55 0 -1 185
 55 3 -2 61
 55 -1 4 230
 55 0 2 259
 55 3 -3 277
 55 -1 1 333
 5 1 -4 14
 55 1 2 190
 55 0 3 358
 55 1 1 287
 55 0 0 301
 55 1 3 35
 5 -2 -4 180
 55 -1 -3 119
 55 0 1 337
 55 -3 3 70
 55 -1 0 39
 55 0 -3 112
 55 -2 1 11
 55 -1 -1 99
 "contig-ratio-green-core" 0.8947368421052632
 "contig-ratio-red-core" 0.7894736842105263
