 "a-count" 8
 "b-count" 4
 "c-color-count" 25
 "c-express-count" 24
 "d-color-count" 20
 "d-express-count" 20
 "cell-count" 56
 15 2 2 158
 15 -1 1 64
 15 -3 -1 337
 15 -1 0 269
 105 -2 -3 177
 15 3 1 108
 105 0 2 349
 15 -2 1 42
 15 2 1 41
 15 -3 1 228
 15 -1 2 38
 15 1 1 173
 15 1 -4 280
 105 -2 0 154
 105 -2 3 142
 15 3 -2 85
 15 0 1 62
 105 0 -4 310
 15 -2 -1 0
 105 -1 4 356
 15 3 3 81
 105 1 2 183
 15 0 3 153
 15 -2 2 192
 15 0 1 195
 15 -1 -1 53
 15 -1 3 333
 105 3 2 86
 55 3 -1 254
 55 0 -1 44
 55 -4 1 121
 55 1 -3 156
 55 1 -1 325
 55 -4 0 255
 55 -3 2 83
 5 4 -1 349
 55 2 -1 205
 55 2 0 151
 5 3 -3 172
 55 0 -2 180
 55 -4 -1 260
 5 -1 -4 34
 55 -3 3 255
 55 -1 -2 84
 55 2 -2 328
 55 -3 -2 260
 55 4 0 178
 55 3 0 121
 55 1 3 197
 55 1 -2 149
 55 2 3 307
 55 1 0 92
 55 -2 -2 292
 55 0 0 163
 55 0 0 131
 55 0 4 56
 "contig-ratio-green-core" 0.8333333333333334
 "contig-ratio-red-core" 1.0666666666666667
 "a-count" 11
 "b-count" 4
 "c-color-count" 25
 "c-express-count" 24
 "d-color-count" 19
 "d-express-count" 17
 "cell-count" 56
 15 1 -4 357
 15 3 1 87
 15 -2 0 94
 105 0 4 269
 15 2 -2 235
 15 3 0 244
 15 -2 2 103
 105 4 0 347
 15 2 -1 75
 15 0 -4 341
 15 2 0 186
 15 -3 0 215
 15 1 -2 133
 105 2 -3 344
 15 4 2 117
 105 -2 3 287
 15 -3 3 338
 15 2 1 140
 105 3 -2 334
 15 -2 -1 170
 15 1 3 312
 15 0 3 82
 105 3 -3 35
 15 3 2 298
 15 -3 -1 273
 105 1 -3 276
 105 1 4 357
 105 4 1 199
 55 0 2 264
 55 2 3 164
 55 -1 0 21
 55 -3 1 356
 55 -4 0 0
 55 0 1 319
 55 1 1 273
 55 0 -3 37
 55 -4 -1 123
 55 -3 -3 323
 55 1 -1 239
 55 -1 -4 7
 5 -1 -2 72
 55 -1 -1 97
 55 3 -1 304
 55 -1 2 119
 5 -4 1 122
 55 0 -1 320
 5 -2 -2 192
 55 2 2 122
 55 1 0 168
 55 -1 1 224
 55 -3 2 258
 55 -2 1 11
 55 2 4 19
 55 -1 -3 309
 55 1 2 254
 55 0 0 337
 "contig-ratio-green-core" 0.8235294117647058
 "contig-ratio-red-core" 1.125
 "a-count" 7
 "b-count" 3
 "c-color-count" 25
 "c-express-count" 25
 "d-color-count" 23
 "d-express-count" 21
 "cell-count" 56
 105 4 -1 53
 15 -2 4 335
 15 -2 1 203
 15 -1 1 248
 105 4 1 161
 15 -3 1 72
 15 -3 2 175
 15 -4 0 250
 15 2 2 188
 15 0 -3 273
 105 -3 -3 350
 15 3 2 158
 105 -4 -1 130
 15 2 -3 152
 15 -1 0 280
 15 -3 -1 110
 15 -3 3 311
 15 2 -2 227
 15 1 2 35
 15 3 1 346
 15 -2 -1 333
 105 4 0 299
 15 -2 -3 263
 15 -1 -1 304
 15 -2 -2 172
 15 -1 -2 281
 15 -3 0 293
 15 3 -3 18
 55 1 0 149
 55 1 1 186
 55 0 1 337
 55 0 -1 305
 55 2 -1 46
 55 2 1 30
 55 1 -1 213
 55 2 0 349
 55 2 3 182
 55 1 -3 339
 55 0 2 334
 55 1 -2 353
 55 -1 3 151
 55 -1 2 214
 55 -1 -3 40
 55 -2 3 230
 55 0 -2 353
 55 0 0 156
 5 3 -1 230
 5 3 3 217
 55 0 -4 76
 5 1 3 260
 55 -4 1 100
 55 0 4 297
 55 0 3 330
 55 -3 -2 175
 55 -1 4 156
 55 1 -4 77
 "contig-ratio-green-core" 0.6875
 "contig-ratio-red-core" 0.8235294117647058
 "a-count" 3
 "b-count" 3
 "c-color-count" 26
 "c-express-count" 25
 "d-color-count" 25
 "d-express-count" 25
 "cell-count" 56
 15 2 -1 304
 15 0 4 166
 15 1 0 185
 15 1 -3 211
 105 -3 3 144
 15 -2 -1 40
 15 0 -3 36
 15 -2 -2 234
 15 -3 1 320
 15 -1 -4 82
 15 -1 -3 89
 15 -1 -1 41
 15 -4 0 172
 15 1 -1 47
 15 -3 0 229
 15 1 4 121
 15 3 -1 165
 15 4 1 312
 15 0 -2 30
 15 -4 1 173
 15 -1 -2 52
 15 -1 4 269
 15 1 -2 173
 15 3 3 205
 105 3 -3 271
 15 2 0 106
 15 0 -1 169
 105 2 -2 254
 5 -2 -3 168
 55 -2 3 64
 55 -2 0 173
 55 -1 1 23
 55 2 3 25
 55 1 3 328
 55 2 2 85
 55 -1 2 322
 55 -4 -1 257
 55 2 -3 64
 55 1 -4 222
 55 -2 1 68
 55 0 0 283
 55 3 1 141
 55 1 2 316
 5 3 -2 168
 55 -1 3 78
 55 0 1 108
 55 -3 -1 216
 55 -1 0 95
 55 0 2 180
 55 0 3 0
 55 3 0 322
 55 2 1 139
 55 -3 2 267
 55 2 -4 103
 55 -3 -2 125
 55 -2 2 293
 "contig-ratio-green-core" 0.7272727272727273
 "contig-ratio-red-core" 0.8235294117647058
