 "a-count" 7
 "b-count" 4
 "c-color-count" 24
 "c-express-count" 24
 "d-color-count" 22
 "d-express-count" 21
 "cell-count" 56
 15 3 0 208
 15 1 -3 70
 15 -1 3 327
 15 3 1 168
 105 1 -4 249
 15 2 2 350
 15 -4 0 269
 15 3 -1 9
 15 0 3 296
 15 -2 -1 329
 15 -3 0 204
 15 2 -3 304
 105 -3 2 326
 15 -3 1 334
 15 -3 -1 29
 15 -2 -2 205
 15 0 -4 47
 15 3 -2 223
 15 0 2 209
 15 0 4 325
 15 4 0 47
 105 1 2 96
 105 -1 -3 338
 15 0 -3 164
 15 4 1 99
 105 -2 -3 113
 105 3 -3 347
 15 2 1 130
 55 2 -2 45
 55 2 0 330
 5 -3 3 126
 55 0 0 321
 55 -1 1 278
 55 2 3 275
 55 -1 0 48
 55 2 -1 43
 55 1 1 343
 55 1 4 41
 55 -1 2 164
 55 0 -2 325
 55 -1 -2 127
 55 3 2 133
 55 -1 -1 246
 55 0 1 6
 55 -2 0 190
 55 1 0 207
 55 0 -1 73
 5 -3 -3 211
 55 -2 1 69
 55 1 -2 13
 55 1 -1 163
 55 -4 -1 302
 55 -2 2 95
 55 -2 3 245
 5 -3 -2 139
 5 4 -1 322
 "contig-ratio-green-core" 0.9285714285714286
 "contig-ratio-red-core" 0.7647058823529411
 "a-count" 9
 "b-count" 4
 "c-color-count" 24
 "c-express-count" 24
 "d-color-count" 19
 "d-express-count" 19
 "cell-count" 56
 15 -2 -1 217
 15 -1 3 1
 15 -3 1 234
 15 1 -2 116
 15 0 -1 310
 15 4 0 280
 15 0 3 164
 105 3 -3 269
 105 3 -2 264
 105 4 1 6
 105 3 3 103
 15 -1 -1 194
 15 -4 2 345
 15 1 -1 340
 15 0 4 265
 15 -3 0 4
 105 4 -1 187
 105 -1 4 47
 15 2 -3 116
 105 -2 -2 228
 15 1 4 2
 105 3 2 316
 15 2 -2 58
 15 -3 2 134
 105 -1 -3 64
 15 3 1 212
 15 1 3 108
 15 -2 3 222
 55 1 -4 46
 55 0 1 220
 55 -2 0 18
 5 -4 0 177
 55 2 0 318
 55 2 2 55
 55 3 0 62
 55 0 -4 14
 5 -2 4 167
 55 2 1 296
 55 -1 2 271
 55 2 3 295
 55 1 1 268
 55 -2 2 85
 55 3 -1 285
 55 1 0 48
 55 -2 1 260
 55 -3 -1 247
 55 -1 0 2
 55 0 -3 154
 5 -1 -4 88
 55 -3 3 317
 55 2 -1 7
 55 1 -3 187
 5 -3 -3 93
 55 0 2 338
 55 2 4 121
 55 1 2 276
 "contig-ratio-green-core" 0.8235294117647058
 "contig-ratio-red-core" 0.9333333333333333
 "a-count" 3
 "b-count" 2
 "c-color-count" 26
 "c-express-count" 26
 "d-color-count" 25
 "d-express-count" 25
 "cell-count" 56
 15 3 3 9
 15 -2 -3 8
 15 1 -2 149
 15 -1 -2 351
 15 4 1 25
 15 -2 -1 222
 15 2 -1 197
 15 1 -3 83
 15 -4 1 233
 15 -3 1 293
 105 3 -3 241
 15 0 2 29
 15 0 -2 205
 15 3 -1 181
 15 0 4 180
 15 2 -2 37
 15 1 4 300
 15 1 2 277
 15 -3 0 92
 15 1 -4 217
 15 -1 -3 248
 15 0 -3 148
 15 -2 0 295
 15 -2 -2 344
 15 1 3 196
 105 -3 -1 117
 15 2 2 119
 105 -3 3 0
 55 -1 1 44
 55 0 -4 167
 55 1 -1 216
 55 2 1 58
 55 3 2 329
 55 0 0 343
 55 3 0 170
 55 2 0 153
 55 0 1 134
 55 -3 2 176
 55 -4 0 359
 55 0 -1 332
 55 -1 0 250
 55 1 0 209
 55 -1 4 123
 5 3 -2 167
 55 4 0 5
 55 -1 3 256
 55 -3 -3 135
 55 -1 -4 33
 55 -2 3 26
 55 -2 2 99
 55 -2 -4 217
 55 -2 1 234
 55 1 1 272
 5 4 -1 255
 55 -1 -1 151
 55 -4 -1 29
 "contig-ratio-green-core" 0.85
 "contig-ratio-red-core" 0.8181818181818182
 "a-count" 6
 "b-count" 2
 "c-color-count" 26
 "c-express-count" 26
 "d-color-count" 24
 "d-express-count" 22
 "cell-count" 56
 15 -1 0 94
 15 0 2 150
 15 1 4 161
 15 0 1 197
 105 1 -4 112
 15 2 -3 331
 15 -1 2 127
 15 -1 1 132
 15 2 -2 301
 15 -1 -1 332
 15 -2 0 76
 15 -2 -1 194
 105 -3 3 130
 15 1 3 9
 15 1 -3 279
 15 -2 -2 111
 105 1 2 53
 15 0 -4 74
 15 -2 3 113
 15 2 1 188
 15 -2 1 286
 105 2 2 75
 15 1 1 110
 15 -2 2 183
 15 4 1 82
 15 3 -2 84
 15 -3 -3 73
 15 -1 -4 173
 55 0 0 176
 55 3 2 181
 55 3 1 155
 55 -3 -1 203
 55 -4 1 349
 55 3 0 89
 55 0 -1 229
 55 1 0 162
 55 0 -3 250
 55 -1 4 95
 55 -4 -1 282
 55 -3 0 109
 55 0 3 9
 55 -2 -3 233
 55 1 -1 93
 5 4 0 41
 55 1 -2 233
 55 2 0 243
 55 2 -1 306
 55 3 -1 21
 5 4 -1 343
 55 0 -2 330
 55 3 3 304
 55 -3 1 68
 55 0 4 119
 55 -1 -3 165
 55 -1 -2 109
 55 -1 3 260
 "contig-ratio-green-core" 0.95
 "contig-ratio-red-core" 0.9473684210526315
