 "a-count" 7
 "b-count" 3
 "c-color-count" 26
 "c-express-count" 25
 "d-color-count" 21
 "d-express-count" 21
 "cell-count" 56
 15 -2 2 265
 105 3 2 209
 15 1 -4 292
 105 1 4 193
 15 -3 2 118
 15 2 -1 239
 15 1 2 243
 15 3 -2 127
 15 4 -2 205
 15 -3 -1 295
 105 3 -3 128
 15 -1 3 3
 15 -2 -2 274
 105 -1 4 275
 15 3 -1 201
 105 2 -2 157
 15 3 0 83
 15 3 3 63
 15 1 1 357
 15 -2 -3 66
 15 -1 -2 30
 105 -2 3 230
 15 -3 3 53
 15 0 3 295
 15 1 -3 47
 15 2 1 24
 105 1 3 306
 15 1 -2 358
 55 -4 0 165
 55 -3 1 70
 55 4 -1 147
 55 1 0 70
 55 0 -3 81
 55 3 1 87
 5 2 -3 332
 55 0 1 39
 55 -1 -1 40
 55 4 0 307
 55 -1 0 292
 55 -2 0 193
 55 0 4 273
 55 0 -1 2
 55 -3 0 84
 55 -1 2 219
 55 4 1 105
 55 2 0 286
 55 1 -1 154
 55 0 -2 204
 55 2 2 95
 55 0 0 6
 55 -2 1 338
 5 -3 -2 343
 55 0 2 326
 55 -1 -4 349
 55 -4 1 75
 55 -1 1 203
 "contig-ratio-green-core" 0.8823529411764706
 "contig-ratio-red-core" 0.8125
 "a-count" 5
 "b-count" 4
 "c-color-count" 24
 "c-express-count" 24
 "d-color-count" 23
 "d-express-count" 23
 "cell-count" 56
 15 -3 2 28
 15 3 2 322
 15 -1 3 207
 15 3 1 6
 15 1 -3 296
 15 3 -3 202
 105 -1 4 330
 15 -3 0 275
 15 -3 -1 320
 15 0 -4 285
 105 -3 1 193
 15 0 3 146
 15 -2 3 157
 15 3 -1 106
 15 1 -2 120
 105 -4 -1 125
 15 1 4 208
 105 0 4 245
 15 -2 2 311
 105 3 3 353
 15 2 4 96
 15 -3 -2 198
 15 -2 1 330
 15 -2 -3 348
 15 1 -4 57
 15 2 -1 30
 15 -2 -2 147
 15 3 0 293
 55 -1 1 193
 55 -3 3 238
 55 4 1 106
 55 1 0 333
 55 -1 2 58
 55 -2 0 323
 55 4 0 59
 55 1 3 245
 55 4 -1 281
 55 0 0 65
 55 -2 -1 13
 55 -1 -3 345
 55 2 3 254
 55 0 2 29
 5 3 -2 35
 5 -1 -4 351
 5 -3 -3 30
 5 2 -2 64
 55 -1 -2 229
 55 -1 0 314
 55 0 -1 41
 55 -1 -1 338
 55 2 2 163
 55 0 -3 5
 55 1 -1 292
 55 0 1 34
 55 1 1 193
 55 1 2 300
 "contig-ratio-green-core" 1.0625
 "contig-ratio-red-core" 0.8125
 "a-count" 5
 "b-count" 2
 "c-color-count" 27
 "c-express-count" 26
 "d-color-count" 23
 "d-express-count" 23
 "cell-count" 56
 15 -3 1 68
 15 -2 -2 55
 105 -3 3 116
 15 2 -3 21
 15 -2 2 238
 15 2 3 352
 15 -3 0 351
 105 3 -3 118
 15 -1 -2 237
 105 -3 -1 78
 15 -1 2 292
 15 -2 -4 322
 15 0 3 144
 15 2 -2 307
 15 -1 3 91
 105 3 3 3
 15 1 3 183
 15 4 1 306
 15 2 2 7
 15 -3 -3 127
 15 -1 4 318
 15 3 -2 325
 15 -4 1 288
 15 3 1 253
 15 1 -4 279
 15 -1 -3 16
 15 4 0 308
 105 1 4 90
 55 -1 0 112
 55 -1 -4 278
 55 0 -4 357
 55 1 -3 283
 55 -2 3 3
 55 -3 -2 288
 55 1 1 198
 55 0 1 191
 55 2 -1 298
 55 2 1 314
 55 3 -1 38
 55 0 -2 35
 55 0 2 345
 55 1 0 154
 55 -2 -3 192
 55 1 2 215
 55 -4 2 169
 5 3 2 10
 55 3 0 277
 55 1 -1 140
 55 -2 1 117
 55 1 -2 87
 55 -3 2 166
 55 0 0 76
 55 -1 -1 275
 55 -1 1 61
 55 2 0 159
 55 -2 0 314
 "contig-ratio-green-core" 0.8947368421052632
 "contig-ratio-red-core" 1
 "a-count" 6
 "b-count" 2
 "c-color-count" 26
 "c-express-count" 26
 "d-color-count" 22
 "d-express-count" 22
 "cell-count" 56
 15 -4 -1 19
 15 -2 1 237
 105 3 3 268
 105 3 0 3
 15 -1 -4 190
 105 -3 2 299
 105 -2 -3 45
 15 1 -4 58
 15 1 2 47
 15 0 4 357
 15 -1 3 64
 15 -1 1 142
 15 2 2 192
 15 3 1 36
 15 -3 -1 282
 15 0 -3 219
 105 -2 3 33
 15 -4 1 134
 15 1 -3 66
 15 -3 -3 135
 15 1 3 70
 15 4 0 27
 15 -1 -2 113
 15 -3 -2 143
 15 0 -2 276
 15 -1 -3 89
 15 2 -3 312
 105 2 -2 20
 55 2 0 88
 55 1 1 222
 55 2 1 354
 5 3 -2 109
 5 -2 2 180
 55 -1 -1 199
 55 -2 -2 2
 55 1 4 73
 55 -3 1 174
 55 0 1 69
 55 -4 0 281
 55 -1 0 123
 55 1 -1 214
 55 -2 0 217
 55 4 -1 332
 55 4 1 315
 55 4 2 49
 55 -2 -1 112
 55 0 0 305
 55 0 3 329
 55 1 0 83
 55 3 2 309
 55 -3 0 345
 55 2 -1 253
 55 0 -4 15
 55 0 2 136
 55 1 -2 253
 55 0 -1 204
 "contig-ratio-green-core" 0.8421052631578947
 "contig-ratio-red-core" 1.1111111111111112
