 "a-count" 8
 "b-count" 4
 "c-color-count" 25
 "c-express-count" 24
 "d-color-count" 22
 "d-express-count" 20
 "cell-count" 56
 15 1 -3 109
 15 -2 3 131
 15 -2 -3 277
 15 3 -1 104
 15 -1 2 303
 105 -2 2 183
 15 -1 1 320
 15 -2 1 253
 15 1 3 140
 15 3 -2 80
 15 -3 1 0
 105 -4 1 99
 15 3 0 139
 15 2 2 354
 105 -3 2 19
 15 -1 -2 217
 105 -3 -2 272
 15 -1 -4 344
 15 4 1 331
 15 2 -3 139
 15 3 1 199
 15 -4 -1 136
 15 0 -4 129
 15 4 0 182
 15 2 1 290
 105 2 3 304
 105 -3 3 347
 15 -1 -1 226
 55 -3 0 56
 55 1 -2 142
 55 0 -1 233
 5 -2 -1 80
 55 -1 3 59
 55 0 -2 87
 55 1 4 244
 55 3 2 281
 55 0 0 88
 55 0 1 346
 55 -3 -1 302
 55 -1 4 311
 55 -1 -3 153
 55 0 3 178
 55 -1 0 282
 5 1 -4 334
 55 0 2 118
 55 1 1 196
 55 -2 0 329
 55 1 2 267
 55 0 -3 60
 5 -3 -3 322
 55 -4 0 47
 55 2 0 350
 55 2 -2 228
 55 2 -1 2
 55 3 3 167
 55 1 -1 109
 "contig-ratio-green-core" 0.8695652173913043
 "contig-ratio-red-core" 1
 "a-count" 4
 "b-count" 6
 "c-color-count" 22
 "c-express-count" 22
 "d-color-count" 24
 "d-express-count" 24
 "cell-count" 56
 15 2 -2 335
 15 -1 3 328
 15 -2 1 330
 15 -2 2 43
 15 -3 0 288
 15 1 -4 152
 105 3 2 37
 15 4 -1 297
 105 4 1 187
 105 1 4 185
 15 -4 1 177
 105 -3 -3 243
 15 2 -1 292
 15 2 -3 40
 15 -4 -1 46
 15 3 1 14
 15 -3 3 222
 15 0 -4 136
 15 -1 4 324
 15 -1 -3 359
 15 -2 -3 27
 15 -2 -2 26
 15 0 3 84
 15 -3 -2 310
 15 1 3 30
 15 -1 2 325
 15 3 0 30
 15 -3 -1 231
 55 1 -2 324
 55 2 1 202
 55 -2 4 195
 55 2 0 226
 55 2 2 178
 5 3 -3 60
 55 1 0 60
 55 0 -1 77
 55 -1 -1 63
 55 -1 0 107
 5 -4 0 7
 55 -2 3 299
 5 3 -2 0
 55 0 -3 193
 55 -2 0 93
 55 0 1 314
 5 2 3 212
 55 -1 -2 71
 55 0 2 146
 55 -2 -1 34
 55 -1 1 61
 5 3 -1 100
 55 1 2 215
 5 -3 1 112
 55 0 0 280
 55 1 1 13
 55 1 -1 284
 55 1 -3 297
 "contig-ratio-green-core" 1.2
 "contig-ratio-red-core" 0.6842105263157895
 "a-count" 7
 "b-count" 4
 "c-color-count" 24
 "c-express-count" 24
 "d-color-count" 23
 "d-express-count" 21
 "cell-count" 56
 15 -3 -2 80
 15 0 -1 264
 15 -2 1 159
 15 1 -4 28
 15 3 -2 157
 105 -3 2 205
 15 3 3 122
 15 -2 -1 77
 15 2 3 19
 15 1 -3 350
 15 -3 -1 211
 15 -1 4 60
 105 -4 -1 240
 15 1 -2 244
 15 -1 -3 338
 15 -2 2 175
 15 -2 0 289
 15 1 4 124
 15 4 0 337
 15 2 1 329
 105 2 -2 7
 15 2 2 4
 105 3 1 325
 105 4 1 167
 15 -1 3 128
 15 3 0 2
 15 3 -3 113
 15 -3 -3 28
 55 0 -4 5
 55 1 -1 200
 55 2 0 334
 55 1 3 185
 55 -4 0 313
 55 0 3 337
 55 1 0 301
 55 0 -2 119
 55 -1 2 257
 55 1 1 295
 5 -1 -1 274
 55 -2 -3 81
 55 -3 0 126
 55 -4 1 79
 55 -3 1 318
 55 0 0 175
 55 3 -1 58
 55 0 -3 66
 5 -1 -4 189
 55 -1 0 71
 55 -1 -2 347
 55 1 2 20
 5 4 -1 4
 5 2 -1 164
 55 -1 1 333
 55 0 4 193
 55 0 1 38
 55 0 2 332
 "contig-ratio-green-core" 0.8333333333333334
 "contig-ratio-red-core" 0.8
 "a-count" 8
 "b-count" 3
 "c-color-count" 25
 "c-express-count" 25
 "d-color-count" 22
 "d-express-count" 20
 "cell-count" 56
 15 -4 -1 345
 15 1 2 339
 15 -4 1 300
 15 -2 2 157
 105 3 0 73
 15 -1 4 193
 15 -3 -3 331
 105 -4 0 55
 15 1 -2 201
 105 3 -1 340
 15 4 -1 70
 105 2 3 205
 15 -2 -2 128
 15 -2 4 10
 15 -2 3 171
 15 2 -3 309
 15 2 1 44
 15 -3 -1 130
 15 0 -3 229
 15 3 1 251
 15 1 -3 157
 15 3 3 121
 15 -1 1 265
 15 1 -1 14
 15 -3 -2 131
 105 -3 2 356
 105 0 -4 37
 15 -1 -4 289
 5 1 3 15
 5 -2 -3 40
 55 -1 3 174
 55 -1 0 177
 55 0 -2 75
 55 2 -2 347
 55 0 1 66
 55 3 -3 55
 55 -1 -2 217
 55 0 3 83
 55 0 0 305
 55 -2 -1 138
 55 -1 2 325
 5 -2 0 274
 55 0 2 355
 55 0 -1 228
 55 1 0 236
 55 -2 1 190
 55 4 0 300
 55 1 1 63
 55 2 -1 281
 55 0 4 283
 55 -1 -3 242
 55 -3 1 21
 55 3 2 202
 55 2 0 83
 55 -3 0 268
 55 -1 -1 193
 "contig-ratio-green-core" 0.7777777777777778
 "contig-ratio-red-core" 1.0555555555555556
