 "a-count" 8
 "b-count" 4
 "c-color-count" 24
 "c-express-count" 24
 "d-color-count" 20
 "d-express-count" 20
 "cell-count" 56
 15 -1 2 43
 15 0 -3 189
 15 -3 -1 95
 15 2 -3 66
 15 -3 3 339
 15 -1 -1 313
 105 3 3 108
 105 -1 3 133
 105 -2 -1 4
 15 0 2 215
 105 -2 0 103
 15 1 3 21
 15 4 1 312
 15 3 2 313
 105 -4 -1 219
 105 1 4 90
 15 2 3 290
 105 0 -2 116
 15 2 2 90
 15 -1 -2 262
 15 -2 2 62
 105 -1 -3 264
 15 -2 -3 130
 15 3 -1 61
 15 0 4 72
 15 2 -2 319
 15 -4 1 357
 15 4 0 302
 55 3 -2 179
 55 0 0 27
 55 1 -2 288
 5 -3 1 247
 55 3 1 311
 55 0 3 242
 55 -3 -3 317
 55 2 1 233
 55 1 -4 273
 55 2 4 205
 5 4 -1 264
 55 -2 -2 218
 55 0 1 262
 55 -3 2 149
 5 -1 0 199
 55 3 0 48
 55 2 -1 301
 55 1 0 142
 55 1 2 42
 55 0 -4 49
 55 -3 -2 269
 55 0 -1 155
 55 -1 4 126
 55 4 2 105
 55 1 -1 171
 55 1 1 339
 5 -2 1 216
 55 2 0 277
 "contig-ratio-green-core" 1.0714285714285714
 "contig-ratio-red-core" 1.0625
 "a-count" 5
 "b-count" 4
 "c-color-count" 24
 "c-express-count" 24
 "d-color-count" 24
 "d-express-count" 23
 "cell-count" 56
 15 -3 1 255
 15 2 1 47
 15 3 2 88
 15 3 -2 253
 15 2 3 112
 15 1 1 80
 15 3 0 208
 15 -2 -1 216
 15 1 -3 307
 15 2 2 65
 15 3 1 115
 15 4 0 288
 15 -1 4 43
 105 -1 -4 259
 15 -3 3 102
 15 4 1 322
 15 -1 -1 209
 105 -1 3 91
 15 -3 -3 293
 15 0 -4 348
 15 0 3 339
 105 4 -1 56
 15 -3 -1 29
 15 -1 2 355
 15 2 -3 43
 15 -2 1 137
 105 3 3 244
 15 3 -1 202
 55 -2 0 43
 55 -1 1 30
 55 0 0 53
 55 -3 2 168
 55 1 4 267
 55 1 -1 190
 55 -1 0 211
 55 1 2 268
 55 0 -2 42
 55 -2 -3 137
 55 1 0 297
 55 2 0 15
 55 2 -1 88
 5 -3 -2 261
 55 1 3 309
 5 -2 -2 228
 55 -4 1 18
 55 -1 -3 28
 55 0 2 179
 55 0 4 75
 55 0 -1 165
 55 2 4 179
 55 0 -3 43
 55 0 1 30
 5 -1 -2 130
 55 -4 -1 192
 5 3 -3 224
 55 2 -2 132
 "contig-ratio-green-core" 0.8947368421052632
 "contig-ratio-red-core" 0.9
 "a-count" 6
 "b-count" 4
 "c-color-count" 25
 "c-express-count" 24
 "d-color-count" 23
 "d-express-count" 22
 "cell-count" 56
 15 3 3 128
 15 -4 -1 18
 15 4 -1 335
 15 2 -2 189
 15 2 -1 132
 15 -2 0 154
 105 -3 -3 328
 15 -1 -4 331
 15 -2 2 308
 15 3 -2 215
 15 -3 1 53
 105 2 -3 345
 15 -1 1 234
 15 2 3 286
 105 4 1 258
 15 1 -3 268
 105 -3 3 310
 15 -2 -3 337
 15 -4 1 262
 15 4 0 349
 15 3 0 44
 15 3 2 223
 15 1 4 245
 15 -2 3 193
 105 -2 1 5
 15 -1 -1 282
 15 -1 0 108
 15 2 2 126
 55 0 2 310
 55 -1 2 337
 55 1 3 287
 55 -4 0 187
 5 3 -1 348
 55 -3 -2 53
 55 -3 -1 214
 55 -1 3 253
 55 0 3 126
 55 -3 0 39
 55 1 -2 86
 5 -2 -1 130
 55 0 -4 268
 55 -1 4 278
 55 -3 2 170
 55 2 1 36
 55 1 -1 270
 55 2 0 142
 55 0 -1 61
 55 3 1 109
 55 -1 -3 64
 55 0 -3 203
 55 1 0 99
 55 -1 -2 179
 55 0 0 256
 55 0 1 310
 5 3 -3 161
 55 1 2 268
 "contig-ratio-green-core" 0.8636363636363636
 "contig-ratio-red-core" 0.9444444444444444
 "a-count" 6
 "b-count" 3
 "c-color-count" 26
 "c-express-count" 25
 "d-color-count" 22
 "d-express-count" 22
 "cell-count" 56
 105 -4 1 239
 15 2 2 53
 105 -4 0 356
 15 3 2 252
 105 3 -2 219
 15 -4 -1 351
 15 1 2 205
 15 4 0 234
 15 -2 -3 207
 15 -3 -2 42
 15 2 -1 76
 15 -3 0 325
 15 1 -3 357
 15 -3 1 263
 15 -1 -3 37
 105 2 3 303
 15 -3 2 148
 15 3 3 296
 15 -1 3 161
 15 0 -4 78
 15 -2 2 320
 15 1 -2 141
 105 -3 3 252
 15 4 1 45
 15 3 -1 304
 15 -3 -1 108
 15 1 3 6
 105 2 -3 97
 55 -1 -2 31
 55 -2 1 230
 55 0 3 311
 55 0 1 163
 55 2 0 123
 55 1 -1 18
 55 0 0 269
 55 -1 2 93
 55 4 -1 169
 55 -2 -2 340
 55 1 0 217
 5 -1 -4 358
 55 1 1 257
 55 -2 0 229
 55 1 4 23
 55 3 1 229
 55 3 0 14
 55 -1 1 47
 55 0 4 30
 55 -1 -1 88
 55 0 2 338
 55 0 -3 154
 5 -1 4 78
 55 -2 -1 339
 55 2 1 257
 55 -1 0 216
 55 0 -1 30
 55 0 -2 7
 "contig-ratio-green-core" 1.1176470588235294
 "contig-ratio-red-core" 0.9
