 "a-count" 2
 "b-count" 6
 "c-color-count" 22
 "c-express-count" 22
 "d-color-count" 26
 "d-express-count" 26
 "cell-count" 56
 15 2 -3 88
 15 3 -2 330
 15 1 -4 300
 15 -2 3 230
 15 2 -1 72
 15 0 1 277
 15 -3 -2 131
 15 -2 -3 309
 15 0 -4 124
 15 3 1 358
 105 1 4 315
 15 0 4 203
 15 -4 -1 216
 15 -2 2 184
 15 -2 -2 240
 15 3 0 159
 15 1 -3 164
 15 -4 1 60
 15 4 1 15
 105 3 -1 331
 15 3 3 83
 15 -1 2 170
 15 0 3 269
 15 3 -3 87
 15 -1 -3 291
 15 -1 1 157
 15 2 -2 9
 15 2 2 120
 55 1 -2 241
 55 1 1 126
 55 -1 -1 37
 5 -1 -4 160
 5 0 2 139
 55 1 0 209
 55 -1 3 82
 55 0 -2 7
 5 2 3 278
 55 -3 -1 58
 55 -3 1 149
 55 0 -3 48
 55 2 0 181
 55 0 -1 326
 55 -3 0 358
 55 -1 0 1
 5 -3 3 234
 5 1 3 205
 55 -4 0 291
 55 2 1 252
 55 -1 4 32
 55 -2 0 21
 5 -3 2 344
 55 1 2 286
 55 0 0 251
 55 -2 1 98
 55 -1 -2 175
 55 -2 -1 40
 "contig-ratio-green-core" 1.0555555555555556
 "contig-ratio-red-core" 0.6190476190476191
 "a-count" 7
 "b-count" 5
 "c-color-count" 23
 "c-express-count" 23
 "d-color-count" 22
 "d-express-count" 21
 "cell-count" 56
 105 -3 -3 48
 105 0 -4 180
 15 -1 3 57
 15 0 -2 202
 15 1 -4 57
 15 -3 -2 130
 15 -1 -1 39
 15 -2 -2 12
 15 1 -2 250
 105 4 0 297
 15 2 -1 147
 15 3 -3 329
 105 -1 -4 81
 15 -2 2 202
 15 2 -2 323
 15 0 -1 318
 15 2 -3 238
 15 -4 0 64
 15 -3 -1 218
 105 0 4 249
 105 -4 1 152
 15 -1 -2 103
 15 -3 2 32
 15 0 -3 72
 15 -1 4 230
 15 1 4 250
 15 -3 3 246
 15 -4 -1 65
 55 1 -1 359
 55 2 1 9
 55 2 0 267
 55 3 0 280
 55 -2 0 103
 55 3 2 156
 55 3 -2 200
 55 -3 0 117
 5 -2 -3 93
 55 -2 1 86
 55 3 -1 173
 55 1 3 318
 5 1 0 176
 55 0 0 279
 55 0 1 203
 55 1 1 248
 55 -1 0 323
 55 -1 1 213
 55 0 2 56
 55 -1 2 18
 55 0 3 89
 55 2 3 15
 55 3 1 235
 55 -2 -1 90
 55 -1 -3 255
 5 4 1 179
 5 2 2 305
 5 -3 1 53
 "contig-ratio-green-core" 0.8125
 "contig-ratio-red-core" 0.7647058823529411
 "a-count" 8
 "b-count" 4
 "c-color-count" 24
 "c-express-count" 24
 "d-color-count" 21
 "d-express-count" 20
 "cell-count" 56
 15 -4 0 94
 105 -1 -3 40
 15 -4 -1 118
 105 2 3 286
 15 2 -1 45
 15 2 -3 133
 15 3 1 155
 15 -3 -2 140
 105 -2 2 9
 15 1 4 137
 15 1 -3 163
 15 3 -1 115
 105 1 -4 281
 15 4 -1 148
 105 4 0 314
 15 0 -4 177
 105 4 1 244
 15 0 4 77
 15 3 2 149
 15 -2 3 105
 15 -1 2 15
 15 -1 -2 259
 105 -3 -3 92
 15 -3 2 161
 15 2 -2 13
 15 2 0 171
 15 3 -2 264
 15 -1 -4 44
 55 -3 -1 66
 55 -1 1 79
 55 1 3 296
 55 -1 0 156
 5 -2 -3 87
 55 -1 3 140
 5 0 0 44
 5 -4 1 293
 55 -3 1 116
 55 0 -2 164
 55 1 2 122
 55 0 -1 36
 55 1 0 227
 55 -1 4 79
 55 0 3 100
 55 -2 1 159
 5 0 2 53
 55 3 -3 204
 55 0 1 278
 55 2 1 237
 55 2 2 202
 55 0 -3 280
 55 1 -1 261
 55 -3 0 174
 55 1 1 219
 55 -2 -1 145
 55 -1 -1 341
 55 -2 0 296
 "contig-ratio-green-core" 0.9375
 "contig-ratio-red-core" 0.8
 "a-count" 5
 "b-count" 2
 "c-color-count" 26
 "c-express-count" 26
 "d-color-count" 25
 "d-express-count" 23
 "cell-count" 56
 15 4 2 232
 15 0 3 182
 15 0 -2 144
 15 -4 1 52
 15 2 2 168
 15 3 -2 354
 15 -4 0 291
 15 -3 -3 181
 15 4 -1 172
 15 0 4 277
 15 2 -3 134
 15 -2 -2 121
 105 1 -4 352
 15 -1 -2 107
 105 -1 3 86
 15 -4 -1 320
 15 2 -2 124
 15 -3 2 273
 105 -2 3 137
 15 3 2 114
 15 0 -3 351
 15 -2 -4 28
 15 4 0 280
 15 -1 1 115
 15 -2 -1 180
 15 -1 2 30
 15 -1 -1 247
 15 -1 -4 114
 5 3 3 154
 55 -3 -1 90
 55 0 2 345
 55 1 4 325
 5 1 2 57
 55 0 -4 41
 55 3 0 199
 55 -2 0 119
 55 1 -2 214
 55 1 -3 91
 55 0 1 183
 55 1 -1 81
 55 1 3 326
 55 3 -1 81
 55 -3 1 33
 55 -1 0 309
 55 -2 -3 49
 55 0 -1 143
 55 4 1 154
 55 2 -1 317
 55 1 1 219
 55 2 0 352
 55 -3 -2 246
 55 3 1 333
 55 0 0 309
 55 -3 0 332
 55 1 0 219
 55 2 1 279
 "contig-ratio-green-core" 1.4285714285714286
 "contig-ratio-red-core" 0.95
