 "a-count" 2
 "b-count" 4
 "c-color-count" 24
 "c-express-count" 24
 "d-color-count" 26
 "d-express-count" 26
 "cell-count" 56
 15 2 -3 228
 15 -4 -1 86
 15 1 1 241
 15 -3 -1 220
 15 3 1 11
 15 1 3 249
 15 -3 3 114
 105 1 4 70
 15 1 -4 281
 15 2 3 116
 15 -3 -4 125
 15 -2 -1 162
 15 -1 0 266
 15 -3 1 42
 15 3 2 101
 15 2 0 206
 15 0 1 34
 15 -1 -2 135
 15 -2 -3 358
 15 2 -1 142
 15 1 -2 180
 15 -2 2 76
 15 3 3 186
 15 -1 -4 235
 105 0 4 91
 15 0 -1 182
 15 4 0 353
 15 -1 1 275
 55 2 -2 8
 5 -4 1 224
 55 -1 4 126
 55 -3 0 356
 5 -1 3 260
 55 -1 -1 123
 55 1 0 303
 55 1 2 100
 55 -2 -4 21
 55 -2 3 251
 55 2 1 25
 55 1 -3 30
 5 0 -4 39
 55 0 -2 293
 55 0 2 15
 55 -4 0 62
 55 0 3 65
 55 -2 1 227
 5 -1 -3 8
 55 0 0 264
 55 -1 2 175
 55 -2 0 109
 55 2 2 278
 55 -3 2 23
 55 3 0 187
 55 3 -1 17
 55 -3 -3 12
 55 1 -1 240
 "contig-ratio-green-core" 1.2
 "contig-ratio-red-core" 1.4
 "a-count" 6
 "b-count" 7
 "c-color-count" 22
 "c-express-count" 21
 "d-color-count" 23
 "d-express-count" 22
 "cell-count" 56
 15 0 0 351
 15 4 1 283
 15 -2 3 92
 15 2 4 12
 105 2 -1 144
 15 -2 0 271
 105 1 -1 345
 15 -3 1 302
 15 1 -2 181
 105 -1 3 199
 15 -3 -1 135
 15 -3 -2 324
 15 3 3 353
 15 2 0 2
 15 1 1 334
 15 1 2 246
 15 -4 0 129
 15 2 3 196
 15 -4 2 276
 105 0 4 251
 15 3 2 317
 105 -1 4 312
 15 -1 2 275
 15 0 -1 28
 15 0 3 104
 15 2 -3 269
 15 -1 -1 28
 15 1 -3 231
 55 -2 -1 327
 55 4 -1 221
 55 -1 -4 244
 55 3 1 266
 5 4 0 125
 55 3 -3 236
 55 -1 0 203
 55 1 -4 40
 55 -3 2 286
 55 -4 1 42
 55 0 -2 328
 5 -4 -1 213
 55 2 2 162
 5 1 4 16
 55 2 -2 128
 55 0 1 41
 55 -2 1 335
 55 -2 2 304
 5 -1 -2 59
 55 2 1 38
 55 0 -3 228
 5 -3 3 222
 5 -3 -3 44
 55 -1 1 318
 55 -2 -2 261
 55 -3 0 181
 55 0 2 161
 55 1 3 49
 "contig-ratio-green-core" 1.1875
 "contig-ratio-red-core" 1
 "a-count" 6
 "b-count" 4
 "c-color-count" 24
 "c-express-count" 24
 "d-color-count" 23
 "d-express-count" 22
 "cell-count" 56
 15 0 0 124
 15 -1 2 38
 15 2 -3 287
 15 4 -1 229
 15 -2 3 139
 15 -2 0 219
 105 2 3 56
 105 -1 -4 140
 15 0 -2 108
 15 -2 1 229
 15 -3 -1 139
 15 1 -1 235
 15 1 3 147
 105 3 -3 120
 105 1 -4 248
 15 0 2 4
 15 -1 3 190
 15 2 -1 244
 15 3 3 314
 15 0 -4 54
 15 0 4 104
 15 3 1 219
 15 -3 1 230
 15 2 1 31
 15 -1 -3 240
 15 -2 -4 295
 105 -4 1 227
 15 -2 -2 37
 55 2 -2 170
 5 -3 3 30
 55 3 4 5
 55 0 -1 293
 55 -4 -1 145
 55 -1 4 346
 55 -2 -1 16
 55 3 0 106
 55 1 -3 235
 55 1 1 67
 55 0 1 95
 55 1 4 139
 55 -1 1 224
 55 1 0 176
 5 -1 -1 326
 55 -2 2 167
 5 -4 0 194
 55 1 2 328
 55 2 0 133
 55 -2 -3 313
 55 3 2 93
 55 0 3 17
 55 1 -2 36
 55 0 -3 292
 55 -3 0 119
 55 3 -1 107
 55 -1 -2 214
 5 3 -2 98
 "contig-ratio-green-core" 1.2307692307692308
 "contig-ratio-red-core" 1.5333333333333334
 "a-count" 4
 "b-count" 6
 "c-color-count" 24
 "c-express-count" 22
 "d-color-count" 28
 "d-express-count" 24
 "cell-count" 56
 15 2 2 212
 15 1 0 219
 15 3 2 33
 15 0 3 157
 15 -3 -2 184
 15 3 -2 201
 15 0 -3 0
 15 -4 -1 174
 15 -3 -3 286
 15 -1 2 85
 15 1 1 142
 15 3 -3 109
 15 0 2 61
 15 0 -4 292
 15 -1 -2 340
 15 -1 1 178
 15 0 0 197
 15 -3 1 330
 15 1 -2 181
 15 -4 1 309
 15 2 -3 121
 15 -1 -4 276
 15 2 3 61
 15 -1 -1 243
 15 1 2 1
 15 -2 0 325
 15 3 1 120
 15 2 -1 163
 55 2 1 98
 55 0 1 208
 55 0 -1 106
 55 1 3 184
 55 -2 -1 224
 55 1 -4 219
 55 2 -2 64
 55 0 -2 115
 55 3 3 97
 55 2 0 335
 55 -1 -3 214
 55 -1 4 19
 55 -1 3 314
 55 4 0 135
 5 4 -1 333
 55 1 4 5
 55 3 -1 170
 55 0 4 277
 55 3 0 18
 5 2 -4 342
 55 -3 -1 347
 5 -3 2 224
 5 -2 2 162
 55 -4 2 245
 55 -2 -3 53
 55 -3 0 5
 55 -1 0 114
 55 -3 3 352
 "contig-ratio-green-core" 1.2105263157894737
 "contig-ratio-red-core" 0.8695652173913043
