 "a-count" 8
 "b-count" 2
 "c-color-count" 27
 "c-express-count" 26
 "d-color-count" 24
 "d-express-count" 20
 "cell-count" 56
 15 -1 0 50
 15 -1 -1 272
 15 -1 3 178
 15 -1 -2 297
 15 -3 -3 139
 15 1 1 104
 15 1 -4 315
 15 2 0 127
 15 -1 4 351
 105 2 -3 102
 15 1 0 292
 15 4 1 308
 15 1 -1 179
 15 0 2 236
 15 -3 3 182
 15 -1 -4 86
 15 0 -3 114
 15 2 3 93
 15 3 -2 239
 105 3 -3 63
 105 3 3 191
 105 2 2 303
 15 1 -3 72
 15 4 -1 43
 15 -1 1 1
 15 -3 1 166
 15 3 1 241
 15 3 -1 42
 55 -1 2 255
 5 -4 -1 136
 55 0 -1 43
 55 -2 1 76
 55 -3 -2 238
 55 0 4 49
 55 1 -2 207
 55 2 1 286
 55 0 3 62
 55 0 -2 353
 55 1 2 50
 55 -3 2 121
 55 -4 0 303
 55 -4 1 68
 55 -2 3 124
 55 -2 -3 111
 55 -1 -3 136
 55 3 2 154
 55 -3 0 168
 55 -2 -1 209
 55 -2 0 121
 55 1 4 115
 55 2 -2 346
 55 0 0 279
 55 4 0 120
 55 0 -4 63
 55 3 0 319
 55 0 1 19
 "contig-ratio-green-core" 1.2
 "contig-ratio-red-core" 1.0625
 "a-count" 3
 "b-count" 2
 "c-color-count" 26
 "c-express-count" 26
 "d-color-count" 25
 "d-express-count" 25
 "cell-count" 56
 15 1 -2 89
 105 3 3 97
 15 0 -3 169
 15 3 1 112
 15 0 -1 256
 15 -1 -2 67
 105 4 1 182
 15 2 -1 127
 15 3 -2 346
 15 -1 0 108
 15 -4 -1 126
 105 -3 1 143
 15 -3 0 157
 15 2 2 329
 15 4 -1 172
 15 0 1 137
 15 1 1 3
 15 -3 -2 162
 15 -4 1 116
 15 -1 -4 106
 15 -1 2 346
 15 1 3 178
 15 3 0 100
 15 -2 -3 289
 15 -2 1 162
 15 -3 -3 229
 15 -3 2 352
 15 -2 3 301
 55 0 -4 177
 55 2 -2 43
 55 -1 4 38
 55 0 0 55
 55 0 2 330
 55 -2 2 198
 55 -3 -1 186
 5 -3 3 47
 55 -2 -4 216
 55 -1 -3 314
 55 2 1 309
 55 0 -2 318
 55 3 -1 100
 55 -2 0 328
 55 0 4 124
 55 -1 -1 174
 55 1 -1 81
 5 2 -3 155
 55 -2 4 289
 55 2 3 194
 55 1 -3 191
 55 -2 -2 75
 55 -1 3 95
 55 -4 0 282
 55 1 2 186
 55 1 4 154
 55 4 0 290
 55 2 0 231
 "contig-ratio-green-core" 1.2
 "contig-ratio-red-core" 1.2727272727272727
 "a-count" 7
 "b-count" 6
 "c-color-count" 22
 "c-express-count" 22
 "d-color-count" 23
 "d-express-count" 21
 "cell-count" 56
 105 2 -2 120
 15 2 -3 271
 105 3 -2 198
 15 -1 1 354
 15 4 -2 331
 15 2 -1 126
 15 2 1 166
 15 -3 -2 312
 15 3 1 105
 15 1 -1 212
 15 1 -2 109
 15 -2 0 94
 15 -2 2 295
 15 0 4 220
 105 2 3 85
 15 -3 -1 27
 15 -1 3 120
 105 3 -1 96
 15 -3 0 265
 15 -1 -2 216
 15 -2 -3 332
 15 0 -4 326
 15 0 0 27
 15 0 -3 51
 105 3 -3 106
 15 0 2 298
 15 3 2 12
 15 -1 -1 49
 55 -3 1 159
 55 1 -3 160
 55 0 -2 248
 55 -4 -2 209
 55 4 1 106
 55 -2 1 297
 55 1 1 172
 55 -1 -3 170
 5 1 2 299
 5 -3 -3 40
 55 -2 -2 145
 55 1 -4 146
 55 0 1 159
 55 3 0 55
 55 -1 2 341
 55 0 3 178
 55 -2 -1 81
 55 2 0 32
 5 -1 4 170
 5 2 2 11
 5 -3 2 303
 55 1 3 56
 55 1 0 119
 55 -1 0 144
 5 -1 -4 150
 55 -4 -1 214
 55 4 -1 141
 55 -4 0 234
 "contig-ratio-green-core" 1.3333333333333333
 "contig-ratio-red-core" 1.1333333333333333
