 "a-count" 4
 "b-count" 7
 "c-color-count" 21
 "c-express-count" 21
 "d-color-count" 25
 "d-express-count" 24
 "cell-count" 56
 15 0 2 354
 15 -3 -3 307
 15 2 1 211
 105 -3 3 118
 15 4 0 271
 15 0 -2 329
 105 -3 2 93
 15 -2 0 306
 15 1 -5 196
 15 3 -3 278
 15 -1 2 345
 105 -4 1 359
 15 3 -1 188
 15 1 0 222
 15 -4 0 149
 15 0 0 296
 15 3 2 278
 15 -1 4 32
 15 2 2 296
 15 2 -2 345
 15 -2 2 27
 15 0 -4 32
 15 -3 1 203
 15 -2 3 164
 15 0 3 299
 15 1 -1 301
 15 -2 -2 57
 15 -1 -3 297
 55 -2 1 56
 5 -1 1 193
 5 2 3 306
 5 -1 0 4
 55 1 -4 315
 55 0 -1 105
 5 1 -3 320
 55 -1 -2 259
 55 1 1 267
 55 -3 -2 25
 55 1 2 242
 55 1 3 337
 55 -4 -1 240
 5 2 -3 120
 5 -1 -4 155
 55 4 1 225
 55 -2 -3 326
 55 -3 -1 10
 55 0 -3 67
 55 -3 0 262
 55 3 3 161
 55 -2 -1 144
 55 3 -2 110
 5 0 4 110
 55 2 -1 290
 55 -1 3 134
 55 3 0 48
 55 3 1 34
 "contig-ratio-green-core" 1.2307692307692308
 "contig-ratio-red-core" 0.9166666666666666
 "a-count" 5
 "b-count" 8
 "c-color-count" 20
 "c-express-count" 20
 "d-color-count" 26
 "d-express-count" 23
 "cell-count" 56
 15 2 2 38
 15 -3 1 152
 15 1 2 221
 15 1 -1 316
 15 3 0 261
 15 0 4 116
 15 2 1 57
 15 -4 0 240
 15 2 -2 162
 15 -2 4 158
 15 2 0 90
 15 1 0 208
 15 -1 -1 7
 15 3 -3 179
 15 -1 1 304
 105 2 3 254
 15 0 -2 194
 15 -1 3 307
 105 -3 2 234
 15 4 -1 62
 15 3 -2 163
 15 0 3 73
 15 -1 2 229
 15 2 4 286
 15 0 -4 259
 15 0 -1 19
 15 -3 -3 127
 15 4 1 76
 55 1 -2 147
 5 -4 -1 108
 55 -3 -1 111
 55 1 3 317
 55 0 2 68
 55 -2 1 71
 5 -1 -2 134
 55 3 -1 13
 55 1 4 235
 55 1 1 213
 5 -2 0 126
 55 -3 0 236
 55 0 0 157
 5 -1 4 26
 55 -1 0 213
 5 -1 -3 74
 55 2 -1 294
 5 3 2 321
 55 1 -4 358
 55 0 1 1
 5 2 -3 41
 55 0 -3 100
 5 -2 2 213
 55 4 0 297
 55 -3 -2 147
 55 -2 3 183
 55 -2 -3 203
 55 -4 1 249
 "contig-ratio-green-core" 1.5714285714285714
 "contig-ratio-red-core" 0.8888888888888888
 "a-count" 4
 "b-count" 4
 "c-color-count" 24
 "c-express-count" 24
 "d-color-count" 26
 "d-express-count" 24
 "cell-count" 56
 15 -2 -3 276
 15 -3 -2 130
 15 -2 0 308
 15 -1 -4 14
 15 0 -2 89
 15 -1 -2 8
 15 1 2 343
 15 0 0 293
 15 0 2 262
 15 -1 4 247
 15 3 2 129
 15 1 3 0
 105 4 1 141
 15 3 -1 104
 15 0 3 135
 15 1 1 142
 15 0 -4 264
 15 -2 3 121
 15 3 1 279
 15 2 -2 111
 15 4 0 206
 15 2 0 307
 15 -2 2 12
 15 -1 -3 226
 15 -1 1 86
 15 1 4 188
 15 -3 1 186
 105 4 -1 256
 5 3 -2 206
 55 1 0 174
 55 -4 1 255
 55 3 3 186
 55 -2 -1 103
 55 -3 -1 181
 55 -2 -4 130
 55 0 1 164
 5 0 -1 56
 5 1 -3 112
 5 -1 0 139
 55 -3 2 349
 55 -2 -2 73
 55 3 0 190
 55 2 -1 97
 55 -1 2 5
 55 2 1 328
 55 -4 -1 98
 55 0 4 263
 55 0 -3 75
 55 2 2 152
 55 2 -3 184
 55 1 -2 195
 55 -3 0 210
 55 -1 3 233
 55 2 3 80
 55 -1 -1 95
 55 -3 3 137
 "contig-ratio-green-core" 1.25
 "contig-ratio-red-core" 1.0588235294117647
