 "a-count" 1
 "b-count" 0
 "c-color-count" 28
 "c-express-count" 28
 "d-color-count" 27
 "d-express-count" 27
 "cell-count" 56
 15 2 -3 56
 15 -2 2 219
 15 -2 3 161
 15 2 3 180
 15 -1 -2 269
 15 4 1 182
 15 0 -3 130
 15 0 -4 175
 15 1 -3 297
 15 1 -2 350
 15 3 2 95
 105 -3 -2 163
 15 -1 -3 142
 15 3 3 285
 15 -2 -2 237
 15 4 0 319
 15 -1 3 40
 15 1 -4 352
 15 2 -4 191
 15 1 4 169
 15 2 -2 130
 15 0 4 60
 15 3 -2 352
 15 -2 -3 55
 15 0 -2 146
 15 -1 4 210
 15 3 -1 195
 15 0 -2 62
 55 2 2 353
 55 1 0 255
 55 -1 2 177
 55 -2 -1 286
 55 4 -1 208
 55 2 -1 302
 55 1 2 102
 55 1 3 69
 55 -1 1 18
 55 0 -1 158
 55 -2 1 161
 55 -1 0 311
 55 1 -1 111
 55 -1 -4 263
 55 0 3 307
 55 0 0 115
 55 -3 0 121
 55 -1 -1 296
 55 3 0 99
 55 3 1 19
 55 2 1 39
 55 -4 0 252
 55 -2 0 48
 55 -3 -1 320
 55 -3 1 175
 55 0 1 80
 55 0 2 161
 55 2 0 281
 "contig-ratio-green-core" 0.7894736842105263
 "contig-ratio-red-core" 0.5833333333333334
 "a-count" 2
 "b-count" 0
 "c-color-count" 28
 "c-express-count" 28
 "d-color-count" 26
 "d-express-count" 26
 "cell-count" 56
 15 -3 -2 211
 15 2 1 135
 15 3 1 123
 15 -3 -1 153
 15 -4 -1 69
 15 2 3 333
 15 -2 -3 105
 15 -4 0 226
 15 -3 0 33
 15 -1 -4 320
 15 3 0 291
 15 2 -2 5
 15 -1 -3 202
 15 1 -4 239
 15 2 -3 32
 15 3 -1 117
 15 3 2 183
 15 0 -3 173
 105 4 1 228
 15 3 -2 283
 15 2 2 270
 105 4 0 135
 15 1 -3 343
 15 0 4 95
 15 -3 1 49
 15 2 0 12
 15 0 -4 137
 15 -1 4 2
 55 -3 -3 242
 55 -2 -2 10
 55 1 3 308
 55 1 0 50
 55 0 -2 106
 55 0 3 151
 55 0 -1 60
 55 -1 3 192
 55 3 3 2
 55 -1 2 331
 55 -1 1 110
 55 -2 0 1
 55 1 -2 120
 55 1 -1 108
 55 -1 -1 162
 55 0 1 180
 55 0 0 73
 55 -2 3 359
 55 -3 3 281
 55 -1 -2 264
 55 1 4 27
 55 0 2 219
 55 -1 0 3
 55 -2 1 319
 55 -2 -1 20
 55 1 1 233
 55 1 2 358
 55 -2 2 112
 "contig-ratio-green-core" 0.8333333333333334
 "contig-ratio-red-core" 0.6956521739130435
 "a-count" 1
 "b-count" 0
 "c-color-count" 28
 "c-express-count" 28
 "d-color-count" 27
 "d-express-count" 27
 "cell-count" 56
 15 2 -1 86
 15 1 -3 12
 15 -3 3 266
 15 1 2 57
 105 3 -1 109
 15 -3 -2 358
 15 3 0 271
 15 1 -4 305
 15 2 -1 229
 15 2 0 74
 15 2 -2 79
 15 -2 -1 134
 15 -1 3 351
 15 2 2 181
 15 -3 -1 106
 15 1 3 180
 15 2 -3 6
 15 -4 0 321
 15 0 4 280
 15 2 1 15
 15 2 0 50
 15 -2 -2 60
 15 -1 -1 262
 15 -4 -1 170
 15 1 -2 213
 15 -4 -2 33
 15 1 4 294
 15 0 3 188
 55 -1 -4 357
 55 0 2 93
 55 0 0 116
 55 0 -1 133
 55 -3 0 354
 55 1 1 350
 55 1 -1 264
 55 1 0 210
 55 -4 1 208
 55 -2 3 282
 55 -2 1 93
 55 0 -2 274
 55 -3 -3 85
 55 -3 2 202
 55 -1 2 5
 55 -1 4 118
 55 -2 2 246
 55 -1 -3 236
 55 -2 -3 68
 55 -3 1 65
 55 1 0 86
 55 0 1 262
 55 -1 0 141
 55 3 2 98
 55 1 1 19
 55 3 3 339
 55 0 -3 146
 55 -1 1 209
 "contig-ratio-green-core" 0.8
 "contig-ratio-red-core" 0.72
 "a-count" 1
 "b-count" 0
 "c-color-count" 28
 "c-express-count" 28
 "d-color-count" 27
 "d-express-count" 27
 "cell-count" 56
 15 -1 4 9
 15 2 1 90
 15 4 -2 210
 15 -3 2 309
 15 -1 -3 269
 15 -2 -2 155
 15 4 0 350
 15 3 -3 240
 15 2 2 151
 15 -4 0 240
 15 -1 -2 245
 15 3 1 67
 15 -2 3 57
 15 -1 2 102
 105 4 1 175
 15 1 -3 40
 15 0 3 301
 15 0 -4 133
 15 0 -3 89
 15 -1 3 147
 15 3 2 163
 15 -3 0 281
 15 -2 -3 129
 15 2 -3 117
 15 -3 1 327
 15 1 -4 295
 15 -2 2 175
 15 3 0 284
 55 2 3 163
 55 1 3 152
 55 -1 0 193
 55 0 1 3
 55 2 0 229
 55 -3 -2 156
 55 0 0 331
 55 0 2 346
 55 -1 1 316
 55 4 -1 119
 55 2 -4 310
 55 1 -2 129
 55 -2 -1 184
 55 -1 -1 112
 55 2 -1 29
 55 3 -2 345
 55 2 -2 47
 55 3 -1 359
 55 0 -2 57
 55 -3 -1 213
 55 1 4 352
 55 1 -1 233
 55 1 2 277
 55 1 0 102
 55 0 -1 38
 55 1 1 90
 55 -2 0 26
 55 -2 1 55
 "contig-ratio-green-core" 0.8
 "contig-ratio-red-core" 0.8636363636363636
