 "a-count" 1
 "b-count" 0
 "c-color-count" 28
 "c-express-count" 28
 "d-color-count" 27
 "d-express-count" 27
 "cell-count" 56
 15 1 3 270
 15 3 -1 229
 15 4 0 193
 15 -2 -2 94
 15 -3 -1 217
 15 -2 3 131
 15 -1 -1 293
 15 -3 3 158
 15 0 3 87
 15 4 1 69
 15 4 -1 218
 15 -2 -1 101
 15 -1 2 194
 15 -4 3 207
 15 0 -2 155
 15 1 -2 169
 15 1 4 352
 15 4 2 65
 15 -1 3 160
 15 2 -3 174
 15 -1 -2 234
 15 0 4 218
 15 0 -3 160
 105 -1 4 315
 15 2 -2 126
 15 0 2 312
 15 -3 -2 116
 15 1 2 190
 55 -1 -4 36
 55 -1 -3 270
 55 -2 1 220
 55 3 3 145
 55 -4 0 136
 55 2 -1 123
 55 2 0 111
 55 3 2 122
 55 0 -1 121
 55 0 -1 151
 55 1 -1 1
 55 1 1 338
 55 0 1 269
 55 -3 0 53
 55 2 2 147
 55 2 3 169
 55 2 1 358
 55 -2 0 146
 55 -1 1 73
 55 1 -4 111
 55 1 0 206
 55 -1 0 186
 55 0 0 249
 55 0 -4 34
 55 3 1 141
 55 -3 1 261
 55 3 0 309
 55 -1 0 149
 "contig-ratio-green-core" 0.6956521739130435
 "contig-ratio-red-core" 0.8
 "a-count" 0
 "b-count" 0
 "c-color-count" 28
 "c-express-count" 28
 "d-color-count" 28
 "d-express-count" 28
 "cell-count" 56
 15 -3 -3 208
 15 1 3 303
 15 2 3 6
 15 -1 -3 278
 15 -3 -3 198
 15 4 -1 38
 15 -3 0 107
 15 -3 1 251
 15 3 0 303
 15 3 -3 342
 15 4 0 61
 15 4 -1 83
 15 0 -5 337
 15 -2 -3 118
 15 -1 -5 29
 15 -4 1 298
 15 -2 1 201
 15 0 -4 100
 15 2 -3 156
 15 -5 1 241
 15 -2 -3 11
 15 1 4 30
 15 2 -3 190
 15 2 4 338
 15 4 -2 18
 15 1 -3 332
 15 -1 -4 253
 15 0 -3 159
 55 0 -1 254
 55 3 -1 4
 55 1 -2 281
 55 1 -2 55
 55 2 0 309
 55 -1 -2 154
 55 0 -2 26
 55 0 -2 338
 55 3 -1 99
 55 2 -1 351
 55 -1 -1 46
 55 3 -2 90
 55 1 -1 101
 55 1 -4 144
 55 -2 -2 350
 55 -2 -1 9
 55 -1 -2 94
 55 -3 -2 87
 55 1 0 179
 55 1 1 53
 55 0 -1 228
 55 2 -2 279
 55 5 -1 263
 55 0 0 89
 55 1 -2 236
 55 -3 -1 84
 55 0 -1 205
 55 0 -2 314
 "contig-ratio-green-core" 0.75
 "contig-ratio-red-core" 0.6
 "a-count" 3
 "b-count" 0
 "c-color-count" 28
 "c-express-count" 28
 "d-color-count" 25
 "d-express-count" 25
 "cell-count" 56
 15 0 3 243
 15 0 -3 270
 15 2 3 207
 15 1 -3 47
 15 3 0 22
 15 1 4 247
 15 1 -4 101
 15 -4 1 114
 15 -2 -2 257
 15 -4 -3 268
 15 -3 2 134
 105 -1 4 147
 15 -2 -4 139
 15 -1 3 213
 15 2 -2 288
 15 3 -2 266
 105 2 -3 51
 15 4 0 240
 15 3 -1 305
 105 -1 -3 160
 15 -2 3 12
 15 -3 -3 309
 15 4 1 16
 15 -3 3 277
 15 -2 4 5
 15 4 -1 266
 15 -2 -3 202
 15 0 4 233
 55 0 1 246
 55 2 -1 54
 55 -4 0 217
 55 -1 1 92
 55 -1 -1 6
 55 0 -1 87
 55 -3 1 68
 55 -2 0 267
 55 1 1 104
 55 -3 0 97
 55 2 1 95
 55 -2 -1 29
 55 1 0 194
 55 2 2 96
 55 2 0 220
 55 -1 2 125
 55 1 -1 60
 55 -1 0 138
 55 1 3 356
 55 -2 2 79
 55 0 2 121
 55 0 0 355
 55 1 2 4
 55 -2 1 200
 55 1 -2 160
 55 3 2 114
 55 0 -2 246
 55 3 1 127
 "contig-ratio-green-core" 0.875
 "contig-ratio-red-core" 0.5
 "a-count" 1
 "b-count" 0
 "c-color-count" 28
 "c-express-count" 28
 "d-color-count" 27
 "d-express-count" 27
 "cell-count" 56
 15 -2 -1 69
 15 0 4 310
 15 -1 4 155
 15 -2 -3 211
 15 -3 1 251
 15 -3 2 69
 15 -3 -2 164
 15 -1 -3 185
 105 -4 -1 186
 15 -4 1 141
 15 -4 0 220
 15 0 -3 74
 15 3 1 246
 15 -3 0 326
 15 -4 2 147
 15 3 -1 189
 15 4 -2 52
 15 -2 0 255
 15 4 0 101
 15 -2 -2 324
 15 -3 -1 142
 15 3 3 282
 15 -1 -2 266
 15 4 -1 107
 15 1 4 335
 15 2 3 225
 15 -2 1 71
 15 4 1 350
 55 0 0 11
 55 2 0 93
 55 2 2 252
 55 1 0 301
 55 -2 3 195
 55 -1 2 13
 55 1 3 92
 55 0 -2 351
 55 -1 1 60
 55 2 4 172
 55 1 2 18
 55 1 1 310
 55 -1 0 226
 55 1 -2 147
 55 0 3 89
 55 2 -1 45
 55 -3 -3 203
 55 0 -4 157
 55 -1 3 154
 55 1 -4 116
 55 -1 -1 178
 55 2 1 286
 55 0 1 53
 55 2 -2 266
 55 1 -1 339
 55 0 2 62
 55 1 -3 35
 55 0 -1 203
 "contig-ratio-green-core" 0.6875
 "contig-ratio-red-core" 0.6190476190476191
