 "a-count" 3
 "b-count" 0
 "c-color-count" 28
 "c-express-count" 28
 "d-color-count" 25
 "d-express-count" 25
 "cell-count" 56
 15 -1 4 156
 15 4 2 309
 15 -2 3 342
 105 0 4 142
 15 2 3 280
 15 3 -2 197
 15 4 -1 133
 15 3 0 174
 15 4 0 167
 105 1 4 223
 15 -2 -2 2
 15 -1 -4 291
 105 4 1 112
 15 -2 4 49
 15 -4 -1 278
 15 -2 -4 113
 15 2 -2 231
 15 -1 -2 340
 15 -3 -4 184
 15 1 3 320
 15 3 -1 330
 15 3 1 149
 15 -1 3 285
 15 0 3 295
 15 -1 -3 138
 15 -5 0 213
 15 2 -3 258
 15 -4 0 19
 55 1 -2 343
 55 1 1 193
 55 -1 -1 256
 55 2 2 178
 55 -2 2 90
 55 0 1 16
 55 0 -2 258
 55 0 2 172
 55 -1 0 203
 55 -2 0 235
 55 -3 -2 92
 55 -2 -1 230
 55 -1 2 270
 55 0 -1 124
 55 1 2 273
 55 -3 0 49
 55 3 2 263
 55 -1 1 81
 55 3 3 52
 55 -3 1 249
 55 2 1 24
 55 2 -1 347
 55 -3 -1 133
 55 2 0 335
 55 0 0 120
 55 -2 1 208
 55 1 0 178
 55 1 -1 272
 "contig-ratio-green-core" 0.7777777777777778
 "contig-ratio-red-core" 0.7391304347826086
 "a-count" 4
 "b-count" 0
 "c-color-count" 28
 "c-express-count" 28
 "d-color-count" 24
 "d-express-count" 24
 "cell-count" 56
 105 -2 -4 55
 15 4 -1 137
 105 0 4 117
 15 -1 -4 349
 15 3 -1 231
 15 2 -2 29
 15 3 -2 114
 105 -3 -3 285
 15 0 -4 320
 15 1 -4 73
 15 1 2 312
 105 2 3 191
 15 1 -3 299
 15 -3 2 227
 15 0 3 151
 15 2 2 233
 15 1 3 93
 15 -3 0 105
 15 -4 0 358
 15 4 0 47
 15 -3 -2 231
 15 4 1 9
 15 -3 1 108
 15 -4 1 330
 15 -3 -1 193
 15 2 -3 188
 15 -4 -1 103
 15 -2 -3 33
 55 1 0 206
 55 -1 -3 280
 55 3 1 282
 55 -2 -1 348
 55 -1 2 129
 55 -1 -1 211
 55 -1 1 175
 55 2 -1 93
 55 -2 0 108
 55 0 0 270
 55 -2 3 174
 55 0 -2 19
 55 -1 -2 311
 55 3 0 134
 55 2 0 224
 55 0 2 13
 55 2 1 38
 55 -4 -2 111
 55 -1 3 129
 55 -1 0 36
 55 1 1 167
 55 -2 1 181
 55 1 -2 58
 55 -2 -2 323
 55 0 1 195
 55 1 -1 33
 55 -2 2 330
 55 0 -1 352
 "contig-ratio-green-core" 0.9375
 "contig-ratio-red-core" 0.75
 "a-count" 3
 "b-count" 0
 "c-color-count" 28
 "c-express-count" 28
 "d-color-count" 26
 "d-express-count" 25
 "cell-count" 56
 15 -4 0 281
 15 2 0 152
 15 -3 -2 282
 15 0 -1 67
 15 2 1 215
 15 -3 1 150
 15 3 2 357
 15 0 -2 86
 15 -3 0 250
 15 1 -3 190
 15 -2 -3 239
 15 3 0 235
 105 -4 2 335
 15 -1 -2 108
 15 -3 2 167
 15 1 -1 356
 15 0 -3 108
 15 2 -2 300
 15 1 -2 299
 105 -2 -1 220
 15 3 -1 123
 15 3 1 16
 15 -3 3 83
 15 -3 1 76
 15 -2 -2 223
 15 -4 1 51
 15 -3 2 4
 15 2 -1 346
 55 -1 1 119
 55 -1 0 169
 55 -2 1 9
 55 1 5 123
 55 2 -3 246
 55 1 2 102
 55 1 0 150
 55 -1 4 43
 55 2 4 88
 55 2 2 187
 55 -2 3 35
 55 -1 3 74
 55 0 4 336
 55 -1 3 73
 55 1 4 85
 55 1 3 43
 55 -2 0 178
 55 1 1 262
 55 -1 2 297
 55 0 5 291
 55 0 0 110
 55 0 4 85
 55 0 1 28
 55 1 3 347
 55 0 3 72
 55 -2 3 159
 55 2 3 56
 55 0 2 196
 "contig-ratio-green-core" 0.6
 "contig-ratio-red-core" 0.42857142857142855
 "a-count" 2
 "b-count" 0
 "c-color-count" 28
 "c-express-count" 28
 "d-color-count" 27
 "d-express-count" 26
 "cell-count" 56
 15 0 2 114
 15 0 3 272
 15 3 3 192
 15 -4 0 211
 15 -2 2 284
 15 -3 0 69
 15 -2 0 323
 15 -1 1 156
 15 0 4 197
 15 -1 -3 140
 15 2 3 138
 15 -2 -3 52
 15 2 -2 100
 15 -3 1 230
 15 4 3 173
 15 1 3 274
 15 2 -4 177
 15 2 -3 10
 15 -1 2 43
 15 3 -3 265
 15 1 -4 164
 15 -3 -1 18
 15 1 2 22
 15 -2 1 117
 15 -1 4 303
 15 -1 -4 288
 105 -4 1 258
 15 0 -4 102
 55 0 -3 63
 55 -2 -2 75
 55 -1 -1 346
 55 0 1 116
 55 -3 -2 205
 55 4 1 306
 55 -1 -1 16
 55 -1 -1 153
 55 0 -2 126
 55 1 -2 42
 55 -1 0 179
 55 3 2 274
 55 3 1 230
 55 1 0 128
 55 0 0 146
 55 3 0 3
 55 1 -1 229
 55 2 -1 41
 55 -1 -2 90
 55 3 -1 34
 55 2 1 346
 55 -1 3 340
 55 -2 -1 131
 55 2 0 338
 55 0 -1 158
 55 -2 3 176
 55 1 -3 273
 55 1 1 188
 "contig-ratio-green-core" 0.8888888888888888
 "contig-ratio-red-core" 0.6190476190476191
