 "a-count" 3
 "b-count" 0
 "c-color-count" 28
 "c-express-count" 28
 "d-color-count" 25
 "d-express-count" 25
 "cell-count" 56
 15 2 -3 204
 15 2 -4 246
 15 -1 -2 184
 105 -4 -1 326
 15 4 -1 230
 15 4 1 254
 15 -2 -2 228
 15 0 4 232
 15 0 -3 61
 15 -3 -2 67
 15 -3 3 6
 15 -3 1 230
 15 3 -4 301
 15 2 4 101
 15 0 3 25
 15 0 -4 262
 15 3 3 36
 15 -2 1 195
 15 1 4 144
 15 -1 -3 165
 15 -1 4 341
 105 -3 -1 306
 15 -3 2 150
 15 -2 2 14
 105 -4 1 63
 15 1 -3 313
 15 -3 0 240
 15 4 0 89
 55 -1 1 184
 55 3 -1 178
 55 -2 3 290
 55 -1 0 174
 55 0 2 269
 55 3 2 258
 55 2 3 79
 55 -2 -1 297
 55 2 0 270
 55 0 1 250
 55 1 1 346
 55 0 -2 29
 55 0 0 82
 55 1 -1 186
 55 3 0 74
 55 -1 2 10
 55 2 -2 244
 55 2 1 175
 55 -1 3 111
 55 2 2 147
 55 1 2 61
 55 0 -1 30
 55 -1 -1 20
 55 3 1 305
 55 2 -1 22
 55 -2 0 257
 55 1 0 23
 55 1 -2 111
 "contig-ratio-green-core" 0.9411764705882353
 "contig-ratio-red-core" 0.6666666666666666
 "a-count" 1
 "b-count" 0
 "c-color-count" 28
 "c-express-count" 28
 "d-color-count" 27
 "d-express-count" 27
 "cell-count" 56
 15 -3 -1 133
 15 1 -3 101
 15 1 -4 80
 15 0 -5 58
 15 2 2 274
 15 3 -2 191
 15 -1 4 79
 15 2 3 42
 15 0 3 267
 15 4 1 262
 15 -3 0 251
 15 3 0 180
 15 0 4 188
 15 1 2 307
 15 3 -1 278
 15 -4 -1 151
 15 -4 0 343
 15 1 3 22
 15 -1 -5 183
 15 -2 3 309
 105 -4 1 198
 15 1 -5 209
 15 3 1 68
 15 -3 2 153
 15 -4 -2 24
 15 -3 1 36
 15 -1 3 205
 15 2 1 287
 55 -1 1 2
 55 -2 -1 140
 55 2 -1 231
 55 -3 -2 17
 55 0 1 233
 55 1 0 296
 55 0 0 253
 55 3 3 210
 55 -1 -3 115
 55 -2 -2 155
 55 -1 0 109
 55 0 2 263
 55 2 -2 280
 55 2 -3 132
 55 0 -2 276
 55 -3 -3 331
 55 1 -2 134
 55 2 0 212
 55 0 -1 301
 55 -3 3 359
 55 -2 0 33
 55 -2 2 256
 55 -1 2 207
 55 -2 1 233
 55 1 -1 267
 55 -1 -1 244
 55 -1 -2 220
 55 -2 -3 174
 "contig-ratio-green-core" 0.7777777777777778
 "contig-ratio-red-core" 0.5652173913043478
 "a-count" 1
 "b-count" 0
 "c-color-count" 28
 "c-express-count" 28
 "d-color-count" 27
 "d-express-count" 27
 "cell-count" 56
 15 4 0 316
 15 1 -3 179
 15 -3 0 71
 15 0 -4 271
 15 3 -2 64
 15 -4 0 266
 15 4 1 101
 15 -1 -4 194
 15 -1 -3 62
 105 -4 -1 91
 15 -3 1 323
 15 1 -4 50
 15 3 3 67
 15 -2 2 283
 15 -3 -1 282
 15 -2 -3 114
 15 -3 2 190
 15 0 -3 310
 15 2 4 106
 15 -2 1 170
 15 0 4 94
 15 -2 0 156
 15 -4 1 157
 15 3 2 257
 15 2 3 166
 15 1 4 41
 15 2 -3 260
 15 3 -3 121
 55 -2 -1 22
 55 -1 2 206
 55 2 0 287
 55 0 4 302
 55 -1 4 149
 55 2 -1 116
 55 3 1 137
 55 0 1 87
 55 -3 3 192
 55 0 1 227
 55 1 0 246
 55 1 0 25
 55 -1 3 54
 55 -1 0 356
 55 4 2 104
 55 0 2 35
 55 1 1 292
 55 0 0 241
 55 3 0 264
 55 -2 -2 114
 55 1 0 174
 55 -2 3 45
 55 2 0 356
 55 1 2 3
 55 0 3 226
 55 -1 3 88
 55 2 1 346
 55 -1 1 271
 "contig-ratio-green-core" 0.6111111111111112
 "contig-ratio-red-core" 0.5416666666666666
 "a-count" 2
 "b-count" 0
 "c-color-count" 28
 "c-express-count" 28
 "d-color-count" 26
 "d-express-count" 26
 "cell-count" 56
 15 0 3 245
 15 1 3 345
 15 -3 0 40
 15 -1 -2 112
 15 0 -3 195
 15 3 -1 244
 105 -4 2 53
 15 -1 -3 327
 15 -3 2 255
 15 -1 3 311
 15 3 -2 55
 15 1 -4 29
 15 4 -1 242
 15 3 2 74
 15 4 1 248
 15 -3 -2 144
 15 -1 -4 176
 15 -2 0 253
 15 -4 1 29
 15 3 3 169
 15 -2 -3 227
 15 4 0 127
 15 -3 -1 106
 15 -2 -2 227
 15 -3 1 100
 15 0 4 175
 15 -2 -1 264
 105 1 4 143
 55 2 0 250
 55 -4 0 106
 55 -1 1 7
 55 2 -1 74
 55 -4 -1 93
 55 -1 -1 29
 55 -1 0 2
 55 0 0 227
 55 -2 3 113
 55 1 -3 357
 55 2 -2 339
 55 1 -2 340
 55 1 2 183
 55 -1 2 66
 55 3 1 240
 55 0 -1 298
 55 2 2 140
 55 3 0 231
 55 0 2 271
 55 -3 3 217
 55 0 1 207
 55 -2 2 221
 55 -2 1 313
 55 -2 4 100
 55 1 -1 300
 55 2 1 211
 55 0 -2 102
 55 1 0 65
 "contig-ratio-green-core" 0.8095238095238095
 "contig-ratio-red-core" 0.8181818181818182
