 "a-count" 3
 "b-count" 0
 "c-color-count" 28
 "c-express-count" 28
 "d-color-count" 25
 "d-express-count" 25
 "cell-count" 56
 15 -3 0 40
 105 -3 2 277
 15 2 -2 228
 15 2 3 182
 15 3 -1 62
 15 -3 -1 9
 15 1 4 1
 15 0 2 219
 15 1 3 117
 15 -4 1 219
 15 -3 1 226
 15 -3 -3 246
 15 2 -1 175
 105 3 -2 259
 15 2 -3 46
 15 -4 0 88
 15 -1 3 200
 15 -2 0 11
 15 -3 3 226
 15 4 -1 113
 105 -1 4 333
 15 0 3 43
 15 3 -3 219
 15 -2 3 191
 15 -1 2 118
 15 -1 -4 4
 15 -4 -1 194
 15 -2 -1 27
 55 0 0 268
 55 -1 0 311
 55 1 -3 352
 55 0 -4 200
 55 4 1 13
 55 1 -4 41
 55 -2 -2 326
 55 0 1 89
 55 1 2 273
 55 0 -1 225
 55 0 -3 44
 55 -2 1 16
 55 1 1 13
 55 1 -2 154
 55 0 -2 49
 55 -1 -2 339
 55 2 2 205
 55 4 2 256
 55 -3 -2 23
 55 -1 -1 147
 55 -2 -3 208
 55 1 0 290
 55 -1 1 271
 55 4 0 225
 55 2 1 161
 55 1 -1 124
 55 -1 -3 260
 55 2 0 136
 "contig-ratio-green-core" 0.7
 "contig-ratio-red-core" 0.7
 "a-count" 5
 "b-count" 0
 "c-color-count" 28
 "c-express-count" 28
 "d-color-count" 23
 "d-express-count" 23
 "cell-count" 56
 15 -4 1 149
 15 -4 -1 264
 15 3 -4 42
 15 3 -1 327
 15 3 1 198
 15 -3 1 314
 15 0 3 165
 105 -1 4 45
 15 2 3 130
 105 1 4 296
 15 -2 -1 283
 15 -3 0 280
 15 3 0 284
 15 -3 2 77
 15 -2 0 121
 15 4 1 13
 15 4 -1 291
 15 2 2 23
 105 3 2 78
 15 2 -3 210
 105 3 3 180
 15 1 3 312
 15 -1 3 112
 105 0 4 0
 15 -3 -1 340
 15 -4 0 140
 15 4 0 133
 15 2 -4 277
 55 -2 2 66
 55 -1 0 50
 55 1 -2 75
 55 2 0 84
 55 2 1 75
 55 2 -1 344
 55 -2 3 297
 55 0 -1 272
 55 1 0 100
 55 -2 1 285
 55 0 -2 62
 55 0 2 123
 55 0 1 47
 55 0 -3 317
 55 1 2 108
 55 0 0 171
 55 -1 -3 311
 55 0 -4 301
 55 2 -2 310
 55 -2 -3 72
 55 -3 -2 254
 55 -1 1 201
 55 -1 -2 17
 55 -1 -1 332
 55 -3 -3 222
 55 1 1 122
 55 -1 2 351
 55 1 -1 346
 "contig-ratio-green-core" 0.6842105263157895
 "contig-ratio-red-core" 0.5909090909090909
 "a-count" 5
 "b-count" 0
 "c-color-count" 28
 "c-express-count" 28
 "d-color-count" 23
 "d-express-count" 23
 "cell-count" 56
 15 0 2 107
 15 4 1 88
 15 -2 2 19
 15 -1 2 129
 15 -4 -1 142
 105 -4 1 231
 15 3 -1 279
 15 4 -1 331
 15 -3 2 46
 105 4 0 19
 15 0 -4 94
 105 -1 4 32
 105 -3 3 159
 15 3 1 3
 15 -1 3 235
 15 0 4 93
 15 2 3 256
 15 -3 1 7
 105 -2 3 248
 15 0 3 189
 15 -4 0 335
 15 -2 -3 316
 15 -3 0 90
 15 -2 -2 219
 15 3 0 96
 15 3 -2 141
 15 1 -4 15
 15 1 4 211
 55 3 2 150
 55 1 -2 350
 55 0 1 219
 55 1 -3 100
 55 2 1 358
 55 1 1 326
 55 2 -3 303
 55 -2 -1 280
 55 -3 -1 212
 55 0 -2 224
 55 -1 -2 127
 55 2 0 238
 55 2 2 321
 55 1 2 89
 55 1 -1 269
 55 1 0 177
 55 -2 -4 155
 55 -1 1 61
 55 -2 0 186
 55 -1 -1 169
 55 -1 -4 61
 55 0 -1 256
 55 -2 1 275
 55 2 -2 322
 55 2 -1 245
 55 -1 0 337
 55 0 0 293
 55 1 3 103
 "contig-ratio-green-core" 0.85
 "contig-ratio-red-core" 0.8095238095238095
 "a-count" 3
 "b-count" 0
 "c-color-count" 28
 "c-express-count" 28
 "d-color-count" 25
 "d-express-count" 25
 "cell-count" 56
 15 -3 -1 269
 15 -3 1 171
 15 2 -1 210
 15 -3 -2 304
 15 -4 0 78
 15 2 -3 137
 15 4 0 234
 105 -3 -3 279
 15 2 -2 43
 15 -1 -3 346
 15 -3 2 258
 105 4 -1 212
 15 0 3 229
 15 -4 -2 8
 15 -4 -1 95
 105 -1 -4 358
 15 -1 4 318
 15 -1 3 126
 15 4 -2 45
 15 3 -2 49
 15 3 0 59
 15 3 -1 271
 15 -2 -3 183
 15 1 -3 130
 15 0 -3 156
 15 0 -4 122
 15 2 3 188
 15 -3 0 158
 55 1 1 296
 55 1 -1 149
 55 1 -2 89
 55 0 0 12
 55 -1 2 182
 55 -1 0 224
 55 1 2 255
 55 2 0 171
 55 3 -3 25
 55 1 4 307
 55 0 -2 350
 55 2 2 334
 55 -1 -1 68
 55 0 -1 13
 55 -1 -2 338
 55 2 1 236
 55 0 2 106
 55 -1 1 37
 55 1 0 345
 55 1 3 263
 55 3 2 304
 55 0 1 211
 55 3 1 204
 55 -2 -1 36
 55 -2 -2 254
 55 -2 0 167
 55 -2 2 269
 55 -2 1 89
 "contig-ratio-green-core" 0.9375
 "contig-ratio-red-core" 0.7
