 "a-count" 0
 "b-count" 20
 "c-color-count" 8
 "c-express-count" 8
 "d-color-count" 28
 "d-express-count" 28
 "cell-count" 56
 15 -1 -1 114
 15 2 1 35
 15 -1 0 7
 15 -2 1 177
 15 0 1 64
 15 -4 0 272
 15 1 -1 288
 15 -2 2 238
 15 2 0 303
 15 1 -2 16
 15 0 -3 297
 15 -1 1 226
 15 -4 -2 110
 15 0 0 281
 15 1 1 309
 15 -1 -3 91
 15 0 -2 167
 15 -3 1 282
 15 -4 -1 99
 15 0 2 94
 15 -2 -3 119
 15 3 0 208
 15 1 0 232
 15 -1 2 292
 15 2 -1 123
 15 3 -1 194
 15 0 -1 194
 15 2 -2 256
 55 -2 0 186
 5 3 3 5
 55 -3 0 8
 5 1 -3 38
 5 2 2 322
 5 -3 2 182
 55 -2 -1 233
 5 0 -4 344
 55 -2 -2 299
 55 1 4 246
 5 2 3 131
 5 3 1 350
 5 2 -3 166
 5 4 -1 55
 5 0 4 104
 55 1 3 271
 5 0 3 93
 55 -3 -2 32
 5 3 2 227
 55 -3 -1 152
 5 4 1 16
 5 4 0 118
 5 3 -3 121
 5 1 2 156
 5 1 -4 133
 5 -1 -4 253
 5 -3 -3 151
 5 -4 1 257
 "contig-ratio-green-core" 1.1428571428571428
 "contig-ratio-red-core" 0.2777777777777778
 "a-count" 0
 "b-count" 23
 "c-color-count" 5
 "c-express-count" 5
 "d-color-count" 28
 "d-express-count" 28
 "cell-count" 56
 15 1 0 44
 15 2 1 281
 15 2 -2 91
 15 -2 -1 31
 15 1 2 106
 15 0 0 227
 15 3 0 37
 15 -1 1 36
 15 1 3 294
 15 2 0 89
 15 0 3 57
 15 2 -1 85
 15 0 1 0
 15 1 -1 87
 15 1 -2 138
 15 0 -2 300
 15 -2 0 48
 15 1 1 138
 15 -2 -2 102
 15 0 -1 53
 15 4 0 78
 15 -3 -1 267
 15 0 2 333
 15 -1 2 129
 15 -1 0 273
 15 -1 -2 146
 15 0 4 10
 15 -1 -1 224
 5 -3 3 304
 5 -3 1 104
 5 3 -2 214
 5 4 1 115
 5 3 3 227
 5 1 -3 63
 5 0 -4 60
 55 -1 3 20
 55 -2 3 227
 5 -1 4 59
 5 -4 1 296
 55 2 2 226
 55 2 -3 92
 5 -3 0 180
 5 1 4 234
 5 3 -3 310
 5 1 -4 99
 5 3 2 216
 5 -3 -3 145
 5 3 -1 247
 5 -3 -2 108
 5 -2 1 275
 5 4 -1 251
 5 -1 -3 187
 5 2 3 78
 5 3 1 88
 5 -1 -4 200
 55 -2 2 49
 "contig-ratio-green-core" 1.3333333333333333
 "contig-ratio-red-core" 0.25
