 "a-count" 0
 "b-count" 23
 "c-color-count" 5
 "c-express-count" 5
 "d-color-count" 28
 "d-express-count" 28
 "cell-count" 56
 15 -3 -1 232
 15 0 3 230
 15 3 1 163
 15 -1 -2 237
 15 1 1 65
 15 -1 -4 205
 15 1 3 232
 15 2 1 289
 15 0 -2 40
 15 1 0 13
 15 2 2 21
 15 1 -2 199
 15 -2 0 198
 15 1 -3 221
 15 0 -4 185
 15 4 1 137
 15 2 -1 225
 15 0 -1 137
 15 0 -3 97
 15 -2 -1 257
 15 -1 -1 119
 15 1 -1 110
 15 3 0 101
 15 2 0 91
 15 -2 -2 226
 15 1 2 55
 15 -1 -3 136
 15 -3 0 70
 5 2 -2 139
 5 -3 -3 15
 5 -3 3 160
 55 0 1 252
 5 2 3 317
 55 3 -3 248
 5 -4 1 239
 5 -2 2 196
 5 -4 -1 213
 5 0 4 136
 55 1 -4 244
 5 -2 -3 348
 5 -2 1 17
 55 2 -4 251
 55 0 0 184
 5 3 -1 16
 5 -3 2 316
 5 3 2 56
 5 3 3 210
 5 4 -1 114
 5 -1 4 273
 5 0 2 316
 5 -1 1 344
 5 -2 3 287
 5 -1 2 69
 5 -1 3 74
 5 -3 1 147
 5 4 0 241
 "contig-ratio-green-core" 1.25
 "contig-ratio-red-core" 0.14285714285714285
 "a-count" 0
 "b-count" 22
 "c-color-count" 6
 "c-express-count" 6
 "d-color-count" 28
 "d-express-count" 28
 "cell-count" 56
 15 1 -1 40
 15 -1 1 240
 15 -2 4 268
 15 1 2 315
 15 1 1 240
 15 -1 0 124
 15 2 0 269
 15 1 -3 117
 15 2 1 251
 15 0 2 179
 15 -2 3 96
 15 -1 2 46
 15 1 3 344
 15 0 -2 231
 15 -2 2 259
 15 2 -2 314
 15 0 -4 174
 15 3 0 59
 15 0 0 107
 15 0 -3 14
 15 0 -1 211
 15 -4 -1 286
 15 3 -1 209
 15 0 1 174
 15 1 -2 295
 15 2 -1 20
 15 1 -4 149
 15 1 0 144
 55 4 2 340
 5 3 -3 315
 5 2 -3 250
 5 -3 0 200
 5 0 4 336
 5 -3 -3 26
 5 -2 1 190
 5 2 3 25
 55 -2 -2 7
 5 1 4 44
 5 -1 -4 309
 55 -1 -1 170
 5 2 2 297
 5 -3 -1 123
 55 4 1 57
 5 -3 2 323
 55 -1 -2 304
 5 -1 4 333
 5 3 3 277
 5 3 -2 78
 5 -2 -3 29
 5 3 1 355
 5 -2 -1 178
 55 3 2 112
 5 -1 -3 63
 5 -3 1 242
 5 -1 3 118
 5 4 -1 245
 "contig-ratio-green-core" 0.6
 "contig-ratio-red-core" 0.1111111111111111
 "a-count" 0
 "b-count" 21
 "c-color-count" 7
 "c-express-count" 7
 "d-color-count" 28
 "d-express-count" 28
 "cell-count" 56
 15 1 0 185
 15 1 -4 310
 15 1 1 274
 15 -2 2 131
 15 1 -2 110
 15 -1 3 225
 15 1 -1 228
 15 3 1 270
 15 -1 1 13
 15 0 2 192
 15 0 -4 250
 15 0 3 152
 15 0 1 143
 15 3 -1 255
 15 0 0 131
 15 0 -2 347
 15 0 -1 345
 15 2 1 67
 15 -1 2 353
 15 2 -1 197
 15 -1 0 72
 15 0 -3 289
 15 -1 -3 318
 15 -2 1 134
 15 2 0 59
 15 3 0 6
 15 1 -3 131
 15 -2 0 238
 5 -3 -1 32
 5 -2 -2 239
 55 -2 -1 190
 5 2 -2 197
 55 -1 4 301
 5 -3 3 243
 5 -4 -1 289
 5 3 2 23
 55 3 -2 22
 5 -4 1 316
 5 -4 0 279
 55 -1 -1 65
 5 1 4 25
 5 -3 2 319
 5 2 -3 238
 5 -2 3 217
 55 0 4 120
 5 2 3 30
 5 -3 1 167
 5 4 0 136
 5 3 -3 109
 5 1 2 67
 55 4 -2 297
 5 1 3 353
 5 -3 -2 211
 55 -1 -2 329
 5 2 2 323
 5 -3 0 89
 "contig-ratio-green-core" 1.1666666666666667
 "contig-ratio-red-core" 0.3
 "a-count" 0
 "b-count" 19
 "c-color-count" 9
 "c-express-count" 9
 "d-color-count" 28
 "d-express-count" 28
 "cell-count" 56
 15 0 -1 170
 15 -2 2 50
 15 1 2 46
 15 -1 -2 194
 15 -1 -1 8
 15 2 3 240
 15 -1 -3 97
 15 1 3 22
 15 0 2 288
 15 4 -1 64
 15 -2 -2 116
 15 0 -2 153
 15 2 -2 218
 15 -2 -3 274
 15 -1 -3 340
 15 -3 -3 192
 15 1 2 207
 15 2 0 33
 15 1 -1 266
 15 2 -1 173
 15 -3 -2 139
 15 -2 -3 111
 15 1 -2 145
 15 3 -1 258
 15 0 -3 29
 15 3 0 248
 15 -1 2 294
 15 -2 -2 251
 5 2 1 304
 5 -2 3 15
 55 1 0 281
 5 -4 1 315
 55 -3 1 348
 5 -4 0 202
 5 3 1 55
 5 1 1 224
 55 -1 3 126
 55 -3 2 92
 5 -2 1 161
 55 -2 0 85
 5 -1 -4 197
 5 -1 1 305
 5 0 1 6
 5 -2 -1 168
 5 0 4 5
 5 2 2 21
 5 3 -3 331
 5 -3 -1 179
 5 -1 0 303
 5 -4 -1 142
 5 2 -3 179
 55 0 -4 183
 55 0 0 153
 55 -3 0 1
 5 1 -3 127
 55 1 -4 227
 "contig-ratio-green-core" 1
 "contig-ratio-red-core" 0.17391304347826086
