 "a-count" 0
 "b-count" 22
 "c-color-count" 6
 "c-express-count" 6
 "d-color-count" 28
 "d-express-count" 28
 "cell-count" 56
 15 -2 2 205
 15 -1 -1 98
 15 0 -1 281
 15 -2 1 331
 15 2 -1 41
 15 1 2 242
 15 0 1 22
 15 2 -2 302
 15 -3 1 268
 15 -4 -2 346
 15 2 1 284
 15 0 0 250
 15 -1 1 210
 15 0 2 172
 15 1 4 335
 15 -3 -2 242
 15 1 0 226
 15 0 -2 99
 15 1 3 359
 15 0 3 140
 15 -3 -3 75
 15 2 0 158
 15 1 -2 207
 15 -1 2 348
 15 3 0 39
 15 -1 0 327
 15 1 -1 127
 15 1 1 179
 5 3 -1 302
 5 -1 3 283
 5 3 -2 340
 5 -4 0 17
 5 -2 3 262
 5 4 1 146
 5 -1 4 302
 5 -3 2 323
 5 4 -1 197
 5 -2 -2 58
 55 0 -3 151
 5 -2 0 321
 5 -2 -3 276
 5 -3 3 48
 55 -3 -1 175
 5 2 2 214
 5 3 1 191
 5 4 0 167
 5 3 2 125
 5 2 -3 17
 55 -1 -3 274
 55 -2 -1 157
 5 -1 -4 180
 55 1 -3 214
 5 -4 1 3
 55 0 -4 317
 5 2 3 31
 5 -1 -2 113
 "contig-ratio-green-core" 0.75
 "contig-ratio-red-core" 0.21052631578947367
 "a-count" 0
 "b-count" 23
 "c-color-count" 5
 "c-express-count" 5
 "d-color-count" 28
 "d-express-count" 28
 "cell-count" 56
 15 -1 -1 80
 15 1 0 61
 15 2 -1 129
 15 -2 -2 186
 15 0 -4 274
 15 -3 0 307
 15 1 -1 72
 15 -3 1 249
 15 -2 1 100
 15 0 -2 302
 15 0 0 111
 15 -4 0 222
 15 0 -1 235
 15 -2 -1 269
 15 3 0 89
 15 3 -1 330
 15 1 1 355
 15 -4 1 175
 15 4 0 354
 15 0 2 284
 15 -1 1 47
 15 0 -3 119
 15 2 0 65
 15 -1 0 186
 15 0 1 275
 15 -2 0 352
 15 -1 -2 175
 15 1 2 252
 5 3 -2 32
 55 1 4 144
 55 0 3 143
 5 4 -1 309
 5 -1 -3 346
 5 -2 2 125
 5 0 4 125
 55 2 3 307
 5 -4 -1 84
 5 1 -3 274
 5 -3 -2 54
 55 1 -2 140
 5 1 -4 228
 5 3 -3 121
 5 3 1 158
 55 1 3 178
 5 -1 3 107
 5 -2 -3 77
 5 -3 2 320
 5 -2 3 84
 5 -1 2 250
 5 2 1 118
 5 2 -3 183
 5 2 -2 172
 5 -3 -1 165
 5 3 3 56
 5 -1 -4 356
 5 2 2 96
 "contig-ratio-green-core" 0.8
 "contig-ratio-red-core" 0.15
 "a-count" 0
 "b-count" 20
 "c-color-count" 8
 "c-express-count" 8
 "d-color-count" 28
 "d-express-count" 28
 "cell-count" 56
 15 -3 0 163
 15 -1 -2 81
 15 -2 -2 56
 15 1 3 193
 15 0 -1 131
 15 2 0 262
 15 -4 0 194
 15 -4 -1 135
 15 -2 1 148
 15 -1 3 270
 15 -1 0 169
 15 0 2 356
 15 1 -1 235
 15 -1 1 140
 15 0 0 51
 15 0 3 13
 15 2 3 271
 15 -1 2 243
 15 0 1 44
 15 1 0 53
 15 2 -2 137
 15 -1 -1 244
 15 -3 -1 273
 15 1 1 219
 15 1 2 51
 15 -2 -1 116
 15 2 -1 96
 15 -3 1 29
 55 -3 2 290
 55 -1 -4 281
 5 0 -2 69
 5 -2 -3 169
 5 -2 3 87
 55 5 -1 227
 55 -2 2 228
 5 -1 4 301
 5 -3 3 94
 5 -3 -2 67
 5 1 -2 64
 5 -4 1 120
 5 3 -2 342
 5 3 1 14
 5 -1 -3 52
 55 4 0 270
 55 -3 -3 246
 5 3 0 81
 5 3 3 65
 5 0 4 3
 5 1 4 89
 55 4 -1 69
 5 1 -4 344
 55 -4 2 291
 5 0 -4 292
 5 3 2 40
 5 0 -3 325
 5 2 2 162
 "contig-ratio-green-core" 0.375
 "contig-ratio-red-core" 0.09523809523809523
 "a-count" 0
 "b-count" 22
 "c-color-count" 6
 "c-express-count" 6
 "d-color-count" 28
 "d-express-count" 28
 "cell-count" 56
 15 1 3 44
 15 -4 -2 352
 15 -1 2 95
 15 2 3 79
 15 1 4 327
 15 1 2 135
 15 -3 -1 226
 15 2 -1 66
 15 1 -2 164
 15 0 1 27
 15 -1 1 218
 15 1 -1 352
 15 -4 -1 344
 15 0 -1 53
 15 -1 0 236
 15 0 2 72
 15 -1 -1 255
 15 -2 -1 187
 15 1 0 249
 15 -2 0 347
 15 -2 1 52
 15 2 0 169
 15 -1 1 103
 15 0 0 195
 15 -1 0 271
 15 1 1 275
 15 0 -2 331
 15 -3 0 49
 5 -3 1 191
 5 3 2 73
 5 -2 3 244
 5 -1 -2 300
 55 -1 3 146
 5 2 1 140
 5 1 -4 89
 5 -2 2 73
 55 0 -3 160
 5 3 0 351
 5 3 -1 77
 5 3 -2 47
 5 -2 -2 321
 5 -3 2 233
 5 -3 -3 143
 55 0 3 166
 5 0 4 149
 55 -1 4 269
 5 2 -2 100
 5 4 1 129
 5 3 1 152
 55 -1 -3 133
 5 -4 1 209
 5 2 -3 353
 5 -3 3 166
 5 -2 -3 203
 55 1 -3 238
 5 0 -4 247
 "contig-ratio-green-core" 0.8333333333333334
 "contig-ratio-red-core" 0.2222222222222222
