 "a-count" 0
 "b-count" 22
 "c-color-count" 6
 "c-express-count" 6
 "d-color-count" 28
 "d-express-count" 28
 "cell-count" 56
 15 0 -1 333
 15 1 1 52
 15 1 -1 208
 15 2 3 152
 15 -2 1 332
 15 -2 2 274
 15 0 -3 72
 15 -3 2 217
 15 0 1 155
 15 -4 1 287
 15 -1 -3 347
 15 -1 4 148
 15 0 -2 27
 15 2 2 88
 15 -1 3 32
 15 -2 0 135
 15 -3 1 300
 15 2 1 244
 15 -1 0 269
 15 -1 -2 69
 15 1 -2 138
 15 -1 1 191
 15 -1 -1 169
 15 0 -4 170
 15 1 0 271
 15 -1 2 47
 15 3 2 65
 15 0 0 257
 5 3 1 229
 55 -4 -2 179
 5 -3 3 37
 5 3 -1 24
 5 3 -2 254
 5 2 -2 55
 5 -2 3 211
 5 1 -4 322
 5 -4 0 208
 5 1 -3 202
 5 -4 -1 55
 5 1 4 34
 5 -2 -3 148
 5 -3 0 240
 5 -2 -1 309
 5 -3 -1 196
 5 2 0 234
 5 1 3 128
 5 2 -3 292
 55 3 0 11
 55 -3 -2 110
 5 3 3 200
 55 0 2 220
 5 4 1 200
 55 -2 -2 2
 5 0 4 22
 5 0 3 252
 55 1 2 347
 "contig-ratio-green-core" 0.8333333333333334
 "contig-ratio-red-core" 0.14285714285714285
 "a-count" 0
 "b-count" 20
 "c-color-count" 8
 "c-express-count" 8
 "d-color-count" 28
 "d-express-count" 28
 "cell-count" 56
 15 1 -2 189
 15 -1 -1 170
 15 0 1 195
 15 0 0 320
 15 1 -1 291
 15 2 1 27
 15 0 2 272
 15 -1 1 347
 15 -1 -2 237
 15 0 -3 302
 15 -1 0 194
 15 1 2 62
 15 0 -2 73
 15 0 3 35
 15 1 1 20
 15 -1 4 272
 15 1 -3 288
 15 0 -1 281
 15 -2 1 81
 15 -2 -1 203
 15 -2 0 77
 15 1 0 39
 15 -1 3 344
 15 -1 -3 325
 15 -1 2 92
 15 -2 -2 326
 15 2 0 2
 15 1 3 242
 5 2 3 84
 5 -3 0 156
 5 3 3 319
 5 -4 0 173
 5 3 -2 223
 5 4 -1 97
 5 3 1 174
 5 3 -1 188
 5 3 -3 268
 5 -3 1 128
 5 -3 -2 156
 5 -4 1 304
 5 -2 -3 289
 5 -3 -1 49
 55 1 4 200
 55 4 1 85
 55 4 2 133
 5 -3 -3 286
 55 3 0 9
 55 0 4 35
 5 2 2 15
 55 0 -4 75
 55 4 0 194
 5 -2 2 88
 5 -2 3 223
 5 2 -1 58
 5 1 -4 57
 55 -1 -4 191
 "contig-ratio-green-core" 0.7142857142857143
 "contig-ratio-red-core" 0.29411764705882354
 "a-count" 0
 "b-count" 17
 "c-color-count" 11
 "c-express-count" 11
 "d-color-count" 28
 "d-express-count" 28
 "cell-count" 56
 15 1 -3 132
 15 -3 1 282
 15 0 -4 39
 15 1 4 80
 15 0 1 301
 15 0 4 110
 15 1 -2 16
 15 1 -1 97
 15 0 -1 104
 15 0 -2 330
 15 0 -3 285
 15 -2 2 337
 15 0 2 266
 15 2 -2 296
 15 0 3 48
 15 -1 3 271
 15 1 1 303
 15 -1 2 216
 15 0 0 50
 15 2 -1 323
 15 1 0 245
 15 2 0 345
 15 -1 1 297
 15 -2 1 81
 15 -4 -2 181
 15 -1 -3 299
 15 -2 -3 173
 15 -1 0 214
 5 3 -1 12
 5 -2 0 161
 5 -3 2 297
 5 2 1 292
 5 3 0 349
 55 -4 0 249
 5 3 1 58
 5 -4 1 237
 5 -2 -2 42
 55 -3 -2 301
 5 2 2 114
 5 -1 -1 285
 55 -4 -1 209
 55 3 4 99
 5 -1 -4 50
 5 -2 -1 287
 55 -3 -1 130
 55 4 -1 15
 5 -1 -2 298
 5 -3 0 329
 55 3 3 30
 55 4 -2 48
 5 2 3 203
 5 4 1 17
 55 -3 -3 166
 55 3 -2 80
 5 3 2 247
 55 4 0 73
 "contig-ratio-green-core" 0.3
 "contig-ratio-red-core" 0.1111111111111111
