 "a-count" 0
 "b-count" 21
 "c-color-count" 7
 "c-express-count" 7
 "d-color-count" 28
 "d-express-count" 28
 "cell-count" 56
 15 -2 1 56
 15 0 1 279
 15 0 -2 18
 15 -3 -3 270
 15 0 -4 156
 15 -2 -2 65
 15 1 -3 2
 15 0 -1 204
 15 -3 -2 266
 15 1 -4 297
 15 -3 2 325
 15 -2 2 172
 15 0 -3 350
 15 -1 1 203
 15 1 -1 164
 15 2 0 244
 15 1 0 27
 15 2 1 267
 15 2 -2 115
 15 1 1 123
 15 2 -1 299
 15 -4 0 284
 15 -1 2 34
 15 -4 1 281
 15 0 0 209
 15 -3 1 255
 15 -1 -2 313
 15 1 -2 259
 5 -2 3 276
 5 -1 0 59
 55 0 4 56
 55 3 -3 250
 5 -2 -3 163
 5 1 3 38
 5 4 0 320
 55 -2 4 311
 5 -1 -4 211
 5 -1 -3 99
 5 -2 -1 263
 5 3 1 29
 5 1 4 217
 5 2 3 110
 5 3 0 198
 5 3 3 124
 5 2 -3 276
 55 -3 0 301
 5 4 1 274
 5 0 2 187
 5 1 2 168
 5 -1 -1 189
 55 -1 3 133
 5 3 2 310
 5 0 3 116
 55 -1 4 197
 55 3 -2 92
 5 -2 0 335
 "contig-ratio-green-core" 0.5714285714285714
 "contig-ratio-red-core" 0.13636363636363635
 "a-count" 0
 "b-count" 22
 "c-color-count" 6
 "c-express-count" 6
 "d-color-count" 28
 "d-express-count" 28
 "cell-count" 56
 15 0 1 55
 15 -3 -4 332
 15 -2 -4 330
 15 -1 4 145
 15 -1 5 314
 15 -2 2 235
 15 -1 1 80
 15 -2 -3 286
 15 0 2 319
 15 -2 1 299
 15 -1 2 97
 15 -1 3 340
 15 0 0 261
 15 -1 2 197
 15 -1 0 19
 15 1 -3 245
 15 -1 1 270
 15 -3 0 203
 15 -1 0 309
 15 0 3 265
 15 0 4 257
 15 -3 1 109
 15 -2 0 335
 15 1 3 310
 15 0 0 122
 15 0 -3 94
 15 -4 1 344
 15 0 1 343
 5 2 3 36
 5 1 -2 86
 5 -3 3 348
 5 0 -2 357
 5 0 -1 323
 55 -3 -2 271
 5 1 1 48
 5 -1 -2 67
 55 3 0 354
 5 2 -1 96
 5 -2 -2 76
 5 1 4 196
 5 -4 0 91
 5 3 -2 351
 55 3 -1 123
 5 -4 -1 134
 5 3 2 64
 5 2 2 261
 5 2 -3 352
 5 2 0 15
 55 1 -1 283
 5 1 -4 123
 5 -3 2 323
 5 1 0 54
 55 -3 -1 138
 5 -1 -1 306
 5 2 1 148
 55 3 1 336
 "contig-ratio-green-core" 0.2
 "contig-ratio-red-core" 0.045454545454545456
 "a-count" 0
 "b-count" 21
 "c-color-count" 7
 "c-express-count" 7
 "d-color-count" 28
 "d-express-count" 28
 "cell-count" 56
 15 1 2 65
 15 -2 -2 91
 15 1 1 308
 15 -3 2 51
 15 -1 -1 263
 15 0 -1 335
 15 1 -1 169
 15 1 3 124
 15 0 2 67
 15 -3 3 263
 15 -1 3 107
 15 1 0 186
 15 0 3 337
 15 -2 -1 17
 15 0 -2 210
 15 2 0 317
 15 -3 -1 207
 15 -2 4 343
 15 3 1 249
 15 2 -1 356
 15 3 -2 261
 15 -1 -2 81
 15 0 0 289
 15 0 -3 351
 15 -2 3 192
 15 0 -4 73
 15 0 1 177
 15 2 1 219
 5 -1 -3 32
 5 -3 0 258
 5 1 -2 225
 55 -3 1 132
 55 4 0 321
 5 -1 2 248
 5 -2 -3 47
 5 -2 0 77
 5 2 2 243
 5 -4 1 284
 5 2 -2 242
 55 4 -1 214
 5 -1 -4 259
 55 4 1 146
 5 3 0 329
 55 -1 1 55
 55 -2 1 199
 5 -4 0 320
 5 1 4 3
 5 3 2 117
 5 -4 -1 196
 5 -3 -2 84
 5 -3 -3 287
 55 3 -1 117
 5 -2 2 59
 5 3 3 303
 5 3 -3 251
 5 2 -3 125
 "contig-ratio-green-core" 0.8333333333333334
 "contig-ratio-red-core" 0.18181818181818182
 "a-count" 0
 "b-count" 18
 "c-color-count" 10
 "c-express-count" 10
 "d-color-count" 28
 "d-express-count" 28
 "cell-count" 56
 15 -1 3 90
 15 1 -1 73
 15 3 1 213
 15 3 -1 324
 15 0 4 227
 15 -3 1 228
 15 -2 1 308
 15 -1 -3 220
 15 0 1 217
 15 1 0 246
 15 2 -1 344
 15 3 0 145
 15 2 0 315
 15 -1 4 24
 15 -1 1 22
 15 -1 2 256
 15 0 2 39
 15 1 1 30
 15 0 3 24
 15 2 -2 325
 15 -2 -3 45
 15 0 0 274
 15 2 1 269
 15 1 2 110
 15 1 3 14
 15 0 -1 256
 15 2 2 67
 15 -3 -3 264
 5 -2 -2 134
 5 -3 -2 220
 55 -3 -1 16
 5 1 -4 45
 5 2 -3 16
 5 0 -2 67
 55 3 3 302
 55 -1 -2 221
 5 -1 -4 214
 5 -2 3 74
 5 3 2 210
 55 -2 0 98
 55 -3 0 285
 5 -3 2 40
 55 -1 0 169
 55 4 0 301
 5 -4 -1 194
 5 -2 2 215
 5 3 -2 5
 5 3 -3 61
 5 2 3 35
 55 4 -1 17
 5 1 -2 277
 5 -2 -1 335
 55 -1 -1 90
 55 -4 0 94
 5 4 1 118
 5 1 -3 36
 "contig-ratio-green-core" 0.875
 "contig-ratio-red-core" 0.35294117647058826
