 "a-count" 0
 "b-count" 21
 "c-color-count" 7
 "c-express-count" 7
 "d-color-count" 28
 "d-express-count" 28
 "cell-count" 56
 15 3 3 259
 15 3 0 180
 15 3 1 98
 15 -4 0 53
 15 -1 1 119
 15 0 3 94
 15 0 4 315
 15 -1 4 305
 15 0 0 200
 15 0 1 235
 15 1 0 298
 15 -4 -1 206
 15 -3 0 81
 15 1 1 203
 15 0 -1 342
 15 2 1 180
 15 0 2 47
 15 -2 0 17
 15 2 -1 249
 15 1 -1 304
 15 -3 -3 228
 15 3 -1 15
 15 -2 1 172
 15 -1 0 276
 15 -1 -1 234
 15 -2 0 46
 15 3 2 13
 15 2 0 20
 55 -2 -2 275
 5 1 3 266
 55 0 -2 186
 55 1 -2 318
 5 2 3 112
 5 1 -4 26
 5 0 -3 305
 5 2 2 240
 55 2 -2 299
 5 -3 3 217
 5 -3 1 4
 5 -3 2 24
 5 -1 2 270
 5 0 -4 92
 5 -2 2 182
 5 3 -3 168
 5 -1 -4 145
 55 4 1 84
 5 -2 3 125
 5 4 0 267
 5 4 -1 89
 55 3 -2 161
 5 -1 -2 50
 5 -2 -1 89
 5 2 -3 131
 5 -4 1 123
 55 -3 -1 141
 5 -2 -3 162
 "contig-ratio-green-core" 1
 "contig-ratio-red-core" 0.3333333333333333
 "a-count" 0
 "b-count" 20
 "c-color-count" 8
 "c-express-count" 8
 "d-color-count" 28
 "d-express-count" 28
 "cell-count" 56
 15 -4 0 349
 15 3 1 205
 15 2 1 17
 15 1 2 46
 15 1 -2 184
 15 -1 1 321
 15 0 2 168
 15 -1 -2 73
 15 0 -1 2
 15 2 -1 83
 15 1 -1 60
 15 1 0 357
 15 0 1 204
 15 1 -3 5
 15 -2 -1 69
 15 -2 2 7
 15 0 0 219
 15 1 1 126
 15 -3 0 136
 15 -1 2 297
 15 1 3 159
 15 2 2 30
 15 -2 1 82
 15 0 -2 139
 15 -2 0 21
 15 -1 0 79
 15 2 0 155
 15 -1 -1 170
 5 0 -3 103
 5 1 -4 348
 55 1 4 136
 5 4 1 318
 55 -1 4 237
 5 3 2 180
 5 -1 -4 33
 5 -2 3 223
 5 -3 1 34
 5 0 -4 159
 55 0 4 290
 5 3 -3 86
 5 -4 -1 9
 55 -1 -3 286
 5 2 -2 128
 5 -3 2 311
 5 3 0 175
 5 3 -2 263
 5 4 0 48
 5 -3 -2 151
 5 4 -1 285
 5 -2 -2 81
 55 0 3 138
 5 -3 -1 107
 5 2 3 118
 55 -1 3 241
 55 3 -1 17
 55 -2 -3 199
 "contig-ratio-green-core" 0.625
 "contig-ratio-red-core" 0.3333333333333333
 "a-count" 0
 "b-count" 22
 "c-color-count" 6
 "c-express-count" 6
 "d-color-count" 28
 "d-express-count" 28
 "cell-count" 56
 15 -3 1 328
 15 1 -1 3
 15 0 2 16
 15 -2 2 306
 15 -1 1 237
 15 0 3 315
 15 -1 0 55
 15 -1 3 316
 15 2 0 297
 15 1 -2 132
 15 0 -1 44
 15 1 0 282
 15 1 -4 241
 15 -2 0 98
 15 2 1 265
 15 1 2 247
 15 0 -3 358
 15 0 1 23
 15 -2 3 45
 15 0 0 199
 15 -2 1 310
 15 0 4 326
 15 -4 1 99
 15 1 -3 146
 15 0 -2 346
 15 -1 2 127
 15 1 1 191
 15 -1 -1 218
 5 -3 2 126
 5 -1 -3 194
 5 2 3 292
 55 3 1 12
 55 4 -1 262
 5 -2 -1 347
 5 2 -1 111
 5 -1 -2 179
 5 1 3 300
 5 -2 -2 166
 5 4 0 13
 5 2 -3 221
 55 3 0 169
 5 -3 -1 158
 5 4 1 140
 55 3 -1 327
 5 -3 -2 192
 55 2 2 301
 5 3 -3 161
 5 1 4 69
 5 2 -2 200
 5 -4 -1 68
 5 -1 4 328
 55 3 2 72
 5 -3 0 75
 5 -4 0 194
 5 -2 -3 134
 5 3 3 121
 "contig-ratio-green-core" 0.5
 "contig-ratio-red-core" 0.17647058823529413
