 "a-count" 0
 "b-count" 24
 "c-color-count" 4
 "c-express-count" 4
 "d-color-count" 28
 "d-express-count" 28
 "cell-count" 56
 15 0 -1 220
 15 4 1 257
 15 0 -3 96
 15 -1 -2 176
 15 4 3 193
 15 0 1 136
 15 1 0 192
 15 -2 0 348
 15 2 -2 245
 15 3 0 10
 15 3 3 208
 15 -1 -1 174
 15 -2 -1 231
 15 -2 -2 72
 15 1 -2 165
 15 2 1 148
 15 3 -1 111
 15 -1 0 56
 15 1 1 265
 15 1 -3 297
 15 -1 -3 58
 15 2 -1 190
 15 1 -1 293
 15 3 1 220
 15 0 -2 350
 15 0 0 312
 15 2 0 99
 15 3 2 15
 5 -1 2 151
 5 4 -1 261
 55 2 3 320
 5 -2 1 130
 5 1 -4 91
 5 3 -2 239
 5 -4 1 49
 5 1 4 240
 55 1 3 105
 5 -3 2 112
 5 0 3 39
 5 -4 -1 303
 5 -1 3 1
 55 1 2 267
 55 -2 2 144
 5 0 -4 355
 5 -2 3 117
 5 0 2 230
 5 -2 -3 144
 5 -3 1 328
 5 2 2 287
 5 -4 0 280
 5 3 -3 34
 5 -1 4 323
 5 2 -3 88
 5 -3 3 82
 5 -3 0 343
 5 4 0 26
 "contig-ratio-green-core" 1
 "contig-ratio-red-core" 0.125
 "a-count" 0
 "b-count" 20
 "c-color-count" 8
 "c-express-count" 8
 "d-color-count" 28
 "d-express-count" 28
 "cell-count" 56
 15 1 1 176
 15 -1 2 88
 15 -2 1 35
 15 -3 2 284
 15 -3 0 328
 15 -2 3 347
 15 0 -1 282
 15 4 0 134
 15 0 0 251
 15 3 0 274
 15 1 -2 141
 15 -3 1 187
 15 1 -1 49
 15 2 -1 32
 15 -3 3 241
 15 0 1 21
 15 2 2 27
 15 2 0 17
 15 -2 -1 156
 15 1 2 211
 15 -1 -1 217
 15 0 2 158
 15 3 -1 196
 15 -2 2 211
 15 2 1 225
 15 1 0 352
 15 -1 1 220
 15 -2 0 83
 55 1 3 340
 5 -2 -3 128
 5 -1 -3 33
 5 3 3 339
 55 3 2 291
 55 -4 -1 240
 5 0 -2 8
 5 3 -2 244
 55 3 1 246
 55 1 4 138
 5 1 -3 96
 5 -3 -1 261
 55 0 4 347
 5 -1 -2 107
 5 -3 -3 141
 55 0 3 254
 5 2 -3 43
 5 1 -4 23
 5 -4 1 271
 5 0 -3 275
 5 3 -3 256
 5 -3 -2 257
 5 -4 0 144
 5 0 -4 189
 5 -2 -2 154
 5 -1 -4 96
 5 -1 3 93
 55 4 2 261
 "contig-ratio-green-core" 0.625
 "contig-ratio-red-core" 0.2
 "a-count" 0
 "b-count" 23
 "c-color-count" 5
 "c-express-count" 5
 "d-color-count" 28
 "d-express-count" 28
 "cell-count" 56
 15 2 1 188
 15 0 -1 164
 15 -1 2 353
 15 -2 -1 282
 15 -2 -2 249
 15 1 0 129
 15 -2 -3 32
 15 0 1 153
 15 0 2 107
 15 -3 0 51
 15 -3 -1 56
 15 2 0 49
 15 -2 0 266
 15 1 2 316
 15 0 -2 254
 15 -1 0 316
 15 3 1 136
 15 -4 -1 277
 15 2 2 262
 15 1 1 109
 15 1 -1 165
 15 3 2 37
 15 1 -2 82
 15 -1 1 91
 15 -1 -2 223
 15 0 0 331
 15 -1 -1 95
 15 2 -1 358
 5 1 -4 91
 5 3 3 129
 5 0 3 182
 5 4 0 236
 5 2 -3 335
 5 4 -1 293
 55 -1 -4 42
 5 -3 -3 82
 5 4 1 355
 5 0 4 18
 5 3 -1 173
 5 0 -4 333
 5 -4 0 96
 55 -2 -4 66
 5 -2 3 311
 5 2 3 357
 55 -2 2 55
 5 -3 -2 334
 5 1 -3 243
 5 -3 1 234
 5 -1 4 44
 5 -1 3 259
 5 -4 1 79
 55 -1 -3 278
 5 -2 1 269
 55 0 -3 142
 5 3 -2 239
 5 1 3 355
 "contig-ratio-green-core" 0.75
 "contig-ratio-red-core" 0.2222222222222222
