 "a-count" 0
 "b-count" 20
 "c-color-count" 8
 "c-express-count" 8
 "d-color-count" 28
 "d-express-count" 28
 "cell-count" 56
 15 -2 3 262
 15 -2 2 130
 15 -1 -1 158
 15 -1 2 155
 15 -1 0 133
 15 0 1 92
 15 -3 0 271
 15 0 2 22
 15 1 1 52
 15 2 1 225
 15 -1 1 55
 15 -4 1 293
 15 0 0 332
 15 -1 3 134
 15 -2 0 63
 15 -2 1 78
 15 1 -1 357
 15 -2 -1 346
 15 -5 1 201
 15 0 -1 218
 15 3 1 19
 15 -3 2 213
 15 -1 0 355
 15 0 -2 351
 15 -3 1 54
 15 1 0 333
 15 0 1 190
 15 1 -2 123
 5 1 3 136
 55 -1 -3 258
 5 1 -3 91
 55 5 0 128
 5 2 -1 62
 5 -3 3 13
 55 3 0 249
 55 0 3 44
 5 2 -3 303
 55 0 4 95
 5 3 -1 120
 5 3 -3 279
 55 4 0 105
 5 -3 -2 159
 5 -1 -4 234
 5 -3 2 332
 5 3 -2 128
 55 0 -3 71
 5 -3 -3 354
 5 1 2 288
 5 2 0 332
 5 -4 2 244
 5 2 2 92
 55 -1 -2 127
 5 3 2 84
 5 -2 -2 127
 5 4 -1 189
 5 -1 4 149
 "contig-ratio-green-core" 0.7142857142857143
 "contig-ratio-red-core" 0.25
 "a-count" 0
 "b-count" 21
 "c-color-count" 7
 "c-express-count" 7
 "d-color-count" 28
 "d-express-count" 28
 "cell-count" 56
 15 -3 -1 42
 15 1 2 62
 15 3 -1 203
 15 -4 -1 121
 15 -1 1 235
 15 0 1 135
 15 -2 -1 3
 15 3 -2 16
 15 -1 0 173
 15 2 2 93
 15 2 -2 129
 15 -2 0 51
 15 4 -1 91
 15 -3 2 302
 15 -1 -1 17
 15 -2 2 96
 15 0 3 124
 15 -2 1 109
 15 -1 2 201
 15 3 -3 238
 15 -1 3 259
 15 4 0 249
 15 1 1 233
 15 3 0 178
 15 2 1 126
 15 0 0 244
 15 0 2 45
 15 0 -1 86
 5 -3 -3 111
 5 -1 -3 13
 5 1 3 219
 55 1 -1 312
 5 -2 3 256
 5 2 -3 312
 5 -4 1 46
 55 0 -2 281
 5 3 2 276
 5 -3 1 210
 5 -3 3 290
 5 -2 -2 15
 5 -2 -3 51
 5 0 -4 185
 55 2 0 245
 5 2 3 272
 5 1 -4 247
 55 1 -3 19
 5 3 1 91
 5 -3 0 160
 55 1 4 238
 5 4 1 146
 5 3 3 235
 5 1 0 121
 5 -4 0 109
 5 2 -1 112
 55 -1 -2 325
 55 1 -2 51
 "contig-ratio-green-core" 0.8333333333333334
 "contig-ratio-red-core" 0.22727272727272727
 "a-count" 0
 "b-count" 23
 "c-color-count" 5
 "c-express-count" 5
 "d-color-count" 28
 "d-express-count" 28
 "cell-count" 56
 15 0 2 244
 15 -2 -2 208
 15 0 0 275
 15 -2 -1 306
 15 3 -1 245
 15 -4 -1 120
 15 -4 0 204
 15 1 1 121
 15 -1 2 77
 15 -2 2 180
 15 1 2 64
 15 1 0 331
 15 -2 1 210
 15 4 -2 25
 15 2 -1 287
 15 0 3 81
 15 -3 -1 249
 15 2 0 65
 15 -1 0 314
 15 -3 0 88
 15 3 0 112
 15 4 1 298
 15 -1 1 34
 15 0 1 276
 15 -2 0 108
 15 1 3 70
 15 4 0 196
 15 4 -1 30
 5 3 -2 148
 5 -1 4 304
 5 -3 2 145
 55 1 -2 153
 55 -3 3 318
 5 -1 -4 15
 5 -2 3 34
 5 -1 -1 203
 55 1 -3 262
 5 0 -3 239
 55 2 1 232
 5 1 -4 158
 5 -3 -3 184
 5 2 -3 280
 5 -4 1 214
 5 0 -4 314
 5 3 1 12
 5 -2 -3 234
 5 3 2 321
 5 2 2 313
 5 -3 1 91
 55 1 -1 114
 5 0 -1 299
 5 -1 -2 175
 5 3 -3 322
 5 -3 -2 87
 5 -1 3 303
 5 3 3 181
 "contig-ratio-green-core" 1.3333333333333333
 "contig-ratio-red-core" 0.08333333333333333
 "a-count" 0
 "b-count" 21
 "c-color-count" 7
 "c-express-count" 7
 "d-color-count" 28
 "d-express-count" 28
 "cell-count" 56
 15 -1 1 158
 15 0 3 229
 15 1 2 197
 15 -1 0 95
 15 4 0 88
 15 0 2 247
 15 -3 1 37
 15 -1 -1 251
 15 0 1 14
 15 -2 -1 137
 15 -2 2 121
 15 -2 -2 23
 15 2 1 187
 15 -2 1 51
 15 1 1 91
 15 1 0 288
 15 0 0 220
 15 -2 0 189
 15 3 0 132
 15 2 0 154
 15 2 -1 28
 15 -3 -2 96
 15 -1 2 205
 15 1 -1 274
 15 -3 0 212
 15 3 -1 128
 15 -3 -1 247
 15 0 -1 137
 5 3 -2 315
 55 1 -3 133
 5 -2 -3 122
 5 1 -2 318
 5 -1 -2 216
 5 2 2 350
 5 1 3 32
 55 0 -3 231
 55 -1 -3 124
 5 4 1 1
 5 2 -2 266
 5 0 -4 156
 5 0 -2 214
 5 -3 3 339
 5 2 -3 75
 55 -1 -4 216
 5 -3 2 86
 5 1 -4 224
 5 3 1 34
 55 -4 -1 214
 5 -1 3 251
 55 -4 0 18
 5 4 -1 226
 5 2 3 10
 5 3 3 300
 5 -2 3 41
 55 3 2 327
 5 3 -3 127
 "contig-ratio-green-core" 0.5
 "contig-ratio-red-core" 0.11764705882352941
