 "a-count" 4
 "b-count" 4
 "c-color-count" 24
 "c-express-count" 24
 "d-color-count" 24
 "d-express-count" 24
 "cell-count" 56
 15 0 -2 55
 15 -1 2 118
 15 3 1 120
 15 -1 -3 164
 15 3 -1 0
 105 -2 3 43
 15 1 -4 108
 15 0 1 282
 15 2 3 119
 105 -3 -2 316
 15 -1 -2 48
 15 1 2 339
 15 1 -3 6
 15 -4 -2 250
 15 1 3 346
 105 -1 3 182
 15 0 -1 184
 15 -2 1 330
 15 2 1 110
 15 0 4 2
 105 1 -2 158
 15 -4 1 102
 15 1 -1 41
 15 -2 -2 81
 15 -3 0 325
 15 -3 2 145
 15 3 2 115
 15 -1 0 310
 55 -2 2 189
 55 2 -4 316
 55 4 -1 300
 55 0 3 260
 5 1 4 190
 55 3 0 312
 55 -1 -1 11
 55 -3 -3 296
 55 1 1 103
 55 -1 1 21
 55 2 0 278
 55 0 2 300
 55 0 -3 329
 55 -3 1 180
 55 0 0 341
 5 2 -3 75
 55 -2 -1 321
 55 1 0 10
 55 2 2 251
 55 -2 0 71
 5 3 3 113
 55 3 -2 121
 55 -2 -3 36
 55 -1 -4 154
 5 4 1 282
 55 -4 -1 275
 55 -1 4 112
 55 2 -1 339
 "contig-ratio-green-core" 1.2142857142857142
 "contig-ratio-red-core" 1.2142857142857142
 "a-count" 4
 "b-count" 5
 "c-color-count" 23
 "c-express-count" 23
 "d-color-count" 25
 "d-express-count" 24
 "cell-count" 56
 15 4 -1 238
 15 1 -1 240
 15 1 3 62
 15 -2 0 319
 15 2 1 262
 15 3 0 354
 15 2 -3 60
 15 0 4 129
 15 -4 2 149
 15 1 0 149
 15 2 -1 320
 15 -3 -3 88
 15 -3 -1 114
 105 0 -4 32
 15 -1 4 12
 15 1 2 80
 15 0 2 127
 15 -1 -3 188
 15 -1 3 24
 105 0 1 7
 15 -1 0 283
 15 -4 -2 80
 15 -3 1 191
 15 -1 2 58
 15 -4 0 44
 15 1 -4 238
 15 -2 2 355
 105 2 3 137
 55 1 -3 194
 55 -2 -1 67
 55 0 -3 270
 55 1 -2 339
 55 3 2 304
 55 3 -1 305
 55 -4 1 174
 55 1 1 275
 55 2 -2 109
 55 -2 -3 303
 55 4 1 284
 5 3 -2 160
 55 -3 2 150
 5 -3 3 132
 55 0 3 268
 55 -1 1 245
 55 -2 4 274
 55 -3 -2 193
 55 4 0 96
 55 2 2 139
 55 -4 -1 120
 55 0 -1 187
 5 -2 3 268
 55 2 0 315
 5 0 0 271
 55 -2 1 320
 5 -1 -2 256
 55 3 1 324
 "contig-ratio-green-core" 1.1428571428571428
 "contig-ratio-red-core" 1.0769230769230769
 "a-count" 4
 "b-count" 4
 "c-color-count" 24
 "c-express-count" 24
 "d-color-count" 25
 "d-express-count" 24
 "cell-count" 56
 15 -4 -1 85
 105 -3 -3 125
 15 -4 0 97
 15 0 3 292
 15 -1 -4 68
 15 2 0 163
 15 -2 2 0
 15 1 -1 10
 15 2 -2 135
 15 2 2 66
 105 2 1 183
 15 -1 1 14
 15 -3 1 138
 15 1 2 279
 15 0 1 81
 15 4 1 90
 105 0 4 80
 15 0 -2 331
 15 3 -2 355
 15 -1 2 93
 15 -2 -2 295
 15 -1 -1 68
 15 3 0 113
 15 -3 3 88
 15 4 -1 101
 15 -2 -1 6
 15 1 0 110
 15 -1 4 24
 55 0 -4 64
 55 -2 -3 66
 55 2 -1 308
 55 -1 3 277
 55 3 3 77
 5 3 -3 71
 55 4 0 206
 55 0 0 159
 55 -3 -1 82
 55 -3 2 140
 55 -1 -2 323
 55 0 -3 305
 55 -2 1 134
 55 1 1 126
 55 -3 -2 161
 55 -4 1 81
 55 -1 0 146
 55 0 -1 63
 55 1 -2 341
 55 3 1 11
 55 3 -1 265
 55 -2 0 272
 55 2 3 96
 5 1 4 124
 55 2 -3 134
 5 3 2 107
 55 -3 0 337
 5 1 3 248
 "contig-ratio-green-core" 1.3846153846153846
 "contig-ratio-red-core" 1.105263157894737
 "a-count" 3
 "b-count" 4
 "c-color-count" 26
 "c-express-count" 24
 "d-color-count" 25
 "d-express-count" 25
 "cell-count" 56
 15 1 -1 190
 15 -3 0 186
 15 4 -1 33
 15 1 4 329
 15 2 1 186
 15 2 -1 284
 15 -2 -1 181
 15 -1 -1 184
 15 -1 3 122
 105 -4 0 214
 105 3 3 102
 15 -2 2 289
 15 -1 2 68
 15 -4 -3 69
 15 3 -2 131
 15 2 2 340
 15 0 3 329
 15 0 -2 355
 15 -3 -3 310
 15 -2 1 225
 15 -1 -2 137
 15 -2 -2 32
 15 -3 2 91
 15 -3 -2 37
 15 0 0 187
 105 3 0 67
 15 0 -4 300
 15 1 -4 209
 55 1 -2 202
 55 2 3 68
 55 4 0 195
 55 1 -3 166
 55 4 1 15
 55 2 -3 349
 55 -3 3 12
 55 1 3 333
 55 3 -3 194
 55 0 -1 150
 55 -2 0 85
 55 -2 -3 305
 55 -2 3 288
 55 3 1 42
 55 0 2 85
 55 0 -3 247
 55 1 1 204
 55 0 4 102
 55 1 0 230
 55 -1 -3 259
 55 2 0 184
 55 -4 -2 118
 55 -3 1 17
 55 1 2 152
 55 2 -2 135
 55 3 -1 291
 5 -1 -4 228
 5 -3 -1 16
 "contig-ratio-green-core" 1
 "contig-ratio-red-core" 1.0476190476190477
