 "a-count" 4
 "b-count" 6
 "c-color-count" 23
 "c-express-count" 22
 "d-color-count" 25
 "d-express-count" 24
 "cell-count" 56
 15 1 1 160
 15 -4 1 66
 15 -3 2 224
 15 -3 -3 321
 15 2 2 335
 15 0 -2 221
 15 2 0 71
 15 -3 -2 344
 15 -1 4 275
 15 3 0 22
 15 -2 0 125
 105 -2 4 86
 105 2 -2 75
 15 0 3 23
 15 -1 2 219
 15 1 0 284
 15 3 2 353
 15 -4 2 39
 105 3 -2 227
 15 0 0 202
 15 1 3 212
 15 4 -1 145
 15 -1 -3 114
 15 -2 1 217
 15 1 4 351
 15 -1 -1 247
 15 -1 1 229
 15 -4 0 62
 55 0 -4 214
 55 3 1 165
 55 0 1 41
 55 1 -2 263
 55 0 4 234
 55 -1 3 100
 55 0 -3 191
 55 0 2 111
 55 2 1 67
 55 3 -3 303
 5 2 3 160
 55 -3 0 141
 5 -2 -2 107
 55 -2 -1 15
 55 1 -3 67
 55 4 0 320
 55 -2 3 184
 5 2 -1 178
 55 -2 2 119
 5 4 1 111
 55 -3 3 339
 5 1 -1 134
 55 0 -1 326
 55 -3 1 250
 55 1 2 181
 55 2 -3 307
 55 -3 -1 51
 55 -2 -3 90
 "contig-ratio-green-core" 1.1111111111111112
 "contig-ratio-red-core" 0.8421052631578947
 "a-count" 4
 "b-count" 2
 "c-color-count" 26
 "c-express-count" 26
 "d-color-count" 24
 "d-express-count" 24
 "cell-count" 56
 15 -1 2 300
 15 3 2 229
 105 3 -3 104
 15 1 0 192
 105 -4 1 297
 15 -1 0 113
 15 -2 -4 242
 15 0 -4 243
 15 -2 1 254
 105 -2 2 210
 15 -2 -2 328
 15 -3 2 48
 15 -1 4 263
 15 4 0 302
 15 3 -2 78
 15 3 -1 298
 15 0 4 218
 15 1 4 187
 105 2 3 101
 15 1 -1 113
 15 -2 3 134
 15 -3 -2 18
 15 -3 0 339
 15 0 -2 256
 15 -1 -3 147
 15 2 -2 339
 15 -1 -2 179
 15 1 2 231
 55 0 -3 77
 55 0 2 285
 55 4 -1 265
 55 0 1 23
 55 2 2 263
 55 0 -1 277
 55 2 -3 203
 55 0 0 212
 55 2 0 225
 55 -2 0 100
 55 -4 2 314
 55 -3 1 51
 55 -2 -3 68
 55 3 0 251
 55 1 1 104
 55 -1 -4 155
 55 -3 -1 212
 55 1 -3 326
 5 4 1 113
 5 -3 -3 339
 55 -1 1 336
 55 -1 -1 206
 55 -2 -1 5
 55 3 1 285
 55 3 3 9
 55 0 3 93
 55 1 3 307
 55 1 -2 353
 "contig-ratio-green-core" 1.1875
 "contig-ratio-red-core" 1.2666666666666666
 "a-count" 5
 "b-count" 5
 "c-color-count" 23
 "c-express-count" 23
 "d-color-count" 24
 "d-express-count" 23
 "cell-count" 56
 15 2 1 34
 15 -1 -1 129
 105 0 3 25
 15 -1 -4 208
 15 1 2 208
 15 -2 3 110
 15 -3 -1 128
 15 -1 -2 73
 15 -1 0 197
 15 1 -2 33
 15 2 -3 249
 105 3 -3 69
 15 1 0 28
 105 2 0 262
 15 4 -1 63
 15 1 -1 60
 105 -1 1 114
 15 0 1 66
 15 3 2 99
 15 -1 2 12
 15 3 1 224
 15 2 3 65
 15 -3 -3 232
 15 -2 1 238
 15 -2 -2 181
 15 1 4 346
 15 4 1 53
 15 1 -4 46
 55 2 -4 332
 5 0 2 104
 55 -4 1 259
 55 -3 1 269
 55 1 1 140
 55 -4 0 10
 5 -1 4 187
 55 -4 -1 105
 55 4 0 96
 55 -2 0 338
 55 2 4 174
 55 -2 2 221
 55 -3 3 156
 5 -3 2 245
 55 0 -4 331
 55 0 -2 168
 55 -2 -3 39
 55 -2 -1 170
 55 0 -1 34
 55 0 4 211
 55 1 3 6
 55 0 0 227
 5 3 -2 74
 5 0 -3 127
 55 4 2 43
 55 3 0 24
 55 1 -3 332
 55 2 2 338
 "contig-ratio-green-core" 1.3076923076923077
 "contig-ratio-red-core" 1.1666666666666667
 "a-count" 6
 "b-count" 5
 "c-color-count" 23
 "c-express-count" 23
 "d-color-count" 23
 "d-express-count" 22
 "cell-count" 56
 15 -2 -3 65
 15 -1 2 206
 105 -1 4 301
 15 -3 -2 291
 15 0 1 115
 15 -1 3 158
 105 -2 0 206
 15 2 -1 68
 15 -1 0 64
 15 -2 1 249
 15 3 -1 138
 15 1 0 25
 105 -3 3 77
 15 1 3 320
 15 -2 -2 221
 15 2 -2 169
 15 0 -1 120
 15 3 -3 199
 15 -4 0 3
 15 0 -4 209
 15 1 1 63
 15 -2 3 306
 105 1 4 57
 15 1 -1 115
 15 0 -2 36
 15 -3 2 179
 15 0 2 167
 105 3 1 327
 55 2 0 257
 55 2 1 39
 55 0 0 160
 55 4 0 97
 55 -1 -1 40
 5 4 1 134
 55 -2 2 356
 55 0 3 323
 55 -3 -3 325
 55 -2 -1 202
 55 -1 -3 292
 5 -3 -1 94
 55 -4 1 300
 5 -4 -1 139
 55 3 -2 94
 55 2 2 25
 55 0 4 74
 55 -1 1 6
 55 1 -2 69
 55 3 2 208
 5 2 3 210
 55 3 0 179
 55 1 2 72
 55 4 -1 249
 55 -1 -4 147
 5 0 -3 105
 55 -2 -4 220
 55 -3 1 112
 "contig-ratio-green-core" 1.0769230769230769
 "contig-ratio-red-core" 0.9444444444444444
