 "a-count" 4
 "b-count" 3
 "c-color-count" 25
 "c-express-count" 25
 "d-color-count" 24
 "d-express-count" 24
 "cell-count" 56
 15 -2 1 110
 15 -1 -2 27
 15 3 0 112
 15 1 -2 33
 15 1 2 101
 15 1 1 248
 15 -3 0 73
 105 3 3 106
 15 -1 0 219
 15 4 1 70
 105 3 2 53
 15 -2 -4 333
 15 2 0 312
 15 3 -2 155
 15 3 -3 242
 105 0 -2 78
 15 1 3 149
 15 0 0 134
 15 -3 -2 157
 15 -2 3 2
 15 2 1 304
 15 0 4 334
 15 4 -1 168
 15 -1 3 18
 15 0 -1 46
 105 -1 4 179
 15 2 3 259
 15 -2 -1 322
 55 4 0 285
 55 0 -3 167
 55 -3 3 302
 55 -3 -3 85
 55 -3 -1 97
 55 -2 -3 332
 55 -3 2 151
 5 -4 1 329
 55 3 -1 244
 5 -1 -3 333
 5 2 -3 188
 55 -1 1 93
 55 0 2 69
 55 0 1 33
 55 1 -4 359
 55 0 -4 313
 55 -1 -1 253
 55 0 3 291
 55 -1 2 150
 55 1 -3 325
 55 3 1 182
 55 -2 0 33
 55 2 -1 357
 55 -1 -4 32
 55 1 -1 92
 55 -2 -2 308
 55 1 0 191
 55 1 4 142
 "contig-ratio-green-core" 1.0555555555555556
 "contig-ratio-red-core" 1.1428571428571428
 "a-count" 6
 "b-count" 3
 "c-color-count" 25
 "c-express-count" 25
 "d-color-count" 22
 "d-express-count" 22
 "cell-count" 56
 105 -1 4 208
 105 3 -3 298
 15 2 3 334
 15 1 1 323
 15 -1 -1 108
 15 -3 1 247
 15 -3 3 261
 105 3 -2 216
 15 1 3 220
 105 1 -2 281
 15 2 0 39
 15 -2 -2 115
 105 1 -3 323
 15 -1 1 331
 15 -1 2 243
 15 -4 0 267
 15 1 2 9
 15 -3 -1 279
 15 -3 0 298
 15 -2 2 240
 15 4 -1 27
 15 -3 -3 198
 105 -2 4 120
 15 0 0 52
 15 0 -2 130
 15 -4 -2 131
 15 3 1 199
 15 0 1 259
 55 -4 -1 344
 55 2 -1 114
 55 3 2 61
 55 0 2 323
 55 0 4 133
 55 4 0 244
 55 -3 -2 52
 55 0 -1 309
 55 -1 0 226
 5 1 -4 307
 55 1 4 78
 5 3 3 324
 55 2 2 20
 55 4 1 186
 55 2 1 66
 55 1 0 89
 5 3 -1 325
 55 0 -4 56
 55 0 -3 2
 55 -1 -2 141
 55 2 -3 316
 55 -2 -3 284
 55 0 3 346
 55 -2 -1 15
 55 -2 3 47
 55 -1 3 86
 55 -2 1 255
 55 -1 -3 329
 "contig-ratio-green-core" 0.9375
 "contig-ratio-red-core" 1.2307692307692308
 "a-count" 6
 "b-count" 6
 "c-color-count" 22
 "c-express-count" 22
 "d-color-count" 25
 "d-express-count" 22
 "cell-count" 56
 15 -1 -1 36
 15 -4 -2 208
 15 3 2 61
 15 1 -3 291
 15 0 -2 310
 105 -2 3 25
 15 -4 1 255
 15 3 -1 356
 15 -1 -3 289
 15 0 2 23
 15 -2 2 77
 15 2 0 230
 15 -1 1 13
 15 -3 -3 249
 15 1 0 248
 15 0 -4 160
 15 -2 -1 266
 15 1 -1 336
 15 2 -2 300
 15 -3 0 176
 15 -2 1 283
 15 -4 0 304
 15 0 4 80
 15 -1 3 144
 105 -3 3 271
 105 2 -1 308
 15 3 0 234
 15 -2 0 230
 55 -1 -4 40
 5 -1 4 354
 55 -1 -2 280
 55 2 2 204
 55 1 2 67
 55 4 0 308
 55 0 0 244
 55 -2 -3 232
 55 3 -2 103
 55 0 -1 61
 55 -3 -2 251
 55 1 1 198
 55 -1 2 268
 55 -1 0 188
 5 4 -1 66
 5 3 -3 274
 55 2 -3 128
 55 1 4 105
 55 0 -3 125
 55 0 3 183
 55 -3 1 174
 55 -2 -2 181
 5 -3 2 347
 55 3 1 72
 5 4 1 2
 5 1 -4 21
 55 1 -2 84
 55 2 1 167
 "contig-ratio-green-core" 1.3571428571428572
 "contig-ratio-red-core" 1.0714285714285714
