 "a-count" 7
 "b-count" 5
 "c-color-count" 23
 "c-express-count" 23
 "d-color-count" 22
 "d-express-count" 21
 "cell-count" 56
 105 3 -3 331
 15 0 -3 56
 15 -1 4 313
 15 -4 0 330
 15 0 4 78
 15 0 -2 162
 15 -2 3 114
 15 1 -3 284
 15 2 -2 271
 105 -4 -1 155
 15 3 -1 73
 15 -2 4 132
 15 -4 1 124
 15 -1 -3 203
 15 3 0 350
 15 -1 -2 247
 105 4 1 128
 15 1 -4 163
 15 1 -2 16
 105 -3 3 215
 15 4 -1 242
 15 1 3 38
 105 3 2 272
 15 4 0 78
 105 2 2 268
 15 -1 3 9
 15 3 1 356
 15 0 3 218
 55 -3 1 184
 55 -1 2 245
 5 0 2 75
 55 -2 1 122
 5 -2 -3 152
 5 2 -3 120
 55 2 1 235
 55 -1 -4 112
 55 -3 -2 11
 55 0 -1 307
 55 1 1 36
 55 -1 0 14
 5 3 3 289
 55 0 1 245
 5 -3 -3 73
 55 -3 0 334
 55 1 0 90
 55 1 -1 49
 55 1 4 101
 55 2 0 27
 55 0 0 308
 55 -2 -1 320
 55 -2 0 185
 55 -3 -1 227
 55 -1 0 345
 55 -1 -1 155
 55 -2 2 4
 55 -1 1 108
 "contig-ratio-green-core" 0.75
 "contig-ratio-red-core" 0.47619047619047616
 "a-count" 6
 "b-count" 4
 "c-color-count" 24
 "c-express-count" 24
 "d-color-count" 22
 "d-express-count" 22
 "cell-count" 56
 15 3 0 108
 15 1 0 81
 15 3 1 289
 15 4 0 270
 15 1 -1 252
 15 -1 -4 262
 15 -2 -3 331
 15 0 -4 326
 15 2 -1 329
 15 2 2 88
 15 3 -1 184
 15 -4 1 152
 105 1 -3 275
 15 1 2 208
 15 -2 -2 269
 15 -1 4 120
 15 -1 3 37
 15 2 0 297
 105 1 1 163
 15 1 3 71
 105 3 -3 339
 105 2 3 260
 105 -3 -2 88
 15 3 -2 131
 15 0 3 33
 15 0 4 42
 105 4 1 110
 15 2 1 243
 5 4 -1 245
 55 0 -1 108
 55 -1 2 3
 55 0 1 79
 55 -3 -1 351
 55 2 -2 29
 55 -2 -1 144
 55 -1 -1 1
 55 -2 1 217
 55 0 -2 232
 55 -2 3 214
 55 0 -3 171
 5 -3 -3 294
 55 2 4 7
 55 -1 -2 358
 55 -1 -3 178
 55 0 0 300
 55 -4 0 235
 55 -2 0 94
 5 -3 1 38
 55 -1 1 170
 5 -4 -1 131
 55 -1 0 240
 55 1 4 101
 55 1 -2 178
 55 0 2 146
 55 -3 0 111
 55 -2 2 279
 "contig-ratio-green-core" 0.875
 "contig-ratio-red-core" 0.7058823529411765
 "a-count" 5
 "b-count" 4
 "c-color-count" 24
 "c-express-count" 24
 "d-color-count" 25
 "d-express-count" 23
 "cell-count" 56
 15 3 2 321
 15 -3 0 157
 15 -1 4 16
 15 -2 -2 135
 15 3 -2 228
 15 4 1 75
 105 2 -3 207
 15 3 1 358
 15 -2 -3 110
 105 -3 -2 215
 15 -3 1 151
 15 0 4 315
 15 -1 -3 327
 15 -2 4 77
 15 -2 3 274
 15 -3 -1 283
 15 -3 2 32
 15 1 -4 345
 15 2 2 255
 15 -1 -4 198
 15 3 0 111
 15 2 3 129
 105 3 3 350
 15 4 0 93
 15 0 -4 289
 15 1 2 251
 15 2 1 282
 15 1 3 249
 55 0 1 51
 55 0 2 36
 5 2 -1 279
 55 -1 2 345
 55 1 -2 298
 55 -3 3 210
 5 -3 -3 274
 55 -1 1 338
 5 -2 -4 240
 55 -2 1 210
 5 1 4 323
 55 3 -1 205
 55 -2 -1 22
 55 -1 -1 139
 55 1 -1 36
 55 0 -2 108
 55 -1 0 251
 55 0 -1 105
 55 -2 2 266
 55 4 -1 182
 55 0 3 41
 55 1 1 111
 55 -2 0 272
 55 0 -3 11
 55 0 0 324
 55 -1 3 272
 55 -4 1 140
 55 1 0 78
 "contig-ratio-green-core" 1
 "contig-ratio-red-core" 0.5882352941176471
 "a-count" 5
 "b-count" 1
 "c-color-count" 27
 "c-express-count" 27
 "d-color-count" 24
 "d-express-count" 23
 "cell-count" 56
 105 -2 -3 295
 15 4 2 141
 105 1 -1 64
 15 4 -1 132
 15 2 0 184
 15 4 1 11
 15 3 1 44
 15 2 3 22
 15 -4 1 289
 15 0 -3 347
 15 2 -1 310
 15 -3 3 31
 15 0 4 152
 15 -2 -2 353
 15 3 0 134
 15 3 2 280
 15 -1 -2 123
 15 0 -2 279
 15 4 0 43
 15 -3 2 72
 15 1 1 52
 15 1 0 284
 105 -3 -3 266
 15 0 -4 34
 15 1 -2 223
 15 1 4 119
 105 -1 -3 290
 15 1 -3 218
 55 -2 2 326
 55 2 2 185
 55 -2 3 306
 55 3 -2 331
 55 -3 -2 304
 55 0 2 244
 55 -2 1 334
 55 0 -1 274
 55 3 -3 10
 55 -1 3 200
 55 -4 0 152
 55 4 -2 191
 55 0 1 266
 55 0 3 139
 55 -3 -1 141
 55 2 -3 283
 55 -3 1 249
 55 -1 2 2
 5 -4 -1 272
 55 -1 1 116
 55 1 3 233
 55 1 2 108
 55 -1 0 194
 55 0 0 84
 55 -1 -1 157
 55 -2 -1 217
 55 -3 0 312
 55 -2 0 358
 "contig-ratio-green-core" 0.7368421052631579
 "contig-ratio-red-core" 0.7142857142857143
