 "a-count" 5
 "b-count" 4
 "c-color-count" 24
 "c-express-count" 24
 "d-color-count" 23
 "d-express-count" 23
 "cell-count" 56
 105 -3 -3 101
 105 4 1 126
 15 -2 -1 292
 15 3 -1 60
 15 2 -1 47
 15 4 0 56
 15 2 1 274
 15 3 -2 285
 15 -2 0 228
 15 -2 3 60
 15 -2 1 266
 15 -1 2 23
 15 -2 -2 277
 15 -1 4 93
 15 -3 -2 112
 15 2 -2 174
 105 -1 -3 326
 15 -1 3 176
 15 -3 -1 125
 15 4 -1 289
 15 2 -3 158
 15 -2 2 217
 15 -1 1 275
 15 2 2 297
 15 3 2 169
 15 -4 -1 88
 105 -3 0 184
 105 2 0 155
 55 -1 -2 308
 55 0 0 47
 55 -2 4 190
 55 -3 1 55
 55 3 3 182
 55 1 0 200
 55 0 1 80
 55 0 4 238
 55 1 1 156
 5 1 -4 183
 55 0 2 187
 55 0 3 257
 5 1 4 87
 55 2 3 350
 5 -1 -4 258
 55 0 -2 82
 55 0 -1 97
 55 -4 1 277
 55 1 3 335
 55 3 -3 7
 55 1 2 225
 55 -3 3 74
 55 -3 2 66
 55 0 -3 276
 55 1 -1 11
 55 0 -4 186
 5 -4 2 99
 55 1 -2 318
 "contig-ratio-green-core" 0.7222222222222222
 "contig-ratio-red-core" 0.75
 "a-count" 3
 "b-count" 5
 "c-color-count" 23
 "c-express-count" 23
 "d-color-count" 25
 "d-express-count" 25
 "cell-count" 56
 15 -1 -3 94
 15 -1 4 174
 15 4 -1 324
 15 -1 -4 310
 105 -4 -1 14
 15 -3 -1 344
 15 3 -1 307
 15 -2 -3 72
 105 -4 -2 249
 15 0 3 152
 105 1 -4 127
 15 1 3 225
 15 -3 -2 37
 15 -2 0 304
 15 -1 3 230
 15 2 3 153
 15 0 -4 318
 15 2 -2 352
 15 2 2 114
 15 -4 0 214
 15 0 4 190
 15 -2 3 359
 15 -3 3 20
 15 1 4 269
 15 3 -2 308
 15 -3 0 172
 15 -4 1 189
 15 0 -3 313
 55 -1 2 47
 55 1 -2 26
 5 -2 4 350
 55 1 0 41
 5 -3 2 204
 55 -2 -2 59
 5 -3 1 354
 55 3 1 216
 55 3 0 324
 55 1 -1 175
 55 -1 -1 289
 55 -3 -3 295
 55 -1 1 61
 55 -2 2 354
 55 0 -2 111
 5 -2 -1 55
 55 2 1 235
 55 0 2 74
 55 -1 0 180
 55 0 1 27
 55 -1 -2 191
 55 1 1 168
 55 0 0 276
 55 2 -1 243
 55 2 0 81
 5 3 2 33
 55 1 -3 173
 55 0 -1 42
 "contig-ratio-green-core" 0.7142857142857143
 "contig-ratio-red-core" 0.5
 "a-count" 5
 "b-count" 4
 "c-color-count" 26
 "c-express-count" 24
 "d-color-count" 23
 "d-express-count" 23
 "cell-count" 56
 15 3 0 245
 15 -1 -3 219
 15 -3 -1 117
 15 -3 2 202
 15 2 -1 96
 15 3 -1 235
 105 -3 -3 62
 15 0 -3 114
 15 2 3 298
 15 -3 0 183
 15 -2 -2 257
 15 -1 4 78
 15 4 0 211
 15 2 0 256
 15 1 -4 282
 15 -3 -2 356
 15 -3 3 71
 105 1 3 39
 15 -1 -4 32
 15 1 4 158
 105 -2 2 111
 105 3 -2 78
 15 -4 0 186
 15 3 1 225
 15 -3 1 34
 15 4 -1 91
 15 0 -4 87
 105 -2 -3 151
 55 3 2 358
 55 -1 2 259
 55 0 0 72
 55 -1 1 93
 55 1 0 266
 55 -2 0 286
 55 1 2 332
 55 2 1 341
 55 -1 -2 127
 55 -2 -1 101
 55 -1 -1 190
 5 4 1 93
 55 1 -3 271
 55 2 -2 263
 55 1 -2 359
 55 0 2 61
 55 0 -1 187
 55 0 1 238
 55 -2 1 215
 55 -2 3 57
 55 0 -2 87
 55 0 3 77
 55 2 2 54
 55 -1 0 151
 55 -1 3 109
 55 1 1 231
 5 0 4 27
 55 1 -1 89
 "contig-ratio-green-core" 0.7647058823529411
 "contig-ratio-red-core" 0.6666666666666666
 "a-count" 9
 "b-count" 6
 "c-color-count" 23
 "c-express-count" 22
 "d-color-count" 20
 "d-express-count" 19
 "cell-count" 56
 15 -1 -4 9
 15 0 4 260
 15 1 4 276
 15 0 3 45
 105 -3 -1 100
 15 1 3 203
 15 -3 3 217
 105 -1 4 28
 105 -4 -1 266
 105 4 0 253
 15 -2 -2 304
 105 -4 1 357
 15 -1 3 31
 15 -2 -1 115
 15 1 -4 159
 105 0 -3 332
 15 2 3 259
 15 -2 1 104
 15 0 -4 108
 15 -2 3 286
 15 1 -3 245
 105 -4 0 285
 15 3 -2 317
 15 3 -1 291
 105 3 3 139
 15 3 2 123
 15 -2 0 250
 15 2 2 211
 55 2 0 32
 55 0 0 8
 55 2 -1 44
 55 -1 2 124
 55 3 1 20
 5 4 1 293
 55 0 1 12
 55 0 -2 208
 5 -3 1 76
 55 -2 2 253
 55 1 -1 223
 55 1 2 217
 55 -1 -1 331
 55 -1 0 288
 55 0 2 305
 55 1 0 298
 55 4 -1 159
 5 2 -3 4
 55 -1 1 265
 55 3 0 283
 55 1 1 8
 55 -1 -2 180
 5 2 -2 51
 55 1 -2 99
 55 0 -1 240
 55 -3 2 151
 5 -2 -3 134
 55 2 1 74
 "contig-ratio-green-core" 0.8571428571428571
 "contig-ratio-red-core" 0.7777777777777778
