 "a-count" 5
 "b-count" 4
 "c-color-count" 25
 "c-express-count" 24
 "d-color-count" 23
 "d-express-count" 23
 "cell-count" 56
 105 2 3 289
 15 2 -1 305
 15 3 -2 107
 105 -2 -3 262
 15 -4 0 66
 15 -3 -2 282
 15 2 -3 75
 105 -3 -3 10
 15 1 -4 318
 15 -4 1 71
 15 3 2 352
 15 2 -2 165
 105 3 -3 176
 15 3 0 71
 15 -4 -2 62
 105 -3 3 155
 15 3 1 350
 15 0 4 128
 15 2 0 338
 15 -3 2 309
 15 0 3 14
 15 -4 -1 14
 15 4 1 166
 15 1 -2 184
 15 3 -1 220
 15 -1 4 18
 15 -1 3 6
 15 -2 3 321
 55 -2 -1 210
 55 -2 0 316
 55 0 -4 17
 55 -3 1 107
 55 2 2 103
 5 4 -1 103
 55 -2 1 176
 55 1 4 315
 55 -1 0 106
 55 2 1 198
 55 1 1 194
 55 0 -1 45
 5 -3 0 117
 55 -3 -1 359
 55 1 2 311
 5 1 -3 20
 55 -2 -2 329
 55 -2 2 299
 55 -1 -1 155
 55 -1 1 101
 55 -1 -2 21
 55 -1 2 208
 55 0 0 208
 55 0 -2 74
 55 0 2 316
 55 0 1 148
 55 1 0 244
 55 1 3 83
 "contig-ratio-green-core" 0.9230769230769231
 "contig-ratio-red-core" 0.6666666666666666
 "a-count" 7
 "b-count" 4
 "c-color-count" 24
 "c-express-count" 24
 "d-color-count" 22
 "d-express-count" 21
 "cell-count" 56
 105 -2 1 215
 15 -3 3 63
 15 -4 2 135
 15 1 4 191
 15 -4 -1 107
 15 4 1 203
 15 3 -2 48
 15 2 3 97
 15 -3 1 263
 15 0 -3 217
 15 4 0 117
 15 -2 -3 328
 15 -1 -4 313
 15 -1 -2 226
 105 -1 4 84
 15 0 1 210
 15 -2 3 326
 105 -1 2 314
 15 -3 2 121
 105 0 -4 301
 105 -2 2 159
 15 -4 0 345
 15 -4 1 89
 15 -1 -3 214
 15 -1 1 85
 15 -2 -2 266
 105 0 -2 285
 15 2 4 195
 55 -2 -1 249
 5 2 -3 267
 55 2 -1 330
 55 -3 -2 202
 55 0 3 4
 55 2 1 36
 5 3 3 149
 55 1 -1 238
 5 4 -1 294
 55 2 0 38
 5 -3 -3 18
 55 -2 0 184
 55 -1 0 1
 55 3 1 282
 55 1 0 22
 55 1 -2 155
 55 3 -3 5
 55 3 0 194
 55 -1 3 20
 55 1 -3 118
 55 2 2 137
 55 -3 0 287
 55 -1 -1 156
 55 1 1 309
 55 1 2 84
 55 -3 -1 182
 55 0 -1 357
 55 0 0 168
 "contig-ratio-green-core" 0.7222222222222222
 "contig-ratio-red-core" 0.7222222222222222
 "a-count" 8
 "b-count" 4
 "c-color-count" 25
 "c-express-count" 24
 "d-color-count" 21
 "d-express-count" 20
 "cell-count" 56
 15 -3 -1 177
 105 -3 -3 342
 15 -3 -2 235
 15 0 -2 63
 15 3 0 174
 15 -4 1 256
 15 -1 -2 206
 15 0 -4 258
 105 2 0 219
 105 -1 3 71
 15 4 1 308
 15 1 3 342
 15 3 -1 273
 15 4 0 189
 15 2 -3 333
 15 3 -3 128
 105 -2 -3 231
 15 -2 2 249
 15 -2 3 2
 105 0 4 23
 15 -2 -2 112
 15 -2 -1 72
 15 2 -2 166
 15 -1 2 222
 105 -1 -1 107
 15 1 -3 88
 105 1 -2 103
 15 0 -3 214
 5 4 -1 295
 55 -1 -3 248
 55 0 2 293
 55 2 2 341
 55 -4 -1 112
 55 -3 1 336
 55 -3 0 296
 55 -4 -2 246
 55 -3 3 190
 5 -4 0 190
 55 -2 1 185
 55 2 1 108
 55 -3 2 121
 55 0 1 272
 55 0 0 38
 55 1 1 8
 55 -2 0 128
 55 1 2 85
 55 1 -4 7
 55 -1 0 165
 55 0 -1 127
 55 3 1 349
 5 3 3 84
 55 1 0 349
 55 2 3 49
 55 1 -1 313
 55 0 3 209
 55 -1 1 17
 "contig-ratio-green-core" 0.6111111111111112
 "contig-ratio-red-core" 0.7222222222222222
