 "a-count" 8
 "b-count" 2
 "c-color-count" 27
 "c-express-count" 26
 "d-color-count" 23
 "d-express-count" 20
 "cell-count" 56
 105 -3 -2 31
 15 -1 -4 258
 15 2 2 227
 15 3 -2 168
 105 -2 -1 137
 105 -3 3 146
 15 2 -1 152
 15 3 -3 321
 105 4 -1 225
 15 2 -2 128
 15 -2 -3 233
 15 3 3 230
 15 2 -3 261
 105 4 1 204
 15 1 -4 183
 15 3 1 355
 15 4 0 33
 15 0 -4 201
 15 -3 2 254
 15 -4 0 109
 15 3 -1 127
 15 -3 0 29
 15 -4 -1 73
 15 3 0 47
 15 1 4 70
 15 -2 -2 77
 15 -1 -3 31
 15 3 2 12
 55 -1 -2 93
 55 0 -3 18
 55 -1 0 202
 55 1 -3 281
 55 0 1 341
 55 -1 2 351
 55 1 3 74
 55 0 -2 165
 55 1 0 356
 55 -2 2 199
 55 -3 1 218
 55 1 1 142
 55 -2 0 138
 55 1 2 54
 55 1 -2 232
 55 0 2 334
 55 -2 1 143
 55 0 -1 265
 5 -4 1 101
 55 0 4 3
 55 2 0 83
 55 0 3 196
 55 0 0 221
 55 2 3 253
 55 1 -1 252
 55 -1 -1 0
 55 -2 3 222
 55 -1 1 355
 "contig-ratio-green-core" 0.7647058823529411
 "contig-ratio-red-core" 0.55
 "a-count" 7
 "b-count" 3
 "c-color-count" 25
 "c-express-count" 25
 "d-color-count" 22
 "d-express-count" 21
 "cell-count" 56
 15 0 -3 91
 15 -3 -2 40
 15 -2 3 165
 15 -3 1 300
 15 3 -1 140
 15 -4 2 264
 105 -4 -1 226
 105 -2 0 76
 15 -4 0 252
 15 -2 -2 198
 15 2 2 247
 15 1 2 319
 105 -1 -4 13
 15 3 -3 266
 15 -2 -3 203
 15 4 -1 12
 15 4 0 308
 15 -4 1 297
 105 -3 -1 24
 15 2 -1 301
 105 -2 -1 317
 15 -1 -3 261
 15 2 3 271
 15 1 4 273
 105 -3 -3 197
 15 0 -4 256
 15 1 -2 346
 15 1 3 227
 55 2 1 296
 55 -1 3 164
 55 -2 2 177
 55 0 2 51
 55 1 1 209
 55 1 0 353
 55 0 -2 248
 55 -1 0 322
 55 -1 -1 146
 55 -1 4 233
 55 0 0 49
 55 1 -1 306
 55 -3 2 146
 55 3 0 190
 5 2 -3 25
 55 2 0 253
 55 4 1 337
 55 -1 2 29
 55 0 1 99
 55 -2 1 142
 55 -1 -2 40
 55 0 3 109
 5 1 -4 73
 55 -1 1 266
 55 3 1 61
 55 0 -1 72
 5 3 -2 56
 55 3 2 258
 "contig-ratio-green-core" 0.7222222222222222
 "contig-ratio-red-core" 0.7647058823529411
 "a-count" 10
 "b-count" 6
 "c-color-count" 22
 "c-express-count" 22
 "d-color-count" 19
 "d-express-count" 18
 "cell-count" 56
 15 0 3 229
 105 1 3 320
 15 -2 2 94
 15 3 0 48
 105 -3 -2 35
 15 2 2 61
 105 -3 -1 119
 15 -1 2 260
 15 -2 -2 201
 15 -4 1 191
 105 3 2 86
 15 3 1 236
 105 -1 -3 323
 105 0 4 197
 105 2 3 23
 15 -2 -1 115
 15 -1 3 255
 105 3 3 114
 15 -3 2 23
 105 1 4 27
 15 -4 0 8
 15 4 1 265
 15 -3 1 287
 15 2 -2 285
 15 -1 -2 167
 15 3 -1 262
 15 1 -4 183
 15 -4 -1 29
 5 2 -3 29
 5 4 -1 135
 55 0 2 181
 55 2 -1 219
 55 2 0 308
 55 0 1 144
 55 1 -1 345
 55 1 -3 326
 5 4 0 143
 55 1 1 292
 55 0 -4 156
 55 -1 1 178
 55 1 0 167
 55 0 0 41
 55 0 -1 87
 55 -1 -1 136
 55 0 -3 3
 55 -2 1 333
 55 2 1 47
 55 -1 4 336
 5 3 -3 333
 55 -2 0 81
 55 -1 0 34
 5 -3 3 234
 55 0 -2 40
 55 -3 0 229
 55 1 2 289
 5 1 -2 214
 "contig-ratio-green-core" 0.9285714285714286
 "contig-ratio-red-core" 0.7857142857142857
 "a-count" 5
 "b-count" 4
 "c-color-count" 24
 "c-express-count" 24
 "d-color-count" 24
 "d-express-count" 23
 "cell-count" 56
 15 2 -2 249
 105 -3 1 350
 15 -2 2 27
 15 -2 1 287
 15 1 3 104
 15 3 1 58
 15 -4 0 318
 15 2 2 274
 15 2 -3 135
 15 -1 -2 20
 15 -1 2 299
 105 -3 -3 59
 15 -3 -2 38
 15 0 4 119
 15 0 -2 273
 15 1 4 100
 15 3 2 296
 105 -3 2 28
 15 0 -3 256
 105 1 -3 183
 15 -4 -1 161
 15 4 0 38
 15 4 1 24
 15 1 -2 43
 15 4 -1 43
 15 -2 -3 273
 15 -1 3 176
 15 -2 -2 40
 55 1 0 78
 55 1 2 320
 55 0 1 53
 55 -2 0 107
 55 1 -1 306
 55 2 -1 234
 55 -3 -1 168
 55 -1 0 311
 55 2 0 291
 55 0 -1 211
 55 3 -2 217
 55 -1 4 321
 55 3 0 215
 55 3 -1 357
 5 0 -4 119
 55 0 2 132
 5 3 -3 300
 55 0 3 140
 55 2 1 16
 55 0 0 29
 55 -2 -1 187
 55 -1 -1 52
 5 2 3 5
 55 1 1 231
 55 -4 1 27
 55 -1 1 208
 5 -3 3 88
 55 -3 0 193
 "contig-ratio-green-core" 1.1333333333333333
 "contig-ratio-red-core" 0.7727272727272727
