 "a-count" 7
 "b-count" 2
 "c-color-count" 27
 "c-express-count" 26
 "d-color-count" 21
 "d-express-count" 21
 "cell-count" 56
 15 1 -2 168
 15 -2 -1 153
 15 3 -3 4
 105 4 1 191
 15 0 -2 215
 15 -2 1 216
 105 2 3 30
 15 1 -3 218
 105 -4 1 36
 15 -3 -1 88
 15 -1 -1 162
 15 2 2 291
 105 0 -3 194
 15 -3 1 165
 15 1 3 301
 105 3 3 178
 15 -3 2 69
 15 -1 -3 315
 15 1 2 75
 15 -3 0 157
 15 3 1 27
 105 1 4 175
 15 -1 -2 125
 15 -2 2 7
 15 -2 0 101
 15 -2 3 342
 105 -3 -3 18
 15 -2 -2 148
 55 2 -3 166
 55 1 1 307
 55 -2 -4 242
 55 1 -4 182
 55 2 0 307
 55 3 0 73
 55 0 0 26
 55 2 -2 225
 55 -1 2 237
 55 4 0 132
 55 0 -4 16
 55 0 1 215
 55 -1 0 175
 55 4 -2 282
 55 -2 -3 145
 55 4 -1 47
 55 1 0 132
 55 0 -1 319
 55 1 -1 341
 55 2 1 341
 55 0 2 69
 55 -1 1 336
 5 -1 4 188
 55 2 -1 263
 55 0 4 7
 55 0 3 152
 55 3 -2 170
 55 -1 -4 309
 "contig-ratio-green-core" 0.7647058823529411
 "contig-ratio-red-core" 0.8823529411764706
 "a-count" 11
 "b-count" 2
 "c-color-count" 26
 "c-express-count" 26
 "d-color-count" 21
 "d-express-count" 17
 "cell-count" 56
 15 3 0 176
 105 2 2 69
 15 -2 -3 248
 15 2 3 321
 15 -3 3 115
 105 4 1 48
 15 0 4 42
 15 -1 -4 153
 15 -3 -2 328
 105 1 4 44
 15 -2 -2 267
 15 -4 0 296
 15 3 -2 172
 15 1 -3 104
 15 4 0 275
 105 3 2 62
 15 2 0 135
 105 1 -4 336
 15 -1 4 231
 15 -3 -1 120
 105 -3 2 30
 15 1 2 12
 105 -4 -1 340
 15 2 1 188
 15 3 1 276
 15 -1 3 269
 15 1 3 73
 15 2 -1 254
 55 -2 3 19
 55 -2 2 107
 55 0 -1 222
 55 -2 0 48
 55 4 -1 166
 55 0 2 206
 55 -1 -2 316
 55 -1 -1 353
 55 1 0 235
 55 -1 2 336
 5 -3 -3 123
 55 -1 -3 74
 55 2 -3 36
 55 -1 0 284
 55 1 1 64
 5 2 -2 282
 55 -1 1 94
 55 0 -3 74
 55 -2 1 30
 55 0 -2 292
 55 0 1 192
 55 -3 0 317
 55 0 0 1
 55 -2 -1 290
 55 3 3 63
 55 3 -1 259
 55 -3 1 298
 55 1 -1 45
 "contig-ratio-green-core" 0.8823529411764706
 "contig-ratio-red-core" 0.8823529411764706
 "a-count" 7
 "b-count" 3
 "c-color-count" 25
 "c-express-count" 25
 "d-color-count" 23
 "d-express-count" 21
 "cell-count" 56
 15 0 -2 333
 15 2 2 351
 15 -4 -1 48
 15 3 2 123
 15 2 -1 342
 15 -1 -2 180
 15 -4 1 309
 105 3 -1 44
 15 0 4 212
 15 -3 1 315
 15 4 1 16
 15 -4 0 344
 15 2 0 145
 15 0 -3 79
 15 -1 -4 152
 15 3 1 114
 15 -3 -1 75
 15 -1 4 61
 15 -3 3 359
 15 -3 0 200
 105 3 3 251
 15 2 1 137
 105 3 0 294
 15 2 -3 137
 15 4 -1 286
 105 1 -2 211
 105 -3 2 268
 15 1 4 120
 55 1 2 190
 55 -2 2 13
 5 1 -4 102
 55 0 -1 326
 5 -1 -3 295
 55 1 0 205
 55 -1 -1 170
 55 1 1 87
 55 1 -1 162
 55 0 1 88
 55 -1 2 16
 55 -1 0 13
 55 -2 -1 133
 55 -2 0 250
 55 0 0 132
 55 -2 3 345
 55 -1 0 292
 55 -3 -2 133
 55 0 2 124
 55 -1 1 178
 55 1 3 339
 55 0 0 232
 55 0 -4 239
 55 -2 1 171
 5 -2 -2 111
 55 0 3 247
 55 -1 3 192
 55 -3 4 61
 "contig-ratio-green-core" 0.9375
 "contig-ratio-red-core" 0.7894736842105263
 "a-count" 7
 "b-count" 6
 "c-color-count" 22
 "c-express-count" 22
 "d-color-count" 23
 "d-express-count" 21
 "cell-count" 56
 15 -3 0 274
 15 -2 -3 305
 105 -1 4 326
 15 1 4 335
 105 2 -2 133
 15 0 -4 359
 15 3 0 265
 15 3 -1 321
 105 -4 -1 16
 15 4 0 56
 15 -3 1 97
 15 4 1 145
 15 2 1 163
 15 -1 -3 163
 15 2 -3 150
 15 4 -1 109
 15 0 -2 183
 15 2 2 221
 15 -3 2 49
 15 -1 -2 320
 15 -3 -1 201
 15 1 3 167
 15 -4 0 229
 15 1 -3 136
 15 0 -3 262
 105 -1 -4 191
 15 2 -1 178
 105 -4 1 303
 55 -1 0 141
 5 3 -2 296
 55 -1 -1 225
 5 -1 2 302
 55 -2 -1 112
 55 -2 3 312
 55 1 1 327
 55 -3 3 76
 55 -2 1 318
 55 -2 0 272
 5 -1 3 273
 55 -3 -2 197
 55 1 0 184
 55 1 2 358
 55 -2 -2 153
 55 0 2 0
 55 0 -1 321
 55 3 3 287
 55 1 -1 176
 5 -3 -3 252
 55 1 -4 300
 5 3 1 113
 55 0 1 122
 55 0 0 173
 5 3 -3 56
 55 -1 1 323
 55 1 -2 347
 55 0 3 174
 "contig-ratio-green-core" 0.8571428571428571
 "contig-ratio-red-core" 0.7
