 "a-count" 7
 "b-count" 4
 "c-color-count" 25
 "c-express-count" 24
 "d-color-count" 22
 "d-express-count" 21
 "cell-count" 56
 15 -1 -2 212
 15 -2 2 172
 15 -4 -1 118
 105 4 -1 144
 105 -4 1 168
 15 -2 1 63
 15 3 2 117
 15 1 4 161
 15 3 -1 298
 15 0 -2 340
 15 2 4 76
 15 0 -3 146
 15 0 4 293
 15 -4 0 2
 15 3 3 123
 15 -1 3 117
 15 0 -4 131
 15 -3 0 332
 15 2 -2 21
 105 1 -4 348
 15 -3 1 307
 15 1 -3 31
 15 1 -2 8
 105 -1 4 154
 15 -1 2 339
 15 4 0 13
 105 2 -3 107
 105 3 -3 76
 55 2 0 136
 5 -2 0 92
 55 0 1 47
 55 0 1 285
 55 -3 2 194
 55 3 1 198
 55 3 4 299
 55 -1 -1 109
 55 -2 -1 126
 55 1 1 351
 55 0 -1 36
 55 2 3 82
 55 3 -2 133
 55 2 2 73
 5 -2 -3 2
 55 -1 1 288
 55 3 0 130
 5 -3 -1 192
 55 0 2 8
 55 1 2 339
 55 4 1 191
 55 2 1 347
 55 0 0 298
 55 -1 1 311
 55 1 0 8
 55 2 -1 347
 55 1 3 21
 55 1 -1 340
 "contig-ratio-green-core" 0.7857142857142857
 "contig-ratio-red-core" 0.8333333333333334
 "a-count" 7
 "b-count" 3
 "c-color-count" 26
 "c-express-count" 25
 "d-color-count" 24
 "d-express-count" 21
 "cell-count" 56
 15 -1 -3 201
 15 2 2 316
 15 2 3 141
 15 3 -2 76
 15 4 0 255
 15 3 0 181
 15 3 -1 213
 15 1 4 193
 15 2 -3 186
 15 3 -3 276
 15 -2 1 339
 105 -3 2 158
 15 -1 3 228
 15 -2 2 46
 15 -3 1 81
 15 3 2 305
 105 -1 4 330
 15 -1 2 192
 15 3 1 73
 105 3 3 244
 105 0 -4 240
 15 -3 -1 28
 15 -3 3 51
 15 -3 -2 161
 15 0 -3 311
 15 -4 0 346
 15 -3 0 278
 15 1 -3 92
 55 1 -1 274
 55 -1 -1 53
 55 -2 0 80
 55 -2 -2 192
 55 0 3 141
 55 -1 -2 198
 55 1 2 254
 55 0 -1 18
 55 1 -4 302
 55 2 1 338
 55 4 1 247
 55 1 1 87
 55 1 0 237
 55 0 1 158
 55 -1 -4 39
 5 -4 -1 232
 55 0 0 162
 55 0 -2 169
 55 2 0 28
 55 -2 -1 74
 55 2 -1 206
 55 -1 0 287
 55 1 3 222
 55 1 -2 60
 55 -2 -3 7
 55 -1 1 125
 55 2 -2 16
 5 -4 1 219
 "contig-ratio-green-core" 1.1333333333333333
 "contig-ratio-red-core" 0.75
 "a-count" 8
 "b-count" 3
 "c-color-count" 25
 "c-express-count" 25
 "d-color-count" 21
 "d-express-count" 20
 "cell-count" 56
 15 1 4 171
 15 3 0 189
 15 2 0 322
 15 2 -2 149
 105 4 1 160
 15 0 -3 195
 105 1 -4 20
 105 3 -2 233
 15 -1 4 6
 15 -3 -2 74
 105 -4 -1 221
 15 1 -2 57
 105 -1 -4 239
 15 -4 1 43
 15 0 4 172
 105 2 -3 130
 15 -3 1 200
 15 2 -1 56
 15 -3 0 309
 15 4 0 102
 15 -3 -1 181
 105 -2 -3 293
 15 1 -3 253
 15 -3 2 16
 15 3 -3 105
 15 2 3 186
 15 3 -1 337
 15 3 2 1
 55 2 2 268
 55 -2 0 45
 55 -2 -2 111
 55 1 -1 154
 55 0 0 60
 55 -1 1 117
 55 -1 -2 67
 55 0 3 31
 55 3 1 354
 55 -1 3 4
 5 3 3 331
 55 -1 -1 285
 55 1 3 277
 55 -2 -1 247
 55 0 -2 229
 55 1 2 7
 55 0 1 318
 5 -1 2 240
 55 -2 3 33
 55 -1 0 210
 55 0 -1 195
 5 4 -1 270
 55 1 1 91
 55 -2 1 102
 55 -2 2 289
 55 1 0 84
 55 -1 -3 233
 55 0 2 25
 "contig-ratio-green-core" 0.9333333333333333
 "contig-ratio-red-core" 0.7333333333333333
 "a-count" 8
 "b-count" 6
 "c-color-count" 22
 "c-express-count" 22
 "d-color-count" 21
 "d-express-count" 20
 "cell-count" 56
 15 3 0 154
 15 3 2 7
 15 -4 0 210
 15 2 -1 50
 105 1 -3 112
 15 -1 -3 318
 105 -3 3 178
 15 -1 3 259
 105 4 -1 92
 15 2 2 252
 15 2 0 344
 15 3 -1 262
 15 -4 1 329
 15 -4 -2 0
 15 -3 2 236
 15 -3 -2 302
 15 -3 -1 96
 105 -2 3 145
 15 -2 -2 245
 105 -3 -3 266
 15 1 -4 55
 105 2 -3 50
 15 -1 4 324
 15 3 1 24
 15 3 -2 62
 15 2 1 53
 15 -2 -3 73
 105 1 3 133
 5 4 1 2
 55 -1 -1 209
 55 0 2 91
 5 2 3 137
 55 -1 -2 294
 55 0 0 78
 55 -2 0 90
 5 3 3 173
 55 -2 1 113
 55 -1 0 27
 55 1 -1 26
 5 3 -3 279
 55 -3 0 215
 55 -1 2 201
 55 -2 -1 101
 55 1 0 333
 55 -1 1 244
 55 -2 2 133
 55 -3 1 201
 55 1 2 184
 55 1 1 85
 55 0 -1 172
 55 0 1 237
 55 0 -2 308
 55 -1 -4 101
 5 0 -3 242
 55 0 3 27
 5 1 -2 230
 "contig-ratio-green-core" 1
 "contig-ratio-red-core" 0.631578947368421
