 "a-count" 8
 "b-count" 5
 "c-color-count" 23
 "c-express-count" 23
 "d-color-count" 20
 "d-express-count" 20
 "cell-count" 56
 15 1 -2 18
 105 3 3 144
 15 -2 2 121
 15 2 3 71
 15 0 -4 314
 15 -1 -2 75
 105 -1 4 46
 15 0 4 325
 15 -2 -3 120
 105 -3 0 208
 15 0 -2 280
 15 2 -1 246
 105 1 -4 131
 105 -3 2 317
 105 -4 0 198
 15 3 1 164
 15 -1 -3 355
 15 -3 3 302
 15 3 0 332
 105 -3 -2 184
 15 -2 -2 191
 15 1 -3 123
 105 0 -3 30
 15 -4 1 337
 15 4 1 3
 15 -2 3 199
 15 3 -1 86
 15 -3 4 20
 5 3 -3 325
 55 -1 2 328
 55 2 0 215
 55 0 1 162
 55 -2 -1 102
 55 -1 0 308
 55 -2 1 252
 55 1 -1 201
 55 -1 1 83
 55 0 2 347
 55 0 -1 49
 5 3 -2 183
 55 0 0 29
 55 2 1 98
 5 2 -3 85
 5 -1 -1 229
 55 -1 -4 27
 55 1 0 40
 55 2 2 266
 55 1 1 20
 55 1 2 40
 55 -2 0 163
 55 3 2 155
 55 -1 3 154
 55 1 4 107
 55 1 3 293
 5 4 -1 159
 55 0 3 183
 "contig-ratio-green-core" 0.7142857142857143
 "contig-ratio-red-core" 0.7368421052631579
 "a-count" 5
 "b-count" 4
 "c-color-count" 24
 "c-express-count" 24
 "d-color-count" 23
 "d-express-count" 23
 "cell-count" 56
 105 -3 -2 336
 15 -2 3 48
 15 3 -3 318
 15 2 -2 149
 105 3 3 56
 15 3 2 2
 15 3 0 44
 15 2 -1 129
 15 2 4 289
 15 1 -2 152
 15 4 1 241
 105 1 -4 4
 105 0 -4 32
 105 -1 -4 91
 15 -2 2 250
 15 0 -3 74
 15 1 -1 139
 15 2 3 145
 15 -3 -1 201
 15 1 -3 295
 15 -4 -1 230
 15 1 3 259
 15 -2 -2 227
 15 -3 2 150
 15 3 1 342
 15 0 4 334
 15 3 -1 293
 15 -2 -1 263
 55 1 2 57
 55 -2 0 258
 55 -1 1 220
 55 1 0 121
 55 2 2 73
 55 -1 3 115
 55 -3 1 111
 55 0 0 345
 55 -2 1 148
 55 -1 0 196
 55 -1 4 276
 55 -2 -3 148
 55 4 0 162
 55 0 3 223
 55 -1 2 310
 5 -3 3 350
 55 -3 0 156
 55 -1 -2 27
 5 3 -2 339
 55 2 -3 50
 55 0 2 181
 55 1 1 327
 55 2 1 189
 5 -4 0 301
 55 -1 -3 343
 55 0 -1 137
 55 -1 -1 19
 5 4 -1 266
 "contig-ratio-green-core" 0.7142857142857143
 "contig-ratio-red-core" 0.9473684210526315
 "a-count" 5
 "b-count" 3
 "c-color-count" 25
 "c-express-count" 25
 "d-color-count" 24
 "d-express-count" 23
 "cell-count" 56
 15 -4 1 257
 15 0 -2 197
 15 1 3 54
 15 -1 -4 137
 15 -4 -1 332
 105 -3 3 19
 105 -3 0 90
 15 -3 2 311
 15 1 2 151
 15 1 -4 330
 15 1 1 334
 15 -2 -1 79
 105 -4 0 31
 15 1 -3 329
 105 2 3 76
 15 -2 0 115
 15 -2 -2 271
 15 0 2 328
 15 4 0 175
 15 3 -2 142
 15 -3 1 272
 15 2 -3 24
 15 0 -3 319
 15 -3 -1 49
 15 0 1 188
 15 -2 4 229
 15 4 -1 221
 15 -3 -2 343
 55 -1 0 205
 55 3 1 324
 55 -1 4 167
 55 0 3 209
 55 1 -2 21
 55 -2 2 33
 55 1 -1 212
 55 -1 2 316
 55 -2 1 58
 55 -1 1 46
 5 1 4 354
 55 0 4 224
 5 3 2 158
 55 -1 -1 45
 55 -1 3 225
 55 0 -1 15
 55 3 -1 312
 55 2 2 325
 55 4 1 314
 5 0 -4 88
 55 -1 -3 79
 55 2 -2 216
 55 0 0 145
 55 3 0 7
 55 -2 3 291
 55 2 0 4
 55 2 1 180
 55 1 0 23
 "contig-ratio-green-core" 0.7272727272727273
 "contig-ratio-red-core" 0.8947368421052632
 "a-count" 4
 "b-count" 4
 "c-color-count" 24
 "c-express-count" 24
 "d-color-count" 24
 "d-express-count" 24
 "cell-count" 56
 15 1 -3 289
 15 4 -1 123
 15 2 -1 192
 15 2 -2 141
 15 2 2 318
 105 2 -3 167
 15 -1 -3 221
 15 1 3 169
 105 -1 -4 63
 15 -3 -2 234
 15 3 -2 10
 15 -1 4 271
 15 0 4 76
 15 -2 4 228
 15 -2 -3 81
 15 3 2 307
 15 -2 1 207
 15 0 3 145
 15 2 3 37
 15 3 -1 88
 15 -4 -2 301
 15 -3 1 39
 15 -4 1 170
 105 -3 -3 122
 105 1 -4 2
 15 1 2 202
 15 4 0 217
 15 0 -3 22
 55 -2 0 353
 5 3 -3 98
 55 -1 -2 186
 55 -2 -1 344
 55 -1 2 352
 55 -2 -2 306
 55 -3 -1 290
 55 1 1 254
 55 -1 -1 35
 55 0 -1 19
 5 4 1 278
 55 0 0 62
 55 -1 1 337
 5 1 4 130
 55 3 1 157
 55 2 0 92
 55 3 0 23
 55 0 1 250
 55 0 -2 22
 55 -3 0 307
 55 1 -1 61
 55 1 -2 54
 55 1 0 27
 55 0 2 55
 55 -1 0 261
 55 2 1 329
 55 -1 3 72
 5 -2 2 34
 "contig-ratio-green-core" 1
 "contig-ratio-red-core" 0.7
