 "a-count" 5
 "b-count" 8
 "c-color-count" 20
 "c-express-count" 20
 "d-color-count" 23
 "d-express-count" 23
 "cell-count" 56
 15 3 0 98
 15 4 -1 308
 15 -2 -3 69
 15 -3 2 293
 15 -3 1 256
 105 1 4 151
 15 -3 -3 41
 15 -1 -4 239
 15 -3 3 71
 15 -1 3 48
 15 3 -1 212
 15 3 2 319
 15 4 0 61
 15 -4 0 43
 15 3 -2 224
 15 -2 3 139
 15 1 -3 148
 15 0 3 263
 15 0 -3 115
 15 -1 -2 114
 15 0 -2 292
 105 -1 4 83
 105 -1 -3 163
 15 -2 -2 206
 15 3 1 27
 105 2 3 138
 15 1 3 356
 105 0 4 30
 55 2 2 272
 55 0 0 161
 55 2 1 324
 55 0 1 94
 5 3 -3 311
 55 0 2 76
 5 0 -4 275
 55 1 -2 67
 55 2 -1 50
 5 -4 -1 32
 55 -2 1 34
 5 2 -2 46
 55 -3 0 47
 55 -2 -1 189
 55 -1 0 233
 55 1 1 9
 5 4 1 115
 55 -1 2 50
 55 -2 2 11
 5 -1 1 39
 55 2 0 222
 5 3 3 42
 5 -3 -1 167
 55 0 -1 50
 55 1 2 123
 55 1 -1 225
 55 1 0 219
 55 -2 0 277
 "contig-ratio-green-core" 1
 "contig-ratio-red-core" 0.5789473684210527
 "a-count" 11
 "b-count" 4
 "c-color-count" 24
 "c-express-count" 24
 "d-color-count" 18
 "d-express-count" 17
 "cell-count" 56
 15 1 -3 278
 15 3 2 260
 15 -3 2 246
 15 3 -2 48
 15 2 3 330
 105 3 -3 8
 105 -4 1 129
 15 -3 0 120
 105 2 -3 6
 15 2 -2 263
 105 1 -4 79
 15 -3 -1 86
 15 2 2 105
 15 3 0 351
 15 -2 1 221
 15 1 4 193
 105 -3 -2 357
 15 0 -2 61
 105 -1 -4 88
 105 -3 3 5
 15 3 1 120
 105 4 1 260
 105 -4 0 67
 15 0 4 217
 15 1 -2 56
 15 -2 -2 233
 105 3 -1 345
 15 -2 2 260
 55 0 1 210
 55 1 0 320
 5 3 3 161
 55 2 4 86
 55 1 1 74
 5 0 -4 224
 55 0 0 143
 55 -1 4 339
 55 -1 2 153
 55 0 3 133
 55 2 0 102
 55 -2 0 122
 55 -3 1 171
 55 1 -1 296
 55 2 -1 319
 5 -2 -3 79
 55 1 3 162
 55 -1 -2 210
 55 -1 1 199
 5 -3 -3 113
 55 0 -1 85
 55 -2 -1 196
 55 -1 -1 199
 55 -1 3 235
 55 2 1 301
 55 -1 0 214
 55 0 2 339
 55 1 2 210
 "contig-ratio-green-core" 0.9333333333333333
 "contig-ratio-red-core" 0.9375
 "a-count" 10
 "b-count" 7
 "c-color-count" 22
 "c-express-count" 21
 "d-color-count" 20
 "d-express-count" 18
 "cell-count" 56
 105 3 -3 176
 15 3 1 274
 15 -1 -3 234
 15 -3 1 170
 15 3 2 165
 15 2 1 5
 105 3 -2 338
 105 -2 -3 354
 15 -2 2 150
 15 0 -4 172
 15 -3 -3 99
 15 2 -2 291
 15 -1 3 349
 15 2 0 152
 15 3 0 116
 15 -3 0 141
 105 4 -1 229
 105 1 -3 313
 105 2 -3 39
 15 2 3 353
 15 -2 -2 242
 15 2 -1 341
 105 1 -4 315
 15 0 -3 63
 105 -1 4 175
 15 -3 -1 63
 15 -4 0 125
 15 -3 3 319
 55 0 1 81
 55 4 0 184
 55 -2 0 111
 5 3 3 216
 55 3 -1 275
 5 1 3 96
 55 -1 0 46
 55 -3 -2 42
 55 0 3 181
 55 0 2 276
 55 0 -2 117
 55 -2 1 325
 55 -1 -4 226
 55 -1 1 140
 55 -1 2 9
 5 0 4 105
 55 1 1 216
 55 1 -1 196
 5 -4 1 162
 55 0 0 297
 55 -2 -1 107
 55 -1 -1 240
 55 1 0 50
 5 4 1 53
 5 -4 -1 39
 55 1 -2 300
 55 1 2 266
 55 0 -1 244
 "contig-ratio-green-core" 0.9230769230769231
 "contig-ratio-red-core" 0.8666666666666667
 "a-count" 9
 "b-count" 4
 "c-color-count" 24
 "c-express-count" 24
 "d-color-count" 20
 "d-express-count" 19
 "cell-count" 56
 15 2 3 106
 15 -1 -2 8
 15 -4 1 243
 15 4 0 228
 15 -4 0 175
 105 4 -1 326
 15 4 1 171
 15 1 3 347
 15 3 0 248
 105 -4 -1 147
 15 3 1 20
 105 -1 -3 48
 105 0 4 72
 105 -1 -4 243
 105 1 -4 294
 15 -3 -3 145
 15 3 3 190
 15 0 -2 271
 15 -3 1 320
 105 -2 -3 124
 15 -2 -2 121
 105 2 -3 222
 15 3 -3 146
 15 3 -1 128
 15 3 2 272
 15 3 -2 88
 15 -3 2 284
 15 1 -3 320
 55 2 -2 346
 5 4 2 188
 55 -2 2 237
 55 0 0 46
 55 1 2 63
 55 1 -2 11
 55 -3 -2 72
 55 -2 1 315
 55 -2 -1 302
 5 -1 4 290
 55 0 2 303
 55 1 0 30
 55 -1 2 278
 55 0 3 177
 55 -3 -1 213
 55 1 1 43
 55 2 0 89
 55 -1 1 183
 5 -2 3 21
 55 0 1 157
 55 -3 0 20
 55 1 -1 242
 55 0 -1 53
 5 -1 0 43
 55 -2 0 98
 55 2 1 211
 55 2 2 82
 55 -1 -1 50
 "contig-ratio-green-core" 0.8235294117647058
 "contig-ratio-red-core" 0.75
