 "a-count" 8
 "b-count" 4
 "c-color-count" 24
 "c-express-count" 24
 "d-color-count" 21
 "d-express-count" 20
 "cell-count" 56
 15 4 -1 281
 15 0 4 216
 15 -1 3 255
 15 1 4 278
 105 3 -3 271
 15 3 -1 135
 15 -4 0 24
 15 0 -4 1
 15 4 0 124
 15 2 -2 186
 15 -1 -3 354
 15 -2 -2 354
 15 1 -3 21
 15 0 -3 229
 105 -1 -4 158
 15 2 2 264
 15 -3 2 296
 105 2 -3 307
 105 3 -2 349
 15 -1 -2 270
 105 2 -4 159
 15 -4 1 170
 105 -2 -3 12
 15 -3 -2 211
 105 -2 3 252
 15 3 0 288
 15 -5 1 336
 15 -4 -1 185
 55 1 2 4
 55 1 -1 355
 55 0 2 101
 55 2 0 351
 55 1 -2 238
 55 -1 1 97
 55 -1 0 318
 55 -2 2 123
 55 2 1 252
 55 -3 -1 145
 55 0 0 27
 55 -2 1 149
 55 -2 -1 33
 55 0 3 334
 55 -2 0 158
 5 -1 4 298
 55 0 -2 29
 5 3 2 208
 5 4 1 176
 55 1 3 254
 55 1 -4 12
 55 -1 2 78
 55 -1 -1 341
 5 1 1 164
 55 2 -1 139
 55 1 0 321
 55 0 1 91
 55 0 -1 165
 "contig-ratio-green-core" 0.9333333333333333
 "contig-ratio-red-core" 0.6875
 "a-count" 8
 "b-count" 3
 "c-color-count" 26
 "c-express-count" 25
 "d-color-count" 20
 "d-express-count" 20
 "cell-count" 56
 15 -3 2 26
 15 -3 0 90
 15 2 3 235
 15 1 -3 115
 15 2 -2 113
 105 0 4 210
 105 4 2 85
 105 3 -2 241
 15 3 2 227
 15 -1 2 33
 15 -2 -2 355
 105 3 3 27
 15 -3 1 188
 105 -1 -4 131
 15 4 -1 29
 15 -4 0 166
 15 1 -2 302
 15 -4 2 266
 105 3 -3 121
 15 2 2 267
 15 1 -4 90
 15 -2 2 2
 105 -1 3 203
 15 -3 -2 258
 15 -3 -1 312
 105 2 -3 138
 15 4 0 46
 15 4 1 225
 55 0 1 345
 55 -2 0 234
 55 2 0 76
 55 0 0 199
 55 3 0 107
 55 0 -2 74
 5 -2 -3 266
 55 0 3 132
 55 0 2 295
 55 1 2 97
 55 2 -1 267
 55 3 1 173
 55 3 -1 176
 55 1 3 257
 55 -1 -1 4
 55 1 0 40
 55 1 4 154
 55 -2 -1 58
 5 -3 -3 285
 55 0 -3 7
 55 -1 1 78
 55 0 -1 182
 55 -1 -3 340
 55 1 1 91
 55 -1 -2 177
 55 -1 0 105
 55 1 -1 271
 55 2 1 81
 "contig-ratio-green-core" 0.7222222222222222
 "contig-ratio-red-core" 0.9333333333333333
 "a-count" 8
 "b-count" 6
 "c-color-count" 22
 "c-express-count" 22
 "d-color-count" 20
 "d-express-count" 20
 "cell-count" 56
 105 -1 4 322
 15 1 3 103
 15 -4 0 187
 15 4 1 10
 15 2 -3 235
 15 -3 1 272
 105 1 4 306
 15 -4 1 327
 15 0 -4 228
 105 4 -1 285
 15 0 -2 201
 15 -5 0 347
 105 2 -2 111
 15 3 -1 340
 15 -3 2 262
 15 0 3 80
 15 -1 -3 87
 105 3 -2 185
 15 3 0 303
 105 -1 3 84
 15 0 -1 203
 15 1 -1 296
 15 0 -3 204
 15 -2 -3 14
 15 1 -3 200
 15 -3 3 238
 105 3 -3 82
 105 3 3 231
 55 -1 0 39
 55 0 0 133
 55 0 2 175
 5 2 2 204
 55 2 1 162
 55 -2 1 336
 55 -3 0 297
 5 -3 -3 274
 55 -2 -1 262
 5 -5 1 226
 55 -1 -2 28
 55 1 0 271
 55 3 1 87
 55 1 1 4
 5 -4 -1 173
 5 -3 -1 342
 55 3 2 131
 55 -1 2 311
 55 -2 2 189
 55 0 1 212
 55 2 3 357
 5 -1 -4 13
 55 -2 0 328
 55 2 0 182
 55 -2 -2 239
 55 -1 1 323
 55 1 2 356
 55 -1 -1 273
 "contig-ratio-green-core" 0.8
 "contig-ratio-red-core" 0.7692307692307693
 "a-count" 8
 "b-count" 5
 "c-color-count" 23
 "c-express-count" 23
 "d-color-count" 21
 "d-express-count" 20
 "cell-count" 56
 15 1 3 76
 15 1 2 83
 15 -4 -1 171
 105 -3 2 183
 15 -2 -3 152
 15 -2 -2 317
 15 -1 3 67
 15 3 3 136
 15 0 2 15
 15 -2 -1 28
 15 0 -3 197
 15 1 -3 101
 15 2 -2 144
 15 2 2 358
 15 1 -2 349
 15 -1 4 127
 15 2 3 42
 105 -4 1 206
 15 -1 -4 289
 15 3 -1 342
 105 0 4 67
 15 0 -4 192
 15 3 -2 103
 105 -3 3 247
 15 -3 -1 244
 105 1 4 194
 105 0 3 171
 105 1 -4 172
 55 1 -1 128
 55 -1 -2 320
 55 3 1 141
 5 4 -1 276
 5 -3 1 179
 5 -3 -2 229
 55 1 0 134
 55 0 1 98
 55 -2 0 127
 5 -2 3 109
 55 -3 0 312
 55 3 0 135
 55 3 2 48
 55 2 -1 2
 55 4 1 261
 55 -1 0 265
 55 -1 1 278
 55 0 -1 184
 55 -1 2 252
 55 -1 -3 14
 55 1 1 77
 55 -1 -1 12
 55 0 -2 350
 55 0 0 113
 55 2 1 203
 55 4 0 239
 55 2 0 277
 5 3 -3 165
 "contig-ratio-green-core" 0.875
 "contig-ratio-red-core" 0.7058823529411765
