 "a-count" 10
 "b-count" 2
 "c-color-count" 26
 "c-express-count" 26
 "d-color-count" 20
 "d-express-count" 18
 "cell-count" 56
 15 3 2 122
 105 1 3 45
 15 3 -2 112
 15 0 2 215
 15 1 -4 359
 105 -3 -2 167
 15 3 1 348
 15 0 4 273
 15 -1 -3 231
 15 0 3 73
 15 3 0 202
 15 -3 1 41
 105 4 0 192
 15 -4 -1 223
 105 4 1 326
 15 -1 3 274
 15 2 3 272
 15 0 -3 9
 15 3 -1 12
 105 2 -3 241
 15 -1 2 251
 105 -2 -3 287
 105 -4 1 333
 15 -3 0 160
 105 -4 0 46
 15 -3 3 206
 15 -3 -3 152
 15 -3 -1 233
 55 -3 2 47
 55 1 -2 175
 55 -2 -1 285
 55 -1 -1 11
 5 -1 4 104
 55 3 3 164
 55 1 -1 147
 55 0 -1 348
 55 2 -2 344
 55 2 1 351
 55 -1 0 300
 55 1 0 287
 55 0 0 246
 55 -2 2 81
 55 -1 1 355
 55 1 4 235
 55 0 -2 122
 55 2 2 65
 55 0 1 101
 55 -1 -2 142
 55 2 0 273
 55 1 2 4
 55 -2 1 58
 5 0 -4 327
 55 1 1 241
 55 2 -1 0
 55 1 -3 156
 55 -2 0 289
 "contig-ratio-green-core" 0.9375
 "contig-ratio-red-core" 1.0666666666666667
 "a-count" 7
 "b-count" 5
 "c-color-count" 23
 "c-express-count" 23
 "d-color-count" 21
 "d-express-count" 21
 "cell-count" 56
 15 -4 0 36
 105 -1 4 271
 105 3 3 218
 15 4 1 72
 15 -3 0 47
 15 2 1 295
 15 2 2 258
 15 3 1 139
 15 -3 -2 90
 15 0 -3 64
 105 3 -2 212
 105 0 4 6
 15 -1 -3 84
 105 4 -1 166
 105 3 -3 319
 15 -2 1 9
 15 1 -3 291
 15 2 3 147
 15 -4 -1 156
 15 1 -4 277
 15 -1 3 5
 105 2 -3 35
 15 -3 -1 33
 15 -4 1 59
 15 1 -2 268
 15 -3 1 115
 15 2 -2 316
 15 -2 0 291
 55 0 1 155
 55 -2 -1 125
 55 0 3 314
 55 3 0 343
 55 1 2 7
 55 -2 -2 6
 55 -1 1 50
 55 1 0 151
 55 1 1 168
 5 0 -4 142
 55 1 -1 26
 55 0 -2 107
 55 0 2 341
 5 4 0 326
 55 2 -1 190
 55 -1 -1 109
 5 -2 3 179
 55 -1 2 263
 55 -1 -2 352
 55 2 0 94
 55 3 -1 218
 5 -3 2 36
 55 0 0 93
 5 -2 -3 28
 55 -1 0 307
 55 -3 3 354
 55 1 3 84
 55 0 -1 321
 "contig-ratio-green-core" 0.7647058823529411
 "contig-ratio-red-core" 0.8125
 "a-count" 3
 "b-count" 5
 "c-color-count" 23
 "c-express-count" 23
 "d-color-count" 25
 "d-express-count" 25
 "cell-count" 56
 15 4 1 127
 15 -3 -3 99
 15 1 4 317
 105 -3 2 65
 15 -2 -2 290
 15 3 2 296
 15 -3 -1 73
 15 -2 2 155
 15 -1 -3 210
 105 0 3 162
 15 1 -3 359
 15 1 -4 69
 15 -3 0 298
 15 0 4 198
 15 3 1 68
 15 2 -3 169
 15 -2 1 68
 15 2 4 3
 105 -4 1 225
 15 -1 3 256
 15 -4 -1 212
 15 2 -2 199
 15 1 3 67
 15 3 -2 4
 15 -2 -1 298
 15 -3 1 171
 15 -1 2 254
 15 -2 0 202
 55 2 3 165
 55 0 -1 338
 55 2 2 127
 55 3 0 194
 5 4 -1 10
 5 3 -3 352
 55 -3 3 131
 5 0 -4 135
 5 1 1 75
 55 0 0 354
 55 1 -1 357
 55 -1 0 106
 5 -2 -3 80
 55 0 2 348
 55 0 1 142
 55 2 -1 236
 55 1 0 19
 55 0 -2 159
 55 -1 -2 65
 55 1 2 147
 55 0 -3 313
 55 -1 1 264
 55 -2 3 325
 55 3 -1 150
 55 -1 4 351
 55 2 0 321
 55 -1 -1 313
 55 2 1 311
 "contig-ratio-green-core" 0.875
 "contig-ratio-red-core" 0.6818181818181818
 "a-count" 6
 "b-count" 6
 "c-color-count" 22
 "c-express-count" 22
 "d-color-count" 23
 "d-express-count" 22
 "cell-count" 56
 15 3 -3 39
 15 1 2 257
 15 -3 0 49
 105 1 -4 158
 15 4 -1 212
 15 -3 1 50
 105 0 -3 315
 15 -2 0 319
 15 -3 2 216
 15 -2 -1 219
 15 1 3 309
 15 -3 -1 308
 15 2 1 74
 15 -1 -2 123
 15 0 -2 63
 15 4 0 135
 15 4 1 185
 15 2 -3 69
 15 3 1 285
 15 -4 0 55
 105 0 -4 39
 15 -2 -2 34
 105 3 3 103
 15 -3 -2 14
 15 1 -3 126
 105 -4 1 236
 15 0 3 148
 15 -1 -3 70
 5 3 2 172
 55 1 -2 277
 5 1 4 146
 5 -3 3 156
 55 1 -1 101
 55 -2 1 265
 55 -2 -3 283
 55 2 -1 294
 55 2 0 173
 55 1 0 55
 55 -1 -1 185
 5 -1 3 151
 55 -2 2 219
 55 -3 -3 211
 55 2 -2 126
 5 2 2 82
 55 3 -1 42
 55 -1 0 175
 55 -1 2 181
 55 0 1 347
 55 0 -1 53
 55 -2 3 232
 55 1 1 326
 5 -1 1 7
 55 3 0 169
 55 3 -2 146
 55 0 2 303
 55 0 0 159
 "contig-ratio-green-core" 1.125
 "contig-ratio-red-core" 0.6842105263157895
