 "a-count" 5
 "b-count" 4
 "c-color-count" 24
 "c-express-count" 24
 "d-color-count" 23
 "d-express-count" 23
 "cell-count" 56
 15 -2 0 132
 15 1 0 197
 15 1 3 355
 15 1 2 11
 105 -1 -4 210
 15 -1 1 209
 15 0 0 30
 15 2 2 241
 15 0 2 122
 105 -2 -2 31
 15 0 -1 110
 15 -2 1 138
 15 -2 2 321
 105 3 -3 60
 15 -1 2 21
 15 -1 0 222
 15 -2 -1 8
 15 1 1 353
 15 2 1 165
 15 -1 -1 233
 15 0 -2 300
 15 -3 0 327
 105 -2 -3 359
 15 2 0 246
 15 0 3 15
 105 -2 3 295
 15 1 -1 95
 15 -3 1 122
 55 1 -3 359
 55 0 -4 14
 55 -3 3 323
 55 -4 1 48
 55 -1 4 95
 55 3 2 325
 55 -4 0 324
 55 2 -2 7
 55 4 1 349
 55 3 3 65
 55 2 -3 256
 55 3 -1 186
 55 1 -2 271
 5 -3 -3 56
 5 1 4 235
 55 -1 -2 310
 5 -4 -1 236
 55 3 -2 11
 55 3 0 227
 55 -1 -3 189
 5 2 -1 121
 55 -3 -1 81
 55 2 3 80
 55 4 0 5
 55 -3 2 103
 55 3 1 209
 55 -3 -2 219
 55 -1 3 58
 "contig-ratio-green-core" 0.6842105263157895
 "contig-ratio-red-core" 0.6470588235294118
 "a-count" 4
 "b-count" 9
 "c-color-count" 21
 "c-express-count" 19
 "d-color-count" 26
 "d-express-count" 24
 "cell-count" 56
 15 1 -1 323
 15 -1 0 178
 15 -2 2 83
 15 2 0 342
 105 4 -1 69
 15 2 1 274
 15 3 -1 202
 15 2 -1 291
 15 -1 1 305
 15 0 2 84
 15 -2 0 131
 105 -3 1 134
 15 1 1 283
 15 0 1 206
 15 0 -2 259
 15 0 3 273
 15 -2 1 269
 15 3 3 223
 15 2 2 187
 15 1 3 351
 15 -2 -1 212
 15 -4 -1 320
 15 1 2 295
 15 -3 -1 261
 15 0 -1 155
 15 -1 -1 261
 15 -1 2 7
 15 1 0 239
 55 -3 -3 15
 5 -3 3 200
 55 -2 3 106
 55 -4 0 35
 55 3 2 287
 55 -1 -4 173
 5 -1 4 253
 55 -1 -2 100
 55 -1 3 195
 55 -2 -2 13
 5 1 -4 179
 55 -1 -3 348
 5 2 -3 257
 55 -2 -3 94
 55 0 4 0
 5 -4 1 123
 55 3 -3 283
 55 0 -3 210
 5 2 -2 187
 55 3 0 197
 55 1 4 351
 55 -3 2 85
 55 1 -3 94
 55 2 3 348
 5 3 1 120
 55 4 0 203
 55 1 -2 173
 55 4 1 235
 "contig-ratio-green-core" 0.8666666666666667
 "contig-ratio-red-core" 0.7222222222222222
 "a-count" 2
 "b-count" 4
 "c-color-count" 24
 "c-express-count" 24
 "d-color-count" 26
 "d-express-count" 26
 "cell-count" 56
 15 -1 -4 117
 15 -1 2 183
 15 3 3 320
 15 -2 2 97
 15 1 2 232
 15 -3 1 14
 15 2 0 250
 15 0 0 325
 15 2 -1 96
 105 -3 -1 213
 15 -3 -2 153
 15 2 1 20
 15 1 -1 260
 15 0 -1 344
 15 0 2 325
 15 -1 1 136
 15 1 0 356
 15 3 0 200
 15 -2 1 101
 15 0 3 328
 15 0 4 126
 15 1 1 28
 15 -2 0 315
 105 -4 -1 355
 15 0 1 198
 15 -1 -1 139
 15 -2 -1 354
 15 -3 0 271
 55 -2 -4 238
 5 -4 0 357
 55 -1 3 208
 55 1 3 166
 55 3 -3 59
 55 0 -3 343
 55 -2 -2 74
 55 1 4 162
 55 1 -3 220
 55 3 -1 218
 55 4 1 252
 55 -3 -3 238
 55 -4 1 316
 5 -2 -3 23
 55 2 -3 320
 55 4 0 272
 55 -1 4 246
 55 -3 3 99
 55 2 3 153
 55 1 -4 26
 55 3 2 260
 55 4 -1 5
 55 0 -2 154
 5 1 -2 106
 55 -1 -3 333
 55 3 1 230
 55 3 -2 124
 5 0 -4 176
 "contig-ratio-green-core" 0.7647058823529411
 "contig-ratio-red-core" 0.6875
 "a-count" 7
 "b-count" 6
 "c-color-count" 23
 "c-express-count" 22
 "d-color-count" 21
 "d-express-count" 21
 "cell-count" 56
 15 -1 2 143
 105 3 -1 263
 15 -2 -1 21
 15 -1 1 195
 15 1 3 43
 15 1 -1 63
 15 -1 0 221
 105 2 -2 190
 105 2 2 186
 15 -2 0 285
 105 4 1 193
 15 1 1 196
 15 0 1 1
 15 3 0 357
 15 1 2 139
 15 -2 3 133
 105 -4 -1 24
 15 1 -2 351
 15 0 -2 123
 15 0 -3 151
 15 0 -1 126
 15 -3 -1 100
 105 0 0 140
 15 0 2 319
 15 2 1 106
 15 1 0 299
 105 -3 -3 245
 15 -1 -1 326
 55 -2 -2 250
 55 -4 0 324
 5 4 -1 313
 55 -2 1 91
 55 3 -2 186
 55 -3 3 304
 55 1 4 261
 55 -1 -4 116
 55 2 0 74
 5 -2 2 71
 55 -1 -3 115
 55 0 -4 280
 55 -1 4 34
 55 -3 1 220
 55 1 -3 176
 5 0 4 117
 5 2 -1 359
 5 -4 1 238
 55 3 1 251
 55 3 2 182
 55 1 -4 357
 55 -1 3 9
 55 2 -3 146
 55 3 3 31
 55 -1 -2 85
 55 2 3 164
 55 -3 -2 70
 55 4 0 324
 "contig-ratio-green-core" 0.8125
 "contig-ratio-red-core" 0.8571428571428571
