 "a-count" 7
 "b-count" 7
 "c-color-count" 21
 "c-express-count" 21
 "d-color-count" 23
 "d-express-count" 21
 "cell-count" 56
 15 2 -1 10
 15 4 0 42
 15 1 1 95
 15 0 1 133
 15 1 0 241
 105 -2 3 13
 105 0 0 314
 15 0 -2 181
 15 0 -1 113
 15 -1 2 6
 15 0 2 265
 15 2 -3 162
 15 3 -1 310
 15 0 -3 355
 15 -1 -1 124
 15 1 -2 35
 105 1 -4 240
 105 1 4 49
 15 -1 -4 290
 15 3 0 90
 15 -1 0 67
 15 -1 1 285
 15 4 -1 57
 15 2 0 135
 15 2 1 23
 15 3 1 81
 15 1 3 354
 105 1 -1 108
 55 -3 1 173
 5 2 3 269
 55 -2 0 2
 55 -4 -1 194
 55 -3 -3 219
 55 -1 -2 171
 55 -1 3 235
 55 3 -2 340
 55 0 3 351
 55 3 2 89
 55 3 3 283
 55 -2 2 110
 5 -4 0 1
 55 1 -3 118
 5 -3 2 24
 5 2 2 324
 5 -3 0 4
 55 -2 -1 89
 55 3 -3 76
 55 4 1 190
 55 -2 -2 218
 55 -2 -3 198
 5 0 -4 155
 55 2 -2 246
 55 0 4 221
 55 1 2 262
 5 -3 3 203
 55 -1 -3 199
 "contig-ratio-green-core" 0.8235294117647058
 "contig-ratio-red-core" 0.8125
 "a-count" 6
 "b-count" 7
 "c-color-count" 22
 "c-express-count" 21
 "d-color-count" 24
 "d-express-count" 22
 "cell-count" 56
 15 1 -2 150
 15 -1 2 139
 15 1 0 61
 15 0 -1 47
 15 -3 2 78
 15 -3 0 334
 15 -1 -1 243
 15 1 -1 187
 105 0 -2 331
 15 1 2 234
 15 0 3 204
 15 -1 1 280
 15 0 4 152
 15 -2 0 146
 105 3 0 85
 15 0 2 281
 15 0 1 121
 15 2 1 98
 15 -2 3 187
 15 0 0 72
 105 3 -2 172
 15 0 -3 221
 15 -1 0 76
 15 1 1 343
 15 -1 -2 35
 15 -2 1 246
 15 4 1 337
 105 0 -4 258
 5 4 -1 233
 55 -4 0 161
 55 2 2 292
 55 -1 4 358
 55 3 2 304
 5 -3 1 212
 55 -4 -1 314
 5 2 3 85
 55 3 3 268
 55 -2 2 223
 55 -2 -2 38
 55 2 -2 52
 55 4 0 230
 55 -1 -4 30
 55 -3 3 156
 55 -3 -3 265
 55 2 -1 15
 55 1 3 40
 55 2 -3 169
 5 -4 1 280
 55 -1 -3 133
 55 3 -1 52
 5 -1 3 51
 55 1 -3 151
 55 3 -3 216
 55 2 0 72
 5 -3 -1 39
 55 1 4 78
 "contig-ratio-green-core" 0.6666666666666666
 "contig-ratio-red-core" 1
 "a-count" 6
 "b-count" 7
 "c-color-count" 21
 "c-express-count" 21
 "d-color-count" 22
 "d-express-count" 22
 "cell-count" 56
 15 -1 2 320
 15 -1 -1 273
 105 1 0 250
 15 1 1 12
 15 1 -2 178
 15 3 -1 115
 105 1 3 251
 15 -1 1 55
 105 3 -2 356
 105 0 -3 325
 15 2 0 327
 15 1 2 207
 15 1 -1 26
 15 0 -2 136
 15 3 1 30
 15 2 -1 256
 15 -2 3 210
 15 -2 0 255
 15 2 1 333
 105 0 4 132
 105 0 -1 339
 15 0 0 320
 15 0 1 236
 15 -2 -1 237
 15 1 -3 239
 15 0 2 82
 15 -1 0 167
 15 3 0 315
 5 4 -1 153
 55 -2 -2 169
 5 -1 -4 30
 55 -1 -2 158
 55 -3 3 75
 5 -4 -1 50
 5 0 3 29
 55 -2 1 176
 55 1 4 312
 55 -3 2 289
 5 -3 -2 303
 55 -3 -1 106
 55 -3 -3 295
 55 -4 1 296
 55 -1 3 335
 55 4 1 356
 5 -1 4 228
 55 2 3 41
 55 2 2 339
 55 2 -3 323
 55 3 3 247
 55 1 -4 297
 55 -3 0 90
 55 0 -4 262
 5 -1 -3 327
 55 -2 2 231
 55 -4 0 63
 55 -3 1 4
 "contig-ratio-green-core" 0.6666666666666666
 "contig-ratio-red-core" 0.7333333333333333
 "a-count" 0
 "b-count" 6
 "c-color-count" 22
 "c-express-count" 22
 "d-color-count" 28
 "d-express-count" 28
 "cell-count" 56
 15 2 2 334
 15 -2 1 310
 15 2 1 175
 15 3 -1 190
 15 0 0 317
 15 3 1 199
 15 -1 2 132
 15 0 -4 130
 15 0 3 21
 15 -1 0 298
 15 1 -3 305
 15 2 0 305
 15 0 1 224
 15 1 0 99
 15 0 4 93
 15 1 2 46
 15 -1 -1 199
 15 -1 3 127
 15 -3 0 267
 15 1 -1 103
 15 1 1 44
 15 0 -1 43
 15 0 -2 208
 15 1 -2 316
 15 0 2 170
 15 -1 1 194
 15 -2 0 107
 15 -1 -2 57
 55 -3 -2 108
 55 -2 3 55
 55 4 1 147
 55 1 3 124
 55 2 -2 42
 5 -4 0 254
 55 -2 -2 3
 5 3 2 46
 55 -4 -1 233
 5 4 0 247
 5 2 -3 253
 55 4 -1 347
 55 1 4 171
 55 -2 -1 74
 5 3 3 64
 55 -3 1 176
 55 1 -4 76
 55 2 3 37
 55 0 -3 239
 55 -1 -3 176
 55 -2 2 298
 55 3 -2 58
 55 -3 -1 158
 55 3 0 335
 55 -1 4 181
 55 -1 -4 63
 55 -3 3 225
 5 3 -3 28
 "contig-ratio-green-core" 0.9444444444444444
 "contig-ratio-red-core" 0.9411764705882353
