 "a-count" 2
 "b-count" 4
 "c-color-count" 24
 "c-express-count" 24
 "d-color-count" 26
 "d-express-count" 26
 "cell-count" 56
 15 0 3 277
 15 1 1 232
 15 1 -1 222
 15 -1 3 0
 15 2 2 332
 15 0 0 351
 15 3 -1 43
 15 -2 0 21
 15 -1 1 292
 15 0 -1 126
 15 2 0 155
 15 2 1 305
 15 1 2 225
 105 4 0 153
 15 2 -1 35
 15 3 0 337
 15 0 2 97
 15 -1 -2 22
 15 -1 0 206
 15 1 -2 63
 15 -3 -3 229
 15 0 1 216
 15 -1 2 53
 105 3 -3 55
 15 1 0 352
 15 3 1 327
 15 -1 -1 194
 15 0 -2 206
 55 -3 1 120
 5 0 -4 68
 5 -2 -2 202
 55 -3 -2 146
 55 -4 -1 103
 55 -2 1 80
 55 4 -1 200
 55 -3 2 70
 55 0 4 3
 55 3 2 88
 5 -3 3 215
 55 4 1 94
 55 0 -3 62
 55 2 -3 59
 55 3 -2 315
 55 -2 -3 19
 55 -3 0 296
 55 -4 1 81
 55 2 3 77
 55 -4 0 296
 55 1 3 129
 55 1 4 287
 55 -1 4 266
 55 3 3 298
 55 1 -4 68
 55 -1 -3 150
 55 1 -3 188
 5 -2 3 197
 "contig-ratio-green-core" 0.625
 "contig-ratio-red-core" 0.9285714285714286
 "a-count" 5
 "b-count" 3
 "c-color-count" 25
 "c-express-count" 25
 "d-color-count" 24
 "d-express-count" 23
 "cell-count" 56
 15 2 2 249
 15 -2 -2 69
 15 -2 1 179
 15 0 3 247
 15 3 -3 251
 15 0 1 322
 15 -2 -1 42
 105 -3 0 174
 15 -2 0 36
 15 1 0 336
 15 1 -1 85
 105 -1 4 70
 15 2 0 148
 15 0 -1 276
 15 -1 1 207
 15 3 3 63
 15 0 -2 300
 105 1 1 122
 15 0 2 269
 15 3 0 23
 105 1 -2 99
 15 -1 -1 251
 15 0 0 130
 15 1 2 81
 15 -1 2 297
 15 3 1 298
 15 -1 0 63
 15 -1 3 21
 55 -3 -2 231
 55 -2 3 348
 55 -2 2 138
 55 -3 2 73
 55 1 -3 24
 55 1 3 243
 55 4 -1 164
 55 0 4 62
 55 -3 3 150
 5 -3 -3 102
 55 2 -2 11
 55 0 -3 283
 5 0 -4 269
 55 2 -3 276
 55 1 -4 55
 5 -4 0 304
 55 -1 -3 187
 55 -2 -3 160
 55 3 -2 115
 55 -4 -1 43
 55 -1 -2 68
 55 -4 1 102
 55 4 0 61
 55 2 3 141
 55 3 -1 42
 55 -1 -4 179
 55 2 -1 61
 55 3 2 74
 "contig-ratio-green-core" 0.6666666666666666
 "contig-ratio-red-core" 1
