 "a-count" 7
 "b-count" 7
 "c-color-count" 21
 "c-express-count" 21
 "d-color-count" 22
 "d-express-count" 21
 "cell-count" 56
 105 0 3 73
 15 3 2 267
 15 -2 1 147
 15 1 0 134
 15 -1 3 117
 15 2 2 72
 15 -1 -1 152
 105 0 2 47
 105 0 -3 105
 15 1 -2 137
 15 -1 0 246
 105 -1 1 248
 105 0 1 172
 15 1 -1 64
 15 -1 2 343
 15 4 1 177
 15 1 1 224
 15 0 0 293
 15 0 -1 115
 15 0 4 299
 15 -3 1 112
 15 -2 -1 269
 15 1 4 160
 15 0 -2 241
 15 -3 0 110
 15 1 -3 195
 105 2 -3 38
 15 1 2 67
 55 -3 -1 1
 55 2 3 183
 5 3 3 308
 55 -2 3 239
 5 3 -1 167
 5 3 -3 152
 5 -1 -2 273
 55 -3 -2 54
 55 -2 -2 339
 55 4 -1 36
 55 -3 2 54
 5 -4 -1 90
 55 2 -1 176
 55 3 1 156
 55 -1 4 93
 55 2 1 152
 55 -2 2 340
 5 -1 -3 295
 55 2 0 267
 5 1 -4 301
 55 4 0 110
 55 2 -2 35
 55 -3 -3 238
 55 -2 -3 3
 55 -3 3 215
 55 0 -4 150
 55 -4 1 331
 55 -4 0 114
 "contig-ratio-green-core" 0.6666666666666666
 "contig-ratio-red-core" 0.7647058823529411
 "a-count" 8
 "b-count" 4
 "c-color-count" 25
 "c-express-count" 24
 "d-color-count" 22
 "d-express-count" 20
 "cell-count" 56
 15 0 -3 230
 15 0 0 344
 15 -1 1 226
 15 1 0 63
 15 -3 -3 194
 15 1 1 202
 105 3 -3 340
 15 1 -1 202
 15 -1 2 88
 15 3 1 247
 15 2 1 185
 15 -2 -1 336
 15 -1 3 42
 15 0 2 203
 15 -3 3 234
 15 0 -1 14
 15 1 -2 47
 15 -1 0 267
 15 2 0 50
 15 -2 3 212
 105 -1 -2 324
 15 -1 -1 18
 105 -2 -2 78
 105 2 -1 347
 105 -4 -1 135
 105 0 -4 35
 15 1 2 23
 15 0 1 28
 55 -2 -3 71
 55 3 2 304
 55 -2 2 312
 55 -3 1 318
 5 3 -2 264
 55 4 -1 93
 55 4 0 348
 55 -2 1 157
 55 1 4 98
 55 3 -1 82
 5 1 -3 58
 5 0 -2 272
 55 3 3 346
 55 2 -3 164
 55 2 2 214
 55 0 4 86
 55 3 0 31
 55 -1 4 73
 55 -3 -1 282
 55 4 1 1
 55 -2 0 211
 55 -1 -4 60
 55 -1 -3 147
 55 2 -2 254
 55 -3 0 252
 55 -3 2 129
 55 -4 0 323
 55 2 3 346
 "contig-ratio-green-core" 0.6086956521739131
 "contig-ratio-red-core" 0.8571428571428571
 "a-count" 4
 "b-count" 2
 "c-color-count" 26
 "c-express-count" 26
 "d-color-count" 25
 "d-express-count" 24
 "cell-count" 56
 15 0 2 61
 15 0 1 78
 15 0 -2 83
 15 3 3 333
 15 -3 0 313
 15 -1 -4 140
 15 -1 -2 358
 15 2 -2 41
 15 1 -2 122
 105 0 -3 293
 15 1 0 346
 15 2 0 286
 15 -1 -3 167
 15 1 2 200
 15 1 1 255
 15 4 1 61
 15 -3 3 182
 15 -1 -1 297
 15 -2 -2 321
 15 1 3 13
 105 0 0 99
 105 0 -1 6
 15 -2 3 139
 15 -1 1 246
 15 1 -3 285
 15 2 -1 225
 15 -2 -1 234
 15 -2 0 165
 5 3 -1 87
 55 -1 4 188
 55 -3 -2 235
 55 -3 -3 204
 55 -3 -1 81
 55 3 -2 170
 55 2 1 185
 55 3 1 65
 55 0 -4 261
 55 4 -1 170
 55 -4 1 120
 55 -2 2 128
 55 3 0 306
 55 3 2 208
 55 1 4 108
 55 -2 -3 117
 55 -4 -1 50
 55 -2 1 344
 55 2 2 239
 55 -1 3 100
 55 1 -4 231
 5 -4 0 130
 55 -3 1 265
 55 0 4 250
 55 2 -3 249
 55 4 0 149
 55 -1 2 88
 55 3 -3 96
 "contig-ratio-green-core" 0.8095238095238095
 "contig-ratio-red-core" 0.8421052631578947
 "a-count" 2
 "b-count" 4
 "c-color-count" 24
 "c-express-count" 24
 "d-color-count" 26
 "d-express-count" 26
 "cell-count" 56
 15 -2 -1 175
 105 4 0 225
 15 1 2 37
 15 -2 1 203
 105 -2 0 73
 15 0 -2 347
 15 -3 0 211
 15 2 1 162
 15 0 1 201
 15 2 0 316
 15 -1 -2 247
 15 1 -1 41
 15 0 3 321
 15 0 0 354
 15 1 -2 63
 15 -1 0 337
 15 2 2 278
 15 1 0 272
 15 0 2 261
 15 1 3 280
 15 3 1 25
 15 1 1 177
 15 -1 -1 241
 15 -1 -4 286
 15 0 -1 11
 15 0 -3 100
 15 -1 1 88
 15 -1 -3 213
 55 -4 0 169
 55 -1 2 96
 55 -3 1 247
 55 0 4 50
 55 -3 2 247
 55 3 3 317
 55 2 -3 64
 55 2 3 103
 55 -2 -3 200
 55 -3 -1 282
 55 1 4 292
 55 3 2 338
 55 -2 2 112
 55 -1 3 117
 55 -3 -2 299
 55 -1 4 359
 55 4 -1 192
 55 3 -1 270
 5 2 -2 267
 55 1 -4 21
 55 1 -3 341
 5 4 1 178
 55 -2 3 46
 55 3 -3 220
 55 3 0 254
 5 2 -1 182
 55 -2 -2 258
 5 -4 1 303
 "contig-ratio-green-core" 0.6086956521739131
 "contig-ratio-red-core" 0.875
