 "a-count" 8
 "b-count" 5
 "c-color-count" 23
 "c-express-count" 23
 "d-color-count" 20
 "d-express-count" 20
 "cell-count" 56
 15 0 3 247
 15 -1 -1 109
 105 -2 4 359
 105 2 3 100
 15 2 1 127
 15 0 -2 239
 105 3 -3 324
 15 0 0 77
 15 -1 0 66
 15 1 -2 69
 15 -1 3 9
 15 -4 -1 349
 15 -1 2 57
 15 -2 -1 72
 105 3 -2 221
 105 -3 -2 157
 15 -2 3 267
 15 0 1 86
 15 2 0 108
 15 2 -1 26
 15 1 1 323
 105 3 -1 299
 15 1 -1 307
 15 -3 -1 152
 105 -2 -2 190
 15 0 -1 105
 105 -2 -3 80
 15 -1 1 145
 55 -2 2 296
 55 2 2 303
 55 -4 0 277
 55 0 2 52
 55 2 -2 294
 5 4 0 256
 55 0 -4 52
 55 1 -3 310
 55 -1 -2 70
 55 3 1 205
 5 -3 1 234
 55 -3 0 346
 55 -2 1 293
 55 -1 4 65
 55 -3 2 33
 55 1 2 300
 55 3 2 161
 55 4 1 140
 5 -1 -3 83
 55 -4 1 10
 55 -1 -4 45
 55 1 4 9
 5 0 4 172
 55 1 -4 99
 55 1 3 315
 55 0 -3 104
 55 -2 0 340
 5 -3 3 248
 "contig-ratio-green-core" 0.75
 "contig-ratio-red-core" 0.875
 "a-count" 4
 "b-count" 5
 "c-color-count" 23
 "c-express-count" 23
 "d-color-count" 27
 "d-express-count" 24
 "cell-count" 56
 15 1 2 41
 15 0 2 85
 15 -2 -1 259
 15 -3 0 285
 15 -1 -3 204
 15 1 -1 208
 15 4 0 307
 15 1 1 6
 15 0 0 305
 15 -2 1 191
 15 -1 1 263
 15 0 -1 55
 15 0 -3 248
 15 2 0 275
 15 2 -1 204
 15 -2 0 315
 15 -2 3 304
 15 3 1 203
 15 -1 0 225
 15 0 -2 106
 15 2 2 173
 15 1 -2 4
 105 -4 1 306
 15 2 1 297
 15 3 0 116
 15 0 1 212
 15 -1 -2 342
 15 1 0 304
 55 -3 2 70
 55 1 4 105
 5 1 3 271
 55 -1 2 238
 55 3 -2 238
 55 3 -1 143
 55 -4 0 76
 55 -2 2 213
 5 -1 -4 196
 55 -3 -3 180
 55 -3 3 95
 55 3 2 160
 55 -3 -1 239
 55 -2 -2 65
 5 0 3 142
 55 -3 1 85
 55 4 1 43
 55 3 3 276
 55 -2 -3 218
 55 2 -3 225
 5 -3 -2 51
 55 4 -1 102
 55 2 -2 143
 55 0 -4 133
 5 -4 -1 44
 55 -1 3 106
 55 1 -4 57
 55 3 -3 101
 "contig-ratio-green-core" 0.7
 "contig-ratio-red-core" 0.7647058823529411
 "a-count" 1
 "b-count" 3
 "c-color-count" 25
 "c-express-count" 25
 "d-color-count" 27
 "d-express-count" 27
 "cell-count" 56
 15 2 1 275
 15 -1 0 99
 105 -1 -2 104
 15 0 -2 72
 15 -1 -1 118
 15 -3 -1 81
 15 1 3 77
 15 1 1 19
 15 4 -1 209
 15 2 0 144
 15 3 -1 99
 15 -2 4 140
 15 1 0 314
 15 -2 0 28
 15 1 2 201
 15 0 -1 175
 15 -1 1 249
 15 -2 1 156
 15 -1 2 18
 15 1 -1 183
 15 0 3 338
 15 4 0 148
 15 -2 -1 317
 15 -2 -2 52
 15 2 -1 253
 15 0 1 346
 15 0 2 85
 15 0 0 209
 55 0 -3 303
 55 -3 -2 244
 55 2 -3 185
 55 -3 1 106
 55 -3 0 337
 55 -3 2 326
 55 -4 -1 59
 55 3 1 111
 5 -2 2 239
 55 4 1 167
 55 -1 4 2
 55 2 2 315
 55 -1 -3 148
 55 2 3 278
 55 0 -4 330
 55 -2 -3 354
 55 -1 3 106
 5 3 3 31
 55 -3 3 136
 55 -4 0 337
 55 1 -2 73
 5 0 4 348
 55 -2 3 302
 55 1 -4 61
 55 3 -2 2
 55 -1 -4 18
 55 -3 -3 259
 55 2 -2 184
 "contig-ratio-green-core" 0.6086956521739131
 "contig-ratio-red-core" 0.8666666666666667
 "a-count" 6
 "b-count" 7
 "c-color-count" 23
 "c-express-count" 21
 "d-color-count" 25
 "d-express-count" 22
 "cell-count" 56
 15 -1 0 336
 15 0 1 277
 15 -1 -1 86
 15 1 4 13
 15 -2 -1 260
 15 -2 0 353
 105 -2 -3 135
 15 2 1 41
 15 1 0 297
 15 0 -1 207
 105 3 3 211
 15 0 -3 168
 15 2 -1 250
 15 1 -2 218
 15 0 0 292
 15 -3 -2 142
 15 0 2 256
 105 -3 2 14
 15 -1 -3 318
 15 -4 0 271
 15 -1 2 108
 15 1 1 176
 15 0 -2 205
 15 -3 0 301
 15 -1 1 222
 15 1 2 241
 15 2 0 222
 15 1 -1 151
 55 2 -3 284
 55 3 2 98
 55 -3 -3 265
 5 0 3 233
 55 3 -3 227
 55 -2 3 167
 55 3 0 80
 55 3 -1 320
 55 3 -2 212
 5 -3 3 53
 55 4 0 203
 55 -3 -1 133
 55 -3 1 2
 55 2 2 255
 5 -4 1 298
 55 0 -4 243
 55 1 3 37
 55 1 -3 342
 55 -1 -2 198
 55 2 3 153
 55 -4 -1 32
 55 -1 3 233
 55 -2 1 43
 55 -1 -4 34
 55 4 -1 238
 5 4 1 154
 5 2 -2 187
 55 -2 -2 242
 "contig-ratio-green-core" 0.8333333333333334
 "contig-ratio-red-core" 0.8571428571428571
