 "a-count" 5
 "b-count" 6
 "c-color-count" 22
 "c-express-count" 22
 "d-color-count" 25
 "d-express-count" 23
 "cell-count" 56
 15 1 2 55
 105 1 -2 120
 15 -1 0 72
 15 1 0 238
 15 -2 1 34
 15 3 1 278
 15 1 1 346
 15 1 -3 128
 15 2 -1 184
 15 0 1 42
 15 3 0 262
 15 0 2 84
 15 2 2 118
 15 -2 2 34
 15 3 0 153
 105 -1 -1 54
 105 2 1 97
 15 -2 0 252
 15 0 -3 41
 15 -4 0 41
 15 0 -1 195
 15 -1 1 82
 15 0 -2 156
 15 0 0 82
 15 -2 -1 353
 15 -2 -2 187
 15 -2 3 60
 15 -1 2 6
 55 2 -3 282
 55 -4 1 25
 55 -1 3 323
 55 3 -1 128
 55 2 3 180
 55 -3 2 230
 55 -3 0 81
 55 1 3 64
 55 4 -1 200
 55 -1 -2 258
 55 0 -4 12
 5 4 0 175
 5 0 4 60
 55 1 -1 89
 55 2 -2 54
 55 -3 3 25
 55 -3 1 69
 55 -3 -3 116
 5 2 0 305
 5 3 3 100
 55 -3 -2 261
 5 1 -4 98
 5 4 1 95
 55 -1 -4 168
 55 0 3 240
 55 -3 -1 1
 55 -1 4 187
 55 -1 -3 343
 "contig-ratio-green-core" 0.8461538461538461
 "contig-ratio-red-core" 0.8888888888888888
 "a-count" 4
 "b-count" 3
 "c-color-count" 25
 "c-express-count" 25
 "d-color-count" 24
 "d-express-count" 24
 "cell-count" 56
 15 1 3 301
 15 1 0 257
 15 -3 -2 226
 15 2 1 216
 105 -3 -1 146
 15 3 -2 262
 15 1 -1 216
 15 1 1 99
 15 2 0 148
 105 0 0 79
 15 0 -1 205
 15 -2 1 315
 15 -2 -1 175
 15 2 2 119
 15 1 2 127
 15 -1 -1 32
 15 -1 2 188
 15 -1 -2 118
 15 -1 0 143
 105 2 3 341
 15 0 2 97
 15 3 2 267
 15 0 3 95
 15 -1 3 45
 105 0 1 251
 15 -2 0 184
 15 -1 1 340
 15 0 -2 90
 55 0 -3 163
 5 2 -1 259
 55 -3 0 211
 55 -2 -2 271
 55 -3 1 180
 55 3 1 347
 5 3 -1 19
 55 -4 0 209
 55 4 -1 79
 55 0 4 68
 55 -3 2 343
 55 -4 1 262
 55 -1 -4 44
 55 3 -3 176
 55 1 -2 104
 55 4 0 129
 55 -2 3 341
 55 -4 -1 103
 55 -1 4 177
 55 4 1 36
 55 2 -3 137
 5 3 0 229
 55 3 3 310
 55 -3 -3 259
 55 1 4 313
 55 -1 -3 96
 55 1 -3 119
 55 0 -4 347
 "contig-ratio-green-core" 0.5263157894736842
 "contig-ratio-red-core" 0.9285714285714286
 "a-count" 10
 "b-count" 8
 "c-color-count" 20
 "c-express-count" 20
 "d-color-count" 19
 "d-express-count" 18
 "cell-count" 56
 15 1 0 180
 15 4 1 328
 105 -3 -2 305
 15 -2 -1 23
 15 -1 -1 218
 15 -3 0 284
 105 3 2 253
 15 1 1 134
 15 -2 0 186
 105 -2 -3 229
 105 0 4 175
 15 -1 1 339
 105 0 3 108
 105 3 3 199
 15 0 0 267
 15 -1 -2 190
 15 1 -1 87
 15 1 -2 274
 105 -3 -1 271
 15 0 -2 325
 15 3 0 298
 105 3 1 174
 15 0 -1 78
 105 1 -3 320
 15 0 1 257
 15 -1 0 62
 15 3 -2 234
 15 2 1 75
 5 -4 -1 200
 55 1 2 274
 5 2 3 236
 55 1 3 67
 55 -1 2 216
 55 -2 2 97
 55 1 -4 63
 55 3 -1 193
 55 0 -3 141
 55 -4 1 90
 5 -3 1 62
 5 -2 3 82
 55 -3 3 201
 5 0 2 299
 55 2 -3 141
 55 4 -1 238
 55 -2 1 207
 5 -3 -3 22
 55 4 0 338
 5 -4 0 191
 55 -1 -3 79
 55 1 4 6
 55 -1 4 136
 55 2 -2 204
 55 3 -3 95
 5 -3 2 241
 55 2 2 209
 55 0 -4 353
 "contig-ratio-green-core" 0.5882352941176471
 "contig-ratio-red-core" 0.6153846153846154
 "a-count" 6
 "b-count" 6
 "c-color-count" 22
 "c-express-count" 22
 "d-color-count" 23
 "d-express-count" 22
 "cell-count" 56
 15 1 -1 266
 15 1 0 357
 15 1 -2 130
 15 1 -3 269
 15 -1 0 41
 105 3 -2 175
 15 -1 1 328
 15 0 -3 256
 15 2 0 87
 105 0 4 313
 15 2 1 237
 15 -1 -1 94
 15 -1 -2 22
 15 -1 2 126
 15 -2 0 114
 105 0 -1 211
 15 -2 -1 63
 15 0 1 287
 105 1 4 167
 15 -2 1 278
 15 -2 2 170
 105 0 -2 325
 15 1 1 7
 15 -1 4 311
 15 -1 -3 85
 15 3 -1 298
 15 0 0 166
 15 -3 0 74
 55 0 -4 189
 55 -4 0 57
 5 -3 3 335
 55 -2 -2 7
 55 3 0 45
 55 3 3 233
 55 -3 2 269
 55 2 -2 265
 55 -1 -4 247
 55 0 2 302
 5 4 -1 51
 5 -4 -1 61
 55 4 1 243
 55 2 3 207
 55 2 2 318
 55 3 -3 120
 55 2 -1 89
 55 1 2 41
 55 -4 1 311
 55 2 -3 253
 55 -3 1 230
 55 -1 3 277
 55 4 0 60
 5 -3 -1 226
 55 -2 -3 185
 5 1 -4 75
 55 -3 -2 77
 5 1 3 290
 "contig-ratio-green-core" 0.7647058823529411
 "contig-ratio-red-core" 0.8823529411764706
