 "a-count" 4
 "b-count" 7
 "c-color-count" 22
 "c-express-count" 21
 "d-color-count" 25
 "d-express-count" 24
 "cell-count" 56
 15 2 0 20
 15 2 1 289
 15 -1 2 20
 15 -3 -1 56
 15 -1 3 162
 15 1 -1 104
 15 0 -1 240
 15 1 -2 77
 15 -1 0 82
 15 -1 1 209
 15 0 -2 182
 15 -2 -1 52
 15 1 0 146
 15 1 1 18
 15 0 2 309
 15 0 0 232
 15 -1 -1 75
 15 1 2 311
 15 3 0 59
 15 -1 -2 161
 105 0 -4 5
 15 2 2 216
 15 3 -2 217
 15 3 3 190
 15 -2 0 261
 105 -2 1 213
 105 4 0 114
 15 -3 0 133
 55 2 3 253
 55 4 1 65
 55 -2 3 180
 55 3 1 282
 55 -3 -2 316
 55 -4 0 141
 55 -1 4 107
 55 -4 1 165
 55 1 3 82
 5 2 -3 194
 55 0 3 300
 5 0 -3 135
 55 3 2 319
 5 -2 -3 44
 55 0 4 224
 55 -3 1 141
 55 3 -3 303
 55 -2 -2 66
 5 3 -1 267
 55 -2 2 345
 55 1 4 61
 55 2 -2 276
 55 -3 3 128
 55 -3 -3 152
 55 1 -4 93
 5 -4 -1 149
 5 -3 2 112
 55 -1 -4 3
 "contig-ratio-green-core" 0.7368421052631579
 "contig-ratio-red-core" 0.8125
 "a-count" 3
 "b-count" 7
 "c-color-count" 21
 "c-express-count" 21
 "d-color-count" 25
 "d-express-count" 25
 "cell-count" 56
 15 0 1 101
 15 2 -1 99
 15 2 0 136
 15 -1 -2 331
 15 -1 2 165
 15 1 3 273
 15 1 -2 86
 15 2 1 265
 15 -1 1 80
 15 3 1 139
 15 -1 3 2
 15 -1 -1 14
 15 -1 -3 207
 15 -2 1 323
 105 0 -1 4
 15 1 -1 172
 15 0 3 112
 15 2 2 105
 105 0 2 145
 15 0 -2 209
 15 1 1 294
 105 -3 2 282
 15 -2 -1 162
 15 4 1 184
 15 -1 0 337
 15 1 0 202
 15 1 2 182
 15 2 -2 92
 55 -4 0 246
 55 3 -2 41
 55 3 3 219
 55 3 0 261
 5 2 -3 16
 55 4 0 227
 55 -3 -3 158
 5 3 2 248
 5 1 -4 320
 55 -3 1 46
 55 3 -1 263
 5 -3 3 135
 55 1 4 285
 55 2 3 274
 55 1 -3 319
 55 4 -1 64
 55 -2 2 115
 55 -2 3 179
 55 -2 -3 189
 5 3 -3 297
 55 -1 4 168
 55 -1 -4 208
 55 -3 -2 18
 5 -4 -1 163
 5 -2 0 278
 55 -3 0 142
 55 -2 -2 141
 55 0 4 186
 "contig-ratio-green-core" 0.7222222222222222
 "contig-ratio-red-core" 0.8823529411764706
 "a-count" 2
 "b-count" 4
 "c-color-count" 24
 "c-express-count" 24
 "d-color-count" 27
 "d-express-count" 26
 "cell-count" 56
 15 0 3 330
 15 1 -1 106
 105 1 -2 210
 15 1 0 336
 15 3 0 256
 15 0 0 291
 15 1 1 181
 15 2 -1 205
 15 -1 -2 353
 15 -1 -1 98
 15 2 0 247
 15 0 -2 131
 15 -2 -1 23
 15 -3 -2 53
 15 -2 1 140
 15 0 2 29
 15 3 -1 20
 15 -2 0 331
 15 0 -1 88
 15 -1 2 338
 15 0 1 212
 15 2 1 101
 15 -1 0 179
 15 3 -2 228
 15 3 1 169
 15 1 2 18
 15 -1 1 151
 15 0 -3 305
 55 2 -3 236
 55 4 0 213
 55 4 1 2
 55 0 4 171
 55 1 3 276
 55 3 -3 165
 55 -3 2 349
 55 -3 0 65
 55 -1 -4 292
 5 -3 1 238
 55 -4 1 20
 55 1 -4 301
 55 -2 3 121
 5 -3 -3 22
 55 -4 -1 32
 55 1 -3 342
 55 4 -1 131
 55 2 2 205
 55 -1 4 111
 5 -2 -3 355
 55 3 2 90
 55 -4 0 306
 55 0 -4 146
 55 -1 3 280
 55 1 4 321
 55 -2 -2 236
 55 3 3 149
 5 2 3 109
 "contig-ratio-green-core" 0.6
 "contig-ratio-red-core" 0.9285714285714286
 "a-count" 4
 "b-count" 4
 "c-color-count" 25
 "c-express-count" 24
 "d-color-count" 24
 "d-express-count" 24
 "cell-count" 56
 15 1 3 31
 15 -2 0 220
 15 1 -1 132
 15 1 0 180
 15 0 2 60
 105 0 -1 238
 15 -3 0 45
 15 0 -2 104
 105 3 -3 105
 15 1 2 107
 15 3 -1 265
 15 2 0 333
 15 3 0 98
 15 -1 2 126
 15 -3 -1 145
 15 -2 1 208
 15 -4 0 251
 105 2 -3 150
 15 0 1 48
 15 -2 -1 159
 105 -1 0 10
 15 1 1 196
 15 0 0 167
 15 2 -1 220
 15 -1 -1 310
 15 -1 1 197
 15 1 4 271
 15 -3 1 71
 55 -1 3 167
 55 4 0 307
 55 2 1 7
 55 4 -1 55
 5 4 1 294
 55 3 -2 270
 55 -1 -3 339
 55 -4 1 117
 55 1 -4 211
 5 0 -4 219
 55 1 -2 40
 55 3 1 343
 55 -2 3 55
 55 2 -2 95
 5 -3 -2 8
 55 -3 -3 210
 55 0 4 223
 55 0 -3 67
 55 2 2 230
 55 -2 -3 181
 55 3 3 153
 55 -3 3 179
 55 0 3 223
 55 2 3 127
 55 -1 -4 127
 55 -1 4 290
 55 3 2 232
 55 -1 -2 125
 "contig-ratio-green-core" 0.631578947368421
 "contig-ratio-red-core" 0.8235294117647058
