 "a-count" 0
 "b-count" 11
 "c-color-count" 17
 "c-express-count" 17
 "d-color-count" 28
 "d-express-count" 28
 "cell-count" 56
 15 -4 0 148
 15 3 -1 211
 15 -1 4 169
 15 0 2 214
 15 1 2 89
 15 2 0 285
 15 3 0 212
 15 5 1 298
 15 0 3 2
 15 -3 1 45
 15 -4 -1 25
 15 -2 -2 129
 15 -2 -3 171
 15 1 3 251
 15 2 1 153
 15 -2 2 98
 15 4 1 109
 15 3 1 31
 15 -2 1 131
 15 -2 3 4
 15 -3 2 48
 15 -1 -2 111
 15 0 4 254
 15 -1 3 286
 15 -1 -3 66
 15 0 -3 73
 15 -1 2 80
 15 0 -4 123
 55 -3 -1 242
 5 4 -1 193
 55 0 -1 75
 55 0 0 225
 55 -3 0 84
 55 2 3 100
 5 2 -2 338
 55 2 2 155
 5 -1 -4 122
 5 4 0 121
 5 -4 1 17
 55 -2 0 263
 55 3 2 130
 55 1 1 359
 5 2 -3 276
 55 1 -2 53
 55 -1 0 298
 5 0 -2 140
 55 -1 -1 195
 55 -2 -1 268
 55 0 1 130
 5 -1 1 288
 55 -3 3 121
 5 1 0 216
 5 3 -2 220
 5 -3 -2 54
 55 3 3 122
 55 1 -1 39
 "contig-ratio-green-core" 0.8461538461538461
 "contig-ratio-red-core" 0.4583333333333333
 "a-count" 1
 "b-count" 11
 "c-color-count" 17
 "c-express-count" 17
 "d-color-count" 27
 "d-express-count" 27
 "cell-count" 56
 15 0 0 204
 15 1 -2 350
 15 -1 -2 350
 15 -1 -1 58
 15 2 1 284
 15 1 1 124
 15 2 0 69
 15 0 1 170
 15 1 0 191
 15 2 -1 5
 15 3 0 140
 15 0 -3 206
 15 1 -3 349
 15 -2 -1 292
 15 -1 -3 282
 15 4 1 216
 15 1 4 265
 15 0 -1 326
 15 1 -1 281
 15 2 -2 353
 15 -2 4 351
 15 -2 0 13
 105 -1 0 86
 15 3 1 264
 15 -2 3 243
 15 0 -2 208
 15 1 -4 121
 15 -3 2 182
 5 -4 -1 139
 55 -1 3 335
 55 0 3 289
 55 3 -2 283
 55 -2 2 347
 5 3 2 133
 5 -3 -1 138
 55 -3 0 296
 5 4 0 298
 55 1 3 282
 55 -1 4 150
 5 -2 -2 140
 55 -2 1 4
 5 0 4 231
 55 1 2 202
 55 -1 1 45
 5 -3 -3 75
 55 3 -1 359
 55 -3 1 214
 5 -3 -2 239
 55 -1 2 311
 5 3 -3 143
 55 0 2 306
 55 4 -1 83
 55 2 3 60
 55 -4 0 184
 5 -2 -3 82
 5 0 -4 115
 "contig-ratio-green-core" 0.6428571428571429
 "contig-ratio-red-core" 0.5882352941176471
 "a-count" 1
 "b-count" 11
 "c-color-count" 17
 "c-express-count" 17
 "d-color-count" 27
 "d-express-count" 27
 "cell-count" 56
 15 -2 0 50
 15 -3 1 41
 15 -3 -2 307
 15 1 -3 219
 15 -2 1 306
 15 3 -3 143
 15 0 -4 273
 15 3 3 51
 15 2 3 37
 15 -2 -1 46
 15 -3 0 252
 15 1 -2 101
 15 0 2 98
 15 -1 2 319
 15 1 2 159
 15 0 -3 248
 15 3 -2 344
 15 -1 0 22
 15 0 4 287
 105 1 -4 130
 15 2 -3 21
 15 0 3 32
 15 2 -2 247
 15 -1 -4 55
 15 -1 4 58
 15 1 3 323
 15 -1 1 112
 15 -3 -1 230
 5 3 1 33
 55 1 1 49
 55 -1 -2 212
 5 -4 -1 342
 55 3 0 228
 55 0 0 20
 55 -2 3 317
 55 0 -2 162
 55 -2 -2 327
 5 -2 2 185
 55 2 1 292
 55 1 -1 47
 5 -1 -1 156
 55 1 0 157
 55 -4 1 281
 55 0 -1 354
 55 2 0 278
 55 2 2 22
 5 4 0 21
 5 -3 3 101
 55 -1 -3 141
 5 -3 2 88
 5 0 1 103
 5 3 2 215
 5 -2 -3 176
 5 1 4 66
 55 -1 3 331
 55 2 -1 268
 "contig-ratio-green-core" 1.0909090909090908
 "contig-ratio-red-core" 0.4166666666666667
 "a-count" 2
 "b-count" 9
 "c-color-count" 19
 "c-express-count" 19
 "d-color-count" 26
 "d-express-count" 26
 "cell-count" 56
 15 1 0 33
 15 1 1 71
 15 0 -2 152
 15 2 -2 278
 15 2 -3 81
 15 -1 2 279
 15 -2 3 63
 15 -1 -3 237
 15 0 2 321
 105 0 -4 207
 15 3 1 89
 15 -2 2 112
 105 -3 3 84
 15 2 -1 68
 15 0 -3 213
 15 1 -1 186
 15 2 0 276
 15 2 1 251
 15 3 2 232
 15 1 -2 37
 15 -2 -3 253
 15 -1 -2 84
 15 2 2 176
 15 -1 3 61
 15 2 3 310
 15 1 2 351
 15 0 3 100
 15 1 -3 266
 5 4 1 351
 55 -2 -2 305
 55 -3 1 129
 5 -4 1 39
 55 -1 4 58
 55 -3 0 90
 55 4 -1 145
 55 3 -3 121
 55 0 0 359
 55 4 -2 136
 55 0 1 343
 5 4 0 238
 55 1 4 224
 55 -2 0 180
 55 2 4 67
 5 3 0 10
 5 -3 -2 22
 55 -2 -1 48
 55 -1 0 250
 5 -3 2 74
 55 0 -1 315
 5 -4 0 234
 55 0 4 295
 55 3 -2 88
 55 -1 -1 354
 55 -1 1 316
 5 -4 -1 82
 5 -3 -1 134
 "contig-ratio-green-core" 0.9230769230769231
 "contig-ratio-red-core" 0.5
