 "a-count" 0
 "b-count" 9
 "c-color-count" 19
 "c-express-count" 19
 "d-color-count" 28
 "d-express-count" 28
 "cell-count" 56
 15 -3 0 5
 15 2 0 180
 15 1 -4 110
 15 3 2 325
 15 2 1 214
 15 -2 0 148
 15 2 3 358
 15 1 2 285
 15 0 1 34
 15 4 1 317
 15 1 0 15
 15 -4 0 75
 15 -3 3 69
 15 1 1 284
 15 -1 -4 154
 15 0 2 129
 15 -3 -1 86
 15 -1 1 329
 15 0 -4 345
 15 3 -1 81
 15 1 3 229
 15 2 -1 6
 15 2 2 21
 15 -2 -2 78
 15 -3 2 36
 15 -4 1 326
 15 3 -3 242
 15 -2 -1 82
 55 1 5 118
 55 1 -1 344
 55 3 -2 117
 55 1 4 93
 5 -1 3 329
 55 -1 -1 161
 55 0 -1 75
 55 0 0 291
 5 3 1 142
 55 -2 1 258
 5 -3 -2 143
 55 1 -2 299
 55 -2 -3 119
 55 -2 2 187
 5 -3 -3 258
 55 0 -2 126
 5 -1 -3 50
 5 -1 2 129
 5 -2 3 39
 55 -1 0 281
 55 -1 4 63
 5 3 3 58
 55 0 -3 116
 55 0 4 107
 55 2 -2 336
 55 -1 -2 213
 55 1 -3 305
 5 4 0 280
 "contig-ratio-green-core" 1
 "contig-ratio-red-core" 0.5454545454545454
 "a-count" 3
 "b-count" 9
 "c-color-count" 19
 "c-express-count" 19
 "d-color-count" 25
 "d-express-count" 25
 "cell-count" 56
 105 -2 -2 240
 15 0 0 191
 15 -2 -3 229
 15 -2 3 197
 15 1 1 269
 105 -1 1 358
 15 1 -1 279
 15 -1 2 163
 15 -3 3 152
 15 2 -2 111
 15 2 0 289
 15 -2 2 258
 15 -3 -1 130
 15 2 -1 160
 15 1 -3 223
 15 2 2 342
 105 3 -1 60
 15 2 3 260
 15 -3 2 349
 15 0 2 241
 15 2 1 31
 15 0 1 287
 15 3 1 341
 15 1 2 343
 15 3 0 38
 15 -3 -2 211
 15 1 -2 95
 15 1 0 142
 5 3 3 17
 55 4 0 67
 55 -1 4 93
 55 -2 -1 75
 5 -2 1 232
 5 1 3 123
 5 -1 -4 148
 55 2 -3 286
 55 -3 0 188
 5 -3 -3 268
 55 1 -4 139
 55 0 3 251
 55 3 2 192
 5 3 -2 42
 55 -2 0 331
 5 -3 1 141
 55 -1 -2 170
 55 0 -4 8
 5 0 4 130
 55 4 -1 253
 55 0 -1 18
 55 0 -2 164
 55 0 -3 104
 55 -1 -1 351
 55 -1 3 347
 55 -1 -3 325
 5 4 1 276
 55 -1 0 118
 "contig-ratio-green-core" 0.7333333333333333
 "contig-ratio-red-core" 0.6842105263157895
 "a-count" 1
 "b-count" 11
 "c-color-count" 17
 "c-express-count" 17
 "d-color-count" 27
 "d-express-count" 27
 "cell-count" 56
 15 2 2 120
 15 1 -3 142
 15 -1 -1 48
 15 -2 0 215
 15 3 2 121
 15 1 0 210
 15 1 -2 281
 15 -2 2 305
 15 -1 3 171
 15 1 3 109
 15 4 1 129
 15 5 1 135
 15 0 -2 110
 15 -3 1 253
 15 -3 2 61
 15 -1 -2 305
 15 1 -1 290
 15 2 -3 221
 15 2 -2 68
 105 -1 0 18
 15 0 3 79
 15 -2 1 41
 15 0 -1 308
 15 0 0 241
 15 0 4 336
 15 -1 1 76
 15 -1 2 89
 15 -3 -2 352
 5 2 3 138
 5 -4 0 162
 5 -1 4 57
 55 -2 -2 242
 55 -2 -3 239
 5 -1 -3 246
 55 1 2 85
 55 -3 0 195
 55 -3 3 257
 55 1 1 319
 55 -2 3 158
 5 2 0 105
 5 3 3 131
 55 2 1 202
 55 4 -1 67
 55 1 4 171
 55 -3 -1 246
 55 -4 -1 319
 5 2 -1 239
 5 -1 -4 125
 5 0 -4 243
 55 0 1 247
 5 -4 1 257
 55 0 2 324
 55 3 1 253
 5 3 -1 319
 55 -2 -1 347
 55 -2 -4 178
 "contig-ratio-green-core" 1.0666666666666667
 "contig-ratio-red-core" 0.5217391304347826
 "a-count" 1
 "b-count" 8
 "c-color-count" 20
 "c-express-count" 20
 "d-color-count" 27
 "d-express-count" 27
 "cell-count" 56
 15 0 -1 45
 15 2 0 293
 15 1 1 340
 15 0 1 182
 15 -2 -2 265
 15 -1 -1 58
 15 3 -2 328
 15 1 -1 236
 15 2 1 237
 15 3 0 170
 15 -2 2 8
 15 4 0 263
 15 2 -2 210
 15 0 0 136
 15 -1 2 257
 15 2 1 269
 15 -2 1 50
 15 4 -1 346
 15 2 3 254
 105 -1 4 102
 15 -1 -2 199
 15 -1 1 277
 15 1 0 300
 15 -1 0 223
 15 2 2 113
 15 3 -1 163
 15 3 3 228
 15 2 -1 287
 55 1 3 195
 5 -3 0 339
 55 -2 -1 122
 55 1 -4 234
 5 -3 2 168
 55 -1 -3 117
 5 -2 3 335
 5 3 -3 279
 55 0 4 168
 55 -3 -1 31
 55 -2 0 207
 55 2 -3 256
 55 0 -3 300
 55 0 -2 254
 55 1 2 263
 55 0 -4 233
 5 -1 3 55
 5 1 -2 104
 55 -4 -1 124
 5 3 2 311
 55 3 1 149
 55 0 2 47
 55 1 -3 326
 55 -1 -4 219
 5 -3 1 188
 55 0 3 297
 55 -4 0 279
 55 4 1 71
 "contig-ratio-green-core" 0.9375
 "contig-ratio-red-core" 0.5
