 "a-count" 1
 "b-count" 9
 "c-color-count" 19
 "c-express-count" 19
 "d-color-count" 27
 "d-express-count" 27
 "cell-count" 56
 15 1 -2 187
 15 0 3 253
 105 -4 -1 22
 15 -3 -1 140
 15 3 2 140
 15 -2 0 257
 15 0 -4 118
 15 1 -3 257
 15 -1 -4 267
 15 0 4 25
 15 -3 1 179
 15 1 4 5
 15 1 -1 224
 15 0 -2 345
 15 -1 -2 50
 15 -1 4 169
 15 -2 -2 307
 15 -4 1 198
 15 2 -1 229
 15 2 -3 14
 15 2 -2 136
 15 -3 0 158
 15 -3 2 54
 15 0 -3 200
 15 3 -1 335
 15 -1 -3 69
 15 -2 -1 223
 15 -1 3 27
 55 -3 -3 51
 55 -1 2 190
 5 4 1 173
 55 1 2 242
 55 2 1 317
 55 3 -3 205
 5 -2 -3 336
 55 0 -1 51
 5 3 0 114
 5 3 1 39
 55 -1 0 146
 5 1 -4 206
 55 -2 1 80
 55 0 1 280
 55 0 2 50
 55 1 3 254
 55 2 2 151
 55 -2 2 139
 5 3 -2 178
 55 2 0 39
 5 -2 3 265
 55 1 0 318
 55 -1 -1 203
 55 1 1 105
 55 -1 1 120
 5 3 3 11
 5 4 0 195
 55 0 0 244
 "contig-ratio-green-core" 1
 "contig-ratio-red-core" 0.4583333333333333
 "a-count" 2
 "b-count" 12
 "c-color-count" 16
 "c-express-count" 16
 "d-color-count" 26
 "d-express-count" 26
 "cell-count" 56
 15 3 3 151
 15 3 1 350
 105 -3 -3 114
 15 -1 2 301
 15 -3 3 79
 15 -2 1 169
 15 -1 1 127
 105 -1 0 307
 15 0 0 19
 15 0 1 209
 15 -2 -3 168
 15 -2 -1 235
 15 -1 4 306
 15 0 2 77
 15 0 -2 42
 15 3 2 215
 15 -2 2 67
 15 -1 -1 9
 15 1 -4 288
 15 -2 0 157
 15 -1 3 327
 15 0 -1 339
 15 -2 -2 195
 15 4 3 342
 15 1 -1 331
 15 -1 -2 176
 15 1 0 26
 15 0 3 118
 55 1 -2 84
 55 3 0 34
 5 2 1 210
 55 -1 -3 47
 5 -3 -2 118
 5 -4 0 117
 55 0 -4 43
 5 -2 3 8
 5 2 -1 260
 55 1 2 228
 55 0 -3 177
 55 3 -1 24
 55 -3 -1 320
 5 2 3 12
 55 4 -1 301
 55 2 -2 357
 5 1 -3 171
 55 2 0 137
 55 -3 0 157
 55 3 -2 178
 55 -4 -1 354
 5 -4 1 250
 5 -3 1 6
 5 3 -3 251
 5 4 1 299
 55 -3 2 69
 55 1 3 65
 5 2 2 98
 "contig-ratio-green-core" 0.8666666666666667
 "contig-ratio-red-core" 0.5555555555555556
 "a-count" 1
 "b-count" 9
 "c-color-count" 19
 "c-express-count" 19
 "d-color-count" 27
 "d-express-count" 27
 "cell-count" 56
 15 1 -1 216
 15 0 -2 83
 15 2 -3 224
 15 1 4 194
 15 2 0 260
 15 -2 3 58
 15 -3 3 18
 15 1 0 160
 15 1 -2 284
 15 2 -2 197
 15 1 1 220
 15 -2 -2 257
 105 3 -2 235
 15 -1 -2 28
 15 -4 -1 95
 15 -4 3 225
 15 0 -4 122
 15 1 2 261
 15 0 0 358
 15 1 3 284
 15 0 1 358
 15 0 -3 214
 15 0 -1 294
 15 -1 -3 44
 15 2 -1 118
 15 3 3 228
 15 2 2 239
 15 2 1 167
 5 -3 1 269
 55 3 -1 301
 55 -3 -2 80
 55 2 3 335
 55 3 1 25
 55 -2 1 54
 55 3 0 152
 55 -2 0 98
 55 -1 2 167
 55 1 -4 188
 5 -1 0 14
 55 -2 -1 222
 5 -4 0 17
 55 -3 0 288
 5 3 -3 72
 5 0 2 65
 5 0 4 336
 55 -3 -1 262
 55 -3 2 269
 5 -1 -4 291
 5 -4 1 309
 55 -1 1 99
 55 -1 3 198
 5 -3 -3 209
 55 -1 -1 352
 55 4 0 288
 55 -2 -3 286
 55 3 2 350
 "contig-ratio-green-core" 0.9230769230769231
 "contig-ratio-red-core" 0.6666666666666666
 "a-count" 3
 "b-count" 12
 "c-color-count" 16
 "c-express-count" 16
 "d-color-count" 28
 "d-express-count" 25
 "cell-count" 56
 15 -3 -1 321
 15 -3 0 263
 15 -4 0 226
 15 2 0 83
 15 -2 0 193
 15 4 -1 27
 15 1 4 100
 15 1 -1 138
 15 -1 -3 87
 15 0 3 299
 15 -1 2 347
 15 -4 1 160
 15 2 -2 213
 15 -3 1 298
 15 -4 -1 178
 15 -5 1 53
 15 4 0 32
 15 -1 -2 66
 15 2 3 236
 15 0 -4 97
 15 1 -2 221
 15 3 0 107
 15 0 2 322
 15 3 -2 301
 15 1 3 179
 15 3 -1 347
 15 0 -2 346
 15 2 -1 96
 55 0 4 82
 5 -2 2 34
 55 1 -3 319
 55 -3 -2 31
 55 2 1 291
 5 1 0 346
 5 0 0 184
 55 3 2 352
 55 0 1 105
 5 -3 3 167
 55 -2 -3 221
 55 -1 0 189
 5 0 -3 300
 5 -3 2 31
 5 3 3 264
 55 4 -3 159
 55 2 2 151
 5 -2 3 328
 5 -1 4 118
 5 -1 3 15
 5 2 -3 7
 5 0 -1 176
 55 -1 1 128
 55 3 -3 222
 55 1 2 85
 55 -1 -1 243
 55 -2 -2 160
 55 -3 -3 121
 "contig-ratio-green-core" 0.7857142857142857
 "contig-ratio-red-core" 0.5652173913043478
