 "a-count" 2
 "b-count" 7
 "c-color-count" 21
 "c-express-count" 21
 "d-color-count" 27
 "d-express-count" 26
 "cell-count" 56
 15 2 -1 335
 15 0 0 161
 15 2 0 275
 15 2 1 49
 15 3 1 116
 15 -1 -4 302
 15 -2 3 96
 15 -1 -2 59
 15 -1 -1 191
 15 0 2 327
 105 -1 3 59
 15 -2 2 73
 15 -1 1 80
 15 -2 -2 76
 15 -1 0 37
 15 2 2 32
 15 1 2 54
 15 1 1 171
 15 1 0 301
 15 -1 2 47
 15 3 0 109
 15 0 -2 249
 15 -3 2 341
 15 -2 -3 270
 15 0 -1 269
 15 -3 -2 75
 15 -1 -3 158
 15 0 1 34
 55 3 -3 203
 55 0 3 51
 55 4 1 47
 55 1 3 271
 55 -4 1 189
 55 -2 0 136
 55 1 4 25
 55 2 -2 346
 5 -4 0 78
 55 2 -3 5
 5 1 -4 224
 5 -4 -1 55
 5 3 -1 309
 55 -2 -1 92
 55 -3 -3 79
 5 -2 1 219
 55 -3 0 297
 55 1 -3 292
 55 0 -4 2
 55 3 2 329
 55 -3 -1 345
 55 4 0 314
 5 4 -1 85
 55 1 -2 201
 55 3 -2 341
 55 0 4 258
 55 0 -3 200
 5 3 3 211
 "contig-ratio-green-core" 0.6666666666666666
 "contig-ratio-red-core" 0.65
 "a-count" 1
 "b-count" 13
 "c-color-count" 16
 "c-express-count" 15
 "d-color-count" 27
 "d-express-count" 27
 "cell-count" 56
 15 1 -3 93
 15 2 1 211
 15 -1 -2 35
 15 1 0 333
 15 0 -1 4
 105 2 -1 292
 15 -1 -4 63
 15 -3 -1 19
 15 2 0 259
 15 1 -1 171
 15 1 1 350
 15 -1 -3 25
 15 -3 1 237
 15 -3 0 130
 15 1 -2 283
 15 -1 -1 99
 15 -2 -1 302
 15 -3 -2 105
 15 -2 -2 207
 15 3 0 200
 15 0 -2 64
 15 0 -3 109
 15 1 0 0
 15 0 0 155
 15 3 3 159
 15 0 -1 267
 15 2 1 91
 15 1 1 344
 55 1 3 309
 55 2 2 326
 55 0 1 291
 5 0 -4 270
 55 3 2 242
 55 1 2 150
 5 1 -4 166
 55 3 -2 271
 5 -1 3 188
 5 2 -2 264
 5 2 3 88
 55 -2 1 194
 5 4 1 206
 5 3 -1 201
 5 -2 -3 137
 55 -3 -3 176
 55 4 -1 6
 55 1 4 357
 55 -1 1 344
 5 -1 2 261
 55 0 3 35
 55 0 2 69
 5 -3 2 123
 5 -4 1 229
 55 3 1 92
 55 -1 0 194
 55 -2 0 91
 5 -3 3 138
 "contig-ratio-green-core" 0.9230769230769231
 "contig-ratio-red-core" 0.47058823529411764
 "a-count" 1
 "b-count" 7
 "c-color-count" 21
 "c-express-count" 21
 "d-color-count" 27
 "d-express-count" 27
 "cell-count" 56
 15 -3 1 84
 15 0 -3 242
 15 1 3 32
 15 -1 -3 99
 15 -1 0 39
 15 0 -1 339
 15 4 1 172
 15 -1 -2 180
 15 -3 2 225
 15 -4 -1 254
 15 4 -1 57
 15 -1 1 5
 15 -4 0 35
 15 -3 0 170
 105 1 -4 225
 15 0 -2 211
 15 1 -2 11
 15 0 0 273
 15 1 -1 252
 15 -2 0 123
 15 -2 1 99
 15 -3 3 65
 15 0 0 226
 15 -1 -1 359
 15 4 0 355
 15 1 -3 214
 15 4 -2 20
 15 1 4 284
 5 2 3 201
 55 -2 3 79
 5 -2 -1 185
 55 -4 1 342
 5 3 1 39
 55 1 1 220
 55 2 1 262
 55 0 3 68
 55 3 0 274
 5 3 -2 332
 55 2 -1 257
 5 -1 2 74
 55 0 2 153
 55 0 1 147
 55 1 1 229
 55 3 -1 245
 55 -2 -2 28
 55 0 1 314
 55 1 0 290
 55 -2 2 274
 55 2 0 115
 55 -1 3 296
 5 -3 -3 83
 55 -3 -2 247
 5 -2 -3 65
 55 2 2 221
 55 2 -2 76
 55 1 2 198
 "contig-ratio-green-core" 0.8
 "contig-ratio-red-core" 0.5238095238095238
 "a-count" 6
 "b-count" 11
 "c-color-count" 18
 "c-express-count" 17
 "d-color-count" 22
 "d-express-count" 22
 "cell-count" 56
 15 3 3 128
 15 0 2 107
 15 1 -1 75
 15 2 0 245
 15 -2 2 56
 15 4 1 116
 105 -2 -2 239
 105 3 0 229
 15 -3 -1 331
 105 -3 -3 208
 15 3 -1 24
 15 1 1 243
 15 0 -3 104
 15 -1 3 27
 15 0 -2 100
 15 2 1 41
 105 3 -3 255
 15 -2 3 194
 15 -1 -4 62
 15 1 0 339
 105 2 -3 352
 15 0 3 308
 15 -3 -2 235
 15 -2 1 346
 15 1 2 140
 15 3 1 227
 15 -1 2 128
 105 4 -1 272
 5 2 -1 2
 55 0 0 146
 55 0 4 189
 55 -2 -1 13
 5 -1 4 172
 55 0 -1 152
 55 -3 1 10
 55 -2 0 157
 55 1 3 218
 55 3 2 262
 55 2 2 99
 5 -3 3 74
 5 0 -4 159
 5 -4 -1 67
 55 -1 -2 224
 5 1 -4 143
 55 1 4 99
 55 2 3 316
 55 -3 0 104
 5 -1 -3 310
 55 -3 2 23
 55 0 1 339
 5 1 -3 337
 5 2 -2 162
 5 -4 0 352
 55 -1 0 274
 55 -1 -1 294
 55 4 0 188
 "contig-ratio-green-core" 1
 "contig-ratio-red-core" 0.7
