 "a-count" 3
 "b-count" 11
 "c-color-count" 17
 "c-express-count" 17
 "d-color-count" 25
 "d-express-count" 25
 "cell-count" 56
 15 -3 -3 121
 15 1 -1 306
 15 3 0 226
 15 -1 1 151
 105 2 -1 319
 15 2 3 262
 15 4 1 349
 15 1 2 161
 15 0 1 183
 15 1 1 56
 105 4 -1 147
 15 0 2 170
 15 2 -3 93
 15 -4 -1 336
 105 3 -1 76
 15 2 -2 25
 15 1 0 212
 15 -2 1 162
 15 1 -4 171
 15 -1 2 98
 15 0 0 165
 15 -1 0 92
 15 1 3 69
 15 3 -2 3
 15 0 -4 141
 15 4 0 173
 15 -2 0 54
 15 2 0 349
 5 -2 -2 81
 55 -2 -1 259
 55 -3 0 197
 55 -1 -4 210
 55 -1 -2 275
 5 -2 2 51
 55 3 3 294
 55 -3 1 55
 55 -3 -2 247
 5 -2 3 145
 55 3 -3 137
 5 -1 3 153
 5 -1 -3 40
 5 0 -1 295
 55 1 -2 336
 55 -1 -1 294
 5 -2 -3 71
 5 0 3 94
 55 1 -3 185
 5 2 2 120
 55 3 4 355
 55 -3 -1 311
 55 4 2 115
 55 0 -2 102
 55 3 2 238
 55 -4 0 350
 5 3 1 96
 5 0 -3 74
 "contig-ratio-green-core" 0.9166666666666666
 "contig-ratio-red-core" 0.5
 "a-count" 2
 "b-count" 8
 "c-color-count" 20
 "c-express-count" 20
 "d-color-count" 26
 "d-express-count" 26
 "cell-count" 56
 15 -3 1 71
 15 -3 -1 164
 15 2 1 279
 15 -3 0 79
 15 -2 0 318
 15 2 0 294
 105 3 3 90
 15 -3 -2 324
 15 1 4 263
 15 2 2 7
 15 2 -1 184
 15 2 3 274
 15 -3 2 59
 15 3 1 15
 15 -4 0 239
 15 1 3 122
 105 4 1 49
 15 1 -4 7
 15 3 0 40
 15 3 -1 172
 15 -2 1 108
 15 0 4 257
 15 -1 1 191
 15 1 -2 256
 15 3 2 158
 15 2 -2 109
 15 -3 3 333
 15 1 -3 168
 55 0 -5 139
 55 0 1 205
 55 1 1 255
 55 0 2 94
 55 0 -3 194
 5 -3 -3 199
 55 -1 -1 158
 5 3 -2 11
 55 1 -1 338
 55 -1 4 351
 5 -4 1 175
 55 0 0 128
 55 -2 2 296
 55 4 -1 356
 55 0 -2 99
 5 -1 0 186
 55 0 -4 175
 55 -2 -2 224
 5 0 3 50
 55 1 0 237
 55 -2 3 219
 5 -4 -1 209
 55 -1 3 21
 55 1 2 196
 5 -1 -4 21
 5 -1 -3 131
 55 -1 -2 352
 55 0 -1 264
 "contig-ratio-green-core" 0.875
 "contig-ratio-red-core" 0.5714285714285714
 "a-count" 2
 "b-count" 12
 "c-color-count" 16
 "c-express-count" 16
 "d-color-count" 27
 "d-express-count" 26
 "cell-count" 56
 15 1 0 12
 15 0 3 103
 15 -1 -2 217
 15 -1 4 18
 15 3 2 253
 15 -1 -3 149
 15 0 -3 275
 15 2 2 45
 15 2 -3 201
 15 0 2 140
 15 0 4 99
 15 0 1 216
 15 1 4 109
 15 0 0 37
 15 -4 0 189
 15 1 3 237
 15 1 2 72
 15 1 1 247
 15 2 1 43
 15 0 -1 23
 15 4 -1 313
 15 1 -1 300
 15 -1 -1 255
 15 0 -4 84
 15 -2 -3 347
 15 0 -2 276
 15 -1 0 328
 105 4 1 353
 5 2 -2 259
 5 -1 2 352
 55 2 -1 70
 55 -2 -1 106
 5 -1 1 168
 5 3 -3 232
 55 -3 1 19
 55 -3 -1 3
 55 3 1 105
 55 -2 2 20
 55 1 -3 219
 55 2 0 301
 5 2 3 114
 55 -2 -2 197
 5 1 -4 327
 5 -1 3 61
 55 3 0 182
 5 1 -2 27
 55 3 -1 136
 5 -1 -4 138
 55 -3 -2 193
 55 3 -2 109
 5 -2 0 299
 5 -3 2 217
 55 3 3 7
 55 -3 0 273
 5 -2 1 187
 55 -2 3 332
 "contig-ratio-green-core" 0.6428571428571429
 "contig-ratio-red-core" 0.35
 "a-count" 5
 "b-count" 10
 "c-color-count" 18
 "c-express-count" 18
 "d-color-count" 23
 "d-express-count" 23
 "cell-count" 56
 15 3 -1 308
 15 -2 -2 242
 105 1 4 48
 15 2 -4 14
 15 -3 -1 303
 105 2 3 220
 15 1 -4 43
 15 2 1 354
 105 0 4 75
 15 -4 -1 287
 15 1 2 106
 15 -4 0 84
 15 0 2 336
 15 4 1 220
 15 2 2 251
 15 -4 1 304
 15 3 1 200
 105 0 3 205
 105 -1 4 242
 15 -1 2 43
 15 -1 3 335
 15 3 -2 39
 15 -2 2 68
 15 2 0 298
 15 3 0 324
 15 -2 -3 263
 15 -3 -2 84
 15 3 2 83
 55 -3 0 137
 55 1 -2 3
 55 -3 1 148
 5 -3 3 55
 55 4 0 104
 5 0 -1 288
 55 0 -2 207
 55 -2 0 57
 55 1 0 177
 55 -1 0 166
 55 -2 -1 27
 55 -2 1 108
 5 -1 -4 33
 55 0 0 132
 55 2 -3 5
 55 -1 1 168
 5 1 -3 184
 55 -2 3 234
 55 -1 -1 202
 55 -1 -2 68
 5 1 -1 72
 55 0 1 204
 5 -3 2 173
 5 0 -4 102
 55 2 -2 236
 5 4 -1 62
 5 2 -1 199
 5 3 3 181
 "contig-ratio-green-core" 1
 "contig-ratio-red-core" 0.6666666666666666
