 "a-count" 0
 "b-count" 10
 "c-color-count" 18
 "c-express-count" 18
 "d-color-count" 28
 "d-express-count" 28
 "cell-count" 56
 15 -1 1 35
 15 2 2 165
 15 -1 0 230
 15 4 -3 19
 15 3 -2 257
 15 -3 -2 24
 15 0 0 236
 15 4 0 277
 15 -2 -2 338
 15 -2 3 324
 15 1 2 219
 15 0 -4 233
 15 3 -3 182
 15 1 0 199
 15 -1 -4 260
 15 -4 -1 233
 15 1 1 331
 15 0 1 232
 15 -3 -1 187
 15 0 2 256
 15 3 -1 10
 15 2 3 44
 15 -1 2 336
 15 -1 -3 44
 15 1 3 245
 15 0 3 144
 15 -1 3 32
 15 -2 -3 322
 5 0 -1 153
 5 -4 0 296
 55 2 0 139
 55 -2 0 127
 55 -2 2 292
 55 -2 1 59
 5 -3 -3 23
 55 -2 -1 124
 55 0 -2 45
 55 0 -3 345
 55 1 -1 163
 55 1 4 264
 55 3 2 159
 5 4 -1 85
 55 1 -2 212
 5 -1 4 117
 55 2 1 271
 55 3 1 254
 5 -3 2 69
 55 1 -3 189
 5 2 -1 354
 55 2 -2 239
 5 4 1 7
 55 3 0 330
 5 2 -3 269
 5 0 4 209
 55 -3 0 272
 55 -3 1 358
 "contig-ratio-green-core" 0.9375
 "contig-ratio-red-core" 0.5217391304347826
 "a-count" 3
 "b-count" 8
 "c-color-count" 20
 "c-express-count" 20
 "d-color-count" 25
 "d-express-count" 25
 "cell-count" 56
 105 0 3 24
 15 -3 -2 333
 15 1 0 158
 15 0 0 268
 15 -4 0 121
 15 -2 -3 275
 15 1 2 26
 15 1 -1 230
 15 2 -1 280
 15 1 4 293
 15 3 0 307
 15 1 1 339
 15 3 1 85
 15 -2 3 287
 15 0 2 123
 105 -3 -3 160
 15 2 -3 256
 15 0 1 241
 15 1 -4 315
 15 -2 4 171
 15 0 -1 268
 15 2 -2 300
 15 -3 -1 6
 15 2 1 45
 15 -4 -1 309
 105 3 2 337
 15 -2 -2 132
 15 2 0 307
 55 -4 1 191
 55 -1 5 151
 55 0 -4 301
 5 -2 0 58
 55 -3 0 261
 55 -4 3 124
 55 -1 -2 318
 5 4 0 202
 55 0 -3 354
 55 -2 1 94
 55 -1 3 46
 55 1 -3 45
 55 -3 1 267
 55 -2 3 34
 5 0 -2 263
 55 -1 4 42
 55 -3 3 108
 55 -2 2 86
 55 -3 2 287
 5 -1 2 33
 5 -1 1 86
 5 -1 -1 129
 55 -1 -3 98
 55 -1 -4 262
 55 -3 3 192
 55 3 -1 289
 5 0 4 180
 5 2 2 47
 "contig-ratio-green-core" 0.5714285714285714
 "contig-ratio-red-core" 0.5555555555555556
 "a-count" 2
 "b-count" 6
 "c-color-count" 22
 "c-express-count" 22
 "d-color-count" 27
 "d-express-count" 26
 "cell-count" 56
 15 2 3 231
 15 0 2 41
 15 2 1 265
 15 -1 2 80
 15 3 1 337
 15 -4 1 121
 15 -1 -4 259
 15 -1 -2 272
 15 1 -4 328
 15 -1 -3 133
 15 3 2 212
 15 -2 -3 242
 15 -4 0 236
 15 2 2 67
 15 1 -2 168
 15 0 1 246
 15 1 1 338
 15 4 1 122
 15 1 -3 133
 15 -3 2 198
 15 1 2 271
 105 -3 -2 82
 15 1 3 344
 15 -1 3 39
 15 0 -3 243
 15 0 3 77
 15 0 -4 162
 15 0 -2 41
 55 -2 2 171
 55 0 -1 318
 5 -1 -1 160
 55 2 -2 200
 55 -2 1 260
 5 -4 -1 80
 55 -1 1 6
 55 2 -1 283
 55 4 0 140
 55 0 0 231
 55 -3 -1 83
 5 -2 -2 102
 55 3 0 96
 55 2 0 279
 55 1 4 204
 55 -3 0 133
 5 -3 3 359
 5 -2 -1 289
 55 1 -1 14
 55 -1 0 36
 55 1 0 101
 55 -2 0 105
 55 -2 3 222
 55 0 4 222
 5 -1 4 311
 55 3 -1 340
 55 -3 1 318
 55 3 -2 330
 "contig-ratio-green-core" 0.8125
 "contig-ratio-red-core" 0.7142857142857143
 "a-count" 1
 "b-count" 14
 "c-color-count" 14
 "c-express-count" 14
 "d-color-count" 27
 "d-express-count" 27
 "cell-count" 56
 15 -2 3 246
 15 -2 0 133
 15 3 3 235
 15 1 0 321
 15 2 0 352
 15 2 -2 107
 15 -1 -1 198
 15 1 -3 76
 15 -2 2 66
 15 -1 1 92
 15 -2 1 309
 15 0 0 81
 15 4 -1 274
 15 1 -2 17
 15 0 -2 316
 15 3 -1 201
 105 4 0 39
 15 -1 0 130
 15 -3 0 14
 15 2 -3 86
 15 0 -1 180
 15 0 1 357
 15 3 0 28
 15 1 -1 191
 15 -3 1 260
 15 3 1 250
 15 2 -1 116
 15 1 -4 310
 5 -1 -2 261
 55 -4 1 271
 55 -2 -2 115
 55 1 3 132
 5 1 4 84
 5 -4 0 235
 55 2 2 2
 5 -1 4 343
 55 0 3 148
 5 -3 3 71
 55 0 -3 11
 5 -4 -1 175
 55 3 -2 104
 55 1 2 282
 55 3 2 23
 55 -2 -1 148
 55 -3 -1 295
 5 0 2 272
 5 3 -3 278
 5 2 1 11
 5 -3 -2 179
 5 0 -4 339
 55 -2 -3 242
 5 0 4 300
 55 -1 -3 241
 5 -1 3 221
 55 2 3 269
 5 -3 2 348
 "contig-ratio-green-core" 1
 "contig-ratio-red-core" 0.35294117647058826
