 "a-count" 2
 "b-count" 8
 "c-color-count" 20
 "c-express-count" 20
 "d-color-count" 26
 "d-express-count" 26
 "cell-count" 56
 105 1 4 58
 15 0 -4 67
 15 -3 1 82
 15 -2 2 315
 15 2 -1 298
 15 1 3 115
 15 4 -1 46
 15 3 1 109
 15 2 3 97
 105 -1 -4 84
 15 0 4 25
 15 3 3 168
 15 3 -1 123
 15 0 -3 337
 15 1 -2 71
 15 3 -3 47
 15 -4 0 51
 15 1 2 62
 15 0 3 4
 15 3 0 6
 15 4 0 34
 15 -1 -3 176
 15 -2 0 251
 15 1 -4 79
 15 -3 0 168
 15 -2 1 176
 15 -4 -1 340
 15 1 -3 77
 55 0 -1 254
 55 0 -2 358
 55 -2 3 219
 55 -1 -2 20
 5 -2 -3 287
 5 -1 4 275
 55 2 -3 185
 5 2 0 235
 55 0 0 79
 55 0 2 96
 55 1 0 142
 5 -3 -2 133
 55 -3 -1 278
 55 -2 -2 343
 55 -1 -1 65
 55 2 1 235
 55 -1 1 62
 5 2 -2 118
 55 1 -1 273
 5 -3 3 269
 5 3 -2 106
 55 -1 0 352
 55 -2 -1 227
 55 0 1 165
 5 -4 1 192
 55 2 2 46
 55 1 1 110
 55 -1 2 312
 "contig-ratio-green-core" 1.0714285714285714
 "contig-ratio-red-core" 0.6086956521739131
 "a-count" 4
 "b-count" 11
 "c-color-count" 18
 "c-express-count" 17
 "d-color-count" 24
 "d-express-count" 24
 "cell-count" 56
 15 1 -1 161
 15 3 -2 303
 15 -2 -2 91
 15 1 3 179
 15 0 2 319
 15 2 -3 169
 15 0 -2 242
 15 2 0 314
 15 2 2 83
 15 3 -3 319
 105 1 2 47
 105 -3 2 130
 15 0 4 189
 15 2 1 176
 15 0 0 239
 15 -2 2 222
 15 0 -3 267
 15 1 0 157
 105 1 -4 247
 15 -1 1 13
 15 -3 -2 6
 15 1 1 222
 105 -4 -1 196
 15 0 -1 4
 15 2 -1 49
 15 -1 2 312
 15 0 1 170
 15 0 3 185
 55 3 1 66
 5 -3 3 257
 55 3 -1 180
 5 -1 -3 213
 55 3 3 356
 55 -2 -3 235
 55 -3 1 125
 5 1 4 264
 55 -1 -4 311
 5 -1 4 27
 55 -3 -1 260
 5 4 1 289
 5 3 2 0
 55 -2 -1 271
 55 2 3 328
 55 -2 0 26
 55 -3 0 234
 55 -1 -1 76
 55 4 -1 316
 55 4 0 187
 55 3 0 22
 55 1 -2 203
 5 -4 1 320
 5 -2 1 215
 5 -1 3 274
 55 -1 0 122
 55 1 -3 51
 5 -4 0 261
 "contig-ratio-green-core" 0.9375
 "contig-ratio-red-core" 0.6111111111111112
 "a-count" 2
 "b-count" 10
 "c-color-count" 19
 "c-express-count" 18
 "d-color-count" 26
 "d-express-count" 26
 "cell-count" 56
 15 3 -3 199
 105 -1 -4 280
 15 0 -3 302
 15 0 -1 302
 15 2 -1 232
 15 1 -1 91
 15 0 -4 347
 15 -3 1 89
 15 -1 -2 244
 15 3 1 272
 15 2 2 291
 15 -2 1 161
 15 1 -3 288
 15 -1 0 351
 15 -3 0 322
 15 0 4 15
 15 0 0 316
 105 -1 -3 121
 15 1 4 209
 15 1 0 294
 15 -2 0 3
 15 2 1 209
 15 -1 -1 181
 15 2 0 144
 15 1 5 255
 15 -3 2 2
 15 -2 -1 202
 15 0 -2 88
 55 0 1 258
 55 1 1 338
 5 -3 -2 178
 55 -3 3 257
 5 -3 -3 336
 55 -1 3 30
 5 -4 1 154
 55 4 0 240
 55 4 1 156
 55 3 -1 57
 5 -3 -1 210
 55 4 -1 22
 55 2 -3 222
 55 -1 1 24
 55 1 2 68
 5 1 -4 65
 55 -4 0 217
 5 -4 -1 223
 55 -2 -2 339
 5 -2 2 56
 55 -1 4 45
 5 3 0 67
 55 -2 3 93
 55 2 -2 194
 5 1 3 287
 55 0 2 44
 55 -1 2 268
 55 -2 -3 144
 "contig-ratio-green-core" 0.8235294117647058
 "contig-ratio-red-core" 0.5714285714285714
 "a-count" 2
 "b-count" 9
 "c-color-count" 19
 "c-express-count" 19
 "d-color-count" 26
 "d-express-count" 26
 "cell-count" 56
 15 -3 0 347
 15 -2 -2 98
 15 2 2 213
 15 -1 2 237
 15 -1 3 44
 105 -3 2 351
 15 3 2 266
 15 2 1 259
 15 1 2 206
 15 -4 1 48
 15 -2 0 69
 15 -3 1 218
 15 0 4 281
 15 0 -3 327
 15 -2 -1 26
 15 1 -4 132
 15 0 3 178
 15 2 -2 1
 15 1 3 85
 15 2 -3 109
 15 3 1 229
 105 3 3 282
 15 -4 0 271
 15 3 -2 264
 15 0 2 225
 15 0 -4 49
 15 1 -3 323
 15 -1 -3 19
 55 -1 -2 133
 55 3 -1 266
 5 1 0 229
 55 3 0 199
 55 -2 -3 146
 55 0 -1 250
 55 1 4 287
 55 1 -2 239
 5 -3 3 67
 55 0 0 124
 55 1 1 206
 55 -3 -2 321
 55 -1 0 86
 5 4 0 47
 55 0 1 216
 55 2 0 157
 55 0 -2 49
 55 1 -1 303
 5 -3 -3 337
 55 -1 1 174
 5 2 3 227
 5 -1 4 151
 55 -1 -1 124
 5 -4 -1 209
 5 -2 3 255
 55 2 -1 356
 5 4 -1 233
 55 -2 1 325
 "contig-ratio-green-core" 0.9333333333333333
 "contig-ratio-red-core" 0.625
