 "a-count" 6
 "b-count" 8
 "c-color-count" 21
 "c-express-count" 20
 "d-color-count" 23
 "d-express-count" 22
 "cell-count" 56
 105 3 3 110
 15 -2 1 56
 15 2 2 94
 15 3 0 163
 105 2 3 288
 105 1 4 14
 15 -1 4 171
 15 2 -1 208
 15 -2 -1 176
 15 1 -1 86
 15 -4 0 59
 15 -4 -1 205
 15 1 1 190
 15 2 0 29
 15 0 2 180
 15 0 1 235
 15 -1 0 200
 15 0 -1 212
 105 0 0 97
 15 -1 2 87
 15 -2 2 347
 15 -2 0 77
 15 1 0 89
 15 -3 -1 331
 15 -3 3 319
 15 -3 0 73
 15 -1 1 104
 105 0 -3 178
 55 -2 -3 343
 55 2 -2 176
 55 -3 1 110
 55 1 3 170
 55 2 1 357
 5 0 4 0
 5 -3 -2 150
 55 -1 -1 176
 55 -1 3 174
 55 4 0 251
 55 -3 2 185
 55 0 3 0
 55 1 2 106
 55 -2 3 258
 55 0 -2 27
 5 -4 1 190
 5 -1 -2 349
 55 -1 -3 83
 55 1 -4 327
 5 0 -4 202
 5 3 -1 255
 55 4 -1 104
 5 3 2 191
 55 3 1 276
 55 1 -2 292
 55 -2 -2 100
 55 3 -3 195
 55 2 -3 139
 "contig-ratio-green-core" 0.7222222222222222
 "contig-ratio-red-core" 0.8235294117647058
 "a-count" 6
 "b-count" 6
 "c-color-count" 22
 "c-express-count" 22
 "d-color-count" 24
 "d-express-count" 22
 "cell-count" 56
 15 4 0 72
 15 1 -4 88
 15 1 -1 56
 105 -3 3 108
 15 3 -2 26
 15 0 -3 242
 15 2 1 132
 15 -2 -1 279
 15 -2 -2 339
 15 -3 2 282
 15 -4 0 170
 15 -1 -3 329
 15 2 2 354
 105 -4 1 357
 15 -2 -3 65
 15 -1 0 229
 15 0 -2 124
 15 -2 3 46
 15 3 0 321
 15 3 -1 148
 15 2 3 251
 105 4 1 9
 15 2 0 275
 15 3 2 148
 15 1 0 200
 15 1 -3 341
 105 2 -1 249
 15 -2 0 213
 55 -2 2 319
 55 -1 3 356
 55 0 2 284
 55 0 -4 268
 5 -1 -4 56
 55 -1 2 274
 55 1 1 155
 5 -4 -1 165
 55 -1 -1 343
 55 -1 1 259
 5 3 3 327
 55 0 0 236
 55 -1 4 57
 55 1 -2 22
 55 -3 1 11
 5 1 4 101
 55 0 3 349
 55 3 -3 291
 55 -1 -2 16
 55 -3 0 192
 55 1 2 204
 5 0 4 155
 55 0 -1 119
 55 0 1 274
 55 2 -2 23
 5 -3 -1 96
 55 1 3 111
 55 3 -4 244
 "contig-ratio-green-core" 1
 "contig-ratio-red-core" 0.8421052631578947
 "a-count" 5
 "b-count" 8
 "c-color-count" 20
 "c-express-count" 20
 "d-color-count" 23
 "d-express-count" 23
 "cell-count" 56
 15 4 -1 118
 15 2 0 167
 15 2 1 131
 15 -3 -3 340
 15 -1 -2 85
 15 -3 0 303
 15 0 -1 187
 15 -2 -4 154
 105 -1 3 277
 15 -3 1 49
 105 3 -2 123
 15 3 2 321
 15 0 3 119
 15 -1 2 188
 15 -2 2 197
 15 -2 1 227
 15 -5 -1 227
 105 -4 1 122
 15 -1 1 194
 15 4 1 72
 15 -2 0 94
 15 1 -2 268
 15 1 -1 251
 15 -4 0 338
 15 0 2 168
 105 3 0 20
 15 4 0 5
 105 2 -2 359
 55 2 -1 64
 5 2 -3 113
 5 0 -4 108
 55 -3 -1 331
 5 -2 3 198
 55 0 1 150
 55 -2 -2 121
 55 -1 -4 6
 55 1 0 203
 5 -1 -3 2
 55 2 3 146
 55 1 3 260
 55 -4 -3 117
 5 1 -4 85
 55 -4 -1 66
 55 -2 -1 56
 55 3 -3 285
 5 3 3 109
 55 -3 -2 8
 55 1 2 270
 55 -1 -1 95
 55 1 -3 282
 5 -3 2 116
 55 0 0 300
 55 1 1 190
 55 -1 0 38
 5 1 4 235
 55 0 -3 282
 "contig-ratio-green-core" 0.9375
 "contig-ratio-red-core" 0.8125
