 "a-count" 3
 "b-count" 7
 "c-color-count" 21
 "c-express-count" 21
 "d-color-count" 25
 "d-express-count" 25
 "cell-count" 56
 15 0 -1 201
 105 -4 1 202
 15 2 -1 288
 15 -2 -1 121
 15 -2 2 14
 15 0 4 313
 15 3 1 28
 105 1 -4 205
 15 -1 4 331
 15 -3 1 113
 15 -3 0 348
 15 3 2 295
 15 0 -2 81
 15 2 -2 169
 15 3 -3 184
 15 0 -3 326
 15 -2 1 262
 15 1 -2 359
 15 1 -1 342
 15 -2 3 316
 15 2 3 155
 15 -1 -1 111
 15 -1 -2 91
 15 2 0 37
 15 4 1 110
 15 -2 0 348
 15 -4 0 256
 105 -1 -3 77
 5 3 3 104
 5 -2 -3 85
 55 2 2 336
 55 4 0 121
 55 -1 0 220
 55 1 0 188
 55 3 -2 113
 55 0 0 231
 55 1 1 326
 55 2 1 150
 55 3 -1 98
 55 4 -1 104
 55 0 1 15
 5 -2 -2 0
 5 -3 -3 114
 55 -1 -4 143
 55 1 2 102
 5 -4 -1 27
 55 -3 -2 218
 5 1 4 1
 55 -1 3 173
 55 -3 -1 49
 55 -1 1 339
 55 1 3 114
 55 -1 2 96
 55 1 -3 97
 55 0 3 115
 5 0 2 196
 "contig-ratio-green-core" 1.1875
 "contig-ratio-red-core" 0.6190476190476191
 "a-count" 7
 "b-count" 4
 "c-color-count" 24
 "c-express-count" 24
 "d-color-count" 22
 "d-express-count" 21
 "cell-count" 56
 15 2 -1 177
 15 -1 2 64
 105 2 -3 233
 105 1 -4 73
 105 -3 3 56
 15 -3 1 199
 15 2 1 165
 15 -3 0 33
 15 1 -3 199
 15 -1 -3 50
 15 -4 0 209
 15 2 -2 212
 15 -2 3 207
 15 -3 2 70
 105 -1 -4 99
 15 -2 -2 142
 15 0 -3 319
 105 -3 -2 308
 15 -3 -1 301
 15 -1 3 105
 15 4 1 350
 105 0 -4 7
 15 0 4 219
 15 4 0 2
 15 2 0 244
 15 2 3 60
 15 -2 2 159
 15 1 4 231
 5 -3 -3 207
 55 2 2 117
 55 -1 4 88
 55 -2 1 284
 55 0 -2 204
 55 1 2 305
 55 1 3 115
 55 -2 -3 269
 55 -1 0 259
 55 1 -1 105
 55 1 0 318
 55 -1 -1 0
 55 -1 -2 330
 55 0 3 26
 5 4 -1 285
 55 0 0 120
 55 0 -1 232
 55 3 -2 331
 5 3 0 65
 55 3 2 9
 55 0 2 57
 55 0 1 90
 55 -1 1 236
 55 -2 0 119
 5 -4 1 7
 55 1 -2 328
 55 3 -1 273
 55 -2 -1 195
 "contig-ratio-green-core" 0.8888888888888888
 "contig-ratio-red-core" 0.8125
 "a-count" 5
 "b-count" 4
 "c-color-count" 24
 "c-express-count" 24
 "d-color-count" 25
 "d-express-count" 23
 "cell-count" 56
 15 -1 2 299
 15 -2 1 259
 15 3 -3 156
 15 -1 -1 284
 15 -2 -2 37
 15 -1 1 248
 15 -3 0 285
 15 -3 1 81
 15 2 2 127
 15 0 0 121
 105 -2 3 130
 15 -2 0 179
 15 -1 -2 187
 15 3 3 340
 15 0 -4 181
 15 3 1 341
 15 0 1 104
 15 -2 -3 4
 105 1 1 239
 15 0 -1 198
 15 0 2 267
 15 -2 -1 216
 15 1 0 133
 15 -1 0 290
 15 0 -2 233
 15 1 2 159
 105 -3 -1 230
 15 -1 3 110
 55 -3 -2 334
 55 2 -2 222
 55 4 -1 210
 55 1 4 335
 55 1 3 171
 5 -4 0 110
 55 3 -1 127
 55 1 -4 91
 55 0 -3 138
 5 1 -3 166
 55 3 0 179
 55 0 4 268
 55 -1 4 122
 5 -2 2 68
 55 1 -2 126
 55 -4 1 290
 55 2 -1 319
 55 4 1 35
 55 -4 -1 289
 55 2 3 5
 55 0 3 349
 55 -1 -4 33
 55 -1 -3 257
 55 4 0 260
 55 2 4 301
 55 2 0 150
 55 1 -1 270
 5 3 2 31
 "contig-ratio-green-core" 0.6190476190476191
 "contig-ratio-red-core" 0.7857142857142857
