 "a-count" 7
 "b-count" 3
 "c-color-count" 25
 "c-express-count" 25
 "d-color-count" 21
 "d-express-count" 21
 "cell-count" 56
 105 -3 -3 328
 15 0 4 228
 15 -1 2 162
 15 -1 -4 119
 105 -4 1 76
 15 -3 1 106
 15 1 3 155
 15 -2 2 25
 105 -4 -1 36
 15 2 3 2
 15 0 3 224
 15 1 -4 266
 15 -4 0 182
 15 4 0 236
 15 1 -3 258
 15 -3 -1 121
 15 -1 3 284
 15 1 -2 15
 15 -2 -3 242
 105 2 -2 156
 15 4 -1 50
 105 1 4 325
 15 0 -4 141
 15 -2 -2 148
 15 -3 0 29
 15 3 0 20
 105 -2 3 179
 105 3 -2 164
 55 -2 0 160
 55 0 1 245
 55 -1 0 356
 55 1 -1 318
 5 -3 2 87
 55 0 -3 318
 55 2 1 204
 55 0 -1 233
 55 -2 -1 342
 55 1 1 180
 55 3 3 350
 55 -1 -1 143
 55 1 2 39
 55 1 0 198
 55 0 2 181
 55 -2 -4 75
 55 2 -1 289
 55 0 -2 243
 55 -1 -3 196
 55 -1 1 31
 5 3 1 354
 55 -2 1 165
 55 2 0 133
 55 -3 -2 58
 55 2 2 258
 5 2 -3 333
 55 -1 -2 16
 55 0 0 192
 "contig-ratio-green-core" 1.0714285714285714
 "contig-ratio-red-core" 0.7894736842105263
 "a-count" 3
 "b-count" 3
 "c-color-count" 25
 "c-express-count" 25
 "d-color-count" 25
 "d-express-count" 25
 "cell-count" 56
 15 2 0 225
 105 4 0 98
 15 -1 2 17
 15 -2 1 222
 15 -3 1 304
 15 3 0 37
 15 3 1 295
 15 -1 -4 4
 15 0 -4 195
 15 2 3 113
 15 3 -1 127
 105 4 1 70
 15 -3 2 343
 15 -4 -1 316
 15 2 1 32
 105 -3 -2 14
 15 1 1 226
 15 0 -3 100
 15 -2 2 325
 15 0 2 314
 15 1 2 259
 15 -2 3 24
 15 -2 -3 70
 15 -1 1 57
 15 2 2 1
 15 -1 -3 233
 15 0 1 254
 15 1 -4 264
 55 0 0 231
 55 -1 0 156
 55 -1 -1 264
 55 -2 0 349
 55 1 3 187
 55 -3 -1 85
 55 -3 0 99
 55 1 0 35
 55 0 3 319
 5 1 4 320
 55 1 -1 63
 55 -2 -1 237
 55 0 -1 322
 55 3 -2 103
 55 -1 4 209
 55 0 4 258
 55 -2 -2 218
 5 3 2 349
 55 2 -2 85
 55 -3 3 84
 55 2 -1 303
 55 1 -2 298
 55 -4 1 69
 5 2 -3 184
 55 0 -2 191
 55 -1 -2 144
 55 -1 3 25
 55 -2 4 351
 "contig-ratio-green-core" 0.8888888888888888
 "contig-ratio-red-core" 0.7619047619047619
 "a-count" 5
 "b-count" 1
 "c-color-count" 27
 "c-express-count" 27
 "d-color-count" 25
 "d-express-count" 23
 "cell-count" 56
 15 2 3 180
 15 4 1 61
 15 -3 -1 61
 15 -3 0 49
 105 1 -4 150
 15 4 0 308
 15 3 -3 239
 15 -3 1 35
 15 -3 2 212
 15 1 4 297
 15 -2 -4 84
 15 -2 3 257
 15 -4 1 187
 105 -4 -1 100
 105 0 -4 349
 15 2 -2 260
 15 3 0 326
 15 -2 2 158
 15 3 1 117
 15 1 -3 221
 15 3 2 54
 15 -2 -3 47
 15 -4 2 136
 15 2 2 209
 15 3 -1 131
 15 1 3 354
 15 4 2 142
 15 -1 3 59
 55 2 1 311
 55 -2 0 359
 55 -1 0 246
 55 -1 1 264
 55 0 1 126
 55 1 -2 245
 55 0 -2 241
 55 0 0 17
 55 1 0 193
 55 -1 -3 210
 55 0 2 171
 55 2 0 318
 55 -2 -2 233
 55 -2 1 30
 55 -3 -2 241
 55 3 -2 300
 5 -3 -3 239
 55 -1 2 199
 55 3 3 284
 55 1 -1 236
 55 -3 3 294
 55 -1 -1 43
 55 0 -1 353
 55 0 -3 227
 55 1 2 106
 55 -1 -2 91
 55 1 1 147
 55 -2 -1 115
 "contig-ratio-green-core" 0.8571428571428571
 "contig-ratio-red-core" 0.6363636363636364
 "a-count" 8
 "b-count" 6
 "c-color-count" 22
 "c-express-count" 22
 "d-color-count" 22
 "d-express-count" 20
 "cell-count" 56
 15 1 3 134
 15 4 0 110
 105 -1 4 85
 15 1 -3 19
 105 0 -4 69
 15 -1 3 171
 105 -4 -1 305
 15 0 3 6
 15 2 -3 304
 15 -3 -1 293
 15 -2 1 237
 15 3 -1 321
 105 -4 0 220
 15 1 -2 74
 15 -3 -2 354
 105 -2 2 311
 15 -3 1 131
 15 -3 0 336
 15 -1 -2 148
 15 0 -2 341
 105 1 4 68
 15 -3 2 299
 15 3 0 113
 15 2 -1 70
 15 1 2 233
 15 2 -2 285
 15 2 3 194
 15 -1 2 29
 55 3 2 147
 5 4 -1 272
 55 3 -3 308
 55 -1 -1 104
 55 2 2 339
 5 -1 -3 289
 55 1 0 228
 55 4 2 28
 55 -2 3 148
 55 -2 0 165
 5 0 -3 333
 55 -2 -1 118
 55 1 -1 278
 55 2 0 93
 55 0 0 265
 55 -3 3 290
 55 -1 0 287
 55 -2 -2 22
 55 -2 -3 175
 5 -4 1 322
 55 2 1 321
 5 -1 -4 131
 55 0 -1 134
 55 -1 1 63
 55 1 1 227
 5 3 -2 225
 55 1 -4 318
 55 0 1 15
 "contig-ratio-green-core" 0.875
 "contig-ratio-red-core" 0.6842105263157895
