 "a-count" 8
 "b-count" 7
 "c-color-count" 22
 "c-express-count" 21
 "d-color-count" 20
 "d-express-count" 20
 "cell-count" 56
 15 -2 -3 305
 15 2 -2 147
 105 -3 3 242
 15 -3 -1 188
 105 2 -3 86
 15 2 -1 272
 15 0 2 109
 105 2 3 27
 105 3 3 305
 15 -2 2 343
 105 -3 1 53
 15 -1 -3 99
 15 1 -4 359
 15 -1 2 183
 15 0 3 197
 15 2 2 100
 15 1 3 71
 15 3 -1 352
 15 1 -2 66
 15 1 2 289
 15 1 -3 149
 15 0 -3 169
 15 -3 0 316
 15 -1 3 243
 105 0 4 79
 15 -3 2 334
 105 3 -2 36
 105 -4 -1 80
 5 -1 4 263
 5 -2 1 301
 5 0 0 27
 55 0 -2 1
 55 3 0 10
 55 -2 0 234
 55 -1 1 66
 55 0 -4 187
 55 0 -1 302
 55 4 1 284
 55 4 0 241
 55 -2 -1 26
 55 1 1 176
 55 3 1 143
 55 2 1 95
 55 0 1 265
 55 3 2 23
 55 -1 -2 213
 55 -3 -2 248
 55 1 -1 308
 55 2 0 217
 5 4 -1 170
 5 1 0 305
 55 1 4 281
 55 -2 -2 292
 55 -1 -1 64
 55 -1 0 315
 5 -4 1 71
 "contig-ratio-green-core" 0.75
 "contig-ratio-red-core" 1.0769230769230769
 "a-count" 11
 "b-count" 1
 "c-color-count" 27
 "c-express-count" 27
 "d-color-count" 18
 "d-express-count" 17
 "cell-count" 56
 105 -3 2 252
 15 -2 1 189
 105 2 -1 176
 15 2 3 227
 105 -3 -2 254
 105 0 -4 116
 15 3 3 263
 105 -1 -4 279
 15 3 -1 187
 15 2 4 338
 15 -4 -1 92
 15 3 2 90
 105 2 -3 57
 15 0 4 164
 15 -1 4 33
 15 1 -2 143
 15 -1 -3 99
 105 3 1 307
 15 0 -3 80
 15 -3 1 146
 15 1 4 306
 15 -3 0 164
 105 -4 1 34
 15 -2 -3 274
 15 -2 4 154
 105 -2 3 9
 15 2 -2 194
 105 -3 3 311
 55 1 0 222
 55 1 -1 222
 55 0 0 206
 55 0 -1 46
 55 2 0 98
 55 4 -1 304
 55 1 1 42
 5 3 0 306
 55 -1 2 292
 55 2 2 138
 55 1 3 45
 55 -3 -1 266
 55 -1 -1 237
 55 1 2 132
 55 -1 3 215
 55 -1 -2 96
 55 0 1 25
 55 -1 1 139
 55 0 2 165
 55 3 -3 167
 55 -1 0 140
 55 0 3 276
 55 4 0 160
 55 -2 0 248
 55 -2 -1 90
 55 2 1 231
 55 -2 -2 246
 55 0 -2 185
 "contig-ratio-green-core" 0.8125
 "contig-ratio-red-core" 0.8333333333333334
 "a-count" 11
 "b-count" 3
 "c-color-count" 26
 "c-express-count" 25
 "d-color-count" 18
 "d-express-count" 17
 "cell-count" 56
 15 1 3 263
 15 -1 -3 230
 15 -3 0 200
 15 2 3 281
 105 3 2 223
 15 -2 3 76
 105 4 -1 258
 15 -3 1 316
 15 -2 -3 262
 15 0 -3 73
 15 -4 0 189
 15 -1 4 262
 15 -2 1 245
 105 -4 1 271
 105 -3 -2 131
 15 0 4 104
 15 -2 2 242
 15 3 0 68
 15 -2 -2 87
 15 3 -2 23
 105 1 4 124
 105 -3 2 252
 15 0 -4 13
 105 1 -3 35
 105 3 3 132
 15 2 2 238
 105 4 0 174
 105 1 -4 124
 55 2 -2 244
 5 3 -3 247
 55 0 0 268
 55 0 2 280
 55 -1 -2 213
 55 -1 -1 225
 55 0 -1 207
 55 2 -1 337
 55 0 -2 271
 55 -4 -1 87
 55 1 0 57
 55 -1 -4 69
 55 2 0 262
 55 1 -1 228
 55 -3 -1 67
 55 1 -2 342
 55 2 1 182
 55 0 3 235
 55 0 1 15
 55 -2 -1 185
 55 -1 0 79
 55 1 2 193
 55 1 1 288
 55 -1 2 288
 55 -1 3 170
 55 -1 1 165
 55 4 1 79
 5 2 -3 268
 "contig-ratio-green-core" 0.9285714285714286
 "contig-ratio-red-core" 0.9285714285714286
 "a-count" 4
 "b-count" 3
 "c-color-count" 25
 "c-express-count" 25
 "d-color-count" 25
 "d-express-count" 24
 "cell-count" 56
 15 2 2 51
 15 -1 3 278
 15 0 3 285
 15 1 -4 155
 15 -1 -3 40
 15 -3 1 67
 105 -1 4 86
 15 0 -3 109
 15 1 2 70
 15 1 1 91
 15 -3 0 350
 15 0 4 151
 15 -4 0 13
 15 -3 -2 199
 15 -3 -1 52
 105 0 -4 328
 15 3 -2 309
 15 3 0 74
 15 3 1 228
 15 4 1 148
 15 3 2 349
 15 2 1 111
 15 3 -3 21
 15 1 -3 141
 15 3 -1 73
 15 -2 2 106
 15 -2 3 279
 105 -3 2 21
 55 -2 0 336
 55 2 -2 133
 55 1 0 37
 55 -1 0 88
 55 0 2 108
 55 2 -1 13
 55 1 -1 245
 55 -1 1 283
 55 0 0 95
 55 -2 -1 38
 55 0 -2 40
 5 -2 -3 5
 55 -3 3 204
 5 4 0 302
 55 -1 -2 162
 55 0 -1 192
 55 3 3 222
 55 0 1 167
 55 -1 -1 266
 55 1 -2 94
 55 2 0 201
 55 2 3 126
 55 -2 1 181
 55 1 4 68
 5 -4 -1 324
 55 1 3 96
 55 -2 -2 264
 55 -1 2 95
 "contig-ratio-green-core" 1.0588235294117647
 "contig-ratio-red-core" 0.8421052631578947
