 "a-count" 9
 "b-count" 4
 "c-color-count" 24
 "c-express-count" 24
 "d-color-count" 19
 "d-express-count" 19
 "cell-count" 56
 15 3 0 154
 15 -3 -2 61
 15 3 1 199
 15 -1 2 111
 15 0 -3 258
 15 -2 -2 128
 15 2 -2 141
 105 -3 3 235
 105 1 4 164
 15 -1 1 207
 15 -4 0 344
 105 3 -2 78
 15 4 1 343
 15 -4 -1 196
 15 1 -3 128
 15 -3 2 231
 105 -2 2 83
 15 3 -1 269
 105 3 3 317
 105 2 3 292
 15 -1 -2 4
 15 1 -4 268
 105 3 -3 94
 105 2 -4 0
 15 -2 1 47
 15 0 -4 128
 105 -1 -4 174
 15 2 -3 330
 55 1 0 183
 55 -3 0 62
 55 0 -2 112
 55 1 3 127
 5 4 -1 357
 55 0 -1 241
 55 -3 1 345
 55 1 -1 212
 55 2 0 320
 5 4 0 23
 55 -1 -3 163
 55 -1 -1 328
 55 -2 0 13
 55 -2 -1 72
 55 -3 -1 246
 55 0 0 276
 55 1 2 188
 55 -1 0 37
 55 0 2 90
 55 1 1 307
 55 -2 -3 112
 5 3 2 120
 55 0 3 13
 55 1 -2 302
 5 -1 3 41
 55 2 -1 87
 55 2 1 150
 55 0 1 141
 "contig-ratio-green-core" 0.7894736842105263
 "contig-ratio-red-core" 0.8666666666666667
 "a-count" 9
 "b-count" 6
 "c-color-count" 22
 "c-express-count" 22
 "d-color-count" 20
 "d-express-count" 19
 "cell-count" 56
 105 0 -4 220
 15 -1 -3 127
 15 0 4 243
 15 -1 0 352
 15 1 4 90
 15 3 1 338
 15 2 3 174
 105 3 2 243
 15 -1 -2 254
 105 -3 -3 11
 15 -2 3 315
 105 4 1 298
 105 -2 -3 220
 15 -1 3 220
 15 1 -3 123
 15 -2 -2 158
 15 3 3 228
 15 0 3 113
 15 -2 2 199
 15 2 -3 92
 105 1 -4 94
 105 -4 -1 6
 105 -1 4 19
 15 -1 -1 13
 15 3 -3 98
 15 0 -3 25
 15 2 2 16
 15 0 -1 241
 55 -2 1 350
 55 -3 1 211
 55 3 0 290
 55 1 2 238
 5 4 -1 3
 55 2 4 314
 55 4 0 259
 55 0 0 76
 55 -1 1 243
 5 -4 1 128
 5 -3 3 117
 55 1 -1 120
 55 0 2 249
 55 2 0 108
 55 0 1 57
 55 1 1 330
 55 2 1 54
 5 -1 -4 186
 55 2 -1 314
 55 -3 -1 170
 55 -3 0 200
 5 -3 2 272
 55 -3 -2 294
 55 3 -2 183
 55 -1 2 273
 5 -2 -1 12
 55 1 0 340
 55 3 -1 172
 "contig-ratio-green-core" 0.6923076923076923
 "contig-ratio-red-core" 0.631578947368421
 "a-count" 8
 "b-count" 2
 "c-color-count" 26
 "c-express-count" 26
 "d-color-count" 20
 "d-express-count" 20
 "cell-count" 56
 15 -4 0 85
 15 2 3 136
 15 -3 -2 356
 105 3 2 212
 15 2 2 67
 15 0 -3 22
 15 -3 0 237
 15 0 -4 203
 15 -1 -3 233
 105 3 0 151
 15 -2 -3 54
 15 -3 1 54
 105 -2 3 348
 15 -2 2 16
 105 1 -2 122
 15 -3 -1 332
 105 1 -4 163
 105 3 -3 171
 15 3 -1 157
 15 4 1 323
 15 -1 3 307
 15 -1 4 278
 15 -3 2 87
 15 4 0 110
 15 3 -2 285
 105 2 -3 121
 15 -4 -1 66
 105 -3 -3 100
 55 -1 0 334
 55 0 1 38
 55 1 1 35
 55 -4 1 140
 55 1 4 290
 55 -1 -2 59
 5 -1 -4 168
 55 -1 -1 258
 55 2 1 93
 55 -1 2 331
 55 3 1 296
 55 1 3 184
 55 0 2 9
 55 0 0 3
 55 -2 1 303
 55 -2 -1 176
 55 0 -1 192
 55 2 -1 171
 55 0 -2 97
 55 -1 1 125
 55 0 3 88
 5 1 -3 79
 55 1 0 259
 55 -2 0 297
 55 1 2 175
 55 1 -1 290
 55 2 0 216
 55 -2 -2 124
 "contig-ratio-green-core" 0.8125
 "contig-ratio-red-core" 0.7857142857142857
 "a-count" 6
 "b-count" 3
 "c-color-count" 25
 "c-express-count" 25
 "d-color-count" 24
 "d-express-count" 22
 "cell-count" 56
 15 -1 -5 74
 105 1 3 207
 15 -1 3 277
 105 2 -1 64
 15 -1 2 324
 105 -3 2 105
 15 3 2 262
 105 3 -3 290
 15 -2 -3 71
 15 1 -1 60
 15 0 3 220
 15 1 1 183
 15 0 1 130
 15 1 -2 259
 15 -4 -1 46
 15 -1 -3 311
 15 -3 -4 20
 15 0 -1 205
 15 3 -1 97
 15 0 -2 200
 15 -1 -4 249
 15 0 2 172
 15 1 0 349
 15 0 -3 217
 15 0 0 325
 15 -2 -4 333
 15 -4 -2 8
 15 2 0 190
 55 -2 4 263
 55 -4 0 300
 55 -2 3 58
 55 -2 2 289
 55 4 -1 177
 55 3 -2 260
 55 4 0 251
 5 -3 0 127
 55 -1 0 199
 55 -4 1 318
 55 -2 -2 313
 55 2 -2 34
 55 1 -4 129
 55 -2 0 183
 55 -1 1 2
 55 1 -3 294
 5 -2 1 302
 5 -3 1 134
 55 2 -3 129
 55 -1 4 193
 55 -3 -2 250
 55 2 1 307
 55 -3 -1 78
 55 3 1 57
 55 -2 -1 255
 55 0 4 220
 55 -3 -3 205
 55 -1 -1 29
 "contig-ratio-green-core" 0.75
 "contig-ratio-red-core" 0.8095238095238095
