 "a-count" 8
 "b-count" 6
 "c-color-count" 22
 "c-express-count" 22
 "d-color-count" 22
 "d-express-count" 20
 "cell-count" 56
 15 -4 0 75
 15 2 2 213
 15 0 3 60
 15 -4 1 356
 15 -3 2 275
 15 0 -4 75
 15 -1 3 56
 15 0 -3 54
 15 1 -1 96
 15 -3 -2 260
 15 -3 1 241
 15 0 -1 16
 15 4 1 122
 15 4 0 158
 15 -2 -3 197
 15 1 -2 166
 15 -3 0 253
 105 3 3 108
 105 1 4 194
 105 -2 -1 240
 15 -1 -4 196
 15 2 -3 213
 15 -1 -1 19
 105 2 3 300
 105 -3 -1 321
 15 0 -2 146
 105 3 -2 239
 15 3 -3 290
 55 0 1 172
 55 3 1 214
 55 2 1 328
 55 1 0 123
 55 1 1 275
 55 -1 -3 137
 55 -1 2 136
 55 2 -1 296
 55 0 0 116
 55 -1 4 243
 55 -1 1 239
 55 -2 0 23
 5 0 4 92
 55 3 -1 143
 5 2 0 162
 55 -3 -3 120
 55 -1 0 223
 55 1 2 225
 55 -2 3 298
 55 -2 1 175
 5 -3 3 2
 5 1 3 240
 55 3 0 190
 55 -2 2 220
 5 3 2 137
 55 2 -2 1
 55 0 2 349
 5 1 -4 218
 "contig-ratio-green-core" 0.7647058823529411
 "contig-ratio-red-core" 0.8947368421052632
 "a-count" 10
 "b-count" 4
 "c-color-count" 24
 "c-express-count" 24
 "d-color-count" 20
 "d-express-count" 18
 "cell-count" 56
 105 2 -3 290
 15 4 1 122
 15 3 0 254
 105 1 -4 153
 105 -3 3 225
 15 0 3 11
 15 -3 -3 268
 15 1 3 129
 15 -1 2 260
 15 -4 -1 201
 15 2 3 83
 15 -2 2 320
 105 -1 4 156
 15 -3 1 329
 15 -2 1 81
 105 0 -4 337
 15 -1 -3 256
 15 -1 3 324
 15 -4 0 107
 15 3 1 297
 105 1 -3 174
 15 0 -3 359
 105 3 -1 167
 15 2 -2 202
 15 -1 1 187
 105 -1 -4 189
 15 2 -1 142
 15 4 0 82
 55 -3 0 121
 55 1 -2 278
 55 -1 -2 91
 55 -1 -1 213
 55 1 1 326
 55 -3 -1 215
 55 2 2 178
 55 1 2 258
 55 1 -1 175
 5 -2 -3 39
 55 0 1 13
 5 3 -2 54
 55 -2 -2 21
 55 3 2 181
 55 2 0 284
 55 0 2 88
 55 0 -1 287
 5 3 3 197
 5 -4 1 138
 55 4 -1 64
 55 2 1 203
 55 -2 -1 55
 55 -3 -2 35
 55 -2 0 88
 55 -1 0 129
 55 1 0 23
 55 0 -2 89
 55 0 0 23
 "contig-ratio-green-core" 1
 "contig-ratio-red-core" 0.875
 "a-count" 8
 "b-count" 3
 "c-color-count" 26
 "c-express-count" 25
 "d-color-count" 21
 "d-express-count" 20
 "cell-count" 56
 15 -1 -2 256
 15 2 -2 24
 15 2 -1 25
 15 0 -2 346
 15 -2 2 351
 15 0 2 108
 15 1 2 229
 105 1 -3 340
 105 -1 4 135
 15 -1 -1 350
 15 -2 -1 198
 15 3 1 333
 15 -1 3 346
 15 -1 2 283
 15 2 3 5
 15 3 -1 4
 105 1 3 50
 15 0 -4 200
 105 1 4 47
 15 0 3 155
 15 2 1 249
 15 -3 2 94
 105 2 -3 100
 105 3 0 70
 15 2 0 343
 15 2 2 118
 15 1 -2 26
 105 0 -3 271
 55 4 0 115
 55 -1 0 344
 55 -3 0 130
 55 4 -2 55
 5 -3 3 258
 55 -3 -2 1
 55 4 -1 275
 55 3 -2 81
 55 1 0 164
 55 -2 1 154
 55 -1 1 36
 55 0 0 322
 55 0 4 221
 55 -2 0 354
 55 -1 -3 196
 55 -4 0 58
 55 -1 -4 267
 55 0 -1 66
 55 -3 -1 133
 55 3 2 72
 55 -4 -1 243
 55 1 -1 277
 55 4 1 193
 5 -2 3 302
 55 4 2 55
 55 3 3 66
 55 -3 -3 91
 55 -3 1 122
 "contig-ratio-green-core" 0.8
 "contig-ratio-red-core" 0.8
