 "a-count" 10
 "b-count" 5
 "c-color-count" 24
 "c-express-count" 23
 "d-color-count" 19
 "d-express-count" 18
 "cell-count" 56
 105 1 4 82
 15 0 3 307
 15 -1 2 206
 105 2 -3 13
 15 -1 -2 233
 15 3 3 6
 105 1 -3 91
 15 4 0 75
 105 3 -2 316
 15 -1 -1 336
 15 0 4 154
 15 -3 -3 103
 105 0 -4 218
 15 0 -2 41
 15 1 -2 319
 15 -3 1 143
 105 -3 2 161
 15 4 1 176
 15 3 -1 150
 15 -2 2 14
 105 3 -3 295
 15 -2 1 329
 15 2 2 228
 105 1 -4 327
 15 -4 0 51
 105 0 -3 133
 15 -1 3 160
 15 -4 1 32
 55 -1 1 67
 55 0 1 315
 55 2 -1 177
 55 0 0 324
 55 -2 3 216
 55 -2 -3 254
 5 -4 -1 270
 5 -2 0 329
 55 1 3 294
 55 -3 0 317
 55 1 0 272
 55 2 0 261
 55 0 -1 169
 55 -3 -2 76
 5 2 3 25
 55 -2 -2 127
 55 1 1 124
 55 -1 -3 129
 55 -3 -1 181
 55 2 -2 261
 55 -1 0 154
 55 1 -1 330
 55 3 0 65
 5 -3 3 172
 55 2 1 88
 55 1 2 328
 55 0 2 178
 55 3 1 30
 "contig-ratio-green-core" 0.8421052631578947
 "contig-ratio-red-core" 0.875
 "a-count" 11
 "b-count" 3
 "c-color-count" 25
 "c-express-count" 25
 "d-color-count" 18
 "d-express-count" 17
 "cell-count" 56
 15 1 -3 35
 15 2 1 178
 105 2 -2 316
 105 -4 1 92
 15 2 -3 343
 105 -3 -3 346
 15 -4 0 6
 15 -3 -1 44
 15 3 2 312
 15 -2 -3 159
 15 -2 2 237
 15 2 0 4
 15 -3 2 128
 15 -3 -2 201
 15 3 0 71
 105 1 -4 136
 15 2 -1 162
 15 0 4 279
 15 -2 -2 101
 15 -1 3 201
 105 3 -1 180
 105 -4 -1 254
 105 4 1 57
 105 -1 4 58
 105 4 -1 180
 105 4 0 323
 15 3 1 72
 15 -2 -1 168
 55 -1 2 47
 55 0 -1 81
 55 0 2 94
 55 0 3 315
 55 -3 3 221
 55 -1 -1 116
 55 1 3 219
 55 0 -2 358
 55 1 1 328
 55 -2 1 191
 55 0 1 297
 55 -2 0 133
 55 -3 0 299
 5 -2 3 224
 55 1 2 72
 55 1 0 145
 55 0 0 157
 55 -1 -4 95
 55 -1 0 359
 55 -2 -4 350
 55 2 2 238
 55 0 -4 38
 55 1 -1 185
 55 -1 -3 57
 55 -3 1 196
 55 0 -3 351
 5 1 4 63
 5 3 -2 65
 "contig-ratio-green-core" 0.65
 "contig-ratio-red-core" 1
