 "a-count" 7
 "b-count" 1
 "c-color-count" 27
 "c-express-count" 27
 "d-color-count" 21
 "d-express-count" 21
 "cell-count" 56
 105 4 -1 14
 15 1 -3 200
 15 0 2 117
 15 -3 -2 173
 15 -4 -1 200
 15 3 -1 183
 105 1 -4 219
 15 3 -3 88
 15 2 -2 87
 15 3 -2 282
 15 -4 0 140
 105 3 2 141
 15 0 -4 90
 15 -1 4 205
 105 -1 1 68
 15 -3 1 218
 15 3 0 199
 15 -1 3 106
 15 0 4 49
 105 -3 -3 80
 15 0 -3 28
 15 4 0 237
 105 -2 1 185
 105 2 3 233
 15 -1 -4 215
 15 4 1 190
 15 -1 -3 353
 15 -2 -3 173
 55 1 3 112
 55 -2 0 145
 55 1 -2 125
 55 -2 3 248
 55 2 -1 98
 55 -4 1 164
 55 1 1 245
 55 2 0 62
 55 0 1 236
 55 -1 0 127
 55 1 4 235
 55 -2 -2 145
 55 2 1 325
 55 -3 3 268
 55 -3 0 332
 55 1 -1 55
 55 0 0 247
 55 1 2 167
 55 1 0 43
 55 4 2 113
 55 -2 -1 75
 55 -3 -1 265
 55 0 -2 25
 55 0 -1 280
 5 2 2 197
 55 -1 -2 34
 55 3 1 143
 55 -1 -1 350
 "contig-ratio-green-core" 0.9375
 "contig-ratio-red-core" 0.6842105263157895
 "a-count" 5
 "b-count" 6
 "c-color-count" 23
 "c-express-count" 22
 "d-color-count" 23
 "d-express-count" 23
 "cell-count" 56
 15 1 3 329
 15 -1 -3 230
 15 2 2 221
 15 -2 -1 283
 15 -2 3 222
 15 2 0 340
 105 0 -4 164
 105 3 1 289
 15 -2 2 86
 15 -3 -1 31
 105 1 4 114
 15 1 -3 100
 15 -3 1 312
 15 -1 2 146
 105 -1 -4 220
 15 1 -2 346
 15 3 -2 276
 15 2 -1 220
 15 2 -3 161
 15 1 -1 6
 15 0 3 17
 15 2 1 90
 15 0 -3 26
 15 -2 -2 276
 15 3 2 140
 15 4 1 337
 15 -4 0 256
 105 -3 -2 193
 55 1 -4 56
 5 0 4 116
 5 4 -1 59
 55 -3 -3 226
 55 2 3 230
 55 -1 1 279
 55 -4 -1 279
 55 3 3 261
 55 0 -1 192
 55 0 -2 127
 55 -1 -2 114
 55 -1 0 43
 55 1 1 164
 55 1 2 82
 5 -3 3 188
 5 3 -3 282
 55 0 0 81
 55 1 0 117
 55 -2 -3 253
 55 -1 -1 90
 55 -3 0 149
 55 -2 1 279
 55 -2 0 135
 5 -1 4 9
 55 0 2 220
 55 3 -1 181
 55 4 0 99
 55 0 1 43
 "contig-ratio-green-core" 1.1111111111111112
 "contig-ratio-red-core" 1.0555555555555556
 "a-count" 9
 "b-count" 6
 "c-color-count" 22
 "c-express-count" 22
 "d-color-count" 20
 "d-express-count" 19
 "cell-count" 56
 105 4 -1 232
 15 0 -2 200
 15 3 -2 29
 15 4 0 166
 15 2 0 355
 15 1 3 149
 15 -2 2 312
 105 -2 3 177
 15 4 -2 260
 105 0 4 158
 105 -3 2 143
 15 -4 1 338
 15 1 4 105
 15 3 0 284
 15 -2 1 295
 15 -1 -2 121
 15 2 -2 294
 15 1 -2 61
 15 2 -1 0
 15 0 -3 324
 15 -2 -3 149
 105 1 -3 333
 15 3 3 125
 15 -1 -3 258
 105 0 -4 333
 105 2 -3 23
 15 0 3 278
 105 3 -1 245
 55 0 -1 184
 55 -2 -1 247
 5 -3 0 30
 55 2 3 4
 55 -1 -1 323
 55 -3 -2 209
 55 -2 0 132
 55 0 2 352
 55 2 1 303
 55 -1 2 101
 5 -1 3 176
 55 1 0 294
 55 -1 0 144
 55 -3 -1 103
 55 0 0 119
 55 2 2 197
 55 1 2 154
 55 0 1 106
 55 -1 1 347
 55 1 1 296
 55 -2 -2 152
 55 3 1 212
 55 1 -1 74
 5 -3 3 199
 5 1 -4 4
 55 3 2 311
 5 3 -3 108
 5 -1 -4 158
 "contig-ratio-green-core" 0.75
 "contig-ratio-red-core" 0.8125
 "a-count" 8
 "b-count" 6
 "c-color-count" 22
 "c-express-count" 22
 "d-color-count" 20
 "d-express-count" 20
 "cell-count" 56
 15 1 2 71
 15 -1 -3 136
 15 0 3 235
 15 -2 2 248
 15 -4 1 141
 105 -3 3 114
 15 -2 -3 125
 15 4 1 25
 15 -3 1 356
 15 -3 0 59
 15 1 -2 81
 105 0 4 68
 15 0 -2 26
 105 -1 3 237
 15 3 3 173
 15 -1 -2 225
 105 -1 4 122
 105 3 -3 211
 15 0 -3 61
 15 2 2 76
 105 2 3 290
 15 -4 0 18
 105 1 3 255
 105 1 -4 142
 15 0 2 138
 15 1 4 215
 15 -1 2 180
 15 -2 3 116
 5 -3 -2 153
 55 -2 0 51
 55 3 1 295
 55 3 -1 290
 55 2 -1 158
 5 -1 -4 209
 5 -4 -1 282
 5 1 -3 251
 55 -3 -1 305
 55 0 0 50
 55 3 0 279
 5 1 0 276
 55 -2 -2 138
 55 -1 0 4
 55 2 1 338
 55 -2 -1 205
 55 1 -1 212
 5 4 -1 95
 55 0 -1 94
 55 -1 -1 63
 55 -1 1 247
 55 2 0 342
 55 3 -2 21
 55 1 1 141
 55 0 -4 96
 55 0 1 245
 55 -2 1 261
 55 3 2 311
 "contig-ratio-green-core" 0.8235294117647058
 "contig-ratio-red-core" 0.7222222222222222
