 "a-count" 6
 "b-count" 2
 "c-color-count" 26
 "c-express-count" 26
 "d-color-count" 22
 "d-express-count" 22
 "cell-count" 56
 15 -3 3 141
 15 -3 0 115
 15 3 0 84
 105 3 -3 125
 15 -2 -2 275
 15 -4 1 13
 15 0 4 272
 15 1 1 215
 15 2 1 130
 15 -2 4 155
 15 -1 4 312
 105 3 3 4
 15 4 0 98
 15 3 1 217
 15 2 0 119
 15 1 2 251
 15 -3 -1 8
 15 2 3 152
 105 -3 2 112
 105 4 1 312
 105 -1 -4 19
 15 -3 1 286
 15 0 -3 225
 15 -3 -2 233
 15 -4 0 33
 105 1 -4 23
 15 1 -2 235
 15 1 3 163
 55 -1 2 41
 55 0 0 144
 55 3 -2 75
 55 1 0 292
 55 2 -3 267
 55 1 -1 186
 55 -2 3 299
 55 -1 -2 63
 55 -2 0 220
 55 3 -1 225
 5 2 -2 68
 5 1 4 113
 55 0 -1 198
 55 -1 -1 297
 55 0 -4 37
 55 -1 0 347
 55 0 1 58
 55 -1 1 343
 55 0 3 89
 55 2 -1 235
 55 0 2 201
 55 -2 1 65
 55 -1 3 293
 55 4 -1 199
 55 -2 2 1
 55 -2 -3 247
 55 1 -3 328
 55 0 -2 134
 "contig-ratio-green-core" 0.7894736842105263
 "contig-ratio-red-core" 0.6875
 "a-count" 6
 "b-count" 4
 "c-color-count" 25
 "c-express-count" 24
 "d-color-count" 22
 "d-express-count" 22
 "cell-count" 56
 15 1 2 176
 15 3 -3 94
 15 1 -3 235
 105 -4 1 295
 105 -3 2 157
 15 1 3 160
 15 3 1 226
 105 4 -1 43
 15 -3 0 332
 15 -3 1 218
 15 -2 2 177
 15 -1 -4 196
 15 -1 4 135
 15 3 0 240
 15 -2 -1 70
 15 -3 3 142
 105 1 -4 154
 15 -2 1 194
 15 -2 -2 131
 15 0 -3 162
 15 2 2 3
 15 -4 0 112
 105 2 3 254
 15 -2 3 178
 15 -2 0 66
 15 0 4 9
 105 -3 -2 312
 15 0 -4 224
 5 1 4 46
 55 -1 -2 110
 55 -1 3 201
 55 4 0 134
 55 -1 -1 139
 5 3 -1 111
 55 2 1 227
 55 1 -2 26
 55 -1 2 308
 55 0 1 356
 55 -1 0 77
 55 2 0 24
 55 1 1 223
 55 0 3 129
 55 -1 -3 256
 55 0 0 145
 55 2 -2 314
 55 1 -1 103
 55 3 -2 316
 55 0 -2 330
 55 1 0 234
 55 0 2 197
 55 0 -1 296
 55 3 2 216
 55 2 -1 306
 55 -4 -1 86
 55 4 1 347
 5 -3 -3 187
 "contig-ratio-green-core" 0.8888888888888888
 "contig-ratio-red-core" 0.8421052631578947
 "a-count" 11
 "b-count" 3
 "c-color-count" 26
 "c-express-count" 25
 "d-color-count" 19
 "d-express-count" 17
 "cell-count" 56
 15 2 -3 319
 105 -3 3 136
 105 -4 0 63
 105 3 2 327
 15 -1 3 339
 15 -3 -1 304
 15 -4 1 240
 15 0 3 32
 105 1 -3 207
 15 -2 3 140
 15 3 1 43
 15 2 2 229
 15 -3 1 89
 15 -1 -3 184
 105 3 -3 288
 15 -2 -3 296
 15 3 -2 325
 15 2 1 331
 15 -3 -2 135
 105 0 -4 48
 15 -3 2 1
 105 3 3 320
 15 -1 -4 229
 105 1 4 287
 15 -2 -2 303
 105 0 4 138
 15 4 1 300
 15 -3 0 297
 55 0 -2 328
 55 -2 2 203
 55 4 0 218
 5 -3 -3 204
 55 1 -1 243
 55 2 3 221
 55 2 -2 221
 55 0 0 254
 55 -1 2 287
 55 1 2 138
 55 -2 -1 173
 55 2 -1 14
 55 4 -1 49
 55 0 -3 75
 55 -2 0 225
 55 -1 1 2
 55 0 1 117
 55 3 -1 310
 55 0 -1 27
 5 1 -2 193
 55 2 0 162
 55 3 0 305
 55 -2 1 3
 55 0 2 62
 55 1 1 198
 55 -1 0 308
 55 1 0 281
 55 -1 -1 171
 "contig-ratio-green-core" 0.8823529411764706
 "contig-ratio-red-core" 0.9285714285714286
