 "a-count" 3
 "b-count" 6
 "c-color-count" 22
 "c-express-count" 22
 "d-color-count" 25
 "d-express-count" 25
 "cell-count" 56
 15 -1 3 71
 15 -1 2 106
 15 1 2 166
 15 0 4 283
 15 -1 -1 73
 105 -4 0 267
 15 -2 -3 323
 15 1 -4 16
 15 -3 -2 337
 15 4 0 223
 15 -3 0 313
 15 -1 -2 37
 15 2 -3 82
 15 -2 0 272
 15 0 2 112
 15 2 2 358
 15 4 -1 12
 15 -2 -2 323
 15 3 -1 217
 15 -3 -1 352
 15 -4 1 44
 15 -3 1 73
 105 3 -3 232
 15 1 3 31
 105 -1 -3 46
 15 0 3 306
 15 -1 4 82
 15 0 -3 189
 55 -1 1 277
 55 -3 3 125
 55 0 -2 14
 55 0 1 311
 5 -2 2 90
 55 1 1 173
 5 3 3 19
 55 -1 0 270
 55 1 -3 347
 55 3 0 193
 55 3 1 122
 5 -4 -1 228
 5 0 -4 116
 55 2 -1 331
 55 4 1 173
 55 -3 2 358
 5 1 4 318
 55 -3 -3 359
 55 0 -1 157
 55 1 0 306
 55 -2 1 215
 55 1 -1 136
 55 2 -2 29
 55 2 0 24
 55 1 -2 21
 55 2 1 3
 5 3 2 58
 55 0 0 306
 "contig-ratio-green-core" 0.8666666666666667
 "contig-ratio-red-core" 0.7142857142857143
 "a-count" 7
 "b-count" 6
 "c-color-count" 22
 "c-express-count" 22
 "d-color-count" 21
 "d-express-count" 21
 "cell-count" 56
 15 -2 1 123
 15 4 1 6
 105 -4 1 122
 105 1 -4 302
 15 -3 -1 284
 15 -1 -2 79
 15 2 0 280
 105 -2 3 359
 15 2 2 181
 15 2 -1 129
 15 3 3 280
 15 -3 -2 150
 15 1 3 29
 15 -2 -2 242
 15 2 4 153
 15 3 0 167
 105 4 2 199
 15 -3 1 11
 105 -3 2 90
 15 0 -3 175
 15 -2 2 63
 15 3 1 98
 15 2 3 57
 15 2 1 62
 15 1 4 281
 15 1 -3 333
 105 3 2 208
 105 -3 -3 277
 55 1 -2 219
 55 0 1 309
 55 -2 -1 281
 55 2 -3 250
 5 -4 -1 144
 55 0 2 66
 5 3 -2 37
 55 -1 3 275
 5 0 4 278
 55 -2 0 26
 55 1 0 146
 55 -1 2 253
 55 3 -3 207
 55 0 0 30
 5 0 -4 94
 55 -1 1 306
 55 1 1 328
 55 -4 0 209
 5 4 -1 130
 55 0 -1 47
 55 -1 -1 12
 5 -1 -3 31
 55 0 -2 324
 55 1 -1 204
 55 4 0 74
 55 0 3 18
 55 1 2 285
 55 -1 0 288
 "contig-ratio-green-core" 0.8235294117647058
 "contig-ratio-red-core" 0.7777777777777778
 "a-count" 8
 "b-count" 5
 "c-color-count" 23
 "c-express-count" 23
 "d-color-count" 20
 "d-express-count" 20
 "cell-count" 56
 15 -3 0 274
 15 3 -2 228
 15 -2 -2 201
 105 2 -3 108
 105 0 4 267
 15 4 -1 295
 15 -1 -3 208
 105 -3 3 154
 105 1 3 306
 15 1 -4 242
 105 -1 -4 348
 15 -2 2 225
 105 3 2 76
 15 -4 0 245
 15 1 2 102
 15 0 -4 253
 105 0 3 150
 15 -2 3 225
 15 4 1 164
 15 -3 -1 100
 15 -3 1 68
 15 2 2 14
 15 3 -1 267
 15 -1 3 167
 105 3 -3 128
 15 -3 -2 157
 15 4 0 89
 15 -2 -3 52
 55 0 0 48
 55 -1 1 109
 55 3 0 34
 5 -4 1 133
 55 0 2 133
 55 -1 2 346
 5 2 3 97
 55 0 -2 14
 55 1 1 308
 55 2 0 245
 55 1 -1 107
 55 2 -2 255
 55 1 -3 22
 55 -2 -1 274
 55 2 -1 19
 5 -2 -4 214
 55 -2 0 27
 55 0 -1 190
 55 0 1 284
 55 0 -3 74
 5 -1 4 176
 55 -2 1 198
 55 2 1 94
 55 -1 0 177
 55 1 -2 95
 5 -3 -3 156
 55 -1 -1 207
 55 3 1 320
 "contig-ratio-green-core" 0.8823529411764706
 "contig-ratio-red-core" 0.7857142857142857
 "a-count" 11
 "b-count" 4
 "c-color-count" 25
 "c-express-count" 24
 "d-color-count" 17
 "d-express-count" 17
 "cell-count" 56
 105 0 4 355
 105 -2 -3 326
 15 -3 1 3
 15 -1 -3 162
 15 -1 -2 179
 15 1 3 185
 105 -4 1 313
 105 -2 3 309
 15 3 1 313
 15 -3 -1 224
 105 -3 0 7
 15 3 0 65
 105 3 -1 63
 105 -4 0 261
 15 -2 2 6
 15 2 3 176
 15 2 -1 142
 15 2 -2 102
 15 -1 3 122
 105 1 4 282
 105 4 -1 48
 15 -1 -4 33
 105 3 3 334
 15 0 -3 263
 15 0 3 249
 105 -1 4 252
 15 -2 -2 147
 15 -3 2 346
 5 4 1 8
 55 -1 0 216
 55 -1 2 171
 55 -2 1 236
 55 4 0 216
 55 1 -2 83
 55 1 -1 153
 55 0 2 342
 55 -1 -1 247
 55 1 -4 291
 55 0 -4 212
 5 -3 -2 58
 5 3 -3 299
 55 -2 0 226
 55 -1 1 262
 55 -2 -1 286
 55 2 2 352
 55 3 -2 22
 55 0 -1 240
 55 1 -3 241
 55 2 1 248
 55 2 0 20
 55 1 1 130
 55 1 2 263
 55 0 0 297
 55 1 0 228
 55 0 1 322
 55 0 -2 323
 "contig-ratio-green-core" 0.8823529411764706
 "contig-ratio-red-core" 1
