 "a-count" 8
 "b-count" 3
 "c-color-count" 25
 "c-express-count" 25
 "d-color-count" 20
 "d-express-count" 20
 "cell-count" 56
 15 3 -2 273
 15 -3 -2 232
 15 -4 1 140
 15 -3 0 242
 15 0 -3 154
 15 0 4 6
 15 1 4 309
 15 -1 -4 207
 15 0 -4 61
 105 -4 0 161
 15 -2 -1 357
 105 -2 -2 209
 15 2 3 22
 15 0 -2 15
 15 1 3 252
 105 3 3 263
 105 2 -3 322
 15 3 -3 176
 105 -1 4 86
 15 4 1 258
 15 2 -2 236
 15 -3 1 340
 105 -3 3 19
 15 3 -1 134
 15 -2 -3 128
 15 -1 -2 333
 105 1 -2 193
 105 -1 -3 47
 55 0 1 42
 55 -1 3 293
 55 -3 -3 157
 55 1 1 19
 55 0 0 310
 55 2 2 75
 55 0 -1 242
 55 1 0 244
 5 -2 3 165
 55 -2 0 190
 55 -3 2 274
 55 2 -1 273
 55 2 0 84
 55 1 2 303
 55 3 1 212
 55 -1 -1 58
 55 -1 0 140
 5 3 2 123
 55 0 2 157
 55 -2 2 204
 55 3 0 200
 55 -1 2 121
 55 0 3 234
 55 1 -1 220
 55 -1 1 221
 5 4 0 19
 55 -2 1 355
 55 2 1 11
 "contig-ratio-green-core" 0.8461538461538461
 "contig-ratio-red-core" 0.5882352941176471
 "a-count" 7
 "b-count" 0
 "c-color-count" 28
 "c-express-count" 28
 "d-color-count" 21
 "d-express-count" 21
 "cell-count" 56
 105 4 1 64
 105 0 4 162
 105 1 -4 111
 15 -3 -1 206
 15 -1 -4 231
 15 2 1 148
 15 3 3 102
 15 1 -3 350
 15 0 -3 319
 15 -4 1 138
 15 -1 2 125
 15 4 0 242
 15 -3 0 274
 15 2 3 37
 105 3 -3 69
 15 -4 -1 272
 15 3 1 290
 15 2 2 30
 15 -3 -2 25
 15 -2 2 4
 105 -2 3 83
 15 4 -1 239
 105 -4 0 140
 15 -2 -4 141
 15 2 4 151
 15 -1 3 70
 15 3 -2 254
 105 1 4 115
 55 1 3 125
 55 3 -1 234
 55 0 -1 45
 55 2 -2 288
 55 0 -2 288
 55 2 -1 15
 55 -3 -3 43
 55 -4 2 313
 55 3 0 61
 55 1 0 285
 55 0 0 344
 55 -2 -2 42
 55 -1 -3 117
 55 -1 1 78
 55 1 1 213
 55 -3 1 340
 55 -2 1 252
 55 1 -1 12
 55 -2 -1 311
 55 -1 -2 240
 55 0 2 293
 55 -2 0 93
 55 -2 -3 173
 55 1 2 74
 55 0 3 117
 55 0 1 224
 55 -1 0 166
 55 1 -2 210
 "contig-ratio-green-core" 0.7391304347826086
 "contig-ratio-red-core" 1
 "a-count" 3
 "b-count" 4
 "c-color-count" 24
 "c-express-count" 24
 "d-color-count" 25
 "d-express-count" 25
 "cell-count" 56
 15 3 -1 59
 15 2 -3 269
 15 3 2 346
 15 -4 1 60
 105 -2 4 67
 15 3 0 245
 15 -1 -3 77
 15 2 -2 166
 15 4 0 345
 15 -3 -1 43
 15 -2 2 114
 15 -1 4 16
 105 3 -3 359
 15 -3 1 167
 15 1 -2 101
 105 -1 -4 84
 15 -2 3 134
 15 -5 1 141
 15 4 -1 144
 15 3 -2 43
 15 0 -3 165
 15 -2 1 150
 15 4 1 42
 15 2 3 192
 15 3 1 16
 15 -3 2 166
 15 -3 -2 45
 15 -2 -2 308
 55 0 3 131
 55 1 2 73
 55 -2 -1 59
 55 2 -1 151
 55 2 2 291
 55 1 -1 149
 5 -2 -3 128
 5 1 -4 329
 55 -2 0 138
 55 1 0 177
 5 -3 3 87
 55 2 1 192
 55 0 0 200
 55 -1 1 114
 55 1 3 170
 55 0 -1 147
 5 3 3 126
 55 0 4 207
 55 -1 -1 78
 55 2 0 276
 55 0 2 246
 55 0 -2 39
 55 1 1 308
 55 -1 -2 210
 55 -1 3 96
 55 -1 0 253
 55 1 -3 152
 55 -1 2 167
 "contig-ratio-green-core" 0.9411764705882353
 "contig-ratio-red-core" 0.6363636363636364
