 "a-count" 0
 "b-count" 0
 "c-color-count" 28
 "c-express-count" 28
 "d-color-count" 28
 "d-express-count" 28
 "cell-count" 56
 15 0 -4 281
 15 1 1 10
 15 1 0 240
 15 2 0 303
 15 3 -3 24
 15 -4 0 29
 15 2 1 287
 15 -1 1 175
 15 -3 0 73
 15 -1 2 283
 15 0 0 149
 15 3 0 352
 15 0 4 134
 15 3 2 62
 15 -2 -1 193
 15 1 -4 46
 15 -2 -4 314
 15 3 3 126
 15 -2 0 22
 15 2 2 305
 15 0 1 34
 15 0 2 220
 15 3 1 309
 15 4 1 284
 15 1 2 113
 15 -3 -1 67
 15 -1 0 208
 15 -3 -3 297
 55 2 -1 311
 55 1 -2 292
 55 1 3 356
 55 4 -1 37
 55 1 -3 310
 55 1 -1 217
 55 0 -2 98
 55 -2 2 345
 55 3 -2 359
 55 0 -3 161
 55 2 -3 58
 55 -1 -1 125
 55 -3 -2 147
 55 -1 -4 305
 55 -2 -3 104
 55 4 0 246
 55 -2 3 26
 55 2 -2 318
 55 3 -1 299
 55 -1 3 351
 55 -1 -3 301
 55 0 3 126
 55 -3 2 86
 55 -1 -2 248
 55 -2 -2 123
 55 0 -1 251
 55 -3 1 313
 55 1 4 24
 "contig-ratio-green-core" 0.8095238095238095
 "contig-ratio-red-core" 0.8
 "a-count" 0
 "b-count" 0
 "c-color-count" 28
 "c-express-count" 28
 "d-color-count" 28
 "d-express-count" 28
 "cell-count" 56
 15 0 1 1
 15 -1 1 337
 15 1 3 191
 15 -1 -1 222
 15 -3 -1 201
 15 0 0 168
 15 -3 1 277
 15 -1 3 243
 15 4 2 328
 15 -2 1 86
 15 0 -1 207
 15 -1 2 285
 15 -3 0 63
 15 1 0 111
 15 3 -3 10
 15 -3 -2 21
 15 0 3 99
 15 -4 0 49
 15 -2 3 159
 15 -2 -1 238
 15 1 -1 97
 15 0 -1 206
 15 -2 0 43
 15 1 1 252
 15 -3 -3 66
 15 1 2 333
 15 -1 0 306
 15 0 2 135
 55 3 2 250
 55 0 4 239
 55 -3 2 233
 55 2 1 71
 55 2 -2 350
 55 2 0 101
 55 3 3 175
 55 0 -2 220
 55 2 3 315
 55 4 1 311
 55 0 -3 1
 55 1 4 162
 55 1 -2 39
 55 4 0 186
 55 -3 3 239
 55 -2 -3 3
 55 2 -3 45
 55 -4 1 61
 55 3 1 212
 55 -1 4 288
 55 4 -1 203
 55 -4 -1 188
 55 2 -1 156
 55 -2 -2 36
 55 3 0 205
 55 3 -1 21
 55 2 0 91
 55 -1 -2 21
 "contig-ratio-green-core" 0.7
 "contig-ratio-red-core" 0.9444444444444444
 "a-count" 3
 "b-count" 0
 "c-color-count" 28
 "c-express-count" 28
 "d-color-count" 25
 "d-express-count" 25
 "cell-count" 56
 15 4 0 172
 15 2 -3 192
 15 -2 0 353
 15 1 4 122
 15 1 -2 25
 15 -2 -3 61
 15 -3 -1 42
 15 3 2 112
 15 0 -2 359
 15 -1 -3 251
 15 -1 2 13
 15 -1 -2 316
 105 -4 1 305
 15 4 -1 339
 15 -3 0 13
 15 3 3 215
 105 1 -4 327
 15 -4 0 338
 15 -2 1 24
 15 -2 2 69
 15 0 -3 250
 15 -1 1 280
 105 -1 -4 156
 15 0 4 311
 15 2 -2 43
 15 -2 -2 8
 15 -2 -1 111
 15 1 -3 80
 55 2 -1 22
 55 0 3 195
 55 0 -1 264
 55 3 -1 107
 55 1 0 284
 55 -3 1 219
 55 1 2 320
 55 -1 -1 122
 55 0 1 191
 55 0 0 127
 55 3 -2 331
 55 1 -1 191
 55 -1 0 56
 55 1 1 264
 55 1 3 54
 55 0 2 77
 55 -1 3 20
 55 3 0 57
 55 -3 -3 278
 55 3 1 327
 55 2 0 143
 55 -3 2 298
 55 4 1 297
 55 2 3 119
 55 -1 4 43
 55 2 2 334
 55 2 1 208
 55 -3 -2 11
 "contig-ratio-green-core" 0.9090909090909091
 "contig-ratio-red-core" 0.9565217391304348
