 "a-count" 3
 "b-count" 0
 "c-color-count" 28
 "c-express-count" 28
 "d-color-count" 25
 "d-express-count" 25
 "cell-count" 56
 15 2 3 117
 15 -1 0 288
 105 -3 -3 182
 15 -2 0 335
 15 -1 -1 135
 15 -3 1 249
 15 -2 -3 132
 15 0 4 0
 15 -1 -2 300
 15 1 2 55
 105 2 4 97
 15 -3 -2 86
 105 1 4 150
 15 0 -2 265
 15 -2 -2 146
 15 -2 -1 97
 15 0 2 242
 15 -4 -1 279
 15 4 -1 97
 15 -3 -1 81
 15 0 3 66
 15 -2 1 274
 15 -4 0 95
 15 -3 2 342
 15 -3 0 6
 15 3 -1 56
 15 1 3 113
 15 3 0 166
 55 -2 2 75
 55 1 0 63
 55 0 -4 296
 55 3 2 82
 55 -1 2 211
 55 -1 -4 247
 55 -1 -3 110
 55 4 2 80
 55 2 1 169
 55 -1 3 306
 55 1 -2 230
 55 0 1 113
 55 1 -1 229
 55 3 1 65
 55 0 0 125
 55 -2 4 220
 55 -2 -4 102
 55 -4 1 119
 55 0 -5 16
 55 -1 1 229
 55 4 1 305
 55 2 0 316
 55 2 2 78
 55 -1 4 290
 55 0 -3 156
 55 2 -2 48
 55 2 -1 257
 55 3 3 147
 "contig-ratio-green-core" 0.48
 "contig-ratio-red-core" 0.8947368421052632
 "a-count" 1
 "b-count" 0
 "c-color-count" 28
 "c-express-count" 28
 "d-color-count" 27
 "d-express-count" 27
 "cell-count" 56
 15 0 4 37
 15 -1 1 262
 15 0 -4 93
 15 -2 2 178
 15 -1 -4 59
 15 0 -3 254
 15 1 -3 33
 15 1 -1 328
 15 2 -1 100
 15 1 4 230
 105 -1 4 52
 15 3 -1 134
 15 -3 0 4
 15 -1 -3 269
 15 2 -2 103
 15 -2 1 211
 15 0 -2 18
 15 -2 3 318
 15 -1 2 271
 15 -1 3 158
 15 -3 1 179
 15 -1 -5 44
 15 -2 0 82
 15 3 -2 143
 15 -2 -1 275
 15 -3 -1 129
 15 -1 -5 124
 15 1 -2 125
 55 0 3 36
 55 -1 -1 88
 55 2 2 215
 55 2 -3 212
 55 3 2 193
 55 -4 1 129
 55 1 1 30
 55 -3 3 219
 55 2 0 291
 55 1 2 313
 55 -1 -2 180
 55 -2 -2 134
 55 -2 -3 239
 55 2 1 273
 55 -4 3 165
 55 0 2 222
 55 -1 -3 84
 55 1 3 26
 55 -1 0 267
 55 1 0 138
 55 3 0 254
 55 -4 2 32
 55 2 4 174
 55 3 1 342
 55 0 0 194
 55 2 3 212
 55 0 1 331
 55 0 -1 271
 "contig-ratio-green-core" 0.7619047619047619
 "contig-ratio-red-core" 0.75
