 "a-count" 6
 "b-count" 1
 "c-color-count" 27
 "c-express-count" 27
 "d-color-count" 23
 "d-express-count" 22
 "cell-count" 56
 15 -2 -2 62
 105 -1 -4 68
 15 -4 -1 14
 15 2 1 54
 15 3 1 37
 15 -3 3 215
 15 2 0 350
 15 -2 4 59
 15 3 -2 230
 105 1 -4 136
 15 0 -3 200
 15 -4 0 226
 15 2 -2 147
 15 3 0 20
 15 2 -3 234
 105 4 0 49
 15 3 2 237
 15 -3 1 94
 15 1 -3 21
 15 -3 -1 201
 15 -2 -1 247
 15 2 -1 338
 15 -3 -2 145
 105 -1 -3 354
 15 -3 0 208
 15 -2 0 182
 105 4 -1 252
 15 3 -1 181
 55 3 -3 280
 55 -3 2 135
 55 0 3 212
 55 1 0 11
 55 1 -1 161
 55 0 2 80
 55 -2 1 204
 55 0 -1 344
 55 -1 3 146
 55 -1 -1 320
 55 -1 -2 316
 55 1 1 209
 55 0 0 159
 55 -1 1 236
 55 1 3 68
 55 -1 4 163
 55 1 4 105
 55 -1 0 326
 55 2 2 298
 55 -1 2 348
 55 -2 3 268
 55 3 3 271
 55 2 3 327
 55 1 2 332
 55 1 -2 136
 55 -2 2 93
 5 0 4 112
 55 0 -2 334
 "contig-ratio-green-core" 0.7222222222222222
 "contig-ratio-red-core" 0.75
 "a-count" 8
 "b-count" 1
 "c-color-count" 27
 "c-express-count" 27
 "d-color-count" 20
 "d-express-count" 20
 "cell-count" 56
 15 2 2 33
 15 -4 1 177
 15 -1 2 125
 105 -3 -3 141
 15 3 -1 245
 15 1 1 273
 15 2 3 38
 105 2 1 85
 15 -1 3 75
 15 -2 3 136
 105 2 -3 92
 15 0 1 257
 15 0 -4 45
 15 -4 -1 155
 15 -4 -2 7
 15 1 -4 12
 105 1 4 343
 15 1 2 267
 105 2 -1 259
 105 -3 3 154
 105 3 -2 14
 15 2 -2 57
 15 -3 -2 352
 15 0 2 36
 15 -1 -4 3
 15 4 1 243
 105 3 -3 152
 15 -4 0 316
 55 -2 1 283
 55 0 3 355
 55 -1 1 301
 55 1 -1 127
 55 1 3 258
 55 -1 -2 161
 55 -1 -1 218
 55 1 -2 336
 55 -1 -3 243
 55 -2 -1 108
 55 0 -3 259
 55 1 -3 228
 55 -1 0 132
 55 1 0 280
 55 0 0 124
 55 -2 0 90
 55 0 -2 171
 55 -3 2 176
 55 -3 1 305
 55 4 -1 139
 55 3 1 157
 55 3 2 280
 5 0 -1 162
 55 2 0 136
 55 -2 -2 114
 55 4 0 226
 55 3 0 255
 55 -3 0 97
 "contig-ratio-green-core" 0.85
 "contig-ratio-red-core" 0.8666666666666667
 "a-count" 11
 "b-count" 0
 "c-color-count" 28
 "c-express-count" 28
 "d-color-count" 18
 "d-express-count" 17
 "cell-count" 56
 105 -4 -1 245
 15 -2 3 17
 15 -3 -2 223
 15 2 -2 28
 15 -4 0 323
 15 3 -2 246
 105 -3 -1 358
 15 1 -3 281
 105 -4 1 29
 15 -3 0 235
 15 2 -3 221
 105 -3 -3 100
 105 -2 2 163
 15 2 2 100
 105 0 4 309
 15 -2 -1 147
 15 2 3 275
 105 3 -3 259
 15 1 2 244
 15 1 3 237
 15 -2 0 334
 15 3 3 126
 105 1 -4 77
 105 -3 2 113
 15 -3 3 163
 15 -2 -3 92
 105 4 -1 253
 15 3 2 19
 55 2 0 329
 55 1 -1 16
 55 1 -2 82
 55 -1 1 343
 55 1 0 54
 55 -2 1 160
 55 3 0 171
 55 0 -3 188
 55 0 -1 153
 55 0 0 176
 55 1 1 104
 55 -1 -3 108
 55 0 1 358
 55 3 1 1
 55 2 -1 103
 55 -3 1 106
 55 -2 -2 340
 55 2 1 198
 55 3 -1 294
 55 0 2 23
 55 -1 -1 112
 55 4 1 176
 55 0 3 223
 55 -1 0 117
 55 -1 3 326
 55 -1 -2 253
 55 0 -2 133
 55 -1 2 151
 "contig-ratio-green-core" 0.7222222222222222
 "contig-ratio-red-core" 0.9411764705882353
 "a-count" 9
 "b-count" 1
 "c-color-count" 27
 "c-express-count" 27
 "d-color-count" 19
 "d-express-count" 19
 "cell-count" 56
 15 -2 1 316
 15 -2 -2 285
 15 -4 -1 179
 105 -1 -4 7
 105 4 -1 74
 105 3 3 181
 15 0 -3 357
 15 -3 1 98
 105 1 -4 303
 15 1 3 7
 105 3 2 310
 105 1 -3 46
 105 -2 3 248
 15 0 3 228
 15 -2 -3 261
 15 -1 -3 339
 15 0 4 96
 15 -2 2 218
 15 3 -2 38
 15 3 -3 53
 15 2 -2 22
 15 -3 -2 182
 105 -4 0 59
 15 2 -3 160
 15 -3 2 2
 15 1 4 20
 105 0 -4 231
 15 -1 4 359
 55 -1 3 26
 55 -3 -3 21
 55 -3 -1 305
 55 -1 -2 292
 5 1 -1 88
 55 2 2 204
 55 -1 -1 214
 55 -3 0 341
 55 2 1 103
 55 1 2 186
 55 -2 -1 214
 55 2 3 150
 55 -1 1 69
 55 1 -2 12
 55 1 0 312
 55 2 -1 329
 55 0 0 43
 55 -2 0 169
 55 3 1 322
 55 1 1 262
 55 0 2 245
 55 0 -1 227
 55 2 0 38
 55 3 0 333
 55 3 -1 33
 55 0 -2 235
 55 -1 0 86
 55 -1 2 221
 "contig-ratio-green-core" 0.7222222222222222
 "contig-ratio-red-core" 0.8421052631578947
