 "a-count" 13
 "b-count" 2
 "c-color-count" 27
 "c-express-count" 26
 "d-color-count" 15
 "d-express-count" 15
 "cell-count" 56
 105 -1 4 64
 15 -3 -3 13
 15 2 -1 214
 15 -2 3 99
 15 1 -1 294
 105 3 1 81
 15 3 -1 268
 105 3 0 289
 105 1 -4 230
 105 0 -4 272
 105 -3 1 262
 15 -2 2 18
 105 4 -1 246
 105 -4 1 98
 15 0 3 315
 15 -1 3 245
 15 1 -2 14
 105 2 -3 161
 15 0 -3 192
 15 -1 -3 151
 105 4 1 35
 15 2 -2 153
 105 2 3 224
 15 0 4 174
 15 -3 3 66
 15 0 -2 50
 105 4 0 282
 105 -3 2 214
 55 1 4 213
 55 -2 -1 120
 55 1 3 159
 55 -3 -2 29
 55 0 0 72
 55 -1 -1 155
 55 -1 1 9
 55 3 -3 109
 55 2 2 224
 55 -3 -1 3
 55 1 1 171
 55 0 2 291
 5 0 1 168
 55 -2 0 60
 55 -2 -2 243
 55 -2 -3 264
 55 0 -1 342
 55 -2 1 248
 55 -1 -2 351
 55 -4 -1 298
 55 -1 2 85
 55 2 1 314
 55 1 2 334
 55 1 0 292
 55 -3 0 3
 55 -1 0 22
 55 -4 0 284
 55 2 0 339
 "contig-ratio-green-core" 0.6
 "contig-ratio-red-core" 0.7142857142857143
 "a-count" 6
 "b-count" 0
 "c-color-count" 28
 "c-express-count" 28
 "d-color-count" 22
 "d-express-count" 22
 "cell-count" 56
 15 -3 1 26
 15 2 3 157
 15 3 -2 44
 15 -3 -2 72
 105 3 3 230
 15 2 0 73
 105 2 -1 34
 15 3 -1 318
 15 3 1 104
 15 4 2 343
 15 2 -2 178
 105 -3 3 85
 15 -3 2 157
 15 0 4 284
 15 -2 1 225
 15 1 4 107
 15 -1 2 119
 15 -2 2 42
 15 -4 1 260
 105 3 -3 359
 15 2 -3 285
 15 -1 3 332
 105 4 1 256
 15 -2 -3 314
 15 3 0 11
 15 3 2 110
 15 -3 -3 278
 105 4 -1 320
 55 0 -2 80
 55 0 2 331
 55 2 2 118
 55 -1 -2 62
 55 1 -1 282
 55 0 -3 240
 55 -2 -1 325
 55 -3 -1 190
 55 1 1 240
 55 0 3 76
 55 0 1 265
 55 1 0 104
 55 0 0 31
 55 1 -2 108
 55 -1 0 231
 55 1 2 110
 55 -2 0 211
 55 1 -3 162
 55 -1 1 355
 55 -1 4 208
 55 -1 -3 348
 55 2 1 344
 55 -2 -2 305
 55 1 3 76
 55 -2 3 181
 55 -1 -1 283
 55 -3 0 161
 55 0 -1 106
 "contig-ratio-green-core" 0.875
 "contig-ratio-red-core" 0.7619047619047619
 "a-count" 9
 "b-count" 0
 "c-color-count" 28
 "c-express-count" 28
 "d-color-count" 19
 "d-express-count" 19
 "cell-count" 56
 105 -4 0 137
 15 3 1 264
 15 0 3 42
 105 3 2 110
 105 -3 3 148
 15 3 0 130
 15 0 -4 356
 15 2 -3 117
 15 -1 4 313
 15 3 -1 244
 15 -2 2 122
 105 4 0 79
 15 -2 4 290
 105 -1 -4 336
 15 -3 1 304
 15 -1 3 303
 15 0 -3 259
 105 -3 -3 297
 15 3 -2 48
 15 -2 3 53
 105 -4 1 15
 105 -3 2 179
 15 0 4 90
 15 -3 0 31
 15 1 -3 61
 105 2 3 102
 15 1 4 158
 15 4 -1 123
 55 1 0 236
 55 1 2 114
 55 0 1 161
 55 1 3 346
 55 1 -1 262
 55 -1 2 126
 55 -3 -1 49
 55 0 -1 159
 55 2 1 37
 55 -1 1 230
 55 1 1 190
 55 1 -2 183
 55 0 0 196
 55 -2 0 64
 55 -1 0 96
 55 0 -2 220
 55 -1 -2 109
 55 2 -1 9
 55 -2 -2 11
 55 0 2 57
 55 -3 -2 147
 55 -2 -1 175
 55 2 0 220
 55 -4 -1 217
 55 2 -2 325
 55 -1 -3 327
 55 -1 -1 2
 55 -2 1 340
 "contig-ratio-green-core" 0.7647058823529411
 "contig-ratio-red-core" 0.6875
