 "a-count" 4
 "b-count" 1
 "c-color-count" 27
 "c-express-count" 27
 "d-color-count" 24
 "d-express-count" 24
 "cell-count" 56
 15 -2 -3 38
 15 0 4 310
 15 0 -3 111
 15 3 2 179
 15 -1 -3 12
 15 -2 3 314
 15 4 -3 334
 15 -1 -2 83
 105 1 4 117
 15 2 3 43
 105 3 3 100
 15 -3 2 280
 15 -2 -2 351
 15 1 -3 197
 15 3 -3 101
 105 3 -1 263
 15 0 -2 146
 15 1 -2 132
 15 -2 -1 173
 15 -1 -1 182
 15 1 3 225
 15 -3 -3 182
 15 0 3 103
 15 -1 3 326
 105 3 -2 150
 15 -4 -1 43
 15 4 -2 56
 15 2 2 158
 55 -3 -2 276
 55 0 0 341
 55 -3 0 176
 55 0 -1 320
 55 -2 1 253
 55 1 0 63
 55 1 2 151
 55 3 0 135
 55 -2 2 10
 55 -1 4 258
 55 2 0 153
 55 -3 -1 127
 55 0 -4 139
 55 1 -1 112
 55 -4 1 15
 55 2 -1 85
 55 1 1 114
 55 -1 1 36
 55 3 1 340
 55 -3 3 104
 55 1 -4 49
 5 0 1 170
 55 -1 2 275
 55 -1 0 324
 55 -3 1 60
 55 -2 0 216
 55 2 1 332
 55 0 2 54
 "contig-ratio-green-core" 0.8333333333333334
 "contig-ratio-red-core" 0.75
 "a-count" 6
 "b-count" 2
 "c-color-count" 26
 "c-express-count" 26
 "d-color-count" 22
 "d-express-count" 22
 "cell-count" 56
 15 -2 -2 28
 15 -3 0 178
 105 1 -4 346
 105 -2 -3 146
 15 4 -1 311
 105 -3 2 47
 15 1 0 256
 15 -1 -1 113
 15 0 -3 172
 15 2 0 7
 15 -1 -2 101
 15 1 -3 122
 15 2 -1 1
 15 -2 2 169
 15 2 3 142
 105 -3 1 127
 15 3 -3 132
 15 3 3 252
 15 1 4 64
 15 -2 1 126
 15 0 -2 229
 15 -2 -1 239
 15 0 -1 219
 105 4 0 134
 15 -2 0 121
 15 1 -1 42
 15 4 1 314
 105 -2 3 151
 55 1 2 63
 55 0 -4 272
 55 1 1 49
 55 -4 0 329
 55 -1 1 245
 55 -1 3 263
 55 0 2 325
 55 -1 2 171
 55 3 -2 150
 5 2 1 269
 55 1 3 11
 5 2 2 142
 55 0 3 321
 55 -3 -2 137
 55 3 0 48
 55 0 4 356
 55 3 1 78
 55 3 2 217
 55 0 1 37
 55 -4 -2 287
 55 -1 0 201
 55 0 -5 243
 55 -4 -1 108
 55 -1 -4 277
 55 2 -2 80
 55 0 0 46
 55 2 -3 69
 55 3 -1 231
 "contig-ratio-green-core" 0.8421052631578947
 "contig-ratio-red-core" 0.75
