 "a-count" 7
 "b-count" 0
 "c-color-count" 28
 "c-express-count" 28
 "d-color-count" 22
 "d-express-count" 21
 "cell-count" 56
 15 -3 -1 235
 15 1 -2 160
 15 4 0 154
 15 2 -2 222
 15 -3 0 236
 15 -2 1 223
 105 -1 4 176
 15 -2 0 137
 15 -1 3 355
 15 -3 1 95
 105 -4 0 52
 15 -3 -2 188
 15 -4 1 15
 15 3 -1 177
 15 3 2 43
 15 -1 -4 8
 105 4 -1 39
 15 -2 3 262
 105 -2 -3 312
 105 -3 2 324
 15 3 0 191
 15 3 1 57
 15 -2 2 274
 15 1 -3 59
 15 1 -4 75
 15 4 1 255
 15 3 -2 280
 105 -3 3 289
 55 2 3 180
 55 0 -4 306
 55 -1 2 262
 55 2 1 159
 55 3 -3 43
 55 -1 -1 256
 55 1 1 193
 55 0 2 8
 55 0 -3 186
 55 1 0 266
 55 2 -1 43
 55 1 2 213
 55 2 0 182
 55 0 4 37
 55 2 2 128
 55 0 1 141
 55 -2 -1 303
 55 0 3 183
 55 -2 -2 100
 55 -1 1 1
 55 1 3 337
 55 0 -1 29
 55 -1 0 217
 55 0 -2 13
 55 1 -1 279
 55 0 0 331
 55 -1 -3 176
 55 -1 -2 181
 "contig-ratio-green-core" 0.8333333333333334
 "contig-ratio-red-core" 0.875
 "a-count" 6
 "b-count" 2
 "c-color-count" 26
 "c-express-count" 26
 "d-color-count" 23
 "d-express-count" 22
 "cell-count" 56
 15 3 -1 274
 15 4 1 97
 15 -2 -2 341
 15 0 -3 151
 15 -1 3 322
 15 -2 2 236
 105 2 -3 134
 15 3 1 326
 15 -3 -2 147
 15 2 -2 138
 15 0 -4 308
 15 -2 3 33
 105 4 -1 102
 105 1 -4 184
 15 3 0 101
 15 -1 -3 333
 15 -2 -3 219
 15 -1 -2 185
 15 -3 2 106
 105 -1 4 44
 15 2 -1 300
 15 4 0 250
 105 -3 3 156
 15 3 -2 271
 15 -3 -3 189
 15 -4 -1 292
 15 3 -3 321
 15 -1 -4 155
 55 -4 0 358
 55 1 0 134
 55 -2 0 325
 55 1 3 94
 55 -3 0 139
 55 0 -1 218
 55 1 -2 114
 55 -2 1 327
 55 -1 2 68
 55 0 3 200
 55 2 0 178
 55 -3 -1 228
 55 -2 -1 103
 5 -2 -4 194
 55 1 -1 0
 55 1 2 118
 55 2 1 72
 55 0 4 344
 55 -1 0 186
 55 -1 1 123
 55 0 2 306
 55 0 0 332
 55 0 1 61
 5 -3 1 179
 55 0 -2 322
 55 1 1 55
 55 2 2 53
 55 -1 -1 1
 "contig-ratio-green-core" 0.7333333333333333
 "contig-ratio-red-core" 0.55
 "a-count" 5
 "b-count" 1
 "c-color-count" 27
 "c-express-count" 27
 "d-color-count" 23
 "d-express-count" 23
 "cell-count" 56
 15 -2 1 195
 15 1 -4 166
 105 -3 3 54
 15 3 -2 69
 15 3 0 157
 15 1 -1 40
 15 1 -3 282
 105 -3 -3 268
 15 2 0 104
 105 3 -1 294
 15 0 4 59
 15 1 -2 122
 105 4 -1 317
 15 2 -1 123
 15 -2 3 42
 15 -2 2 244
 15 4 1 184
 15 -3 1 32
 15 -4 1 1
 15 2 -3 323
 15 2 3 122
 15 2 -2 158
 15 -4 2 152
 15 -4 0 335
 105 -3 2 218
 15 -1 4 97
 15 4 0 189
 15 -4 -1 325
 55 -1 -3 315
 55 1 3 274
 55 1 2 44
 55 0 0 342
 55 3 1 47
 55 -2 -1 346
 55 -1 1 295
 55 -1 3 108
 55 -2 0 309
 55 0 -2 257
 5 -1 -2 334
 55 -1 2 224
 55 1 0 339
 55 1 1 327
 55 0 -1 55
 55 -2 -2 184
 55 0 -3 249
 55 -2 -3 333
 55 0 3 12
 55 -1 -1 68
 55 2 1 79
 55 2 2 286
 55 -1 0 129
 55 -3 -1 100
 55 0 2 225
 55 3 -3 328
 55 -3 0 220
 55 0 1 308
 "contig-ratio-green-core" 0.8333333333333334
 "contig-ratio-red-core" 0.7368421052631579
 "a-count" 12
 "b-count" 0
 "c-color-count" 28
 "c-express-count" 28
 "d-color-count" 18
 "d-express-count" 16
 "cell-count" 56
 105 -3 3 142
 15 3 -2 44
 15 3 -1 152
 105 -1 4 115
 105 3 0 148
 15 2 -1 218
 15 0 -3 331
 15 -3 -3 311
 15 -3 0 260
 15 -3 1 227
 15 -3 -1 231
 105 1 3 299
 15 -4 0 91
 105 0 3 289
 15 -2 3 252
 105 -2 2 190
 105 -3 2 49
 15 -4 -1 21
 15 2 3 52
 15 -4 1 13
 105 -1 3 40
 15 3 -3 84
 105 1 4 37
 105 3 3 247
 15 1 -3 172
 15 -3 -2 195
 15 2 -2 74
 15 2 -3 97
 55 -2 0 103
 55 3 1 279
 55 3 2 247
 55 1 -2 45
 55 -2 1 283
 55 -1 2 24
 55 -1 1 283
 55 -2 -2 27
 55 0 -1 152
 55 -2 -1 89
 55 2 1 345
 55 1 0 22
 55 0 -2 43
 55 1 1 66
 55 2 0 172
 55 2 2 338
 55 1 -2 207
 55 1 2 282
 55 0 2 77
 55 3 1 31
 55 -1 -3 67
 55 0 2 68
 55 -1 -2 59
 55 -1 0 6
 55 0 1 78
 55 0 0 2
 55 1 -1 256
 55 -1 -1 82
 "contig-ratio-green-core" 0.5
 "contig-ratio-red-core" 0.6
