 "a-count" 7
 "b-count" 1
 "c-color-count" 27
 "c-express-count" 27
 "d-color-count" 21
 "d-express-count" 21
 "cell-count" 56
 15 -2 2 67
 15 -3 2 331
 15 3 3 45
 15 2 -3 286
 15 2 -2 244
 105 2 2 334
 105 3 -3 305
 105 -4 -1 187
 15 1 4 217
 15 -5 -1 254
 15 -5 0 289
 105 -3 -2 125
 105 -3 1 61
 105 4 -1 206
 15 0 4 87
 15 2 -1 197
 15 3 -1 195
 15 3 2 329
 15 3 0 68
 15 -2 1 107
 15 3 1 340
 105 -3 3 277
 15 -4 0 109
 15 2 1 17
 15 -1 -3 293
 15 4 0 43
 15 -2 3 308
 15 2 0 173
 55 1 -3 113
 55 2 3 11
 5 -2 -3 119
 55 1 -2 352
 55 3 -2 307
 55 -2 -2 31
 55 -2 -1 103
 55 0 0 304
 55 -2 0 236
 55 0 -3 135
 55 1 2 212
 55 -1 1 134
 55 1 1 6
 55 0 2 287
 55 0 -1 94
 55 0 -2 83
 55 -1 0 309
 55 -1 -2 320
 55 -1 2 199
 55 -3 0 341
 55 1 0 30
 55 -1 3 280
 55 1 3 272
 55 0 1 125
 55 1 -1 83
 55 0 -4 65
 55 0 3 150
 55 -1 -1 127
 "contig-ratio-green-core" 0.6842105263157895
 "contig-ratio-red-core" 0.7222222222222222
 "a-count" 6
 "b-count" 1
 "c-color-count" 27
 "c-express-count" 27
 "d-color-count" 22
 "d-express-count" 22
 "cell-count" 56
 15 -2 1 0
 15 -3 1 80
 15 1 3 60
 105 2 1 76
 105 1 -4 254
 15 -2 -3 166
 15 4 0 142
 15 3 -1 258
 105 2 -3 314
 15 -3 2 40
 15 1 2 215
 15 2 -2 290
 15 -3 -2 168
 15 -3 -3 76
 105 1 -3 350
 15 2 3 124
 105 2 -1 54
 15 -4 1 350
 105 2 2 203
 15 3 0 146
 15 0 4 329
 15 -4 0 147
 15 -4 -1 344
 15 3 -2 110
 15 3 2 90
 15 -4 -2 315
 15 3 1 292
 15 -2 2 341
 55 0 1 135
 5 -1 -1 120
 55 1 4 18
 55 -1 0 71
 55 -2 -1 170
 55 1 1 190
 55 -1 -2 2
 55 -1 1 236
 55 0 -2 159
 55 0 -1 292
 55 1 0 200
 55 -3 -1 30
 55 -2 -2 274
 55 0 3 69
 55 -3 3 234
 55 0 2 282
 55 -1 2 19
 55 -2 0 304
 55 -3 0 236
 55 2 0 174
 55 -1 3 253
 55 1 -1 99
 55 0 0 217
 55 -2 3 6
 55 1 -2 248
 55 2 4 136
 55 -1 -3 141
 55 0 -3 76
 "contig-ratio-green-core" 0.7777777777777778
 "contig-ratio-red-core" 0.8421052631578947
 "a-count" 11
 "b-count" 1
 "c-color-count" 27
 "c-express-count" 27
 "d-color-count" 17
 "d-express-count" 17
 "cell-count" 56
 15 4 1 55
 105 -1 -3 278
 105 0 4 284
 15 1 4 59
 105 0 -3 268
 15 2 -2 185
 105 -1 -4 196
 105 1 -3 2
 15 1 -2 160
 15 2 3 144
 105 -3 -3 32
 15 -1 4 149
 105 0 -1 359
 105 0 -4 275
 15 -2 -2 287
 15 -4 0 49
 15 0 -2 69
 15 -3 3 224
 15 -1 -2 186
 15 2 -3 81
 105 -1 3 269
 15 1 3 181
 15 -2 3 352
 15 -2 -3 8
 15 0 3 283
 15 -1 -1 153
 105 3 -2 246
 105 1 -4 109
 55 -3 2 4
 55 4 0 87
 55 -3 -2 186
 55 2 -1 203
 55 -2 -1 175
 55 3 -1 95
 55 -2 2 312
 55 2 0 37
 55 -2 0 94
 55 -4 1 126
 55 3 0 17
 55 1 2 96
 55 0 2 188
 5 -1 1 210
 55 1 1 257
 55 2 1 305
 55 3 1 79
 55 -1 0 300
 55 -2 1 158
 55 4 -1 292
 55 0 1 151
 55 1 0 114
 55 -3 1 48
 55 2 2 187
 55 -3 -1 314
 55 -1 2 290
 55 0 0 18
 55 -3 0 52
 "contig-ratio-green-core" 0.5263157894736842
 "contig-ratio-red-core" 0.6666666666666666
 "a-count" 5
 "b-count" 1
 "c-color-count" 27
 "c-express-count" 27
 "d-color-count" 23
 "d-express-count" 23
 "cell-count" 56
 15 2 -3 201
 15 -3 1 54
 15 3 -3 196
 15 1 -2 290
 15 2 0 129
 15 3 1 334
 15 -2 4 301
 105 4 -1 175
 105 3 -1 57
 15 -1 4 24
 15 1 -4 106
 15 2 1 9
 15 1 -3 90
 105 2 -2 328
 15 4 1 262
 15 2 -1 264
 15 3 0 179
 15 -2 3 271
 15 -4 -1 356
 15 -4 0 289
 105 3 -2 220
 15 -3 0 170
 15 0 -4 321
 105 -2 -3 148
 15 -1 -4 336
 15 -4 1 336
 15 2 2 176
 15 -3 -1 279
 55 1 2 249
 55 0 0 32
 55 -1 2 291
 55 -2 2 152
 55 -2 -2 315
 55 0 4 92
 55 1 -1 281
 55 2 3 329
 55 -2 0 250
 55 -2 -1 334
 55 0 1 15
 55 -1 -3 88
 55 -1 -2 197
 55 -3 2 26
 55 0 -2 337
 55 -1 1 352
 55 -3 -2 319
 55 -1 0 205
 55 1 1 299
 5 -1 -1 249
 55 1 0 48
 55 0 2 283
 55 1 3 174
 55 0 3 103
 55 0 -3 44
 55 -1 3 281
 55 0 -1 12
 55 -2 1 15
 "contig-ratio-green-core" 0.7222222222222222
 "contig-ratio-red-core" 0.7272727272727273
