 "a-count" 8
 "b-count" 1
 "c-color-count" 27
 "c-express-count" 27
 "d-color-count" 23
 "d-express-count" 20
 "cell-count" 56
 15 4 2 215
 15 -3 2 106
 15 -4 0 8
 15 2 -3 355
 15 -3 3 311
 105 4 0 157
 15 3 -2 132
 15 -2 2 320
 105 2 2 90
 15 -3 -1 168
 105 -2 -3 350
 15 3 3 189
 15 3 -3 8
 15 3 -1 252
 15 -4 -1 327
 15 1 -3 215
 15 -2 3 58
 15 -4 -2 12
 15 4 1 280
 15 5 1 130
 15 3 2 142
 15 3 -4 249
 105 0 -3 304
 15 -3 -2 41
 15 2 -4 132
 15 -1 3 289
 105 0 -4 2
 15 -1 4 280
 55 -2 1 180
 55 0 3 100
 55 1 2 84
 55 -3 0 242
 55 -1 -4 292
 55 1 -1 215
 5 -1 0 16
 55 1 3 0
 55 -2 0 44
 55 -1 -2 169
 55 -1 1 206
 55 2 1 95
 55 1 0 75
 55 -1 -1 63
 55 -2 -1 218
 55 0 2 222
 55 -1 2 20
 55 2 0 268
 55 -3 1 288
 55 0 -1 343
 55 1 -2 308
 55 2 -1 110
 55 1 1 102
 55 0 -2 180
 55 2 -2 313
 55 0 0 317
 55 0 1 21
 55 -1 -3 173
 "contig-ratio-green-core" 0.5625
 "contig-ratio-red-core" 0.38095238095238093
 "a-count" 12
 "b-count" 1
 "c-color-count" 27
 "c-express-count" 27
 "d-color-count" 16
 "d-express-count" 16
 "cell-count" 56
 15 -3 2 337
 105 -4 -1 216
 15 -3 1 319
 105 3 -3 242
 105 -3 -1 150
 105 -4 1 153
 15 0 -2 132
 105 3 0 177
 105 -2 2 104
 105 3 -2 16
 15 5 -1 316
 105 -3 -3 137
 15 0 -3 29
 15 4 -1 231
 105 -3 3 262
 105 -1 -4 298
 15 4 1 215
 15 -3 0 125
 15 -1 -2 337
 15 -1 4 314
 105 -4 0 107
 105 1 -4 150
 15 4 0 274
 15 5 0 231
 15 -1 -3 263
 15 1 -2 225
 15 1 4 21
 15 1 -3 108
 55 1 1 43
 55 2 -3 196
 55 0 -1 273
 55 1 2 284
 55 -2 -2 39
 55 -1 2 266
 55 0 4 359
 55 -2 0 219
 55 -2 1 294
 55 1 3 36
 55 -1 0 315
 55 -2 -1 261
 55 -2 -3 173
 55 2 3 237
 5 0 1 37
 55 2 1 66
 55 1 0 60
 55 1 -1 20
 55 -1 -1 223
 55 0 0 17
 55 -1 1 77
 55 2 -2 94
 55 -1 3 59
 55 0 2 202
 55 2 0 201
 55 2 2 116
 55 0 3 327
 55 2 -1 359
 "contig-ratio-green-core" 0.5294117647058824
 "contig-ratio-red-core" 0.6923076923076923
 "a-count" 7
 "b-count" 1
 "c-color-count" 27
 "c-express-count" 27
 "d-color-count" 21
 "d-express-count" 21
 "cell-count" 56
 105 2 -3 218
 105 1 -3 318
 15 4 0 135
 15 -2 2 277
 15 2 2 161
 15 -4 0 182
 15 -1 3 263
 15 -1 -3 179
 15 4 1 145
 105 0 -3 134
 15 -4 -1 183
 15 -2 1 48
 15 3 2 335
 15 -1 -4 4
 105 0 4 244
 105 3 -1 158
 15 3 1 192
 105 -3 -2 301
 15 -3 2 44
 15 4 -1 34
 15 -2 3 76
 15 3 0 313
 15 0 -4 116
 15 5 1 68
 105 2 3 133
 15 1 -5 268
 15 1 -4 3
 15 -3 1 69
 55 -1 0 168
 55 0 -1 357
 55 -3 -1 99
 55 -3 0 353
 55 2 0 77
 55 2 -2 138
 55 1 4 245
 55 -1 -2 199
 55 1 -2 63
 55 0 -2 242
 5 0 1 111
 55 -1 -1 203
 55 -4 1 111
 55 1 -1 341
 55 0 2 195
 55 -2 0 336
 55 1 0 196
 55 -2 -2 14
 55 -1 2 156
 55 -3 3 182
 55 0 0 63
 55 0 3 160
 55 1 1 314
 55 1 3 352
 55 -2 -1 134
 55 -1 1 48
 55 1 2 249
 55 2 -1 277
 "contig-ratio-green-core" 0.5294117647058824
 "contig-ratio-red-core" 0.5238095238095238
 "a-count" 7
 "b-count" 1
 "c-color-count" 27
 "c-express-count" 27
 "d-color-count" 23
 "d-express-count" 21
 "cell-count" 56
 15 1 -3 50
 15 4 -1 211
 15 4 1 112
 15 -2 -2 359
 15 0 3 136
 105 1 -4 259
 105 -4 0 29
 15 -1 3 325
 15 2 -3 41
 105 1 4 337
 15 1 3 92
 15 3 -1 142
 105 -1 -4 327
 15 -3 2 146
 15 -3 -2 299
 15 0 -4 108
 15 0 -2 12
 105 -1 4 351
 15 0 -3 174
 15 2 3 254
 15 4 0 270
 15 0 4 200
 15 4 2 238
 15 3 0 154
 15 3 1 129
 15 -1 -2 17
 15 -3 -1 176
 15 -4 -1 263
 55 -1 0 318
 55 2 0 218
 55 2 -1 69
 5 3 -3 218
 55 0 1 323
 55 -1 -3 158
 55 -2 -1 317
 55 0 2 337
 55 -3 0 101
 55 1 0 57
 55 -2 2 56
 55 -2 3 163
 55 -3 1 98
 55 -1 -1 41
 55 -2 0 202
 55 1 -2 181
 55 1 2 269
 55 3 2 97
 55 0 -1 218
 55 2 -2 262
 55 -1 1 128
 55 -1 2 163
 55 0 0 271
 55 2 1 163
 55 1 -1 42
 55 -2 1 2
 55 2 2 344
 55 1 1 330
 "contig-ratio-green-core" 0.8823529411764706
 "contig-ratio-red-core" 0.75
