 "a-count" 9
 "b-count" 0
 "c-color-count" 28
 "c-express-count" 28
 "d-color-count" 19
 "d-express-count" 19
 "cell-count" 56
 15 -2 -1 15
 15 1 -2 73
 15 -1 -4 87
 105 -2 3 187
 15 4 0 33
 105 -3 2 208
 15 4 -2 23
 105 -2 -3 21
 15 1 3 277
 105 1 4 105
 15 4 -1 326
 15 -3 -1 219
 105 2 2 359
 15 2 -1 349
 15 3 -2 81
 15 3 -1 110
 105 -3 3 177
 15 0 -4 141
 105 -3 -3 97
 15 -1 4 82
 15 1 -3 319
 105 3 3 92
 15 -2 4 12
 15 2 -2 338
 15 2 3 300
 105 -2 -2 177
 15 2 4 195
 15 -3 -2 266
 55 -1 1 91
 55 -1 3 115
 55 0 -3 57
 55 3 1 336
 55 3 0 164
 55 -2 0 328
 55 0 -1 91
 55 0 3 240
 55 -1 -2 256
 55 1 -4 323
 55 -2 1 164
 55 0 1 61
 55 0 0 323
 55 1 1 33
 55 -1 0 316
 55 0 -2 334
 55 1 0 287
 55 0 2 110
 55 1 -1 158
 55 2 0 98
 55 2 1 111
 55 -3 1 318
 55 -2 2 241
 55 -1 2 277
 55 1 2 276
 55 -1 -3 16
 55 -3 0 310
 55 -1 -1 117
 "contig-ratio-green-core" 0.6470588235294118
 "contig-ratio-red-core" 0.7222222222222222
 "a-count" 7
 "b-count" 0
 "c-color-count" 28
 "c-express-count" 28
 "d-color-count" 22
 "d-express-count" 21
 "cell-count" 56
 15 -5 0 286
 15 2 2 177
 15 3 1 232
 15 -3 0 136
 15 -1 -4 331
 15 2 1 255
 15 3 0 23
 15 3 -1 252
 15 -4 0 280
 15 -3 -3 95
 105 3 3 47
 15 0 -4 350
 15 -3 -1 83
 105 -4 1 202
 15 0 -3 136
 15 2 0 265
 105 4 1 248
 15 -3 -2 236
 15 2 3 195
 105 2 -1 293
 15 1 -4 64
 15 -4 -1 327
 105 -1 -3 202
 105 3 -3 151
 15 -3 1 292
 15 3 2 246
 15 -3 2 221
 15 3 -2 18
 55 -2 -1 153
 55 0 2 346
 55 0 0 135
 55 -2 2 253
 55 1 1 76
 55 0 4 39
 55 1 -1 333
 55 -1 -2 246
 55 -1 1 215
 55 1 0 212
 55 0 1 311
 55 4 -1 138
 55 1 -3 334
 55 -2 -2 60
 55 0 -1 161
 55 4 0 199
 55 -1 0 322
 55 0 3 251
 55 -1 3 175
 55 1 3 145
 55 -2 -3 216
 55 -2 1 143
 55 0 -2 56
 55 -1 -1 183
 55 -2 0 133
 55 1 -2 114
 55 -1 2 208
 55 1 2 111
 "contig-ratio-green-core" 0.7368421052631579
 "contig-ratio-red-core" 0.7222222222222222
 "a-count" 6
 "b-count" 1
 "c-color-count" 27
 "c-express-count" 27
 "d-color-count" 22
 "d-express-count" 22
 "cell-count" 56
 105 -2 1 67
 105 3 -2 355
 15 -1 -2 158
 105 2 2 320
 15 2 3 74
 15 -3 1 226
 15 -2 -3 238
 15 -1 -3 143
 15 3 0 289
 15 1 -3 264
 15 -2 2 28
 15 1 3 140
 15 -3 2 240
 105 -4 1 16
 105 3 2 71
 15 4 0 164
 15 -3 -3 24
 15 -4 -1 55
 15 3 -3 339
 15 2 -3 29
 15 0 -3 67
 105 4 -1 227
 15 3 1 253
 15 1 4 151
 15 -2 -2 31
 15 -4 0 134
 15 3 -1 212
 15 4 1 97
 55 -2 -1 306
 55 0 0 78
 55 -1 1 232
 55 0 3 25
 55 -1 -1 350
 55 1 2 298
 55 -2 0 233
 55 0 -4 201
 55 2 1 95
 55 -1 2 29
 55 1 -2 244
 55 0 -2 55
 55 -3 0 341
 55 -1 0 359
 55 2 -1 160
 55 1 0 217
 55 -3 -1 292
 55 1 1 131
 55 0 1 189
 55 -1 3 336
 55 -2 3 35
 55 2 0 322
 55 0 2 29
 5 -1 4 20
 55 0 4 320
 55 0 -1 161
 55 1 -1 318
 55 -3 3 181
 "contig-ratio-green-core" 0.875
 "contig-ratio-red-core" 0.7777777777777778
 "a-count" 7
 "b-count" 2
 "c-color-count" 26
 "c-express-count" 26
 "d-color-count" 21
 "d-express-count" 21
 "cell-count" 56
 15 3 2 39
 15 -3 0 297
 15 0 3 6
 105 -3 -1 39
 105 -4 -1 51
 15 -4 1 87
 15 4 1 281
 15 -1 -3 170
 15 -3 -2 323
 105 -3 1 105
 15 1 4 326
 15 -1 4 176
 15 0 4 129
 15 1 3 57
 15 4 0 200
 15 -2 -3 354
 105 3 3 326
 15 2 2 208
 15 -2 -1 192
 15 -2 4 34
 15 3 -3 277
 15 3 -2 224
 105 -2 2 15
 105 2 3 282
 15 -4 0 171
 105 -1 3 147
 15 -2 3 40
 15 -2 -2 59
 55 0 2 131
 55 2 0 79
 55 0 -2 214
 55 2 -2 327
 55 -1 -2 251
 55 -1 0 80
 55 3 0 11
 55 -1 1 110
 55 0 1 280
 55 1 2 144
 5 2 -1 104
 55 0 -4 269
 55 -1 2 241
 55 -2 0 298
 55 1 -2 59
 55 3 1 79
 55 0 0 95
 55 -2 1 105
 55 1 1 255
 55 0 -1 113
 55 3 -1 344
 55 -1 -1 33
 5 4 -1 167
 55 1 -3 268
 55 1 -1 172
 55 1 0 101
 55 2 1 207
 55 0 -3 256
 "contig-ratio-green-core" 0.7333333333333333
 "contig-ratio-red-core" 0.5238095238095238
