 "a-count" 8
 "b-count" 3
 "c-color-count" 25
 "c-express-count" 25
 "d-color-count" 20
 "d-express-count" 20
 "cell-count" 56
 15 -1 1 8
 105 -4 0 281
 15 -3 2 295
 15 1 -2 216
 15 -2 1 304
 15 -3 1 1
 15 4 -1 154
 15 -3 -1 195
 105 -1 -4 16
 15 2 -2 334
 15 -3 0 270
 15 2 -3 270
 15 -2 2 8
 105 -3 -2 357
 15 3 3 325
 105 4 0 30
 105 3 -3 158
 15 3 0 153
 15 -1 2 349
 105 1 3 312
 105 -4 -1 242
 15 3 -1 137
 15 3 2 260
 15 2 3 55
 15 -2 -3 248
 15 3 -2 201
 15 -1 -3 303
 105 4 1 315
 5 1 -3 46
 55 -1 0 234
 55 0 4 76
 55 2 2 338
 55 1 0 1
 55 -2 0 235
 55 -1 -2 84
 55 0 0 272
 55 -1 -1 9
 55 2 0 36
 55 0 -1 295
 55 3 1 145
 55 1 1 149
 55 1 -1 302
 55 0 2 48
 55 0 3 76
 55 -4 1 67
 55 2 1 247
 55 -2 -1 139
 55 0 -2 146
 55 0 -3 290
 55 -2 3 125
 55 -2 -2 11
 5 0 1 290
 55 2 -1 353
 55 1 2 20
 55 -1 3 344
 5 1 -4 240
 "contig-ratio-green-core" 0.8235294117647058
 "contig-ratio-red-core" 0.8421052631578947
 "a-count" 12
 "b-count" 3
 "c-color-count" 26
 "c-express-count" 25
 "d-color-count" 17
 "d-express-count" 16
 "cell-count" 56
 105 -2 -3 354
 105 0 -2 251
 105 0 -4 277
 105 3 0 187
 15 -3 0 66
 15 2 -3 232
 105 3 3 244
 15 2 3 105
 105 0 -3 155
 15 2 4 45
 15 3 2 212
 15 -3 3 79
 105 -1 -3 95
 15 -4 -1 166
 15 1 -2 194
 15 -3 -1 48
 15 2 -2 315
 15 -3 1 339
 15 1 -3 249
 105 -1 -4 113
 15 1 4 74
 105 -3 2 318
 15 2 -1 334
 105 4 -1 112
 15 2 2 146
 15 -4 0 198
 15 3 -1 289
 105 3 -3 15
 55 2 1 14
 55 0 3 228
 55 -1 0 147
 55 -1 4 197
 55 0 4 252
 55 0 -1 221
 55 -2 -2 42
 55 -2 -1 274
 55 3 1 337
 55 0 0 46
 55 -1 -1 43
 55 -2 1 42
 55 1 1 317
 55 1 2 115
 55 0 1 28
 55 -2 0 300
 55 2 0 63
 55 -1 3 337
 55 1 3 180
 55 -1 2 60
 55 1 -1 72
 55 1 0 138
 5 -3 -3 201
 55 0 2 121
 55 -1 -2 126
 55 -1 1 343
 5 4 1 3
 55 -2 3 305
 "contig-ratio-green-core" 0.6
 "contig-ratio-red-core" 0.625
 "a-count" 14
 "b-count" 5
 "c-color-count" 24
 "c-express-count" 23
 "d-color-count" 14
 "d-express-count" 14
 "cell-count" 56
 15 -3 -2 280
 15 -2 -2 0
 105 -1 4 326
 105 2 -3 255
 15 -4 1 225
 105 3 3 12
 15 2 -2 284
 15 -3 1 186
 105 0 3 175
 15 -3 2 78
 15 -3 0 81
 105 -1 -4 7
 15 1 -2 127
 105 0 4 124
 105 4 1 227
 105 1 4 26
 105 1 3 31
 15 2 -1 133
 105 -1 3 35
 15 3 1 323
 15 3 0 29
 15 -3 -1 114
 105 4 0 236
 15 3 2 351
 105 -4 0 153
 15 3 -1 163
 105 3 -2 309
 105 3 -3 288
 55 1 1 30
 55 -2 0 288
 55 2 0 189
 5 0 -4 282
 55 0 0 53
 5 1 -3 14
 55 -1 0 271
 5 1 -4 268
 55 0 1 43
 5 -4 -1 239
 55 0 2 139
 55 1 2 240
 55 -1 -3 124
 55 0 -1 215
 55 0 -2 176
 55 -2 1 39
 55 -1 -1 45
 55 2 2 162
 55 1 -1 108
 55 -3 -3 62
 55 2 1 283
 55 0 -3 28
 55 1 0 101
 55 -1 2 58
 55 -1 -2 224
 55 -1 1 214
 55 -2 -1 84
 55 -2 2 50
 "contig-ratio-green-core" 0.7142857142857143
 "contig-ratio-red-core" 0.9090909090909091
