 "a-count" 8
 "b-count" 4
 "c-color-count" 24
 "c-express-count" 24
 "d-color-count" 20
 "d-express-count" 20
 "cell-count" 56
 15 4 1 6
 15 -4 0 224
 15 3 -1 133
 105 2 2 143
 15 3 -2 206
 15 -2 2 288
 105 -2 3 35
 105 -3 -3 133
 15 -3 -2 10
 15 -1 -4 221
 15 -3 -1 221
 15 3 0 301
 15 0 4 324
 15 -3 0 18
 15 -2 -3 249
 105 1 3 92
 15 0 -4 225
 15 -3 1 197
 15 -3 2 97
 15 -1 4 314
 15 3 1 246
 105 -3 3 129
 15 -4 1 45
 15 0 3 281
 105 3 -3 45
 105 3 3 289
 105 2 3 204
 15 1 4 262
 55 -1 3 343
 55 1 2 258
 55 0 2 21
 55 -1 -1 321
 5 1 -4 109
 55 1 -2 309
 55 -2 0 79
 55 1 -1 208
 55 0 0 358
 55 1 -3 110
 55 0 -3 38
 55 2 1 5
 55 1 1 64
 5 2 0 20
 55 -1 1 14
 55 -2 -2 152
 5 -4 -1 87
 55 -1 -3 274
 55 -1 0 228
 55 -1 -2 142
 55 -2 -1 313
 55 0 -1 122
 55 1 0 185
 5 2 -2 40
 55 -1 2 169
 55 -2 1 133
 55 0 1 230
 55 0 -2 211
 "contig-ratio-green-core" 0.8461538461538461
 "contig-ratio-red-core" 0.6
 "a-count" 9
 "b-count" 5
 "c-color-count" 23
 "c-express-count" 23
 "d-color-count" 19
 "d-express-count" 19
 "cell-count" 56
 105 4 1 190
 15 -2 -2 61
 105 3 2 263
 15 3 -2 113
 15 2 3 119
 15 -3 -1 206
 15 -3 -2 347
 105 -3 -3 201
 15 2 -1 215
 105 1 -4 290
 15 4 -1 309
 15 -3 0 319
 15 2 0 12
 15 -4 0 283
 105 3 -3 159
 15 0 -3 285
 105 -3 3 357
 105 3 0 344
 15 -4 1 87
 15 1 -3 43
 15 3 -1 359
 15 2 -2 11
 15 2 1 66
 15 2 2 49
 105 2 -3 116
 15 -3 1 215
 105 4 0 233
 15 -2 3 212
 55 1 2 274
 5 3 1 179
 55 0 2 43
 55 1 -1 54
 55 -1 1 32
 55 -2 1 191
 55 1 0 214
 55 1 -2 331
 55 0 3 116
 55 0 -1 220
 55 1 1 92
 55 -1 -1 345
 55 -2 2 125
 55 1 3 294
 5 0 -4 118
 5 -3 2 119
 55 -1 3 143
 5 -1 -3 346
 55 0 -2 326
 55 -1 2 183
 55 0 1 83
 55 -2 0 177
 55 -1 0 298
 55 -1 -2 293
 5 -2 -3 316
 55 -4 -1 4
 55 0 0 284
 55 -2 -1 209
 "contig-ratio-green-core" 0.9285714285714286
 "contig-ratio-red-core" 0.8125
 "a-count" 10
 "b-count" 8
 "c-color-count" 20
 "c-express-count" 20
 "d-color-count" 20
 "d-express-count" 18
 "cell-count" 56
 15 1 -3 138
 15 -4 -1 60
 15 3 -2 159
 15 -4 0 293
 15 0 -3 358
 105 4 -1 127
 15 3 1 271
 15 3 2 153
 15 -1 -3 275
 15 -2 -3 197
 105 -1 4 35
 15 3 0 94
 15 1 -4 159
 105 -3 -2 273
 15 2 -3 39
 15 -2 3 123
 15 -2 2 11
 15 3 -1 261
 105 1 -2 104
 15 4 0 334
 105 -1 -4 115
 15 -2 1 310
 105 3 3 68
 15 0 -4 124
 105 -1 3 5
 15 2 -2 71
 15 2 1 80
 105 -3 1 108
 55 2 -1 103
 55 0 1 238
 55 -2 -2 106
 55 0 -2 104
 5 1 3 271
 55 1 -1 69
 55 -1 -1 219
 55 -2 0 214
 55 -1 0 316
 55 -3 -1 340
 5 1 0 65
 55 0 3 154
 55 0 0 117
 55 2 0 111
 55 1 1 151
 55 -1 2 317
 55 -1 -2 263
 5 4 1 224
 5 -1 1 156
 5 3 -3 30
 5 2 2 101
 5 2 3 19
 55 0 2 356
 5 -3 2 68
 55 0 -1 289
 55 -3 0 298
 55 1 2 203
 55 -2 -1 194
 "contig-ratio-green-core" 0.9166666666666666
 "contig-ratio-red-core" 0.5294117647058824
 "a-count" 8
 "b-count" 4
 "c-color-count" 24
 "c-express-count" 24
 "d-color-count" 20
 "d-express-count" 20
 "cell-count" 56
 15 -1 3 89
 15 -1 4 17
 15 2 3 240
 105 2 2 178
 15 -1 -3 120
 105 1 4 87
 105 3 1 103
 15 4 -1 139
 15 2 0 194
 15 2 -3 75
 15 -4 -2 8
 105 0 4 52
 15 -4 -1 66
 15 1 -2 218
 15 3 -1 26
 15 3 3 328
 105 -2 2 69
 15 -3 -2 306
 105 -3 2 27
 15 -2 3 221
 15 -4 0 255
 15 -1 -4 66
 15 2 -2 98
 15 2 -1 248
 15 -3 -1 198
 105 1 -4 154
 105 4 1 184
 15 -1 2 108
 55 1 1 303
 55 -4 1 149
 55 -1 -2 271
 55 0 3 16
 55 0 -1 246
 55 0 2 245
 55 1 2 27
 55 -1 0 180
 55 -3 1 174
 55 -2 -2 324
 55 -2 1 154
 55 -1 -1 341
 55 2 1 243
 55 -2 -1 299
 55 -3 0 293
 5 -3 -3 319
 55 0 -2 279
 55 0 -3 190
 55 1 0 8
 55 1 3 139
 55 -2 0 18
 55 0 0 116
 55 -1 1 197
 55 1 -1 274
 5 1 -3 49
 5 -3 3 350
 55 0 1 222
 5 -2 -3 232
 "contig-ratio-green-core" 0.5882352941176471
 "contig-ratio-red-core" 0.7368421052631579
