 "a-count" 5
 "b-count" 4
 "c-color-count" 26
 "c-express-count" 24
 "d-color-count" 24
 "d-express-count" 23
 "cell-count" 56
 15 2 0 315
 15 3 -2 254
 15 -2 0 65
 105 -3 1 211
 105 3 3 25
 15 1 -3 296
 15 3 -1 256
 15 1 -4 92
 105 4 1 311
 15 2 -4 245
 15 -3 0 45
 15 -3 -1 44
 15 -2 1 333
 15 2 -2 43
 15 0 -4 284
 15 -2 2 320
 15 2 -3 301
 15 3 1 164
 15 -4 1 348
 15 0 4 214
 15 2 1 122
 15 1 1 157
 15 -1 4 341
 15 3 2 285
 15 2 2 330
 105 -4 0 23
 15 2 -1 318
 15 3 0 283
 55 -1 -1 290
 55 -2 -1 162
 55 3 -3 303
 55 0 -1 187
 5 -2 -2 119
 55 0 3 221
 55 -2 3 345
 55 4 -1 69
 55 1 3 128
 55 0 -2 172
 55 -1 -2 105
 55 -3 -3 73
 55 -1 -3 224
 55 1 -1 180
 55 0 1 61
 55 -1 3 291
 55 0 -3 358
 55 -2 -3 326
 55 -1 2 327
 55 1 0 0
 55 0 2 271
 5 -3 -2 163
 55 4 0 77
 55 1 -2 176
 55 0 0 313
 55 -3 3 346
 55 2 3 103
 55 -1 0 330
 "contig-ratio-green-core" 0.8235294117647058
 "contig-ratio-red-core" 0.7142857142857143
 "a-count" 5
 "b-count" 7
 "c-color-count" 21
 "c-express-count" 21
 "d-color-count" 25
 "d-express-count" 23
 "cell-count" 56
 15 -1 -4 123
 15 -4 1 21
 15 1 -2 138
 15 -2 2 345
 15 0 -3 76
 15 2 -1 86
 15 2 -2 171
 15 -4 2 166
 15 4 1 99
 15 -2 1 336
 15 1 -1 122
 15 0 4 260
 15 -3 -1 8
 15 3 1 69
 105 1 -3 135
 15 -3 0 2
 105 4 0 322
 15 -4 0 320
 15 3 0 138
 15 -2 3 158
 15 -4 -1 335
 15 1 -4 24
 15 0 -2 282
 15 0 -1 322
 15 -1 4 190
 15 -3 2 58
 15 3 -1 233
 105 2 -3 210
 55 -1 -2 196
 55 -3 -3 34
 5 -2 -2 195
 5 3 2 278
 5 -3 -2 100
 55 2 1 316
 5 0 -4 11
 5 2 3 251
 55 -1 2 274
 55 3 -2 50
 55 1 1 167
 55 -2 0 80
 55 3 -3 157
 55 0 2 224
 55 -2 -1 34
 55 1 3 233
 55 -1 1 226
 55 -1 0 188
 5 0 3 184
 55 -1 -3 264
 55 -1 3 38
 55 0 0 163
 55 1 0 355
 55 2 0 258
 55 1 2 15
 5 3 3 351
 55 -3 3 17
 55 -1 -1 175
 "contig-ratio-green-core" 0.9411764705882353
 "contig-ratio-red-core" 0.6666666666666666
 "a-count" 4
 "b-count" 9
 "c-color-count" 19
 "c-express-count" 19
 "d-color-count" 24
 "d-express-count" 24
 "cell-count" 56
 15 -3 0 98
 105 3 2 299
 15 1 0 255
 15 1 2 281
 15 3 0 227
 15 2 0 146
 15 0 1 266
 15 -1 2 142
 15 -2 3 160
 105 4 -1 212
 15 1 1 189
 15 0 -4 231
 15 2 -3 277
 15 2 2 55
 15 2 1 221
 105 3 -1 196
 15 1 3 170
 15 -1 -4 20
 15 3 3 339
 15 -2 -3 109
 15 -1 -3 119
 15 3 1 132
 15 -2 2 81
 15 2 3 79
 15 0 2 203
 15 0 -3 139
 15 1 -3 189
 105 1 -4 355
 5 0 -1 12
 55 1 4 328
 55 2 -2 237
 55 1 -2 353
 5 4 0 313
 55 -2 1 185
 55 -4 -1 187
 55 -2 0 208
 5 -3 -3 202
 55 -5 -1 220
 55 2 4 318
 55 0 -2 301
 5 4 1 266
 5 2 -1 342
 5 -1 3 154
 55 3 -3 266
 55 1 -1 79
 55 3 -2 300
 55 -3 -2 39
 5 0 0 102
 55 -2 -1 38
 55 0 4 20
 55 -1 -1 354
 5 -4 1 49
 55 -2 -2 131
 55 -1 1 65
 5 -3 -1 132
 55 -1 -2 88
 "contig-ratio-green-core" 0.6666666666666666
 "contig-ratio-red-core" 0.6111111111111112
