 "a-count" 7
 "b-count" 1
 "c-color-count" 27
 "c-express-count" 27
 "d-color-count" 22
 "d-express-count" 21
 "cell-count" 56
 15 4 0 208
 15 0 2 105
 15 -1 3 288
 105 -4 -1 318
 105 -3 -1 113
 15 2 3 305
 15 -4 -2 51
 15 -4 0 279
 15 0 -3 110
 15 -1 -4 264
 105 -3 1 267
 15 1 2 277
 15 0 3 231
 15 3 -1 328
 105 1 4 227
 105 3 3 328
 105 -1 4 147
 15 -2 3 336
 15 4 -1 267
 15 -3 -2 256
 15 0 -4 162
 15 -3 0 255
 15 4 1 132
 15 -3 3 16
 15 1 -3 350
 15 -1 2 111
 15 1 3 85
 15 1 -4 92
 55 2 -2 129
 55 3 2 135
 55 1 -2 31
 55 -3 2 267
 5 -3 -3 64
 55 1 1 80
 55 1 -1 50
 55 2 0 305
 55 1 0 340
 55 -2 1 109
 55 2 2 25
 55 -1 -1 313
 55 2 1 301
 55 3 0 341
 55 0 -1 23
 55 -2 -2 228
 55 0 1 90
 55 -1 1 94
 55 2 -3 39
 55 2 -1 349
 55 -2 -3 287
 55 0 0 90
 55 3 1 235
 55 0 -2 308
 55 -1 -2 156
 55 -2 0 35
 55 -1 0 17
 55 -2 -1 355
 "contig-ratio-green-core" 0.6111111111111112
 "contig-ratio-red-core" 0.7647058823529411
 "a-count" 10
 "b-count" 7
 "c-color-count" 22
 "c-express-count" 21
 "d-color-count" 19
 "d-express-count" 18
 "cell-count" 56
 15 3 2 74
 105 3 -1 227
 105 2 -3 4
 15 0 3 310
 15 0 -3 207
 15 3 0 346
 105 -3 3 34
 105 -3 0 259
 15 0 4 270
 15 2 2 138
 15 3 3 25
 15 -3 -1 308
 15 -4 0 267
 15 -2 -3 229
 15 1 4 328
 15 -2 -2 357
 15 3 1 337
 105 -2 2 97
 15 -2 3 103
 15 -1 3 218
 15 -1 -3 168
 15 -4 -1 0
 105 2 -2 147
 105 -4 1 358
 15 -1 -4 197
 15 -3 -2 320
 105 3 -2 22
 105 2 -1 29
 55 -1 1 184
 55 0 -4 223
 55 2 1 52
 55 -1 0 121
 5 -1 -1 223
 55 1 0 161
 55 1 3 355
 55 0 -2 98
 55 1 2 53
 55 1 -1 310
 55 -2 1 22
 55 1 -3 149
 55 0 -1 154
 55 0 2 28
 5 1 1 268
 5 -2 -1 94
 5 -3 2 46
 55 -3 1 73
 55 2 0 12
 55 0 1 41
 55 -1 -2 321
 5 2 3 217
 55 1 -2 52
 55 -2 0 123
 55 0 0 65
 55 4 1 4
 5 -3 -3 207
 55 -1 4 45
 "contig-ratio-green-core" 0.5714285714285714
 "contig-ratio-red-core" 0.5625
 "a-count" 6
 "b-count" 6
 "c-color-count" 22
 "c-express-count" 22
 "d-color-count" 24
 "d-express-count" 22
 "cell-count" 56
 15 2 1 225
 15 2 2 247
 15 -1 3 280
 15 -1 -4 340
 15 -4 -1 314
 15 3 0 307
 15 -2 -3 236
 15 1 -3 356
 105 -3 -1 202
 15 2 0 96
 105 2 -3 93
 15 -3 3 195
 15 0 -3 56
 15 4 0 186
 15 0 -4 70
 15 0 3 53
 15 -3 -3 173
 105 -4 0 8
 15 3 -1 288
 15 -2 3 245
 15 -1 4 151
 15 1 2 23
 15 -3 2 222
 15 1 1 190
 105 -2 -2 0
 15 1 3 308
 15 -1 -3 7
 15 -1 -2 231
 55 -3 0 333
 55 -3 1 105
 5 3 -3 204
 5 -3 -2 216
 55 -1 1 122
 55 -1 -1 226
 55 0 1 206
 55 2 -1 104
 5 3 -2 209
 55 2 4 334
 55 2 3 188
 5 2 -2 206
 55 -2 1 85
 55 1 0 299
 55 0 0 169
 55 1 -2 268
 5 0 4 264
 55 -2 2 177
 55 3 1 86
 55 3 2 163
 55 -2 -1 84
 55 1 -1 208
 55 -2 0 187
 55 0 -2 241
 5 4 1 183
 55 -1 2 296
 55 0 -1 163
 55 -1 0 27
 "contig-ratio-green-core" 0.8666666666666667
 "contig-ratio-red-core" 0.55
 "a-count" 7
 "b-count" 2
 "c-color-count" 26
 "c-express-count" 26
 "d-color-count" 24
 "d-express-count" 21
 "cell-count" 56
 15 1 0 91
 15 -3 2 356
 105 1 -3 325
 15 2 -1 264
 15 4 0 5
 15 -3 -1 2
 15 2 0 358
 15 3 0 176
 15 2 1 103
 15 -1 -3 255
 15 -3 1 286
 15 4 -1 122
 105 -3 3 94
 15 1 -1 71
 105 1 -4 352
 15 -3 0 100
 15 3 3 255
 15 2 3 76
 15 -4 -1 305
 15 3 -1 151
 105 0 4 88
 15 -2 -1 77
 15 0 -2 173
 15 1 -2 345
 15 1 3 120
 15 1 4 111
 15 0 -3 139
 15 -1 -4 153
 55 3 -2 253
 5 0 -4 136
 55 0 1 56
 5 -2 2 258
 55 0 -1 175
 55 -2 1 53
 55 1 2 236
 55 -2 0 162
 55 -1 -2 48
 55 0 0 244
 55 -1 3 4
 55 2 2 220
 55 -2 -2 359
 55 0 3 7
 55 -1 0 289
 55 4 2 334
 55 -1 2 330
 55 0 2 344
 55 -1 -1 199
 55 3 -3 41
 55 2 -2 316
 55 3 2 266
 55 3 1 135
 55 2 -3 145
 55 -1 4 258
 55 4 1 32
 55 -1 1 326
 55 -2 -3 313
 "contig-ratio-green-core" 0.75
 "contig-ratio-red-core" 0.7894736842105263
