 "a-count" 6
 "b-count" 2
 "c-color-count" 26
 "c-express-count" 26
 "d-color-count" 24
 "d-express-count" 22
 "cell-count" 56
 105 -2 1 152
 15 -3 -1 176
 15 -4 0 171
 15 -1 1 63
 15 1 -2 156
 15 0 -3 121
 15 -3 -3 336
 15 1 -4 205
 15 1 1 31
 105 -1 2 176
 15 -2 3 181
 15 3 2 241
 15 2 2 109
 105 0 4 324
 15 0 2 304
 105 3 -3 195
 15 -3 1 209
 15 -2 0 226
 15 -3 0 269
 15 0 1 248
 15 3 3 87
 15 -2 2 142
 15 2 -3 306
 15 0 -4 124
 15 2 3 34
 15 -1 -4 247
 15 1 4 106
 15 -3 2 235
 55 -1 -1 199
 55 0 -1 266
 55 -1 3 245
 55 -1 0 170
 5 -3 3 344
 55 1 -1 318
 55 0 3 107
 55 -4 -1 173
 55 3 1 61
 55 -3 -2 209
 55 4 0 46
 55 3 -1 66
 55 2 -1 78
 55 1 0 285
 5 -4 1 298
 55 1 3 252
 55 0 0 343
 55 3 0 117
 55 -2 -1 39
 55 4 -1 12
 55 0 -2 74
 55 2 0 295
 55 -2 -2 304
 55 2 1 331
 55 1 -3 223
 55 -1 4 158
 55 2 -4 131
 55 -1 -2 3
 "contig-ratio-green-core" 0.7222222222222222
 "contig-ratio-red-core" 0.7
 "a-count" 8
 "b-count" 6
 "c-color-count" 23
 "c-express-count" 22
 "d-color-count" 20
 "d-express-count" 20
 "cell-count" 56
 15 3 0 155
 105 4 -2 7
 105 -1 -4 142
 15 -1 2 314
 105 2 1 15
 15 -1 -3 245
 15 -2 0 319
 15 -1 3 290
 105 -3 -1 218
 15 -4 -1 126
 15 0 3 68
 105 -3 -2 332
 15 -4 0 83
 15 3 -1 188
 15 -3 1 81
 105 4 -1 289
 15 1 3 186
 15 3 2 106
 105 -2 -2 181
 15 -3 0 261
 15 3 1 145
 105 -3 -3 103
 15 0 -3 224
 15 -2 -3 327
 15 -2 2 302
 15 -2 1 100
 15 3 -3 194
 15 4 0 267
 5 -4 1 224
 55 -1 0 335
 55 -1 1 268
 55 -3 3 34
 55 1 4 295
 55 2 2 248
 55 2 -3 20
 55 0 0 87
 55 0 -1 137
 5 -1 4 347
 5 3 -2 32
 55 -1 -1 203
 55 0 2 19
 55 0 1 175
 55 -1 -2 102
 5 -3 2 54
 55 1 -3 249
 55 1 0 345
 55 0 -2 29
 55 1 1 160
 5 4 1 27
 55 1 -1 271
 55 3 3 285
 55 1 -2 38
 55 2 -2 47
 55 2 0 135
 55 1 2 356
 55 2 -1 52
 "contig-ratio-green-core" 0.7857142857142857
 "contig-ratio-red-core" 0.7058823529411765
 "a-count" 7
 "b-count" 3
 "c-color-count" 25
 "c-express-count" 25
 "d-color-count" 21
 "d-express-count" 21
 "cell-count" 56
 15 3 2 153
 15 1 -2 221
 105 0 4 155
 15 3 1 26
 15 -1 -2 52
 15 3 0 183
 105 1 -4 227
 105 2 1 95
 15 -3 1 179
 15 3 -1 70
 15 -3 2 207
 15 0 -3 146
 15 1 -3 209
 15 0 -2 307
 15 -3 0 255
 105 -1 -3 211
 15 -1 3 160
 15 -4 -1 109
 105 4 0 199
 15 1 3 70
 15 2 0 154
 15 2 -1 345
 15 -4 0 346
 15 -2 2 285
 15 0 -4 114
 105 4 1 73
 15 4 -1 252
 105 3 3 284
 5 -4 1 85
 55 2 3 80
 55 1 0 187
 5 0 3 10
 55 -3 -2 283
 55 2 -3 87
 55 -2 1 324
 55 -4 -2 176
 55 0 2 292
 55 1 2 161
 55 1 -1 72
 55 -1 -1 6
 55 -1 1 235
 55 -2 0 86
 55 1 1 129
 55 0 0 20
 55 2 2 157
 55 -1 0 228
 55 -1 4 52
 55 0 -1 303
 55 -2 -1 22
 55 3 -3 292
 55 0 1 127
 55 -2 -2 145
 55 -1 2 186
 55 -2 -3 257
 55 -3 -1 264
 5 -2 3 344
 "contig-ratio-green-core" 0.7222222222222222
 "contig-ratio-red-core" 0.7857142857142857
 "a-count" 7
 "b-count" 7
 "c-color-count" 23
 "c-express-count" 21
 "d-color-count" 22
 "d-express-count" 21
 "cell-count" 56
 15 -2 -1 33
 15 2 1 124
 15 -3 0 228
 15 -1 0 16
 105 -3 3 14
 15 -1 -4 291
 15 3 1 309
 15 3 2 175
 15 1 1 339
 15 -1 4 12
 105 3 3 307
 15 0 0 115
 105 -4 1 83
 15 4 0 201
 105 -3 -2 274
 15 -2 -2 135
 15 1 2 189
 15 -1 -3 39
 105 -2 3 296
 15 -2 -3 240
 15 -1 1 347
 105 -3 1 210
 15 2 2 37
 15 -2 0 349
 15 3 -3 224
 15 0 -3 204
 15 0 1 243
 15 0 4 153
 55 -1 2 43
 55 -1 -2 147
 55 1 4 356
 5 -3 -3 221
 55 -4 -1 235
 55 0 -2 37
 5 2 -3 185
 55 0 -1 231
 55 2 -2 303
 55 0 2 239
 55 2 0 46
 55 2 -1 273
 55 1 -4 323
 55 -2 1 11
 55 -1 -1 162
 55 -4 0 93
 55 -1 3 234
 5 0 3 12
 55 1 0 122
 5 -3 -1 304
 55 1 -1 253
 55 1 -3 51
 55 1 3 69
 55 1 -2 1
 5 4 -1 282
 55 3 0 120
 55 3 -1 144
 55 -2 2 0
 "contig-ratio-green-core" 0.85
 "contig-ratio-red-core" 0.7894736842105263
