 "a-count" 7
 "b-count" 10
 "c-color-count" 18
 "c-express-count" 18
 "d-color-count" 24
 "d-express-count" 21
 "cell-count" 56
 15 -1 3 333
 15 0 3 281
 105 2 -2 59
 15 -2 3 159
 15 -3 1 291
 15 0 1 279
 15 -1 4 229
 15 -1 1 267
 15 2 -3 0
 15 -2 1 54
 15 -1 -3 92
 105 -3 -2 237
 15 3 3 66
 15 1 -3 349
 15 -2 2 144
 105 -1 -2 337
 15 3 0 26
 15 2 3 203
 15 -4 1 283
 15 3 -3 49
 15 3 -2 104
 15 -1 1 149
 105 1 4 28
 15 -4 0 282
 15 1 -2 324
 15 3 1 229
 15 -1 2 33
 15 0 -3 258
 55 -3 0 38
 5 -3 3 334
 55 1 1 350
 55 -1 -1 179
 5 2 2 107
 55 1 2 111
 55 1 -1 69
 55 -1 0 37
 55 2 1 310
 55 0 0 41
 5 -3 -3 240
 5 4 0 76
 55 1 3 316
 55 -2 -1 195
 5 3 2 274
 5 -4 -1 37
 55 -3 -1 268
 5 -2 -2 19
 55 0 -1 201
 5 4 1 201
 55 1 0 169
 55 2 -1 24
 5 0 -4 35
 55 -3 2 227
 55 -2 0 117
 5 1 -4 329
 55 2 0 105
 55 3 -1 146
 "contig-ratio-green-core" 0.8125
 "contig-ratio-red-core" 0.5238095238095238
 "a-count" 7
 "b-count" 3
 "c-color-count" 25
 "c-express-count" 25
 "d-color-count" 21
 "d-express-count" 21
 "cell-count" 56
 15 -4 -2 25
 15 3 2 346
 105 3 -3 177
 15 -1 -3 98
 105 0 -4 115
 15 -1 -4 35
 105 -3 -1 316
 15 3 -1 280
 15 -4 0 229
 105 3 3 112
 15 0 4 97
 105 -3 -3 72
 15 3 1 167
 15 -2 -4 277
 15 1 4 140
 15 3 0 220
 15 -4 -1 34
 15 -3 -2 19
 15 -1 4 25
 15 -3 2 30
 15 -3 1 36
 15 -2 3 277
 15 4 1 140
 15 1 3 195
 15 3 -2 71
 15 -3 0 100
 105 2 -3 93
 105 -4 1 318
 55 0 -2 59
 55 0 3 30
 55 -1 2 220
 55 1 -1 220
 5 2 1 206
 55 -1 0 134
 55 1 1 58
 55 0 2 117
 55 -2 -1 267
 55 -2 0 140
 55 1 0 284
 5 -3 3 196
 55 0 1 286
 55 -1 -2 260
 55 -1 3 277
 55 4 -1 316
 55 4 0 345
 55 2 3 250
 55 0 -1 8
 55 -2 1 288
 55 -1 -1 60
 55 -2 2 242
 5 1 -4 137
 55 1 -2 158
 55 -2 -3 218
 55 -2 -2 209
 55 0 0 108
 55 -1 1 74
 "contig-ratio-green-core" 0.7647058823529411
 "contig-ratio-red-core" 0.6666666666666666
 "a-count" 6
 "b-count" 4
 "c-color-count" 24
 "c-express-count" 24
 "d-color-count" 22
 "d-express-count" 22
 "cell-count" 56
 105 3 -3 259
 15 3 1 282
 15 -3 -3 11
 15 -2 -3 58
 15 -3 0 303
 105 3 3 273
 105 -3 -2 274
 15 -1 3 254
 15 2 -2 223
 15 2 -3 55
 15 2 -1 199
 105 -2 -2 43
 15 -3 -1 80
 15 -1 -4 304
 15 4 0 73
 15 -3 3 123
 105 2 2 44
 15 -4 1 212
 15 -3 1 156
 105 -2 3 265
 15 2 1 124
 15 -2 4 141
 15 -4 0 201
 15 -3 2 246
 15 3 0 98
 15 3 -2 285
 15 -1 4 321
 15 2 0 291
 5 4 1 39
 55 -1 1 21
 55 1 -4 30
 55 0 0 339
 55 0 -1 275
 55 -2 1 106
 5 -1 -2 16
 55 -2 -1 237
 55 0 -2 64
 55 0 2 16
 5 -4 -1 206
 55 2 3 238
 5 1 3 324
 55 1 1 319
 55 -1 -1 338
 55 -2 0 262
 55 3 2 88
 55 0 -3 342
 55 1 0 88
 55 1 4 59
 55 -1 0 348
 55 1 2 36
 55 -1 2 336
 55 0 4 275
 55 -1 -3 8
 55 0 -4 56
 55 0 1 194
 55 1 -2 15
 "contig-ratio-green-core" 0.5882352941176471
 "contig-ratio-red-core" 0.5
 "a-count" 12
 "b-count" 4
 "c-color-count" 25
 "c-express-count" 24
 "d-color-count" 20
 "d-express-count" 16
 "cell-count" 56
 15 1 2 164
 15 2 -3 155
 15 2 2 133
 105 -3 -3 128
 15 1 4 35
 15 -4 0 166
 105 -2 -3 32
 15 3 -1 110
 15 4 1 191
 105 -3 -1 168
 15 3 -3 180
 15 1 3 159
 15 1 -4 182
 15 3 1 341
 15 -1 3 325
 15 -3 1 254
 15 4 0 6
 105 0 4 12
 15 0 -4 255
 15 0 3 17
 105 -3 -2 118
 105 -2 3 217
 15 3 -2 26
 15 3 0 161
 105 -3 2 267
 15 -2 -2 44
 15 -4 -1 108
 105 -2 -4 56
 55 0 -2 48
 55 -1 -1 196
 55 0 0 341
 55 2 1 125
 5 -1 -3 58
 55 -1 2 63
 55 1 -3 123
 55 -3 3 125
 55 1 0 227
 5 0 -1 251
 55 -1 0 353
 5 4 -1 43
 55 -2 0 250
 55 -1 -2 85
 55 -1 1 168
 55 3 3 279
 55 1 -1 170
 55 1 -2 284
 55 2 -1 111
 55 0 1 196
 55 1 1 305
 55 -2 -1 88
 55 2 3 124
 55 2 0 249
 55 -1 -4 239
 55 0 -3 65
 55 -3 0 176
 55 0 2 168
 "contig-ratio-green-core" 0.8235294117647058
 "contig-ratio-red-core" 0.6470588235294118
