 "a-count" 12
 "b-count" 5
 "c-color-count" 23
 "c-express-count" 23
 "d-color-count" 19
 "d-express-count" 16
 "cell-count" 56
 15 -3 -2 184
 15 0 4 187
 15 -2 1 293
 15 4 1 45
 15 4 -1 159
 105 3 2 256
 15 -3 -1 237
 15 3 3 121
 15 -1 4 299
 15 0 3 242
 15 0 -4 42
 105 -1 -3 118
 15 2 2 314
 15 -3 0 95
 105 4 0 258
 105 -1 -4 112
 15 -2 -3 339
 15 0 2 156
 105 -3 1 185
 15 1 -4 119
 105 1 2 67
 15 3 0 151
 105 0 -3 36
 105 -4 1 298
 15 3 -1 122
 15 1 3 292
 105 -1 3 111
 15 -1 1 194
 55 2 -1 354
 55 -4 0 222
 55 -3 -3 201
 55 -2 -2 16
 5 -1 2 316
 5 3 -3 356
 55 0 -1 358
 55 2 3 101
 55 -2 -1 40
 5 -3 2 231
 55 0 1 328
 55 1 4 66
 55 1 1 231
 55 1 0 237
 55 3 1 224
 55 0 0 269
 55 1 -2 175
 55 0 -2 48
 55 2 1 65
 55 -1 -2 38
 55 2 0 325
 55 -1 0 100
 55 2 -2 15
 55 1 -1 186
 5 -2 3 43
 55 1 -3 88
 55 -2 0 169
 5 -2 2 240
 "contig-ratio-green-core" 0.9166666666666666
 "contig-ratio-red-core" 0.7142857142857143
 "a-count" 6
 "b-count" 6
 "c-color-count" 24
 "c-express-count" 22
 "d-color-count" 23
 "d-express-count" 22
 "cell-count" 56
 15 2 3 45
 105 1 3 88
 105 1 -3 209
 15 -2 3 221
 105 -4 -1 207
 15 3 0 130
 105 -1 4 156
 15 2 1 185
 15 1 -1 183
 15 -3 -1 228
 15 0 3 275
 15 -3 -2 195
 15 1 0 244
 15 -3 0 305
 15 3 1 171
 15 2 -2 316
 15 1 1 305
 15 -3 3 233
 15 0 2 158
 15 2 2 107
 15 -2 -3 106
 105 -3 -3 203
 15 3 2 114
 15 -1 3 215
 15 2 0 353
 15 -1 -4 97
 15 -4 1 241
 15 0 -4 209
 55 -2 -1 336
 55 0 1 322
 55 -2 -2 167
 55 -1 1 89
 55 -1 -2 342
 5 4 1 179
 55 4 -1 107
 55 0 -2 83
 5 -2 2 14
 55 1 -4 119
 55 -2 0 232
 55 2 -1 281
 55 1 -2 96
 55 0 -1 285
 55 3 3 295
 5 3 -3 216
 55 -1 2 113
 55 1 2 289
 55 -1 -1 267
 55 -1 0 350
 55 3 -1 184
 55 -1 -3 180
 55 0 0 32
 55 0 4 312
 5 1 4 251
 55 -3 2 245
 55 0 -3 140
 55 -3 1 89
 "contig-ratio-green-core" 1
 "contig-ratio-red-core" 1
