 "a-count" 5
 "b-count" 4
 "c-color-count" 24
 "c-express-count" 24
 "d-color-count" 23
 "d-express-count" 23
 "cell-count" 56
 15 -4 1 319
 15 2 -2 353
 15 4 0 333
 105 0 3 325
 15 3 0 152
 15 -3 -2 131
 15 2 -3 227
 105 4 1 284
 15 -2 3 217
 15 -1 -3 135
 15 2 3 259
 15 3 1 135
 15 -2 -2 90
 105 -2 -3 150
 15 3 2 252
 15 1 -4 213
 15 1 2 161
 105 -1 4 6
 15 -4 0 107
 15 2 2 194
 15 -4 -1 335
 15 3 -1 331
 15 -3 1 161
 105 -1 -4 265
 15 3 -2 135
 15 -3 0 126
 15 1 3 141
 15 2 -1 316
 55 1 -3 304
 55 0 -2 68
 55 2 1 90
 5 0 -4 52
 5 -3 -3 137
 55 -2 2 355
 55 0 0 324
 55 -1 2 235
 5 1 4 155
 55 1 1 75
 55 1 -1 208
 55 0 1 82
 55 -1 3 233
 55 -1 -1 91
 55 -1 -2 156
 55 4 -1 168
 55 -2 0 331
 55 1 -2 342
 55 -2 -1 246
 55 3 3 242
 55 0 -1 264
 55 -1 1 275
 55 -1 0 337
 55 2 0 284
 5 3 -3 129
 55 0 -3 213
 55 1 0 50
 55 -2 1 174
 "contig-ratio-green-core" 0.8666666666666667
 "contig-ratio-red-core" 0.6190476190476191
 "a-count" 7
 "b-count" 8
 "c-color-count" 20
 "c-express-count" 20
 "d-color-count" 23
 "d-express-count" 21
 "cell-count" 56
 105 -1 4 8
 15 3 -2 110
 15 -1 -1 331
 15 3 3 64
 105 2 -3 308
 15 -2 3 74
 15 0 -2 349
 15 1 -4 113
 15 -2 -1 245
 105 3 -3 182
 15 0 0 321
 15 2 3 114
 15 1 -1 230
 15 -1 0 107
 15 -2 1 353
 15 0 4 48
 15 1 -2 82
 15 0 -4 228
 15 -1 3 143
 105 0 -1 298
 15 0 -3 122
 15 -1 -2 268
 15 4 2 309
 15 1 -3 219
 15 -2 2 263
 105 -3 2 279
 15 -2 0 348
 15 -1 1 91
 55 2 2 336
 5 -1 -3 187
 55 3 -1 194
 55 3 2 118
 5 -3 -3 134
 5 1 2 358
 5 4 1 345
 55 0 3 102
 55 0 1 234
 55 -3 -1 113
 55 -4 1 324
 5 -1 -4 68
 55 -4 0 101
 5 -1 2 119
 55 4 0 299
 55 1 1 251
 5 2 -2 207
 55 2 -1 242
 55 2 0 18
 55 3 0 76
 55 -3 1 231
 55 2 1 177
 5 -3 -2 22
 55 1 0 324
 55 -3 0 223
 55 0 2 283
 55 1 3 255
 55 3 1 255
 "contig-ratio-green-core" 0.8461538461538461
 "contig-ratio-red-core" 0.6111111111111112
 "a-count" 4
 "b-count" 4
 "c-color-count" 24
 "c-express-count" 24
 "d-color-count" 25
 "d-express-count" 24
 "cell-count" 56
 15 0 -3 306
 105 -2 3 276
 15 3 1 131
 15 2 -1 315
 15 -2 2 290
 15 0 -4 35
 15 -4 0 43
 15 -2 -3 73
 105 -1 -2 269
 15 3 -3 183
 15 -2 -1 243
 15 -4 1 293
 15 1 4 345
 15 -2 -2 58
 15 2 3 199
 15 3 0 54
 15 -3 3 105
 15 -1 2 17
 15 -1 -3 225
 15 3 2 328
 15 2 -2 91
 105 4 -1 86
 15 3 -1 235
 15 -1 3 303
 15 4 1 106
 15 -3 -2 269
 15 1 -4 260
 15 3 -2 31
 5 -4 -1 32
 5 -1 -4 172
 55 0 -2 22
 55 2 1 11
 55 -3 0 210
 55 2 2 89
 55 0 4 239
 55 2 -3 351
 55 -1 4 98
 55 3 3 184
 55 0 3 46
 55 -1 0 332
 5 1 -3 218
 55 1 0 331
 55 1 2 73
 55 -1 -1 225
 55 0 1 251
 55 1 3 37
 55 -3 1 1
 55 1 1 129
 55 0 0 346
 5 -1 1 59
 55 -2 1 45
 55 0 -1 146
 55 1 -2 235
 55 2 0 255
 55 -2 0 291
 55 0 2 318
 "contig-ratio-green-core" 0.8333333333333334
 "contig-ratio-red-core" 0.75
