 "a-count" 4
 "b-count" 2
 "c-color-count" 26
 "c-express-count" 26
 "d-color-count" 24
 "d-express-count" 24
 "cell-count" 56
 105 -4 0 171
 15 3 0 354
 15 -3 -1 115
 105 0 -4 228
 15 -2 -3 261
 15 -3 0 312
 105 -2 3 101
 15 1 3 48
 15 -4 1 336
 15 3 3 16
 15 1 4 128
 15 -3 -3 265
 15 3 -1 10
 15 1 -4 336
 15 -2 -2 81
 15 3 2 73
 15 -4 -1 330
 15 4 1 75
 15 4 -1 333
 15 2 3 48
 15 -1 3 340
 15 2 -3 246
 15 -1 -4 210
 15 -1 4 176
 15 3 1 284
 105 -2 -1 295
 15 3 -2 347
 15 -3 2 220
 55 2 -1 337
 55 -1 -1 337
 55 0 0 357
 55 0 1 312
 55 -3 1 317
 55 0 -2 342
 55 1 1 109
 55 1 -1 355
 55 -1 -2 163
 55 -1 2 83
 55 2 2 155
 55 1 2 192
 55 2 0 165
 55 -2 0 104
 55 -1 0 244
 55 2 1 209
 55 0 -3 75
 55 0 4 248
 55 -2 2 256
 5 2 -2 158
 55 1 0 35
 55 -2 1 253
 55 0 2 83
 55 -1 -3 135
 55 1 -2 49
 5 -1 1 18
 55 0 -1 283
 55 0 3 82
 "contig-ratio-green-core" 1
 "contig-ratio-red-core" 0.5
 "a-count" 8
 "b-count" 5
 "c-color-count" 25
 "c-express-count" 23
 "d-color-count" 21
 "d-express-count" 20
 "cell-count" 56
 15 -2 2 64
 15 1 2 329
 15 2 -1 134
 15 -1 -4 167
 15 -2 -3 219
 15 0 4 87
 15 -1 2 317
 15 -3 -2 286
 15 2 -3 268
 15 -2 3 328
 15 3 3 160
 105 -1 4 327
 105 -3 1 232
 105 -3 2 288
 15 3 1 280
 15 -4 1 335
 105 4 0 304
 15 3 2 191
 105 1 -3 334
 105 -3 -3 97
 15 1 3 163
 15 3 -1 49
 15 1 4 134
 105 -1 -3 279
 15 3 0 263
 15 3 -3 133
 15 0 -4 194
 15 -4 -1 25
 55 -4 0 230
 55 -1 -2 106
 55 0 -3 328
 55 1 -2 284
 55 0 -2 131
 55 -1 1 244
 55 2 0 161
 55 4 1 160
 55 -3 0 306
 5 1 -4 250
 55 0 0 64
 5 2 2 276
 55 1 0 37
 55 3 -2 158
 55 0 3 20
 55 0 -1 313
 55 1 1 276
 55 2 1 6
 55 -2 0 53
 55 0 1 144
 55 -3 -1 93
 55 -1 0 200
 55 -1 -1 348
 55 -2 -1 41
 55 0 2 313
 5 2 -2 204
 55 -2 -2 22
 55 1 -1 248
 "contig-ratio-green-core" 0.9333333333333333
 "contig-ratio-red-core" 0.7142857142857143
 "a-count" 7
 "b-count" 3
 "c-color-count" 25
 "c-express-count" 25
 "d-color-count" 22
 "d-express-count" 21
 "cell-count" 56
 15 0 4 195
 15 -3 -2 352
 15 3 2 312
 105 4 0 296
 15 -4 1 88
 15 0 -4 82
 15 -2 -2 242
 105 -1 3 96
 15 -2 -3 277
 15 1 -4 226
 15 -4 0 73
 15 1 4 100
 15 -1 -4 244
 15 -2 -1 17
 15 -1 4 77
 15 1 -2 211
 15 3 1 283
 15 2 3 211
 105 0 -3 82
 15 1 -3 333
 15 -3 3 100
 15 -2 3 30
 15 -3 -1 134
 15 3 3 305
 15 -3 2 176
 105 -2 2 237
 105 -4 -1 225
 105 1 3 8
 55 1 1 211
 55 -1 -1 93
 55 0 0 46
 55 2 2 100
 55 3 -1 288
 55 3 0 284
 55 1 0 317
 5 2 -2 249
 55 0 -2 207
 55 -3 1 263
 5 4 1 195
 55 0 1 8
 55 -1 0 231
 55 -2 1 162
 55 0 2 102
 55 0 -1 151
 55 2 -1 156
 55 -1 1 263
 55 -1 -2 38
 55 -1 2 301
 5 -1 -3 129
 55 1 2 5
 55 -2 0 214
 55 3 -2 320
 55 2 0 143
 55 2 1 12
 55 -3 0 4
 55 1 -1 42
 "contig-ratio-green-core" 0.625
 "contig-ratio-red-core" 0.5
 "a-count" 6
 "b-count" 1
 "c-color-count" 27
 "c-express-count" 27
 "d-color-count" 25
 "d-express-count" 22
 "cell-count" 56
 15 1 4 341
 15 3 1 295
 15 2 3 232
 105 0 4 236
 15 -3 -2 223
 15 2 -1 30
 15 3 -3 22
 15 3 -2 133
 15 1 -4 57
 15 -3 3 330
 15 4 1 45
 15 3 0 244
 15 -2 3 203
 15 2 -2 41
 105 -4 0 47
 15 2 -3 88
 15 -3 0 45
 15 1 -3 219
 15 0 3 137
 15 -1 -3 340
 15 -1 4 330
 15 -2 -3 35
 15 3 3 235
 15 0 -4 263
 15 -1 -4 204
 15 -4 -1 165
 105 4 0 324
 15 -3 2 359
 55 -3 1 205
 55 2 2 204
 5 4 -1 82
 55 1 -1 282
 55 -2 2 308
 55 -1 -1 311
 55 0 0 85
 55 -2 0 62
 55 -3 -3 333
 55 -1 3 139
 55 1 1 0
 55 1 -2 215
 55 -2 -1 159
 55 2 1 187
 55 -1 1 40
 55 0 -1 45
 55 0 2 24
 55 -1 2 195
 55 -4 1 221
 55 -2 1 235
 55 1 2 15
 55 3 2 61
 55 1 0 98
 55 -1 0 217
 55 -1 -2 269
 55 0 -2 81
 55 0 1 55
 55 -2 -2 188
 "contig-ratio-green-core" 0.875
 "contig-ratio-red-core" 0.5652173913043478
