 "a-count" 5
 "b-count" 3
 "c-color-count" 26
 "c-express-count" 25
 "d-color-count" 23
 "d-express-count" 23
 "cell-count" 56
 15 -1 2 216
 105 1 4 178
 15 -3 -3 46
 15 3 -2 210
 15 0 3 305
 15 0 -3 293
 105 3 3 10
 15 0 4 217
 15 2 -3 304
 15 -1 -3 71
 105 -2 3 321
 15 2 -2 88
 15 -3 -1 203
 15 2 3 100
 15 1 2 261
 15 -4 1 316
 105 4 0 185
 15 -1 3 82
 15 -2 -3 79
 15 -3 2 337
 15 -4 0 293
 105 1 3 215
 15 0 -4 0
 15 -3 3 275
 15 -4 -1 56
 15 4 -1 187
 15 -3 -2 220
 15 3 -1 309
 55 2 0 68
 55 0 -1 183
 55 3 0 206
 55 3 1 278
 55 3 2 280
 5 -1 -1 348
 55 0 -2 345
 55 1 -2 211
 55 -2 0 326
 55 2 1 244
 55 1 0 77
 55 -2 1 166
 55 -2 -2 195
 55 -2 -1 228
 55 -2 2 253
 5 1 -4 276
 55 -3 0 283
 55 1 -3 296
 55 1 -1 332
 55 0 1 178
 55 1 1 316
 55 -1 0 34
 55 0 0 74
 55 2 -1 348
 55 -3 1 150
 55 4 1 219
 55 -1 -2 127
 55 -1 1 165
 "contig-ratio-green-core" 0.75
 "contig-ratio-red-core" 0.6111111111111112
 "a-count" 8
 "b-count" 2
 "c-color-count" 26
 "c-express-count" 26
 "d-color-count" 21
 "d-express-count" 20
 "cell-count" 56
 15 -2 3 319
 105 3 -3 293
 105 1 -3 219
 15 -1 4 243
 15 -4 1 150
 15 3 2 256
 105 3 0 272
 105 1 -2 141
 15 2 -2 232
 15 3 1 44
 15 -2 -2 307
 15 4 1 69
 15 3 3 88
 15 2 -3 245
 105 -1 -4 208
 15 3 -1 359
 15 1 3 170
 15 -3 2 276
 15 -4 0 192
 105 -3 3 10
 15 -2 -3 274
 15 -1 -3 61
 105 4 0 49
 15 0 -4 293
 15 1 4 323
 15 -1 3 20
 15 -3 -3 1
 15 3 -2 83
 5 -1 -2 275
 5 2 -1 294
 55 1 1 281
 55 -4 -1 77
 55 0 2 344
 55 -3 0 55
 55 0 3 173
 55 -3 1 88
 55 2 1 59
 55 -2 -1 289
 55 -2 0 22
 55 -2 1 206
 55 -1 0 335
 55 -1 2 147
 55 2 0 119
 55 2 2 202
 55 -3 -1 338
 55 0 -1 341
 55 1 2 299
 55 -2 2 264
 55 1 -1 180
 55 0 0 262
 55 0 -2 120
 55 0 -3 191
 55 -1 1 330
 55 0 1 176
 55 1 0 9
 55 -1 -1 213
 "contig-ratio-green-core" 0.7333333333333333
 "contig-ratio-red-core" 0.5555555555555556
 "a-count" 10
 "b-count" 4
 "c-color-count" 24
 "c-express-count" 24
 "d-color-count" 20
 "d-express-count" 18
 "cell-count" 56
 15 -2 3 124
 105 1 3 155
 105 -4 -1 156
 15 3 -1 305
 15 -3 2 304
 15 4 1 195
 15 -1 3 248
 15 0 4 112
 105 2 -3 188
 105 1 2 163
 105 1 -4 150
 15 2 3 206
 15 -1 -2 230
 15 0 -4 307
 15 -1 -3 268
 15 1 4 40
 15 -1 4 288
 15 -1 -4 333
 15 -3 3 217
 15 -3 -3 145
 15 -3 -1 237
 15 1 1 212
 105 3 0 0
 105 2 2 18
 15 3 1 60
 15 3 2 13
 105 -2 -2 41
 15 -3 1 10
 55 1 0 322
 55 2 -1 17
 55 0 1 7
 5 3 3 179
 55 0 2 48
 55 -1 0 197
 55 2 0 348
 55 -3 -2 183
 55 0 -3 7
 5 3 -2 326
 55 -4 1 303
 55 0 0 307
 55 0 -1 20
 55 -1 -1 345
 5 4 -1 84
 55 1 -3 201
 55 -1 1 266
 5 -2 2 30
 55 -2 0 357
 55 1 -2 108
 55 2 -2 171
 55 0 -2 155
 55 -4 0 106
 55 -3 0 211
 55 -2 -1 63
 55 0 3 248
 55 1 -1 192
 55 -1 2 38
 "contig-ratio-green-core" 0.5294117647058824
 "contig-ratio-red-core" 0.7857142857142857
 "a-count" 7
 "b-count" 1
 "c-color-count" 27
 "c-express-count" 27
 "d-color-count" 23
 "d-express-count" 21
 "cell-count" 56
 15 -3 1 245
 15 2 -3 258
 105 3 -3 315
 15 1 3 194
 15 -1 -4 79
 15 0 3 24
 15 -3 2 27
 15 -3 3 297
 105 -1 4 221
 15 2 2 148
 15 3 2 122
 15 4 -1 86
 15 -2 -3 228
 15 3 -2 320
 15 -3 -2 141
 15 4 1 232
 15 0 -4 13
 15 -1 3 81
 15 3 3 286
 15 -3 -3 207
 15 -2 1 278
 105 0 4 44
 105 2 -2 341
 15 1 -4 2
 15 3 -1 151
 15 3 0 231
 15 -2 2 93
 105 2 3 349
 55 2 1 106
 55 -2 -1 149
 55 0 0 176
 5 4 0 137
 55 0 2 180
 55 1 -1 3
 55 0 1 74
 55 -1 0 110
 55 -2 0 301
 55 -1 1 220
 55 1 0 353
 55 1 1 162
 55 -2 -2 301
 55 -4 1 281
 55 0 -3 169
 55 1 -2 323
 55 -4 0 155
 55 1 2 192
 55 3 1 350
 55 0 -2 302
 55 2 -1 61
 55 -1 -1 201
 55 0 -1 199
 55 1 -3 149
 55 -3 0 306
 55 -3 -1 152
 55 -1 -2 171
 55 2 0 199
 "contig-ratio-green-core" 0.8235294117647058
 "contig-ratio-red-core" 0.65
