 "a-count" 7
 "b-count" 5
 "c-color-count" 24
 "c-express-count" 23
 "d-color-count" 25
 "d-express-count" 21
 "cell-count" 56
 105 3 0 139
 15 -2 3 68
 15 3 -3 213
 15 1 3 68
 105 -1 4 198
 15 -3 1 121
 15 1 -4 335
 15 -2 1 163
 15 1 4 350
 15 2 -2 136
 15 -2 -1 258
 15 3 3 278
 15 -1 3 43
 15 4 0 336
 15 2 2 39
 15 -3 2 83
 15 -1 -3 356
 15 -3 3 229
 15 2 -3 56
 15 -4 -1 235
 15 -2 2 65
 105 -1 -4 145
 15 -2 -3 280
 15 -4 0 313
 15 0 -4 189
 15 4 -1 262
 15 3 1 180
 15 -3 -1 297
 55 1 -2 327
 55 -1 -1 134
 55 0 3 75
 55 -2 0 53
 55 1 0 73
 55 -3 0 57
 55 -1 -2 256
 5 3 2 225
 55 0 1 286
 55 1 -3 302
 55 2 -1 330
 55 -1 2 206
 55 2 1 125
 55 -3 -3 99
 55 1 1 84
 55 0 -3 59
 55 0 0 56
 55 0 2 12
 55 1 -1 128
 55 0 -1 142
 55 -1 1 307
 5 2 3 283
 5 0 4 326
 55 1 2 349
 55 2 0 154
 5 -2 -2 114
 55 -1 0 14
 55 0 -2 237
 "contig-ratio-green-core" 1.25
 "contig-ratio-red-core" 0.6666666666666666
 "a-count" 11
 "b-count" 3
 "c-color-count" 25
 "c-express-count" 25
 "d-color-count" 19
 "d-express-count" 17
 "cell-count" 56
 15 4 1 325
 15 4 0 81
 105 0 4 180
 15 -1 -4 280
 15 -4 -1 279
 15 1 -3 293
 15 1 -2 333
 15 0 -4 339
 15 -4 1 248
 15 3 -1 30
 15 3 0 229
 15 0 -2 105
 15 1 3 31
 15 -3 -3 48
 15 3 -2 156
 105 3 -3 116
 105 -3 -2 136
 105 -3 3 98
 105 -3 2 302
 105 0 3 137
 15 2 -2 95
 15 -3 1 323
 105 3 2 164
 15 4 -1 239
 15 -4 0 136
 15 -2 -3 264
 105 3 3 120
 105 -1 4 188
 55 -3 -1 313
 55 -3 0 300
 5 2 -1 125
 55 1 2 172
 55 -2 0 344
 55 -1 -2 299
 55 -2 -1 321
 55 2 2 182
 55 0 2 231
 55 3 1 97
 55 -2 -2 346
 55 0 1 8
 55 -1 0 62
 55 -1 -1 135
 55 -1 2 16
 55 -2 3 357
 55 2 0 71
 55 0 0 15
 55 1 -1 154
 55 2 3 157
 55 0 -1 248
 55 -2 2 2
 55 2 1 29
 55 1 0 15
 5 2 -3 319
 55 -2 1 104
 55 -1 1 185
 5 1 -4 302
 "contig-ratio-green-core" 0.5
 "contig-ratio-red-core" 0.6470588235294118
 "a-count" 7
 "b-count" 2
 "c-color-count" 26
 "c-express-count" 26
 "d-color-count" 24
 "d-express-count" 21
 "cell-count" 56
 105 4 0 55
 15 -2 -1 321
 15 -1 4 290
 15 0 4 155
 15 -3 2 149
 105 -3 -1 333
 15 1 4 19
 15 0 -3 52
 15 -1 -1 128
 15 3 3 114
 15 -2 -3 332
 15 2 -2 185
 15 2 2 219
 15 -2 3 155
 15 3 -3 28
 15 -1 -3 215
 15 2 3 308
 105 1 3 224
 15 -3 3 96
 15 0 -4 322
 15 4 1 345
 15 -4 1 328
 15 -3 -2 206
 105 3 -2 312
 15 -3 -3 164
 15 -4 0 33
 15 1 -4 22
 15 -4 -1 71
 55 -2 1 294
 55 0 -1 343
 55 1 -2 140
 55 1 0 204
 55 2 1 332
 55 1 1 346
 55 -1 0 330
 55 2 0 12
 55 3 -1 33
 55 3 0 75
 55 2 -3 143
 55 1 2 2
 5 -1 -2 203
 55 0 2 165
 55 0 -2 354
 5 -1 1 342
 55 1 -1 313
 55 0 3 41
 55 -2 2 281
 55 2 -1 207
 55 -3 1 245
 55 1 -3 133
 55 -3 0 283
 55 0 1 302
 55 0 0 136
 55 -2 0 350
 55 -1 2 29
 55 3 1 69
 "contig-ratio-green-core" 0.7222222222222222
 "contig-ratio-red-core" 0.6666666666666666
 "a-count" 6
 "b-count" 3
 "c-color-count" 25
 "c-express-count" 25
 "d-color-count" 23
 "d-express-count" 22
 "cell-count" 56
 15 2 1 145
 105 -2 2 174
 15 1 -2 30
 15 -3 -3 310
 15 0 -3 280
 15 -3 -2 91
 15 3 -2 109
 15 -2 -1 318
 15 4 -1 180
 15 3 1 19
 15 4 1 10
 15 2 3 144
 15 -1 -3 289
 15 -1 4 23
 15 1 -3 330
 15 2 -2 239
 105 -3 2 330
 15 -3 3 317
 15 -4 0 359
 15 0 -4 288
 105 3 2 282
 15 -1 3 102
 15 3 -3 54
 105 -2 3 250
 15 -4 -1 213
 15 -1 -2 247
 15 -3 1 13
 105 -2 -2 205
 55 2 0 274
 55 1 4 339
 55 1 2 299
 55 -2 0 64
 55 -1 -1 183
 55 0 4 223
 55 -1 1 336
 55 0 2 338
 55 0 -2 13
 5 -4 1 244
 55 2 -1 2
 5 -3 -1 147
 55 -2 1 210
 55 3 -1 14
 55 1 -1 70
 55 0 1 74
 55 -3 0 141
 55 4 0 139
 55 1 3 288
 55 -1 2 263
 55 1 1 245
 55 0 -1 260
 55 -1 0 63
 55 0 0 357
 5 -2 -3 142
 55 1 0 140
 55 0 3 43
 55 3 0 233
 "contig-ratio-green-core" 0.8333333333333334
 "contig-ratio-red-core" 0.7
