 "a-count" 4
 "b-count" 4
 "c-color-count" 24
 "c-express-count" 24
 "d-color-count" 26
 "d-express-count" 24
 "cell-count" 56
 15 2 -3 253
 15 -3 -3 84
 15 -1 2 289
 105 -2 3 180
 15 3 1 60
 15 -3 -1 209
 15 2 2 164
 15 -2 2 231
 15 3 0 150
 15 -2 0 42
 15 2 -2 71
 15 -1 4 135
 15 0 -4 284
 15 -1 -4 320
 15 -4 -1 247
 15 -2 -1 78
 15 -3 1 318
 15 1 4 165
 15 4 -1 147
 15 -1 1 255
 15 3 2 64
 15 -4 1 330
 15 -4 0 138
 15 -3 3 272
 105 -2 -3 329
 15 -2 -2 221
 15 3 -1 145
 15 3 -2 191
 55 -1 -2 282
 55 0 -1 352
 55 1 -4 306
 55 0 1 208
 55 1 -1 331
 55 -1 -1 160
 55 0 -3 117
 55 1 0 280
 55 0 -2 202
 55 1 2 221
 55 -1 0 39
 55 1 3 44
 5 2 -1 290
 55 2 1 141
 55 0 3 20
 55 -1 -3 103
 55 0 2 37
 55 1 -3 323
 55 1 1 130
 55 0 0 246
 55 -1 3 58
 55 3 3 43
 55 4 0 296
 5 3 -3 287
 5 -2 1 20
 5 2 3 306
 55 2 0 243
 55 1 -2 195
 "contig-ratio-green-core" 0.8823529411764706
 "contig-ratio-red-core" 0.7368421052631579
 "a-count" 3
 "b-count" 5
 "c-color-count" 23
 "c-express-count" 23
 "d-color-count" 26
 "d-express-count" 25
 "cell-count" 56
 15 -4 -1 266
 15 4 -1 146
 105 0 3 18
 15 -3 1 103
 15 2 -2 327
 15 -2 3 268
 15 0 4 40
 15 -2 -3 186
 15 0 -4 129
 15 -1 3 15
 15 -3 0 129
 15 -4 1 152
 15 3 -3 193
 15 3 2 211
 15 -3 -3 270
 15 1 -3 352
 105 -1 -3 38
 15 -4 0 336
 15 2 -3 110
 15 -2 1 61
 15 1 4 50
 15 -3 2 200
 15 -3 3 316
 15 1 3 321
 15 4 0 319
 15 2 3 71
 15 -2 2 20
 15 1 -4 287
 55 -1 1 36
 55 2 0 275
 55 -1 -1 207
 55 1 -1 350
 55 2 -1 279
 55 0 -2 55
 55 -2 -1 217
 55 0 -1 7
 55 2 1 337
 5 4 1 162
 55 -1 -2 172
 55 0 2 162
 55 -2 0 273
 5 -3 -2 25
 55 1 0 6
 55 0 1 169
 55 1 -2 351
 5 -2 -2 122
 55 1 2 288
 55 2 2 8
 55 -3 -1 253
 55 3 1 289
 55 3 0 321
 55 -1 0 1
 55 0 0 338
 55 3 -1 20
 5 -1 4 325
 5 0 -3 166
 "contig-ratio-green-core" 0.6428571428571429
 "contig-ratio-red-core" 0.4090909090909091
 "a-count" 3
 "b-count" 2
 "c-color-count" 27
 "c-express-count" 26
 "d-color-count" 25
 "d-express-count" 25
 "cell-count" 56
 15 4 0 50
 15 -3 1 248
 105 3 -2 285
 15 -1 3 254
 15 4 1 273
 15 2 -2 101
 15 0 4 245
 15 2 -1 125
 15 1 -3 242
 15 -1 4 230
 15 3 0 294
 15 1 3 20
 15 3 3 89
 15 -3 2 309
 15 2 3 69
 15 -4 0 289
 15 3 2 110
 105 -3 -2 338
 15 -1 -3 308
 15 4 -1 137
 15 -4 -1 54
 15 3 -1 122
 15 -1 -4 341
 15 2 -3 131
 15 -4 1 251
 15 -2 2 220
 105 -3 3 138
 15 -3 -3 112
 55 1 1 187
 55 1 -1 302
 55 0 -3 288
 55 1 -2 95
 55 0 0 65
 55 -2 -2 83
 55 -2 -1 7
 55 1 2 322
 55 0 2 140
 55 -3 0 118
 55 0 3 219
 55 -1 -2 269
 55 -3 -1 27
 5 3 1 136
 55 2 0 158
 55 2 1 72
 55 -1 0 161
 55 0 -4 349
 55 -1 -1 281
 55 1 0 179
 55 -2 0 338
 55 0 -2 83
 55 -2 1 57
 55 3 -3 23
 55 -1 1 332
 55 2 2 137
 55 0 1 75
 55 0 -1 162
 "contig-ratio-green-core" 1.0714285714285714
 "contig-ratio-red-core" 0.5909090909090909
 "a-count" 8
 "b-count" 2
 "c-color-count" 26
 "c-express-count" 26
 "d-color-count" 21
 "d-express-count" 20
 "cell-count" 56
 105 -3 2 314
 105 -4 0 31
 15 3 -2 233
 15 2 2 142
 105 1 1 70
 15 -2 -3 15
 105 1 -4 242
 15 -1 4 108
 15 -3 1 12
 15 0 -3 291
 105 -4 -1 100
 15 1 2 109
 15 2 3 96
 15 4 -1 170
 15 1 -3 332
 15 -3 -1 140
 105 -2 -2 150
 15 0 -4 327
 15 2 -3 147
 15 3 3 250
 15 3 -3 353
 15 4 1 295
 105 -3 -3 303
 15 2 1 208
 15 -1 -4 278
 15 -4 1 339
 15 3 1 221
 15 -3 -2 164
 55 -2 3 111
 55 -2 2 45
 55 2 0 309
 55 0 3 80
 5 -1 -3 345
 55 0 -1 316
 55 1 -1 281
 55 -2 0 16
 55 2 -1 23
 55 -1 1 185
 55 1 -2 91
 55 -1 -1 126
 55 -3 0 269
 55 3 -1 315
 55 -1 -2 204
 55 0 0 327
 55 0 2 314
 55 -1 2 4
 5 0 4 327
 55 1 3 92
 55 -1 3 319
 55 1 0 127
 55 -2 1 35
 55 3 0 306
 55 0 1 64
 55 -1 0 263
 55 0 -2 160
 55 1 4 94
 "contig-ratio-green-core" 0.5789473684210527
 "contig-ratio-red-core" 0.47058823529411764
