 "a-count" 6
 "b-count" 1
 "c-color-count" 27
 "c-express-count" 27
 "d-color-count" 23
 "d-express-count" 22
 "cell-count" 56
 15 4 -1 280
 15 -3 -1 287
 15 3 -2 294
 105 0 -4 110
 15 -3 0 211
 15 3 1 171
 15 2 2 141
 15 0 4 178
 15 3 -3 49
 15 -4 0 164
 15 -3 2 107
 15 3 0 174
 15 3 3 188
 15 -3 3 336
 15 -1 3 43
 15 1 4 328
 105 3 -1 102
 15 -2 3 213
 105 -1 4 207
 15 -3 -3 16
 15 2 3 101
 15 -3 1 45
 15 2 -3 213
 15 1 3 206
 15 -4 -1 247
 105 4 1 120
 15 1 -4 100
 105 1 -3 102
 55 1 -2 204
 55 0 3 132
 55 1 2 230
 55 0 -2 280
 55 -1 -1 232
 5 -3 -2 347
 55 1 1 255
 55 0 2 200
 55 -1 2 129
 55 -1 0 38
 55 -2 -1 153
 55 2 -2 37
 55 1 -1 25
 55 -1 -4 126
 55 -1 -3 35
 55 -2 -3 297
 55 2 -1 341
 55 -2 -2 318
 55 1 0 197
 55 0 1 314
 55 -2 0 251
 55 0 -1 9
 55 2 0 109
 55 2 1 6
 55 -2 1 332
 55 -1 -2 39
 55 0 0 42
 55 -1 1 220
 "contig-ratio-green-core" 0.8
 "contig-ratio-red-core" 0.4
 "a-count" 12
 "b-count" 1
 "c-color-count" 28
 "c-express-count" 27
 "d-color-count" 21
 "d-express-count" 16
 "cell-count" 56
 15 0 -4 351
 15 1 -4 201
 15 -1 3 96
 15 3 3 167
 15 -2 -2 101
 15 -2 2 119
 15 4 -1 242
 15 2 -2 121
 105 1 -3 152
 15 -3 2 261
 15 -4 1 238
 105 -1 -4 330
 15 -1 2 89
 15 4 0 272
 105 -4 0 88
 15 1 -2 104
 15 3 -2 225
 105 -4 -1 186
 15 -2 3 302
 105 -1 4 260
 15 -3 -3 109
 15 -3 1 202
 15 3 2 44
 15 -2 -3 174
 105 2 -3 221
 105 2 3 24
 15 0 -3 105
 15 -3 3 64
 55 -2 -1 304
 55 2 -1 249
 55 0 -2 27
 55 1 2 246
 55 1 1 246
 55 -2 0 329
 55 -3 -1 79
 55 -1 -3 77
 55 0 1 329
 55 -1 -1 111
 55 3 1 63
 55 1 4 173
 55 -1 1 113
 55 0 3 270
 55 -2 1 152
 55 1 -1 253
 55 -3 0 355
 55 1 0 145
 55 -1 0 230
 55 2 0 24
 55 3 0 112
 55 2 2 91
 55 0 0 316
 55 -1 -2 219
 55 2 1 319
 55 0 2 333
 55 1 3 121
 55 0 -1 221
 "contig-ratio-green-core" 0.6470588235294118
 "contig-ratio-red-core" 0.6666666666666666
 "a-count" 10
 "b-count" 5
 "c-color-count" 24
 "c-express-count" 23
 "d-color-count" 21
 "d-express-count" 18
 "cell-count" 56
 15 -3 1 346
 15 -3 2 206
 15 -4 1 127
 15 3 -3 31
 15 2 3 46
 15 1 -4 276
 105 1 3 218
 15 -3 -2 150
 15 1 4 12
 15 -1 3 166
 15 3 2 196
 15 4 -1 282
 105 -2 2 147
 15 -1 -3 157
 15 4 0 91
 105 0 4 259
 15 2 -1 168
 15 2 -2 87
 15 -4 0 322
 105 3 3 194
 105 2 -3 316
 105 4 1 147
 15 -3 3 350
 15 3 -1 37
 105 -1 2 277
 15 -2 3 357
 15 -2 -2 11
 15 -3 -3 318
 55 -2 0 283
 55 1 1 338
 55 1 -2 135
 55 0 -2 170
 55 1 2 16
 55 3 1 62
 55 1 0 54
 55 0 1 123
 55 1 -3 183
 5 -1 -4 345
 55 0 0 295
 55 2 0 190
 55 -1 -2 184
 5 -4 -1 325
 5 0 -4 304
 55 3 0 88
 55 0 -1 235
 55 1 -1 338
 55 -1 -1 43
 55 -1 0 250
 55 -3 -1 307
 55 0 3 275
 5 0 -3 181
 55 2 1 72
 55 -1 1 205
 55 -2 1 216
 55 0 2 316
 55 -2 -1 251
 "contig-ratio-green-core" 0.6666666666666666
 "contig-ratio-red-core" 0.5333333333333333
 "a-count" 9
 "b-count" 2
 "c-color-count" 27
 "c-express-count" 26
 "d-color-count" 22
 "d-express-count" 19
 "cell-count" 56
 15 -2 -3 172
 15 -2 3 47
 15 0 4 14
 105 -2 -2 231
 105 -1 -3 309
 15 -3 3 206
 15 4 -1 339
 15 -3 -3 232
 15 0 3 313
 105 -1 3 201
 15 -2 2 201
 105 3 -1 76
 105 1 -4 261
 15 -3 -1 339
 15 4 0 275
 15 4 1 32
 15 1 4 341
 15 3 -3 37
 15 2 3 189
 105 -1 4 70
 15 -2 1 17
 15 -1 2 10
 15 -4 -1 18
 15 -3 1 359
 15 3 3 63
 15 -3 2 156
 15 3 0 230
 15 2 -3 340
 55 0 -4 110
 55 1 -2 55
 55 2 0 252
 55 -4 0 97
 55 1 1 42
 55 2 1 257
 55 3 2 26
 55 -2 -1 264
 55 0 -3 14
 55 0 1 339
 55 0 -1 254
 55 2 -2 9
 55 0 0 216
 55 1 -1 54
 55 -1 -1 127
 55 -2 0 269
 55 1 2 56
 55 -4 1 317
 55 1 -3 259
 55 2 -1 115
 55 1 0 169
 55 -1 0 240
 55 0 2 30
 5 -1 -4 198
 55 -1 1 0
 55 2 2 14
 55 0 -2 86
 55 -3 0 351
 "contig-ratio-green-core" 0.5555555555555556
 "contig-ratio-red-core" 0.5714285714285714
