 "a-count" 9
 "b-count" 3
 "c-color-count" 26
 "c-express-count" 25
 "d-color-count" 21
 "d-express-count" 19
 "cell-count" 56
 15 2 -1 3
 15 -3 1 19
 105 -1 -4 326
 15 3 0 204
 15 4 1 270
 15 1 -4 227
 105 -4 -1 144
 15 2 -2 35
 105 -2 3 232
 105 -3 2 80
 105 3 2 268
 15 4 -1 14
 15 1 3 248
 105 1 -3 75
 15 1 -2 235
 15 3 -1 247
 15 2 -3 112
 15 -2 -2 232
 15 2 3 99
 15 3 3 251
 15 -3 -2 23
 15 -2 -3 161
 15 0 -4 10
 105 3 1 335
 15 -3 -1 229
 15 -3 3 23
 15 -1 -2 175
 15 3 -3 83
 55 1 -1 227
 55 -2 0 83
 55 0 4 359
 55 2 0 28
 55 1 1 137
 55 0 2 118
 55 -1 3 9
 55 0 1 335
 55 2 1 202
 55 1 0 182
 55 -3 0 252
 5 -1 -3 153
 55 0 -2 203
 55 0 -1 162
 55 0 -3 25
 55 -2 -1 18
 55 -2 1 187
 55 -1 0 322
 55 2 2 196
 55 0 3 67
 55 -1 1 87
 55 -4 0 21
 55 -1 2 213
 55 -2 2 355
 55 1 2 241
 55 -1 -1 68
 5 -4 1 54
 55 0 0 173
 "contig-ratio-green-core" 0.7142857142857143
 "contig-ratio-red-core" 0.5
 "a-count" 7
 "b-count" 5
 "c-color-count" 23
 "c-express-count" 23
 "d-color-count" 22
 "d-express-count" 21
 "cell-count" 56
 15 2 -3 76
 15 3 -2 74
 105 -2 -3 240
 15 -1 4 67
 15 -3 3 39
 15 -3 -3 33
 15 1 -4 286
 15 -4 1 92
 15 4 0 63
 15 -3 -1 99
 105 1 -2 311
 15 3 2 0
 15 1 4 0
 15 2 -2 229
 15 0 3 28
 105 0 -3 42
 105 3 -3 130
 15 -1 3 215
 15 -3 -2 337
 15 1 -3 220
 105 -4 -1 274
 105 -2 3 50
 15 4 -1 102
 15 -2 2 248
 15 2 3 290
 15 3 3 243
 15 -1 -3 21
 15 -2 -2 287
 55 2 2 328
 55 -2 1 226
 55 0 2 337
 55 3 1 284
 55 3 0 189
 55 1 1 338
 55 -2 0 122
 55 -1 -1 124
 55 -3 0 206
 55 0 1 132
 55 -1 1 169
 55 1 -1 326
 5 2 1 272
 55 0 -1 2
 55 1 3 349
 55 -2 -1 35
 55 0 0 72
 5 0 -4 200
 55 -3 1 295
 55 2 0 76
 55 -1 0 4
 55 0 -2 343
 5 3 -1 2
 5 2 -1 350
 5 -4 0 4
 55 1 0 267
 55 1 2 26
 55 -1 2 28
 "contig-ratio-green-core" 0.7692307692307693
 "contig-ratio-red-core" 0.5
 "a-count" 10
 "b-count" 2
 "c-color-count" 26
 "c-express-count" 26
 "d-color-count" 22
 "d-express-count" 18
 "cell-count" 56
 15 -2 -3 272
 15 1 -3 30
 105 1 -4 95
 15 2 -2 112
 15 3 -1 331
 15 -1 -3 80
 105 4 1 243
 15 3 -3 126
 15 -3 2 62
 105 -3 -3 68
 15 0 -3 37
 15 3 1 111
 15 -4 1 306
 105 4 -1 299
 15 3 3 317
 105 -2 -1 2
 15 0 -4 334
 15 3 -2 99
 15 2 4 311
 15 -1 3 260
 15 -3 -2 185
 15 -1 -4 241
 15 1 4 284
 15 -2 -2 328
 105 2 2 276
 15 2 3 324
 15 -4 -1 137
 15 4 0 23
 55 -1 -1 350
 55 0 4 207
 55 -1 2 211
 55 0 0 132
 55 1 1 194
 55 0 -1 155
 55 -2 0 136
 55 3 2 359
 55 2 -3 244
 55 2 0 100
 5 -4 0 263
 55 0 -2 345
 55 -3 0 18
 55 -1 0 112
 55 0 1 63
 55 1 -1 200
 55 -3 3 21
 55 0 3 122
 55 2 1 275
 5 1 -2 166
 55 1 3 56
 55 -1 1 111
 55 -2 1 47
 55 0 2 75
 55 3 0 246
 55 1 2 256
 55 1 0 299
 55 -1 -2 262
 "contig-ratio-green-core" 0.6428571428571429
 "contig-ratio-red-core" 0.47058823529411764
 "a-count" 9
 "b-count" 4
 "c-color-count" 24
 "c-express-count" 24
 "d-color-count" 22
 "d-express-count" 19
 "cell-count" 56
 15 -2 2 359
 105 0 -3 209
 15 -1 4 135
 15 -1 3 183
 105 3 -3 317
 15 2 -2 2
 15 1 -4 9
 15 -4 1 323
 15 3 -1 15
 15 4 0 229
 15 -2 -1 105
 15 -4 0 338
 15 0 4 210
 105 -2 -2 22
 105 1 -3 71
 105 -4 -1 147
 15 -3 -3 16
 15 4 -1 66
 15 -3 3 201
 105 -3 -1 234
 15 -3 -2 270
 15 1 3 251
 15 4 1 268
 15 0 -4 163
 15 3 2 229
 15 2 3 78
 15 3 0 277
 15 -3 1 214
 5 -1 -3 13
 55 0 2 251
 55 0 -1 17
 55 -2 1 218
 5 2 -3 249
 5 3 3 7
 55 1 1 85
 55 1 -1 173
 55 1 -2 323
 55 0 -2 240
 55 -1 -1 264
 55 2 0 20
 55 0 0 145
 55 1 2 91
 55 2 -1 230
 55 3 1 24
 55 -1 -2 160
 55 0 1 359
 55 -1 2 138
 55 -1 0 313
 55 -2 0 130
 5 -3 2 48
 55 0 3 211
 55 -1 1 152
 55 -3 0 104
 55 2 2 117
 55 2 1 248
 55 1 0 271
 "contig-ratio-green-core" 0.9285714285714286
 "contig-ratio-red-core" 0.6470588235294118
