 "a-count" 0
 "b-count" 23
 "c-color-count" 5
 "c-express-count" 5
 "d-color-count" 28
 "d-express-count" 28
 "cell-count" 56
 15 -1 0 277
 15 -1 -3 297
 15 -1 2 169
 15 0 0 318
 15 1 -2 193
 15 3 2 346
 15 1 1 289
 15 2 0 308
 15 0 1 210
 15 -2 0 207
 15 1 0 356
 15 -1 1 285
 15 1 2 207
 15 -1 -1 10
 15 -2 -2 272
 15 -2 1 19
 15 0 2 20
 15 0 -1 334
 15 -1 3 151
 15 2 2 154
 15 -3 0 331
 15 1 -1 321
 15 0 -2 124
 15 0 -4 344
 15 2 1 107
 15 -2 -1 334
 15 -1 -2 109
 15 0 -3 40
 5 -2 -3 140
 55 0 4 345
 5 -4 -1 207
 5 3 3 25
 5 -2 3 139
 5 -3 -3 115
 5 3 -1 82
 5 -3 -1 217
 5 2 3 72
 55 -1 4 189
 5 -3 2 105
 5 1 -3 59
 5 2 -3 283
 5 -2 2 149
 5 2 -1 197
 5 -3 -2 47
 5 4 -1 334
 5 3 1 196
 5 2 -2 20
 55 0 3 178
 5 3 -2 70
 55 4 1 156
 55 4 2 163
 5 -3 1 155
 5 3 -3 179
 5 1 3 126
 5 -4 0 358
 5 1 4 241
 "contig-ratio-green-core" 0.6
 "contig-ratio-red-core" 0.17647058823529413
 "a-count" 0
 "b-count" 22
 "c-color-count" 6
 "c-express-count" 6
 "d-color-count" 28
 "d-express-count" 28
 "cell-count" 56
 15 -1 0 3
 15 1 3 112
 15 1 -2 25
 15 2 0 264
 15 0 -1 39
 15 1 2 141
 15 0 -2 0
 15 3 2 210
 15 -1 -1 299
 15 0 0 253
 15 -1 1 331
 15 -2 0 217
 15 -2 -1 65
 15 -1 2 267
 15 -4 1 73
 15 -2 1 316
 15 1 0 245
 15 -1 -2 43
 15 0 1 169
 15 -3 1 194
 15 -3 0 285
 15 2 2 66
 15 -3 -1 35
 15 0 2 142
 15 0 3 326
 15 1 1 73
 15 1 -1 319
 15 2 1 314
 5 3 1 299
 5 -4 0 110
 5 3 -2 245
 5 -2 -2 266
 5 -1 -3 349
 5 -1 -4 15
 5 1 -3 41
 5 4 0 153
 5 -1 4 34
 5 -1 3 289
 55 2 -3 104
 5 4 -1 355
 55 -2 3 173
 5 2 3 165
 5 4 1 278
 5 -3 -3 288
 55 -3 3 337
 5 0 -4 252
 5 1 4 47
 5 3 0 86
 5 -2 -3 248
 55 2 -1 20
 5 3 -3 25
 5 -3 -2 92
 55 2 -2 81
 5 -3 2 287
 55 -2 2 271
 5 -4 -1 140
 "contig-ratio-green-core" 0.8333333333333334
 "contig-ratio-red-core" 0.17647058823529413
 "a-count" 0
 "b-count" 24
 "c-color-count" 4
 "c-express-count" 4
 "d-color-count" 28
 "d-express-count" 28
 "cell-count" 56
 15 3 0 318
 15 1 2 76
 15 1 3 221
 15 -1 -1 33
 15 1 -1 328
 15 1 1 75
 15 2 0 157
 15 4 0 327
 15 0 1 107
 15 1 0 9
 15 0 0 22
 15 0 -1 105
 15 -1 2 145
 15 3 1 108
 15 -2 0 63
 15 0 -2 76
 15 -1 4 139
 15 2 1 137
 15 -1 3 25
 15 1 -2 356
 15 -2 -1 53
 15 -1 0 75
 15 0 2 222
 15 -1 1 102
 15 1 -3 289
 15 0 3 51
 15 2 2 237
 15 3 -3 321
 5 2 -1 139
 5 1 4 222
 5 -2 2 198
 5 -3 1 347
 5 2 4 285
 5 4 1 273
 5 2 3 309
 5 -3 3 221
 5 0 -3 114
 55 -2 -2 285
 55 -1 -2 152
 55 2 -4 140
 5 -4 -1 188
 55 1 -4 113
 5 -1 -4 54
 5 2 -2 91
 5 3 -2 14
 5 -2 1 213
 5 -3 0 344
 5 -1 -3 50
 5 2 -3 323
 5 3 -1 111
 5 3 2 194
 5 -3 -2 0
 5 4 -2 34
 5 4 -1 124
 5 3 3 322
 5 0 4 30
 "contig-ratio-green-core" 1
 "contig-ratio-red-core" 0.16666666666666666
