 "a-count" 0
 "b-count" 20
 "c-color-count" 8
 "c-express-count" 8
 "d-color-count" 28
 "d-express-count" 28
 "cell-count" 56
 15 -2 2 332
 15 1 1 42
 15 0 0 161
 15 1 -2 74
 15 2 0 93
 15 1 -3 249
 15 1 0 204
 15 -1 0 110
 15 0 3 238
 15 -1 1 287
 15 0 1 82
 15 3 2 344
 15 1 -4 95
 15 -1 4 187
 15 -2 0 127
 15 2 2 99
 15 -2 -1 343
 15 0 2 80
 15 -2 1 75
 15 -4 2 174
 15 -3 -1 303
 15 1 -1 151
 15 -1 2 71
 15 2 1 27
 15 -3 0 346
 15 1 2 92
 15 -1 3 205
 15 3 1 305
 55 -2 3 198
 5 -3 1 74
 5 3 -2 338
 55 -4 -1 106
 5 -2 4 285
 5 2 -2 286
 5 4 0 231
 55 -3 2 252
 5 0 4 14
 5 0 -3 181
 5 -1 -4 42
 5 0 -2 203
 55 -4 1 4
 5 0 -1 88
 55 -1 -2 53
 5 3 -3 237
 5 -3 3 95
 55 -4 0 231
 5 1 3 116
 55 -1 -1 215
 5 3 0 12
 5 -2 -2 259
 5 4 -1 164
 5 -3 -3 193
 5 3 -1 141
 5 -2 -3 256
 5 -1 -3 25
 55 2 -3 132
 "contig-ratio-green-core" 1.4
 "contig-ratio-red-core" 0.3125
 "a-count" 0
 "b-count" 21
 "c-color-count" 7
 "c-express-count" 7
 "d-color-count" 28
 "d-express-count" 28
 "cell-count" 56
 15 0 -2 196
 15 0 0 261
 15 1 1 319
 15 1 -2 329
 15 -1 1 256
 15 1 -1 256
 15 -2 0 176
 15 0 -1 359
 15 -3 0 306
 15 0 -4 37
 15 2 2 82
 15 -2 1 152
 15 1 0 161
 15 0 2 277
 15 0 1 343
 15 -1 -1 114
 15 0 -3 39
 15 1 3 169
 15 0 3 264
 15 -2 4 1
 15 -4 0 204
 15 -1 3 202
 15 -1 2 58
 15 2 1 342
 15 0 4 283
 15 -1 -2 322
 15 -1 0 184
 15 1 2 66
 5 -2 2 56
 55 2 0 77
 5 -2 -3 168
 5 1 4 158
 5 -3 1 144
 55 3 2 69
 55 3 1 254
 5 4 1 73
 5 2 -3 276
 5 3 -3 308
 5 2 -2 251
 5 3 -2 0
 5 -3 2 352
 5 -4 2 317
 5 -1 4 251
 5 1 -4 326
 55 -4 -1 153
 5 -3 3 104
 5 3 -1 285
 55 -2 3 309
 5 -3 -1 246
 5 -4 1 51
 5 -1 -3 232
 5 4 0 133
 5 -3 -2 97
 5 -2 -2 225
 55 2 -1 324
 55 3 0 24
 "contig-ratio-green-core" 1.1666666666666667
 "contig-ratio-red-core" 0.4
 "a-count" 0
 "b-count" 23
 "c-color-count" 5
 "c-express-count" 5
 "d-color-count" 28
 "d-express-count" 28
 "cell-count" 56
 15 0 1 328
 15 3 0 148
 15 0 3 167
 15 -1 -2 50
 15 -2 -2 17
 15 2 0 222
 15 1 2 305
 15 3 1 214
 15 0 0 225
 15 1 0 87
 15 0 -2 309
 15 -1 1 209
 15 2 1 339
 15 -1 3 353
 15 1 1 279
 15 -1 -1 21
 15 -1 2 10
 15 1 3 23
 15 -2 3 220
 15 0 2 164
 15 -3 2 333
 15 1 -2 174
 15 1 -1 150
 15 2 -1 348
 15 -2 2 191
 15 0 -1 121
 15 -1 0 107
 15 3 -1 67
 55 -2 1 171
 5 -3 -2 278
 5 2 -3 210
 5 -3 0 302
 5 -1 -4 18
 5 1 4 136
 5 2 -2 15
 5 4 -1 56
 5 0 -4 315
 5 3 -2 194
 5 3 3 324
 5 -4 0 111
 5 -2 0 295
 55 -4 1 47
 5 1 -3 346
 5 -3 -1 325
 5 -3 -3 351
 5 -2 -3 170
 55 0 4 151
 55 -3 1 344
 5 1 -4 262
 5 -2 -1 80
 5 4 0 59
 5 0 -3 217
 55 3 2 75
 5 3 -3 303
 5 2 3 294
 5 2 2 347
 "contig-ratio-green-core" 1
 "contig-ratio-red-core" 0.21052631578947367
