 "a-count" 0
 "b-count" 22
 "c-color-count" 6
 "c-express-count" 6
 "d-color-count" 28
 "d-express-count" 28
 "cell-count" 56
 15 -1 2 117
 15 1 0 355
 15 2 -1 212
 15 1 -1 97
 15 0 -3 133
 15 1 2 20
 15 0 0 197
 15 0 2 297
 15 0 1 153
 15 2 0 102
 15 -1 1 207
 15 -1 -3 33
 15 -2 0 91
 15 0 -1 351
 15 0 -2 276
 15 2 1 271
 15 0 3 327
 15 2 2 338
 15 -2 2 144
 15 -1 -2 278
 15 -1 -1 329
 15 -2 3 259
 15 -2 1 129
 15 -1 3 247
 15 1 1 186
 15 -1 0 234
 15 0 4 77
 15 3 2 142
 5 3 -2 180
 5 -2 -2 189
 5 -1 4 190
 5 -3 0 163
 55 -3 1 104
 5 -3 3 337
 5 0 -4 67
 5 -4 1 185
 5 2 3 93
 55 -3 -3 208
 5 2 -3 251
 5 4 -1 356
 5 -4 0 290
 55 -4 -3 59
 5 -3 -2 24
 55 3 0 240
 55 -3 2 28
 5 4 0 48
 55 1 3 287
 5 3 3 132
 5 1 -2 12
 5 -2 -1 261
 5 1 4 41
 5 1 -4 90
 5 3 -1 133
 5 3 1 134
 5 2 -2 217
 5 -3 -1 255
 "contig-ratio-green-core" 0.8
 "contig-ratio-red-core" 0.21052631578947367
 "a-count" 0
 "b-count" 22
 "c-color-count" 6
 "c-express-count" 6
 "d-color-count" 28
 "d-express-count" 28
 "cell-count" 56
 15 2 0 53
 15 3 0 109
 15 0 1 296
 15 -1 1 54
 15 -1 0 217
 15 0 -1 160
 15 2 1 234
 15 -1 2 337
 15 -2 1 283
 15 2 -1 159
 15 -2 0 322
 15 1 3 306
 15 4 1 86
 15 0 3 355
 15 1 -1 237
 15 -2 -2 113
 15 0 2 25
 15 1 1 95
 15 1 2 358
 15 2 2 122
 15 -1 -2 320
 15 -2 -1 207
 15 0 0 71
 15 1 0 67
 15 3 1 327
 15 -1 -1 328
 15 -1 -3 334
 15 0 -2 73
 5 -1 4 284
 5 1 -4 250
 5 3 2 11
 5 2 3 78
 55 1 4 310
 5 2 -2 149
 5 0 -4 96
 55 0 4 238
 5 3 -3 212
 5 3 3 222
 5 -2 2 143
 55 -3 1 155
 5 -3 3 210
 5 -3 2 216
 5 1 -3 231
 5 0 -3 46
 55 -3 0 188
 55 -3 -1 291
 5 -2 3 219
 5 -1 3 166
 5 -4 0 302
 5 4 0 271
 5 1 -2 306
 5 2 -3 122
 5 -2 -3 35
 5 -3 -2 203
 5 3 -2 189
 55 -1 -4 135
 "contig-ratio-green-core" 1
 "contig-ratio-red-core" 0.4
 "a-count" 0
 "b-count" 23
 "c-color-count" 5
 "c-express-count" 5
 "d-color-count" 28
 "d-express-count" 28
 "cell-count" 56
 15 1 -3 158
 15 -1 2 220
 15 0 4 29
 15 1 -1 137
 15 -2 0 61
 15 -2 1 54
 15 -1 0 104
 15 -1 1 192
 15 2 2 89
 15 -3 0 224
 15 0 2 240
 15 -3 -1 54
 15 0 0 251
 15 1 1 142
 15 1 -2 68
 15 1 0 295
 15 1 2 110
 15 -2 -1 97
 15 -1 -1 191
 15 3 2 235
 15 -1 -2 298
 15 -2 2 298
 15 2 1 195
 15 0 1 266
 15 0 3 224
 15 -3 1 248
 15 0 -1 38
 15 0 -2 253
 5 -3 -3 32
 5 -2 -2 269
 5 3 -2 219
 5 -1 3 250
 5 2 -3 109
 55 4 2 71
 5 -4 1 10
 5 -2 3 34
 5 -1 4 63
 5 -3 3 221
 5 -3 -2 165
 5 -1 -3 209
 5 2 -1 266
 5 2 0 330
 5 3 1 119
 5 -4 0 136
 55 4 0 287
 55 4 1 341
 5 1 3 222
 55 -2 -4 299
 5 3 0 87
 5 1 -4 278
 5 3 -3 106
 5 -2 -3 137
 55 -1 -4 211
 5 2 3 345
 5 3 3 202
 5 0 -3 115
 "contig-ratio-green-core" 0.2
 "contig-ratio-red-core" 0.058823529411764705
