 "a-count" 1
 "b-count" 22
 "c-color-count" 6
 "c-express-count" 6
 "d-color-count" 27
 "d-express-count" 27
 "cell-count" 56
 15 -2 1 50
 15 2 1 56
 15 2 0 355
 15 -1 2 221
 15 0 2 16
 15 2 -1 347
 15 1 4 289
 15 -1 -1 153
 15 -1 -2 354
 15 -2 2 13
 15 0 -2 262
 15 0 0 175
 15 -2 -1 124
 15 -1 1 323
 105 0 -1 252
 15 -1 3 181
 15 1 -3 261
 15 1 -2 262
 15 -2 0 257
 15 3 1 42
 15 1 0 96
 15 1 1 113
 15 -3 0 344
 15 1 -1 30
 15 0 3 290
 15 0 1 95
 15 -1 0 263
 15 0 4 192
 5 -3 -3 77
 5 -3 2 120
 5 1 2 92
 5 -4 1 284
 5 -3 -1 25
 5 -3 1 120
 5 -1 -3 28
 55 0 -3 4
 5 -3 3 244
 55 3 -1 15
 5 1 3 74
 5 1 -4 188
 5 4 1 253
 55 -2 -3 100
 5 -4 -1 324
 5 -2 3 220
 5 2 -2 183
 5 2 3 120
 5 3 -2 47
 55 4 -1 113
 5 -1 4 340
 5 -2 -2 346
 55 0 -4 51
 5 3 -3 176
 5 3 2 7
 55 -1 -4 202
 5 3 0 243
 5 3 3 211
 "contig-ratio-green-core" 0.5
 "contig-ratio-red-core" 0.1111111111111111
 "a-count" 0
 "b-count" 22
 "c-color-count" 6
 "c-express-count" 6
 "d-color-count" 28
 "d-express-count" 28
 "cell-count" 56
 15 -2 -1 81
 15 0 0 218
 15 1 2 168
 15 0 -4 199
 15 0 1 110
 15 1 -1 223
 15 2 -1 198
 15 -2 0 52
 15 0 3 136
 15 2 1 185
 15 -1 3 160
 15 0 -3 317
 15 1 -3 259
 15 3 -1 90
 15 2 0 292
 15 -2 -2 256
 15 3 0 191
 15 1 1 214
 15 -1 -1 280
 15 1 3 307
 15 1 -2 343
 15 0 -2 301
 15 -1 -2 216
 15 -1 -3 283
 15 -1 0 134
 15 0 -1 270
 15 1 0 121
 15 0 2 136
 5 3 2 317
 5 -2 2 344
 5 -1 1 134
 5 -3 -2 257
 5 3 -3 122
 5 2 2 191
 55 -3 3 272
 5 2 3 331
 5 -2 1 293
 5 1 4 85
 5 -1 2 232
 5 -3 -3 153
 55 -3 2 267
 5 3 -2 38
 5 4 -1 131
 5 -2 -3 343
 5 -3 1 135
 55 5 0 157
 55 4 0 172
 55 -2 3 176
 5 -3 -1 297
 5 2 -2 281
 5 3 3 96
 55 4 1 126
 5 -1 -4 135
 5 -4 0 16
 5 0 4 309
 5 -4 -1 144
 "contig-ratio-green-core" 0.3333333333333333
 "contig-ratio-red-core" 0.1111111111111111
 "a-count" 0
 "b-count" 20
 "c-color-count" 8
 "c-express-count" 8
 "d-color-count" 28
 "d-express-count" 28
 "cell-count" 56
 15 2 1 261
 15 3 3 235
 15 2 2 98
 15 -1 0 155
 15 -2 0 278
 15 3 0 64
 15 1 2 100
 15 1 -1 310
 15 -1 -2 311
 15 0 0 300
 15 -1 -1 13
 15 3 -1 333
 15 2 -1 276
 15 0 -2 168
 15 1 -3 305
 15 1 1 29
 15 -2 -1 120
 15 -2 -2 153
 15 -3 -3 235
 15 4 1 290
 15 1 -2 7
 15 2 0 76
 15 0 -1 39
 15 -2 -3 41
 15 0 1 94
 15 3 2 282
 15 1 0 216
 15 3 1 52
 5 1 4 242
 5 1 3 103
 5 -3 -1 133
 5 3 -3 248
 55 -1 3 286
 5 -2 2 119
 5 -3 0 334
 5 -1 1 263
 5 1 -4 26
 5 4 -1 40
 5 2 3 70
 5 0 -4 34
 55 -1 -4 333
 5 0 2 36
 5 2 -2 142
 55 0 4 202
 5 -1 -3 105
 5 -1 4 238
 55 0 5 168
 55 -2 3 184
 55 0 3 218
 5 -4 0 316
 55 2 -3 291
 5 0 -3 296
 55 4 0 182
 5 -3 1 145
 5 3 -2 72
 5 -2 1 330
 "contig-ratio-green-core" 0.5
 "contig-ratio-red-core" 0.10526315789473684
 "a-count" 0
 "b-count" 22
 "c-color-count" 6
 "c-express-count" 6
 "d-color-count" 28
 "d-express-count" 28
 "cell-count" 56
 15 0 -2 173
 15 -3 0 163
 15 0 0 211
 15 -3 1 340
 15 1 2 322
 15 2 2 89
 15 -2 0 314
 15 1 1 191
 15 0 3 319
 15 0 2 19
 15 2 -2 261
 15 -1 -1 331
 15 2 0 90
 15 0 1 155
 15 1 4 330
 15 -1 0 228
 15 1 -1 174
 15 0 -1 122
 15 -2 1 203
 15 2 -1 30
 15 -4 1 206
 15 1 -2 30
 15 2 1 198
 15 -4 0 96
 15 -1 1 288
 15 1 3 358
 15 1 0 317
 15 0 4 5
 5 -2 -2 280
 5 3 3 4
 5 -3 3 217
 5 -2 -1 320
 5 4 0 85
 55 2 -3 247
 5 1 -4 172
 5 3 0 73
 5 0 -3 325
 5 -2 3 151
 55 3 -1 30
 5 3 1 249
 5 -4 -1 117
 5 -1 -2 170
 55 -3 2 314
 5 2 3 146
 5 -1 4 217
 5 -1 3 218
 5 -1 2 38
 5 -1 -4 36
 5 -3 -1 130
 5 4 -1 349
 55 3 -3 15
 55 -2 2 12
 55 3 -2 292
 5 0 -4 206
 5 4 1 186
 5 -1 -3 224
 "contig-ratio-green-core" 0.8
 "contig-ratio-red-core" 0.25
