 "a-count" 0
 "b-count" 20
 "c-color-count" 8
 "c-express-count" 8
 "d-color-count" 28
 "d-express-count" 28
 "cell-count" 56
 15 -4 1 175
 15 -2 -1 67
 15 0 1 183
 15 -1 -1 226
 15 -1 0 358
 15 2 -1 254
 15 1 3 4
 15 1 -1 51
 15 4 1 26
 15 -3 2 71
 15 2 -2 274
 15 2 1 267
 15 1 1 187
 15 -2 0 77
 15 3 0 71
 15 0 4 289
 15 -3 1 175
 15 -2 1 276
 15 0 0 32
 15 0 3 163
 15 2 0 74
 15 1 2 84
 15 3 1 247
 15 0 2 307
 15 -3 0 96
 15 -1 1 23
 15 1 0 276
 15 0 -1 126
 5 -1 3 257
 5 -1 4 71
 5 -1 -3 142
 5 1 -4 351
 5 3 -1 222
 5 3 3 142
 5 -1 2 65
 55 0 -2 91
 55 -3 -2 76
 5 -2 -2 226
 55 -3 3 350
 55 -3 -3 347
 5 -4 0 0
 5 -2 2 46
 5 4 0 93
 5 0 -4 355
 5 -3 -1 196
 5 2 3 210
 5 -2 -3 280
 5 -1 -4 318
 5 0 -3 341
 55 2 2 256
 55 2 -3 6
 55 1 -2 29
 5 -4 -1 127
 5 -2 3 230
 55 -1 -2 105
 5 1 4 132
 "contig-ratio-green-core" 1
 "contig-ratio-red-core" 0.3
 "a-count" 0
 "b-count" 22
 "c-color-count" 6
 "c-express-count" 6
 "d-color-count" 28
 "d-express-count" 28
 "cell-count" 56
 15 -2 -2 258
 15 0 0 145
 15 2 2 292
 15 2 -2 312
 15 1 1 97
 15 2 -1 121
 15 0 2 260
 15 2 3 172
 15 -2 0 293
 15 0 1 233
 15 -2 1 22
 15 -1 1 175
 15 0 3 123
 15 -2 -1 61
 15 -3 0 283
 15 -2 -3 60
 15 -1 -1 40
 15 -1 0 267
 15 2 -3 66
 15 -3 -1 283
 15 1 0 141
 15 2 1 50
 15 1 3 179
 15 -4 0 216
 15 1 2 152
 15 3 -1 147
 15 3 0 240
 15 2 0 194
 55 -2 3 285
 5 1 -3 76
 55 4 1 30
 5 -4 -1 3
 5 -2 2 241
 5 -1 -2 338
 5 -1 3 325
 55 4 0 324
 5 0 -3 256
 5 3 2 303
 5 1 -2 221
 55 -3 3 359
 5 -3 1 85
 5 -1 -3 21
 5 3 3 312
 5 -3 -2 43
 5 -3 -3 259
 5 3 -2 179
 5 -3 2 141
 55 -1 -4 7
 5 1 -1 36
 5 3 1 99
 5 -1 2 18
 55 -4 3 296
 5 1 -4 216
 5 0 -2 201
 5 0 4 107
 5 0 -4 206
 "contig-ratio-green-core" 0.16666666666666666
 "contig-ratio-red-core" 0.05263157894736842
