 "a-count" 0
 "b-count" 22
 "c-color-count" 6
 "c-express-count" 6
 "d-color-count" 28
 "d-express-count" 28
 "cell-count" 56
 15 -3 1 351
 15 0 3 198
 15 2 1 135
 15 0 2 285
 15 -1 0 326
 15 -2 1 95
 15 -1 -2 5
 15 1 0 57
 15 1 -2 83
 15 2 -2 132
 15 2 0 273
 15 -1 1 12
 15 0 0 282
 15 0 -2 261
 15 -3 -1 298
 15 1 1 56
 15 -1 -3 284
 15 -2 0 116
 15 2 -1 89
 15 -2 -1 222
 15 2 2 101
 15 0 -1 235
 15 -1 -1 336
 15 1 -1 162
 15 -3 2 144
 15 -3 0 73
 15 1 2 78
 15 0 1 178
 5 2 -3 132
 5 4 -1 146
 5 -1 2 4
 5 2 3 211
 5 -4 -1 84
 55 0 -3 101
 55 -2 3 132
 5 3 0 110
 5 0 -4 339
 5 1 -4 352
 5 -1 -4 159
 5 4 0 261
 5 -2 2 45
 5 0 4 333
 5 -3 -3 129
 5 1 4 281
 55 3 2 244
 5 -3 -2 217
 55 1 -3 187
 5 -1 4 131
 55 3 3 193
 5 -2 -2 41
 55 -4 0 85
 5 4 1 203
 5 3 -2 93
 5 3 -3 334
 5 -1 3 283
 5 -2 -3 220
 "contig-ratio-green-core" 0.8333333333333334
 "contig-ratio-red-core" 0.21052631578947367
 "a-count" 0
 "b-count" 21
 "c-color-count" 7
 "c-express-count" 7
 "d-color-count" 28
 "d-express-count" 28
 "cell-count" 56
 15 2 3 256
 15 1 -1 75
 15 0 -2 145
 15 1 0 66
 15 0 -1 346
 15 0 3 289
 15 2 2 268
 15 1 2 4
 15 -1 -1 25
 15 -3 0 222
 15 -3 -1 127
 15 0 -3 244
 15 0 0 299
 15 0 -4 34
 15 -1 -2 334
 15 1 1 312
 15 1 -2 178
 15 -1 -4 229
 15 -1 1 265
 15 -2 0 20
 15 0 2 124
 15 -2 1 106
 15 -1 0 100
 15 -1 2 190
 15 -2 -1 102
 15 0 1 123
 15 -1 -3 89
 15 1 3 149
 5 -2 -3 218
 55 -4 -1 359
 5 2 1 191
 55 3 -1 328
 5 -3 1 186
 5 -2 -2 344
 55 3 -2 122
 5 3 1 149
 5 -4 1 258
 5 3 2 201
 5 -1 4 32
 5 -3 -3 5
 5 3 3 118
 5 2 -2 185
 5 -3 2 169
 5 2 -3 355
 55 -3 3 79
 55 -4 0 351
 5 1 4 174
 55 -2 3 248
 55 3 0 60
 5 2 -1 8
 5 3 -3 2
 5 4 -1 21
 5 4 1 56
 5 0 4 290
 5 1 -3 290
 5 1 -4 67
 "contig-ratio-green-core" 0.25
 "contig-ratio-red-core" 0.1111111111111111
 "a-count" 0
 "b-count" 23
 "c-color-count" 5
 "c-express-count" 5
 "d-color-count" 28
 "d-express-count" 28
 "cell-count" 56
 15 -2 1 110
 15 -4 -2 86
 15 0 -3 346
 15 -1 -2 93
 15 -1 -1 178
 15 0 2 67
 15 -4 0 176
 15 1 3 245
 15 -1 2 11
 15 2 0 164
 15 -4 -1 35
 15 1 0 223
 15 1 1 126
 15 2 -1 122
 15 0 -1 133
 15 0 1 195
 15 -1 0 226
 15 0 0 19
 15 0 -2 290
 15 3 1 74
 15 2 1 20
 15 3 0 301
 15 -3 0 304
 15 -2 0 300
 15 -1 1 299
 15 -3 1 119
 15 1 2 87
 15 1 -1 112
 5 -1 4 151
 5 2 -3 59
 5 -4 1 224
 5 -3 -2 148
 5 -2 -1 10
 5 3 -3 197
 5 -2 -3 175
 5 2 3 205
 5 1 4 103
 55 0 3 151
 5 -1 -4 28
 5 2 2 280
 5 4 -1 354
 5 4 0 13
 55 2 -2 323
 5 -2 2 258
 5 3 3 274
 5 0 -4 3
 5 -3 2 242
 5 4 1 111
 5 -2 3 293
 5 -2 -2 66
 55 3 -1 356
 5 -1 -3 16
 5 -1 3 73
 55 0 4 110
 55 3 -2 122
 5 1 -2 38
 "contig-ratio-green-core" 0.8
 "contig-ratio-red-core" 0.15789473684210525
