 "a-count" 0
 "b-count" 21
 "c-color-count" 7
 "c-express-count" 7
 "d-color-count" 28
 "d-express-count" 28
 "cell-count" 56
 15 1 2 25
 15 0 2 90
 15 -3 -2 341
 15 0 3 81
 15 2 -2 5
 15 -1 -3 13
 15 -1 2 239
 15 -2 2 308
 15 -1 1 186
 15 2 0 13
 15 1 0 247
 15 2 -3 112
 15 -1 -1 270
 15 0 -1 218
 15 -1 0 145
 15 2 1 216
 15 1 -1 92
 15 3 1 289
 15 0 1 296
 15 1 1 152
 15 0 0 71
 15 -1 -2 7
 15 2 -1 290
 15 1 3 351
 15 -2 -2 239
 15 0 -2 113
 15 1 -2 272
 15 2 2 298
 5 0 4 124
 5 3 -2 213
 5 -1 3 181
 5 1 -4 138
 55 -2 0 161
 5 3 -3 325
 5 -3 1 5
 5 -2 3 173
 55 4 0 72
 55 4 1 149
 55 -2 1 231
 5 -4 1 319
 5 0 -3 99
 55 3 3 356
 5 -1 -4 13
 5 3 -1 50
 5 -3 -3 40
 5 2 3 337
 5 -4 -1 145
 55 3 0 63
 5 -3 2 240
 5 0 -4 264
 55 -2 -1 44
 5 -3 -1 342
 5 -3 0 263
 5 1 -3 333
 5 -4 0 170
 5 1 4 207
 "contig-ratio-green-core" 1
 "contig-ratio-red-core" 0.29411764705882354
 "a-count" 0
 "b-count" 23
 "c-color-count" 5
 "c-express-count" 5
 "d-color-count" 28
 "d-express-count" 28
 "cell-count" 56
 15 0 2 11
 15 1 0 162
 15 2 1 226
 15 2 0 291
 15 0 -2 358
 15 1 -2 193
 15 -2 2 63
 15 4 -1 327
 15 0 3 118
 15 3 1 227
 15 0 -3 12
 15 -1 -1 116
 15 4 0 253
 15 1 1 122
 15 -1 0 289
 15 1 -1 246
 15 -1 -3 181
 15 -1 -2 37
 15 3 0 164
 15 -3 -2 123
 15 -1 1 196
 15 0 0 227
 15 0 1 126
 15 0 -1 319
 15 -1 3 22
 15 -2 -2 42
 15 4 -2 51
 15 -1 2 283
 5 2 -1 118
 5 2 -3 153
 5 1 4 179
 5 -2 0 96
 5 -2 3 303
 55 -4 -2 162
 5 3 -1 60
 5 -4 1 321
 5 3 -2 63
 5 -3 3 134
 5 1 -3 156
 5 1 2 201
 55 -4 -1 242
 5 3 -3 150
 5 4 1 158
 5 -3 2 40
 5 -2 -3 84
 55 -3 -1 320
 5 0 4 160
 55 1 3 15
 55 2 3 218
 5 2 2 92
 5 -2 1 293
 5 -3 1 72
 5 -4 0 281
 5 3 3 295
 5 -2 -1 302
 5 3 2 263
 "contig-ratio-green-core" 0.5
 "contig-ratio-red-core" 0.15789473684210525
 "a-count" 1
 "b-count" 20
 "c-color-count" 8
 "c-express-count" 8
 "d-color-count" 27
 "d-express-count" 27
 "cell-count" 56
 15 4 0 149
 15 -1 1 297
 15 3 0 331
 15 0 -1 8
 15 -2 1 212
 15 -1 -1 34
 15 0 -2 197
 15 0 2 258
 15 1 2 21
 15 -1 -2 41
 15 4 -1 300
 15 2 1 251
 15 1 -1 359
 15 2 -2 82
 15 1 -2 203
 15 2 -1 52
 15 2 0 217
 15 3 -1 294
 15 -3 1 16
 15 1 1 200
 15 1 0 346
 15 3 1 179
 15 -2 0 146
 15 0 1 13
 15 -1 0 246
 15 -3 0 48
 105 0 0 184
 15 -2 -1 95
 5 3 -3 166
 5 3 3 225
 5 -2 -3 214
 5 -3 -1 200
 55 2 4 278
 5 -3 -3 308
 5 -2 2 238
 5 2 -3 338
 5 2 3 162
 55 0 4 297
 55 -1 2 12
 5 -2 3 127
 5 -3 2 226
 55 1 4 222
 5 -4 1 198
 5 -1 -3 169
 5 3 2 28
 55 0 -3 94
 5 2 2 208
 5 -4 -1 134
 5 -1 4 274
 55 0 3 239
 5 3 -2 306
 5 4 1 230
 55 -1 3 26
 55 1 -3 346
 5 1 -4 269
 5 -2 -2 167
 "contig-ratio-green-core" 0.6
 "contig-ratio-red-core" 0.25
