 "a-count" 0
 "b-count" 22
 "c-color-count" 6
 "c-express-count" 6
 "d-color-count" 28
 "d-express-count" 28
 "cell-count" 56
 15 3 -1 65
 15 2 -2 199
 15 2 0 224
 15 -3 0 72
 15 -3 1 263
 15 0 -2 38
 15 0 -1 145
 15 -1 2 34
 15 3 0 23
 15 -2 -2 219
 15 1 -2 324
 15 0 1 216
 15 -1 1 8
 15 1 2 172
 15 0 0 305
 15 -2 0 274
 15 -1 -2 18
 15 -1 0 243
 15 0 3 90
 15 0 2 208
 15 2 -1 44
 15 1 0 112
 15 -2 -1 322
 15 3 -2 337
 15 1 1 86
 15 1 3 307
 15 -2 1 63
 15 -1 -1 124
 5 4 -1 108
 5 4 0 115
 5 -2 3 230
 5 -3 -3 8
 5 -3 -1 116
 55 2 2 13
 55 3 -3 64
 5 1 -3 19
 5 2 -3 27
 5 -1 3 82
 55 2 3 336
 5 -2 2 245
 5 3 3 249
 5 -3 3 321
 5 -1 4 18
 5 0 -3 278
 5 3 1 222
 55 -1 -4 111
 5 -4 0 267
 5 3 2 63
 5 -4 -1 225
 55 0 -4 105
 5 -2 -3 257
 5 -3 -2 177
 5 2 1 153
 5 -1 -3 216
 5 0 4 225
 55 1 -4 70
 "contig-ratio-green-core" 0.5
 "contig-ratio-red-core" 0.15
 "a-count" 0
 "b-count" 20
 "c-color-count" 8
 "c-express-count" 8
 "d-color-count" 28
 "d-express-count" 28
 "cell-count" 56
 15 -1 1 317
 15 2 0 204
 15 -1 2 142
 15 -1 0 263
 15 -2 0 149
 15 0 0 251
 15 0 -1 156
 15 -1 -2 294
 15 -3 0 45
 15 0 3 330
 15 -1 -1 339
 15 0 -2 8
 15 0 2 286
 15 1 1 191
 15 0 1 278
 15 1 2 205
 15 1 3 196
 15 -2 1 159
 15 0 4 41
 15 2 3 36
 15 1 4 268
 15 2 2 346
 15 -4 0 21
 15 2 1 79
 15 -2 2 36
 15 1 -1 249
 15 -3 1 290
 15 1 0 52
 55 3 -2 4
 55 3 3 113
 5 -1 -4 121
 55 -1 -3 260
 5 1 -4 139
 5 -3 -1 164
 55 3 2 232
 5 -2 3 65
 5 3 0 96
 5 4 0 210
 5 3 1 304
 5 -2 -1 278
 5 1 -2 281
 5 1 -3 206
 5 4 1 255
 5 -2 -3 77
 55 4 -1 248
 55 3 -1 341
 5 2 -1 204
 5 -2 -2 308
 55 0 -4 341
 5 -3 2 28
 5 -3 -3 165
 55 0 -3 138
 5 -3 -2 296
 5 2 -3 123
 5 -3 3 45
 5 -4 -1 33
 "contig-ratio-green-core" 0.5
 "contig-ratio-red-core" 0.23529411764705882
 "a-count" 0
 "b-count" 22
 "c-color-count" 6
 "c-express-count" 6
 "d-color-count" 28
 "d-express-count" 28
 "cell-count" 56
 15 0 2 199
 15 3 0 275
 15 2 1 257
 15 -4 0 257
 15 -1 1 221
 15 1 0 69
 15 1 3 220
 15 1 -2 301
 15 0 -1 70
 15 0 4 213
 15 0 3 277
 15 2 2 170
 15 1 2 33
 15 -3 1 167
 15 -1 4 96
 15 -1 0 244
 15 2 -1 185
 15 1 1 232
 15 1 -1 121
 15 2 0 208
 15 1 -3 24
 15 -3 0 323
 15 0 1 19
 15 -2 0 71
 15 -2 1 184
 15 0 -2 5
 15 3 1 182
 15 0 0 178
 5 2 3 129
 5 3 3 220
 5 -4 1 350
 5 3 -2 65
 5 -2 -2 242
 5 2 -3 172
 5 -2 -1 32
 55 -2 3 197
 5 -3 -2 86
 5 4 -1 79
 5 -4 2 104
 5 4 1 202
 5 0 -3 349
 55 -3 2 281
 5 1 4 46
 55 -1 -3 271
 55 -2 2 182
 5 -1 2 129
 55 -1 -1 171
 5 4 0 281
 5 3 2 136
 5 2 -2 308
 5 -3 3 240
 5 -1 -4 41
 55 -1 -2 269
 5 0 -4 247
 5 -1 3 138
 5 3 -1 259
 "contig-ratio-green-core" 0.8333333333333334
 "contig-ratio-red-core" 0.2
