 "a-count" 4
 "b-count" 6
 "c-color-count" 23
 "c-express-count" 22
 "d-color-count" 25
 "d-express-count" 24
 "cell-count" 56
 15 -3 0 6
 105 3 1 342
 15 -1 1 49
 15 -1 3 239
 15 -2 0 32
 15 3 0 214
 15 0 1 69
 15 -1 2 179
 15 -1 -1 131
 15 -2 1 98
 15 3 -2 179
 15 0 3 147
 15 2 0 167
 15 2 1 155
 15 3 -1 291
 15 2 -1 86
 15 -1 0 137
 15 0 -1 70
 15 -1 -2 348
 15 1 -1 206
 105 -2 -2 153
 15 1 2 33
 15 -2 -1 225
 105 -2 2 112
 15 0 0 127
 15 1 1 358
 15 2 2 55
 15 0 2 33
 55 1 -3 167
 55 0 -3 95
 55 1 -4 290
 5 -1 -4 80
 55 4 1 253
 55 -3 1 305
 55 -3 -2 36
 55 4 0 208
 55 -3 -3 23
 55 2 3 129
 5 -4 0 242
 5 4 -1 97
 55 -1 4 338
 55 -4 1 210
 55 0 -2 305
 55 -4 -1 48
 55 1 4 261
 55 -3 -1 12
 55 -2 -3 96
 55 3 -3 129
 55 0 -4 340
 55 -3 3 207
 55 1 3 12
 55 3 3 302
 55 0 4 86
 5 2 -3 60
 5 -2 3 301
 55 -3 2 185
 "contig-ratio-green-core" 0.5
 "contig-ratio-red-core" 0.5625
 "a-count" 4
 "b-count" 3
 "c-color-count" 25
 "c-express-count" 25
 "d-color-count" 25
 "d-express-count" 24
 "cell-count" 56
 15 -2 1 133
 15 1 1 78
 15 0 4 188
 15 0 0 251
 15 -1 0 181
 15 4 -1 4
 15 1 -2 102
 15 -2 0 115
 15 -2 2 48
 15 2 0 205
 15 0 1 208
 15 -4 0 23
 105 -2 -2 78
 15 1 2 312
 15 0 -1 94
 15 -2 -1 191
 105 3 -2 185
 15 -3 0 212
 15 1 -1 352
 15 -1 2 343
 105 0 3 174
 15 -1 1 48
 15 0 -2 87
 15 -1 -1 283
 15 1 0 274
 15 0 2 246
 15 -3 1 273
 15 -1 -4 88
 55 3 0 76
 55 2 -2 306
 55 -3 -1 288
 55 1 4 235
 55 2 -3 198
 55 -3 2 349
 55 0 -3 227
 55 4 0 276
 55 -4 1 202
 55 2 2 316
 55 -3 3 2
 55 3 1 45
 55 -3 -2 167
 55 2 1 26
 55 -1 -2 193
 5 3 -3 79
 55 -2 3 283
 55 3 -1 231
 55 -3 -3 311
 55 0 -4 90
 55 -1 3 77
 55 -1 -3 144
 55 3 2 213
 55 3 3 301
 5 1 3 356
 5 2 3 246
 55 2 -1 297
 55 4 1 52
 "contig-ratio-green-core" 0.7
 "contig-ratio-red-core" 0.9285714285714286
