 "a-count" 7
 "b-count" 3
 "c-color-count" 25
 "c-express-count" 25
 "d-color-count" 23
 "d-express-count" 21
 "cell-count" 56
 15 1 0 91
 15 0 4 172
 15 3 1 180
 15 -1 0 331
 105 -3 -1 191
 15 0 0 225
 15 1 2 86
 15 0 -1 80
 15 -1 2 125
 15 1 1 201
 15 0 1 89
 105 -2 -2 23
 15 1 -1 55
 15 2 1 182
 105 1 3 20
 15 0 3 102
 15 -2 1 231
 15 -3 -2 43
 105 -2 -1 3
 105 -3 2 248
 15 -1 1 359
 15 -2 0 163
 15 -2 -3 240
 15 0 2 190
 15 -1 -2 341
 15 2 2 270
 15 -4 0 66
 15 2 0 81
 55 4 -1 253
 5 -3 1 89
 55 2 3 186
 55 -4 1 172
 55 2 -1 292
 55 0 -2 211
 5 1 -3 358
 55 0 -3 110
 55 -2 2 53
 55 3 -2 15
 55 3 -1 276
 55 0 -4 264
 55 1 -2 44
 55 2 -2 117
 55 -1 -3 46
 5 3 -3 272
 55 -3 -3 123
 55 2 -3 45
 55 -3 0 340
 55 -1 4 23
 55 -3 3 346
 55 3 2 284
 55 3 0 169
 55 3 3 350
 55 1 4 213
 55 -2 3 39
 55 -1 -4 167
 55 4 1 66
 "contig-ratio-green-core" 0.6111111111111112
 "contig-ratio-red-core" 0.9285714285714286
 "a-count" 2
 "b-count" 4
 "c-color-count" 24
 "c-express-count" 24
 "d-color-count" 26
 "d-express-count" 26
 "cell-count" 56
 15 -1 -1 123
 105 0 4 208
 15 -1 2 25
 15 -2 0 200
 15 -3 1 315
 105 0 -2 124
 15 1 -2 82
 15 4 -1 34
 15 0 1 117
 15 -4 1 86
 15 1 1 244
 15 0 0 290
 15 1 -1 303
 15 0 -1 106
 15 -1 1 316
 15 1 0 55
 15 -1 -2 292
 15 -2 -1 152
 15 0 3 128
 15 0 2 31
 15 -2 1 121
 15 2 2 168
 15 -1 0 149
 15 -2 3 290
 15 0 -3 8
 15 2 1 264
 15 1 3 336
 15 3 0 1
 55 -3 0 178
 55 -1 -4 179
 55 -1 -3 95
 55 -4 0 34
 5 -3 -1 46
 55 1 -3 36
 55 -3 -3 122
 55 -2 2 233
 55 1 4 186
 55 -1 4 239
 55 4 1 310
 55 -3 -2 278
 55 3 -3 131
 55 0 -4 66
 5 -3 3 230
 5 -2 -3 353
 55 -3 2 25
 55 2 0 213
 55 2 -1 347
 55 3 3 96
 55 3 1 113
 5 -2 -2 177
 55 -4 -1 11
 55 3 2 145
 55 3 -2 134
 55 1 -4 288
 55 2 -2 233
 55 4 0 31
 "contig-ratio-green-core" 0.6842105263157895
 "contig-ratio-red-core" 0.75
 "a-count" 2
 "b-count" 4
 "c-color-count" 25
 "c-express-count" 24
 "d-color-count" 27
 "d-express-count" 26
 "cell-count" 56
 15 2 -1 208
 15 1 -3 307
 15 -1 -1 272
 15 1 2 304
 15 0 2 236
 15 1 1 138
 15 1 -2 172
 15 0 -1 122
 15 2 0 9
 15 0 -4 218
 15 -2 1 285
 15 0 0 118
 15 -4 0 128
 15 -1 -4 356
 15 2 1 345
 15 -1 1 53
 105 3 2 211
 15 -3 3 310
 15 2 2 97
 15 2 -2 269
 15 -2 -3 75
 15 -2 0 327
 15 0 4 176
 15 0 3 258
 15 1 -1 285
 15 0 1 5
 15 -1 0 266
 15 1 0 162
 55 0 -3 128
 55 1 -4 260
 55 4 -1 313
 5 3 1 163
 5 -2 2 152
 55 -3 2 121
 55 -1 -3 218
 55 -2 -1 299
 55 1 4 289
 55 1 3 301
 55 -1 -2 163
 55 3 -1 323
 55 -3 0 147
 55 -4 1 339
 55 -3 -2 327
 55 2 -3 222
 5 -1 4 283
 55 0 -2 160
 55 -3 1 276
 55 2 3 349
 55 -4 -1 110
 55 -1 2 202
 55 -3 -3 127
 55 -1 3 125
 55 3 -2 318
 55 -2 -2 291
 55 3 0 162
 55 -2 3 274
 "contig-ratio-green-core" 0.9047619047619048
 "contig-ratio-red-core" 0.9411764705882353
