 "a-count" 7
 "b-count" 4
 "c-color-count" 24
 "c-express-count" 24
 "d-color-count" 21
 "d-express-count" 21
 "cell-count" 56
 15 -2 0 95
 15 1 2 327
 15 -1 -1 318
 15 0 3 112
 15 1 0 273
 15 1 -1 13
 105 -3 -3 161
 15 -2 -1 8
 105 1 -4 200
 105 0 -3 143
 105 3 2 77
 15 1 -2 212
 105 1 3 47
 15 -2 -2 135
 105 -3 3 357
 15 0 1 133
 15 1 1 76
 15 -1 -2 89
 15 -1 4 88
 15 -1 0 273
 15 0 -1 138
 15 0 2 103
 15 -3 0 249
 15 2 1 140
 15 0 4 84
 105 0 0 5
 15 0 -2 40
 15 -1 1 126
 55 -3 -2 94
 55 -4 1 159
 55 2 -1 136
 55 3 -3 219
 55 4 1 110
 55 -1 -4 180
 55 -4 -1 131
 55 4 -1 64
 55 1 4 129
 55 -3 1 127
 55 3 0 256
 55 -2 1 52
 5 2 3 309
 5 4 0 166
 55 -1 3 21
 55 0 -4 51
 5 -4 0 64
 55 2 2 114
 55 3 1 270
 55 -1 2 326
 55 1 -3 304
 55 -3 -1 344
 55 2 0 165
 55 3 -1 135
 55 -1 -3 66
 55 -3 2 157
 5 -2 2 177
 55 3 -2 349
 "contig-ratio-green-core" 0.6842105263157895
 "contig-ratio-red-core" 0.8666666666666667
 "a-count" 5
 "b-count" 4
 "c-color-count" 24
 "c-express-count" 24
 "d-color-count" 26
 "d-express-count" 23
 "cell-count" 56
 105 0 0 44
 15 -2 0 306
 15 3 1 335
 15 -2 -2 328
 15 -3 0 102
 15 2 1 6
 15 -1 0 281
 15 1 0 28
 15 2 -1 169
 15 -1 1 142
 15 1 -1 102
 15 0 -1 208
 15 0 -3 236
 15 0 1 162
 15 1 2 343
 15 -2 3 141
 15 2 0 301
 15 1 1 47
 15 0 2 356
 15 -1 2 221
 15 -2 -1 215
 15 -1 -2 311
 15 0 -2 3
 15 2 -2 214
 105 3 -3 182
 15 1 -4 222
 15 -2 1 205
 15 -1 -1 169
 55 0 -4 52
 55 -3 -1 291
 55 4 -1 48
 5 1 -3 294
 55 -1 3 169
 55 -4 1 98
 55 1 4 281
 55 3 0 1
 5 -4 -1 276
 55 -4 0 225
 55 -3 1 332
 55 -1 -4 257
 5 0 4 182
 5 -2 -3 37
 55 3 2 211
 55 -3 3 323
 55 4 1 266
 55 1 3 139
 55 3 -1 24
 55 2 2 256
 55 -1 4 289
 55 2 -3 249
 55 -3 -3 31
 55 -1 -3 133
 55 4 0 41
 55 -3 2 339
 55 1 -2 196
 55 -2 2 147
 "contig-ratio-green-core" 0.6956521739130435
 "contig-ratio-red-core" 0.9375
 "a-count" 5
 "b-count" 5
 "c-color-count" 23
 "c-express-count" 23
 "d-color-count" 25
 "d-express-count" 23
 "cell-count" 56
 15 -1 4 182
 15 0 -4 33
 15 1 2 328
 15 -1 0 84
 15 -1 -1 200
 15 -3 3 311
 15 -3 0 336
 15 0 -3 68
 105 2 -3 174
 15 2 1 46
 15 -1 2 113
 15 -2 1 270
 15 0 -1 43
 15 2 0 6
 15 0 1 101
 15 1 1 289
 15 0 -2 88
 15 1 -1 341
 15 -1 1 342
 15 2 -1 30
 15 3 0 26
 15 -2 0 109
 15 1 0 48
 15 3 -2 47
 15 0 2 27
 15 0 0 229
 105 -2 -1 245
 105 2 2 170
 55 3 2 228
 55 -3 -2 22
 55 3 3 348
 55 3 -3 241
 5 -4 0 140
 55 3 -1 14
 55 1 3 347
 55 2 -2 208
 5 1 -4 320
 55 1 -2 227
 55 4 1 82
 55 -1 -4 71
 55 4 0 172
 5 1 -3 251
 55 -2 -2 89
 55 3 1 51
 55 -4 1 201
 5 -2 3 76
 55 4 -1 251
 55 -3 1 95
 55 2 3 122
 5 1 4 153
 55 -2 -3 3
 55 -3 2 91
 55 0 4 199
 55 -1 -2 328
 55 -1 3 70
 55 -2 2 52
 "contig-ratio-green-core" 0.7222222222222222
 "contig-ratio-red-core" 1
 "a-count" 4
 "b-count" 6
 "c-color-count" 22
 "c-express-count" 22
 "d-color-count" 25
 "d-express-count" 24
 "cell-count" 56
 15 -1 0 23
 15 1 -1 197
 15 -1 1 191
 105 1 4 314
 105 1 1 51
 15 1 0 10
 15 0 2 150
 105 0 3 297
 15 -1 -1 349
 15 -2 1 271
 15 4 -1 113
 15 -1 2 357
 15 0 -2 166
 15 3 1 273
 15 1 2 306
 15 -1 3 47
 15 -2 -3 7
 15 -2 0 221
 15 1 -2 186
 15 1 -3 82
 15 0 4 137
 15 -1 -2 120
 15 2 1 108
 15 0 0 79
 15 0 -1 208
 15 1 3 187
 15 -2 2 90
 15 0 1 45
 55 2 -1 122
 5 -4 0 86
 55 1 -4 335
 55 -3 -3 235
 55 4 1 106
 55 4 0 79
 55 -2 -2 103
 55 0 -3 25
 5 -3 0 208
 55 2 2 235
 55 -3 1 52
 55 3 3 288
 55 2 3 144
 5 2 0 300
 55 3 -1 239
 55 -2 3 114
 55 -3 -1 244
 55 -1 -3 244
 55 -1 4 213
 5 2 -3 314
 5 3 -2 234
 5 -3 2 73
 55 2 -2 325
 55 -3 -2 194
 55 0 -4 343
 55 -1 -4 274
 55 -4 -1 164
 55 -2 -1 112
 "contig-ratio-green-core" 0.7222222222222222
 "contig-ratio-red-core" 0.8666666666666667
