 "a-count" 6
 "b-count" 5
 "c-color-count" 24
 "c-express-count" 23
 "d-color-count" 24
 "d-express-count" 22
 "cell-count" 56
 105 -4 -1 77
 15 1 0 124
 15 2 1 72
 105 -3 -3 105
 15 -2 1 11
 105 0 1 92
 15 -2 0 327
 15 -1 -2 149
 15 1 1 137
 15 1 -3 6
 15 1 -2 94
 15 0 -1 314
 15 1 -1 243
 15 -3 0 352
 15 -3 3 338
 15 0 0 176
 15 -1 0 8
 15 -1 -1 215
 15 0 2 197
 15 0 3 52
 15 -2 2 13
 15 1 3 79
 15 -2 -1 277
 15 0 -2 38
 15 -1 2 101
 15 1 -4 206
 15 1 2 63
 105 -1 1 24
 55 3 2 140
 55 -1 4 181
 55 2 0 16
 5 2 -1 276
 55 -3 1 55
 55 3 1 199
 5 4 -1 13
 55 3 -2 67
 55 -4 1 317
 55 0 4 261
 55 0 -3 219
 55 -1 -3 99
 55 -4 0 43
 55 2 3 322
 55 2 2 292
 55 3 3 357
 55 3 0 240
 55 4 1 174
 55 -3 2 160
 5 -1 3 189
 55 -2 -2 143
 55 -3 -1 184
 55 -2 3 245
 5 3 -1 63
 55 1 4 63
 55 0 -4 257
 55 3 -3 287
 55 -1 -4 34
 "contig-ratio-green-core" 0.6
 "contig-ratio-red-core" 1
 "a-count" 6
 "b-count" 4
 "c-color-count" 24
 "c-express-count" 24
 "d-color-count" 25
 "d-express-count" 22
 "cell-count" 56
 15 -1 1 286
 15 -2 0 304
 15 -1 -1 344
 15 -3 -2 333
 15 -4 -1 68
 15 -1 2 2
 105 3 0 122
 105 -1 -4 172
 15 0 -1 20
 15 -2 1 254
 15 1 -1 29
 15 0 0 46
 15 0 1 305
 15 3 1 4
 15 1 1 46
 15 0 4 50
 15 0 2 144
 15 2 0 17
 15 -3 0 152
 15 -1 -3 310
 15 2 1 107
 15 2 -1 82
 15 1 0 329
 15 -1 -2 61
 15 0 -2 212
 15 -1 0 228
 15 0 -3 267
 105 -4 1 158
 55 2 2 65
 55 2 -2 335
 55 3 -1 326
 55 -2 -2 302
 5 3 3 251
 5 1 -4 204
 55 -3 1 194
 55 1 -2 90
 55 4 0 286
 5 -3 3 119
 55 3 -2 107
 55 0 3 55
 5 2 3 236
 55 -1 4 324
 55 -2 2 303
 55 1 2 49
 55 -3 -3 95
 55 1 -3 337
 55 1 3 194
 55 0 -4 109
 55 -1 3 293
 55 3 2 299
 55 -2 -1 137
 55 -2 -3 83
 55 -4 0 155
 55 -3 -1 235
 55 4 -1 109
 55 1 -5 225
 "contig-ratio-green-core" 0.9411764705882353
 "contig-ratio-red-core" 1.1333333333333333
 "a-count" 5
 "b-count" 6
 "c-color-count" 22
 "c-express-count" 22
 "d-color-count" 24
 "d-express-count" 23
 "cell-count" 56
 105 1 -4 67
 15 1 0 178
 15 0 1 112
 15 0 -1 58
 105 -1 -4 184
 15 -1 2 216
 15 1 -1 68
 15 -3 0 126
 15 -2 -1 242
 15 0 3 147
 105 3 -2 330
 15 2 -1 272
 15 2 0 72
 15 -1 1 97
 15 -2 -2 211
 15 -1 0 252
 15 1 3 335
 15 -2 0 81
 15 -2 1 321
 15 -1 -1 195
 15 1 2 181
 15 -3 -2 245
 15 1 1 83
 15 1 -2 21
 105 -2 -3 23
 15 0 2 200
 15 4 -1 266
 15 0 0 245
 55 1 4 277
 55 -1 3 196
 55 -2 2 343
 55 2 -2 215
 55 0 -2 1
 55 -3 3 3
 55 3 3 277
 55 3 -3 79
 55 -3 1 217
 5 3 -1 224
 5 3 0 231
 55 4 1 185
 55 -3 -3 286
 5 2 2 300
 55 3 1 296
 55 0 -4 277
 5 -1 4 316
 55 2 3 281
 55 -4 0 343
 55 0 -3 192
 5 2 -3 28
 55 -1 -2 107
 55 -4 1 204
 55 0 4 287
 55 1 -3 263
 55 -3 2 167
 5 4 0 299
 55 -1 -3 45
 "contig-ratio-green-core" 0.5555555555555556
 "contig-ratio-red-core" 0.8
