 "a-count" 0
 "b-count" 3
 "c-color-count" 25
 "c-express-count" 25
 "d-color-count" 28
 "d-express-count" 28
 "cell-count" 56
 15 -3 0 165
 15 2 3 253
 15 4 0 281
 15 1 4 49
 15 -1 -4 263
 15 1 3 213
 15 1 2 63
 15 3 1 251
 15 2 -4 135
 15 -4 1 112
 15 -3 1 237
 15 4 -1 216
 15 -4 -1 301
 15 0 -3 310
 15 -2 -2 69
 15 -3 2 20
 15 0 -4 63
 15 0 3 144
 15 0 4 333
 15 0 2 211
 15 3 2 55
 15 -4 0 335
 15 -3 -2 348
 15 1 -4 232
 15 1 -3 285
 15 2 -3 128
 15 2 2 345
 15 -1 4 228
 55 0 -1 350
 55 1 0 166
 55 2 -2 157
 55 -1 -1 207
 55 -1 0 206
 55 0 1 9
 55 3 0 81
 55 -1 -2 142
 55 3 3 358
 5 -3 3 22
 5 1 1 183
 55 -2 0 117
 55 -2 1 314
 55 2 0 281
 55 2 -1 133
 55 1 -1 119
 55 2 1 10
 55 -2 2 2
 55 0 0 17
 55 1 -2 129
 55 0 -2 32
 55 4 1 321
 55 -1 1 80
 55 3 -1 281
 55 -2 3 268
 5 -1 2 106
 55 -2 -1 107
 55 3 -2 243
 "contig-ratio-green-core" 0.8571428571428571
 "contig-ratio-red-core" 0.5185185185185185
 "a-count" 3
 "b-count" 4
 "c-color-count" 24
 "c-express-count" 24
 "d-color-count" 26
 "d-express-count" 25
 "cell-count" 56
 15 -1 3 49
 15 0 3 139
 15 1 4 351
 15 0 -2 183
 105 -3 3 17
 15 -1 4 239
 15 2 -1 268
 15 -2 -2 254
 105 -2 -4 323
 15 4 0 300
 15 -1 -3 154
 15 0 4 349
 15 -2 3 113
 15 -2 -3 154
 15 1 -4 89
 15 0 -3 203
 15 -3 -3 60
 15 -4 2 38
 15 1 3 200
 15 -3 2 286
 15 1 -3 87
 15 1 -1 333
 15 3 -3 243
 15 2 -3 54
 15 -1 -2 287
 15 1 -2 278
 15 -4 1 286
 15 -1 -4 25
 5 2 1 247
 55 0 2 122
 5 4 1 106
 55 0 -1 261
 55 1 2 296
 55 -1 0 118
 55 2 2 164
 55 -3 -1 241
 55 3 0 220
 55 -1 -1 60
 55 -4 -1 262
 55 -3 1 320
 55 -2 -1 235
 55 -1 2 97
 55 -3 0 356
 55 -2 2 3
 55 3 1 200
 55 1 0 12
 55 3 -2 57
 55 3 2 211
 55 0 0 131
 55 -2 1 287
 55 3 -1 15
 5 4 -1 288
 5 -3 -2 298
 55 -1 1 320
 55 -2 0 357
 55 1 1 243
 "contig-ratio-green-core" 0.6470588235294118
 "contig-ratio-red-core" 0.55
 "a-count" 4
 "b-count" 6
 "c-color-count" 22
 "c-express-count" 22
 "d-color-count" 24
 "d-express-count" 24
 "cell-count" 56
 15 -3 2 16
 15 3 2 95
 15 -3 1 18
 105 -2 -3 322
 15 -2 -1 66
 15 2 3 197
 15 3 2 345
 105 1 4 320
 15 2 -2 119
 15 0 4 359
 15 -3 -1 209
 15 0 -4 237
 15 -2 0 80
 15 -2 1 274
 15 -3 -2 348
 105 -3 -3 359
 15 1 3 134
 15 -1 -1 348
 15 -1 -3 199
 15 -1 -2 113
 15 -1 4 132
 15 0 -2 231
 15 -3 0 354
 15 -2 -2 109
 15 0 4 261
 15 0 -3 333
 105 -4 1 33
 15 1 -2 120
 55 3 0 49
 55 1 0 48
 55 1 1 165
 5 1 -3 333
 55 -4 -1 282
 55 1 2 11
 55 0 2 15
 55 1 2 222
 55 0 3 122
 55 3 1 252
 5 -1 1 41
 55 4 -1 150
 5 0 0 348
 55 4 0 314
 55 3 3 0
 55 -1 2 287
 55 -4 -2 105
 55 0 2 284
 5 0 -1 172
 55 4 1 228
 55 -1 3 184
 55 2 2 188
 55 -4 0 2
 55 0 1 291
 55 2 0 159
 5 -1 0 149
 55 0 5 264
 5 2 1 81
 "contig-ratio-green-core" 0.6
 "contig-ratio-red-core" 0.6
