 "a-count" 3
 "b-count" 3
 "c-color-count" 25
 "c-express-count" 25
 "d-color-count" 25
 "d-express-count" 25
 "cell-count" 56
 15 -2 1 136
 15 4 -1 48
 15 2 -3 342
 15 -3 0 265
 15 -2 -2 219
 15 -2 2 148
 105 -4 -1 210
 15 5 1 144
 15 4 1 224
 15 1 3 231
 15 -2 -3 40
 15 2 -2 190
 15 -2 0 86
 15 0 3 81
 15 -2 3 78
 15 3 -2 343
 15 2 -1 47
 15 -2 -1 29
 15 1 4 355
 15 4 2 168
 15 0 2 109
 15 2 3 280
 15 -1 3 348
 15 -3 1 130
 105 -3 -1 324
 105 -3 -3 265
 15 3 -1 260
 15 -1 2 180
 55 1 -2 258
 55 0 1 231
 5 -3 2 264
 55 2 1 271
 55 0 4 267
 55 0 -4 248
 55 0 -2 209
 55 1 0 250
 55 2 0 275
 55 -1 -4 147
 55 -1 4 225
 5 -1 -2 334
 55 -1 -1 241
 55 2 2 212
 55 0 -1 131
 55 1 2 46
 55 -1 1 173
 55 1 -1 297
 55 -4 1 29
 55 1 -3 184
 55 0 0 79
 55 1 -4 275
 55 0 -3 351
 5 3 3 173
 55 1 1 45
 55 -1 0 33
 55 -4 0 185
 55 3 2 277
 "contig-ratio-green-core" 0.8
 "contig-ratio-red-core" 0.625
 "a-count" 3
 "b-count" 3
 "c-color-count" 25
 "c-express-count" 25
 "d-color-count" 25
 "d-express-count" 25
 "cell-count" 56
 15 -2 1 259
 15 1 -2 39
 15 -4 0 338
 105 -4 -1 298
 105 -4 2 151
 15 -3 0 246
 15 2 -1 140
 15 3 3 12
 15 -3 2 53
 15 -1 -1 341
 15 1 -1 138
 15 -3 1 6
 15 3 0 101
 15 -2 2 234
 15 -1 -4 227
 15 0 -2 45
 15 -3 3 72
 15 3 -1 353
 15 -2 -2 1
 15 -1 -2 178
 15 -2 0 323
 15 -3 -1 120
 105 -4 1 289
 15 -2 -1 193
 15 0 -1 305
 15 -3 -3 241
 15 2 -2 189
 15 3 -2 242
 55 2 4 93
 55 0 -3 319
 55 1 2 189
 55 1 3 140
 55 -3 -2 215
 55 0 0 108
 55 4 1 127
 55 2 1 19
 55 -2 -3 358
 55 2 2 173
 5 0 4 260
 55 -1 3 20
 55 -1 -3 226
 55 2 3 28
 55 1 1 141
 5 2 -3 296
 55 3 1 284
 55 -1 0 125
 55 0 -4 282
 55 0 2 39
 55 -1 2 181
 55 -1 4 1
 55 1 0 323
 55 -1 1 274
 55 -2 3 211
 55 1 -3 358
 5 4 0 174
 55 0 3 159
 "contig-ratio-green-core" 0.625
 "contig-ratio-red-core" 0.6666666666666666
