 "a-count" 2
 "b-count" 5
 "c-color-count" 23
 "c-express-count" 23
 "d-color-count" 26
 "d-express-count" 26
 "cell-count" 56
 15 3 2 160
 15 1 3 222
 15 4 -1 165
 105 4 1 133
 15 -4 1 45
 15 -2 -2 203
 15 -2 1 72
 15 -3 1 318
 15 1 2 11
 15 -3 3 119
 105 2 -3 347
 15 3 3 209
 15 -1 -2 8
 15 -1 4 214
 15 2 2 353
 15 3 0 56
 15 -2 2 150
 15 3 1 55
 15 4 0 124
 15 2 3 72
 15 -1 -3 304
 15 -1 -4 85
 15 3 -1 35
 15 0 -3 230
 15 1 -3 128
 15 -4 0 135
 15 -3 2 156
 15 -3 -2 249
 55 1 -2 112
 55 0 4 228
 55 -2 3 20
 55 -3 -1 197
 5 1 1 323
 55 0 0 105
 5 -4 2 359
 55 2 1 129
 55 0 3 266
 55 -1 1 78
 5 -2 -3 161
 55 -1 -1 91
 55 0 -2 52
 5 -2 -1 141
 55 2 -1 100
 55 0 1 296
 55 2 0 257
 55 -1 2 303
 55 1 -1 21
 5 -1 0 336
 55 -1 3 248
 55 0 2 42
 55 1 0 252
 55 0 -1 197
 55 -3 0 174
 55 2 -2 327
 55 -2 0 87
 55 1 4 243
 "contig-ratio-green-core" 0.8888888888888888
 "contig-ratio-red-core" 0.6363636363636364
 "a-count" 3
 "b-count" 4
 "c-color-count" 24
 "c-express-count" 24
 "d-color-count" 25
 "d-express-count" 25
 "cell-count" 56
 15 -1 2 161
 15 1 -4 159
 15 4 -3 62
 15 4 -1 123
 15 -1 3 347
 15 -3 -1 24
 15 -4 0 2
 15 2 -3 294
 15 -1 4 203
 15 -3 2 53
 15 0 2 224
 15 4 0 114
 15 2 -4 9
 15 3 2 120
 15 -4 1 325
 15 0 -4 13
 105 0 4 322
 15 1 2 122
 15 -3 0 255
 15 -3 -2 45
 15 2 2 9
 15 0 3 300
 15 3 -3 21
 105 1 3 132
 15 -2 2 338
 15 2 3 137
 105 1 4 29
 15 -3 1 18
 55 3 -1 309
 55 -1 1 116
 55 -1 -1 159
 55 0 -1 304
 55 -4 -1 170
 55 1 0 127
 5 0 1 27
 55 2 0 222
 55 0 -2 184
 5 1 -1 312
 55 2 1 126
 55 1 -3 230
 55 -2 -2 60
 55 -1 0 86
 55 -2 0 201
 55 -2 -2 196
 55 1 1 248
 55 2 -1 29
 55 -3 3 110
 55 -1 -2 342
 55 3 0 201
 55 -2 -1 163
 55 -1 -3 339
 55 -2 -3 109
 5 1 -2 224
 55 0 -3 71
 55 -2 1 254
 5 2 -2 354
 "contig-ratio-green-core" 0.7647058823529411
 "contig-ratio-red-core" 0.65
 "a-count" 0
 "b-count" 3
 "c-color-count" 25
 "c-express-count" 25
 "d-color-count" 28
 "d-express-count" 28
 "cell-count" 56
 15 -4 2 61
 15 0 4 149
 15 -3 0 49
 15 1 4 182
 15 -2 2 97
 15 2 3 119
 15 2 -2 59
 15 -3 -1 35
 15 1 3 302
 15 3 0 151
 15 4 0 227
 15 4 -1 327
 15 -3 1 104
 15 0 -4 110
 15 2 4 46
 15 3 -2 138
 15 -4 0 276
 15 -4 -1 295
 15 -4 1 80
 15 3 2 183
 15 0 3 263
 15 4 1 157
 15 1 -4 152
 15 3 -1 41
 15 -1 -4 257
 15 -3 -2 334
 15 -3 2 303
 15 -1 4 275
 55 1 -2 49
 55 -1 1 164
 55 1 1 51
 55 -1 2 83
 55 -1 -1 189
 55 0 1 316
 55 2 2 334
 55 -1 0 125
 55 0 0 45
 55 0 -3 240
 55 -1 3 100
 55 -1 -2 133
 55 0 2 294
 55 -2 1 333
 5 -1 -3 85
 55 -2 0 15
 55 2 1 33
 55 3 3 121
 5 -2 -1 40
 55 2 -1 133
 55 0 -2 83
 55 1 0 116
 55 2 0 160
 55 1 -1 135
 5 3 1 86
 55 0 -1 190
 55 1 2 327
 55 1 -3 134
 "contig-ratio-green-core" 1
 "contig-ratio-red-core" 0.46153846153846156
 "a-count" 2
 "b-count" 1
 "c-color-count" 27
 "c-express-count" 27
 "d-color-count" 27
 "d-express-count" 26
 "cell-count" 56
 15 -4 0 73
 15 1 3 243
 15 2 -1 282
 15 4 0 27
 15 -4 1 122
 15 -3 2 107
 15 2 -3 178
 15 -5 0 102
 15 3 1 187
 15 0 -4 7
 15 2 -2 347
 15 3 0 52
 15 2 3 284
 15 -1 -4 6
 15 -3 -2 268
 15 3 -1 337
 15 -4 -2 295
 15 3 -3 90
 15 -3 3 320
 15 -1 -3 196
 15 0 4 282
 15 -4 -1 184
 105 4 -1 74
 15 2 1 230
 15 3 -4 75
 15 2 0 23
 15 3 -2 289
 15 -2 -3 28
 5 1 0 25
 55 0 -2 209
 55 1 -4 128
 55 -3 -1 295
 55 -2 -2 176
 55 -2 -1 70
 55 1 1 127
 55 -1 3 61
 55 -1 -2 247
 55 -1 1 20
 55 0 -3 342
 55 -2 0 233
 55 -1 2 234
 55 0 2 288
 55 -1 0 124
 55 0 1 32
 55 -1 -1 34
 55 1 2 335
 55 0 -1 113
 55 -3 0 354
 55 1 -1 45
 55 1 4 165
 55 3 2 107
 55 -3 1 163
 55 1 -2 65
 55 -2 1 154
 55 0 0 324
 55 1 -3 265
 "contig-ratio-green-core" 0.8125
 "contig-ratio-red-core" 0.6086956521739131
