 "a-count" 1
 "b-count" 3
 "c-color-count" 25
 "c-express-count" 25
 "d-color-count" 27
 "d-express-count" 27
 "cell-count" 56
 15 1 -4 289
 15 -1 -3 305
 15 -2 -3 201
 15 -2 0 249
 15 -2 4 324
 15 -2 3 128
 15 -2 -1 356
 15 0 -3 201
 15 1 3 221
 105 -2 1 132
 15 4 0 148
 15 0 -4 328
 15 0 -2 324
 15 -2 -2 86
 15 0 3 291
 15 2 -3 139
 15 0 4 342
 15 -1 3 227
 15 -4 0 77
 15 -1 -1 227
 15 -3 0 82
 15 4 -1 28
 15 1 -3 295
 15 4 1 64
 15 -3 1 280
 15 -1 -2 21
 15 -1 2 305
 15 2 3 333
 55 -3 -1 183
 55 1 0 274
 55 2 -2 64
 5 3 -3 214
 5 -2 2 26
 55 1 1 112
 55 3 0 87
 55 -1 1 92
 55 1 0 85
 55 1 -1 221
 55 2 0 328
 55 0 0 162
 5 3 -1 273
 55 2 2 292
 55 0 1 245
 55 0 0 149
 55 2 1 269
 55 3 1 248
 55 -3 -2 27
 55 2 -1 55
 55 1 -2 320
 55 0 -1 258
 55 -1 -4 26
 55 1 1 239
 55 -1 0 142
 55 1 2 326
 55 1 1 23
 55 0 2 243
 "contig-ratio-green-core" 1.1666666666666667
 "contig-ratio-red-core" 0.4782608695652174
 "a-count" 1
 "b-count" 2
 "c-color-count" 26
 "c-express-count" 26
 "d-color-count" 27
 "d-express-count" 27
 "cell-count" 56
 15 -1 -3 241
 15 -1 3 342
 15 -4 1 259
 15 3 1 189
 15 -3 1 284
 15 -2 2 138
 15 -1 4 63
 15 3 -1 282
 15 -2 -2 104
 15 4 0 98
 15 1 4 138
 15 -3 2 184
 15 -1 -4 286
 15 -3 -2 189
 15 3 0 269
 15 4 -1 85
 15 0 2 124
 105 1 2 187
 15 4 1 112
 15 -2 3 27
 15 0 4 75
 15 0 3 132
 15 -1 2 38
 15 3 2 321
 15 -2 -3 66
 15 4 -2 203
 15 -2 -4 28
 15 2 2 311
 55 -3 3 76
 55 -3 -3 64
 55 -3 0 51
 55 1 -2 215
 55 -4 0 240
 55 0 1 168
 55 -1 -2 177
 55 1 -1 175
 5 3 -2 116
 55 0 -1 78
 55 1 1 28
 55 1 0 85
 55 0 -3 282
 55 -2 1 121
 55 1 -3 152
 55 2 1 195
 55 0 0 309
 55 -1 -1 204
 55 0 -2 207
 55 -2 0 343
 55 -1 1 233
 55 2 -1 141
 5 2 -3 327
 55 -1 0 295
 55 -3 -1 12
 55 0 -4 219
 55 2 0 240
 55 -2 -1 193
 "contig-ratio-green-core" 0.8125
 "contig-ratio-red-core" 0.6
 "a-count" 0
 "b-count" 6
 "c-color-count" 22
 "c-express-count" 22
 "d-color-count" 28
 "d-express-count" 28
 "cell-count" 56
 15 3 -1 309
 15 -1 -2 91
 15 1 0 78
 15 3 -2 245
 15 -2 2 230
 15 -3 -2 204
 15 1 3 94
 15 -1 3 310
 15 -2 -2 94
 15 -1 2 59
 15 1 1 234
 15 2 -2 294
 15 -3 -1 28
 15 1 2 199
 15 0 2 220
 15 2 3 290
 15 2 -1 194
 15 -4 0 334
 15 -2 -1 213
 15 0 3 177
 15 -3 2 276
 15 2 1 348
 15 3 0 230
 15 -2 -3 17
 15 2 2 216
 15 2 0 261
 15 -4 -1 106
 15 5 1 49
 55 -2 1 142
 55 -3 0 95
 55 -1 1 100
 55 0 -4 264
 55 0 4 55
 55 -3 1 79
 55 0 -1 323
 55 0 -2 334
 55 -1 4 338
 55 -2 4 333
 55 -1 0 280
 55 -1 -1 346
 55 4 2 102
 5 1 -2 253
 5 1 4 186
 55 -2 0 49
 5 -3 -3 329
 55 0 1 312
 5 -3 3 302
 55 -1 -4 296
 55 4 1 130
 55 3 2 20
 55 0 -3 54
 5 2 -3 146
 55 4 0 148
 55 1 -3 92
 5 1 -1 144
 55 0 0 66
 "contig-ratio-green-core" 0.7058823529411765
 "contig-ratio-red-core" 0.5217391304347826
 "a-count" 2
 "b-count" 5
 "c-color-count" 23
 "c-express-count" 23
 "d-color-count" 27
 "d-express-count" 26
 "cell-count" 56
 15 3 1 93
 15 -1 -4 229
 15 -2 2 11
 15 -3 3 313
 15 3 0 304
 15 -2 -2 325
 15 0 -5 18
 15 4 -1 335
 15 -4 1 232
 15 1 -2 261
 15 0 -3 137
 15 -3 1 143
 15 4 2 294
 15 4 0 277
 15 -3 -1 250
 105 -1 -2 14
 15 -3 2 195
 15 1 -3 179
 15 -2 -1 143
 15 0 -2 151
 15 -1 -1 45
 15 -4 0 155
 15 -3 0 151
 15 4 1 176
 15 0 -4 296
 15 0 -1 37
 15 -1 -3 78
 15 -2 0 48
 55 -1 1 13
 55 0 3 24
 55 1 -1 288
 55 1 4 27
 5 1 3 200
 55 2 -3 134
 55 -1 2 61
 55 -3 -2 104
 55 2 -2 270
 55 1 2 347
 55 1 1 242
 55 2 1 180
 55 2 -1 216
 55 -2 -3 112
 5 -2 3 110
 55 2 0 61
 55 0 0 308
 5 3 3 6
 55 1 0 208
 55 0 4 262
 5 3 -1 65
 55 -1 3 289
 55 0 2 207
 55 -3 -3 98
 55 0 1 337
 55 2 2 102
 5 2 3 187
 55 -1 0 78
 "contig-ratio-green-core" 0.7333333333333333
 "contig-ratio-red-core" 0.43478260869565216
