 "a-count" 4
 "b-count" 4
 "c-color-count" 24
 "c-express-count" 24
 "d-color-count" 24
 "d-express-count" 24
 "cell-count" 56
 15 1 -1 155
 15 -2 0 36
 15 -4 0 284
 15 3 1 345
 15 -3 1 66
 15 0 1 78
 105 1 4 294
 15 1 0 27
 15 -1 2 208
 105 -2 1 290
 15 -1 3 257
 15 0 0 124
 15 4 1 269
 105 0 2 284
 15 -3 0 207
 15 2 3 216
 15 -1 -3 70
 15 -1 1 110
 15 2 1 266
 15 2 -1 81
 15 -2 2 146
 105 -3 3 210
 15 2 0 80
 15 1 2 180
 15 0 -1 328
 15 1 1 199
 15 -1 0 346
 15 -4 -1 286
 55 1 -2 272
 55 0 4 84
 55 3 -3 252
 55 2 -3 302
 55 3 -2 24
 55 4 0 334
 5 3 3 276
 55 1 -4 255
 55 3 2 79
 55 -3 -1 202
 55 -1 -1 290
 55 -2 -2 183
 55 -1 -4 185
 55 -3 2 74
 55 0 3 216
 55 0 -3 313
 55 2 2 277
 55 0 -2 16
 5 4 -1 168
 55 0 -4 7
 55 3 -1 277
 5 -3 -2 69
 55 -4 1 77
 55 -1 -2 250
 55 -2 3 124
 55 -2 -3 159
 55 -2 -1 159
 5 -3 -3 270
 "contig-ratio-green-core" 0.7777777777777778
 "contig-ratio-red-core" 0.8
 "a-count" 6
 "b-count" 4
 "c-color-count" 24
 "c-express-count" 24
 "d-color-count" 24
 "d-express-count" 22
 "cell-count" 56
 15 -3 -1 330
 15 0 -2 185
 15 0 0 159
 105 -1 -4 128
 15 1 -1 14
 15 1 1 137
 15 -2 0 34
 15 1 -2 157
 15 3 -1 166
 105 -4 0 264
 15 2 3 164
 15 2 2 22
 15 -1 -3 186
 15 2 -3 353
 105 0 -1 189
 15 -1 0 235
 15 1 0 161
 15 0 2 351
 15 3 0 7
 15 -1 -1 153
 15 -1 2 243
 15 3 1 334
 105 2 0 262
 15 -2 1 100
 15 0 1 134
 15 -1 1 329
 15 0 3 90
 15 -1 -2 353
 55 1 2 116
 55 3 -2 123
 55 -4 1 269
 5 -1 4 266
 55 4 -1 175
 55 -3 -2 115
 55 2 -1 208
 55 -2 -1 294
 55 1 4 52
 55 -2 -2 229
 55 -1 3 122
 55 -2 2 321
 55 -2 3 28
 55 4 0 305
 5 3 3 79
 55 -4 -1 60
 55 3 2 127
 55 -2 -3 267
 5 -3 3 318
 55 -3 0 198
 55 0 -3 312
 55 1 -4 44
 55 1 -3 17
 5 -3 2 190
 55 2 -2 279
 55 1 3 280
 55 0 4 109
 55 -3 1 20
 "contig-ratio-green-core" 0.8571428571428571
 "contig-ratio-red-core" 1.0625
 "a-count" 4
 "b-count" 5
 "c-color-count" 23
 "c-express-count" 23
 "d-color-count" 25
 "d-express-count" 24
 "cell-count" 56
 15 0 0 18
 15 -1 2 59
 15 2 -1 82
 15 -1 -1 293
 15 3 1 60
 15 -1 0 351
 15 0 -2 288
 15 0 -1 262
 15 0 1 154
 15 1 2 357
 15 1 -2 63
 15 3 0 148
 15 -3 -3 58
 15 -1 1 355
 15 2 1 210
 105 -4 -1 149
 105 -1 4 294
 15 1 1 148
 15 0 2 18
 15 2 2 205
 15 2 0 9
 15 0 -3 121
 15 -2 1 182
 105 3 3 170
 15 -1 -2 219
 15 1 0 358
 15 -2 0 84
 15 -2 -1 103
 5 -3 -2 29
 55 -1 3 315
 55 -3 3 88
 55 -4 1 81
 55 3 -3 336
 55 -1 -3 57
 55 -3 2 33
 55 3 -2 239
 55 0 4 295
 5 1 4 176
 55 -2 3 64
 55 -3 -1 6
 55 -2 2 174
 5 2 -3 358
 55 0 3 10
 55 -3 0 221
 55 1 3 76
 55 3 -1 94
 55 4 -1 100
 55 0 -4 67
 5 1 -4 244
 55 -1 -4 177
 55 4 0 139
 55 -3 1 29
 5 2 3 280
 55 3 2 194
 55 2 -2 64
 55 -2 -2 69
 "contig-ratio-green-core" 0.5555555555555556
 "contig-ratio-red-core" 0.9333333333333333
 "a-count" 4
 "b-count" 6
 "c-color-count" 22
 "c-express-count" 22
 "d-color-count" 25
 "d-express-count" 24
 "cell-count" 56
 15 3 1 15
 15 -2 0 8
 15 0 -3 6
 15 -2 2 123
 15 1 -3 344
 15 2 -2 282
 105 -1 0 358
 15 1 0 259
 15 -3 1 256
 15 2 0 327
 15 0 -4 277
 15 1 2 46
 15 -2 3 165
 15 -1 -2 318
 15 1 -1 291
 105 -3 -1 188
 15 2 -1 23
 15 0 1 32
 15 -4 0 355
 15 2 1 115
 15 0 -1 158
 15 3 2 135
 15 -1 1 54
 15 -1 -1 191
 15 1 1 172
 15 2 2 20
 15 -2 1 75
 105 -2 -3 326
 55 1 -4 27
 55 2 3 176
 55 1 3 113
 55 0 3 87
 55 -2 -1 125
 55 0 2 89
 55 -1 3 347
 55 -3 2 133
 5 -3 -3 110
 55 -3 0 143
 5 -1 4 307
 55 -1 -3 230
 55 3 -2 299
 55 1 4 11
 55 3 -3 281
 55 3 3 189
 55 0 4 218
 5 -3 -2 248
 5 -2 -2 213
 5 4 0 296
 55 3 0 122
 55 2 -3 293
 55 4 1 177
 55 -4 1 341
 55 -1 2 325
 5 0 -2 231
 55 -4 -1 57
 55 -3 3 232
 "contig-ratio-green-core" 0.8666666666666667
 "contig-ratio-red-core" 0.9444444444444444
