 "a-count" 3
 "b-count" 7
 "c-color-count" 21
 "c-express-count" 21
 "d-color-count" 25
 "d-express-count" 25
 "cell-count" 56
 15 0 1 130
 15 3 0 270
 15 -2 1 344
 15 -1 1 278
 15 2 0 101
 15 1 3 261
 15 2 -3 213
 105 -3 3 300
 15 0 4 124
 15 -1 3 11
 15 -2 -1 294
 15 0 2 354
 15 1 -1 355
 15 -2 0 355
 15 0 -1 48
 15 2 -1 225
 15 1 2 43
 15 -1 0 119
 15 1 -4 102
 105 2 -2 21
 15 1 1 246
 15 0 0 115
 15 -1 -1 195
 15 0 3 342
 15 1 0 25
 105 -3 2 118
 15 -1 2 347
 15 -1 -2 175
 55 3 1 210
 55 -3 1 68
 55 -1 -4 170
 55 2 3 296
 5 -4 0 101
 5 -3 -3 286
 55 1 -3 304
 5 -2 -3 256
 55 4 -1 148
 55 -4 1 240
 55 -3 -2 303
 55 -2 2 246
 55 3 -2 184
 5 -3 -1 176
 55 -1 -3 16
 55 4 0 180
 55 -2 -2 167
 55 1 4 143
 5 4 1 210
 5 0 -3 36
 55 2 1 189
 5 3 3 166
 55 3 -3 89
 55 1 -2 176
 55 0 -4 227
 55 -2 3 297
 55 2 2 67
 55 3 2 106
 "contig-ratio-green-core" 0.6842105263157895
 "contig-ratio-red-core" 0.875
 "a-count" 6
 "b-count" 4
 "c-color-count" 24
 "c-express-count" 24
 "d-color-count" 25
 "d-express-count" 22
 "cell-count" 56
 15 0 1 43
 15 1 1 290
 15 -3 0 13
 15 0 2 270
 15 2 -2 300
 15 -1 -1 187
 15 -2 -1 185
 15 0 0 228
 15 -1 2 325
 15 -1 0 84
 15 3 1 241
 15 -2 -2 270
 15 2 1 172
 15 1 0 312
 15 4 1 352
 15 -1 -2 349
 15 4 0 184
 15 -1 1 300
 15 1 4 173
 15 -3 -1 198
 15 3 0 141
 105 -1 -3 140
 15 0 -1 8
 105 -4 -1 143
 15 1 2 119
 15 -2 1 70
 15 1 -4 337
 105 -2 0 17
 55 0 -4 194
 55 4 -1 294
 55 1 3 161
 55 -1 4 161
 5 3 -2 256
 55 2 -3 19
 55 -4 0 54
 55 1 -2 129
 5 -2 3 39
 55 -4 1 60
 55 -3 1 324
 55 2 2 210
 55 3 -3 122
 55 -3 3 288
 55 2 3 355
 55 -3 -2 129
 55 -1 3 75
 55 -2 2 347
 55 -3 2 43
 55 3 -1 152
 55 2 0 277
 55 1 -3 56
 55 3 2 84
 5 -1 -4 181
 55 -2 -3 172
 55 0 -2 146
 5 3 3 22
 55 0 4 30
 "contig-ratio-green-core" 0.65
 "contig-ratio-red-core" 0.9285714285714286
 "a-count" 7
 "b-count" 4
 "c-color-count" 24
 "c-express-count" 24
 "d-color-count" 24
 "d-express-count" 21
 "cell-count" 56
 15 0 1 230
 15 0 -3 270
 15 2 1 179
 15 3 2 342
 15 0 -1 342
 15 -3 -2 220
 15 -2 2 158
 15 2 -1 273
 15 -1 3 164
 15 -1 -1 340
 15 0 4 282
 15 2 0 6
 15 -1 1 4
 15 1 -1 123
 15 -3 -3 144
 105 1 0 165
 15 -3 0 9
 15 -1 -2 181
 105 2 2 314
 15 1 1 101
 105 -2 1 352
 105 1 4 262
 15 3 1 158
 15 3 0 140
 15 0 -2 205
 15 -3 -1 140
 15 -2 0 314
 15 -1 2 87
 55 -1 -4 100
 5 -4 -1 353
 55 -3 1 216
 55 1 -2 68
 55 -1 -3 100
 55 1 -4 90
 55 0 2 203
 55 -3 3 131
 55 -4 0 98
 5 2 3 29
 55 4 0 299
 5 4 1 190
 55 -3 2 122
 55 -2 -2 191
 55 -4 1 299
 55 3 -1 61
 55 0 -4 146
 55 -2 3 109
 55 4 -1 142
 55 3 -2 243
 55 2 -2 49
 55 -2 -1 333
 55 3 -3 144
 55 2 -3 162
 55 -1 4 347
 55 1 2 251
 5 3 3 164
 55 1 3 168
 "contig-ratio-green-core" 0.8421052631578947
 "contig-ratio-red-core" 0.7894736842105263
 "a-count" 8
 "b-count" 6
 "c-color-count" 23
 "c-express-count" 22
 "d-color-count" 21
 "d-express-count" 20
 "cell-count" 56
 15 4 1 140
 15 0 1 69
 105 0 3 89
 105 -4 -1 27
 15 -2 1 111
 105 1 -4 320
 15 -1 3 34
 15 -3 1 153
 15 0 -3 301
 15 1 2 31
 15 -1 2 151
 15 2 1 346
 15 1 -2 83
 15 0 4 210
 15 0 2 71
 15 -1 0 257
 105 3 0 96
 15 -2 2 203
 15 1 -1 306
 15 1 0 315
 105 0 0 165
 15 0 -2 277
 105 4 0 222
 15 -1 1 225
 105 2 0 2
 15 1 1 340
 15 -1 -1 295
 15 2 -1 238
 55 -3 0 257
 55 3 -1 114
 55 3 2 181
 55 -1 -2 158
 55 -4 0 316
 55 -2 -3 32
 55 -3 -1 305
 55 4 -1 283
 55 3 -3 292
 55 1 3 259
 55 -1 -3 97
 55 1 -3 23
 55 3 3 338
 55 -1 -4 274
 55 -2 -2 70
 55 2 2 192
 55 1 4 30
 55 -2 -1 175
 55 -1 4 37
 5 -4 1 334
 5 -3 -2 122
 55 2 -2 86
 55 -3 2 275
 55 0 -4 335
 5 3 1 205
 5 2 -3 337
 55 -2 3 28
 5 -3 -3 198
 "contig-ratio-green-core" 0.47368421052631576
 "contig-ratio-red-core" 0.9333333333333333
