 "a-count" 2
 "b-count" 7
 "c-color-count" 22
 "c-express-count" 21
 "d-color-count" 27
 "d-express-count" 26
 "cell-count" 56
 15 4 1 83
 15 0 -3 105
 15 1 2 245
 15 -1 4 285
 15 -2 0 195
 15 0 1 81
 15 1 -1 2
 15 0 2 198
 15 -1 2 129
 15 -2 -1 218
 15 -1 0 16
 15 -2 3 144
 15 0 -2 308
 15 2 0 354
 15 -4 1 309
 105 -1 3 168
 15 1 0 201
 15 1 -2 106
 15 1 1 82
 15 2 2 119
 15 2 -1 44
 15 -1 1 328
 15 -3 0 263
 15 0 -1 54
 15 3 1 112
 15 2 1 306
 15 -1 -1 216
 15 0 -4 124
 5 1 -3 353
 55 -4 0 264
 55 1 -4 57
 55 0 4 177
 55 1 3 321
 55 -1 -3 142
 55 2 -2 351
 55 2 3 96
 5 -4 -1 327
 5 3 -3 132
 55 3 -2 85
 55 -3 2 41
 55 0 3 244
 5 2 -3 105
 5 4 -1 343
 55 1 4 320
 55 -1 -4 45
 5 -3 -3 207
 55 -3 1 89
 55 -2 -2 54
 55 3 3 192
 55 3 -1 304
 55 -1 -2 69
 55 -2 2 76
 55 3 2 55
 55 -3 3 156
 55 -3 -1 165
 55 -2 1 201
 "contig-ratio-green-core" 0.85
 "contig-ratio-red-core" 0.8095238095238095
 "a-count" 3
 "b-count" 4
 "c-color-count" 24
 "c-express-count" 24
 "d-color-count" 26
 "d-express-count" 25
 "cell-count" 56
 15 3 0 12
 15 0 3 333
 15 0 0 70
 15 1 2 196
 105 3 1 79
 15 -2 -1 240
 15 2 2 52
 15 0 1 283
 15 1 0 206
 15 -3 1 329
 15 -1 3 64
 15 -2 2 123
 15 2 1 40
 105 4 1 162
 15 0 -3 356
 15 1 3 100
 15 2 0 339
 15 1 1 113
 15 -1 -2 332
 15 -1 2 130
 15 0 -1 91
 15 -1 1 344
 15 -2 0 160
 15 0 -2 204
 15 0 4 338
 15 -1 -1 46
 15 -2 -4 54
 15 -2 1 135
 5 3 -3 144
 55 2 3 68
 55 -2 3 353
 55 -2 -3 348
 55 -2 -2 48
 55 3 3 260
 55 1 -2 306
 55 2 -1 24
 55 -3 2 220
 55 3 -2 73
 5 -4 -1 195
 55 -3 -1 13
 5 2 -3 268
 55 -4 0 55
 55 -3 0 329
 55 -1 -3 168
 55 -4 1 104
 55 -1 4 104
 5 -3 3 96
 55 3 -1 141
 55 4 0 84
 55 -3 -3 308
 55 -3 -2 107
 55 -1 -4 176
 55 1 4 8
 55 2 -2 311
 55 0 -4 166
 55 1 -1 138
 "contig-ratio-green-core" 0.75
 "contig-ratio-red-core" 0.7619047619047619
 "a-count" 8
 "b-count" 6
 "c-color-count" 22
 "c-express-count" 22
 "d-color-count" 24
 "d-express-count" 20
 "cell-count" 56
 15 0 2 257
 15 1 -4 92
 15 1 0 249
 15 1 4 255
 15 1 2 173
 15 0 1 222
 15 1 1 78
 15 0 3 161
 15 -1 -1 221
 105 4 1 56
 15 1 -1 163
 15 0 -1 274
 105 3 3 147
 15 -1 0 194
 15 0 0 301
 15 2 -1 255
 105 4 -1 113
 15 -1 1 229
 105 0 -2 210
 15 3 1 23
 15 -1 -3 84
 15 -1 -2 165
 15 -1 2 50
 15 2 1 178
 15 -2 1 168
 15 2 0 344
 15 2 -3 274
 15 1 -2 197
 55 3 -2 348
 55 3 0 351
 55 -1 -4 256
 55 -3 2 190
 55 3 -1 218
 55 -4 -1 66
 55 -3 1 12
 55 2 -2 165
 55 0 4 347
 55 -3 0 200
 55 -2 -3 195
 55 -2 -1 213
 55 -2 -2 21
 5 0 -3 237
 55 -3 3 94
 55 1 -3 159
 5 -3 -2 202
 55 0 -4 94
 55 -2 0 257
 5 2 3 184
 55 1 3 263
 5 -1 4 28
 55 -4 1 63
 55 -1 3 265
 5 2 2 337
 55 3 2 126
 55 -4 0 219
 5 -3 -3 14
 "contig-ratio-green-core" 0.7368421052631579
 "contig-ratio-red-core" 1.0833333333333333
 "a-count" 3
 "b-count" 5
 "c-color-count" 23
 "c-express-count" 23
 "d-color-count" 26
 "d-express-count" 25
 "cell-count" 56
 15 -3 0 229
 15 4 1 96
 15 2 1 152
 15 -1 -2 25
 15 1 3 350
 15 -1 0 225
 15 -1 -1 251
 15 0 2 131
 105 -3 -2 175
 15 1 1 155
 15 -2 0 337
 15 1 0 204
 15 0 -2 7
 15 3 1 82
 15 -3 3 341
 15 -2 1 220
 105 -4 -1 59
 15 0 1 31
 15 3 -1 202
 15 0 -1 230
 15 1 2 88
 15 0 3 173
 15 -2 -1 308
 15 4 0 166
 15 -1 1 199
 15 2 0 211
 15 1 -3 164
 15 0 0 48
 55 3 3 106
 55 -1 -4 80
 5 3 0 93
 55 -3 2 88
 55 2 -1 94
 55 3 2 259
 55 1 -2 267
 55 1 -4 297
 55 3 -3 76
 55 3 -2 304
 5 -3 -3 113
 55 0 -3 276
 5 4 -1 126
 55 1 -1 55
 55 -1 -3 119
 55 2 2 11
 55 -3 1 265
 55 -1 3 153
 55 -2 2 98
 55 -1 2 87
 5 2 -2 68
 55 -1 4 33
 55 1 4 31
 55 -3 -1 152
 5 0 -4 340
 55 -2 3 249
 55 -2 -2 31
 55 2 -3 96
 "contig-ratio-green-core" 0.8
 "contig-ratio-red-core" 0.8125
