 "a-count" 7
 "b-count" 5
 "c-color-count" 23
 "c-express-count" 23
 "d-color-count" 24
 "d-express-count" 21
 "cell-count" 56
 15 3 -2 52
 105 2 1 214
 105 1 3 13
 15 -1 0 253
 15 -1 -1 332
 15 -1 2 277
 15 -4 -1 275
 15 0 0 216
 15 1 0 294
 15 3 0 279
 15 1 4 188
 15 1 2 328
 15 2 0 102
 15 1 1 209
 15 -2 0 223
 15 -3 1 250
 15 0 1 102
 105 -4 1 343
 105 0 4 297
 15 -1 1 24
 15 3 1 155
 15 2 2 350
 15 1 -1 289
 15 -4 0 183
 15 0 2 176
 15 -2 -1 181
 15 2 -1 51
 15 0 -1 163
 55 -3 -1 83
 55 3 -1 230
 5 3 3 174
 55 -3 -2 212
 55 -3 -3 300
 55 2 -2 276
 55 4 0 137
 55 0 -4 299
 5 0 3 274
 55 1 -2 66
 55 -3 0 86
 55 -2 3 238
 5 3 2 156
 55 0 -2 2
 55 -2 -2 333
 55 -2 2 64
 55 1 -4 311
 55 3 -3 179
 55 1 -3 300
 55 2 3 20
 5 -1 -2 78
 55 -1 -4 191
 55 -2 1 94
 55 4 -1 14
 55 -1 -3 174
 5 2 -3 230
 55 4 1 10
 55 -3 3 95
 "contig-ratio-green-core" 0.625
 "contig-ratio-red-core" 0.8
 "a-count" 3
 "b-count" 6
 "c-color-count" 22
 "c-express-count" 22
 "d-color-count" 26
 "d-express-count" 25
 "cell-count" 56
 15 3 -1 244
 15 0 -3 298
 105 -2 0 220
 15 0 0 191
 15 -3 0 162
 15 -1 -2 250
 15 1 0 311
 15 -3 -1 125
 15 1 -2 129
 15 0 1 262
 15 -4 0 332
 15 -2 1 235
 15 -1 2 252
 15 1 -1 341
 15 0 -1 147
 15 2 0 162
 15 0 2 162
 15 -4 -1 132
 15 1 1 179
 15 4 0 303
 15 -1 0 274
 15 1 4 275
 105 3 0 106
 15 0 -2 171
 15 -2 -1 258
 15 -3 1 100
 15 2 1 308
 15 -1 1 168
 5 -1 3 323
 55 1 2 248
 55 3 2 320
 55 2 3 97
 5 3 -2 76
 55 2 -1 295
 55 1 -4 109
 55 -3 -2 16
 55 -3 2 306
 55 1 3 300
 55 -1 -3 235
 5 -1 4 252
 55 -2 -3 66
 55 -4 -2 251
 55 1 -3 266
 55 2 2 166
 5 0 4 217
 55 3 -3 212
 55 2 -2 82
 55 -2 -2 324
 55 -2 2 39
 55 0 -4 268
 55 3 1 97
 5 4 -1 176
 5 2 -3 97
 55 4 1 39
 55 3 3 263
 55 -3 -3 241
 "contig-ratio-green-core" 0.7727272727272727
 "contig-ratio-red-core" 0.7368421052631579
 "a-count" 6
 "b-count" 4
 "c-color-count" 24
 "c-express-count" 24
 "d-color-count" 24
 "d-express-count" 22
 "cell-count" 56
 15 2 -3 81
 15 -1 -2 258
 15 1 2 311
 15 0 4 309
 15 2 1 222
 15 -3 0 30
 105 -3 2 315
 15 -2 0 156
 15 0 0 2
 105 -1 0 125
 15 0 -1 269
 105 -4 -1 176
 15 1 0 274
 15 -4 0 157
 15 -2 3 344
 15 1 -1 66
 15 1 1 130
 15 -2 -1 235
 15 0 1 1
 15 -1 1 215
 15 1 -3 161
 15 0 3 45
 105 -1 3 107
 15 -2 -2 27
 15 -1 -1 121
 15 0 -2 46
 15 -3 -1 21
 15 -1 2 169
 55 3 -2 126
 55 0 -3 178
 55 -2 2 13
 5 3 0 204
 55 -1 -3 332
 55 3 3 277
 5 0 -4 61
 55 3 -3 90
 55 -1 -4 89
 55 -3 -2 251
 55 3 -1 241
 55 -3 1 354
 5 4 -1 235
 55 1 3 186
 55 -1 4 69
 55 2 -2 160
 55 -2 -3 291
 5 -2 1 261
 55 4 1 208
 55 -3 -3 153
 55 2 3 34
 55 3 2 315
 55 1 4 167
 55 1 -4 193
 55 -4 1 175
 55 2 -1 210
 55 4 0 183
 55 3 1 52
 "contig-ratio-green-core" 0.7777777777777778
 "contig-ratio-red-core" 0.8333333333333334
 "a-count" 6
 "b-count" 5
 "c-color-count" 23
 "c-express-count" 23
 "d-color-count" 24
 "d-express-count" 22
 "cell-count" 56
 15 3 3 93
 15 -1 -1 353
 105 0 0 210
 15 -1 1 96
 15 -3 0 114
 15 0 -2 217
 15 -1 0 306
 15 0 3 329
 15 1 0 25
 15 1 -1 102
 15 -1 -3 122
 15 -4 0 255
 15 -2 -1 128
 15 4 1 359
 15 0 1 207
 15 -2 1 106
 15 2 -1 71
 15 0 -1 218
 105 2 0 323
 105 3 2 272
 15 -1 2 190
 15 3 -1 233
 105 0 2 317
 15 1 2 203
 15 2 1 39
 15 -2 0 287
 15 1 1 100
 15 -1 -2 341
 55 -2 -2 218
 55 -1 4 306
 5 -3 2 146
 55 3 -2 114
 55 1 -3 292
 55 -1 3 61
 5 2 3 212
 55 0 -3 23
 55 2 2 113
 55 4 0 263
 5 0 -4 236
 55 -3 1 156
 55 -3 -3 82
 55 -2 2 311
 55 1 -4 325
 55 -4 1 141
 55 3 1 274
 55 3 -3 37
 55 1 -2 128
 5 -1 -4 309
 55 1 3 197
 55 2 -2 187
 55 -3 -1 4
 55 2 -3 139
 55 -3 3 299
 55 -2 3 73
 55 0 4 58
 5 -2 -3 2
 "contig-ratio-green-core" 0.7368421052631579
 "contig-ratio-red-core" 1
