 "a-count" 2
 "b-count" 6
 "c-color-count" 22
 "c-express-count" 22
 "d-color-count" 26
 "d-express-count" 26
 "cell-count" 56
 15 0 2 198
 15 1 -1 214
 15 2 1 214
 15 -1 -2 201
 15 1 0 191
 15 2 0 140
 15 0 5 120
 15 -2 2 46
 15 0 1 282
 15 0 -2 246
 15 0 -1 340
 15 3 0 115
 15 3 1 146
 105 2 3 181
 15 -2 -1 348
 105 3 -2 173
 15 1 -2 280
 15 1 2 253
 15 2 -1 121
 15 -1 0 102
 15 0 -3 42
 15 2 2 218
 15 -1 -1 123
 15 1 1 46
 15 -2 0 246
 15 -2 1 130
 15 1 3 216
 15 -1 1 143
 55 4 0 8
 55 0 4 123
 55 4 1 184
 55 -2 3 250
 55 3 -3 25
 55 2 -3 228
 55 1 4 262
 55 -3 2 286
 5 3 3 312
 55 -1 -4 195
 55 1 -4 56
 55 -3 -1 177
 55 -1 3 182
 5 -3 3 40
 55 -3 -2 149
 55 2 -2 65
 55 1 -3 262
 55 0 3 72
 5 4 -1 177
 55 -4 0 113
 55 -4 -1 28
 55 -3 1 228
 55 3 -1 294
 55 -2 -3 25
 5 3 2 197
 55 0 -4 83
 5 -2 -2 184
 5 -4 1 187
 "contig-ratio-green-core" 0.625
 "contig-ratio-red-core" 0.6666666666666666
 "a-count" 7
 "b-count" 2
 "c-color-count" 26
 "c-express-count" 26
 "d-color-count" 22
 "d-express-count" 21
 "cell-count" 56
 15 -2 1 203
 15 1 -2 287
 15 1 2 344
 15 0 -1 68
 15 1 -3 149
 15 -1 1 25
 105 1 -4 104
 15 0 -2 354
 15 -1 0 103
 105 0 0 146
 15 0 3 105
 15 1 1 62
 15 1 0 146
 15 -2 3 150
 105 4 1 97
 15 -1 -1 240
 15 -3 0 153
 15 2 1 12
 15 0 2 232
 105 2 3 9
 15 2 0 36
 15 0 1 305
 15 1 -1 33
 105 -4 1 190
 15 -2 -1 128
 15 -2 0 110
 15 -3 -1 217
 105 0 4 346
 55 -3 -3 147
 55 -1 -2 306
 55 1 3 160
 55 -3 1 0
 55 -3 -2 24
 55 -1 -4 12
 55 3 0 21
 55 2 2 190
 55 -2 -3 321
 55 -2 -2 233
 55 0 -4 138
 55 -1 4 156
 55 2 -1 326
 55 -4 -1 111
 55 0 -3 141
 55 -3 2 309
 55 2 -2 16
 55 3 -1 7
 5 3 -2 186
 55 1 4 104
 55 3 1 13
 55 4 -1 129
 55 3 2 307
 55 -3 3 229
 5 2 -3 229
 55 -1 2 63
 55 -2 2 309
 55 -1 3 219
 "contig-ratio-green-core" 0.8
 "contig-ratio-red-core" 1.0769230769230769
 "a-count" 8
 "b-count" 4
 "c-color-count" 25
 "c-express-count" 24
 "d-color-count" 23
 "d-express-count" 20
 "cell-count" 56
 15 1 0 97
 105 -1 -4 104
 15 1 3 292
 15 1 -1 17
 15 -2 2 308
 15 2 0 307
 105 3 2 331
 15 -2 -2 177
 15 -1 1 60
 15 0 -2 129
 15 2 -3 255
 105 4 -1 160
 15 -1 0 304
 15 -1 3 305
 15 0 0 336
 15 -1 2 268
 15 -2 1 83
 15 0 3 61
 15 1 2 309
 105 0 1 168
 15 1 -3 139
 105 -3 1 29
 15 -1 -1 144
 15 1 1 20
 15 0 -1 10
 15 2 1 221
 15 0 2 8
 15 -3 -1 128
 55 -2 -1 146
 55 -3 3 254
 5 4 0 240
 5 3 -2 89
 55 3 -1 338
 55 0 -4 322
 55 3 -3 209
 55 2 -1 5
 55 1 -2 282
 55 -3 -2 149
 55 -1 -2 286
 55 1 -4 32
 55 2 3 350
 55 1 4 254
 55 -4 -1 96
 55 -1 4 322
 55 2 2 230
 55 -2 3 9
 55 -1 -3 48
 55 3 3 156
 55 -3 -3 121
 5 -4 1 328
 55 -3 2 152
 55 4 1 94
 55 -2 0 124
 55 0 4 214
 55 3 0 170
 55 -4 0 158
 "contig-ratio-green-core" 0.6818181818181818
 "contig-ratio-red-core" 1.0714285714285714
 "a-count" 5
 "b-count" 7
 "c-color-count" 22
 "c-express-count" 21
 "d-color-count" 24
 "d-express-count" 23
 "cell-count" 56
 15 -1 3 82
 15 0 4 332
 105 0 3 304
 15 -1 -3 195
 15 1 -2 241
 15 0 -2 133
 15 1 -1 239
 105 3 3 245
 15 -4 1 338
 15 1 3 169
 15 -2 0 359
 15 1 0 267
 105 0 2 85
 15 -1 1 31
 15 0 -1 5
 15 0 1 220
 15 0 0 103
 15 2 0 160
 15 -3 0 26
 15 2 1 319
 15 2 -1 77
 15 -1 0 274
 15 -2 -1 40
 15 -2 1 131
 105 1 4 309
 15 -1 -1 112
 15 -1 -2 223
 15 3 1 45
 55 0 -3 304
 55 -1 4 111
 55 3 -1 129
 5 -4 0 278
 55 3 -2 80
 55 4 1 112
 55 -2 2 322
 55 -3 2 129
 55 2 -3 22
 55 4 -1 28
 55 1 -3 51
 55 3 -3 272
 55 2 3 343
 5 4 0 353
 55 3 2 299
 55 0 -4 117
 5 -3 -2 29
 55 2 2 70
 55 -2 -2 171
 5 -3 -1 211
 55 1 -4 119
 5 2 -2 16
 55 -3 1 29
 55 -1 -4 49
 55 -2 3 109
 55 -3 -3 176
 5 3 0 312
 55 1 1 249
 "contig-ratio-green-core" 0.65
 "contig-ratio-red-core" 0.8235294117647058
