 "a-count" 5
 "b-count" 3
 "c-color-count" 26
 "c-express-count" 25
 "d-color-count" 23
 "d-express-count" 23
 "cell-count" 56
 15 -1 -2 157
 15 -2 2 30
 105 -2 -3 23
 15 -2 -2 211
 105 0 2 159
 15 -1 -1 243
 15 2 0 26
 15 0 -2 49
 15 1 -2 93
 15 0 -3 260
 15 0 0 121
 15 -1 2 249
 15 2 -1 15
 15 1 1 20
 105 0 -4 192
 15 -1 1 78
 15 0 3 276
 15 -1 0 322
 15 1 -1 135
 15 0 -1 118
 15 2 1 160
 15 0 1 324
 15 1 3 299
 105 4 -1 8
 15 1 0 318
 105 -3 -3 313
 15 -2 -1 146
 15 2 2 295
 55 -3 2 122
 55 4 0 330
 55 -3 -1 228
 55 0 4 130
 55 -1 -4 208
 55 -4 0 115
 55 3 2 156
 5 -2 3 269
 55 2 -2 53
 55 -4 -1 157
 55 3 1 333
 55 3 0 234
 55 -3 1 195
 55 1 -4 223
 55 -4 1 40
 55 -2 0 316
 55 -3 -2 165
 55 -2 1 50
 55 1 4 50
 55 -1 3 297
 55 -3 0 196
 55 2 3 77
 55 -3 3 83
 5 3 -1 28
 55 1 -3 288
 55 4 1 91
 55 3 3 179
 55 3 -2 343
 "contig-ratio-green-core" 0.6666666666666666
 "contig-ratio-red-core" 0.9333333333333333
 "a-count" 4
 "b-count" 4
 "c-color-count" 24
 "c-express-count" 24
 "d-color-count" 25
 "d-express-count" 24
 "cell-count" 56
 15 -1 1 11
 15 -1 -3 259
 15 -3 -1 274
 15 -2 0 224
 15 2 2 208
 15 1 0 275
 15 -1 -2 338
 15 0 -1 259
 15 3 -2 227
 15 2 1 166
 15 -1 0 322
 15 -3 0 49
 15 1 1 144
 15 0 2 167
 15 0 3 182
 105 1 -4 220
 15 -1 4 197
 15 2 0 357
 15 0 1 7
 15 1 2 99
 105 0 -3 24
 15 -3 1 92
 105 3 2 239
 15 0 0 93
 15 -2 1 102
 15 1 -1 81
 15 -4 1 204
 15 -3 -2 116
 55 2 -1 58
 55 3 3 181
 55 1 4 355
 55 1 3 78
 5 4 1 78
 55 -2 2 203
 55 -1 2 75
 5 -1 3 279
 55 1 -2 39
 55 2 -3 92
 55 -1 -1 107
 55 1 -3 285
 55 -3 2 38
 55 -3 -3 263
 55 3 -1 29
 55 -2 -3 29
 55 -3 3 340
 55 2 -2 289
 5 -4 -1 3
 55 -4 0 138
 55 3 0 83
 55 0 -4 299
 5 3 -3 214
 55 0 4 211
 55 4 -1 306
 55 0 -2 101
 55 -2 -2 135
 55 -2 -1 149
 "contig-ratio-green-core" 0.9
 "contig-ratio-red-core" 0.8333333333333334
 "a-count" 5
 "b-count" 4
 "c-color-count" 24
 "c-express-count" 24
 "d-color-count" 23
 "d-express-count" 23
 "cell-count" 56
 15 0 0 254
 15 0 3 138
 105 0 -1 316
 15 0 -2 53
 15 1 -2 2
 105 -3 3 7
 15 -1 1 32
 15 0 2 56
 15 1 2 102
 15 2 1 295
 15 -2 1 308
 15 -1 -2 307
 15 0 1 306
 15 -1 0 190
 15 -1 -3 183
 15 3 1 76
 15 2 0 34
 15 0 -4 203
 15 1 -1 218
 105 -2 2 348
 105 -3 -3 116
 15 1 1 250
 15 3 0 324
 15 -1 2 61
 15 1 0 28
 15 4 2 194
 15 -1 -1 63
 105 -1 -4 177
 5 -3 -2 307
 55 4 0 315
 55 4 -1 251
 55 3 3 152
 55 2 -3 120
 55 -2 -3 185
 55 2 2 59
 5 0 -3 161
 55 4 1 22
 55 -2 -1 127
 55 -4 -1 332
 55 3 2 165
 55 1 3 174
 55 2 -1 300
 55 -4 0 138
 55 -1 3 245
 55 -2 0 192
 55 -4 1 253
 55 1 -4 139
 55 -2 -2 276
 55 -2 3 98
 55 1 -3 85
 5 -3 2 344
 55 2 3 336
 5 3 -3 144
 55 -3 0 120
 55 3 -1 206
 55 -3 1 2
 "contig-ratio-green-core" 0.7
 "contig-ratio-red-core" 0.9333333333333333
 "a-count" 6
 "b-count" 4
 "c-color-count" 25
 "c-express-count" 24
 "d-color-count" 24
 "d-express-count" 22
 "cell-count" 56
 15 -2 1 110
 15 1 2 187
 15 1 1 145
 15 0 2 313
 15 0 1 12
 15 0 -2 89
 15 3 1 286
 15 -2 0 282
 15 -2 2 4
 15 1 -2 190
 15 1 -1 354
 15 -4 -1 246
 15 -1 1 254
 105 1 -3 104
 105 3 -1 284
 15 2 0 82
 15 0 0 147
 15 1 0 173
 15 0 -1 143
 15 2 2 98
 15 2 1 285
 15 -2 -1 61
 15 -3 1 293
 15 -1 -1 20
 15 -1 3 327
 15 -1 0 36
 105 -1 2 137
 105 1 -4 80
 55 -1 4 27
 55 -2 -2 164
 55 2 -3 187
 55 -2 3 212
 55 -3 -2 157
 55 0 3 201
 55 3 3 90
 55 3 2 270
 55 0 -3 94
 55 0 4 36
 55 -1 -2 207
 55 3 -3 311
 5 -4 1 211
 55 -3 2 173
 55 2 3 175
 55 -4 0 88
 55 4 0 88
 55 1 4 86
 55 2 -1 359
 55 -1 -3 59
 55 2 -2 241
 55 -3 -1 42
 55 -3 3 306
 5 -3 0 314
 5 1 3 344
 55 3 0 164
 55 0 -4 179
 55 -2 -3 107
 "contig-ratio-green-core" 0.5454545454545454
 "contig-ratio-red-core" 0.9285714285714286
