 "a-count" 5
 "b-count" 1
 "c-color-count" 27
 "c-express-count" 27
 "d-color-count" 26
 "d-express-count" 23
 "cell-count" 56
 15 2 1 325
 15 -2 2 101
 15 -1 2 13
 15 3 1 102
 15 -1 -5 130
 15 -1 4 127
 15 -1 0 99
 15 2 0 201
 15 -1 3 350
 15 -3 -3 39
 15 0 2 356
 15 1 2 349
 15 -1 -1 70
 15 2 3 82
 15 0 -1 352
 15 -3 -2 41
 15 0 3 31
 15 1 1 147
 15 -2 1 292
 15 1 -4 139
 15 -1 1 249
 15 4 1 41
 15 -3 2 284
 15 -2 0 72
 105 4 -1 323
 15 0 1 171
 15 2 -1 5
 105 1 -1 154
 55 -3 0 202
 55 -3 -1 60
 55 -4 2 278
 55 3 -2 24
 55 0 4 228
 55 -4 1 187
 55 1 -2 256
 55 -2 -1 296
 55 -1 -2 86
 55 -1 -3 157
 55 -4 0 300
 55 -1 -4 33
 55 -2 -3 263
 55 -3 3 320
 55 -2 -2 357
 55 -4 -1 164
 55 1 3 34
 55 0 -4 110
 55 2 -2 199
 55 2 -3 232
 55 3 -3 273
 55 3 2 157
 55 3 -1 216
 55 1 4 81
 55 -3 1 311
 55 0 -3 221
 55 0 -2 31
 5 3 0 342
 "contig-ratio-green-core" 0.6363636363636364
 "contig-ratio-red-core" 0.7647058823529411
 "a-count" 11
 "b-count" 5
 "c-color-count" 24
 "c-express-count" 23
 "d-color-count" 18
 "d-express-count" 17
 "cell-count" 56
 15 -2 2 63
 105 3 2 144
 15 1 1 295
 15 -1 3 107
 105 2 3 234
 105 -4 1 318
 15 -2 0 204
 105 0 0 206
 105 -3 3 156
 15 -2 1 315
 15 0 1 88
 15 -1 1 123
 105 4 -1 204
 15 2 1 63
 15 -1 0 353
 105 1 0 251
 15 -1 -3 86
 105 1 3 23
 15 0 -1 304
 15 2 0 147
 15 0 -2 121
 15 2 -1 350
 15 -1 4 91
 15 -1 2 351
 15 1 2 213
 105 -3 2 77
 105 1 4 215
 15 1 -1 307
 55 -2 3 16
 55 2 -3 101
 55 -1 -2 284
 55 1 -2 39
 55 -4 0 335
 55 -3 0 353
 55 4 0 58
 55 0 -3 255
 55 3 0 77
 55 -2 -2 246
 55 -1 -1 298
 55 -3 -1 307
 55 -3 -2 280
 55 -2 -1 271
 55 3 3 214
 55 3 -1 237
 55 1 -4 243
 5 -3 -3 295
 55 3 -3 235
 5 0 2 148
 55 4 1 18
 55 3 1 238
 55 0 -4 264
 55 2 2 296
 55 -3 1 347
 55 1 -3 161
 5 3 -2 45
 5 -2 -3 133
 "contig-ratio-green-core" 0.5294117647058824
 "contig-ratio-red-core" 0.9230769230769231
 "a-count" 8
 "b-count" 8
 "c-color-count" 21
 "c-express-count" 20
 "d-color-count" 21
 "d-express-count" 20
 "cell-count" 56
 105 4 -1 240
 15 1 -1 2
 15 0 -1 43
 15 1 2 266
 15 1 0 166
 105 -4 1 44
 15 0 3 67
 15 -2 0 36
 15 3 3 218
 105 -2 1 109
 15 0 1 58
 15 -1 1 342
 15 2 2 215
 105 -3 -2 291
 15 0 0 195
 15 0 2 223
 15 -1 -2 269
 105 1 -4 331
 15 2 1 21
 15 2 0 282
 15 -1 -1 130
 15 2 -1 9
 15 1 1 312
 105 -3 2 326
 15 1 3 166
 15 3 -2 119
 105 3 -3 170
 15 -1 0 278
 55 0 -2 98
 55 -3 3 285
 55 3 0 22
 55 -1 3 303
 5 -3 0 277
 55 0 4 199
 5 -3 -3 110
 55 -1 -3 201
 5 4 1 38
 5 -1 -4 46
 55 -1 2 145
 55 -1 4 299
 55 0 -3 201
 55 1 -2 273
 5 -2 2 214
 55 3 1 65
 55 2 3 221
 55 3 -1 211
 55 0 -4 253
 5 -4 0 286
 55 -2 -3 154
 5 1 4 348
 55 -3 -1 270
 55 2 -3 167
 55 1 -3 269
 55 -2 -1 143
 55 4 0 190
 55 2 -2 276
 "contig-ratio-green-core" 0.7333333333333333
 "contig-ratio-red-core" 0.8571428571428571
 "a-count" 5
 "b-count" 6
 "c-color-count" 22
 "c-express-count" 22
 "d-color-count" 23
 "d-express-count" 23
 "cell-count" 56
 15 -1 1 303
 15 0 -2 266
 105 1 -1 208
 15 -1 3 262
 15 2 2 322
 15 2 -1 235
 15 1 0 338
 105 4 -1 347
 15 0 -1 334
 15 1 -2 25
 15 0 3 83
 15 0 1 92
 15 2 1 303
 15 2 0 217
 105 4 0 335
 105 -2 2 65
 15 1 1 236
 15 0 0 107
 15 0 2 56
 15 -1 2 346
 15 1 3 314
 15 1 2 345
 15 2 -2 216
 15 -1 -1 337
 15 -1 4 63
 105 -1 -2 110
 15 -2 -1 259
 15 -1 0 243
 55 -4 -1 31
 55 2 3 158
 55 3 -3 246
 55 3 -1 293
 55 0 4 294
 5 -3 1 306
 55 0 -3 2
 55 3 1 213
 55 2 -3 184
 55 3 3 335
 55 -4 0 205
 55 1 4 290
 5 3 -2 157
 55 -2 -3 178
 5 -2 -2 72
 55 0 -4 259
 55 3 2 97
 55 -1 -4 152
 5 -2 0 155
 5 2 4 3
 55 3 0 171
 55 -3 -1 311
 55 1 -4 251
 5 1 -3 330
 55 -3 2 19
 55 -3 3 253
 55 -3 0 216
 55 4 1 338
 "contig-ratio-green-core" 0.4666666666666667
 "contig-ratio-red-core" 0.7142857142857143
