 "a-count" 9
 "b-count" 4
 "c-color-count" 24
 "c-express-count" 24
 "d-color-count" 20
 "d-express-count" 19
 "cell-count" 56
 105 1 4 200
 105 2 -2 58
 105 0 -4 84
 15 -1 -2 132
 15 2 2 130
 15 3 3 293
 105 -4 1 136
 105 -2 -1 33
 15 1 -1 207
 15 4 1 266
 15 3 0 10
 15 0 4 142
 105 -1 -4 119
 15 4 0 338
 105 -3 1 297
 15 -3 0 283
 15 -2 -2 128
 15 1 -3 148
 15 2 -1 296
 15 1 -2 190
 15 -1 -3 8
 105 -3 -3 1
 15 3 1 110
 15 1 3 243
 15 -1 -1 165
 15 -2 0 224
 15 -2 1 48
 15 0 -2 79
 55 -1 3 16
 55 3 2 142
 55 0 0 347
 55 3 -2 175
 55 -4 -1 230
 55 2 -3 175
 55 1 1 292
 5 -2 3 266
 55 0 1 13
 55 0 2 57
 55 -2 -3 269
 55 1 0 211
 55 3 -1 3
 5 -4 0 324
 55 0 3 209
 55 -1 2 338
 55 -3 -1 49
 55 1 -4 221
 5 -2 2 10
 5 -3 2 249
 55 -3 -2 22
 55 2 3 89
 55 -1 4 54
 55 2 0 127
 55 -1 0 41
 55 1 2 278
 55 -1 1 248
 55 2 1 217
 "contig-ratio-green-core" 0.8571428571428571
 "contig-ratio-red-core" 1.1428571428571428
 "a-count" 2
 "b-count" 8
 "c-color-count" 20
 "c-express-count" 20
 "d-color-count" 27
 "d-express-count" 26
 "cell-count" 56
 15 2 0 26
 15 0 3 90
 15 -1 0 13
 15 0 2 44
 15 3 2 184
 15 1 1 297
 15 -1 1 239
 15 -2 -1 272
 105 -1 -3 322
 15 0 0 68
 15 0 1 314
 15 -2 0 182
 15 2 2 57
 15 0 -2 222
 15 -2 -2 329
 15 1 3 182
 15 3 0 168
 15 3 -3 213
 15 1 2 271
 15 2 -1 58
 15 2 1 226
 15 3 1 194
 15 -1 2 266
 15 -1 -1 28
 15 -1 -2 156
 15 1 -1 73
 15 0 -1 239
 15 1 0 113
 55 -3 -2 95
 55 -2 1 189
 55 -4 0 177
 5 2 3 48
 5 -3 -3 85
 5 0 -3 7
 5 -1 4 26
 55 -3 1 31
 55 -4 -1 91
 55 -3 0 143
 55 -4 1 210
 55 3 -1 123
 55 0 4 310
 55 2 -3 101
 5 -1 3 66
 5 4 1 357
 55 1 -2 190
 55 1 4 285
 55 4 -1 64
 55 -1 -4 294
 55 -4 2 329
 55 -3 2 321
 55 -2 -3 278
 55 0 -4 146
 5 -2 2 110
 5 2 -2 3
 55 -3 -1 172
 55 -3 3 184
 "contig-ratio-green-core" 0.625
 "contig-ratio-red-core" 0.6428571428571429
 "a-count" 4
 "b-count" 8
 "c-color-count" 21
 "c-express-count" 20
 "d-color-count" 26
 "d-express-count" 24
 "cell-count" 56
 15 3 -1 223
 15 -1 -3 58
 15 0 -2 116
 15 2 1 91
 105 0 -3 195
 15 0 1 158
 15 -3 -3 287
 15 0 -1 199
 15 -3 3 267
 15 -2 -3 140
 15 0 2 153
 15 1 0 31
 15 -1 -2 310
 15 -1 3 209
 105 -1 -4 18
 15 0 0 240
 15 0 3 203
 15 -1 2 316
 15 2 -1 312
 15 2 0 317
 15 -1 4 245
 15 -1 -1 40
 15 0 -4 332
 15 1 1 236
 15 1 3 212
 15 1 2 261
 15 3 1 319
 15 1 -1 15
 5 -3 1 251
 5 1 -2 231
 55 1 -4 154
 55 -3 -1 110
 55 -2 -1 282
 5 2 -2 290
 55 -2 1 149
 55 -2 0 84
 55 -2 -2 139
 55 4 1 38
 55 -3 -2 201
 5 -3 0 298
 55 3 -3 191
 5 3 2 246
 55 1 -3 166
 55 -4 -1 58
 5 3 3 301
 55 4 -1 215
 55 4 2 305
 55 2 2 346
 55 0 4 15
 55 -2 2 9
 55 -2 3 168
 5 1 4 140
 55 -1 0 236
 55 2 3 305
 55 -1 1 256
 55 2 -3 150
 "contig-ratio-green-core" 1
 "contig-ratio-red-core" 0.6842105263157895
 "a-count" 4
 "b-count" 4
 "c-color-count" 24
 "c-express-count" 24
 "d-color-count" 24
 "d-express-count" 24
 "cell-count" 56
 15 1 1 96
 15 -1 1 137
 15 -1 0 295
 15 0 3 169
 15 -2 0 45
 15 -1 -1 72
 15 2 -1 264
 15 0 0 261
 15 1 -2 257
 15 3 0 47
 15 0 1 48
 15 1 -3 25
 15 1 2 174
 15 3 1 210
 15 1 0 102
 15 -3 3 304
 15 -1 -2 125
 15 1 4 144
 105 -1 -3 26
 15 0 -2 79
 105 -3 -3 331
 105 0 -1 99
 15 2 0 149
 15 4 1 257
 105 -4 -1 79
 15 1 -1 0
 15 0 2 29
 15 0 4 66
 55 2 -2 321
 5 1 -4 50
 5 3 -3 261
 55 1 5 241
 55 3 -2 47
 55 4 -1 191
 55 -2 3 178
 55 -3 1 120
 55 -1 -4 76
 55 -2 -1 207
 55 -1 3 237
 55 0 -3 53
 5 -2 1 177
 55 -3 0 64
 55 3 -1 84
 55 -4 0 262
 55 -3 2 9
 55 -2 4 237
 55 3 3 62
 55 -1 4 154
 55 -4 1 104
 55 0 -4 145
 55 2 -3 254
 55 -3 -2 3
 55 2 2 340
 55 3 2 56
 55 -3 -1 5
 5 -2 -2 156
 "contig-ratio-green-core" 0.5454545454545454
 "contig-ratio-red-core" 0.5882352941176471
