 "a-count" 8
 "b-count" 3
 "c-color-count" 26
 "c-express-count" 25
 "d-color-count" 23
 "d-express-count" 20
 "cell-count" 56
 15 1 2 286
 105 1 -4 283
 15 -1 -1 222
 15 -1 1 234
 15 4 0 72
 15 -4 1 23
 15 2 0 87
 15 -2 -2 176
 15 0 0 351
 105 3 0 62
 105 -2 3 166
 15 1 0 127
 15 0 4 78
 15 2 1 38
 15 3 -1 95
 15 0 -1 25
 105 -1 4 249
 15 4 -1 178
 105 -1 -4 321
 15 -1 3 310
 15 0 3 245
 15 3 1 223
 15 1 -1 117
 15 -1 2 109
 15 -3 -3 358
 15 -2 2 319
 15 -1 0 164
 15 1 1 71
 55 -2 0 100
 55 -1 -2 146
 55 -1 -3 324
 55 0 -2 250
 55 -3 0 140
 55 -4 0 38
 55 1 3 359
 55 -3 2 334
 55 -3 1 62
 55 2 2 138
 55 3 -2 328
 5 3 3 216
 55 -2 -1 0
 55 -3 3 329
 55 -3 -2 137
 55 0 -4 105
 55 2 -3 56
 55 3 2 103
 55 -2 -3 282
 55 -2 1 212
 55 -3 -1 164
 55 0 -3 29
 55 1 -2 309
 55 1 -3 294
 5 0 2 209
 55 2 -1 253
 55 2 -2 336
 55 1 4 228
 "contig-ratio-green-core" 0.7272727272727273
 "contig-ratio-red-core" 0.7647058823529411
 "a-count" 6
 "b-count" 3
 "c-color-count" 25
 "c-express-count" 25
 "d-color-count" 22
 "d-express-count" 22
 "cell-count" 56
 105 0 0 348
 105 -4 1 221
 15 0 2 284
 15 2 -2 275
 15 2 1 115
 15 -2 -1 200
 15 -1 2 232
 15 1 1 234
 105 -1 0 43
 105 0 -2 304
 15 3 1 56
 15 -1 -1 260
 15 2 -1 220
 15 1 0 28
 105 -1 -4 91
 15 -2 1 260
 15 -3 1 70
 15 -2 2 323
 15 2 -1 169
 105 -1 1 117
 15 2 0 3
 15 -2 0 104
 15 1 -1 153
 15 -1 -2 359
 15 -4 0 28
 15 1 -2 143
 15 2 0 66
 15 -2 3 124
 55 1 -4 19
 55 1 3 340
 55 -3 -2 152
 5 3 -2 66
 55 3 -3 274
 55 0 3 179
 55 1 2 72
 55 2 -3 45
 55 -3 2 177
 55 3 -1 17
 55 3 2 6
 55 4 -1 70
 55 3 0 37
 5 -2 -3 224
 55 -4 -1 89
 55 -3 -1 241
 55 2 3 231
 55 -2 -2 331
 55 1 -5 190
 5 3 3 176
 55 -1 4 260
 55 1 -3 355
 55 4 1 317
 55 0 -4 266
 55 2 2 196
 55 4 0 69
 55 -3 3 227
 55 0 -3 64
 "contig-ratio-green-core" 0.6521739130434783
 "contig-ratio-red-core" 0.7368421052631579
 "a-count" 3
 "b-count" 5
 "c-color-count" 23
 "c-express-count" 23
 "d-color-count" 26
 "d-express-count" 25
 "cell-count" 56
 15 1 -1 113
 15 1 -4 44
 15 -3 -1 343
 15 3 1 252
 15 1 -3 126
 15 -3 3 348
 15 1 -2 325
 15 0 -1 49
 15 1 2 42
 15 0 -3 264
 105 -2 3 1
 15 0 -4 20
 15 2 0 37
 15 -3 -3 282
 15 0 3 97
 15 0 -2 217
 15 2 -2 291
 15 3 0 227
 15 2 -1 209
 15 1 0 290
 15 0 4 265
 15 0 2 34
 15 -1 3 8
 15 -1 2 20
 15 -3 -2 197
 15 1 1 197
 15 -3 0 312
 105 1 4 133
 55 -1 -3 100
 55 2 2 145
 55 -1 0 190
 55 1 3 341
 55 3 -1 184
 55 -2 2 224
 55 4 0 91
 55 -1 -1 24
 55 3 2 293
 55 -3 2 358
 55 3 3 250
 55 -4 1 191
 55 0 0 315
 55 -2 -2 324
 5 -4 0 8
 5 2 4 341
 55 -1 4 10
 55 -2 -1 287
 5 -1 -4 226
 55 -1 1 162
 5 3 -2 146
 55 -1 -2 185
 55 -2 -3 144
 55 -2 1 8
 55 -3 1 350
 55 2 3 304
 55 0 1 6
 5 3 -3 94
 "contig-ratio-green-core" 0.85
 "contig-ratio-red-core" 0.7619047619047619
 "a-count" 6
 "b-count" 5
 "c-color-count" 23
 "c-express-count" 23
 "d-color-count" 23
 "d-express-count" 22
 "cell-count" 56
 105 2 3 142
 15 0 4 105
 15 0 0 260
 15 -2 -3 353
 15 3 3 96
 15 0 3 23
 15 -2 0 329
 15 3 -1 343
 15 0 2 45
 15 -3 0 298
 15 2 2 349
 15 -4 1 151
 105 0 1 98
 15 4 -1 197
 15 1 3 238
 15 -2 -2 225
 15 -1 -2 278
 15 3 0 95
 105 -4 -1 143
 15 0 -2 28
 15 -1 2 204
 15 -1 1 66
 105 -1 -4 318
 15 1 1 84
 15 -1 -1 107
 15 1 2 147
 15 0 -1 117
 105 -3 -1 222
 5 3 -2 356
 55 0 -3 109
 5 2 -3 317
 55 1 -2 219
 55 -3 -2 16
 55 1 4 328
 55 1 0 194
 55 -1 3 282
 55 1 -1 161
 55 -2 1 167
 5 -3 -3 212
 55 1 -3 325
 55 2 -2 81
 55 2 -1 46
 55 3 1 185
 5 -1 4 68
 55 4 1 181
 55 -2 3 359
 55 -2 2 141
 55 -3 2 79
 55 1 -4 298
 55 0 -4 10
 5 2 1 324
 55 -1 -3 117
 55 2 0 72
 55 -3 1 32
 55 3 2 338
 55 -4 2 341
 "contig-ratio-green-core" 0.85
 "contig-ratio-red-core" 0.7894736842105263
