 "a-count" 7
 "b-count" 5
 "c-color-count" 24
 "c-express-count" 23
 "d-color-count" 21
 "d-express-count" 21
 "cell-count" 56
 15 -3 -2 230
 105 -3 -3 325
 105 2 4 232
 15 1 3 322
 15 0 -1 241
 15 -2 1 327
 15 -2 0 84
 15 0 2 293
 105 3 -2 127
 15 -2 -2 217
 15 -1 -2 282
 15 1 -1 242
 15 -1 -1 118
 15 -1 -3 329
 15 -2 2 197
 15 0 0 130
 15 1 0 268
 105 0 -4 242
 15 -3 -1 94
 15 0 1 357
 15 -1 4 251
 105 -2 -1 213
 15 1 1 241
 15 -1 0 99
 105 -2 -3 297
 15 1 2 288
 105 3 1 25
 15 2 2 160
 55 4 0 149
 55 4 1 218
 5 2 -2 246
 55 -4 1 141
 55 -4 -1 225
 55 3 3 91
 55 -3 0 123
 5 4 -1 323
 55 -3 1 139
 55 1 -2 186
 55 -1 3 212
 55 0 3 303
 55 2 -1 87
 55 2 0 107
 5 2 3 336
 55 -1 2 66
 55 1 -4 250
 55 -2 3 135
 55 0 4 170
 5 -3 2 311
 55 0 -2 95
 55 2 1 97
 55 0 -3 46
 55 -1 -4 350
 55 1 4 141
 55 3 -1 174
 55 3 -3 84
 55 3 2 38
 "contig-ratio-green-core" 0.8125
 "contig-ratio-red-core" 0.9333333333333333
 "a-count" 10
 "b-count" 4
 "c-color-count" 24
 "c-express-count" 24
 "d-color-count" 20
 "d-express-count" 18
 "cell-count" 56
 15 -2 1 122
 105 3 -3 75
 15 -1 -1 312
 15 -1 0 135
 105 1 0 12
 15 3 1 58
 105 0 -2 307
 105 -1 -4 80
 15 -1 -2 315
 105 3 -2 158
 15 2 -2 27
 15 2 0 89
 15 0 0 239
 105 2 -3 345
 15 4 1 250
 15 3 -1 354
 15 -1 2 83
 105 -3 2 237
 15 0 1 192
 15 -2 -1 71
 15 1 1 61
 15 -2 -3 321
 15 2 -1 336
 105 -3 -3 320
 15 -1 1 325
 15 1 -2 160
 15 0 -1 238
 15 2 1 172
 55 4 -1 336
 5 3 0 52
 55 3 3 116
 55 1 -4 336
 55 -4 1 349
 55 0 -4 187
 55 -2 3 20
 55 -3 0 333
 55 -4 -1 345
 55 4 0 244
 55 -3 -2 110
 55 -2 -2 202
 55 -4 -2 225
 55 0 2 348
 5 1 4 240
 55 0 3 164
 55 1 -3 55
 55 2 3 79
 55 1 3 171
 55 -1 -3 41
 55 2 2 187
 55 0 4 68
 55 0 -3 320
 5 -3 1 92
 55 -3 -1 278
 55 -1 4 284
 5 -4 0 255
 55 1 2 215
 "contig-ratio-green-core" 0.45454545454545453
 "contig-ratio-red-core" 0.5714285714285714
