 "a-count" 10
 "b-count" 3
 "c-color-count" 26
 "c-express-count" 25
 "d-color-count" 21
 "d-express-count" 18
 "cell-count" 56
 15 1 4 243
 15 2 -2 320
 15 -1 -4 283
 15 1 -4 179
 105 -1 3 3
 15 0 3 40
 15 -3 1 163
 15 -1 2 119
 15 -2 2 163
 15 3 3 140
 15 4 -1 44
 15 1 -2 279
 105 0 4 180
 15 -3 -3 297
 15 1 -3 204
 15 -3 2 141
 15 3 -3 204
 15 -1 -3 339
 105 4 0 100
 105 1 -1 253
 15 -4 -1 196
 15 -3 3 273
 105 -2 1 229
 15 3 -2 106
 105 2 2 244
 105 4 1 134
 15 2 -3 347
 15 -2 3 146
 55 0 1 48
 55 -1 -1 73
 55 0 -2 314
 55 0 -3 166
 55 2 0 243
 55 0 -4 192
 55 -4 0 117
 55 2 1 266
 55 -2 -1 337
 55 3 0 273
 5 3 1 356
 55 0 -1 48
 55 -4 1 157
 55 -1 -2 135
 55 0 0 271
 55 -3 -1 169
 55 1 1 270
 55 -2 0 46
 55 -3 0 7
 55 -1 0 265
 55 -1 1 78
 5 3 -1 271
 55 3 2 284
 55 1 2 317
 55 1 0 242
 55 -3 -2 226
 55 -2 -2 23
 55 0 2 45
 "contig-ratio-green-core" 0.5263157894736842
 "contig-ratio-red-core" 0.47058823529411764
 "a-count" 9
 "b-count" 5
 "c-color-count" 25
 "c-express-count" 23
 "d-color-count" 20
 "d-express-count" 19
 "cell-count" 56
 15 -1 3 238
 15 4 -1 253
 15 1 -2 232
 15 0 -4 296
 105 4 1 155
 105 3 2 204
 15 0 3 118
 15 2 3 43
 15 -3 2 25
 15 3 -3 95
 15 3 1 61
 15 1 -4 258
 15 -4 1 359
 15 -3 -3 32
 15 -4 -1 294
 15 -2 3 288
 105 1 2 279
 15 -1 -4 232
 15 3 3 263
 105 0 4 232
 105 1 4 240
 105 2 -2 19
 15 -3 3 248
 105 3 -2 172
 105 -1 4 187
 15 -2 -3 247
 15 3 -1 296
 15 -1 2 317
 55 2 1 217
 5 -3 -2 84
 55 0 0 334
 55 -1 -2 237
 55 -2 0 202
 55 -2 1 212
 55 -1 1 185
 55 0 -1 26
 55 2 0 268
 55 1 -3 262
 55 -4 0 96
 55 -3 1 146
 5 -1 -1 146
 55 1 0 142
 55 0 1 204
 55 -1 0 248
 55 -3 0 49
 55 0 -3 331
 55 -2 -2 62
 55 2 2 287
 55 0 -2 80
 55 -1 -3 213
 5 2 -1 77
 55 1 -1 76
 55 -2 -1 231
 55 1 1 203
 55 4 0 292
 55 -2 2 26
 "contig-ratio-green-core" 0.7058823529411765
 "contig-ratio-red-core" 0.7333333333333333
 "a-count" 6
 "b-count" 2
 "c-color-count" 26
 "c-express-count" 26
 "d-color-count" 23
 "d-express-count" 22
 "cell-count" 56
 15 3 2 227
 15 -1 4 255
 15 -3 -2 345
 15 -3 2 9
 15 -3 -1 130
 15 -2 3 332
 15 2 -2 353
 15 0 4 48
 105 4 0 106
 15 3 1 347
 15 3 -2 13
 105 2 1 39
 15 -3 -3 348
 105 4 -1 12
 15 -4 -1 107
 15 1 3 203
 105 -1 -3 318
 15 2 2 117
 15 1 -3 224
 15 -2 -3 303
 15 0 -4 206
 15 0 3 276
 15 1 4 12
 15 -3 1 113
 15 1 -4 27
 15 1 -2 210
 105 2 -3 206
 15 3 3 329
 55 -1 -1 261
 55 1 2 170
 55 0 -2 107
 55 2 0 349
 55 -2 -2 7
 55 -1 -2 195
 55 1 -1 168
 55 0 -1 148
 55 -2 -1 77
 55 0 2 36
 55 -2 0 221
 55 3 -1 97
 55 -2 1 151
 5 4 1 217
 55 0 1 187
 55 1 0 272
 55 0 -3 127
 55 1 1 118
 55 2 -1 222
 55 -4 0 298
 55 -1 0 215
 5 -1 -4 222
 55 0 0 244
 55 -3 0 318
 55 -1 1 10
 55 -1 2 22
 55 3 0 240
 55 -2 2 0
 "contig-ratio-green-core" 0.9411764705882353
 "contig-ratio-red-core" 0.65
 "a-count" 3
 "b-count" 2
 "c-color-count" 26
 "c-express-count" 26
 "d-color-count" 27
 "d-express-count" 25
 "cell-count" 56
 15 0 3 47
 15 -3 1 316
 15 -4 0 43
 15 1 3 297
 15 -3 0 116
 15 3 2 347
 15 1 -3 246
 15 -1 -4 244
 15 2 -2 2
 15 0 -4 193
 15 3 -2 215
 15 4 1 321
 15 -2 3 211
 15 2 -3 151
 15 4 0 287
 15 -2 -2 117
 15 -3 -2 243
 15 3 3 186
 15 -3 -1 72
 15 2 3 208
 15 -1 -3 93
 15 -1 4 225
 15 0 4 52
 105 -3 2 270
 15 1 -4 236
 15 4 -1 27
 15 -2 -3 248
 15 -3 -3 279
 55 -1 3 75
 55 1 0 189
 55 1 2 32
 55 -1 0 240
 55 1 1 176
 55 2 1 55
 55 -2 0 172
 55 -2 1 292
 5 -2 2 277
 55 0 -3 34
 55 0 2 57
 55 -1 -1 241
 55 -2 -1 26
 55 2 -1 188
 55 0 1 162
 55 0 0 248
 5 -4 1 314
 55 1 -1 45
 55 -1 1 192
 55 -1 2 294
 55 -1 -2 292
 55 3 1 322
 55 1 -2 74
 55 0 -2 119
 55 0 -1 165
 55 3 0 280
 55 2 0 26
 55 3 -1 127
 "contig-ratio-green-core" 1.2142857142857142
 "contig-ratio-red-core" 0.5
