 "a-count" 6
 "b-count" 5
 "c-color-count" 23
 "c-express-count" 23
 "d-color-count" 23
 "d-express-count" 22
 "cell-count" 56
 15 -2 -3 43
 15 2 -2 59
 15 -3 2 214
 105 -2 2 168
 15 -1 4 183
 15 1 3 34
 15 -3 -3 64
 15 1 -3 53
 15 -4 1 222
 15 3 1 342
 15 -2 3 305
 15 2 2 126
 15 3 0 33
 15 4 0 110
 105 1 -4 311
 105 4 1 215
 15 -4 -1 6
 15 4 -1 260
 15 2 -1 231
 15 2 -3 61
 15 1 4 330
 15 3 2 71
 105 -3 -2 97
 15 -1 -3 125
 15 0 -4 32
 15 -2 -2 355
 15 3 3 224
 105 0 4 335
 55 0 3 111
 55 0 -2 351
 55 0 -1 323
 55 2 1 256
 55 2 0 105
 55 -1 1 95
 55 1 1 121
 55 1 0 105
 55 1 2 32
 55 0 -3 183
 55 -1 2 177
 55 0 2 119
 55 -3 1 76
 55 0 0 120
 55 -3 0 285
 55 -1 3 109
 55 0 1 293
 55 -1 0 19
 55 -1 -1 54
 5 -3 3 91
 55 -2 1 90
 5 2 3 142
 5 -4 0 110
 5 3 -3 278
 5 3 -1 346
 55 1 -2 123
 55 1 -1 266
 55 -2 0 311
 "contig-ratio-green-core" 0.8666666666666667
 "contig-ratio-red-core" 0.45
 "a-count" 5
 "b-count" 3
 "c-color-count" 25
 "c-express-count" 25
 "d-color-count" 24
 "d-express-count" 23
 "cell-count" 56
 15 -3 -2 36
 105 3 2 341
 15 1 -2 245
 15 -2 3 87
 15 -2 -2 133
 15 -1 3 157
 105 -4 1 110
 15 1 -4 76
 15 2 -3 18
 105 3 -1 281
 15 -3 2 338
 15 4 0 244
 15 -1 -4 66
 15 3 -3 169
 15 -3 1 351
 15 1 -3 209
 15 -4 0 221
 105 4 1 293
 15 2 1 129
 15 3 -2 80
 15 3 1 26
 15 -3 -3 45
 15 1 4 22
 15 2 2 297
 15 -4 -1 72
 15 1 3 108
 15 -3 3 327
 15 -3 0 167
 55 -2 1 331
 55 0 -1 258
 55 -2 2 49
 55 -2 0 276
 55 1 1 37
 55 1 2 97
 55 1 0 96
 55 2 3 290
 5 4 -1 162
 55 0 -2 198
 55 0 1 208
 55 0 3 258
 55 -1 -2 142
 55 0 4 243
 5 2 -2 342
 55 -1 -1 282
 55 2 -1 259
 55 0 0 164
 55 -1 1 356
 55 -2 -1 91
 55 -1 0 183
 55 0 2 175
 5 -1 -3 320
 55 0 -3 264
 55 -1 2 31
 55 -3 -1 201
 55 2 0 239
 55 1 -1 325
 "contig-ratio-green-core" 0.9333333333333333
 "contig-ratio-red-core" 0.7894736842105263
 "a-count" 8
 "b-count" 9
 "c-color-count" 19
 "c-express-count" 19
 "d-color-count" 22
 "d-express-count" 20
 "cell-count" 56
 15 0 -4 342
 105 2 -1 73
 15 3 -1 178
 15 0 3 199
 105 -4 -1 212
 15 4 1 300
 15 -3 -3 338
 105 -3 1 271
 15 -1 3 12
 15 1 -2 234
 15 -1 -3 60
 15 -2 3 208
 105 -3 -2 9
 15 3 3 87
 15 -3 -1 144
 15 -4 1 294
 15 3 0 313
 15 4 -1 300
 105 -2 2 25
 15 -2 -3 162
 15 3 2 112
 15 1 4 40
 15 2 3 155
 15 -3 0 189
 15 -3 2 267
 15 2 -2 55
 105 1 -3 73
 15 0 -3 274
 55 -1 1 251
 5 1 -4 266
 55 -1 -2 85
 55 -1 -1 75
 5 4 0 110
 55 0 -1 77
 55 -2 -1 189
 55 -1 0 193
 5 3 1 267
 55 1 -1 220
 5 1 0 46
 5 3 -3 250
 5 -1 2 203
 55 1 2 23
 55 -2 -2 21
 55 0 2 202
 55 2 2 324
 55 0 0 342
 55 2 1 295
 55 0 1 164
 55 1 1 27
 55 -2 0 224
 55 0 -2 181
 5 -1 4 278
 5 -1 -4 273
 55 2 0 244
 55 -2 1 122
 5 3 -2 159
 "contig-ratio-green-core" 0.9090909090909091
 "contig-ratio-red-core" 0.375
 "a-count" 7
 "b-count" 2
 "c-color-count" 26
 "c-express-count" 26
 "d-color-count" 22
 "d-express-count" 21
 "cell-count" 56
 15 3 3 177
 15 -4 -1 61
 15 -2 3 237
 15 0 -3 56
 15 4 0 173
 15 4 1 153
 15 2 3 79
 15 1 -4 250
 105 1 4 223
 105 3 -2 185
 15 -2 2 253
 105 2 -1 233
 15 1 -3 331
 15 0 3 154
 15 -2 1 100
 15 0 -4 81
 15 -1 4 344
 15 4 -1 307
 15 0 4 261
 15 3 2 226
 15 3 -1 218
 15 -3 2 328
 15 -2 -2 144
 105 -3 -3 346
 105 -1 -3 157
 15 -2 -3 80
 105 2 -2 200
 15 1 -2 275
 55 -4 0 288
 55 -1 0 330
 55 3 1 254
 5 -3 3 292
 55 -1 -1 353
 55 -1 3 66
 55 -2 -1 94
 55 0 1 159
 55 -3 -1 300
 55 2 0 69
 55 0 -1 166
 55 0 -2 8
 55 1 1 125
 55 1 0 326
 55 0 2 28
 55 -1 2 158
 55 -1 -4 114
 55 2 1 46
 55 -1 1 173
 55 2 2 237
 55 -2 0 89
 55 1 2 296
 55 0 0 229
 55 -1 -2 138
 55 -3 0 166
 55 -4 1 22
 5 -3 1 276
 55 1 -1 125
 "contig-ratio-green-core" 0.75
 "contig-ratio-red-core" 0.6
