 "a-count" 5
 "b-count" 4
 "c-color-count" 24
 "c-express-count" 24
 "d-color-count" 24
 "d-express-count" 23
 "cell-count" 56
 15 3 -2 247
 105 2 -3 207
 105 4 -1 203
 15 2 3 249
 105 -2 -1 306
 15 -1 -1 77
 15 -3 1 150
 15 -1 -4 0
 15 0 -2 176
 15 -3 -1 129
 15 3 1 297
 15 2 -2 57
 15 -1 4 227
 15 -4 -1 129
 15 1 -4 294
 15 -2 -3 225
 15 0 4 7
 15 -3 -3 104
 15 4 1 82
 15 -4 1 6
 15 3 3 272
 15 -3 -2 269
 15 -1 -2 6
 15 3 -3 280
 105 -2 -2 116
 15 0 -4 90
 15 4 0 148
 15 2 1 159
 55 1 2 3
 55 -4 0 146
 5 2 2 4
 55 1 -1 228
 55 2 -1 29
 55 0 1 221
 55 0 3 326
 55 0 -1 319
 55 1 0 76
 55 -2 1 70
 5 -2 3 46
 55 3 0 213
 55 -1 0 71
 55 1 1 70
 55 0 0 339
 5 1 4 183
 55 3 -1 23
 55 -2 2 327
 55 -1 1 201
 55 0 2 224
 5 -3 2 187
 55 1 -2 291
 55 1 3 176
 55 -1 2 277
 55 2 0 149
 55 -3 0 119
 55 -2 0 92
 55 1 -3 230
 "contig-ratio-green-core" 0.9285714285714286
 "contig-ratio-red-core" 0.6190476190476191
 "a-count" 6
 "b-count" 3
 "c-color-count" 26
 "c-express-count" 25
 "d-color-count" 24
 "d-express-count" 22
 "cell-count" 56
 15 -1 -4 350
 15 -1 -3 34
 15 -3 1 58
 15 3 -1 173
 105 -2 -2 254
 15 2 -2 123
 15 3 0 329
 105 -1 3 349
 15 3 1 285
 15 -2 -3 83
 15 2 2 66
 15 2 3 305
 15 1 4 119
 15 -3 -3 13
 15 -4 1 75
 15 4 1 153
 15 -1 -1 302
 15 -1 -2 67
 15 3 2 350
 105 4 0 71
 15 -2 3 204
 15 1 -4 343
 15 -3 3 292
 15 -3 -1 302
 15 3 -2 166
 15 -2 -1 278
 15 -3 -2 271
 105 2 -1 348
 55 -2 0 340
 55 0 2 203
 55 1 -1 272
 55 -1 2 104
 55 1 -3 261
 55 0 -2 64
 55 1 0 201
 55 0 -3 318
 55 1 1 357
 55 0 3 332
 55 -1 0 55
 55 -2 2 309
 55 2 1 260
 55 0 0 327
 55 -2 1 293
 55 2 0 341
 55 -1 1 305
 55 0 4 3
 55 1 -2 311
 5 3 3 139
 5 2 -3 178
 55 -4 -1 55
 55 1 3 305
 55 -3 0 68
 55 -1 4 141
 55 0 -1 104
 55 1 2 59
 55 -4 0 199
 "contig-ratio-green-core" 0.625
 "contig-ratio-red-core" 0.6666666666666666
 "a-count" 8
 "b-count" 5
 "c-color-count" 23
 "c-express-count" 23
 "d-color-count" 20
 "d-express-count" 20
 "cell-count" 56
 15 3 2 131
 15 4 -1 50
 15 -1 4 84
 15 -1 -2 245
 105 1 -4 147
 105 3 0 141
 15 2 3 332
 105 2 -2 228
 15 -1 -4 184
 15 1 -3 67
 15 -3 3 283
 15 2 -3 193
 105 4 0 252
 15 -2 2 219
 15 -3 -3 151
 105 3 -3 5
 15 4 1 297
 105 -3 -1 112
 15 -2 1 209
 15 -1 -3 242
 15 -3 -2 209
 105 0 -4 208
 15 -4 1 268
 15 -2 -3 238
 105 -2 3 129
 15 -3 2 354
 15 -3 1 116
 15 1 4 358
 55 0 1 53
 55 -2 0 108
 55 0 0 163
 55 0 -2 86
 5 3 3 1
 55 -1 0 272
 55 -4 0 195
 55 1 3 246
 5 0 -1 81
 5 0 4 28
 55 1 2 39
 55 2 -1 142
 55 2 0 9
 55 0 2 328
 55 1 1 291
 55 0 3 342
 55 -1 2 293
 55 -3 0 114
 55 2 1 31
 55 -2 -1 168
 55 -1 1 346
 5 2 2 244
 55 1 -2 84
 55 1 -1 7
 55 -1 -1 181
 55 1 0 333
 5 -4 -1 2
 55 3 1 191
 "contig-ratio-green-core" 0.6923076923076923
 "contig-ratio-red-core" 0.6428571428571429
