 "a-count" 8
 "b-count" 4
 "c-color-count" 24
 "c-express-count" 24
 "d-color-count" 23
 "d-express-count" 20
 "cell-count" 56
 15 1 -4 132
 15 2 -2 263
 15 -4 0 218
 15 2 1 129
 15 -3 3 39
 15 -3 -2 306
 15 -1 4 337
 105 2 0 300
 15 3 -1 312
 15 -2 -2 270
 105 3 0 170
 105 1 4 277
 15 4 -1 352
 15 2 -1 237
 15 -3 1 325
 15 3 1 94
 105 -1 3 252
 15 -3 -3 265
 15 -3 2 154
 15 -2 3 96
 105 1 -3 151
 15 2 3 316
 15 4 0 178
 15 4 1 15
 15 -1 -3 104
 15 -4 -1 98
 15 2 -3 165
 15 -1 -2 354
 5 -1 -4 42
 55 -1 -1 200
 55 0 0 272
 55 0 1 3
 55 1 2 300
 55 0 -4 40
 5 3 3 86
 55 -2 -1 116
 55 2 2 249
 55 1 -1 285
 55 0 2 334
 55 0 -3 15
 5 -2 -3 81
 55 -1 1 193
 5 3 -2 203
 55 1 3 296
 55 0 4 95
 55 -2 0 74
 55 -3 0 357
 55 1 0 185
 55 0 -1 141
 55 -2 1 301
 55 0 -2 253
 55 3 -3 213
 55 0 3 222
 55 -1 0 78
 55 -1 2 122
 55 1 1 313
 "contig-ratio-green-core" 0.7142857142857143
 "contig-ratio-red-core" 0.6111111111111112
 "a-count" 4
 "b-count" 5
 "c-color-count" 23
 "c-express-count" 23
 "d-color-count" 24
 "d-express-count" 24
 "cell-count" 56
 15 3 -3 223
 15 -1 -2 101
 15 1 -2 180
 15 -3 0 167
 15 -4 0 70
 15 -4 -1 163
 15 0 -3 229
 105 2 -2 163
 15 3 3 124
 105 0 -4 58
 15 4 -1 124
 105 -2 -2 130
 15 1 4 47
 15 3 -2 283
 15 2 3 130
 15 0 -2 145
 15 -2 3 0
 15 -3 -3 5
 15 -3 -1 333
 105 -1 2 155
 15 -1 -4 295
 15 2 -3 67
 15 4 1 308
 15 0 4 66
 15 3 2 313
 15 -1 4 236
 15 -2 -3 141
 15 -3 -2 305
 55 1 -4 284
 55 1 -1 331
 55 0 1 175
 55 1 2 66
 55 0 0 111
 5 1 -3 39
 55 0 3 308
 55 -2 0 254
 55 1 0 232
 55 -3 1 269
 5 -2 2 281
 55 2 -1 117
 55 2 0 81
 5 4 0 227
 55 1 3 223
 55 0 -1 201
 55 -1 1 237
 55 1 1 11
 55 -2 1 73
 55 -1 -1 281
 5 -3 2 198
 55 2 2 15
 55 0 2 285
 55 2 1 294
 5 3 1 267
 55 -2 -1 297
 55 3 0 90
 55 -1 0 243
 "contig-ratio-green-core" 0.6428571428571429
 "contig-ratio-red-core" 0.35294117647058826
 "a-count" 4
 "b-count" 4
 "c-color-count" 24
 "c-express-count" 24
 "d-color-count" 26
 "d-express-count" 24
 "cell-count" 56
 15 4 -1 121
 15 -1 -2 242
 15 -3 1 25
 15 -4 -1 202
 15 -1 -3 148
 15 1 -4 90
 15 -2 -2 236
 15 1 -3 6
 15 -2 2 96
 15 -1 2 50
 15 2 -1 38
 105 2 -3 224
 105 3 -1 69
 15 -2 3 324
 15 0 -4 70
 15 4 0 140
 15 3 -2 210
 15 -2 -3 121
 15 4 2 155
 15 3 3 206
 15 -4 0 335
 15 2 3 299
 15 -2 -1 81
 15 1 -1 120
 15 -4 1 250
 15 -3 -2 333
 15 2 -2 346
 15 -1 3 292
 55 1 0 176
 55 -1 -1 273
 55 0 0 241
 55 -2 1 171
 55 0 1 167
 5 -3 2 175
 55 0 -2 177
 55 0 3 25
 55 -2 0 335
 55 2 2 87
 55 0 4 300
 55 4 1 263
 55 -3 0 335
 55 1 2 174
 55 1 3 108
 55 0 -3 341
 5 3 2 321
 55 -1 0 179
 55 3 0 65
 55 0 2 75
 55 -1 4 152
 55 -1 1 2
 55 2 0 267
 55 2 1 112
 55 0 -1 215
 5 3 -3 306
 5 1 4 40
 55 3 1 3
 "contig-ratio-green-core" 0.7894736842105263
 "contig-ratio-red-core" 0.7391304347826086
 "a-count" 14
 "b-count" 4
 "c-color-count" 24
 "c-express-count" 24
 "d-color-count" 18
 "d-express-count" 14
 "cell-count" 56
 15 -1 -4 100
 15 2 -3 298
 105 -3 3 80
 15 -2 -2 105
 105 0 3 245
 105 3 -1 111
 15 -1 2 226
 105 -2 2 171
 15 -1 4 110
 15 4 1 221
 105 -4 -1 341
 15 3 1 321
 105 -1 3 158
 15 3 2 250
 15 -3 -1 55
 15 0 4 210
 105 3 -2 254
 15 -3 1 131
 15 2 2 76
 15 -2 -3 228
 15 1 4 244
 105 1 -3 104
 15 1 -4 294
 15 -4 0 118
 15 -3 2 86
 105 4 0 207
 15 -3 -2 348
 105 2 -2 114
 55 -1 -1 26
 55 0 -4 45
 55 -1 1 248
 55 2 -1 97
 55 0 0 336
 55 -2 -1 1
 55 1 1 84
 55 1 -1 223
 5 4 -1 95
 55 1 -2 352
 55 -1 -2 180
 55 0 -1 179
 55 1 3 53
 55 -1 -3 253
 55 0 1 344
 55 -2 1 14
 55 -1 0 328
 55 0 -3 46
 5 -3 -3 251
 55 1 0 337
 5 3 3 42
 55 0 -2 87
 55 2 0 160
 55 2 1 214
 5 2 3 176
 55 1 2 38
 55 -2 0 256
 55 -3 0 296
 "contig-ratio-green-core" 0.7857142857142857
 "contig-ratio-red-core" 0.5882352941176471
