 "a-count" 7
 "b-count" 4
 "c-color-count" 24
 "c-express-count" 24
 "d-color-count" 23
 "d-express-count" 21
 "cell-count" 56
 105 -3 -2 314
 105 -2 -2 266
 15 2 -3 71
 15 3 -2 189
 105 0 -3 292
 15 2 -2 37
 15 -1 -3 222
 15 -3 -3 124
 15 3 1 285
 15 0 -2 231
 15 1 -4 15
 15 -2 3 179
 15 -3 1 275
 105 -1 4 271
 15 -3 2 59
 15 1 2 312
 105 3 -3 255
 15 2 -1 222
 15 1 -2 263
 15 -3 -1 359
 15 -4 -1 125
 15 -4 1 5
 15 2 3 174
 15 4 1 208
 15 -2 -3 13
 15 3 2 124
 15 3 3 68
 15 -3 3 277
 5 -1 -4 266
 5 4 0 65
 55 0 -1 126
 55 -4 0 248
 55 3 0 139
 55 0 3 303
 55 -1 0 254
 55 -1 -1 198
 55 3 -1 336
 55 -1 2 356
 55 2 0 163
 55 -2 2 353
 55 0 1 250
 5 1 -3 222
 55 -3 0 126
 55 -2 -1 91
 5 0 -4 108
 55 -1 -2 132
 55 1 1 189
 55 -2 1 264
 55 0 4 25
 55 2 1 144
 55 0 2 184
 55 0 0 132
 55 1 0 221
 55 -2 0 12
 55 -1 1 284
 55 1 3 201
 "contig-ratio-green-core" 0.7647058823529411
 "contig-ratio-red-core" 0.75
 "a-count" 8
 "b-count" 4
 "c-color-count" 24
 "c-express-count" 24
 "d-color-count" 22
 "d-express-count" 20
 "cell-count" 56
 15 1 -4 13
 15 -1 3 18
 15 -2 2 114
 105 4 1 350
 15 0 3 37
 15 3 3 301
 105 3 0 52
 105 4 0 90
 15 3 2 285
 15 -3 -1 1
 15 -1 2 57
 15 -4 2 17
 15 1 -3 28
 15 4 -1 205
 15 3 -1 67
 15 0 2 328
 105 -2 -2 290
 15 -4 1 344
 15 3 -3 95
 15 -1 4 69
 15 3 -2 190
 105 2 -2 55
 15 -1 -4 317
 15 0 4 123
 15 -1 -3 75
 105 1 4 133
 15 -2 3 150
 15 2 3 194
 55 -3 0 229
 55 -2 0 151
 55 -2 -1 196
 55 2 -1 256
 55 -1 -1 39
 55 1 -2 138
 55 0 -1 53
 55 -1 -2 136
 55 1 2 262
 55 2 1 98
 55 1 1 8
 55 -3 3 245
 5 0 -2 123
 55 0 -4 345
 55 1 3 236
 55 -3 1 323
 55 0 1 172
 55 -4 0 160
 55 1 -1 172
 55 1 0 107
 55 -2 1 114
 5 -4 -1 31
 55 -1 1 307
 5 3 1 348
 55 -3 2 161
 55 0 0 121
 5 -3 -3 237
 55 2 0 273
 "contig-ratio-green-core" 0.625
 "contig-ratio-red-core" 0.65
 "a-count" 4
 "b-count" 4
 "c-color-count" 24
 "c-express-count" 24
 "d-color-count" 26
 "d-express-count" 24
 "cell-count" 56
 15 4 1 266
 15 -3 3 123
 15 -4 1 95
 15 -3 1 322
 15 2 3 140
 15 0 4 294
 15 -1 -2 127
 15 2 -1 168
 15 3 -3 191
 15 4 0 176
 105 0 -4 18
 15 -2 2 349
 15 1 -4 184
 15 1 3 68
 15 -3 0 209
 15 3 -2 318
 15 -2 3 119
 15 -2 -2 310
 105 -1 3 139
 15 -3 2 1
 15 3 -1 359
 15 4 -1 129
 15 -4 0 201
 15 3 2 337
 15 -4 -1 9
 15 -3 -3 91
 15 1 4 310
 15 -3 -1 274
 55 -1 1 245
 55 -2 1 161
 55 0 2 124
 55 1 2 74
 5 -1 -3 144
 5 -2 -3 19
 55 -2 0 78
 55 1 -3 5
 55 -1 0 260
 55 0 1 67
 55 3 1 228
 55 1 0 153
 55 -1 2 113
 55 -1 -1 273
 5 0 0 349
 55 0 -2 278
 55 -2 -1 354
 55 1 -1 348
 55 2 1 274
 55 0 3 169
 55 0 -3 254
 55 2 2 94
 55 0 -1 219
 55 1 -2 182
 55 1 1 338
 55 3 0 106
 55 2 0 127
 5 2 -2 93
 "contig-ratio-green-core" 1
 "contig-ratio-red-core" 0.6363636363636364
 "a-count" 7
 "b-count" 7
 "c-color-count" 21
 "c-express-count" 21
 "d-color-count" 22
 "d-express-count" 21
 "cell-count" 56
 15 3 -2 40
 15 3 -1 324
 105 3 -3 69
 15 0 3 2
 15 -1 -4 249
 15 1 -3 222
 15 -3 3 265
 15 4 -1 185
 15 0 4 167
 105 -2 3 186
 105 -3 0 254
 15 2 -1 309
 105 -1 4 90
 15 -4 -1 343
 15 -3 2 47
 15 3 1 178
 105 -3 1 345
 15 0 -4 223
 15 -4 1 51
 15 -1 3 166
 105 2 -2 292
 15 3 3 217
 15 -2 -3 7
 15 -1 -2 320
 15 3 0 62
 15 4 1 127
 15 -1 -3 62
 15 3 2 147
 55 1 -1 234
 55 1 3 342
 55 0 1 178
 55 1 2 194
 55 1 -2 152
 55 -2 2 294
 5 -2 -2 111
 5 2 2 109
 55 2 0 228
 55 0 2 269
 5 -3 -3 207
 55 -2 1 52
 55 -2 -1 162
 5 -1 1 43
 5 2 -3 161
 55 -1 -1 304
 55 0 -1 288
 55 0 -3 111
 55 -1 2 161
 55 -1 0 124
 55 -2 0 162
 55 1 0 59
 55 2 1 222
 55 0 0 272
 5 -4 0 69
 5 4 0 311
 55 1 1 322
 55 0 -2 63
 "contig-ratio-green-core" 0.7142857142857143
 "contig-ratio-red-core" 0.5625
