 "a-count" 4
 "b-count" 6
 "c-color-count" 23
 "c-express-count" 22
 "d-color-count" 25
 "d-express-count" 24
 "cell-count" 56
 15 -2 -1 34
 15 2 1 137
 15 0 -2 215
 15 -1 -1 223
 15 2 -1 277
 15 0 0 359
 15 4 1 325
 15 -1 0 311
 15 -1 3 219
 15 -2 0 174
 15 2 0 36
 15 1 0 334
 15 -1 2 166
 15 0 3 67
 15 -1 1 95
 105 2 2 274
 15 1 -1 31
 15 1 1 330
 15 0 1 54
 15 -2 1 327
 105 3 -3 357
 15 0 2 185
 15 3 -2 225
 105 3 2 163
 15 -3 -3 40
 15 -1 4 334
 15 -1 -2 49
 15 0 -1 288
 55 2 3 212
 5 1 -4 245
 55 0 -4 12
 55 -2 -3 165
 5 1 -3 150
 55 -3 1 145
 55 -4 -2 17
 55 4 0 299
 55 -4 -1 148
 55 -1 -3 19
 55 -1 -4 297
 55 -2 -2 94
 55 -3 2 4
 55 -4 0 82
 55 -3 -2 76
 5 -3 3 354
 55 1 3 54
 55 -2 3 1
 5 1 -2 169
 55 0 4 8
 55 3 -1 295
 5 1 2 20
 55 -2 2 13
 55 3 0 8
 55 1 4 251
 55 -3 0 11
 55 4 -1 314
 55 -3 -1 177
 "contig-ratio-green-core" 0.6190476190476191
 "contig-ratio-red-core" 0.6875
 "a-count" 5
 "b-count" 8
 "c-color-count" 20
 "c-express-count" 20
 "d-color-count" 23
 "d-express-count" 23
 "cell-count" 56
 15 1 -1 335
 105 -3 -3 23
 15 3 -1 37
 15 0 2 150
 15 1 0 123
 15 2 4 351
 15 3 3 16
 105 -2 2 29
 15 3 1 206
 15 1 2 290
 105 -1 -4 222
 15 -1 3 244
 15 0 -1 296
 15 2 1 322
 15 -1 0 191
 105 0 0 29
 15 -2 1 342
 15 -1 2 180
 105 1 -4 6
 15 0 3 301
 15 -1 -2 32
 15 -1 1 200
 15 2 -1 346
 15 -1 -1 1
 15 3 0 221
 15 2 0 43
 15 -2 -2 348
 15 0 1 189
 55 -2 3 210
 55 0 -3 3
 55 2 2 41
 55 -4 -1 346
 55 3 2 135
 5 1 -2 287
 5 -3 3 117
 55 2 3 13
 55 3 -2 28
 55 2 -2 340
 5 3 -3 149
 55 -4 0 180
 5 -3 1 273
 55 1 -3 338
 55 -4 1 163
 55 -3 2 95
 55 -2 -3 276
 5 0 4 139
 55 2 -3 146
 55 1 3 153
 55 -4 2 71
 55 -2 0 34
 55 -2 -1 251
 55 -3 -1 70
 55 -3 0 245
 5 4 0 55
 5 -1 -3 133
 5 -1 4 276
 "contig-ratio-green-core" 0.7222222222222222
 "contig-ratio-red-core" 0.5294117647058824
 "a-count" 10
 "b-count" 5
 "c-color-count" 23
 "c-express-count" 23
 "d-color-count" 19
 "d-express-count" 18
 "cell-count" 56
 105 4 1 338
 105 1 -4 295
 105 2 -3 67
 15 -4 1 125
 15 1 -2 101
 15 -2 -2 54
 15 -1 -2 354
 15 -1 -3 314
 15 2 3 299
 15 2 0 171
 15 1 4 240
 15 -1 4 324
 15 -2 2 155
 15 -3 -3 108
 105 1 -3 293
 15 0 -4 328
 105 -2 -3 331
 15 -3 2 325
 105 3 2 131
 105 2 2 248
 15 0 -2 140
 15 0 4 262
 105 2 -2 336
 105 1 -1 290
 15 2 1 56
 15 4 0 180
 15 -1 3 206
 15 -2 -1 269
 5 3 1 11
 55 3 0 295
 55 -1 1 50
 55 -2 1 177
 55 1 3 93
 5 -4 -1 254
 55 -2 0 99
 55 1 0 185
 55 -1 0 97
 5 2 -1 177
 55 -4 0 306
 5 3 3 250
 55 -1 -1 250
 55 -3 0 213
 55 0 0 166
 55 -3 3 170
 55 4 -1 299
 55 0 2 348
 55 0 1 340
 55 0 -1 308
 55 1 2 81
 55 0 3 311
 55 -1 -4 29
 55 -3 -2 184
 55 1 1 200
 55 -3 1 37
 5 3 -2 244
 55 -1 2 31
 "contig-ratio-green-core" 0.9285714285714286
 "contig-ratio-red-core" 0.9285714285714286
