 "a-count" 4
 "b-count" 6
 "c-color-count" 22
 "c-express-count" 22
 "d-color-count" 25
 "d-express-count" 24
 "cell-count" 56
 15 1 0 0
 15 2 -2 221
 15 1 -2 61
 15 -1 -1 346
 15 -2 -1 254
 15 -2 0 114
 105 0 4 205
 15 3 1 354
 15 0 -3 157
 15 -2 1 22
 15 0 -2 5
 15 1 2 106
 15 -1 1 35
 15 1 4 351
 15 1 -1 114
 15 0 -1 240
 105 -1 0 98
 15 -3 0 189
 15 0 0 128
 15 2 -1 15
 15 2 2 279
 15 0 1 185
 15 -1 -2 300
 15 -1 4 305
 15 2 0 300
 15 2 1 77
 15 -2 2 134
 105 -3 1 96
 55 4 1 285
 55 2 -3 179
 5 -1 -3 34
 5 3 2 65
 55 -2 3 156
 55 -3 -1 245
 55 1 -4 290
 5 0 3 158
 55 2 3 183
 55 3 -2 102
 55 3 0 90
 55 1 3 313
 55 0 -4 359
 55 -2 -2 160
 55 3 -1 305
 55 -3 -2 61
 5 3 -3 43
 55 -3 -3 138
 5 -3 3 34
 55 -1 2 73
 55 -4 1 159
 55 -1 3 356
 55 -4 0 307
 55 4 -1 258
 55 0 2 211
 55 1 -3 178
 5 -4 -1 122
 55 4 0 228
 "contig-ratio-green-core" 0.8235294117647058
 "contig-ratio-red-core" 0.8888888888888888
 "a-count" 7
 "b-count" 6
 "c-color-count" 22
 "c-express-count" 22
 "d-color-count" 24
 "d-express-count" 21
 "cell-count" 56
 15 2 0 140
 15 -2 0 290
 105 3 3 76
 15 0 3 76
 15 1 -1 158
 15 0 2 355
 15 -1 -2 149
 15 -4 0 19
 15 -1 0 321
 15 2 -1 155
 105 2 3 314
 15 -1 -1 355
 15 -1 1 105
 15 1 2 355
 15 2 2 235
 15 -1 2 168
 15 0 -1 353
 105 1 1 4
 15 -1 3 1
 15 1 -2 270
 15 0 0 51
 105 3 -2 200
 15 -3 -3 354
 15 0 -2 70
 15 1 0 280
 15 -2 2 285
 15 -4 1 139
 15 2 1 116
 55 -3 -2 215
 5 1 4 288
 55 0 4 300
 55 -2 -2 18
 5 2 -2 189
 55 4 0 5
 55 -2 -3 175
 55 -3 3 311
 55 -1 -3 35
 55 2 -3 85
 55 3 1 220
 55 1 -3 23
 55 -3 -1 146
 55 -2 -1 52
 55 -1 -4 292
 5 -1 4 201
 5 -4 -1 180
 55 -2 3 342
 55 -3 1 328
 55 0 -4 181
 55 3 -1 322
 55 4 -1 103
 55 -3 2 241
 55 -3 0 109
 5 1 -4 145
 5 0 -3 4
 55 3 0 158
 55 4 1 315
 "contig-ratio-green-core" 0.5882352941176471
 "contig-ratio-red-core" 0.7058823529411765
 "a-count" 3
 "b-count" 8
 "c-color-count" 20
 "c-express-count" 20
 "d-color-count" 25
 "d-express-count" 25
 "cell-count" 56
 15 0 -2 184
 15 2 2 281
 15 -2 -1 280
 15 -3 1 321
 15 2 -1 294
 15 1 3 114
 15 -2 -2 165
 15 1 1 323
 105 2 1 331
 15 -1 -2 9
 15 -3 0 333
 15 0 1 3
 15 2 0 7
 15 1 -2 119
 15 -3 -1 193
 15 -1 -1 335
 15 3 -3 303
 15 0 0 29
 105 2 3 328
 15 3 2 253
 15 1 2 256
 105 -4 0 299
 15 0 -1 166
 15 1 0 92
 15 1 -1 147
 15 1 4 324
 15 -2 0 153
 15 1 -3 225
 55 -1 3 96
 5 2 -3 32
 55 0 2 344
 5 1 -4 60
 55 -1 -3 124
 55 0 3 290
 55 -2 3 241
 5 -3 -3 119
 5 2 -2 230
 55 3 1 43
 55 -2 -3 196
 55 3 -2 82
 55 3 0 0
 55 -1 2 193
 55 -3 -2 135
 5 0 4 34
 55 3 -1 63
 5 4 1 345
 55 -2 2 198
 5 -1 -4 98
 55 4 -1 222
 55 4 0 149
 55 0 -4 304
 55 0 -3 205
 5 3 3 168
 55 -1 1 34
 55 -3 2 256
 55 -2 1 135
 "contig-ratio-green-core" 0.8235294117647058
 "contig-ratio-red-core" 0.7058823529411765
 "a-count" 3
 "b-count" 6
 "c-color-count" 22
 "c-express-count" 22
 "d-color-count" 25
 "d-express-count" 25
 "cell-count" 56
 105 2 -2 101
 15 -1 0 235
 15 -1 2 278
 15 4 0 80
 15 3 0 3
 15 4 1 347
 15 0 -2 53
 15 3 -2 348
 15 2 3 89
 15 1 2 72
 15 -3 0 257
 105 1 1 26
 15 -1 1 273
 105 -2 -3 236
 15 2 -1 60
 15 -3 -1 289
 15 0 -1 311
 15 0 2 291
 15 -3 -3 125
 15 -2 0 285
 15 -3 -2 45
 15 1 -1 220
 15 1 0 280
 15 1 3 281
 15 -2 1 225
 15 3 -1 282
 15 1 -2 235
 15 0 0 272
 55 0 -3 27
 55 -1 -1 20
 5 -1 -2 330
 55 -2 2 287
 5 -1 3 53
 55 1 4 126
 55 -1 -3 284
 55 -4 -1 223
 55 0 4 228
 5 -3 2 126
 55 3 1 266
 55 1 -3 248
 55 -4 0 302
 55 2 2 147
 55 3 -3 153
 55 -1 4 353
 55 2 1 310
 55 -2 -2 265
 55 2 -3 343
 5 4 -1 145
 55 0 3 216
 55 -4 1 304
 5 -3 3 82
 55 -2 -1 242
 55 -3 1 38
 55 0 -4 278
 55 -1 3 255
 5 -2 3 166
 "contig-ratio-green-core" 0.8421052631578947
 "contig-ratio-red-core" 0.6190476190476191
