 "a-count" 4
 "b-count" 0
 "c-color-count" 28
 "c-express-count" 28
 "d-color-count" 24
 "d-express-count" 24
 "cell-count" 56
 15 -3 -2 76
 15 1 -4 358
 15 -3 -1 343
 15 -3 2 37
 15 4 -1 93
 15 0 5 305
 105 3 3 67
 15 -1 4 286
 15 -1 -4 85
 15 0 4 250
 15 4 0 148
 15 -2 -1 67
 15 2 3 202
 15 -2 1 229
 15 3 2 191
 15 -1 3 218
 15 1 -3 274
 105 4 2 29
 15 2 -3 353
 15 3 -2 79
 105 -2 3 194
 15 -3 1 116
 15 -4 -1 193
 15 3 -3 292
 15 -2 0 351
 105 -4 0 4
 15 -3 0 30
 15 4 1 185
 55 2 -2 50
 55 1 3 322
 55 -1 -2 3
 55 1 -1 333
 55 0 3 218
 55 -2 2 177
 55 3 1 153
 55 -1 0 350
 55 3 0 4
 55 0 -3 189
 55 0 2 356
 55 0 0 323
 55 -1 2 272
 55 2 1 246
 55 0 -1 136
 55 -1 1 186
 55 -1 -1 62
 55 1 1 4
 55 2 -1 214
 55 1 4 23
 55 2 0 298
 55 -1 -3 325
 55 0 -2 281
 55 2 2 145
 55 1 2 304
 55 0 1 152
 55 1 -2 147
 55 -2 -2 233
 "contig-ratio-green-core" 0.7142857142857143
 "contig-ratio-red-core" 0.7777777777777778
 "a-count" 1
 "b-count" 0
 "c-color-count" 28
 "c-express-count" 28
 "d-color-count" 27
 "d-express-count" 27
 "cell-count" 56
 15 3 1 214
 15 4 -2 72
 15 -1 4 358
 15 3 -3 242
 15 -3 0 208
 15 -3 -2 99
 15 2 -3 330
 15 -2 3 187
 15 0 -4 176
 15 1 4 11
 15 0 4 301
 15 -2 1 265
 15 -4 2 217
 15 4 -3 231
 15 -2 0 326
 15 4 1 239
 15 -1 3 335
 15 -4 1 22
 15 3 2 208
 15 1 -3 355
 15 3 0 304
 15 4 0 85
 105 3 -1 233
 15 -3 1 115
 15 -4 -1 46
 15 1 -4 32
 15 1 3 40
 15 -4 0 120
 55 3 3 291
 55 -3 -1 86
 55 0 0 180
 55 0 2 30
 55 1 -1 134
 55 1 2 109
 55 2 0 317
 55 0 -1 197
 55 1 1 307
 55 -1 0 230
 55 0 -2 3
 55 -1 -1 0
 55 -1 -3 169
 55 2 2 279
 55 0 1 306
 55 5 1 192
 55 1 0 94
 55 2 -1 259
 55 2 3 320
 55 2 1 19
 55 2 -2 72
 55 -2 -2 238
 55 0 -3 22
 55 -1 1 11
 55 -1 2 46
 55 -2 -1 13
 55 1 -2 217
 55 -1 -2 207
 "contig-ratio-green-core" 0.7222222222222222
 "contig-ratio-red-core" 0.6086956521739131
 "a-count" 6
 "b-count" 0
 "c-color-count" 28
 "c-express-count" 28
 "d-color-count" 23
 "d-express-count" 22
 "cell-count" 56
 15 -3 -3 151
 15 0 1 236
 105 0 4 107
 15 0 -4 47
 105 1 4 133
 15 4 0 219
 15 4 1 359
 15 -3 2 230
 15 -3 1 281
 15 0 -3 340
 105 2 3 236
 15 0 3 57
 15 3 -3 70
 15 -4 1 192
 15 1 2 153
 15 -4 0 173
 15 -2 -3 142
 15 3 -2 76
 105 -1 2 95
 15 -1 3 232
 15 0 2 238
 15 -1 -4 323
 15 1 -4 183
 15 4 -1 56
 15 -3 0 327
 15 1 1 153
 105 -3 3 57
 15 -1 -3 233
 55 0 -1 154
 55 -2 0 46
 55 2 1 35
 55 -2 2 84
 55 -2 -2 100
 55 2 0 27
 55 2 -3 180
 55 0 -2 235
 55 2 2 250
 55 1 -1 61
 55 1 0 80
 55 -2 -1 145
 55 3 2 318
 55 2 -2 353
 55 -1 1 313
 55 -3 -2 111
 55 2 -1 297
 55 3 1 302
 55 3 -1 338
 55 -4 -1 181
 55 -1 -2 42
 55 -1 0 169
 55 1 -2 172
 55 3 0 220
 55 -2 1 169
 55 -2 3 340
 55 0 0 112
 55 -3 -1 84
 "contig-ratio-green-core" 0.6521739130434783
 "contig-ratio-red-core" 0.8947368421052632
 "a-count" 5
 "b-count" 0
 "c-color-count" 28
 "c-express-count" 28
 "d-color-count" 24
 "d-express-count" 23
 "cell-count" 56
 15 0 5 141
 105 3 -3 318
 15 2 -1 157
 15 1 4 213
 15 2 -3 231
 15 -3 2 183
 105 0 -4 115
 15 3 -1 159
 15 4 1 120
 15 -3 0 342
 15 -4 1 321
 15 0 4 123
 15 -3 -3 72
 15 -3 -1 133
 15 -2 1 270
 15 3 1 121
 15 3 -2 161
 15 0 3 49
 15 3 0 138
 15 -1 -4 205
 105 4 0 144
 15 2 -2 147
 15 -3 1 78
 15 -2 2 281
 15 1 3 121
 15 1 -4 273
 15 -2 0 189
 105 4 -1 146
 55 1 -3 104
 55 1 -1 319
 55 1 0 167
 55 0 -1 26
 55 -1 -1 183
 55 2 2 48
 55 0 2 275
 55 -1 2 302
 55 -3 -2 137
 55 -2 -2 228
 55 3 2 54
 55 1 2 202
 55 -1 0 268
 55 2 1 358
 55 0 -2 116
 55 -2 3 227
 55 1 1 308
 55 -1 3 294
 55 0 1 311
 55 -1 -3 192
 55 1 -2 190
 55 2 0 147
 55 -2 -1 328
 55 0 0 177
 55 -1 -2 300
 55 -1 4 348
 55 0 -3 51
 55 -1 1 214
 "contig-ratio-green-core" 0.75
 "contig-ratio-red-core" 0.8095238095238095
