 "a-count" 7
 "b-count" 0
 "c-color-count" 28
 "c-express-count" 28
 "d-color-count" 21
 "d-express-count" 21
 "cell-count" 56
 15 1 -4 6
 105 -1 -4 48
 15 0 -3 260
 15 -3 3 65
 105 4 0 181
 15 -2 2 193
 15 2 3 300
 105 3 0 17
 15 3 -3 227
 105 4 3 136
 105 4 -1 171
 105 -2 3 226
 15 -4 2 19
 15 -4 0 10
 15 -1 4 2
 15 -4 1 149
 15 1 -3 38
 15 2 2 309
 15 -3 -1 202
 15 3 2 105
 15 3 -2 240
 15 2 -3 320
 105 -1 -3 205
 15 -3 2 279
 15 -3 1 164
 15 3 3 319
 15 -3 0 294
 15 -3 -2 159
 55 1 2 324
 55 -1 -2 266
 55 2 1 244
 55 -1 -1 324
 55 1 0 175
 55 -1 1 243
 55 0 -1 307
 55 -2 -2 271
 55 0 4 121
 55 -1 2 187
 55 -1 3 136
 55 0 0 195
 55 2 -2 272
 55 -2 -1 103
 55 2 0 325
 55 -1 0 342
 55 0 3 228
 55 -1 5 313
 55 -2 1 209
 55 1 3 150
 55 -2 0 51
 55 0 1 257
 55 2 -1 296
 55 0 2 258
 55 1 -2 204
 55 0 -2 19
 55 1 1 188
 55 1 -1 339
 "contig-ratio-green-core" 0.75
 "contig-ratio-red-core" 0.5625
 "a-count" 5
 "b-count" 0
 "c-color-count" 28
 "c-express-count" 28
 "d-color-count" 23
 "d-express-count" 23
 "cell-count" 56
 15 3 1 7
 105 0 -4 116
 15 1 2 203
 15 0 -2 3
 15 -2 -1 139
 105 0 4 101
 15 4 0 30
 15 0 3 215
 15 -3 0 160
 15 3 0 325
 15 -2 0 57
 15 1 3 260
 105 -4 -1 196
 15 -3 1 305
 15 0 -3 138
 15 0 2 321
 15 -3 -1 328
 15 1 4 177
 15 -2 1 158
 15 1 -4 139
 105 -4 0 0
 15 3 -1 76
 15 1 -3 140
 105 3 -2 213
 15 1 -2 252
 15 -1 -4 246
 15 4 -1 180
 15 2 -2 115
 55 -2 -2 246
 55 1 0 290
 55 0 1 6
 55 -1 4 1
 55 4 1 23
 55 2 -1 49
 55 -1 -2 71
 55 0 -1 209
 55 1 1 308
 55 -1 3 33
 55 1 -1 356
 55 -1 -3 86
 55 -1 1 331
 55 -2 2 121
 55 -1 -1 243
 55 -2 4 318
 55 -3 -2 38
 55 -2 -3 163
 55 -3 -3 201
 55 2 2 170
 55 -3 2 28
 55 3 2 146
 55 2 1 147
 55 -1 0 231
 55 -1 2 349
 55 2 0 331
 55 -2 3 232
 55 0 0 244
 "contig-ratio-green-core" 0.64
 "contig-ratio-red-core" 1
 "a-count" 6
 "b-count" 0
 "c-color-count" 28
 "c-express-count" 28
 "d-color-count" 23
 "d-express-count" 22
 "cell-count" 56
 15 -1 -4 18
 15 -1 -3 182
 15 3 2 163
 15 -2 -3 93
 105 2 3 5
 15 2 -1 121
 105 -3 1 229
 15 2 -3 54
 15 -3 0 297
 15 0 -3 75
 15 2 -2 206
 15 -2 2 25
 15 -4 -1 6
 15 0 -2 5
 15 3 3 211
 15 -3 -1 335
 15 -3 -3 216
 15 1 -4 75
 15 1 -1 275
 105 -3 3 118
 15 1 -3 192
 15 0 -4 150
 15 -4 0 193
 105 -4 1 118
 15 4 3 79
 105 -3 2 41
 15 4 -1 14
 15 -2 3 106
 55 -2 1 328
 55 3 -2 169
 55 -2 -1 274
 55 -1 0 7
 55 4 0 94
 55 1 0 173
 55 2 0 51
 55 -1 2 248
 55 0 1 310
 55 -1 -1 162
 55 0 3 72
 55 -1 4 259
 55 -1 3 34
 55 -1 -2 350
 55 3 1 192
 55 3 0 182
 55 0 -1 111
 55 1 1 208
 55 2 1 127
 55 0 2 142
 55 -2 0 2
 55 -1 1 331
 55 -3 -2 142
 55 1 3 318
 55 0 0 177
 55 -2 -2 289
 55 3 -1 100
 55 1 2 274
 "contig-ratio-green-core" 0.6842105263157895
 "contig-ratio-red-core" 0.631578947368421
 "a-count" 8
 "b-count" 0
 "c-color-count" 28
 "c-express-count" 28
 "d-color-count" 20
 "d-express-count" 20
 "cell-count" 56
 15 1 -2 39
 15 0 -4 1
 105 3 3 121
 15 2 -2 106
 15 1 -3 121
 15 -4 1 42
 15 -2 -2 302
 15 3 -1 316
 15 1 -4 93
 105 -3 -3 33
 15 -3 3 25
 15 -2 -3 341
 15 -2 -1 84
 105 4 -1 246
 15 -3 -2 106
 15 4 1 333
 105 -4 -1 334
 15 2 -3 232
 15 1 3 86
 15 3 -2 74
 15 -1 -3 306
 105 4 0 198
 105 -1 -4 256
 105 0 -2 100
 105 -1 -1 102
 15 2 3 198
 15 -4 0 183
 15 1 2 304
 55 3 2 329
 55 0 2 63
 55 -1 3 281
 55 -1 1 137
 55 -1 0 252
 55 0 -1 17
 55 3 0 16
 55 -3 -1 60
 55 0 4 226
 55 3 1 348
 55 -2 0 78
 55 -2 2 45
 55 -3 1 358
 55 0 0 52
 55 0 3 331
 55 1 1 284
 55 2 0 12
 55 -1 2 53
 55 -3 2 122
 55 -3 0 246
 55 2 1 107
 55 1 -1 129
 55 1 0 67
 55 -2 3 305
 55 0 1 345
 55 -2 1 146
 55 3 -3 163
 55 2 -1 333
 "contig-ratio-green-core" 0.5789473684210527
 "contig-ratio-red-core" 0.6875
