 "a-count" 3
 "b-count" 11
 "c-color-count" 17
 "c-express-count" 17
 "d-color-count" 26
 "d-express-count" 25
 "cell-count" 56
 15 1 -1 286
 15 -2 0 158
 15 0 -2 8
 15 1 1 311
 15 -3 0 37
 15 -1 0 92
 15 1 -3 6
 15 -1 2 301
 15 -3 -1 268
 105 1 4 28
 15 -2 2 192
 15 0 1 129
 15 0 0 78
 15 1 -2 115
 105 3 -3 251
 15 -1 -3 343
 15 0 -1 54
 15 1 0 20
 15 4 -1 194
 15 0 3 282
 15 -1 1 350
 15 0 2 174
 15 -1 3 142
 15 0 -3 47
 15 -2 1 81
 15 4 0 190
 15 3 3 138
 15 3 -2 169
 55 4 1 176
 5 0 4 200
 5 -4 0 89
 55 -1 -1 304
 5 -3 1 249
 5 -3 2 14
 5 2 3 256
 55 1 -4 275
 55 -2 3 124
 55 -2 -3 206
 55 2 2 186
 5 1 3 135
 55 2 0 146
 55 -2 -2 269
 5 3 1 206
 55 -3 3 203
 55 -3 -3 184
 55 -4 -1 48
 55 2 1 332
 5 -3 -2 241
 55 -2 -1 336
 55 0 -4 313
 5 2 -3 117
 5 -1 -4 193
 55 1 2 172
 55 2 -1 341
 5 3 2 245
 55 3 0 143
 "contig-ratio-green-core" 0.8666666666666667
 "contig-ratio-red-core" 0.6190476190476191
 "a-count" 6
 "b-count" 6
 "c-color-count" 23
 "c-express-count" 22
 "d-color-count" 22
 "d-express-count" 22
 "cell-count" 56
 15 -4 -1 131
 15 2 1 11
 15 0 -2 261
 15 -1 -2 210
 105 -1 4 158
 15 1 -1 299
 105 2 -3 330
 15 2 0 34
 15 1 0 20
 15 0 -1 350
 15 3 -1 297
 15 0 0 342
 15 2 -1 88
 15 -1 -1 293
 15 3 0 259
 15 -3 2 192
 15 3 1 212
 15 -1 -3 262
 15 -2 2 61
 105 3 2 54
 105 3 3 204
 105 2 2 301
 15 -2 3 128
 15 -1 0 335
 105 -3 -2 171
 15 1 -2 254
 15 -2 -2 357
 15 0 -3 293
 55 -4 0 49
 55 1 1 145
 55 -1 3 291
 55 -2 1 117
 55 0 3 189
 55 -2 -1 191
 5 4 -1 123
 55 0 1 172
 55 2 -2 32
 55 4 1 19
 55 1 -4 50
 55 -1 1 80
 5 -3 -3 232
 5 -1 -4 225
 55 0 2 85
 55 -2 0 13
 55 1 -3 348
 55 -3 1 329
 55 4 0 165
 55 -1 2 158
 55 -4 1 34
 55 1 3 52
 55 1 2 192
 55 -3 -1 52
 5 3 -2 112
 5 -3 0 92
 55 2 3 285
 55 0 4 179
 "contig-ratio-green-core" 0.7
 "contig-ratio-red-core" 0.8666666666666667
 "a-count" 4
 "b-count" 5
 "c-color-count" 23
 "c-express-count" 23
 "d-color-count" 25
 "d-express-count" 24
 "cell-count" 56
 105 -1 2 41
 15 -3 0 164
 15 -2 -3 135
 15 4 1 226
 15 -1 -1 87
 15 -3 -1 29
 15 2 -1 217
 15 2 -2 304
 15 0 2 294
 15 -1 4 346
 15 -2 -2 129
 105 1 4 315
 15 -2 0 359
 15 -1 1 162
 15 1 -2 112
 15 1 -1 353
 15 3 -1 110
 105 -1 -4 210
 15 -1 -2 44
 15 2 0 305
 15 -1 0 118
 15 1 0 55
 15 0 0 278
 15 2 3 189
 15 0 1 104
 15 0 -1 21
 15 0 -3 323
 15 -2 -1 265
 55 -4 1 346
 55 1 3 145
 55 -2 3 353
 55 -4 -1 195
 55 4 -1 299
 55 1 1 330
 55 1 2 107
 55 -3 2 349
 55 3 1 44
 55 -3 1 60
 5 0 4 117
 55 3 -3 119
 55 3 0 203
 55 -1 3 129
 55 3 -2 340
 5 3 3 119
 55 -3 3 102
 5 0 3 206
 5 -3 -2 99
 55 2 2 77
 55 2 1 26
 55 0 -4 216
 55 -4 0 188
 5 -3 -3 240
 55 1 -4 99
 55 2 -3 277
 55 1 -3 71
 55 4 0 131
 "contig-ratio-green-core" 0.6666666666666666
 "contig-ratio-red-core" 0.7333333333333333
 "a-count" 3
 "b-count" 5
 "c-color-count" 23
 "c-express-count" 23
 "d-color-count" 26
 "d-express-count" 25
 "cell-count" 56
 105 -3 -3 175
 15 0 -3 336
 15 4 1 38
 15 -1 1 220
 15 1 3 95
 15 -2 -2 251
 15 5 1 301
 15 -2 1 113
 15 0 3 195
 15 -3 1 141
 15 2 1 348
 15 2 -1 256
 15 0 2 37
 15 3 0 66
 15 1 1 251
 105 -1 3 295
 15 4 0 224
 15 1 -3 135
 15 -1 2 319
 15 0 1 283
 15 3 3 227
 15 0 -4 57
 15 -3 -2 69
 15 1 2 170
 15 -1 0 275
 15 1 0 93
 15 -3 3 21
 15 2 0 196
 5 -1 4 36
 55 0 -1 344
 55 -4 -2 114
 55 0 4 66
 55 -1 -3 95
 55 -2 0 162
 55 2 2 21
 55 -3 0 64
 55 0 -2 190
 55 -4 -1 30
 55 -1 -2 93
 55 -2 -1 271
 55 3 2 176
 55 1 -2 91
 5 -2 3 214
 55 -3 -1 17
 55 2 -2 331
 5 -3 2 77
 55 -1 -1 313
 55 3 -2 335
 5 1 -4 128
 55 2 -3 271
 55 -4 0 67
 55 -4 1 80
 55 2 3 174
 5 1 4 220
 55 1 -1 184
 55 3 -3 180
 "contig-ratio-green-core" 0.5909090909090909
 "contig-ratio-red-core" 0.9444444444444444
