 "a-count" 6
 "b-count" 6
 "c-color-count" 24
 "c-express-count" 22
 "d-color-count" 24
 "d-express-count" 22
 "cell-count" 56
 15 1 2 260
 15 2 0 70
 15 2 -1 173
 15 1 0 191
 15 -1 1 338
 15 0 1 279
 15 1 -1 280
 15 -2 1 136
 105 -2 -2 279
 105 0 -4 156
 15 -4 1 149
 15 1 -3 95
 15 0 -2 200
 15 2 -2 283
 15 0 -1 197
 15 -3 3 208
 15 -1 0 260
 105 2 2 71
 15 -1 -1 277
 15 -1 -2 174
 15 0 4 319
 15 1 1 200
 15 4 1 296
 105 -2 0 352
 15 -3 -3 20
 15 0 0 70
 15 -2 -3 338
 15 2 3 4
 55 -2 2 114
 55 3 -3 314
 55 -4 0 93
 55 4 -1 308
 5 2 1 192
 55 3 3 300
 55 -3 1 242
 55 -3 0 335
 55 3 -2 316
 55 -1 2 262
 5 -2 -1 223
 55 3 1 65
 55 0 3 171
 55 3 0 27
 55 -2 3 143
 55 2 -3 320
 5 -1 -3 326
 55 -1 3 54
 55 -3 -1 254
 55 1 -2 192
 55 -3 -2 239
 55 1 -4 66
 55 3 -1 218
 55 3 2 40
 5 -4 -1 334
 55 0 2 193
 55 4 0 222
 55 -3 2 185
 "contig-ratio-green-core" 0.7777777777777778
 "contig-ratio-red-core" 0.7333333333333333
 "a-count" 6
 "b-count" 5
 "c-color-count" 23
 "c-express-count" 23
 "d-color-count" 22
 "d-express-count" 22
 "cell-count" 56
 15 -2 4 78
 15 3 0 259
 15 1 -4 179
 15 2 -1 289
 15 2 1 131
 15 -2 1 148
 105 3 -3 146
 15 -1 0 42
 15 0 0 87
 15 4 0 311
 15 2 -2 49
 105 1 4 264
 15 0 -1 308
 105 1 0 181
 15 -2 0 25
 15 0 1 324
 105 2 -3 183
 15 3 -1 250
 105 -1 -2 109
 105 -2 -3 111
 15 0 -4 74
 15 1 -1 172
 15 2 0 191
 15 3 3 341
 15 -3 0 284
 15 1 1 66
 15 -1 1 56
 15 -3 1 128
 55 0 3 31
 55 3 1 107
 55 -2 3 168
 55 1 3 282
 55 -3 -1 57
 55 -1 3 125
 55 -2 2 32
 55 0 -3 174
 55 0 -2 83
 55 -3 2 132
 55 1 -2 299
 55 -4 0 167
 55 -1 4 217
 55 -1 -1 255
 5 3 -2 52
 55 3 2 190
 5 -1 -4 248
 5 -2 -2 215
 55 1 -3 82
 55 -3 3 343
 55 -1 2 226
 55 0 2 77
 55 2 3 148
 5 -4 -1 282
 55 -2 -1 167
 55 1 2 303
 55 2 2 63
 5 0 4 323
 "contig-ratio-green-core" 0.85
 "contig-ratio-red-core" 0.9375
 "a-count" 6
 "b-count" 5
 "c-color-count" 23
 "c-express-count" 23
 "d-color-count" 24
 "d-express-count" 22
 "cell-count" 56
 15 1 -2 176
 15 4 1 350
 15 1 0 350
 105 -1 4 317
 15 0 0 113
 15 -2 0 58
 105 -3 2 354
 15 0 -1 33
 15 2 1 164
 15 -1 -1 88
 15 1 -1 257
 15 0 1 92
 15 -2 3 50
 15 3 1 230
 15 -2 -1 164
 105 -1 0 73
 15 -1 -4 144
 15 1 1 14
 15 0 -3 305
 105 -2 1 318
 15 2 -2 109
 15 2 0 77
 15 3 0 179
 15 2 2 293
 15 0 -2 157
 15 -3 1 124
 15 -2 2 196
 15 -1 1 315
 55 1 2 152
 55 -4 0 299
 55 3 -2 190
 55 4 0 27
 55 4 -1 245
 55 0 -4 277
 55 1 -4 291
 55 -3 -1 166
 55 -1 2 75
 55 -2 -3 202
 5 -3 -2 68
 5 -1 -2 241
 5 3 2 193
 55 0 2 359
 55 -1 -3 202
 55 -4 1 352
 55 -3 0 141
 55 2 -3 266
 5 -2 -2 314
 55 3 -1 186
 5 3 -3 311
 55 0 3 177
 55 1 -3 2
 55 2 3 19
 55 -4 -1 40
 55 -1 3 80
 55 1 3 106
 55 3 3 58
 "contig-ratio-green-core" 0.7
 "contig-ratio-red-core" 0.7894736842105263
 "a-count" 4
 "b-count" 3
 "c-color-count" 25
 "c-express-count" 25
 "d-color-count" 25
 "d-express-count" 24
 "cell-count" 56
 15 2 0 262
 15 1 -1 186
 15 0 -1 21
 15 0 3 305
 15 -4 -1 133
 15 -2 -2 250
 15 1 2 344
 15 1 3 86
 15 -1 -2 129
 105 -3 1 338
 15 2 -1 299
 15 3 0 354
 15 -2 0 293
 15 2 2 312
 15 2 1 182
 15 1 1 200
 15 1 0 286
 15 0 4 264
 15 0 0 191
 15 -1 0 328
 15 3 -1 1
 105 -1 4 135
 15 -3 0 218
 15 -2 1 352
 15 -1 -3 197
 15 -1 -1 313
 105 2 3 181
 15 -2 -1 124
 55 -3 2 289
 55 3 1 44
 55 -1 3 359
 55 -4 1 320
 55 0 -3 209
 55 0 -2 39
 55 -2 3 22
 55 -1 2 264
 55 -1 1 223
 55 -3 -2 288
 55 -4 -2 235
 55 0 -4 127
 55 2 -3 254
 5 -2 2 123
 55 4 -1 337
 5 3 -2 10
 55 1 -3 109
 55 3 3 347
 55 -3 3 199
 55 1 -2 28
 55 0 2 142
 55 -4 0 233
 55 1 -4 285
 55 -1 -4 305
 55 4 0 30
 55 0 1 73
 55 2 -2 276
 5 3 -3 198
 "contig-ratio-green-core" 0.7619047619047619
 "contig-ratio-red-core" 0.7
