 "a-count" 4
 "b-count" 5
 "c-color-count" 24
 "c-express-count" 23
 "d-color-count" 25
 "d-express-count" 24
 "cell-count" 56
 15 3 3 341
 105 -4 0 275
 15 0 -2 339
 15 -1 -2 220
 15 2 2 62
 15 1 0 209
 15 -2 2 17
 15 0 2 225
 15 1 1 287
 15 -2 1 131
 15 1 -2 226
 15 -1 0 186
 15 -1 1 31
 15 -1 -3 203
 15 -1 -1 90
 105 -4 1 45
 105 0 -3 353
 15 0 0 204
 15 1 -3 355
 15 -1 2 316
 15 1 -1 220
 15 1 3 162
 15 0 -1 27
 15 1 2 206
 15 -3 -3 175
 15 1 4 218
 15 0 1 206
 15 2 -2 285
 55 2 0 301
 55 -1 -4 281
 55 3 -1 353
 55 2 -3 194
 55 -3 -2 316
 55 2 -1 202
 5 2 3 88
 55 0 3 118
 55 -2 -4 103
 55 3 0 144
 55 1 -4 296
 5 -3 -1 110
 5 4 -1 226
 5 -2 3 332
 55 -2 -2 183
 55 2 1 14
 55 -1 3 315
 55 -3 1 123
 55 -2 -1 14
 55 3 -2 187
 55 0 4 342
 55 4 1 60
 55 -2 -3 276
 55 0 -4 64
 55 -4 -1 67
 55 -2 0 57
 55 3 -3 123
 55 4 0 282
 "contig-ratio-green-core" 0.8235294117647058
 "contig-ratio-red-core" 1
 "a-count" 8
 "b-count" 3
 "c-color-count" 25
 "c-express-count" 25
 "d-color-count" 22
 "d-express-count" 20
 "cell-count" 56
 15 3 -1 221
 105 0 1 14
 15 1 2 57
 15 0 0 199
 15 0 3 288
 15 -4 0 354
 15 -1 1 243
 15 0 2 77
 15 -1 2 6
 15 -1 3 357
 15 2 -1 183
 105 -3 2 82
 105 -2 2 240
 15 -2 0 120
 15 -1 -2 202
 15 0 -2 351
 105 2 3 151
 15 2 2 199
 15 1 3 279
 15 -2 -1 326
 105 -4 -1 274
 15 -1 0 41
 15 -1 -1 17
 15 -2 -2 45
 15 3 -3 281
 105 3 -2 218
 15 -3 -1 161
 15 0 -1 109
 55 -1 -3 112
 55 -3 0 126
 55 4 1 353
 55 2 1 261
 5 -3 -2 16
 55 3 0 200
 55 -1 4 184
 55 -2 -3 276
 55 -2 1 148
 55 1 4 261
 55 2 -3 228
 55 -1 -4 309
 55 -3 -3 293
 55 1 -2 290
 5 1 -4 268
 55 -3 1 140
 55 0 -3 81
 55 0 4 353
 55 1 1 173
 55 4 0 315
 55 3 1 216
 5 3 2 350
 55 2 0 65
 55 0 -4 141
 55 1 -3 27
 55 1 0 51
 55 4 -1 24
 55 1 -1 81
 "contig-ratio-green-core" 0.7368421052631579
 "contig-ratio-red-core" 1.0625
 "a-count" 7
 "b-count" 6
 "c-color-count" 22
 "c-express-count" 22
 "d-color-count" 23
 "d-express-count" 21
 "cell-count" 56
 15 0 -2 327
 15 -4 1 342
 15 0 1 38
 15 0 2 43
 15 0 -1 264
 15 -2 1 163
 105 -2 0 118
 105 -3 3 303
 15 -1 0 294
 105 -3 -2 195
 15 0 0 314
 15 -2 2 294
 15 -1 -4 39
 15 2 2 161
 15 -1 -3 14
 15 1 -4 190
 15 4 0 7
 105 -1 1 355
 105 1 2 279
 15 3 3 133
 15 -1 2 223
 15 0 3 269
 15 0 -3 282
 15 -2 -1 94
 15 -1 -1 291
 15 2 3 246
 15 -1 3 102
 15 -1 -2 51
 55 3 1 253
 55 -3 -1 180
 55 3 2 112
 5 1 0 221
 55 2 -1 140
 55 -4 -1 119
 55 2 0 269
 55 -3 1 134
 55 1 -2 111
 55 1 4 343
 55 0 -4 284
 55 3 -1 341
 5 -2 -2 104
 55 3 0 145
 55 -1 4 100
 55 -2 -3 28
 5 -2 3 355
 55 4 -1 48
 55 -4 0 35
 55 1 -3 199
 55 -3 0 190
 55 -3 2 67
 5 2 -3 40
 55 3 -3 335
 5 2 -2 50
 55 0 4 55
 5 1 1 112
 55 3 -2 358
 "contig-ratio-green-core" 0.6470588235294118
 "contig-ratio-red-core" 0.625
