 "a-count" 11
 "b-count" 6
 "c-color-count" 22
 "c-express-count" 22
 "d-color-count" 17
 "d-express-count" 17
 "cell-count" 56
 15 1 3 223
 105 2 2 204
 15 1 2 277
 105 3 0 109
 105 -3 3 83
 15 -3 -1 351
 105 2 -3 99
 105 -2 3 89
 15 -3 -2 337
 105 1 -4 347
 15 4 1 194
 105 2 3 272
 15 1 -2 282
 105 -4 -1 1
 15 -2 2 359
 105 1 4 187
 15 -4 1 117
 105 -3 -3 323
 15 0 -4 20
 15 2 -1 188
 15 -1 3 78
 15 -2 -2 9
 15 -1 -3 143
 15 0 4 157
 15 -4 0 359
 15 3 -1 108
 105 -1 -4 92
 15 2 1 17
 55 -1 1 109
 5 -1 4 215
 55 -1 2 105
 55 1 1 127
 55 0 -3 166
 5 3 -2 80
 5 2 -2 335
 55 -1 0 325
 55 -3 0 237
 55 0 0 55
 55 -2 1 40
 55 0 -1 208
 55 -1 -1 49
 55 0 -2 199
 5 -3 2 234
 55 0 1 25
 55 0 3 277
 55 1 0 125
 55 -2 -1 48
 5 3 1 13
 55 -1 -2 329
 55 1 -1 196
 55 -2 0 73
 55 -3 1 38
 55 2 0 22
 5 1 -3 224
 55 0 2 152
 55 4 -1 9
 "contig-ratio-green-core" 1.0769230769230769
 "contig-ratio-red-core" 1
 "a-count" 10
 "b-count" 0
 "c-color-count" 28
 "c-express-count" 28
 "d-color-count" 19
 "d-express-count" 18
 "cell-count" 56
 15 3 -1 322
 15 -1 1 146
 15 4 1 63
 15 2 2 113
 105 1 4 240
 15 -1 2 228
 105 3 -3 75
 15 1 3 291
 15 -1 4 105
 15 -3 1 23
 15 -3 -2 176
 105 3 2 89
 105 -4 1 331
 15 2 -2 120
 15 -4 0 218
 15 -2 -3 35
 105 4 0 76
 15 0 4 71
 15 3 0 26
 15 -2 2 237
 15 -2 1 56
 105 2 3 38
 105 -3 -3 160
 15 0 -4 101
 105 2 -3 132
 15 -4 -1 316
 105 -3 3 242
 15 1 -3 44
 55 3 1 53
 55 0 -1 193
 55 0 3 353
 55 1 -2 353
 55 2 1 344
 55 0 -2 243
 55 1 -4 87
 55 0 2 308
 55 1 1 317
 55 -2 -1 356
 55 -3 0 158
 55 1 -1 12
 55 -1 -2 99
 55 1 2 117
 55 -3 -1 173
 55 -1 -1 206
 55 -1 0 120
 55 2 -1 132
 55 0 -3 4
 55 2 0 294
 55 -1 -3 263
 55 -2 3 290
 55 1 0 155
 55 0 0 123
 55 0 1 12
 55 -1 3 338
 55 -2 -2 189
 55 -2 0 288
 "contig-ratio-green-core" 1.0588235294117647
 "contig-ratio-red-core" 1.2
 "a-count" 9
 "b-count" 4
 "c-color-count" 24
 "c-express-count" 24
 "d-color-count" 19
 "d-express-count" 19
 "cell-count" 56
 105 -2 -3 274
 105 1 -4 250
 15 -2 2 355
 15 3 1 295
 15 -1 -4 220
 105 -3 -2 145
 105 -4 -1 244
 15 1 3 124
 15 1 2 125
 105 -3 2 141
 15 -2 3 172
 15 -3 -1 41
 105 3 2 349
 15 -1 2 247
 105 3 3 189
 15 3 -1 165
 15 -4 1 3
 15 -2 -2 56
 105 4 1 13
 105 -1 4 151
 15 -3 1 20
 15 1 -2 233
 15 4 0 261
 15 -1 3 261
 15 0 4 77
 15 2 2 301
 15 1 4 35
 15 -1 -3 75
 5 2 -2 323
 55 3 0 66
 55 0 3 123
 55 2 1 271
 55 -2 -1 127
 55 0 -3 102
 55 -3 0 340
 55 0 -4 158
 55 0 1 22
 55 2 -1 177
 5 2 3 63
 55 0 0 86
 55 0 -2 204
 5 -3 -3 46
 55 -1 -1 234
 55 1 1 142
 55 0 2 260
 55 -1 -2 213
 55 -2 1 127
 55 -1 0 256
 5 4 -1 152
 55 -4 0 172
 55 0 -1 55
 55 2 0 197
 55 1 -1 355
 55 1 0 135
 55 -1 1 247
 55 -2 0 261
 "contig-ratio-green-core" 1.3076923076923077
 "contig-ratio-red-core" 0.9285714285714286
 "a-count" 8
 "b-count" 5
 "c-color-count" 23
 "c-express-count" 23
 "d-color-count" 20
 "d-express-count" 20
 "cell-count" 56
 15 -1 -3 187
 15 2 0 240
 15 2 -1 168
 15 4 1 176
 15 -3 1 151
 105 4 0 91
 105 1 -4 60
 15 2 3 73
 15 -1 1 32
 15 2 -2 61
 105 3 -1 41
 15 -2 -3 161
 15 0 4 264
 105 -3 2 154
 15 1 -3 170
 15 -4 -1 111
 15 1 4 256
 105 -1 -4 320
 105 4 -1 137
 15 -3 -3 31
 15 -3 -1 214
 15 3 -2 144
 105 -3 3 50
 15 -4 1 133
 15 3 2 357
 15 -1 3 317
 105 0 -3 129
 15 3 0 234
 55 -2 0 28
 5 -2 1 43
 55 3 1 4
 55 -1 0 227
 55 -2 -1 102
 55 0 1 125
 55 0 -1 59
 55 1 1 44
 55 -3 0 259
 55 1 -1 150
 55 0 2 145
 55 -4 0 251
 55 1 -2 130
 5 2 -3 252
 5 -1 4 120
 55 1 0 280
 5 3 3 233
 55 -1 -2 215
 55 2 1 223
 5 -1 2 179
 55 1 2 225
 55 -2 -2 7
 55 0 0 284
 55 0 3 156
 55 -1 -1 274
 55 0 -2 253
 55 2 2 283
 55 1 3 175
 "contig-ratio-green-core" 1.1333333333333333
 "contig-ratio-red-core" 0.7333333333333333
