 "a-count" 11
 "b-count" 2
 "c-color-count" 27
 "c-express-count" 26
 "d-color-count" 20
 "d-express-count" 17
 "cell-count" 56
 15 -3 2 279
 105 -4 -1 306
 105 -1 4 108
 15 1 2 277
 15 2 -2 2
 15 3 -1 154
 15 2 1 250
 15 -3 -2 270
 15 2 -3 226
 15 1 1 341
 15 -4 1 319
 105 -2 -3 39
 15 -1 3 206
 15 4 0 251
 105 -1 -3 315
 15 -3 -3 306
 15 0 4 13
 15 -2 3 32
 105 -3 3 267
 15 -2 2 117
 15 1 -3 285
 15 0 3 130
 15 -1 -4 137
 15 2 3 149
 105 0 -4 296
 105 3 2 209
 105 3 -2 237
 15 -4 0 205
 55 1 -1 33
 55 3 0 291
 55 -1 0 6
 55 1 -2 330
 5 4 1 105
 55 -3 -1 137
 55 -2 -2 157
 55 0 -1 31
 55 -1 1 331
 55 1 4 147
 55 3 -3 200
 55 -2 -1 166
 55 0 1 5
 55 -2 1 258
 55 -3 0 290
 55 1 0 135
 55 0 0 158
 55 0 2 348
 55 -1 -2 110
 55 0 -2 298
 55 2 0 260
 55 0 -3 40
 55 1 -4 78
 55 -3 1 237
 55 -2 0 168
 55 -1 2 188
 55 -1 -1 311
 55 1 3 326
 "contig-ratio-green-core" 0.9375
 "contig-ratio-red-core" 0.9411764705882353
 "a-count" 9
 "b-count" 8
 "c-color-count" 21
 "c-express-count" 20
 "d-color-count" 21
 "d-express-count" 19
 "cell-count" 56
 15 -1 1 214
 15 1 -3 109
 105 2 -3 97
 15 2 2 32
 15 -2 1 130
 105 4 -1 334
 15 -3 3 277
 15 -1 -3 249
 15 -3 0 112
 15 3 1 52
 15 0 4 110
 15 -2 2 218
 15 3 -3 78
 15 -1 2 261
 15 1 3 85
 105 -4 -1 278
 15 1 -2 85
 15 2 3 323
 15 3 -1 128
 105 4 1 133
 15 -2 -1 286
 105 3 3 119
 105 0 -4 183
 15 2 -1 114
 15 -1 -2 181
 15 4 0 205
 105 2 -2 125
 15 -3 1 11
 55 -1 4 10
 5 -2 -3 168
 55 0 -1 83
 55 1 1 204
 55 -1 -1 176
 55 0 -3 349
 5 -3 2 114
 55 -4 1 275
 55 -4 0 256
 55 0 2 130
 55 0 3 206
 55 -1 0 247
 55 -2 0 236
 55 3 0 290
 5 -1 -4 308
 55 2 1 59
 55 0 -2 350
 55 1 0 230
 5 0 0 268
 55 -1 3 350
 55 -2 3 87
 55 1 -1 138
 5 -3 -2 28
 5 -3 -1 103
 55 2 0 306
 5 -3 -3 247
 55 0 1 331
 55 1 2 261
 "contig-ratio-green-core" 1.1176470588235294
 "contig-ratio-red-core" 1.0625
 "a-count" 10
 "b-count" 7
 "c-color-count" 21
 "c-express-count" 21
 "d-color-count" 18
 "d-express-count" 18
 "cell-count" 56
 15 -1 1 66
 15 0 3 98
 15 -3 0 275
 15 -1 -3 290
 15 -3 -2 347
 15 0 -3 51
 105 2 3 236
 15 -1 4 289
 15 4 0 118
 15 2 2 313
 105 0 -4 102
 15 3 1 208
 105 3 -3 283
 15 -4 0 172
 105 3 -1 142
 15 -1 2 337
 15 -3 -1 65
 15 2 -1 225
 15 1 3 218
 105 -1 -4 262
 105 2 -2 247
 105 -4 -1 191
 15 1 -2 192
 15 -3 2 191
 105 3 -2 22
 105 1 -4 57
 15 4 1 322
 105 2 -3 273
 55 -2 -1 18
 5 1 4 242
 55 1 -1 155
 5 -2 2 113
 5 -2 3 114
 55 2 1 34
 55 0 -1 259
 55 0 -2 239
 55 0 0 156
 5 -2 1 336
 55 1 2 336
 55 3 0 144
 55 -2 0 300
 55 0 1 298
 5 1 -3 326
 55 -2 -2 263
 55 -3 1 100
 55 -1 0 3
 55 2 0 249
 55 -1 -2 178
 5 3 2 197
 55 -1 -1 220
 55 3 3 203
 55 0 2 348
 55 -4 1 172
 5 -1 3 100
 55 1 0 225
 55 -2 -3 201
 "contig-ratio-green-core" 0.9375
 "contig-ratio-red-core" 1.0666666666666667
 "a-count" 11
 "b-count" 4
 "c-color-count" 24
 "c-express-count" 24
 "d-color-count" 20
 "d-express-count" 17
 "cell-count" 56
 15 3 0 321
 15 1 2 229
 15 -3 -1 143
 105 2 -3 158
 15 4 1 200
 15 -2 2 193
 15 -1 -1 43
 15 -2 -1 248
 15 3 2 111
 15 2 2 118
 15 1 3 221
 105 -4 1 114
 15 1 -3 105
 15 1 4 104
 105 3 -2 229
 15 -1 -4 144
 105 -2 -3 120
 15 -2 3 342
 105 -3 2 13
 15 2 -2 189
 15 -2 -2 78
 105 3 3 40
 15 -3 -2 170
 15 1 -4 341
 15 3 -1 48
 105 -3 1 134
 15 -4 0 5
 105 2 3 93
 55 0 -3 53
 55 -1 0 9
 55 1 -1 180
 55 1 1 24
 55 2 0 222
 5 -3 3 28
 55 2 1 41
 55 -1 3 305
 55 0 1 268
 55 1 -2 240
 55 -1 2 240
 55 -2 0 91
 5 -1 4 272
 55 0 -1 136
 55 1 0 58
 55 2 -1 105
 55 0 3 93
 55 -1 1 16
 55 0 -4 272
 55 3 1 148
 55 0 4 121
 55 -2 1 209
 5 -1 -2 304
 55 0 0 244
 55 0 2 100
 55 0 -2 292
 5 4 -1 155
 55 -3 0 308
 "contig-ratio-green-core" 1.0588235294117647
 "contig-ratio-red-core" 1.0588235294117647
