 "a-count" 12
 "b-count" 3
 "c-color-count" 25
 "c-express-count" 25
 "d-color-count" 18
 "d-express-count" 16
 "cell-count" 56
 15 1 4 5
 15 -1 -2 66
 15 2 -2 342
 15 3 -3 228
 15 -2 2 69
 105 -4 -1 203
 15 -1 4 175
 15 3 0 92
 15 3 1 34
 15 -3 1 64
 105 -1 -4 181
 105 -3 -1 303
 105 4 -1 343
 105 4 0 56
 15 2 3 124
 15 -2 -1 309
 15 2 2 151
 15 1 -3 280
 105 -3 2 194
 105 -2 -3 214
 15 -1 -3 110
 15 3 -2 172
 15 4 1 168
 15 3 -1 297
 105 1 -4 73
 105 -3 -3 252
 105 2 -3 102
 15 -2 1 225
 55 -4 0 50
 55 -1 2 221
 55 0 2 103
 55 0 0 267
 55 3 2 136
 55 0 -1 212
 55 -1 0 111
 55 1 1 170
 55 1 -1 75
 55 2 1 347
 55 0 -4 175
 55 -3 0 38
 5 -2 3 352
 55 -1 3 127
 55 0 4 48
 55 -1 -1 210
 55 1 3 92
 55 2 0 346
 5 -1 1 18
 55 0 -2 239
 55 1 0 208
 55 2 -1 296
 55 1 -2 83
 55 0 -3 123
 55 0 3 325
 5 -3 3 281
 55 -2 0 100
 55 1 2 129
 "contig-ratio-green-core" 0.75
 "contig-ratio-red-core" 0.8125
 "a-count" 12
 "b-count" 5
 "c-color-count" 23
 "c-express-count" 23
 "d-color-count" 18
 "d-express-count" 16
 "cell-count" 56
 15 4 0 218
 105 -2 -3 271
 15 1 -2 71
 15 1 -3 74
 105 4 1 49
 105 -3 -2 226
 105 -1 4 144
 15 3 0 116
 15 2 3 81
 105 -3 2 183
 15 -2 3 301
 15 3 -1 83
 15 2 -3 189
 15 -3 1 233
 105 -4 1 37
 15 0 -4 118
 15 3 2 123
 15 -3 -1 67
 105 1 -4 121
 15 -4 0 192
 105 0 4 25
 15 0 3 167
 15 0 2 85
 15 -1 2 258
 105 3 3 50
 15 2 -2 191
 105 -3 3 0
 15 -1 -3 257
 55 -1 1 254
 55 1 2 179
 55 0 -3 213
 55 2 -1 257
 5 -1 -4 38
 55 -3 0 11
 5 -2 -2 220
 55 0 -1 212
 55 2 0 114
 55 1 0 316
 55 0 0 327
 5 3 -2 152
 55 0 1 244
 55 3 -3 294
 55 1 -1 220
 55 1 3 96
 5 4 -1 0
 55 -1 0 322
 55 2 2 281
 55 2 1 135
 55 3 1 246
 55 0 -2 111
 55 -2 0 343
 55 -2 1 340
 55 1 1 34
 5 -3 -3 61
 55 -2 -1 266
 55 -2 2 121
 "contig-ratio-green-core" 1.0625
 "contig-ratio-red-core" 0.9411764705882353
 "a-count" 13
 "b-count" 2
 "c-color-count" 26
 "c-express-count" 26
 "d-color-count" 16
 "d-express-count" 15
 "cell-count" 56
 15 -1 2 51
 15 2 -2 211
 105 -2 3 12
 15 3 1 237
 15 -4 -1 271
 105 2 -3 285
 105 3 -2 42
 105 4 0 280
 15 2 2 267
 105 3 -1 327
 105 3 2 357
 15 -2 -2 299
 105 3 -3 195
 15 0 -4 197
 15 -1 -3 234
 105 4 -1 44
 15 -3 1 56
 15 1 -3 125
 15 1 3 294
 15 2 -1 292
 15 -3 -2 241
 105 -2 2 200
 15 -1 3 154
 105 3 3 127
 105 -3 2 288
 15 -2 1 180
 105 1 4 58
 15 -3 -1 253
 55 1 2 222
 55 0 0 216
 55 1 -1 276
 55 0 -1 168
 55 0 2 120
 55 1 1 338
 55 -1 4 80
 55 -2 0 89
 55 2 1 115
 55 -1 -1 317
 55 3 0 142
 55 0 -3 195
 55 -4 1 303
 55 0 -2 310
 55 -1 0 134
 5 -1 -4 49
 55 -3 0 286
 55 2 0 107
 55 0 4 21
 55 1 -2 94
 55 -2 -1 208
 55 -4 0 352
 55 0 1 262
 55 0 3 252
 55 -3 -3 146
 5 4 1 355
 55 -1 -2 274
 55 -1 1 308
 "contig-ratio-green-core" 0.8333333333333334
 "contig-ratio-red-core" 1.2857142857142858
 "a-count" 12
 "b-count" 6
 "c-color-count" 22
 "c-express-count" 22
 "d-color-count" 17
 "d-express-count" 16
 "cell-count" 56
 105 -1 -3 1
 15 1 -2 203
 15 2 2 355
 15 3 -1 271
 15 0 3 70
 105 2 -2 13
 105 -3 3 143
 105 0 -4 336
 105 1 -4 226
 15 1 4 99
 15 1 3 167
 15 3 -3 250
 105 3 -2 184
 15 1 -1 57
 15 -3 -1 300
 15 4 1 174
 105 -4 -1 237
 15 -2 -1 84
 15 2 -1 55
 105 -3 -2 19
 15 -3 1 103
 105 -2 -3 65
 15 3 2 113
 15 -3 2 311
 105 -2 -2 196
 105 -4 0 305
 15 -1 -2 254
 15 1 -3 17
 5 4 -1 83
 55 -1 0 163
 5 0 4 192
 55 -2 0 117
 5 3 3 166
 55 -2 1 295
 55 1 0 48
 55 4 0 168
 55 -1 1 324
 55 -2 2 238
 5 -1 -4 83
 55 0 0 122
 55 1 1 11
 55 -3 0 235
 55 0 -2 175
 5 -1 3 47
 5 -2 3 254
 55 0 1 148
 55 3 0 186
 55 0 2 62
 55 2 0 30
 55 -1 -1 300
 55 0 -1 292
 55 1 2 52
 55 2 -3 294
 55 3 1 7
 55 2 1 213
 55 -1 2 356
 "contig-ratio-green-core" 0.9333333333333333
 "contig-ratio-red-core" 1
