 "a-count" 7
 "b-count" 4
 "c-color-count" 25
 "c-express-count" 24
 "d-color-count" 21
 "d-express-count" 21
 "cell-count" 56
 15 3 2 104
 105 -4 -1 260
 15 0 4 275
 15 -1 3 10
 15 2 -3 333
 105 -4 1 140
 15 -4 0 198
 105 3 -2 199
 15 -1 -4 45
 105 4 0 285
 15 -2 -2 258
 15 -2 2 137
 15 3 0 200
 15 0 -4 93
 15 -2 -1 13
 15 1 2 185
 15 2 2 116
 15 2 -1 317
 105 3 -3 85
 15 -3 2 193
 105 -3 3 165
 105 1 3 31
 15 2 -2 312
 15 3 -1 296
 15 -3 -3 165
 15 1 -4 317
 15 -3 1 261
 15 4 1 121
 55 1 -1 164
 55 -2 -3 235
 55 -3 0 290
 55 1 -2 51
 55 -1 -1 71
 55 3 1 157
 55 -1 -3 353
 55 3 3 211
 55 2 0 127
 55 2 1 142
 55 1 -3 7
 55 0 2 308
 55 -1 2 66
 55 0 1 132
 55 1 0 232
 55 -2 1 4
 5 -3 -1 50
 55 0 -3 102
 55 0 3 18
 55 -2 0 261
 55 -1 -2 274
 55 -1 0 260
 55 0 0 319
 5 -2 3 206
 55 1 1 63
 55 0 -1 138
 5 0 -2 243
 55 -1 1 160
 "contig-ratio-green-core" 1.0555555555555556
 "contig-ratio-red-core" 1.0666666666666667
 "a-count" 15
 "b-count" 5
 "c-color-count" 25
 "c-express-count" 23
 "d-color-count" 15
 "d-express-count" 13
 "cell-count" 56
 15 -3 2 100
 15 -3 -1 58
 15 -3 1 217
 15 0 3 146
 15 0 -4 284
 105 -1 -3 344
 105 4 -1 37
 105 3 -3 130
 15 -2 -3 352
 15 3 2 16
 15 -2 3 65
 15 1 -3 156
 15 3 1 284
 105 3 -1 214
 105 -3 -2 151
 105 -1 -2 259
 15 1 -2 145
 105 -2 -2 61
 105 -1 -4 116
 105 2 -2 209
 105 -4 -1 16
 15 1 3 27
 15 -2 -1 72
 15 -1 3 105
 105 2 -1 123
 15 2 2 353
 105 -3 3 4
 105 0 4 121
 55 0 2 286
 55 -2 0 203
 55 3 0 246
 55 0 -2 302
 55 -2 2 124
 55 -3 -3 50
 55 -4 1 343
 5 -4 0 18
 55 1 4 135
 55 -2 1 217
 55 1 0 96
 55 3 3 120
 55 0 -1 356
 55 -1 -1 101
 55 -1 2 168
 5 4 0 331
 5 4 1 192
 55 -1 1 349
 55 2 0 121
 55 1 2 296
 55 -3 0 69
 55 -1 4 116
 55 0 -3 259
 55 0 0 179
 55 1 -1 37
 55 -1 0 214
 55 3 -2 68
 55 2 1 48
 "contig-ratio-green-core" 0.7857142857142857
 "contig-ratio-red-core" 1.25
 "a-count" 6
 "b-count" 8
 "c-color-count" 20
 "c-express-count" 20
 "d-color-count" 22
 "d-express-count" 22
 "cell-count" 56
 105 2 3 183
 15 -1 2 355
 15 2 -3 51
 15 -3 -1 258
 15 4 0 206
 15 -3 -2 135
 105 1 4 291
 15 -2 2 93
 105 1 -4 290
 105 1 -3 128
 15 -2 -3 207
 105 -1 3 99
 15 -1 -3 267
 15 3 -1 13
 15 -3 -3 264
 15 3 0 126
 15 3 -2 116
 15 0 -3 304
 105 2 2 46
 15 -4 -1 65
 15 3 -3 160
 15 0 4 194
 15 -2 -2 68
 15 1 -2 203
 15 2 -2 266
 15 1 2 260
 15 3 1 246
 15 1 3 134
 55 1 0 184
 5 -4 0 318
 55 -1 -1 69
 5 -2 3 20
 55 1 1 90
 5 -1 4 340
 55 -3 1 74
 55 0 3 149
 55 0 1 64
 55 -1 1 58
 55 -1 0 98
 55 0 0 71
 55 2 0 261
 5 3 2 237
 5 -1 -4 349
 55 2 -1 238
 5 -4 1 112
 55 -2 -1 72
 55 -3 0 357
 55 -2 1 212
 5 -3 3 353
 55 2 1 68
 55 -1 -2 150
 55 1 -1 271
 5 -3 2 91
 55 0 -1 283
 55 0 -2 272
 55 0 2 217
 "contig-ratio-green-core" 1.0833333333333333
 "contig-ratio-red-core" 0.6842105263157895
 "a-count" 12
 "b-count" 7
 "c-color-count" 23
 "c-express-count" 21
 "d-color-count" 16
 "d-express-count" 16
 "cell-count" 56
 15 -1 -3 206
 15 -3 1 202
 105 3 2 319
 15 2 -1 61
 15 -3 -2 333
 105 0 -3 15
 105 4 -1 300
 105 -1 4 113
 105 1 -4 213
 15 -2 -3 158
 105 3 1 36
 15 -2 2 16
 15 2 2 78
 105 0 4 33
 15 1 -2 108
 105 -4 1 124
 105 -3 3 75
 105 3 -2 104
 15 0 3 259
 15 1 -3 206
 15 0 -4 338
 15 -4 0 160
 105 3 3 32
 15 -3 -1 334
 15 2 0 78
 15 1 3 199
 15 -1 3 309
 105 1 4 252
 55 -2 -2 331
 55 2 1 275
 55 -1 1 313
 55 2 -3 308
 55 1 1 232
 55 -1 -4 150
 55 -2 0 125
 5 -4 -1 42
 55 -2 -1 67
 55 0 2 204
 55 1 -1 21
 55 0 -1 94
 55 -1 2 139
 55 1 2 343
 55 0 1 166
 55 1 0 289
 55 -3 0 56
 5 -2 3 185
 55 0 -2 180
 55 -1 -1 268
 55 -1 -2 170
 5 3 -3 66
 5 4 1 149
 55 -1 0 260
 55 -2 1 225
 55 0 0 12
 5 -3 -3 173
 55 4 0 221
 "contig-ratio-green-core" 1.0714285714285714
 "contig-ratio-red-core" 0.9285714285714286
