 "a-count" 0
 "b-count" 13
 "c-color-count" 15
 "c-express-count" 15
 "d-color-count" 28
 "d-express-count" 28
 "cell-count" 56
 15 -2 1 103
 15 -2 0 274
 15 -1 0 89
 15 2 2 100
 15 0 -1 296
 15 0 0 208
 15 1 2 110
 15 1 1 243
 15 1 -2 21
 15 0 3 218
 15 -1 4 327
 15 -3 2 41
 15 2 0 163
 15 1 4 306
 15 1 0 114
 15 -1 1 328
 15 0 1 23
 15 2 1 297
 15 -1 -2 122
 15 0 4 348
 15 1 -1 56
 15 0 2 233
 15 3 1 140
 15 -1 -3 84
 15 0 -2 126
 15 -4 2 125
 15 -1 -1 6
 15 1 3 192
 5 4 0 236
 55 1 -5 282
 5 3 2 105
 5 -1 -4 290
 5 -2 -3 190
 5 -3 3 90
 55 -3 1 177
 55 -2 2 282
 55 -2 -1 226
 5 4 1 96
 55 -3 -2 49
 55 3 -1 31
 5 -1 3 41
 5 4 -1 235
 55 -2 3 271
 55 1 -4 323
 55 -3 -1 291
 5 -4 1 288
 55 2 -2 21
 5 0 -3 64
 5 -4 0 56
 55 0 -4 148
 55 3 -2 102
 5 -4 -1 205
 55 -2 -2 346
 5 3 -3 69
 55 2 -1 300
 55 -3 0 258
 "contig-ratio-green-core" 0.5714285714285714
 "contig-ratio-red-core" 0.35
 "a-count" 0
 "b-count" 16
 "c-color-count" 12
 "c-express-count" 12
 "d-color-count" 28
 "d-express-count" 28
 "cell-count" 56
 15 -1 -2 93
 15 3 1 30
 15 0 -2 162
 15 -2 0 155
 15 0 -3 217
 15 -1 0 304
 15 -3 2 137
 15 -2 -2 34
 15 -3 -2 201
 15 0 2 87
 15 1 0 259
 15 2 1 79
 15 2 2 356
 15 0 0 201
 15 -3 0 289
 15 1 2 146
 15 1 1 147
 15 1 -2 127
 15 -3 -1 75
 15 0 -4 116
 15 0 -1 292
 15 1 -1 295
 15 2 0 283
 15 0 1 59
 15 2 -1 345
 15 -2 -1 121
 15 -1 4 137
 15 -1 -1 34
 55 -3 1 252
 5 3 -2 96
 5 -1 3 55
 5 -3 3 288
 5 1 -3 67
 55 2 3 110
 55 -1 1 284
 5 3 2 216
 55 0 4 42
 5 -1 -3 269
 5 2 -2 6
 5 2 -3 35
 5 3 -3 253
 5 1 -4 340
 5 -4 1 74
 55 3 -1 9
 55 -4 0 262
 55 1 3 277
 55 4 -1 269
 5 -4 -1 97
 55 1 4 310
 5 -2 3 278
 55 0 3 331
 5 -1 2 310
 55 -2 2 345
 5 4 0 307
 55 -2 1 54
 5 -2 -3 78
 "contig-ratio-green-core" 0.9
 "contig-ratio-red-core" 0.5
 "a-count" 0
 "b-count" 16
 "c-color-count" 12
 "c-express-count" 12
 "d-color-count" 28
 "d-express-count" 28
 "cell-count" 56
 15 -2 1 32
 15 -2 2 65
 15 0 2 5
 15 -2 0 60
 15 2 -1 223
 15 1 -1 163
 15 1 1 191
 15 -3 1 300
 15 4 -1 346
 15 0 -3 249
 15 0 -2 329
 15 1 2 64
 15 -1 2 7
 15 3 0 349
 15 -1 -1 32
 15 1 0 205
 15 0 -1 122
 15 3 1 34
 15 2 1 207
 15 3 -1 214
 15 1 -2 347
 15 -1 0 119
 15 0 0 24
 15 -2 -1 281
 15 4 0 138
 15 -1 1 193
 15 1 -3 302
 15 2 0 286
 5 -4 1 230
 5 -3 -2 161
 55 -2 3 181
 5 1 -4 281
 5 3 3 167
 5 3 2 202
 5 -1 -4 201
 55 2 -2 264
 5 -2 -3 329
 5 -3 2 359
 55 -3 3 294
 5 3 -3 140
 55 0 -4 344
 5 -3 0 122
 5 -1 -3 348
 55 -3 -1 93
 5 2 -3 359
 5 -1 4 70
 55 3 -2 193
 5 -3 -3 287
 5 -2 -2 68
 55 -4 -1 197
 55 1 3 199
 55 0 3 8
 55 -1 -2 340
 55 1 4 89
 5 2 2 156
 55 -1 3 338
 "contig-ratio-green-core" 0.8888888888888888
 "contig-ratio-red-core" 0.4
