 "a-count" 0
 "b-count" 15
 "c-color-count" 13
 "c-express-count" 13
 "d-color-count" 28
 "d-express-count" 28
 "cell-count" 56
 15 2 -2 298
 15 2 0 309
 15 -3 -2 81
 15 1 -2 275
 15 2 -1 182
 15 3 1 46
 15 -2 -1 214
 15 1 3 187
 15 0 0 329
 15 0 -1 341
 15 -2 1 189
 15 1 1 350
 15 1 2 28
 15 -1 2 134
 15 -2 0 168
 15 1 -1 240
 15 -3 -1 315
 15 -1 1 318
 15 0 3 293
 15 0 1 7
 15 -1 0 352
 15 -1 4 184
 15 0 2 336
 15 -1 3 10
 15 1 0 209
 15 2 2 74
 15 2 1 101
 15 -1 -1 64
 5 -2 -2 340
 55 4 -1 64
 55 0 -4 201
 5 1 4 49
 55 0 -3 99
 5 -3 0 305
 5 -4 -1 112
 5 -3 -3 152
 5 -4 0 301
 55 3 -1 165
 5 3 2 215
 5 0 4 323
 5 -2 2 71
 5 3 -3 151
 55 2 -3 27
 55 -3 1 236
 5 -1 -2 32
 55 1 -3 91
 55 -1 -3 236
 5 3 0 219
 55 -1 -4 72
 55 0 -2 10
 5 -4 1 318
 5 -2 3 173
 55 -3 2 105
 5 -2 -3 268
 55 -3 3 144
 55 1 -4 53
 "contig-ratio-green-core" 0.4
 "contig-ratio-red-core" 0.2777777777777778
 "a-count" 0
 "b-count" 18
 "c-color-count" 10
 "c-express-count" 10
 "d-color-count" 28
 "d-express-count" 28
 "cell-count" 56
 15 -2 0 317
 15 -1 2 261
 15 -3 1 87
 15 0 1 138
 15 -2 2 310
 15 0 0 130
 15 2 0 14
 15 -1 3 138
 15 4 -1 243
 15 4 0 38
 15 -2 1 11
 15 0 2 274
 15 -1 -2 275
 15 -1 -4 137
 15 0 -1 328
 15 1 1 297
 15 0 -3 8
 15 1 0 233
 15 -2 -1 220
 15 1 -2 187
 15 -3 2 295
 15 3 0 150
 15 -1 0 171
 15 -1 -1 79
 15 0 -2 188
 15 -1 -3 132
 15 -1 1 255
 15 1 -1 191
 55 -3 -1 345
 5 -4 1 351
 5 -2 -3 208
 5 2 -2 218
 55 2 -3 134
 5 -3 0 118
 5 3 -1 291
 55 -2 -2 123
 55 1 -3 333
 5 3 1 209
 5 2 1 269
 55 -1 4 241
 5 -3 3 31
 5 2 -1 166
 5 4 1 115
 5 -3 -3 128
 5 0 -4 267
 5 -4 0 219
 55 1 2 142
 55 2 2 238
 55 -3 -2 143
 55 -2 4 228
 55 3 -3 67
 5 1 -4 155
 5 0 3 39
 5 2 3 180
 5 -2 3 76
 5 0 4 159
 "contig-ratio-green-core" 0.75
 "contig-ratio-red-core" 0.3125
 "a-count" 0
 "b-count" 18
 "c-color-count" 10
 "c-express-count" 10
 "d-color-count" 28
 "d-express-count" 28
 "cell-count" 56
 15 -2 0 72
 15 -2 1 30
 15 -2 2 156
 15 -1 -3 216
 15 -1 -2 142
 15 0 1 256
 15 -2 -1 195
 15 1 -1 291
 15 1 1 328
 15 1 2 329
 15 1 0 42
 15 0 -1 277
 15 -3 0 301
 15 0 -3 257
 15 -3 -1 88
 15 -1 0 152
 15 -1 -1 327
 15 -1 1 233
 15 3 2 146
 15 -1 2 4
 15 2 1 10
 15 1 3 241
 15 0 2 351
 15 2 2 249
 15 -2 -2 42
 15 0 -2 282
 15 0 0 83
 15 0 3 275
 55 -2 4 325
 55 3 0 325
 5 1 4 18
 5 -3 -3 114
 55 2 0 306
 5 -3 2 295
 5 -4 0 152
 5 -1 -4 113
 55 3 -1 227
 5 0 -4 132
 5 0 4 165
 55 3 -2 356
 5 -3 -2 306
 55 -2 3 173
 5 4 -1 40
 55 -2 -3 238
 55 2 -1 347
 5 4 0 336
 5 1 -4 82
 5 1 -2 323
 55 3 3 269
 5 1 -3 259
 5 2 -3 22
 5 -1 3 284
 55 -1 4 318
 5 2 3 223
 5 2 -2 355
 5 -4 1 132
 "contig-ratio-green-core" 0.7777777777777778
 "contig-ratio-red-core" 0.3125
 "a-count" 0
 "b-count" 15
 "c-color-count" 13
 "c-express-count" 13
 "d-color-count" 28
 "d-express-count" 28
 "cell-count" 56
 15 -4 -1 213
 15 2 1 183
 15 -2 -1 268
 15 1 2 171
 15 3 1 104
 15 -3 0 198
 15 3 0 282
 15 2 0 1
 15 -4 1 180
 15 1 1 104
 15 2 -3 284
 15 0 1 40
 15 -4 0 138
 15 1 0 346
 15 0 3 249
 15 -1 -2 169
 15 2 -1 187
 15 0 2 303
 15 2 3 227
 15 -3 -1 181
 15 -2 -2 252
 15 -3 1 24
 15 1 3 355
 15 2 -2 238
 15 -2 0 124
 15 2 2 217
 15 -4 2 307
 15 1 -1 223
 5 0 -3 300
 5 3 -3 257
 5 4 1 326
 5 -1 4 165
 55 0 0 18
 55 -1 -4 195
 55 0 -4 51
 55 1 -3 232
 5 0 4 241
 55 -1 0 167
 55 3 3 278
 55 -2 1 29
 5 -3 2 328
 5 3 -2 341
 5 -1 3 5
 5 4 0 218
 55 -2 2 7
 5 1 4 269
 55 0 -2 53
 5 3 -1 238
 55 3 2 264
 5 -1 -1 67
 5 -2 3 270
 55 0 -1 277
 55 1 -4 113
 5 -3 3 329
 55 -1 1 343
 5 -1 2 227
 "contig-ratio-green-core" 0.8181818181818182
 "contig-ratio-red-core" 0.4090909090909091
