 "a-count" 0
 "b-count" 17
 "c-color-count" 11
 "c-express-count" 11
 "d-color-count" 28
 "d-express-count" 28
 "cell-count" 56
 15 -1 -2 300
 15 0 -2 342
 15 4 0 281
 15 3 -1 349
 15 -1 0 140
 15 4 -1 152
 15 0 3 228
 15 1 0 155
 15 0 -1 30
 15 1 -2 240
 15 1 -3 135
 15 1 2 63
 15 0 1 243
 15 -1 3 319
 15 2 -1 114
 15 4 2 252
 15 1 -1 345
 15 -1 1 91
 15 0 2 176
 15 2 0 312
 15 -1 2 205
 15 1 1 202
 15 4 1 162
 15 3 0 1
 15 0 -3 287
 15 0 0 131
 15 -1 -1 176
 15 -1 -3 62
 5 -2 -1 177
 5 3 2 81
 5 1 3 208
 55 -3 -1 1
 5 0 4 237
 55 -3 0 333
 5 2 -3 67
 5 1 4 206
 5 -4 0 94
 55 2 3 283
 5 -1 -4 89
 5 -3 2 64
 5 -3 1 257
 55 -2 0 342
 55 -2 2 251
 55 -2 3 312
 55 2 2 144
 5 -3 -3 77
 5 -4 -1 144
 55 3 -2 6
 55 -3 -2 205
 5 3 -3 87
 55 -2 1 219
 5 -2 -3 4
 5 -1 4 87
 5 -2 -2 103
 5 0 -4 92
 55 2 1 336
 "contig-ratio-green-core" 0.8888888888888888
 "contig-ratio-red-core" 0.35
 "a-count" 0
 "b-count" 18
 "c-color-count" 10
 "c-express-count" 10
 "d-color-count" 28
 "d-express-count" 28
 "cell-count" 56
 15 -1 3 344
 15 2 -1 308
 15 2 0 291
 15 1 -1 112
 15 -1 2 219
 15 0 -1 121
 15 -2 -1 185
 15 1 1 9
 15 0 3 315
 15 1 3 112
 15 -2 0 125
 15 -1 0 194
 15 0 4 228
 15 -2 2 274
 15 3 -1 216
 15 -4 1 164
 15 4 -1 112
 15 1 2 356
 15 -1 -1 212
 15 -2 1 90
 15 0 1 190
 15 0 0 65
 15 1 0 111
 15 -1 1 184
 15 1 -3 97
 15 -3 1 7
 15 1 -2 45
 15 0 2 83
 5 -3 -1 65
 55 -1 -4 225
 55 -2 -3 42
 5 4 1 77
 5 0 -2 50
 55 2 2 278
 55 -2 3 260
 5 3 -2 217
 5 -3 2 255
 5 2 -2 150
 5 1 4 229
 55 3 2 227
 55 3 3 209
 5 2 1 319
 55 -2 -4 59
 5 -3 0 174
 5 2 -3 267
 55 -3 -3 220
 5 -1 4 181
 5 -4 0 328
 5 -1 -2 290
 5 -1 -3 193
 5 -3 -2 326
 5 2 3 116
 5 3 0 5
 55 -2 4 18
 5 -3 3 52
 55 -2 -2 77
 "contig-ratio-green-core" 0.4444444444444444
 "contig-ratio-red-core" 0.2
 "a-count" 0
 "b-count" 21
 "c-color-count" 7
 "c-express-count" 7
 "d-color-count" 28
 "d-express-count" 28
 "cell-count" 56
 15 1 -1 19
 15 -2 -1 174
 15 0 3 158
 15 2 -1 139
 15 -2 1 203
 15 2 2 99
 15 -1 3 290
 15 -1 -2 161
 15 -1 2 247
 15 0 0 230
 15 0 -1 174
 15 -1 0 5
 15 -2 0 247
 15 -4 0 298
 15 -1 -1 161
 15 2 0 196
 15 -3 -1 240
 15 1 0 236
 15 2 1 190
 15 0 1 188
 15 -3 0 96
 15 -1 1 291
 15 1 1 215
 15 0 2 153
 15 3 1 168
 15 -4 -1 169
 15 1 2 69
 15 2 -2 327
 5 -3 1 205
 5 -3 2 30
 5 1 4 282
 5 0 -2 31
 5 0 -3 56
 5 0 4 24
 5 1 -3 311
 5 3 0 335
 55 2 3 305
 55 0 -4 298
 5 2 -3 204
 5 -4 1 197
 5 -3 3 166
 5 -3 -2 211
 55 -1 -4 65
 5 -1 -3 229
 5 -2 -2 18
 5 3 -1 144
 55 -2 2 117
 5 3 2 353
 5 -2 3 350
 55 1 -4 159
 5 1 -2 146
 55 4 -1 231
 5 4 1 161
 5 -2 -3 171
 55 4 0 287
 5 3 -2 11
 "contig-ratio-green-core" 0.3333333333333333
 "contig-ratio-red-core" 0.1111111111111111
 "a-count" 0
 "b-count" 13
 "c-color-count" 15
 "c-express-count" 15
 "d-color-count" 28
 "d-express-count" 28
 "cell-count" 56
 15 -1 3 348
 15 -4 0 245
 15 1 3 25
 15 2 3 249
 15 -4 1 272
 15 -1 -2 334
 15 2 1 189
 15 1 -2 110
 15 -1 -1 221
 15 0 -1 100
 15 4 1 247
 15 0 -2 168
 15 2 -1 110
 15 -3 0 126
 15 0 -3 203
 15 3 1 315
 15 1 2 269
 15 0 -4 204
 15 -2 1 154
 15 2 0 283
 15 0 3 249
 15 2 2 279
 15 -1 2 211
 15 1 -1 337
 15 -1 -3 325
 15 -3 1 171
 15 -2 0 219
 15 0 2 327
 55 -1 0 0
 5 4 -1 135
 5 -2 -2 168
 55 -1 1 237
 5 2 -2 204
 5 -4 2 227
 55 -2 4 64
 55 2 4 91
 55 -2 2 23
 55 3 -2 258
 5 1 0 189
 5 -3 2 313
 55 -3 -2 169
 55 3 2 191
 5 -3 3 195
 55 1 4 314
 55 1 1 115
 5 -2 -1 212
 55 3 3 118
 5 0 4 130
 5 3 0 224
 5 -1 4 254
 55 0 1 336
 55 -4 -2 35
 5 2 -3 241
 5 0 0 80
 55 3 -1 299
 55 -2 3 102
 "contig-ratio-green-core" 0.9230769230769231
 "contig-ratio-red-core" 0.44
