 "a-count" 0
 "b-count" 15
 "c-color-count" 13
 "c-express-count" 13
 "d-color-count" 28
 "d-express-count" 28
 "cell-count" 56
 15 -3 -1 251
 15 -1 0 171
 15 -3 0 146
 15 2 1 70
 15 -1 0 199
 15 2 2 133
 15 -1 2 222
 15 1 2 260
 15 0 -1 94
 15 2 0 259
 15 0 2 86
 15 4 1 35
 15 1 0 289
 15 -2 1 331
 15 0 0 292
 15 0 -2 318
 15 0 1 186
 15 1 1 347
 15 -1 1 352
 15 -1 -4 314
 15 -1 1 217
 15 1 -3 37
 15 0 2 31
 15 0 -3 54
 15 -2 0 323
 15 1 -2 91
 15 3 1 319
 15 3 -3 226
 5 -2 2 355
 5 3 -2 289
 5 -1 -2 294
 55 -1 -3 52
 5 2 3 293
 55 -3 4 3
 5 3 0 79
 55 2 -3 107
 55 3 4 303
 55 -3 -3 230
 5 1 3 312
 5 2 -1 45
 55 2 -2 170
 5 3 -1 177
 55 3 3 253
 5 1 -4 208
 55 -2 4 352
 5 -1 3 292
 55 0 -4 353
 5 -3 1 318
 55 -3 3 90
 5 -1 -1 348
 5 4 0 192
 55 2 4 237
 5 -2 -2 309
 55 -2 -3 302
 55 1 -1 298
 5 0 3 113
 "contig-ratio-green-core" 0.5384615384615384
 "contig-ratio-red-core" 0.2777777777777778
 "a-count" 0
 "b-count" 16
 "c-color-count" 12
 "c-express-count" 12
 "d-color-count" 28
 "d-express-count" 28
 "cell-count" 56
 15 -1 -1 284
 15 0 0 72
 15 -3 1 138
 15 3 2 102
 15 -2 0 303
 15 -1 0 31
 15 0 -1 213
 15 -2 -1 138
 15 -2 2 94
 15 -1 -2 352
 15 2 1 259
 15 1 -2 52
 15 2 2 52
 15 4 -3 343
 15 0 3 284
 15 -1 3 74
 15 0 2 298
 15 0 1 119
 15 -1 1 78
 15 3 1 290
 15 1 2 192
 15 1 -1 106
 15 -2 1 342
 15 1 3 269
 15 1 0 260
 15 1 1 38
 15 -1 2 248
 15 0 -2 249
 55 -2 -4 59
 5 -3 -2 71
 5 0 -3 293
 5 -3 2 315
 55 -1 4 117
 5 3 3 297
 5 1 -4 38
 5 2 3 207
 5 1 -3 108
 5 -3 0 56
 55 0 4 229
 5 -3 -3 201
 5 2 0 79
 5 3 0 306
 5 2 -1 199
 55 4 2 7
 55 4 1 145
 5 -2 -3 214
 55 -1 -4 301
 55 4 0 22
 55 3 -2 282
 55 3 -1 160
 5 -1 -3 148
 55 2 -2 126
 5 -4 0 300
 5 3 -3 303
 55 0 -4 204
 55 2 -3 250
 "contig-ratio-green-core" 0.36363636363636365
 "contig-ratio-red-core" 0.3125
 "a-count" 0
 "b-count" 19
 "c-color-count" 9
 "c-express-count" 9
 "d-color-count" 28
 "d-express-count" 28
 "cell-count" 56
 15 -2 -1 186
 15 1 -3 91
 15 -1 1 40
 15 -2 2 348
 15 3 1 336
 15 -2 0 327
 15 0 -3 150
 15 0 3 336
 15 1 -1 94
 15 -1 0 293
 15 0 1 214
 15 0 2 182
 15 -1 -3 299
 15 2 0 308
 15 0 -1 303
 15 -1 -1 39
 15 2 -1 221
 15 3 0 205
 15 2 1 268
 15 1 1 344
 15 1 -2 109
 15 -2 1 172
 15 0 -2 257
 15 1 0 58
 15 0 0 189
 15 1 2 355
 15 -1 2 103
 15 -1 -2 269
 5 -3 2 336
 55 4 -1 273
 5 2 -3 224
 5 -3 -1 93
 5 -3 -3 72
 5 2 -2 309
 5 1 4 252
 5 1 -4 91
 5 -4 1 123
 55 -4 0 98
 55 3 2 53
 5 1 3 70
 5 -3 3 268
 5 -3 -2 77
 55 -4 -3 210
 55 4 -2 310
 5 -2 -3 332
 5 3 -1 128
 5 3 3 255
 5 3 -3 319
 5 -3 1 43
 5 -2 -2 207
 5 -1 3 141
 55 2 2 322
 55 2 3 220
 55 -4 -2 70
 5 0 4 206
 55 -4 -1 129
 "contig-ratio-green-core" 0.375
 "contig-ratio-red-core" 0.125
