 "a-count" 0
 "b-count" 18
 "c-color-count" 10
 "c-express-count" 10
 "d-color-count" 28
 "d-express-count" 28
 "cell-count" 56
 15 0 1 183
 15 2 1 81
 15 -2 3 162
 15 0 0 216
 15 -1 0 129
 15 -1 -1 29
 15 1 -1 17
 15 1 1 17
 15 -2 0 26
 15 0 2 159
 15 -1 2 187
 15 3 2 261
 15 -3 0 328
 15 -2 -3 118
 15 -1 1 171
 15 2 0 210
 15 -1 3 260
 15 -3 3 0
 15 -1 -2 23
 15 -2 -2 61
 15 3 1 138
 15 2 -1 142
 15 -2 4 18
 15 2 -2 46
 15 1 0 305
 15 -2 -1 11
 15 -1 -3 16
 15 0 -1 78
 5 1 -4 74
 55 2 2 260
 55 -3 1 274
 5 1 2 199
 55 4 1 325
 55 1 -3 335
 5 0 -2 251
 55 4 0 27
 5 1 -2 31
 5 -4 -1 273
 55 2 3 328
 5 -3 -3 54
 5 3 -3 53
 5 0 -4 141
 5 -1 -4 327
 5 -3 2 300
 5 0 4 352
 5 -2 2 76
 55 2 -3 312
 55 3 0 156
 5 3 -2 115
 5 0 3 92
 55 4 -1 69
 5 -4 1 221
 5 -3 -1 287
 55 0 -3 241
 5 3 -1 339
 5 3 3 190
 "contig-ratio-green-core" 0.75
 "contig-ratio-red-core" 0.2608695652173913
 "a-count" 0
 "b-count" 17
 "c-color-count" 11
 "c-express-count" 11
 "d-color-count" 28
 "d-express-count" 28
 "cell-count" 56
 15 -1 1 350
 15 1 1 126
 15 2 0 112
 15 -2 0 113
 15 -4 -1 261
 15 0 2 323
 15 2 -2 42
 15 0 1 68
 15 -2 1 48
 15 -3 -1 155
 15 -1 2 70
 15 4 1 31
 15 0 -1 212
 15 1 0 350
 15 -3 0 250
 15 2 -1 358
 15 3 0 132
 15 1 -1 269
 15 -1 -1 305
 15 1 -2 58
 15 4 0 304
 15 -1 0 257
 15 3 -2 20
 15 -2 -1 238
 15 0 0 54
 15 2 1 176
 15 0 -2 35
 15 3 1 308
 5 -1 4 91
 5 1 -4 300
 5 -4 1 248
 55 2 3 80
 5 -3 -2 318
 55 -3 1 254
 55 2 2 219
 55 -2 -3 288
 5 -3 -3 210
 5 3 3 225
 55 3 2 28
 5 2 -3 142
 55 0 3 50
 55 -3 2 48
 5 -2 2 351
 5 -3 3 120
 5 -4 0 23
 55 -1 -2 197
 55 -1 3 72
 5 0 4 338
 5 3 -3 229
 5 0 -4 39
 5 -2 -2 300
 55 1 3 90
 5 1 2 299
 5 1 -3 7
 55 -1 -3 253
 5 -2 3 129
 "contig-ratio-green-core" 0.7272727272727273
 "contig-ratio-red-core" 0.3157894736842105
 "a-count" 0
 "b-count" 15
 "c-color-count" 13
 "c-express-count" 13
 "d-color-count" 28
 "d-express-count" 28
 "cell-count" 56
 15 2 -1 167
 15 1 -1 186
 15 2 1 290
 15 -4 -2 329
 15 1 0 4
 15 4 0 199
 15 -2 -3 353
 15 0 0 112
 15 2 2 159
 15 0 -1 290
 15 0 1 169
 15 1 -2 106
 15 -2 -2 262
 15 -2 0 297
 15 -2 1 242
 15 -2 -1 230
 15 3 -1 300
 15 -1 -1 125
 15 -3 -2 154
 15 -1 1 94
 15 1 2 275
 15 1 3 77
 15 2 3 35
 15 3 0 346
 15 2 0 189
 15 1 1 139
 15 -1 0 332
 15 3 1 292
 5 3 2 186
 55 0 4 324
 5 -4 0 228
 5 1 4 256
 5 -3 1 214
 55 3 3 119
 5 2 -2 244
 5 -1 -2 168
 55 -2 2 231
 5 -1 -3 0
 5 -1 -4 103
 55 -1 4 229
 5 2 -3 93
 5 3 -3 27
 5 0 -2 318
 55 0 -4 44
 5 1 -3 128
 5 4 1 222
 5 3 -2 304
 55 0 3 147
 55 -1 3 188
 55 4 -1 247
 55 0 -3 34
 55 -1 2 139
 55 -2 3 335
 55 0 2 90
 5 -3 2 79
 55 -2 4 231
 "contig-ratio-green-core" 0.6
 "contig-ratio-red-core" 0.3157894736842105
 "a-count" 0
 "b-count" 18
 "c-color-count" 10
 "c-express-count" 10
 "d-color-count" 28
 "d-express-count" 28
 "cell-count" 56
 15 -2 4 208
 15 2 2 284
 15 1 1 21
 15 -3 -2 350
 15 1 -2 21
 15 2 3 146
 15 -4 -1 17
 15 -1 3 317
 15 1 4 242
 15 1 2 208
 15 1 0 30
 15 2 1 98
 15 -3 3 66
 15 0 0 139
 15 0 3 33
 15 1 -1 353
 15 0 1 149
 15 -1 1 4
 15 3 2 278
 15 0 2 342
 15 -1 4 106
 15 -3 -3 126
 15 0 4 176
 15 1 3 137
 15 -2 2 29
 15 -2 3 248
 15 -3 -1 26
 15 -1 2 20
 5 -2 -2 187
 5 3 -3 323
 5 -2 4 168
 5 -3 2 39
 55 -1 -2 59
 5 -2 -3 55
 55 1 -3 326
 55 -1 -1 195
 5 -3 1 27
 5 3 -1 228
 5 -1 -3 78
 55 -2 -1 81
 55 0 -3 338
 5 0 -1 163
 5 4 -1 289
 55 0 -2 98
 55 -1 0 117
 5 -1 -4 231
 55 -4 -2 302
 5 1 -4 334
 5 3 1 247
 55 2 -3 69
 5 2 -2 260
 55 -2 0 149
 5 2 -1 251
 5 3 0 6
 5 3 3 64
 5 -2 1 340
 "contig-ratio-green-core" 0.5714285714285714
 "contig-ratio-red-core" 0.29411764705882354
