 "a-count" 0
 "b-count" 16
 "c-color-count" 12
 "c-express-count" 12
 "d-color-count" 28
 "d-express-count" 28
 "cell-count" 56
 15 3 0 81
 15 -2 -3 187
 15 1 0 35
 15 0 2 81
 15 3 2 251
 15 3 3 355
 15 -2 1 204
 15 -2 -2 324
 15 -1 -1 242
 15 -2 2 141
 15 1 -1 214
 15 -2 -1 37
 15 1 2 285
 15 1 -2 259
 15 2 0 226
 15 2 2 239
 15 0 1 74
 15 0 -1 179
 15 -2 0 258
 15 2 1 51
 15 1 1 35
 15 -2 -4 34
 15 -1 3 7
 15 0 0 263
 15 2 -1 208
 15 -1 0 109
 15 -1 1 282
 15 3 1 14
 55 -3 1 309
 5 -1 -3 132
 5 1 -3 37
 5 1 4 229
 5 -1 2 191
 55 3 -1 200
 5 0 4 349
 55 -4 1 258
 55 3 -2 280
 55 -3 0 138
 55 -1 -2 151
 55 -4 -1 254
 55 -3 -1 196
 5 0 3 233
 5 4 -2 22
 5 4 -1 217
 5 2 3 222
 55 3 -3 197
 55 4 1 317
 5 1 3 130
 5 -3 -3 67
 5 2 -3 270
 5 0 -3 149
 5 -2 3 317
 55 -4 0 241
 5 -1 4 60
 55 4 0 345
 5 -3 3 347
 "contig-ratio-green-core" 0.7272727272727273
 "contig-ratio-red-core" 0.4117647058823529
 "a-count" 0
 "b-count" 15
 "c-color-count" 13
 "c-express-count" 13
 "d-color-count" 28
 "d-express-count" 28
 "cell-count" 56
 15 2 -1 316
 15 -3 -1 192
 15 -1 1 106
 15 1 -1 159
 15 2 1 320
 15 0 -2 137
 15 -1 0 235
 15 0 1 135
 15 1 -3 280
 15 -4 0 66
 15 1 1 8
 15 -3 1 264
 15 3 2 332
 15 1 -2 105
 15 -2 3 144
 15 1 0 144
 15 -2 1 109
 15 -2 -1 189
 15 -3 0 34
 15 -1 -2 223
 15 -2 -2 352
 15 0 0 135
 15 0 -3 304
 15 2 0 340
 15 0 -1 112
 15 -1 -1 210
 15 -2 0 90
 15 -2 2 89
 55 0 3 270
 5 -1 -3 165
 5 -1 4 212
 55 -3 2 98
 55 2 -2 335
 55 3 0 352
 55 1 -4 164
 5 2 2 87
 5 2 3 156
 5 3 3 213
 55 1 4 65
 55 0 2 122
 5 -1 2 104
 55 3 1 90
 5 -2 -3 296
 55 0 4 204
 5 -4 1 87
 5 3 -3 202
 5 3 -2 186
 55 2 -3 104
 5 -3 -3 213
 5 4 -1 88
 55 0 -4 316
 5 1 2 288
 5 3 -1 133
 55 -1 -4 97
 5 4 1 181
 55 1 3 134
 "contig-ratio-green-core" 0.6666666666666666
 "contig-ratio-red-core" 0.5333333333333333
 "a-count" 0
 "b-count" 18
 "c-color-count" 10
 "c-express-count" 10
 "d-color-count" 28
 "d-express-count" 28
 "cell-count" 56
 15 -2 3 146
 15 -1 -4 268
 15 3 0 184
 15 -3 3 291
 15 0 -4 100
 15 1 -2 2
 15 1 -3 69
 15 0 3 32
 15 -1 -3 103
 15 1 0 255
 15 1 -4 177
 15 2 -1 34
 15 -2 -2 280
 15 5 -1 52
 15 4 -1 168
 15 -1 3 162
 15 2 0 122
 15 2 -2 303
 15 0 4 78
 15 3 -1 354
 15 1 3 76
 15 0 -2 265
 15 2 -3 144
 15 0 -3 174
 15 1 -1 88
 15 -1 4 219
 15 1 1 330
 15 1 2 356
 55 -1 2 252
 5 -3 1 165
 5 -3 2 170
 5 -3 0 292
 55 0 2 274
 5 0 1 287
 5 0 0 273
 55 4 1 155
 5 -2 4 299
 55 -1 1 30
 5 3 -3 169
 5 -1 -1 282
 55 -2 0 252
 5 0 -1 343
 55 -2 1 185
 5 -4 0 341
 55 -2 -1 29
 55 4 -2 65
 55 4 0 95
 5 2 -3 101
 5 2 -4 291
 5 3 1 87
 5 2 1 63
 5 -1 -2 320
 55 2 2 261
 5 3 -2 48
 5 -1 0 58
 5 3 2 312
 "contig-ratio-green-core" 0.75
 "contig-ratio-red-core" 0.15789473684210525
 "a-count" 0
 "b-count" 14
 "c-color-count" 14
 "c-express-count" 14
 "d-color-count" 28
 "d-express-count" 28
 "cell-count" 56
 15 2 1 88
 15 1 -1 114
 15 -1 0 188
 15 -2 2 75
 15 2 2 220
 15 -1 -3 212
 15 -1 2 73
 15 -3 2 185
 15 3 2 204
 15 2 0 239
 15 1 3 318
 15 -1 1 187
 15 -1 -1 211
 15 0 3 255
 15 0 1 331
 15 0 -2 17
 15 0 -1 239
 15 3 1 328
 15 2 -2 229
 15 1 0 42
 15 0 0 207
 15 1 1 328
 15 -1 -2 220
 15 1 2 187
 15 1 -2 21
 15 2 -1 231
 15 0 -3 319
 15 0 2 160
 55 2 -3 119
 5 -2 -2 147
 5 -3 -2 308
 55 1 -3 33
 55 -4 -1 315
 55 -3 0 184
 55 3 -3 37
 5 3 0 23
 5 4 -1 181
 55 1 4 49
 55 1 -4 91
 5 -1 -4 282
 5 4 0 190
 5 3 3 86
 5 -3 3 234
 55 -4 1 39
 55 -3 1 163
 55 -4 0 355
 5 -2 -1 66
 5 -2 0 273
 5 -1 4 107
 5 -2 1 255
 55 -3 -1 231
 5 -3 -3 300
 55 0 4 147
 55 0 -4 261
 55 3 -2 218
 5 -2 3 260
 "contig-ratio-green-core" 0.5555555555555556
 "contig-ratio-red-core" 0.4117647058823529
