 "a-count" 0
 "b-count" 16
 "c-color-count" 12
 "c-express-count" 12
 "d-color-count" 28
 "d-express-count" 28
 "cell-count" 56
 15 0 5 124
 15 -2 1 56
 15 1 -1 241
 15 3 1 248
 15 -1 0 127
 15 0 -1 102
 15 -3 1 148
 15 3 0 264
 15 -4 1 54
 15 2 0 124
 15 4 1 238
 15 0 0 355
 15 0 1 314
 15 2 2 183
 15 2 -1 101
 15 3 2 26
 15 1 1 229
 15 3 -1 4
 15 -1 2 201
 15 3 -2 176
 15 -1 -1 242
 15 -2 2 327
 15 2 1 165
 15 0 4 283
 15 2 -2 10
 15 -1 1 173
 15 1 0 343
 15 -3 2 141
 55 -1 3 336
 5 3 3 329
 5 -1 -2 150
 55 -3 -1 68
 5 1 4 240
 5 2 3 141
 5 -2 -2 304
 55 0 3 183
 5 -2 -1 202
 5 -2 3 75
 55 -3 -2 151
 55 -3 -3 103
 5 1 -2 250
 5 -1 4 16
 55 -4 -1 145
 5 2 4 84
 5 -3 0 235
 55 0 2 195
 5 4 0 88
 55 4 2 0
 55 1 2 88
 5 -4 0 160
 55 1 -3 82
 5 0 -2 49
 55 1 3 254
 5 -1 -3 163
 5 0 -3 322
 55 2 -3 138
 "contig-ratio-green-core" 0.6666666666666666
 "contig-ratio-red-core" 0.2857142857142857
 "a-count" 0
 "b-count" 17
 "c-color-count" 11
 "c-express-count" 11
 "d-color-count" 28
 "d-express-count" 28
 "cell-count" 56
 15 -1 -1 244
 15 0 -2 206
 15 0 -1 34
 15 1 -2 8
 15 0 2 236
 15 2 -1 257
 15 -2 3 337
 15 -2 0 236
 15 3 1 353
 15 -1 3 102
 15 -1 0 137
 15 -1 -2 153
 15 2 1 136
 15 1 1 157
 15 1 0 274
 15 0 1 22
 15 3 0 192
 15 2 0 353
 15 3 -1 44
 15 -2 -2 249
 15 2 -3 156
 15 -3 0 28
 15 2 -2 5
 15 1 2 36
 15 0 0 157
 15 -2 -1 350
 15 -3 3 25
 15 1 -1 8
 5 -3 -3 295
 5 -3 2 266
 5 -4 1 105
 5 0 3 206
 5 4 0 131
 5 1 4 7
 5 3 -2 356
 55 -1 -3 359
 55 0 -3 51
 5 1 -4 62
 5 0 4 347
 55 3 3 28
 5 -3 1 320
 5 -3 -2 129
 5 -1 1 285
 5 1 3 350
 5 3 2 74
 55 1 -3 223
 55 -4 -1 354
 55 -2 1 243
 55 -2 2 56
 55 -2 -3 0
 5 4 1 163
 55 2 3 250
 5 -1 4 234
 55 2 2 323
 5 -1 -4 94
 55 -4 0 55
 "contig-ratio-green-core" 0.875
 "contig-ratio-red-core" 0.3684210526315789
