 "a-count" 0
 "b-count" 0
 "c-color-count" 28
 "c-express-count" 28
 "d-color-count" 28
 "d-express-count" 28
 "cell-count" 56
 15 -1 -3 290
 15 -4 2 251
 15 1 0 78
 15 2 -1 104
 15 -1 0 45
 15 0 0 244
 15 -4 -2 127
 15 3 0 123
 15 2 1 54
 15 -2 0 187
 15 -2 -2 119
 15 2 2 358
 15 1 -1 268
 15 -2 -1 246
 15 3 1 246
 15 -4 0 4
 15 1 -4 278
 15 -1 -2 209
 15 3 -1 297
 15 2 -4 276
 15 0 -1 77
 15 -3 -1 299
 15 2 0 195
 15 -3 0 51
 15 4 1 132
 15 -3 2 322
 15 -1 -1 67
 15 0 -3 15
 55 -1 1 297
 55 0 4 350
 55 4 -1 320
 55 2 -2 130
 55 1 3 148
 55 -2 3 76
 55 3 -2 207
 55 3 -3 256
 55 4 0 208
 55 -1 -4 88
 55 -1 2 54
 55 0 3 285
 55 1 2 92
 55 -2 -3 200
 55 -3 -3 317
 55 -1 3 258
 55 -3 -2 307
 55 -4 -1 286
 55 1 -2 120
 55 0 2 244
 55 4 -2 276
 55 1 1 347
 55 0 -4 124
 55 1 -3 339
 55 0 1 133
 55 -2 2 268
 55 -2 1 158
 55 2 -3 56
 "contig-ratio-green-core" 0.8260869565217391
 "contig-ratio-red-core" 0.75
 "a-count" 0
 "b-count" 0
 "c-color-count" 28
 "c-express-count" 28
 "d-color-count" 28
 "d-express-count" 28
 "cell-count" 56
 15 -1 3 69
 15 -3 1 230
 15 3 -1 285
 15 1 4 41
 15 0 2 186
 15 1 -2 142
 15 -1 0 194
 15 -3 2 317
 15 -1 1 220
 15 -2 3 93
 15 1 -4 249
 15 4 1 83
 15 4 0 337
 15 0 -4 254
 15 3 -2 87
 15 -1 2 162
 15 4 -1 161
 15 -2 2 330
 15 -2 1 15
 15 2 -2 81
 15 -1 1 18
 15 -1 -4 123
 15 0 3 53
 15 1 -3 252
 15 -2 0 341
 15 -1 1 117
 15 -3 0 225
 15 -4 2 305
 55 -2 -1 327
 55 -2 -4 138
 55 -2 -2 153
 55 -3 -1 189
 55 0 0 303
 55 1 2 342
 55 -3 3 353
 55 0 -2 243
 55 0 -1 42
 55 1 3 131
 55 2 1 142
 55 3 1 193
 55 0 1 229
 55 0 1 0
 55 0 -3 175
 55 -1 4 71
 55 -1 -2 99
 55 1 0 40
 55 2 0 338
 55 3 0 269
 55 -1 -3 129
 55 0 4 251
 55 2 3 65
 55 1 0 217
 55 3 -3 221
 55 -2 -3 230
 55 2 2 168
 55 1 1 136
 "contig-ratio-green-core" 0.7391304347826086
 "contig-ratio-red-core" 0.8
 "a-count" 0
 "b-count" 0
 "c-color-count" 28
 "c-express-count" 28
 "d-color-count" 28
 "d-express-count" 28
 "cell-count" 56
 15 2 2 148
 15 -4 0 75
 15 3 0 322
 15 -1 4 32
 15 -3 1 44
 15 -2 1 224
 15 2 -4 166
 15 2 0 265
 15 0 4 233
 15 0 3 294
 15 -3 -2 33
 15 -1 -4 300
 15 4 1 107
 15 -4 2 237
 15 -3 0 149
 15 2 1 292
 15 -2 4 180
 15 1 1 255
 15 -3 -1 163
 15 -2 3 43
 15 0 -4 336
 15 1 -4 289
 15 3 1 143
 15 -1 2 10
 15 0 2 241
 15 -3 2 336
 15 1 2 217
 15 -2 2 357
 55 -1 -3 249
 55 -2 0 57
 55 -1 -1 83
 55 0 -2 202
 55 -1 0 306
 55 2 3 24
 55 3 -2 193
 55 1 -2 53
 55 -2 -1 167
 55 1 -3 317
 55 2 4 182
 55 2 -2 34
 55 -3 3 84
 55 0 -3 57
 55 0 1 166
 55 -3 -3 10
 55 0 -1 157
 55 2 -1 256
 55 1 -1 90
 55 3 -1 215
 55 4 0 330
 55 2 -3 313
 55 -1 1 323
 55 -1 -2 306
 55 1 0 190
 55 4 -1 195
 55 -2 -3 322
 55 0 0 0
 "contig-ratio-green-core" 0.8333333333333334
 "contig-ratio-red-core" 0.631578947368421
