 "a-count" 0
 "b-count" 0
 "c-color-count" 28
 "c-express-count" 28
 "d-color-count" 28
 "d-express-count" 28
 "cell-count" 56
 15 -4 -1 351
 15 -1 3 17
 15 -5 -1 327
 15 1 3 357
 15 -3 2 343
 15 2 -3 272
 15 -2 -3 108
 15 1 -3 59
 15 3 0 156
 15 4 1 56
 15 -1 -3 136
 15 -4 0 67
 15 0 -3 172
 15 1 1 330
 15 3 -3 166
 15 -4 1 326
 15 2 1 17
 15 3 1 217
 15 2 2 55
 15 -3 -2 270
 15 -1 4 55
 15 -2 3 100
 15 1 2 151
 15 0 3 191
 15 4 0 259
 15 -2 -2 70
 15 -3 3 337
 15 0 1 201
 55 -2 -1 321
 55 3 3 320
 55 -3 -1 1
 55 -3 -1 278
 55 -1 -2 105
 55 -2 2 65
 55 3 -1 186
 55 2 3 97
 55 -4 2 105
 55 0 -1 275
 55 -2 1 271
 55 2 4 93
 55 -1 2 250
 55 1 -2 289
 55 -3 1 81
 55 4 -1 237
 55 -1 1 303
 55 -2 0 219
 55 0 0 142
 55 0 -2 99
 55 1 -1 93
 55 -1 0 140
 55 -3 0 294
 55 2 -1 138
 55 2 0 254
 55 -1 -1 287
 55 1 0 327
 55 3 -2 155
 "contig-ratio-green-core" 0.9047619047619048
 "contig-ratio-red-core" 0.7619047619047619
 "a-count" 0
 "b-count" 0
 "c-color-count" 28
 "c-express-count" 28
 "d-color-count" 28
 "d-express-count" 28
 "cell-count" 56
 15 -3 -2 131
 15 -2 -2 125
 15 3 -2 259
 15 -4 0 243
 15 3 2 212
 15 -3 -1 95
 15 0 3 342
 15 -2 -3 146
 15 -2 3 264
 15 -4 -1 102
 15 2 2 250
 15 1 2 172
 15 -1 3 323
 15 1 3 347
 15 -1 4 104
 15 -3 -3 202
 15 0 4 289
 15 0 1 209
 15 2 -2 106
 15 1 -4 57
 15 3 -3 142
 15 2 3 149
 15 1 1 23
 15 -3 0 45
 15 0 -4 246
 15 0 4 251
 15 1 4 294
 15 0 2 115
 55 3 -1 275
 55 1 -1 191
 55 1 -2 316
 55 1 0 170
 55 3 1 110
 55 4 1 134
 55 0 -2 201
 55 2 1 327
 55 -1 -1 93
 55 -2 1 203
 55 -1 0 64
 55 4 0 167
 55 0 -3 226
 55 -1 -2 352
 55 3 0 139
 55 -3 2 259
 55 -2 4 248
 55 2 0 187
 55 -1 1 52
 55 3 3 17
 55 0 0 179
 55 -1 -3 7
 55 -2 -1 177
 55 2 -1 112
 55 -2 2 72
 55 -2 0 136
 55 -3 3 280
 55 0 -1 264
 "contig-ratio-green-core" 0.631578947368421
 "contig-ratio-red-core" 0.68
