 "a-count" 6
 "b-count" 3
 "c-color-count" 25
 "c-express-count" 25
 "d-color-count" 23
 "d-express-count" 22
 "cell-count" 56
 15 -1 -2 177
 15 -2 1 82
 15 2 -1 85
 15 3 -1 277
 15 4 0 344
 15 0 3 58
 15 -3 1 251
 15 -2 -1 317
 105 -2 2 232
 15 -1 -3 25
 15 -2 0 246
 15 1 4 357
 15 3 2 287
 15 2 2 313
 15 0 -3 281
 15 0 -2 154
 105 0 4 135
 15 -2 -2 204
 105 -3 0 73
 105 -3 -3 85
 15 -1 4 58
 15 3 1 316
 105 -3 -2 185
 15 2 3 325
 15 -1 2 318
 15 -1 -4 1
 15 -2 3 338
 15 4 -3 173
 55 2 0 100
 55 3 3 88
 55 0 -1 312
 55 1 -2 226
 55 0 0 235
 55 -4 0 89
 5 2 -3 275
 55 3 0 251
 5 -3 2 356
 55 -4 -1 174
 55 0 -4 32
 55 1 3 279
 55 -1 1 323
 55 1 -1 286
 55 -1 -1 338
 55 1 1 312
 55 1 -3 61
 55 -1 0 36
 55 3 -2 320
 55 -2 -3 198
 55 -4 1 25
 55 0 1 191
 5 3 -3 8
 55 -3 3 341
 55 1 0 351
 55 2 1 49
 55 1 -4 99
 55 0 2 11
 "contig-ratio-green-core" 0.9411764705882353
 "contig-ratio-red-core" 0.9
 "a-count" 7
 "b-count" 6
 "c-color-count" 24
 "c-express-count" 22
 "d-color-count" 21
 "d-express-count" 21
 "cell-count" 56
 15 -1 4 117
 15 1 -3 266
 15 -3 -1 281
 105 -3 2 14
 15 -3 1 66
 15 1 1 184
 15 -4 0 263
 105 -4 1 319
 15 0 -3 264
 105 -1 3 234
 105 3 -1 185
 15 -2 2 67
 15 2 2 290
 15 0 4 284
 15 -2 -2 195
 15 3 0 116
 15 -1 2 318
 15 4 0 136
 15 2 -2 180
 15 1 4 98
 105 4 1 162
 15 -3 0 45
 15 -3 3 190
 105 0 -4 1
 105 3 -3 3
 15 3 3 264
 15 2 3 239
 15 2 1 194
 55 2 0 33
 5 3 -2 211
 5 4 -1 216
 55 2 -1 114
 55 1 2 310
 55 -2 -3 201
 55 1 -4 302
 55 3 1 242
 55 -1 -1 330
 55 1 3 270
 5 -3 -2 75
 55 0 -1 331
 55 0 1 251
 55 1 0 7
 55 -2 -1 163
 55 -1 0 251
 55 0 -2 149
 55 -1 -2 28
 55 0 3 92
 55 0 2 312
 55 -1 1 85
 55 -2 0 14
 55 -2 1 246
 55 1 -2 119
 5 3 2 296
 55 -1 -3 63
 55 1 -1 131
 55 0 0 69
 "contig-ratio-green-core" 0.8888888888888888
 "contig-ratio-red-core" 0.9375
 "a-count" 6
 "b-count" 4
 "c-color-count" 24
 "c-express-count" 24
 "d-color-count" 23
 "d-express-count" 22
 "cell-count" 56
 15 2 3 112
 15 3 -1 145
 15 3 1 79
 105 3 2 156
 15 2 4 327
 15 -3 -1 186
 15 -1 -4 53
 15 2 2 35
 15 -2 2 76
 15 1 -3 20
 15 -1 3 6
 15 -4 1 123
 15 -4 0 186
 15 -2 -1 142
 15 -1 4 217
 15 0 -3 14
 15 3 -2 228
 15 -2 -3 189
 15 -3 2 11
 15 -1 -2 339
 105 0 -4 273
 105 -2 -2 219
 105 4 0 7
 105 -3 -3 170
 15 -1 -3 175
 15 -3 1 327
 15 4 -1 106
 15 1 -2 118
 55 0 0 5
 55 1 -1 95
 55 -1 0 221
 55 1 4 299
 55 -1 -1 46
 55 1 1 260
 55 0 4 88
 55 1 0 215
 5 2 -2 189
 55 -2 -4 243
 5 -2 3 172
 55 0 1 296
 55 0 3 67
 55 1 2 343
 55 1 3 84
 55 3 0 52
 55 2 -1 312
 55 0 -1 34
 55 0 -2 68
 5 3 3 264
 55 -3 0 77
 5 -4 -1 338
 55 2 -3 214
 55 -2 0 129
 55 -1 2 250
 55 -2 1 160
 55 2 1 186
 55 0 2 77
 "contig-ratio-green-core" 0.8888888888888888
 "contig-ratio-red-core" 0.7619047619047619
 "a-count" 7
 "b-count" 4
 "c-color-count" 25
 "c-express-count" 24
 "d-color-count" 21
 "d-express-count" 21
 "cell-count" 56
 15 4 0 209
 15 0 4 228
 15 3 -2 213
 15 -1 -1 26
 15 3 1 305
 15 3 -3 93
 15 -4 2 51
 15 -3 2 269
 15 3 -1 167
 15 -1 -3 290
 105 -3 -2 58
 15 2 -2 260
 105 2 3 273
 15 1 3 165
 15 -2 -1 192
 15 1 -3 153
 15 1 4 251
 105 -2 3 325
 15 2 1 292
 105 -3 3 9
 15 -2 2 189
 15 -3 -1 357
 105 -3 -3 73
 105 3 3 214
 105 4 1 1
 15 4 -1 316
 15 2 2 338
 15 -1 2 176
 55 0 3 229
 55 1 2 304
 5 -2 -3 92
 55 -3 1 249
 55 -2 1 63
 55 0 -3 194
 55 1 -1 185
 55 2 -1 6
 55 0 1 96
 55 2 0 85
 55 -2 0 64
 55 0 -1 230
 55 -1 3 336
 55 0 2 281
 55 -4 0 241
 55 -1 1 74
 55 1 -2 267
 5 3 2 168
 55 0 -2 279
 55 -4 1 29
 55 1 1 14
 55 -1 0 38
 5 1 -4 104
 55 3 0 200
 55 0 -4 83
 55 -3 0 311
 55 0 0 228
 55 1 0 246
 "contig-ratio-green-core" 0.8
 "contig-ratio-red-core" 1.0666666666666667
