 "a-count" 9
 "b-count" 2
 "c-color-count" 27
 "c-express-count" 26
 "d-color-count" 19
 "d-express-count" 19
 "cell-count" 56
 15 -2 1 62
 15 3 2 131
 105 -2 -3 86
 105 4 -1 185
 15 -2 0 356
 15 -4 1 135
 105 -3 2 283
 105 -2 2 174
 15 -1 3 89
 15 -1 2 282
 15 -1 -3 14
 15 -4 -1 3
 15 0 4 291
 15 1 -3 46
 15 -2 -2 160
 15 3 -1 277
 15 4 1 345
 15 2 3 350
 15 4 0 174
 15 -3 0 202
 15 0 -3 207
 15 3 0 353
 105 -4 0 248
 105 -3 3 355
 105 -3 1 6
 105 3 -3 24
 105 3 3 37
 15 2 -2 20
 55 1 -1 119
 55 1 1 222
 55 2 2 199
 55 2 -1 190
 55 2 0 119
 55 3 1 254
 55 1 2 183
 55 2 -3 25
 55 0 2 129
 55 1 4 211
 55 0 0 1
 55 1 -2 34
 55 -2 -1 157
 55 2 1 102
 55 -1 -1 152
 55 0 -2 347
 55 1 -4 158
 5 3 -2 314
 55 1 3 24
 55 0 1 276
 55 -1 0 286
 55 -1 1 53
 55 1 0 287
 55 -1 -2 341
 55 -3 -1 37
 55 0 3 273
 55 0 -1 89
 55 -3 -3 35
 "contig-ratio-green-core" 1.2142857142857142
 "contig-ratio-red-core" 1
 "a-count" 11
 "b-count" 5
 "c-color-count" 25
 "c-express-count" 23
 "d-color-count" 20
 "d-express-count" 17
 "cell-count" 56
 105 -2 -3 327
 105 0 -3 320
 15 -2 -2 72
 15 4 -1 193
 105 -1 -4 355
 15 -1 -2 210
 105 1 -3 87
 15 -3 3 106
 15 2 2 356
 15 4 1 326
 15 4 0 29
 15 -1 4 344
 15 3 -3 17
 105 -4 1 119
 15 -2 3 173
 15 -1 3 200
 15 3 -1 113
 15 1 -2 200
 15 1 -1 231
 15 3 1 17
 15 -3 1 345
 15 -3 -1 221
 105 2 -1 239
 15 0 -2 51
 105 3 3 150
 105 0 -4 206
 15 -3 2 255
 15 -3 0 308
 55 1 1 36
 55 0 1 33
 5 2 -3 150
 55 2 3 84
 55 0 3 264
 5 1 4 178
 5 1 3 231
 55 0 0 4
 55 -2 1 254
 55 -1 -1 265
 55 -2 -1 51
 55 0 -1 178
 55 -2 2 190
 55 3 0 119
 55 3 2 28
 55 0 4 166
 55 1 0 308
 55 0 2 335
 55 2 1 74
 55 -1 1 321
 55 -2 0 152
 55 -3 -2 149
 55 1 2 110
 55 2 0 131
 55 -1 0 335
 55 -1 2 100
 55 3 -2 28
 55 -4 -1 148
 "contig-ratio-green-core" 1
 "contig-ratio-red-core" 1
 "a-count" 5
 "b-count" 5
 "c-color-count" 23
 "c-express-count" 23
 "d-color-count" 27
 "d-express-count" 23
 "cell-count" 56
 15 -2 0 333
 15 -1 -4 67
 15 -2 2 183
 15 0 -4 60
 15 2 -3 209
 15 -3 3 142
 15 3 -2 15
 15 -3 4 48
 15 4 1 81
 15 -2 -2 17
 15 2 -2 97
 15 2 -1 59
 15 -3 -2 248
 15 3 3 267
 15 3 2 199
 15 -2 -1 227
 15 -2 4 199
 15 1 -4 317
 15 0 -3 237
 15 2 0 107
 15 2 1 2
 15 3 -1 304
 105 -3 -1 87
 15 -3 2 146
 15 1 3 262
 15 -1 -3 219
 15 -4 0 265
 15 2 3 106
 55 1 -2 86
 55 0 4 158
 55 0 1 32
 5 3 1 42
 55 0 2 259
 55 1 0 286
 55 -1 4 355
 55 -2 3 348
 55 -3 1 334
 55 1 -3 258
 55 -1 0 178
 55 0 -1 45
 55 -1 1 263
 55 -1 3 328
 55 -1 2 197
 55 -1 -1 44
 55 1 2 74
 5 -4 -1 282
 55 0 0 217
 5 3 -3 345
 55 1 4 226
 55 0 -2 220
 55 -2 1 162
 55 2 2 352
 5 1 1 228
 55 1 -1 91
 55 0 3 18
 5 -3 -3 241
 "contig-ratio-green-core" 1
 "contig-ratio-red-core" 0.6818181818181818
 "a-count" 4
 "b-count" 2
 "c-color-count" 26
 "c-express-count" 26
 "d-color-count" 24
 "d-express-count" 24
 "cell-count" 56
 15 4 0 295
 15 0 -3 42
 15 1 4 120
 15 3 -2 21
 105 -3 -2 80
 15 -1 -2 244
 15 -1 1 280
 15 -3 3 185
 15 -1 2 114
 15 3 1 316
 15 2 -2 256
 15 -4 0 22
 15 -1 4 356
 15 3 3 5
 105 0 -4 256
 15 2 1 188
 15 -3 2 193
 15 3 -1 272
 15 3 2 20
 105 -2 -3 192
 15 1 -3 265
 15 -2 -2 350
 15 2 3 134
 15 -3 -3 286
 15 -2 1 11
 105 -1 -4 317
 15 -2 3 139
 15 -3 -1 32
 55 2 -1 184
 55 1 1 153
 5 2 -3 151
 55 4 -1 233
 55 -1 -1 66
 55 -3 0 327
 55 1 3 15
 55 0 1 56
 55 2 0 125
 55 2 2 187
 55 1 0 286
 55 0 2 138
 55 -2 -1 138
 55 0 3 174
 5 1 -4 12
 55 1 -2 179
 55 0 -1 237
 55 -1 0 49
 55 1 -1 102
 55 -2 0 31
 55 1 2 77
 55 4 1 213
 55 0 0 288
 55 -1 3 0
 55 -3 1 203
 55 0 4 221
 55 -2 2 82
 55 -1 -3 235
 "contig-ratio-green-core" 1
 "contig-ratio-red-core" 1
