 "a-count" 9
 "b-count" 1
 "c-color-count" 27
 "c-express-count" 27
 "d-color-count" 21
 "d-express-count" 19
 "cell-count" 56
 15 -2 -2 252
 105 3 -3 173
 15 2 -3 258
 105 -3 3 234
 15 2 -2 337
 15 0 -3 247
 15 -3 0 338
 15 -3 2 343
 15 3 -1 163
 15 -2 3 29
 15 2 4 40
 105 -4 -1 242
 15 2 -1 193
 105 3 -2 165
 105 -2 -3 242
 15 0 -4 29
 15 4 2 62
 15 -1 4 15
 15 -2 -1 296
 15 -4 0 304
 15 -3 -1 311
 105 -3 -2 111
 15 -3 1 344
 15 -1 -2 188
 105 4 0 331
 15 -1 -4 162
 15 1 4 327
 15 4 1 253
 55 3 0 97
 55 1 -4 87
 55 0 3 283
 55 -2 2 245
 55 3 3 29
 55 1 -2 128
 55 -2 1 88
 55 -4 1 346
 55 2 0 284
 55 1 -3 256
 55 1 -1 197
 55 0 1 119
 55 -1 2 340
 55 -1 0 271
 55 2 3 192
 55 -1 3 229
 55 -1 1 5
 55 -2 0 239
 55 0 4 342
 55 0 0 349
 55 0 -1 159
 55 -1 -1 54
 55 0 -2 253
 55 1 1 228
 55 3 1 226
 55 3 2 47
 55 0 2 237
 5 1 2 54
 "contig-ratio-green-core" 0.8235294117647058
 "contig-ratio-red-core" 1
 "a-count" 4
 "b-count" 5
 "c-color-count" 24
 "c-express-count" 23
 "d-color-count" 24
 "d-express-count" 24
 "cell-count" 56
 15 -3 1 61
 15 -3 -2 177
 105 -1 3 253
 15 3 -3 49
 15 3 3 150
 15 -3 -3 346
 15 4 1 218
 15 0 3 197
 15 0 -4 51
 15 1 -4 246
 15 -2 2 298
 15 3 -2 77
 15 -3 0 107
 15 2 1 356
 105 0 4 262
 15 2 2 78
 15 4 0 6
 105 -2 3 310
 15 -1 -3 290
 105 -1 4 324
 15 -2 -1 325
 15 1 3 215
 15 2 -2 224
 15 -3 -1 261
 15 3 1 227
 15 -1 2 186
 15 2 -3 151
 15 1 -3 198
 5 -4 0 327
 55 2 -1 202
 5 2 3 206
 55 0 -1 180
 55 2 0 60
 55 1 -2 6
 55 -2 0 149
 55 -1 -1 74
 55 1 0 105
 55 -1 1 284
 55 -3 2 320
 55 3 -1 199
 55 -1 -2 359
 55 0 -3 67
 55 -2 1 85
 55 1 -1 156
 55 0 0 35
 55 0 -2 289
 55 -1 0 277
 55 -4 1 123
 55 -2 -2 96
 5 -4 -2 86
 55 0 1 285
 55 0 2 43
 55 3 0 45
 55 1 2 242
 5 1 4 260
 55 1 1 212
 "contig-ratio-green-core" 1.0625
 "contig-ratio-red-core" 0.8421052631578947
 "a-count" 5
 "b-count" 0
 "c-color-count" 28
 "c-express-count" 28
 "d-color-count" 23
 "d-express-count" 23
 "cell-count" 56
 105 2 -1 2
 15 4 -2 225
 15 4 1 344
 15 -2 2 66
 15 3 -1 357
 15 -2 -2 340
 15 0 -4 164
 15 -1 -3 85
 15 -2 -3 315
 15 1 -2 139
 15 -1 4 42
 15 4 -1 116
 15 -4 -1 341
 15 -1 -4 266
 15 -3 2 254
 105 0 4 285
 15 2 2 289
 15 2 -3 246
 15 -3 -2 325
 105 3 2 76
 15 1 -1 245
 15 1 -3 157
 15 -4 2 38
 15 0 3 351
 15 2 0 44
 105 1 -4 181
 15 3 0 298
 105 2 3 231
 55 4 0 55
 55 -1 0 214
 55 -3 0 130
 55 -3 -1 340
 55 2 -2 190
 55 3 1 118
 55 -4 1 263
 55 -2 1 190
 55 -2 -1 296
 55 1 2 55
 55 0 -3 292
 55 2 1 37
 55 1 0 244
 55 -2 0 224
 55 -3 3 310
 55 -4 0 3
 55 3 -3 132
 55 -1 2 146
 55 -3 1 173
 55 -1 1 289
 55 1 1 322
 55 -1 3 215
 55 0 2 44
 55 0 0 57
 55 0 -1 236
 55 3 -2 295
 55 -1 -2 246
 55 0 -2 263
 "contig-ratio-green-core" 0.9523809523809523
 "contig-ratio-red-core" 1
