 "a-count" 7
 "b-count" 8
 "c-color-count" 22
 "c-express-count" 20
 "d-color-count" 21
 "d-express-count" 21
 "cell-count" 56
 15 -4 0 292
 15 4 0 357
 15 2 2 247
 15 -2 1 211
 15 -1 -1 251
 15 2 -1 228
 15 4 1 165
 15 1 3 176
 15 1 2 103
 15 -2 2 208
 105 -3 3 292
 15 -3 -1 86
 15 3 3 233
 15 -2 -2 30
 15 -1 -3 285
 105 -3 -3 93
 15 0 4 75
 15 -4 1 270
 105 -2 3 277
 15 -4 -1 305
 105 -2 -3 64
 15 1 -4 171
 15 0 -1 169
 105 2 3 254
 15 -1 -2 199
 15 3 2 121
 105 1 -2 210
 105 -3 2 72
 55 -1 0 272
 55 2 -3 241
 5 -1 3 229
 55 0 3 294
 55 2 1 57
 55 0 -4 180
 55 -1 2 314
 55 2 -2 14
 5 3 -2 77
 55 1 -3 194
 55 1 0 272
 55 0 0 148
 55 1 -1 24
 55 -3 0 42
 55 0 -3 238
 5 3 -3 332
 55 3 1 249
 55 3 0 244
 5 0 -2 77
 55 -2 0 288
 55 -1 1 16
 55 3 -1 85
 5 -1 4 39
 5 -3 1 356
 55 0 2 255
 55 -2 -1 60
 55 1 1 231
 55 0 1 211
 "contig-ratio-green-core" 0.8823529411764706
 "contig-ratio-red-core" 0.8823529411764706
 "a-count" 7
 "b-count" 4
 "c-color-count" 25
 "c-express-count" 24
 "d-color-count" 21
 "d-express-count" 21
 "cell-count" 56
 15 1 -2 112
 15 0 -2 8
 15 -1 -4 194
 15 -2 -1 294
 15 4 1 252
 15 3 -3 316
 105 1 -4 195
 105 1 3 274
 105 1 -3 164
 15 -3 -1 179
 15 3 2 298
 105 1 4 167
 15 2 -1 174
 105 2 3 177
 15 3 -2 95
 15 0 4 86
 15 -2 -3 322
 15 0 -3 36
 15 2 -3 113
 15 -1 -1 236
 15 1 2 78
 15 2 2 115
 15 -1 4 148
 105 -1 -2 347
 105 -3 1 18
 15 3 -1 322
 15 -3 3 171
 15 -2 3 172
 55 -1 -3 355
 55 0 -4 46
 55 3 0 103
 55 1 1 182
 55 -1 1 329
 5 -3 -2 75
 55 -2 0 131
 55 0 2 83
 55 3 1 14
 55 0 0 84
 55 -1 2 180
 55 -4 0 24
 55 1 0 90
 55 2 1 299
 55 -1 0 93
 55 -1 3 21
 5 3 3 321
 55 -2 1 258
 55 0 3 194
 55 -2 2 40
 55 1 -1 221
 55 -3 0 148
 55 0 -1 290
 5 -3 -3 192
 55 2 0 1
 55 -2 4 181
 55 4 0 80
 55 0 1 197
 "contig-ratio-green-core" 0.8125
 "contig-ratio-red-core" 1.0714285714285714
 "a-count" 10
 "b-count" 4
 "c-color-count" 24
 "c-express-count" 24
 "d-color-count" 19
 "d-express-count" 18
 "cell-count" 56
 15 2 -3 130
 15 3 -1 330
 15 3 3 195
 15 2 -1 182
 15 2 0 305
 15 1 3 337
 15 -3 2 5
 105 3 -3 173
 105 -3 -3 36
 105 0 4 95
 15 -1 -4 62
 105 -1 4 25
 15 -4 0 7
 105 -2 -2 142
 15 2 -2 260
 15 -2 0 338
 105 -3 3 46
 105 -3 0 119
 15 4 1 149
 15 -2 -3 87
 15 -2 3 102
 15 2 2 281
 15 1 -3 143
 105 3 2 206
 15 1 2 58
 15 3 1 251
 105 2 3 299
 15 -2 -1 66
 55 1 -1 353
 5 -3 -2 173
 55 0 -2 162
 55 0 -4 84
 55 -1 3 355
 55 -2 1 286
 55 4 0 213
 55 0 3 152
 5 3 -2 43
 55 0 0 184
 55 -1 2 159
 55 1 0 172
 5 -1 -3 74
 55 -2 2 107
 55 -1 1 56
 5 -4 -1 312
 55 -4 1 103
 55 2 1 280
 55 0 1 245
 55 -1 0 17
 55 1 -2 346
 55 4 -1 24
 55 -3 1 2
 55 -1 -1 340
 55 0 2 340
 55 0 -3 249
 55 0 -1 342
 55 1 1 4
 "contig-ratio-green-core" 0.8888888888888888
 "contig-ratio-red-core" 1
 "a-count" 9
 "b-count" 1
 "c-color-count" 27
 "c-express-count" 27
 "d-color-count" 20
 "d-express-count" 19
 "cell-count" 56
 15 -3 -3 112
 105 0 -3 240
 105 3 -2 79
 15 3 0 200
 105 1 -4 205
 15 2 -2 87
 105 -3 -1 321
 15 -4 1 93
 15 1 3 152
 15 2 -1 315
 105 -1 -4 267
 15 -3 0 72
 15 -3 2 227
 15 4 -1 269
 15 -2 -3 295
 15 3 -1 224
 15 0 4 126
 15 1 -2 285
 105 -4 -1 16
 15 -1 -3 295
 15 4 0 80
 15 -2 -2 153
 105 -1 4 300
 105 -3 3 272
 15 1 -3 240
 15 -1 3 226
 15 -4 0 37
 15 2 3 96
 55 3 3 39
 55 -1 -2 220
 55 1 -1 45
 55 0 1 162
 55 1 0 51
 55 -2 -1 129
 55 4 1 192
 55 -2 2 227
 55 -1 -1 217
 55 -3 1 77
 55 0 3 45
 55 -1 1 323
 55 -2 0 239
 55 -1 2 169
 55 0 -1 170
 55 0 0 159
 5 1 4 132
 55 0 -2 354
 55 0 2 132
 55 2 2 84
 55 1 2 29
 55 1 1 246
 55 0 -4 5
 55 -2 1 149
 55 2 0 230
 55 3 1 252
 55 -1 0 269
 55 2 1 320
 "contig-ratio-green-core" 1
 "contig-ratio-red-core" 0.7894736842105263
