 "a-count" 16
 "b-count" 3
 "c-color-count" 26
 "c-express-count" 25
 "d-color-count" 15
 "d-express-count" 12
 "cell-count" 56
 15 -4 2 346
 15 3 -1 315
 105 -3 -1 128
 15 -1 1 164
 105 -2 -3 9
 15 -3 1 354
 105 -3 -2 338
 105 0 4 183
 105 -2 3 27
 15 1 3 187
 105 -3 3 243
 105 -4 0 127
 15 -1 -3 356
 15 -1 4 304
 15 -2 0 140
 15 -2 1 104
 105 1 -3 36
 105 4 1 280
 15 1 -2 129
 15 4 -1 123
 105 -4 -1 22
 105 -1 -4 131
 15 -4 1 243
 15 2 2 358
 15 3 -3 226
 105 1 -4 152
 15 -3 2 59
 105 2 -3 265
 55 0 -3 87
 55 3 0 270
 55 -1 2 125
 55 2 -2 264
 55 -1 3 156
 55 1 1 316
 5 -2 -2 60
 55 4 0 125
 55 0 0 75
 55 1 0 307
 55 -1 -1 279
 55 0 -4 29
 55 0 3 18
 55 2 0 134
 55 2 -1 119
 55 1 2 269
 55 3 -2 334
 55 -3 0 9
 55 -1 0 263
 55 0 1 146
 55 1 -1 241
 55 2 1 111
 55 0 -1 297
 55 -2 2 75
 5 -2 -1 176
 55 -1 -2 322
 55 0 2 90
 55 0 -2 60
 "contig-ratio-green-core" 0.75
 "contig-ratio-red-core" 1.1538461538461537
 "a-count" 7
 "b-count" 2
 "c-color-count" 27
 "c-express-count" 26
 "d-color-count" 21
 "d-express-count" 21
 "cell-count" 56
 15 3 1 260
 15 -1 4 346
 15 0 -3 123
 15 3 -2 223
 105 4 1 359
 15 2 -3 284
 15 -2 -2 302
 105 3 -3 99
 15 -4 -1 30
 15 2 4 195
 15 -4 0 97
 15 1 -3 11
 105 -2 3 278
 15 2 1 339
 15 -1 -2 107
 15 -3 2 177
 15 -1 3 343
 105 2 3 288
 105 -1 -4 120
 15 -3 -2 32
 15 -3 1 246
 105 4 -1 95
 15 4 0 74
 15 -2 2 234
 15 1 2 85
 15 -2 1 352
 15 1 3 300
 105 -3 -3 268
 55 0 -2 61
 55 -1 0 31
 55 3 -1 95
 55 -2 -1 325
 55 -1 2 190
 55 -3 0 260
 55 1 -2 98
 55 -3 -1 122
 55 -1 1 342
 55 1 0 150
 55 0 4 161
 55 0 -4 351
 55 2 0 50
 55 0 1 220
 55 0 0 249
 55 1 1 116
 55 2 -1 161
 55 3 0 293
 55 2 -2 235
 55 -1 -1 274
 55 1 -1 174
 55 0 2 145
 55 0 3 322
 5 -3 3 244
 55 0 -1 288
 55 -2 -3 196
 55 -2 0 309
 55 1 4 236
 "contig-ratio-green-core" 1.1764705882352942
 "contig-ratio-red-core" 1
 "a-count" 6
 "b-count" 7
 "c-color-count" 21
 "c-express-count" 21
 "d-color-count" 22
 "d-express-count" 22
 "cell-count" 56
 15 -3 -1 321
 105 4 0 1
 15 0 -4 297
 15 -2 2 90
 15 2 2 93
 105 2 3 288
 15 1 4 309
 15 3 1 241
 15 1 3 306
 105 -4 -1 62
 15 2 -2 354
 105 3 -3 17
 15 -2 -2 151
 15 3 3 176
 105 2 -3 173
 15 -3 -3 212
 15 -1 3 239
 15 -4 1 100
 15 2 -1 231
 15 -3 0 269
 15 3 0 185
 15 4 -1 321
 15 -2 -3 100
 105 -4 0 183
 15 1 -3 313
 15 -3 1 171
 15 3 -1 101
 15 0 4 282
 55 0 -3 60
 5 -3 2 353
 55 1 1 231
 5 3 2 287
 55 -1 -3 305
 5 3 -2 97
 55 1 0 82
 55 0 -2 51
 5 -2 3 73
 55 -1 -2 69
 5 1 -4 269
 55 1 -1 41
 55 0 1 303
 5 -1 4 145
 55 1 2 221
 55 0 -1 23
 55 -2 -1 133
 55 2 1 127
 55 -1 0 135
 55 2 0 68
 55 -1 1 271
 5 -1 -4 314
 55 -1 2 165
 55 0 0 302
 55 -2 0 248
 55 0 3 92
 55 -2 1 186
 55 1 -2 133
 "contig-ratio-green-core" 1
 "contig-ratio-red-core" 0.6666666666666666
 "a-count" 8
 "b-count" 6
 "c-color-count" 22
 "c-express-count" 22
 "d-color-count" 20
 "d-express-count" 20
 "cell-count" 56
 15 3 -1 124
 15 1 -2 12
 105 -4 -1 138
 105 3 -2 135
 15 -1 4 234
 15 -4 1 302
 15 -1 -1 161
 105 -3 2 192
 15 4 1 253
 15 -2 1 169
 15 3 2 125
 15 1 4 88
 105 1 -4 35
 15 -1 -2 214
 105 -1 -4 243
 105 -2 -2 176
 15 -2 2 42
 105 -3 -3 255
 15 2 2 12
 15 2 -1 282
 15 0 -4 267
 15 -2 -1 152
 15 4 0 193
 15 1 -3 265
 15 2 -2 320
 105 -3 3 59
 15 -1 -3 14
 15 -2 3 120
 55 0 0 236
 55 0 3 290
 55 1 -1 50
 55 1 2 320
 5 -2 -3 294
 55 2 1 206
 55 0 -3 68
 55 0 -1 259
 55 3 1 195
 55 -1 0 224
 55 1 0 158
 55 0 -2 213
 5 3 3 149
 55 -1 3 224
 55 0 1 135
 55 1 1 349
 55 -1 2 234
 55 3 0 14
 5 -3 0 129
 55 1 3 256
 55 -4 0 265
 55 2 0 118
 55 0 2 154
 55 -2 0 187
 5 2 -3 195
 55 -1 1 310
 5 -3 1 289
 5 -3 -1 355
 "contig-ratio-green-core" 1.1333333333333333
 "contig-ratio-red-core" 0.9285714285714286
