 "a-count" 10
 "b-count" 6
 "c-color-count" 23
 "c-express-count" 22
 "d-color-count" 18
 "d-express-count" 18
 "cell-count" 56
 15 2 4 223
 15 -2 -1 85
 15 -2 1 319
 15 1 3 208
 105 3 -2 347
 15 -2 0 152
 15 -1 -4 203
 15 0 3 258
 15 -1 4 2
 105 3 -1 258
 15 3 0 158
 105 -3 -2 16
 15 -3 -1 26
 15 3 3 179
 15 -2 3 314
 105 0 4 97
 15 -2 -3 312
 15 2 1 298
 105 -3 -3 102
 15 -2 -2 155
 105 2 -2 82
 105 1 -3 263
 105 2 2 331
 15 1 2 314
 105 1 4 139
 15 -2 2 181
 105 3 2 17
 15 2 -1 162
 55 -1 0 48
 55 0 -1 101
 55 -1 -3 155
 55 -1 -1 108
 55 2 3 326
 5 1 -2 243
 55 4 0 130
 55 1 0 247
 55 -3 0 64
 55 0 -4 267
 55 0 2 264
 55 1 1 220
 55 2 -3 80
 55 2 0 285
 55 -3 3 59
 55 1 -1 345
 5 -4 1 25
 55 -1 -2 89
 5 -4 0 45
 55 0 1 310
 5 -4 -1 47
 55 -1 3 3
 5 -3 1 303
 55 0 0 272
 55 -1 1 119
 55 0 -3 294
 55 0 -2 311
 55 -1 2 146
 "contig-ratio-green-core" 1.0714285714285714
 "contig-ratio-red-core" 0.8571428571428571
 "a-count" 8
 "b-count" 2
 "c-color-count" 27
 "c-express-count" 26
 "d-color-count" 21
 "d-express-count" 20
 "cell-count" 56
 15 -4 -1 78
 105 0 4 321
 15 3 -1 72
 105 -1 -3 195
 105 2 3 274
 15 3 0 74
 105 -2 -3 303
 15 -2 1 251
 15 -3 -1 252
 15 -1 3 63
 15 -4 0 165
 15 -2 2 223
 15 4 0 89
 15 1 -4 293
 15 -2 3 359
 15 -1 -4 93
 15 3 -2 266
 105 -1 4 114
 15 4 1 262
 105 3 -3 136
 15 -3 -2 121
 15 2 -2 32
 15 1 -3 268
 15 -1 -2 324
 105 -3 2 258
 15 3 2 348
 15 -2 -2 112
 15 -3 -1 251
 55 -1 1 354
 55 2 0 196
 55 -3 0 115
 55 0 -4 273
 55 -2 0 127
 55 0 3 305
 5 3 3 118
 55 1 1 306
 55 0 1 154
 55 1 -2 303
 55 1 -1 25
 55 -3 -3 356
 55 0 -3 19
 55 0 -1 48
 55 -2 -1 203
 55 -1 -1 188
 55 -3 1 105
 55 2 2 206
 55 3 1 34
 55 1 3 351
 55 2 1 220
 55 0 0 261
 55 0 -2 355
 55 -1 2 235
 55 -1 0 352
 55 0 2 261
 55 2 -1 299
 55 1 0 292
 "contig-ratio-green-core" 0.8888888888888888
 "contig-ratio-red-core" 0.8421052631578947
 "a-count" 5
 "b-count" 5
 "c-color-count" 24
 "c-express-count" 23
 "d-color-count" 23
 "d-express-count" 23
 "cell-count" 56
 105 1 -3 24
 15 1 -1 243
 105 3 -3 198
 15 -4 -1 106
 15 -2 -3 149
 15 2 3 89
 15 -3 0 275
 15 2 -1 12
 15 1 -2 248
 105 -3 2 251
 15 2 -3 295
 105 0 -4 169
 105 -3 -3 229
 15 4 -1 224
 15 1 3 23
 15 3 2 325
 15 -1 -4 324
 15 4 0 110
 15 2 2 17
 15 4 1 151
 15 -3 -1 19
 15 -3 1 322
 15 3 -2 123
 15 -2 2 17
 15 -2 3 7
 15 3 -1 316
 15 -2 -2 220
 15 0 -3 17
 55 -1 -2 269
 55 -1 3 305
 55 -1 -1 331
 55 1 1 159
 55 1 0 224
 55 0 1 327
 55 3 1 146
 55 3 0 242
 55 1 2 78
 5 -3 3 84
 55 -1 -3 243
 55 2 1 224
 55 0 -1 300
 55 -1 1 212
 55 0 -2 269
 55 -2 -1 31
 55 -2 1 146
 55 -1 0 308
 55 2 -2 193
 5 -1 4 21
 55 0 0 75
 5 0 4 281
 55 2 0 223
 5 -4 1 232
 55 -1 2 37
 55 -2 0 166
 55 0 3 262
 55 0 2 119
 "contig-ratio-green-core" 1.125
 "contig-ratio-red-core" 0.875
 "a-count" 9
 "b-count" 7
 "c-color-count" 22
 "c-express-count" 21
 "d-color-count" 22
 "d-express-count" 19
 "cell-count" 56
 105 -2 3 201
 15 4 1 150
 15 2 -1 54
 15 -3 -2 188
 15 -4 -1 3
 15 -1 -2 139
 105 -2 -4 327
 15 -2 0 48
 15 -1 2 65
 15 -2 -1 66
 15 4 0 40
 15 0 3 216
 15 3 -1 48
 105 -3 -3 241
 15 -3 3 344
 15 -1 -3 353
 15 3 2 10
 15 -2 1 268
 15 1 -2 292
 105 3 -3 138
 15 -2 -3 27
 15 -2 2 345
 15 -4 2 130
 15 2 -3 80
 105 -1 4 79
 105 1 4 353
 15 2 3 350
 15 1 3 72
 55 0 -2 237
 5 -3 -1 8
 55 -3 2 104
 55 3 1 60
 55 2 1 313
 5 3 3 246
 5 0 -4 244
 55 -4 0 179
 55 1 0 298
 55 -2 -2 169
 55 -1 -1 307
 55 2 2 235
 55 3 0 359
 55 0 -3 201
 55 1 1 213
 55 1 2 310
 5 0 4 37
 55 2 0 323
 5 1 -4 143
 55 0 2 356
 55 1 -1 101
 55 -1 1 196
 55 -1 0 5
 55 -1 -4 51
 55 0 -1 198
 55 0 0 137
 55 -4 1 226
 5 1 -3 204
 "contig-ratio-green-core" 1.0625
 "contig-ratio-red-core" 0.875
