 "a-count" 11
 "b-count" 1
 "c-color-count" 27
 "c-express-count" 27
 "d-color-count" 17
 "d-express-count" 17
 "cell-count" 56
 15 1 -3 293
 15 3 3 151
 15 -2 -1 60
 105 -3 3 13
 15 -1 -3 61
 15 3 -2 143
 15 -1 3 111
 15 -2 2 330
 15 -4 -1 130
 15 -3 -1 92
 15 4 0 84
 15 1 4 319
 15 -3 1 137
 15 3 0 127
 105 -4 1 129
 105 -3 -3 175
 105 -3 2 159
 105 0 4 42
 105 0 -4 92
 105 2 -3 322
 105 -4 0 120
 105 -1 -4 219
 15 -2 -3 318
 15 2 -1 149
 105 4 -1 328
 15 0 -3 39
 105 1 -4 46
 15 3 -1 197
 55 4 2 233
 55 1 2 250
 55 0 3 206
 55 1 -2 299
 55 1 -1 179
 55 2 2 326
 55 2 4 101
 55 -1 2 314
 55 0 0 142
 55 3 1 226
 55 1 3 145
 55 3 2 268
 55 2 -2 46
 55 -2 0 7
 55 -1 -1 301
 55 -1 -2 27
 55 0 2 217
 55 2 0 346
 55 0 -2 356
 55 -1 0 149
 5 2 1 324
 55 1 0 94
 55 1 1 20
 55 2 3 182
 55 0 1 66
 55 0 -1 54
 55 -1 1 17
 55 -2 1 245
 "contig-ratio-green-core" 0.7058823529411765
 "contig-ratio-red-core" 1.0833333333333333
 "a-count" 6
 "b-count" 5
 "c-color-count" 23
 "c-express-count" 23
 "d-color-count" 22
 "d-express-count" 22
 "cell-count" 56
 15 2 3 240
 15 3 2 204
 15 -2 3 31
 15 1 -3 264
 15 -3 2 3
 15 0 -3 270
 105 -1 -4 44
 105 1 -2 96
 105 0 -4 167
 15 0 1 208
 105 1 -4 123
 15 -2 2 107
 15 -1 3 172
 15 2 -2 79
 15 -3 -3 247
 15 2 -1 82
 15 -1 4 1
 15 -2 -2 178
 15 1 3 347
 105 -2 -3 296
 105 0 4 1
 15 -1 2 5
 15 -1 -2 103
 15 1 4 197
 15 3 3 135
 15 0 2 115
 15 -1 1 266
 15 0 -2 229
 55 3 1 100
 55 -2 1 62
 55 -1 -1 224
 55 0 -1 337
 55 2 -3 209
 5 3 -2 286
 55 1 0 116
 5 3 -3 15
 55 2 2 84
 55 1 1 64
 55 -4 0 220
 55 2 1 65
 55 3 0 328
 55 0 0 351
 5 4 0 315
 55 -2 -1 349
 5 4 1 265
 55 -3 -1 289
 5 -3 3 76
 55 -3 -2 53
 55 -2 0 178
 55 -1 0 88
 55 -4 -1 75
 55 3 -1 86
 55 2 0 318
 55 -3 0 14
 55 1 2 58
 55 -3 1 319
 "contig-ratio-green-core" 0.8823529411764706
 "contig-ratio-red-core" 0.7368421052631579
 "a-count" 8
 "b-count" 4
 "c-color-count" 25
 "c-express-count" 24
 "d-color-count" 20
 "d-express-count" 20
 "cell-count" 56
 15 4 1 13
 15 -2 -2 264
 15 -4 0 340
 15 3 2 319
 15 -4 2 262
 105 -3 -3 151
 15 2 -2 54
 15 3 0 271
 15 0 3 189
 105 -2 -3 23
 15 -1 -3 252
 15 2 2 91
 15 1 3 180
 105 3 3 189
 105 -1 -4 65
 15 -3 -1 116
 15 2 3 67
 105 4 0 83
 15 -3 0 186
 15 -3 3 336
 15 -3 2 108
 105 -2 3 44
 105 -3 -2 55
 15 0 -4 228
 105 -1 4 284
 15 3 1 11
 15 -3 1 287
 15 -2 2 77
 55 -2 0 1
 55 0 -2 170
 55 0 -1 97
 55 -1 0 99
 55 -1 -2 237
 55 -1 1 62
 55 1 -1 150
 5 3 -2 212
 55 0 2 214
 55 1 0 306
 55 2 0 226
 55 0 0 129
 55 1 -2 175
 55 -1 2 293
 55 -2 1 217
 5 4 -1 177
 55 2 1 144
 55 2 -3 285
 55 -1 3 33
 5 0 4 260
 55 1 2 334
 55 1 -3 322
 55 -1 -1 223
 55 1 1 200
 55 2 -1 6
 55 0 1 323
 55 -2 -1 71
 55 0 -3 185
 "contig-ratio-green-core" 0.8666666666666667
 "contig-ratio-red-core" 0.7333333333333333
 "a-count" 6
 "b-count" 7
 "c-color-count" 21
 "c-express-count" 21
 "d-color-count" 22
 "d-express-count" 22
 "cell-count" 56
 15 -2 -2 181
 15 -1 -1 356
 105 -3 3 23
 105 -1 -4 359
 105 1 -3 309
 15 -1 3 100
 15 0 -2 95
 15 -2 2 341
 15 1 4 313
 15 0 0 143
 15 3 2 128
 15 1 0 168
 15 0 -1 0
 15 -4 0 177
 15 -3 1 33
 15 1 -1 87
 105 3 -1 288
 15 -1 -2 207
 105 2 -3 266
 15 -1 4 204
 15 2 3 111
 15 -1 -3 256
 15 0 -3 307
 15 -2 3 202
 105 0 -4 17
 15 2 2 10
 15 2 0 303
 15 1 -4 309
 55 3 1 194
 55 -2 0 18
 5 1 -2 33
 55 2 1 97
 55 1 2 254
 55 0 4 170
 55 -1 1 18
 55 -3 0 186
 55 -1 2 156
 55 -1 0 200
 5 3 -2 235
 5 -2 -3 161
 55 -2 1 188
 55 -3 -2 76
 5 3 -3 251
 55 0 2 60
 55 1 1 25
 55 0 3 82
 5 3 3 196
 55 3 0 231
 55 1 3 278
 55 4 1 169
 5 -4 1 344
 55 -2 -1 127
 55 4 0 283
 5 2 -1 2
 55 -3 -1 222
 55 0 1 16
 "contig-ratio-green-core" 0.8235294117647058
 "contig-ratio-red-core" 0.875
