 "a-count" 5
 "b-count" 10
 "c-color-count" 19
 "c-express-count" 18
 "d-color-count" 23
 "d-express-count" 23
 "cell-count" 56
 105 -1 4 88
 15 2 1 232
 15 -2 1 189
 15 0 -2 177
 15 1 -3 346
 105 -3 -3 213
 15 -3 1 227
 15 -2 0 66
 15 0 -3 76
 15 0 -4 303
 15 -1 0 1
 15 1 3 74
 105 -2 -2 164
 15 2 2 256
 15 -3 -1 221
 15 -3 0 305
 15 -2 2 355
 15 0 3 14
 15 -1 1 71
 15 -1 -3 299
 105 1 4 216
 15 -1 -1 185
 15 -2 -1 286
 15 -1 -2 115
 15 3 1 172
 15 -3 -2 136
 15 2 3 87
 105 -4 -1 3
 55 1 -1 182
 55 0 2 277
 55 -2 3 348
 5 -2 -3 190
 5 3 2 206
 5 2 -3 319
 5 3 -3 233
 55 -1 3 199
 55 0 -1 234
 55 1 0 128
 55 2 -1 1
 55 0 1 102
 5 3 0 77
 55 0 0 337
 55 1 -2 181
 55 1 1 184
 55 -1 -4 122
 55 2 0 322
 5 3 3 60
 55 -3 2 337
 55 0 4 61
 55 1 2 261
 55 4 -1 259
 5 -4 0 235
 5 2 -2 278
 5 3 -2 59
 55 1 -4 92
 55 3 -1 47
 "contig-ratio-green-core" 0.9090909090909091
 "contig-ratio-red-core" 0.875
 "a-count" 9
 "b-count" 4
 "c-color-count" 24
 "c-express-count" 24
 "d-color-count" 20
 "d-express-count" 19
 "cell-count" 56
 15 1 -3 124
 105 -3 3 141
 105 2 3 217
 15 -3 -1 271
 15 1 2 28
 105 3 3 291
 15 -1 3 347
 15 -2 2 33
 15 0 4 99
 15 -3 0 347
 15 2 2 174
 105 1 3 205
 15 -2 -3 252
 15 -4 1 260
 15 1 -2 81
 105 -3 -3 268
 105 -1 4 125
 15 0 -4 294
 105 4 1 253
 15 2 -2 171
 105 -3 -2 265
 15 3 2 157
 15 3 -2 102
 15 0 3 188
 15 -2 -2 338
 15 -4 0 123
 15 4 0 355
 15 1 -4 303
 55 -1 -3 214
 55 -3 1 338
 55 0 0 136
 55 -1 0 179
 5 3 -3 237
 55 -1 -2 334
 55 1 1 273
 55 1 4 322
 55 -1 1 348
 5 -4 -1 225
 5 -1 -1 100
 55 2 0 78
 55 0 -3 298
 55 4 -1 54
 55 -2 -1 235
 55 3 0 80
 55 0 -1 160
 55 2 1 81
 55 -2 1 9
 55 0 -2 252
 55 0 1 89
 55 -1 2 240
 55 0 2 63
 5 -1 -4 92
 55 3 1 258
 55 1 0 153
 55 3 -1 304
 55 -2 0 122
 "contig-ratio-green-core" 0.8421052631578947
 "contig-ratio-red-core" 1
 "a-count" 6
 "b-count" 6
 "c-color-count" 22
 "c-express-count" 22
 "d-color-count" 23
 "d-express-count" 22
 "cell-count" 56
 15 -1 -3 141
 15 -1 2 267
 15 -3 1 243
 15 -3 0 147
 105 -3 -1 94
 15 0 -2 34
 15 1 3 62
 15 -1 4 302
 15 3 1 266
 15 4 0 271
 15 -2 2 108
 15 -3 -2 194
 15 3 3 195
 15 -1 -4 115
 15 0 -3 202
 15 -2 1 2
 15 0 2 247
 15 1 2 282
 15 -3 -3 219
 105 -2 3 280
 105 2 3 291
 15 4 1 307
 15 1 -2 171
 15 3 0 345
 105 2 -3 137
 15 2 1 283
 15 0 3 341
 105 -4 0 148
 55 -2 0 314
 5 1 -4 124
 55 0 -1 260
 55 -2 -1 24
 5 2 -2 276
 55 1 0 303
 55 0 1 51
 55 -1 0 245
 55 -3 2 293
 55 -1 -2 265
 55 -1 1 306
 55 -2 -2 67
 5 -4 1 15
 55 2 -1 36
 55 3 2 321
 55 2 0 63
 55 0 4 52
 55 1 4 10
 5 -2 -3 105
 5 2 2 243
 55 3 -3 136
 55 1 1 39
 55 3 -1 167
 5 4 -1 160
 55 1 -1 234
 55 3 -2 347
 55 -1 -1 181
 55 0 0 73
 "contig-ratio-green-core" 1
 "contig-ratio-red-core" 0.65
 "a-count" 5
 "b-count" 5
 "c-color-count" 24
 "c-express-count" 23
 "d-color-count" 24
 "d-express-count" 23
 "cell-count" 56
 15 0 2 173
 15 0 3 136
 15 0 -3 47
 15 4 2 133
 15 -2 -2 166
 15 -1 2 121
 15 3 1 24
 105 2 -3 41
 105 3 -3 133
 105 -1 -4 328
 15 -1 -3 354
 15 -4 0 321
 15 -2 1 238
 15 1 3 205
 15 1 -4 345
 15 -3 -2 98
 15 3 -2 222
 15 -3 3 213
 15 1 -3 89
 15 2 -2 288
 15 2 1 88
 105 -3 2 18
 15 1 2 64
 15 2 0 27
 15 0 4 7
 15 2 -1 8
 15 1 1 277
 15 -4 -1 32
 55 -3 0 188
 55 -3 -3 18
 55 -4 1 103
 55 0 -1 329
 55 3 3 118
 55 -2 0 264
 55 4 -1 117
 55 -2 -1 258
 55 4 1 231
 55 0 1 132
 55 2 3 121
 55 1 -2 75
 5 1 4 239
 55 -1 1 87
 55 0 -2 325
 55 0 0 306
 55 4 -2 149
 55 -1 -1 108
 55 1 -1 240
 55 4 0 226
 5 -2 -3 56
 55 -1 0 32
 55 -2 3 327
 5 -3 1 286
 55 -3 -1 14
 55 1 0 44
 5 2 2 332
 55 -1 -2 327
 "contig-ratio-green-core" 1.0588235294117647
 "contig-ratio-red-core" 0.7368421052631579
