 "a-count" 4
 "b-count" 3
 "c-color-count" 25
 "c-express-count" 25
 "d-color-count" 26
 "d-express-count" 24
 "cell-count" 56
 15 1 3 96
 15 2 0 295
 15 2 -1 207
 15 0 2 309
 15 2 1 185
 15 0 1 82
 15 1 0 112
 15 0 4 61
 15 -1 0 118
 105 -2 2 75
 15 -3 -2 225
 15 1 1 185
 15 0 -1 211
 105 -4 1 245
 15 0 -2 193
 15 -2 0 30
 15 1 -3 190
 15 -2 1 257
 15 1 -1 262
 15 -3 2 259
 15 -3 0 60
 15 1 2 202
 15 -3 -1 197
 15 -3 3 346
 15 0 3 36
 15 1 -4 280
 15 1 -2 336
 15 0 0 270
 55 2 3 130
 55 3 2 113
 55 -1 -2 143
 5 3 -1 130
 55 -3 1 305
 55 3 1 238
 55 2 2 235
 55 -1 2 243
 55 0 -3 311
 55 -1 -4 71
 55 3 -2 45
 55 -2 3 54
 55 4 0 102
 55 3 3 227
 5 -1 -3 171
 55 3 0 265
 55 -1 4 54
 55 -4 0 152
 55 -1 3 341
 55 4 1 310
 55 3 -3 173
 55 -2 -2 217
 55 -2 -3 343
 5 0 -4 108
 55 2 -2 330
 55 -4 -1 120
 55 1 4 92
 55 4 -1 311
 "contig-ratio-green-core" 0.6521739130434783
 "contig-ratio-red-core" 0.8333333333333334
 "a-count" 2
 "b-count" 3
 "c-color-count" 25
 "c-express-count" 25
 "d-color-count" 26
 "d-express-count" 26
 "cell-count" 56
 15 1 2 21
 15 4 1 355
 15 0 4 229
 15 0 0 328
 15 -1 0 199
 15 1 -1 27
 15 -2 0 286
 15 0 1 98
 15 2 0 279
 15 0 3 175
 15 -1 4 108
 15 -3 1 82
 15 -4 0 29
 15 -1 -2 264
 15 -2 -2 333
 15 -1 -1 282
 15 1 3 159
 15 1 1 115
 15 1 0 50
 15 -3 2 302
 105 -2 -1 313
 15 2 -1 239
 15 -3 0 128
 15 0 -1 99
 15 3 1 18
 15 2 1 112
 15 0 2 230
 105 -4 1 163
 55 1 -3 301
 55 -1 -4 146
 5 3 -1 115
 55 -1 -3 124
 55 -1 2 157
 55 2 -3 358
 55 2 2 141
 55 0 -3 332
 55 -2 -3 0
 55 2 -2 40
 55 4 -1 238
 55 -3 -1 98
 55 -3 -3 224
 55 3 2 191
 5 1 -2 208
 55 -2 3 119
 55 3 0 309
 55 -4 -1 114
 55 3 3 317
 55 3 -3 228
 55 -1 3 30
 55 3 -2 143
 55 -3 -2 89
 5 -3 3 42
 55 0 -4 174
 55 1 -4 67
 55 4 0 192
 55 1 4 271
 "contig-ratio-green-core" 0.6
 "contig-ratio-red-core" 0.5714285714285714
 "a-count" 1
 "b-count" 8
 "c-color-count" 20
 "c-express-count" 20
 "d-color-count" 27
 "d-express-count" 27
 "cell-count" 56
 15 0 2 57
 15 -1 0 298
 15 1 2 351
 105 -3 -1 56
 15 1 3 352
 15 2 -1 322
 15 -1 4 161
 15 -1 -2 50
 15 2 1 318
 15 2 0 353
 15 -2 0 160
 15 1 -1 127
 15 3 1 273
 15 0 -2 138
 15 1 -3 99
 15 0 0 3
 15 4 1 3
 15 -1 1 332
 15 0 -3 9
 15 2 -2 66
 15 1 0 8
 15 0 1 340
 15 1 1 289
 15 -3 0 236
 15 -1 -1 259
 15 3 0 103
 15 0 3 287
 15 1 -2 207
 55 -3 -3 144
 55 -4 0 281
 55 -2 -2 351
 55 2 3 146
 55 3 2 277
 5 -2 2 202
 55 4 0 312
 55 -1 2 130
 5 -4 -1 161
 5 3 -3 194
 5 -1 3 267
 55 0 4 277
 5 -2 1 94
 55 -2 3 319
 55 -1 -4 9
 55 1 4 282
 55 -3 -2 243
 55 -3 1 147
 55 3 3 221
 55 1 -4 146
 5 0 -4 241
 5 -3 2 182
 55 3 -2 32
 55 -3 3 69
 5 2 -3 305
 55 -1 -3 11
 55 2 2 138
 55 -2 -1 40
 "contig-ratio-green-core" 0.7894736842105263
 "contig-ratio-red-core" 0.7222222222222222
 "a-count" 5
 "b-count" 3
 "c-color-count" 25
 "c-express-count" 25
 "d-color-count" 24
 "d-express-count" 23
 "cell-count" 56
 105 1 3 196
 15 0 -3 278
 15 2 0 123
 15 -1 -1 315
 15 3 -1 253
 15 1 1 81
 105 -4 1 2
 15 0 -2 149
 15 1 -1 98
 15 0 0 201
 15 -3 0 0
 15 3 1 232
 105 1 -2 250
 15 1 0 194
 15 -1 -2 132
 15 2 -1 97
 15 3 0 251
 15 -2 0 224
 15 -1 1 95
 105 0 2 112
 15 -2 -1 81
 15 0 1 177
 15 0 -1 306
 15 2 1 37
 15 1 2 19
 15 1 4 77
 15 -1 0 84
 15 1 -3 116
 55 -1 -3 129
 55 0 3 164
 5 -3 -1 78
 55 4 1 235
 55 -1 3 162
 55 -3 3 207
 55 2 2 145
 55 4 -1 216
 55 -3 1 15
 55 -2 2 103
 55 -2 3 340
 55 -2 1 65
 55 -4 0 81
 55 -2 -3 179
 55 3 3 306
 55 -3 2 338
 55 2 3 167
 55 0 -4 359
 55 3 -2 211
 55 4 0 243
 55 1 -4 353
 55 -1 -4 23
 5 2 -2 219
 5 -1 4 237
 55 -3 -3 289
 55 -2 -2 117
 55 3 2 145
 55 0 4 245
 "contig-ratio-green-core" 0.5454545454545454
 "contig-ratio-red-core" 1
