 "a-count" 4
 "b-count" 5
 "c-color-count" 24
 "c-express-count" 23
 "d-color-count" 25
 "d-express-count" 24
 "cell-count" 56
 15 0 4 53
 15 -1 4 90
 15 0 3 10
 105 1 4 76
 15 -2 0 167
 15 0 -3 8
 15 0 -1 275
 15 2 0 170
 15 -4 0 164
 15 0 1 359
 15 -1 1 332
 15 0 0 219
 105 -2 2 103
 15 1 1 65
 15 3 1 32
 15 0 -4 235
 15 2 1 159
 105 1 2 135
 15 0 -2 344
 15 1 0 34
 15 -4 1 301
 15 1 -1 175
 15 -3 0 172
 15 -1 -2 180
 15 2 -1 201
 15 3 0 43
 15 1 -2 141
 15 0 2 309
 5 -1 2 312
 55 -1 -1 143
 55 -2 3 338
 5 3 2 339
 55 -1 -3 135
 55 4 -1 18
 55 3 -3 299
 55 3 -2 109
 55 -2 -2 114
 5 3 3 9
 55 -1 3 149
 55 2 3 10
 55 -3 -2 62
 55 1 -3 135
 55 1 3 143
 55 1 -4 28
 55 -3 -1 130
 55 -1 -4 47
 5 -3 1 357
 55 2 -2 33
 55 -4 -1 60
 55 4 1 292
 55 4 0 215
 55 -2 1 332
 55 3 -1 152
 55 2 -3 228
 55 -1 0 252
 55 -3 3 232
 "contig-ratio-green-core" 0.7142857142857143
 "contig-ratio-red-core" 0.875
 "a-count" 4
 "b-count" 4
 "c-color-count" 24
 "c-express-count" 24
 "d-color-count" 24
 "d-express-count" 24
 "cell-count" 56
 15 -2 -3 344
 105 -4 -1 290
 15 0 2 338
 15 0 -3 242
 15 0 1 11
 15 -1 1 10
 15 0 0 108
 105 3 1 62
 105 -3 -2 142
 15 0 -1 211
 15 -1 3 278
 105 3 -3 129
 15 -2 -2 116
 15 2 0 197
 15 1 1 141
 15 -1 0 68
 15 -1 -2 218
 15 -2 0 18
 15 0 -2 182
 15 -4 1 221
 15 1 2 132
 15 -1 -1 117
 15 -1 2 357
 15 -3 0 209
 15 2 1 86
 15 1 -2 349
 15 1 -1 245
 15 1 0 26
 55 -2 2 175
 55 2 -2 33
 55 1 -4 152
 55 3 -2 264
 55 4 1 146
 5 3 2 154
 55 3 -1 23
 55 1 -3 232
 55 -1 -3 237
 55 -2 1 186
 55 3 3 278
 5 -1 -4 319
 55 -4 0 162
 55 0 3 312
 55 -3 -3 161
 55 -3 -1 15
 55 2 2 57
 5 4 -1 155
 55 1 4 173
 55 -3 1 326
 55 0 4 281
 55 0 -4 40
 55 2 3 283
 55 2 -1 17
 55 -3 2 178
 5 1 3 244
 55 -1 4 271
 55 -3 3 143
 "contig-ratio-green-core" 0.7894736842105263
 "contig-ratio-red-core" 0.9333333333333333
