 "a-count" 2
 "b-count" 8
 "c-color-count" 20
 "c-express-count" 20
 "d-color-count" 27
 "d-express-count" 26
 "cell-count" 56
 15 -1 0 65
 15 2 0 57
 15 0 -1 256
 15 3 0 217
 15 -4 1 136
 15 1 0 18
 15 2 1 354
 15 -1 2 172
 15 -1 3 280
 15 -3 1 243
 15 -2 -3 215
 15 1 -1 160
 15 -1 -2 25
 15 -1 -1 85
 15 0 3 266
 15 -1 4 100
 15 0 2 169
 105 2 -2 29
 15 0 -2 161
 15 0 -3 98
 15 0 1 290
 15 -1 -3 311
 15 1 1 63
 15 -2 1 8
 15 1 2 238
 15 -1 1 178
 15 1 -2 354
 15 -2 0 53
 55 2 -1 240
 55 -2 -2 18
 55 4 0 157
 55 0 4 48
 55 0 -4 24
 5 -3 -1 7
 55 2 -3 117
 55 3 2 311
 5 3 -2 154
 55 2 2 231
 55 3 -3 237
 55 3 -1 236
 5 2 3 12
 55 -3 3 107
 5 -3 -2 260
 5 -2 -1 31
 55 -1 -4 205
 5 -2 2 20
 55 3 1 341
 55 1 4 234
 55 -3 -3 11
 5 -3 0 188
 55 4 1 21
 55 1 3 8
 5 3 3 327
 55 1 -3 271
 55 -4 0 312
 55 -3 2 19
 "contig-ratio-green-core" 0.7368421052631579
 "contig-ratio-red-core" 0.5909090909090909
 "a-count" 4
 "b-count" 8
 "c-color-count" 21
 "c-express-count" 20
 "d-color-count" 25
 "d-express-count" 24
 "cell-count" 56
 15 0 1 308
 15 3 0 67
 15 2 -1 324
 15 -1 4 299
 105 1 -4 129
 15 2 1 351
 15 0 2 180
 15 0 3 198
 15 2 3 202
 15 -1 -2 128
 15 0 -2 128
 15 0 -1 18
 105 -3 -1 318
 15 3 1 212
 15 -1 -1 15
 15 2 0 22
 15 0 0 131
 15 -2 3 278
 15 1 0 195
 105 -1 2 148
 15 1 1 122
 15 -2 0 315
 15 2 -2 304
 15 1 -2 145
 15 1 -1 256
 15 -2 -3 318
 15 -1 1 226
 15 -1 0 42
 55 4 0 5
 55 4 1 328
 55 1 -3 4
 5 -3 -2 192
 55 2 2 232
 55 -2 -1 240
 5 -2 2 77
 55 3 3 212
 55 -1 -4 30
 55 -3 3 87
 55 -3 -3 269
 55 -3 2 222
 55 0 -3 153
 5 3 2 262
 55 -4 1 38
 55 1 2 333
 55 -1 -3 187
 55 4 -1 60
 5 -4 -1 123
 55 0 4 154
 55 2 -3 274
 55 -3 1 314
 5 -3 0 357
 55 -1 3 231
 55 3 -1 235
 5 1 3 84
 5 1 4 8
 55 3 -2 262
 "contig-ratio-green-core" 0.8
 "contig-ratio-red-core" 0.9285714285714286
 "a-count" 6
 "b-count" 5
 "c-color-count" 23
 "c-express-count" 23
 "d-color-count" 23
 "d-express-count" 22
 "cell-count" 56
 15 -1 2 152
 15 1 -1 347
 105 0 4 217
 15 2 -2 305
 15 -1 0 155
 15 0 0 59
 15 1 0 297
 15 2 1 181
 15 -3 0 321
 105 -3 2 62
 15 1 1 202
 15 -2 1 275
 105 -1 -2 189
 15 1 2 87
 105 1 4 232
 15 0 -1 137
 15 -1 1 282
 15 2 3 110
 15 -1 3 348
 15 0 1 143
 15 -3 -3 294
 15 -1 -3 229
 15 0 2 98
 15 0 3 21
 15 3 0 88
 15 2 0 155
 15 -2 0 78
 105 -2 3 118
 55 2 -3 304
 55 2 2 15
 55 -1 -4 94
 55 -3 -2 105
 55 2 -1 174
 5 -2 -3 190
 5 3 -2 175
 55 3 1 316
 55 -3 1 284
 55 3 2 140
 55 3 -1 128
 55 3 3 41
 55 -3 -1 261
 55 1 -3 324
 5 -3 3 227
 5 0 -3 113
 55 -2 2 221
 55 4 0 31
 55 4 -1 324
 5 -4 0 141
 55 1 3 176
 55 -4 1 172
 55 -2 -1 138
 55 1 -2 278
 55 -1 -1 192
 55 -4 -1 34
 55 -1 4 249
 55 1 -4 79
 "contig-ratio-green-core" 0.7058823529411765
 "contig-ratio-red-core" 1
 "a-count" 4
 "b-count" 4
 "c-color-count" 24
 "c-express-count" 24
 "d-color-count" 26
 "d-express-count" 24
 "cell-count" 56
 15 -2 -2 138
 15 -4 1 274
 15 -3 -1 141
 15 -1 0 107
 15 -3 0 150
 15 -2 0 266
 15 -1 -1 198
 15 -1 4 35
 15 -1 3 329
 15 2 0 96
 15 3 0 327
 15 1 2 233
 15 1 0 68
 15 -2 1 222
 15 3 -1 0
 15 0 0 260
 105 2 -1 31
 15 0 -1 269
 15 1 1 354
 15 -1 2 15
 15 -1 1 54
 15 1 -2 50
 15 0 2 247
 15 -3 3 153
 15 2 1 254
 15 -2 -1 137
 15 0 1 351
 105 0 3 136
 55 -1 -4 296
 5 3 -3 161
 55 2 -2 111
 55 -4 -1 102
 5 -4 0 24
 55 3 2 346
 5 -1 -3 236
 55 -1 -2 226
 55 2 -3 349
 55 -2 2 158
 55 3 -2 262
 55 0 -2 242
 55 -3 1 127
 55 -2 3 266
 5 3 1 14
 55 4 0 194
 55 0 -4 79
 55 1 4 0
 55 3 3 220
 55 -3 -3 2
 55 1 3 351
 55 0 -3 309
 55 2 2 134
 55 0 4 287
 55 1 -1 174
 55 -3 -2 336
 55 -3 2 347
 55 4 -1 268
 "contig-ratio-green-core" 0.6956521739130435
 "contig-ratio-red-core" 1
