 "a-count" 2
 "b-count" 4
 "c-color-count" 24
 "c-express-count" 24
 "d-color-count" 26
 "d-express-count" 26
 "cell-count" 56
 15 -2 -1 183
 15 0 -1 303
 15 -3 -3 312
 15 -2 0 232
 15 0 0 126
 15 1 -3 96
 105 3 2 214
 15 -3 0 239
 15 1 1 87
 15 3 1 152
 15 0 -3 196
 15 0 4 335
 15 -4 -1 298
 15 0 3 16
 15 -2 -3 295
 15 2 1 88
 15 -1 3 121
 15 1 0 222
 15 -1 0 166
 15 0 -2 109
 15 4 -1 167
 15 2 0 335
 105 4 1 275
 15 0 2 47
 15 3 0 329
 15 0 1 41
 15 -1 4 161
 15 -1 -1 307
 5 2 2 174
 55 3 3 179
 55 3 -2 322
 55 -3 3 165
 55 -3 1 49
 55 -2 1 11
 55 -2 -2 97
 5 -4 1 60
 55 -3 -2 47
 55 2 -2 260
 55 0 -4 221
 55 -4 0 328
 55 -1 -2 313
 55 -1 1 174
 5 2 -1 22
 55 4 0 136
 55 1 -2 117
 55 3 -3 7
 55 2 3 102
 55 -3 2 278
 55 1 -4 234
 55 -1 -4 48
 55 -1 2 269
 55 1 2 226
 55 -2 3 214
 55 1 3 217
 55 3 -1 149
 5 -2 2 50
 "contig-ratio-green-core" 0.7142857142857143
 "contig-ratio-red-core" 0.8
 "a-count" 5
 "b-count" 6
 "c-color-count" 23
 "c-express-count" 22
 "d-color-count" 24
 "d-express-count" 23
 "cell-count" 56
 15 0 3 178
 105 -2 1 333
 15 0 2 292
 15 2 -3 152
 15 -1 -1 124
 15 1 1 347
 15 3 -2 312
 15 -1 -4 322
 105 -1 -3 172
 15 -1 -2 296
 15 0 -2 244
 15 0 -4 105
 15 -4 0 27
 15 4 -2 109
 15 0 -3 214
 15 -1 0 286
 15 -2 0 50
 15 0 0 48
 15 3 -3 316
 15 1 -1 320
 15 0 1 266
 15 -1 1 44
 15 1 0 202
 15 3 3 147
 15 0 4 17
 105 -1 4 6
 15 0 -1 141
 105 1 3 166
 55 2 0 220
 55 1 -4 52
 5 3 2 150
 55 -3 -2 154
 55 4 1 192
 55 -2 2 339
 55 1 -2 297
 55 -2 3 199
 55 -1 3 112
 55 -4 1 330
 55 -2 -1 194
 5 3 -1 158
 55 -2 -3 71
 55 1 2 315
 55 -3 3 325
 5 -3 2 311
 55 1 4 31
 55 2 1 142
 55 -4 -1 107
 55 2 -1 34
 55 -2 -2 18
 55 4 -1 303
 55 2 -2 178
 55 2 3 43
 55 -3 -1 182
 5 4 0 331
 5 2 2 242
 55 3 0 207
 "contig-ratio-green-core" 0.7368421052631579
 "contig-ratio-red-core" 0.7058823529411765
 "a-count" 4
 "b-count" 5
 "c-color-count" 23
 "c-express-count" 23
 "d-color-count" 25
 "d-express-count" 24
 "cell-count" 56
 15 0 0 272
 15 4 1 300
 105 0 4 54
 15 0 -2 66
 15 1 2 300
 15 -3 0 17
 15 1 -2 102
 15 2 1 97
 15 -1 1 356
 15 1 3 51
 15 -1 -1 252
 15 -1 2 99
 15 1 -1 331
 15 1 0 335
 15 0 -3 213
 15 2 -1 303
 15 2 0 151
 105 0 -4 93
 15 -2 3 2
 15 0 2 85
 15 -2 0 243
 105 1 -4 350
 15 0 1 296
 15 -1 0 202
 15 1 1 98
 15 -3 3 150
 15 -2 -1 238
 15 0 -1 268
 55 2 2 45
 55 2 3 137
 55 4 -1 253
 55 -2 -3 101
 55 3 -1 113
 5 3 -2 292
 55 -1 -4 4
 5 -1 3 2
 55 3 -3 150
 55 -4 1 73
 55 -1 -3 231
 55 1 -3 174
 5 -3 1 273
 5 3 2 35
 55 -3 -3 25
 55 -3 -1 358
 55 3 0 128
 55 -1 -2 201
 55 -1 4 48
 55 -3 2 327
 5 -3 -2 107
 55 -2 -2 22
 55 3 1 212
 55 -4 -1 81
 55 2 -3 87
 55 -4 0 11
 55 3 3 229
 55 -2 2 142
 "contig-ratio-green-core" 0.6842105263157895
 "contig-ratio-red-core" 0.75
 "a-count" 4
 "b-count" 3
 "c-color-count" 25
 "c-express-count" 25
 "d-color-count" 26
 "d-express-count" 24
 "cell-count" 56
 15 0 1 233
 15 0 -1 0
 15 2 1 174
 15 2 0 201
 15 -2 0 350
 15 0 2 288
 15 3 3 197
 15 2 -2 190
 105 -1 4 37
 15 -3 3 265
 15 1 0 36
 15 4 0 58
 105 -1 3 207
 15 1 1 246
 15 1 -1 51
 15 0 3 297
 15 0 4 4
 15 -1 0 100
 15 -3 1 257
 15 0 0 46
 15 1 2 127
 15 -3 -1 17
 15 -1 1 326
 15 -4 0 304
 15 -3 0 132
 15 3 2 275
 15 -1 -1 304
 15 0 -4 153
 55 1 -3 209
 55 -2 -3 214
 55 0 -3 227
 5 0 -2 347
 55 -2 2 90
 55 1 -4 65
 55 2 3 184
 55 3 -1 108
 55 1 -2 306
 55 4 1 89
 55 -1 -2 41
 5 3 0 190
 55 -3 -2 312
 55 3 -3 343
 55 2 -1 298
 55 1 3 98
 55 -1 -4 126
 55 4 -1 47
 55 -4 1 71
 55 3 -2 287
 55 -2 1 145
 55 2 2 57
 55 -1 -3 281
 55 -2 -2 67
 5 -2 3 89
 55 -3 2 101
 55 -3 -3 22
 55 2 -3 92
 "contig-ratio-green-core" 0.8888888888888888
 "contig-ratio-red-core" 0.6666666666666666
