 "a-count" 7
 "b-count" 7
 "c-color-count" 22
 "c-express-count" 21
 "d-color-count" 23
 "d-express-count" 21
 "cell-count" 56
 15 0 1 265
 105 1 -3 108
 15 0 -3 300
 15 2 2 320
 15 -1 0 167
 15 1 1 133
 15 -1 -3 316
 105 3 0 9
 15 -1 -1 101
 15 2 1 193
 15 0 0 118
 15 0 -1 1
 15 1 0 172
 15 0 4 216
 105 3 1 237
 15 1 -2 154
 105 -2 -2 172
 15 -1 -2 155
 105 3 -2 272
 15 -3 1 251
 15 0 2 252
 15 -1 1 58
 15 1 -1 303
 15 -3 0 354
 15 -2 1 87
 15 -2 0 149
 15 1 2 354
 15 0 3 118
 55 3 -1 89
 55 4 1 2
 5 -3 -1 295
 5 3 3 133
 55 -4 1 318
 55 1 3 275
 55 -3 -3 290
 5 2 0 132
 55 0 -4 275
 55 -1 4 110
 55 -4 0 69
 55 4 0 71
 5 -3 -2 128
 55 -2 -3 211
 55 -1 -4 75
 55 -3 2 119
 55 2 3 126
 55 -1 2 317
 5 4 -1 35
 55 -2 2 145
 5 1 -4 221
 55 -3 3 41
 55 2 -2 27
 55 1 4 312
 55 -4 -1 202
 55 2 -1 92
 55 3 2 17
 55 2 -3 10
 "contig-ratio-green-core" 0.6428571428571429
 "contig-ratio-red-core" 0.8125
 "a-count" 1
 "b-count" 6
 "c-color-count" 22
 "c-express-count" 22
 "d-color-count" 27
 "d-express-count" 27
 "cell-count" 56
 15 0 0 193
 15 -3 0 264
 15 1 2 59
 15 -4 0 347
 15 -1 -3 147
 105 -2 -3 204
 15 -2 -1 277
 15 -1 1 289
 15 3 -2 156
 15 1 -1 253
 15 0 2 15
 15 -4 -1 323
 15 0 -2 307
 15 -2 1 338
 15 -1 -1 313
 15 1 1 240
 15 -1 0 228
 15 2 0 201
 15 -1 2 21
 15 3 -1 4
 15 2 1 69
 15 -2 0 337
 15 0 -1 104
 15 1 0 128
 15 0 -3 97
 15 2 -1 221
 15 2 -3 171
 15 0 1 190
 55 -3 -1 221
 5 1 -3 62
 55 -2 3 106
 55 -1 -4 322
 55 -4 1 311
 55 3 -3 19
 55 3 2 67
 55 4 0 206
 5 2 3 313
 55 -2 -2 203
 55 0 4 306
 55 -3 1 328
 55 2 -2 133
 55 1 3 28
 55 3 1 241
 55 3 3 211
 55 -1 4 354
 55 -1 3 266
 55 4 1 170
 55 0 3 334
 55 4 -1 314
 55 0 -4 309
 5 1 -4 250
 5 2 2 255
 5 -3 -3 230
 55 1 -2 247
 55 -2 2 290
 5 1 4 355
 "contig-ratio-green-core" 0.8235294117647058
 "contig-ratio-red-core" 0.9333333333333333
 "a-count" 4
 "b-count" 4
 "c-color-count" 24
 "c-express-count" 24
 "d-color-count" 24
 "d-express-count" 24
 "cell-count" 56
 15 -1 3 65
 15 1 0 326
 15 -1 -3 119
 15 -1 -2 195
 105 -1 4 71
 105 -1 -4 344
 15 -1 0 330
 105 -3 2 141
 15 -2 3 155
 15 2 1 63
 15 1 2 301
 15 -2 -1 217
 15 0 2 125
 15 0 -2 251
 15 -1 2 265
 15 -4 -1 201
 15 -1 -1 186
 15 0 1 353
 15 0 3 10
 15 1 3 156
 15 -1 1 227
 15 0 0 348
 15 -3 0 257
 15 0 -1 168
 15 1 1 199
 105 0 4 303
 15 -4 0 93
 15 -2 0 256
 5 1 -2 328
 55 2 -3 239
 5 2 -1 311
 55 2 -2 214
 55 4 0 71
 55 1 -3 222
 55 3 2 93
 55 -2 1 165
 55 3 0 98
 55 -3 1 287
 55 -2 -3 297
 55 3 1 161
 55 1 -4 204
 55 -2 -2 66
 55 0 -3 41
 55 2 0 94
 55 -3 3 83
 5 -4 1 312
 55 2 3 72
 55 4 -1 190
 55 -2 2 144
 55 2 2 14
 5 3 -2 223
 55 4 1 28
 55 1 4 278
 55 3 3 168
 55 1 -1 76
 55 0 -4 166
 "contig-ratio-green-core" 0.6842105263157895
 "contig-ratio-red-core" 0.7857142857142857
 "a-count" 2
 "b-count" 1
 "c-color-count" 27
 "c-express-count" 27
 "d-color-count" 26
 "d-express-count" 26
 "cell-count" 56
 105 2 3 14
 15 -1 -3 353
 15 0 -3 28
 15 -1 2 48
 15 -1 1 35
 15 1 1 21
 15 2 0 333
 15 -3 -1 153
 15 -1 0 117
 15 1 4 287
 15 -1 -2 237
 15 -2 -1 72
 15 1 2 47
 15 0 -2 192
 15 0 -1 134
 15 -2 0 111
 15 0 2 201
 15 -1 -1 358
 15 1 -3 287
 15 1 3 44
 15 1 0 216
 15 0 -4 246
 15 1 -1 220
 105 1 -4 355
 15 0 1 140
 15 0 0 147
 15 1 -2 225
 15 2 1 219
 55 -3 1 338
 55 -1 3 189
 55 -2 1 340
 55 4 1 179
 55 -4 -1 23
 55 -1 4 324
 55 -3 3 282
 55 -3 -2 192
 55 0 3 329
 55 4 -1 225
 5 -2 3 128
 55 -3 -3 126
 55 0 4 87
 55 3 1 227
 55 -2 -2 77
 55 2 -3 257
 55 3 -1 95
 55 -2 -3 251
 55 3 -3 28
 55 2 -2 312
 55 -2 2 127
 55 3 3 222
 55 -1 -4 100
 55 -4 0 166
 55 -3 0 196
 55 2 -1 248
 55 2 2 245
 55 -3 2 67
 "contig-ratio-green-core" 0.6363636363636364
 "contig-ratio-red-core" 0.9411764705882353
