 "a-count" 8
 "b-count" 8
 "c-color-count" 23
 "c-express-count" 20
 "d-color-count" 21
 "d-express-count" 20
 "cell-count" 56
 15 1 3 180
 105 -3 2 343
 15 1 2 178
 15 0 1 279
 15 2 1 180
 15 1 -1 86
 15 1 2 186
 15 0 0 13
 15 -1 1 62
 15 0 2 61
 15 2 2 79
 105 -3 -2 81
 105 -2 -1 261
 105 -2 2 46
 105 1 4 99
 15 3 -1 224
 15 2 0 38
 15 -3 1 102
 15 1 -4 172
 105 2 -3 215
 105 -1 0 194
 15 1 1 87
 15 1 0 57
 15 -4 1 66
 15 2 3 111
 15 0 -1 247
 15 -1 2 309
 15 0 4 238
 55 3 2 241
 55 1 -3 342
 5 2 -1 43
 55 -4 -1 53
 5 3 3 249
 55 -1 -1 116
 55 -2 -3 34
 55 -1 4 164
 5 0 -3 342
 55 -3 3 71
 55 -1 -4 90
 55 -1 -2 207
 55 -1 3 14
 55 4 1 129
 55 -3 -3 216
 55 -3 -1 323
 55 0 -2 271
 55 -2 1 49
 55 3 1 273
 5 -1 -3 213
 55 4 -1 199
 5 -3 0 258
 55 3 0 300
 55 4 0 62
 55 3 -2 21
 55 -4 0 147
 55 2 -2 75
 55 0 3 208
 "contig-ratio-green-core" 0.5263157894736842
 "contig-ratio-red-core" 0.7692307692307693
 "a-count" 4
 "b-count" 8
 "c-color-count" 21
 "c-express-count" 20
 "d-color-count" 25
 "d-express-count" 24
 "cell-count" 56
 15 -2 -1 154
 15 1 2 183
 15 0 2 18
 15 0 -1 267
 15 1 1 131
 15 -2 0 235
 15 -1 0 222
 15 -1 1 322
 15 1 -2 10
 15 -2 1 231
 15 0 -4 76
 15 0 -2 137
 15 2 1 62
 15 2 0 282
 15 -4 -1 80
 105 -3 -3 98
 15 3 0 25
 105 2 -1 191
 15 -1 -4 205
 15 1 -3 3
 15 0 -3 327
 15 0 1 299
 105 0 3 323
 15 3 1 235
 15 -1 -1 221
 15 1 0 323
 15 0 0 35
 15 2 2 283
 55 3 -3 22
 5 3 3 233
 5 -1 -3 294
 5 -3 1 2
 55 0 4 329
 55 -2 3 133
 55 2 -3 237
 55 4 1 66
 55 4 0 11
 55 2 -2 103
 55 -3 3 160
 55 3 -2 223
 55 -1 3 41
 55 -4 0 25
 55 1 -4 274
 55 1 4 295
 55 -1 -2 247
 5 -1 4 94
 55 2 3 41
 55 1 3 71
 55 -4 1 58
 5 3 -1 268
 55 -3 -2 196
 5 4 -1 270
 55 -1 2 164
 55 -3 -1 202
 5 -2 -2 24
 55 -2 2 187
 "contig-ratio-green-core" 0.6470588235294118
 "contig-ratio-red-core" 0.6111111111111112
 "a-count" 5
 "b-count" 6
 "c-color-count" 22
 "c-express-count" 22
 "d-color-count" 25
 "d-express-count" 23
 "cell-count" 56
 15 1 0 79
 15 2 3 86
 15 4 0 98
 15 0 -2 333
 15 -1 1 77
 15 0 1 252
 15 -1 -3 232
 15 1 1 266
 15 -1 0 321
 15 -2 0 173
 15 -2 -1 306
 15 0 0 172
 15 1 -3 259
 15 2 -2 210
 15 1 -1 20
 15 0 -1 299
 15 1 2 180
 15 1 3 222
 15 -1 -1 212
 15 -3 -3 135
 15 0 2 296
 105 -3 -2 196
 105 3 -1 220
 15 -1 4 63
 15 -1 2 275
 15 0 4 11
 15 4 -1 335
 105 3 2 119
 55 -1 -4 254
 55 -2 3 302
 5 -3 -1 148
 55 -4 0 103
 55 0 -4 306
 5 -2 1 308
 55 -3 0 162
 55 3 -3 342
 55 -3 2 166
 55 2 1 132
 55 1 4 325
 5 0 -3 300
 55 2 -3 241
 55 2 -1 310
 55 3 3 222
 55 3 1 233
 55 -4 1 186
 5 -2 2 100
 55 3 -2 16
 55 -2 -3 51
 5 -1 -2 173
 55 -3 3 167
 55 1 -2 189
 55 -3 1 219
 55 2 0 138
 55 3 0 309
 5 -4 -1 78
 55 -1 3 346
 "contig-ratio-green-core" 0.5882352941176471
 "contig-ratio-red-core" 0.5555555555555556
