 "a-count" 5
 "b-count" 6
 "c-color-count" 23
 "c-express-count" 22
 "d-color-count" 24
 "d-express-count" 23
 "cell-count" 56
 15 0 -1 293
 15 1 -1 119
 15 0 1 52
 15 -1 1 226
 105 -4 0 95
 15 -1 2 29
 15 -1 -2 55
 15 1 3 106
 15 2 1 271
 105 0 -4 129
 15 1 1 243
 15 -4 1 194
 15 1 2 74
 15 -1 0 288
 15 0 3 52
 15 1 -2 252
 15 0 0 18
 105 0 2 205
 15 -2 -1 96
 15 -3 0 251
 15 -2 0 163
 15 -1 3 173
 15 -1 -1 291
 105 2 -2 137
 15 3 2 123
 15 0 -2 37
 15 1 0 229
 15 0 4 146
 5 3 -3 59
 55 1 -4 226
 55 -3 2 76
 55 -1 -4 224
 55 1 4 144
 55 -2 -3 314
 55 -2 -2 169
 55 -3 -2 39
 55 -3 -3 280
 5 3 1 350
 5 3 -2 184
 55 -2 1 174
 55 2 2 199
 55 -3 1 5
 5 0 -3 197
 55 2 0 221
 5 2 -3 63
 55 3 3 207
 55 -1 -3 298
 55 -2 3 213
 55 4 0 47
 55 -2 2 281
 55 2 3 61
 55 3 -1 280
 55 -3 -1 60
 55 4 -1 10
 55 -4 -1 265
 55 4 1 148
 "contig-ratio-green-core" 0.631578947368421
 "contig-ratio-red-core" 0.7333333333333333
