 "a-count" 0
 "b-count" 19
 "c-color-count" 9
 "c-express-count" 9
 "d-color-count" 28
 "d-express-count" 28
 "cell-count" 56
 15 1 3 344
 15 0 1 105
 15 -1 -2 117
 15 2 -1 87
 15 -1 0 303
 15 1 2 40
 15 -1 2 103
 15 1 1 236
 15 -1 -2 310
 15 2 0 20
 15 -2 2 45
 15 0 0 240
 15 -2 -1 237
 15 -1 2 45
 15 1 4 152
 15 1 -2 338
 15 -2 1 121
 15 0 2 320
 15 0 -1 8
 15 -2 0 20
 15 1 -1 218
 15 2 2 296
 15 -1 -1 339
 15 2 1 13
 15 0 -2 54
 15 1 0 58
 15 -1 -1 237
 15 -1 1 323
 5 2 3 250
 5 -3 -1 237
 5 -2 3 174
 55 4 -1 121
 5 3 -3 152
 55 4 1 89
 5 0 3 124
 5 -3 0 47
 5 1 -3 96
 55 0 -4 85
 5 -1 -3 145
 55 3 0 309
 55 0 4 89
 55 -1 4 308
 5 -3 -2 133
 5 -2 -3 35
 5 3 3 204
 5 0 -3 39
 55 4 0 67
 5 -4 1 341
 5 -3 1 294
 5 3 -1 340
 55 1 -4 109
 5 2 -3 59
 5 -1 3 287
 5 -3 -3 83
 55 3 1 35
 5 2 -2 240
 "contig-ratio-green-core" 0.3333333333333333
 "contig-ratio-red-core" 0.1875
 "a-count" 0
 "b-count" 17
 "c-color-count" 11
 "c-express-count" 11
 "d-color-count" 28
 "d-express-count" 28
 "cell-count" 56
 15 0 3 61
 15 1 2 12
 15 1 0 147
 15 -3 -1 110
 15 3 3 196
 15 1 3 199
 15 -1 4 221
 15 -3 -2 226
 15 0 1 26
 15 2 -1 317
 15 0 2 135
 15 -1 -4 226
 15 1 1 190
 15 3 -1 89
 15 0 -4 92
 15 0 1 334
 15 -1 3 223
 15 -2 3 315
 15 0 4 195
 15 2 -2 297
 15 -1 2 54
 15 3 0 350
 15 2 0 43
 15 -2 2 265
 15 1 -1 80
 15 3 1 292
 15 2 1 123
 15 1 2 214
 55 0 -1 242
 5 4 1 8
 55 0 0 226
 5 -2 0 355
 5 0 -3 356
 5 0 5 240
 55 -3 1 311
 5 2 3 143
 5 1 -3 343
 5 -3 2 39
 5 1 -4 354
 55 0 -2 221
 5 -3 0 54
 55 -2 1 318
 55 3 2 23
 5 3 -2 101
 55 -1 1 11
 5 -2 -3 72
 5 2 -3 140
 55 -1 -1 144
 5 4 -1 35
 5 -4 0 39
 5 1 4 130
 5 -3 -3 81
 55 -1 -2 117
 55 2 2 1
 55 -1 0 291
 5 -1 -3 36
 "contig-ratio-green-core" 1.1
 "contig-ratio-red-core" 0.2857142857142857
 "a-count" 0
 "b-count" 20
 "c-color-count" 8
 "c-express-count" 8
 "d-color-count" 28
 "d-express-count" 28
 "cell-count" 56
 15 -2 2 222
 15 2 -2 179
 15 0 2 73
 15 -1 -1 8
 15 -2 1 170
 15 -1 1 179
 15 0 -3 41
 15 0 -2 119
 15 -3 1 236
 15 1 1 151
 15 0 3 123
 15 1 -1 41
 15 1 -2 153
 15 2 -1 238
 15 0 -1 60
 15 0 1 73
 15 -2 0 1
 15 3 0 342
 15 2 1 15
 15 -1 2 0
 15 3 1 52
 15 -1 -2 268
 15 -1 0 236
 15 2 0 39
 15 -1 -3 43
 15 -3 0 168
 15 0 0 29
 15 -1 3 351
 5 -3 3 9
 5 4 0 296
 5 -2 -3 131
 5 2 -3 339
 5 -3 2 57
 55 -3 -2 47
 55 -3 -1 20
 5 -4 0 159
 55 -2 -2 103
 55 1 3 334
 5 -2 -1 222
 5 -3 -3 125
 5 4 1 193
 5 0 -4 261
 55 1 4 123
 5 -1 4 137
 55 -4 -1 234
 5 3 -2 340
 5 3 2 260
 5 3 3 52
 5 1 2 175
 5 -4 1 14
 5 3 -3 136
 55 2 3 270
 5 4 -1 169
 5 3 -1 20
 5 1 -4 192
 55 -2 3 263
 "contig-ratio-green-core" 0.7142857142857143
 "contig-ratio-red-core" 0.2
