 "a-count" 0
 "b-count" 14
 "c-color-count" 14
 "c-express-count" 14
 "d-color-count" 28
 "d-express-count" 28
 "cell-count" 56
 15 -1 -3 242
 15 1 -1 231
 15 1 0 287
 15 -2 2 125
 15 0 -4 115
 15 1 2 189
 15 -1 -2 13
 15 2 2 124
 15 1 1 218
 15 3 2 325
 15 0 -1 157
 15 -1 0 58
 15 1 -4 335
 15 -2 1 24
 15 2 1 92
 15 -1 -4 19
 15 1 3 301
 15 -1 1 265
 15 -2 0 254
 15 3 1 99
 15 -3 0 47
 15 0 -2 247
 15 0 0 174
 15 1 -3 189
 15 -1 -1 8
 15 1 -2 305
 15 -3 1 124
 15 0 1 291
 5 2 -3 127
 5 1 4 257
 55 -4 0 51
 55 0 4 334
 5 -4 -1 173
 55 -4 -2 330
 55 2 -1 168
 5 -2 -3 234
 55 3 0 237
 55 -3 -2 320
 5 3 -3 249
 55 4 -1 30
 55 -3 -3 51
 5 -1 3 329
 55 0 2 164
 5 -3 3 272
 5 -1 4 1
 5 -4 1 305
 55 -2 -1 288
 5 2 0 313
 5 3 -2 275
 55 0 3 187
 55 -1 2 297
 5 -3 2 323
 5 -2 -2 147
 55 3 -1 156
 5 4 1 67
 55 -3 -1 193
 "contig-ratio-green-core" 0.9090909090909091
 "contig-ratio-red-core" 0.4
 "a-count" 0
 "b-count" 14
 "c-color-count" 14
 "c-express-count" 14
 "d-color-count" 28
 "d-express-count" 28
 "cell-count" 56
 15 2 1 33
 15 1 0 104
 15 -3 -1 57
 15 -3 2 34
 15 -4 -2 354
 15 0 -2 69
 15 0 1 294
 15 1 1 231
 15 -2 1 57
 15 0 2 320
 15 -3 0 283
 15 -2 -1 356
 15 0 -1 61
 15 1 2 318
 15 -1 -1 63
 15 0 3 230
 15 -1 0 202
 15 -2 0 76
 15 1 -3 40
 15 1 -1 340
 15 2 -1 95
 15 0 0 311
 15 -3 1 200
 15 1 -2 221
 15 2 0 26
 15 -1 1 329
 15 2 2 347
 15 3 1 312
 55 -3 -2 140
 5 2 3 247
 5 -4 1 284
 55 -4 -1 278
 5 3 -1 259
 55 4 -1 30
 5 1 4 200
 5 -2 3 294
 5 1 -4 153
 5 -3 3 247
 5 0 -4 217
 55 4 0 216
 55 2 -2 207
 5 3 2 97
 55 -4 0 161
 55 -1 2 83
 5 -1 -3 124
 5 0 -3 107
 55 -2 2 113
 55 -1 4 31
 5 -2 -2 43
 55 3 -2 145
 55 3 0 253
 55 -3 -3 13
 55 0 4 174
 55 3 -3 31
 5 -1 3 310
 5 -1 -2 238
 "contig-ratio-green-core" 0.8333333333333334
 "contig-ratio-red-core" 0.4444444444444444
 "a-count" 0
 "b-count" 16
 "c-color-count" 12
 "c-express-count" 12
 "d-color-count" 28
 "d-express-count" 28
 "cell-count" 56
 15 2 2 154
 15 -1 -2 126
 15 3 2 127
 15 1 3 346
 15 -1 3 256
 15 0 2 289
 15 2 -2 305
 15 -1 -3 254
 15 3 1 227
 15 -3 1 3
 15 0 3 178
 15 -3 -2 158
 15 -1 2 231
 15 -2 2 83
 15 1 -2 205
 15 3 -1 344
 15 2 1 145
 15 1 4 297
 15 0 -3 344
 15 -2 -2 230
 15 1 -4 88
 15 -2 1 241
 15 1 -3 218
 15 0 -2 341
 15 1 2 250
 15 3 0 247
 15 0 4 174
 15 3 -2 93
 55 -1 1 62
 5 -1 -4 73
 55 -1 -1 342
 5 3 3 201
 55 -3 -1 240
 55 0 0 280
 55 2 0 128
 5 -2 3 131
 5 4 -1 326
 5 -2 0 166
 55 1 0 57
 5 -1 0 165
 5 -1 4 290
 55 0 -1 248
 55 0 1 204
 55 -4 -1 318
 55 1 1 39
 5 4 0 124
 5 -2 -3 155
 5 -4 1 205
 55 -2 -1 213
 5 2 -1 278
 5 4 2 33
 5 2 3 138
 5 2 -3 83
 5 -4 0 62
 55 4 1 318
 5 1 -1 284
 "contig-ratio-green-core" 1.125
 "contig-ratio-red-core" 0.34782608695652173
