 "a-count" 0
 "b-count" 16
 "c-color-count" 12
 "c-express-count" 12
 "d-color-count" 28
 "d-express-count" 28
 "cell-count" 56
 15 3 2 112
 15 -3 2 193
 15 0 -1 76
 15 1 -4 281
 15 -4 1 338
 15 1 -1 63
 15 1 -2 75
 15 -3 1 28
 15 1 0 295
 15 2 -1 258
 15 3 -1 233
 15 -1 0 36
 15 3 1 58
 15 -1 -1 176
 15 2 3 273
 15 -2 -1 10
 15 -2 0 50
 15 1 -3 171
 15 -1 -4 220
 15 2 0 191
 15 1 3 14
 15 0 -2 225
 15 0 0 245
 15 3 0 53
 15 -3 0 212
 15 -4 2 245
 15 0 -3 119
 15 0 -4 104
 55 -1 2 106
 5 -1 3 353
 5 -1 -3 221
 5 -2 1 238
 55 3 -2 77
 5 2 2 91
 5 2 -2 346
 5 -2 -2 63
 55 4 0 11
 55 0 2 328
 5 2 -3 267
 5 0 4 90
 5 -1 1 150
 55 -2 -3 342
 55 1 2 129
 55 4 -1 77
 5 -1 -2 104
 5 0 3 162
 5 3 3 132
 55 2 1 171
 5 -1 4 126
 5 -3 -1 305
 55 1 1 253
 55 -2 2 180
 5 4 1 185
 5 3 -3 235
 55 0 1 214
 55 -3 -3 296
 "contig-ratio-green-core" 0.7777777777777778
 "contig-ratio-red-core" 0.32
 "a-count" 0
 "b-count" 12
 "c-color-count" 16
 "c-express-count" 16
 "d-color-count" 28
 "d-express-count" 28
 "cell-count" 56
 15 0 -2 228
 15 -2 -1 98
 15 0 -1 0
 15 -1 -2 164
 15 0 1 98
 15 3 -2 320
 15 2 1 329
 15 -1 4 318
 15 -1 2 185
 15 1 1 304
 15 -2 -2 132
 15 0 -4 278
 15 0 4 334
 15 -1 3 164
 15 0 -3 134
 15 1 3 269
 15 -2 1 293
 15 0 3 239
 15 3 -3 178
 15 2 2 329
 15 1 2 106
 15 -2 0 143
 15 -1 0 113
 15 -2 4 275
 15 0 0 231
 15 -1 -1 307
 15 -1 1 82
 15 0 2 307
 55 4 1 115
 5 1 -4 88
 55 2 3 249
 55 3 -1 74
 55 -3 2 19
 5 -1 -3 295
 55 -2 2 293
 55 4 0 210
 5 2 0 182
 55 1 -1 151
 55 -3 -1 214
 55 3 3 259
 5 2 -2 16
 5 2 -3 331
 5 3 2 178
 55 -3 0 302
 55 3 0 1
 55 -3 -2 350
 5 -4 1 282
 5 -1 -4 67
 5 1 -2 189
 55 -4 -1 320
 5 -4 0 13
 55 1 0 154
 55 -3 3 326
 55 3 1 210
 5 1 4 132
 5 -2 3 51
 "contig-ratio-green-core" 0.7857142857142857
 "contig-ratio-red-core" 0.45
 "a-count" 0
 "b-count" 12
 "c-color-count" 16
 "c-express-count" 16
 "d-color-count" 28
 "d-express-count" 28
 "cell-count" 56
 15 1 3 244
 15 3 0 211
 15 0 -1 187
 15 2 -1 261
 15 1 4 347
 15 -1 -3 340
 15 -2 4 321
 15 2 -2 117
 15 0 -2 300
 15 1 -2 61
 15 1 -4 36
 15 -3 2 306
 15 -4 1 320
 15 1 -1 83
 15 -1 4 207
 15 -3 1 341
 15 0 -3 282
 15 -1 -2 341
 15 3 1 66
 15 4 1 183
 15 3 -1 81
 15 -4 0 33
 15 3 2 152
 15 -1 -1 280
 15 -3 0 309
 15 0 4 123
 15 -2 1 317
 15 1 -3 93
 5 4 -1 147
 5 1 0 115
 55 2 1 36
 55 0 0 307
 55 2 0 49
 55 2 2 148
 5 -2 2 61
 55 0 -4 17
 5 3 -3 181
 55 -2 0 207
 55 0 1 247
 55 1 1 221
 5 2 -3 300
 55 -3 -1 119
 5 -3 -3 271
 55 -2 -2 119
 5 -2 -3 164
 5 -1 2 253
 5 -2 -1 159
 55 1 2 156
 55 -1 0 147
 5 -1 3 172
 55 -1 1 115
 55 -3 -2 327
 5 3 3 351
 55 0 2 135
 5 4 0 210
 55 3 -2 98
 "contig-ratio-green-core" 0.9230769230769231
 "contig-ratio-red-core" 0.5454545454545454
 "a-count" 0
 "b-count" 15
 "c-color-count" 13
 "c-express-count" 13
 "d-color-count" 28
 "d-express-count" 28
 "cell-count" 56
 15 0 1 345
 15 2 0 341
 15 -1 0 132
 15 3 0 195
 15 1 -2 66
 15 -1 -1 172
 15 0 2 281
 15 4 0 135
 15 0 3 77
 15 1 2 25
 15 2 -2 344
 15 -2 1 280
 15 -1 2 108
 15 1 3 87
 15 0 -1 231
 15 -1 1 321
 15 1 -1 223
 15 2 -1 328
 15 1 0 282
 15 -2 -1 48
 15 0 0 186
 15 0 -2 251
 15 1 1 229
 15 3 -1 59
 15 -2 0 134
 15 -1 -2 36
 15 -3 1 3
 15 -2 -2 322
 55 -3 -2 77
 55 -2 2 75
 5 -4 1 302
 55 -3 -1 41
 55 -2 4 178
 55 3 3 3
 5 3 -3 338
 55 -1 -4 41
 55 -3 0 272
 5 3 1 92
 5 -3 -3 337
 55 0 -4 313
 5 -1 -3 125
 5 1 -3 129
 55 4 2 283
 55 -2 3 29
 5 0 4 359
 5 2 -3 328
 55 1 -4 34
 5 -4 -1 265
 55 3 2 291
 5 1 4 51
 5 -2 -3 102
 55 1 -5 182
 5 4 -1 269
 5 2 1 290
 5 3 -2 76
 5 -3 2 164
 "contig-ratio-green-core" 0.5
 "contig-ratio-red-core" 0.2222222222222222
