 "a-count" 0
 "b-count" 16
 "c-color-count" 12
 "c-express-count" 12
 "d-color-count" 28
 "d-express-count" 28
 "cell-count" 56
 15 -1 2 126
 15 1 2 339
 15 1 1 237
 15 3 0 175
 15 0 2 359
 15 -1 -3 273
 15 -1 -4 168
 15 2 -1 143
 15 2 0 311
 15 -2 0 28
 15 2 -2 8
 15 1 -2 170
 15 2 1 73
 15 -2 1 15
 15 -3 2 95
 15 0 -2 154
 15 0 1 171
 15 1 -1 278
 15 -1 1 226
 15 0 -3 164
 15 -3 0 195
 15 1 -3 5
 15 -3 1 140
 15 3 1 336
 15 2 -3 46
 15 4 1 297
 15 1 0 11
 15 -2 2 328
 5 -2 -3 159
 5 -4 0 305
 5 -2 3 65
 55 -1 -2 270
 5 -3 -1 5
 5 0 -1 357
 5 -3 -3 175
 55 -1 -1 68
 5 0 3 120
 55 3 -2 250
 5 0 -4 93
 5 1 -4 220
 5 -2 -2 140
 55 -1 4 124
 55 4 -2 117
 5 -2 -1 137
 5 1 4 25
 5 3 2 227
 55 1 3 299
 5 2 2 267
 5 -4 1 17
 55 -1 3 325
 55 4 -1 325
 55 -1 0 55
 55 0 0 20
 5 -4 -1 345
 55 2 3 238
 55 0 4 134
 "contig-ratio-green-core" 0.8181818181818182
 "contig-ratio-red-core" 0.25
