 "a-count" 0
 "b-count" 15
 "c-color-count" 13
 "c-express-count" 13
 "d-color-count" 28
 "d-express-count" 28
 "cell-count" 56
 15 -1 -3 68
 15 0 -1 332
 15 0 1 13
 15 2 1 82
 15 0 2 127
 15 1 3 186
 15 -2 -3 159
 15 0 0 353
 15 2 2 349
 15 -1 0 322
 15 2 3 325
 15 -1 -4 205
 15 -2 -1 345
 15 3 2 82
 15 1 2 60
 15 2 -4 324
 15 2 -3 180
 15 4 1 117
 15 -1 2 327
 15 -2 0 83
 15 3 1 8
 15 -4 0 29
 15 -1 -2 122
 15 -1 1 218
 15 -3 0 124
 15 -2 -2 129
 15 3 0 120
 15 -1 -1 348
 55 -3 4 125
 5 -3 -3 332
 5 -2 1 137
 55 1 0 299
 55 2 -2 127
 5 -3 -2 220
 55 1 -2 331
 55 3 3 281
 5 3 -1 319
 55 -2 4 354
 55 1 -4 75
 5 0 -3 302
 5 3 -3 17
 55 -1 5 308
 55 2 0 3
 5 -4 -1 157
 55 -1 4 345
 55 1 -3 21
 5 4 -1 131
 55 1 -1 295
 5 4 0 264
 5 -3 -1 303
 5 -3 1 150
 55 2 -1 120
 5 -3 2 280
 5 -4 1 141
 5 -1 3 320
 5 3 -2 284
 "contig-ratio-green-core" 0.6
 "contig-ratio-red-core" 0.30434782608695654
 "a-count" 0
 "b-count" 15
 "c-color-count" 13
 "c-express-count" 13
 "d-color-count" 28
 "d-express-count" 28
 "cell-count" 56
 15 3 1 224
 15 -1 -2 70
 15 0 1 170
 15 -1 0 55
 15 0 -4 112
 15 2 2 264
 15 0 -2 277
 15 1 0 93
 15 1 -2 197
 15 1 -1 265
 15 2 1 193
 15 0 -3 354
 15 -1 -1 346
 15 -1 -3 60
 15 3 3 249
 15 -2 -3 197
 15 3 2 28
 15 0 0 84
 15 4 1 14
 15 3 0 301
 15 -2 1 46
 15 2 0 46
 15 -2 0 12
 15 -2 -1 142
 15 -2 -2 45
 15 -1 1 75
 15 0 -1 338
 15 1 1 157
 5 -3 -3 222
 55 -2 3 93
 55 1 -3 230
 5 -3 -1 154
 55 -4 -2 125
 5 4 0 295
 5 4 -1 51
 55 -3 1 36
 5 -1 3 259
 55 -4 -1 255
 5 3 -1 184
 55 2 -2 191
 5 -1 4 32
 5 2 -3 307
 55 -4 0 131
 55 1 -4 207
 55 1 4 64
 5 -2 2 72
 5 1 3 163
 5 0 2 285
 5 2 -1 61
 5 0 3 167
 55 3 -2 251
 5 3 -3 120
 55 -3 0 77
 55 -3 3 68
 55 2 4 300
 5 -1 2 357
 "contig-ratio-green-core" 0.38461538461538464
 "contig-ratio-red-core" 0.2631578947368421
 "a-count" 0
 "b-count" 14
 "c-color-count" 14
 "c-express-count" 14
 "d-color-count" 28
 "d-express-count" 28
 "cell-count" 56
 15 -1 3 256
 15 2 4 168
 15 -2 -1 252
 15 0 1 346
 15 -1 -1 188
 15 -2 0 88
 15 2 3 42
 15 -3 1 280
 15 1 0 357
 15 -1 -2 134
 15 -3 -1 332
 15 0 0 115
 15 1 3 283
 15 3 3 130
 15 -1 1 216
 15 1 1 128
 15 -4 0 88
 15 -2 1 94
 15 1 2 119
 15 2 0 203
 15 2 -1 249
 15 1 -1 291
 15 -1 0 228
 15 0 -1 263
 15 -3 0 129
 15 0 3 82
 15 -1 2 231
 15 0 -2 198
 55 2 -2 98
 55 -2 2 289
 5 3 -3 88
 5 4 0 350
 5 1 -4 50
 55 -3 -2 100
 5 -4 -1 92
 55 4 1 240
 55 4 3 326
 5 -2 -3 256
 5 0 -4 93
 55 1 -2 226
 55 -1 4 325
 5 -2 -2 59
 5 1 4 130
 5 2 -3 173
 5 -3 -3 75
 55 0 4 353
 55 4 2 79
 5 -2 3 175
 5 2 1 166
 55 1 -3 29
 55 3 -2 155
 5 3 0 156
 55 -1 -3 44
 55 5 1 88
 5 -1 -4 351
 55 0 -3 15
 "contig-ratio-green-core" 0.8181818181818182
 "contig-ratio-red-core" 0.47058823529411764
 "a-count" 0
 "b-count" 18
 "c-color-count" 10
 "c-express-count" 10
 "d-color-count" 28
 "d-express-count" 28
 "cell-count" 56
 15 -2 -1 247
 15 0 -3 26
 15 -1 1 101
 15 0 -2 353
 15 -1 -1 178
 15 0 1 67
 15 -2 -2 0
 15 0 0 207
 15 -1 -2 1
 15 1 3 174
 15 0 -1 248
 15 1 0 161
 15 1 -2 309
 15 3 -1 331
 15 -2 0 159
 15 1 -1 190
 15 3 0 4
 15 2 0 268
 15 1 1 235
 15 2 -2 120
 15 3 -2 209
 15 -3 -1 162
 15 2 -1 200
 15 -3 0 15
 15 3 -3 58
 15 4 -1 317
 15 -1 0 13
 15 1 2 10
 55 -4 0 247
 55 3 3 277
 55 0 -4 308
 55 -3 -2 229
 5 2 -3 261
 5 -3 1 146
 55 -4 -2 157
 55 1 4 68
 5 0 3 103
 55 4 3 32
 55 -4 -1 79
 5 -2 3 132
 5 -2 1 188
 5 -1 3 56
 5 4 1 39
 5 -2 2 96
 55 1 -4 89
 55 0 4 86
 5 -1 -3 217
 5 -1 2 81
 5 3 1 71
 5 2 2 194
 5 1 -3 290
 5 -3 -3 315
 5 2 1 201
 5 -2 -3 298
 5 4 0 148
 5 -1 -4 214
 "contig-ratio-green-core" 0.5
 "contig-ratio-red-core" 0.29411764705882354
