 "a-count" 0
 "b-count" 19
 "c-color-count" 9
 "c-express-count" 9
 "d-color-count" 28
 "d-express-count" 28
 "cell-count" 56
 15 -3 1 136
 15 3 0 166
 15 -1 -2 330
 15 0 -2 12
 15 -1 -3 77
 15 -3 0 169
 15 -4 1 87
 15 0 -3 199
 15 -3 -1 279
 15 2 -1 162
 15 1 -2 22
 15 -4 0 268
 15 2 1 53
 15 -2 1 329
 15 -1 -1 123
 15 2 0 279
 15 -2 -1 11
 15 4 0 219
 15 2 2 15
 15 -1 -4 117
 15 -2 0 37
 15 3 -1 326
 15 -2 2 92
 15 -1 2 307
 15 2 -2 60
 15 -2 -2 225
 15 1 -3 230
 15 -3 2 145
 5 1 -4 110
 55 -1 0 146
 55 -3 -3 240
 5 4 1 216
 55 1 -1 123
 5 0 -4 305
 5 0 2 212
 55 1 0 48
 5 0 1 92
 5 -4 -1 340
 5 -1 4 317
 5 -2 -3 11
 5 3 3 189
 55 0 4 204
 5 1 3 352
 5 -3 -2 241
 55 0 0 273
 55 0 3 263
 55 1 1 65
 5 1 2 279
 5 0 -1 173
 5 2 -3 131
 5 3 -2 83
 5 3 1 256
 5 4 -1 220
 5 -1 3 318
 55 1 4 50
 5 2 3 55
 "contig-ratio-green-core" 0.8571428571428571
 "contig-ratio-red-core" 0.13043478260869565
 "a-count" 0
 "b-count" 20
 "c-color-count" 8
 "c-express-count" 8
 "d-color-count" 28
 "d-express-count" 28
 "cell-count" 56
 15 -3 1 153
 15 4 0 273
 15 2 0 149
 15 -3 0 75
 15 1 3 275
 15 2 3 177
 15 2 -1 305
 15 1 -1 114
 15 0 -1 279
 15 -4 0 186
 15 4 -1 350
 15 -3 -1 327
 15 -4 -1 2
 15 0 -4 186
 15 2 1 297
 15 1 4 221
 15 1 2 34
 15 2 2 288
 15 0 -2 32
 15 -1 -2 200
 15 1 1 237
 15 -1 -3 0
 15 -1 -4 127
 15 3 -2 142
 15 0 -3 98
 15 3 -1 167
 15 3 0 214
 15 1 0 278
 5 3 3 127
 55 0 2 322
 5 2 -3 325
 55 -2 0 118
 55 3 -3 78
 5 1 -3 20
 55 -1 0 333
 5 0 3 203
 5 -2 -2 100
 55 0 1 165
 5 -3 2 157
 5 -2 2 51
 55 -2 -1 12
 5 -1 4 289
 5 3 2 109
 5 2 4 280
 5 1 -2 6
 5 4 1 230
 55 -2 1 287
 5 2 -2 177
 5 -3 -2 265
 5 3 1 202
 5 -2 -3 53
 5 -1 -1 56
 5 -1 2 314
 5 0 0 245
 5 0 4 266
 55 -1 1 286
 "contig-ratio-green-core" 1
 "contig-ratio-red-core" 0.23076923076923078
 "a-count" 0
 "b-count" 24
 "c-color-count" 4
 "c-express-count" 4
 "d-color-count" 28
 "d-express-count" 28
 "cell-count" 56
 15 -1 -3 78
 15 0 -1 118
 15 0 3 17
 15 1 0 306
 15 0 -3 308
 15 -1 1 249
 15 4 1 350
 15 0 -2 10
 15 -1 -1 111
 15 -1 -2 297
 15 -1 0 328
 15 -3 0 251
 15 4 0 127
 15 -2 0 222
 15 0 1 335
 15 2 4 346
 15 -1 2 235
 15 1 2 269
 15 2 3 290
 15 -2 -1 180
 15 0 2 263
 15 -3 -1 182
 15 3 3 52
 15 0 0 96
 15 1 3 192
 15 2 2 316
 15 1 1 142
 15 0 -4 300
 5 3 -3 94
 5 -3 -3 153
 5 -4 1 134
 55 -2 3 95
 5 -1 -4 189
 5 1 -4 190
 5 3 -2 212
 5 1 -1 304
 5 -3 1 172
 5 -3 2 238
 5 -3 3 68
 5 3 2 350
 5 1 -3 33
 5 2 -1 281
 5 -2 1 157
 5 -3 -2 231
 5 3 0 324
 5 -4 -1 147
 55 2 0 308
 55 0 4 295
 5 -2 2 189
 5 3 -1 151
 55 -1 4 165
 5 1 -2 124
 5 4 -1 160
 5 2 1 287
 5 -2 -2 205
 5 -4 0 65
 "contig-ratio-green-core" 0.5
 "contig-ratio-red-core" 0.09523809523809523
