 "a-count" 0
 "b-count" 20
 "c-color-count" 8
 "c-express-count" 8
 "d-color-count" 28
 "d-express-count" 28
 "cell-count" 56
 15 -1 2 235
 15 0 2 188
 15 -2 -2 101
 15 1 0 80
 15 3 -2 21
 15 0 1 67
 15 3 -1 272
 15 -2 -3 305
 15 -1 3 263
 15 1 2 195
 15 -2 2 130
 15 3 1 109
 15 2 0 327
 15 -1 -3 83
 15 2 1 222
 15 1 3 206
 15 0 3 266
 15 1 1 148
 15 4 0 187
 15 -2 3 99
 15 -1 -2 183
 15 1 4 103
 15 2 2 157
 15 3 0 166
 15 2 -1 191
 15 3 -3 292
 15 4 1 333
 15 -3 3 209
 55 0 -1 144
 5 3 2 318
 55 0 -2 224
 5 -3 -1 342
 5 -3 -3 31
 5 3 3 337
 5 0 0 323
 55 -2 1 309
 5 0 -3 166
 5 1 -1 342
 5 -4 1 280
 5 2 4 207
 5 -1 4 182
 5 2 -2 195
 55 -3 0 314
 55 -1 0 37
 55 -3 1 166
 5 4 -1 45
 55 2 3 219
 5 0 4 32
 5 1 -3 203
 5 2 -3 29
 5 -4 -1 62
 5 4 2 230
 5 -2 -1 196
 5 -2 0 261
 55 -1 -1 231
 5 -1 1 107
 "contig-ratio-green-core" 0.8
 "contig-ratio-red-core" 0.19047619047619047
 "a-count" 0
 "b-count" 19
 "c-color-count" 9
 "c-express-count" 9
 "d-color-count" 28
 "d-express-count" 28
 "cell-count" 56
 15 0 1 231
 15 0 0 341
 15 1 1 348
 15 0 2 301
 15 1 -1 171
 15 -1 4 6
 15 4 1 342
 15 -2 0 200
 15 1 -2 128
 15 0 3 22
 15 0 0 24
 15 2 1 198
 15 -1 0 217
 15 4 1 103
 15 4 2 182
 15 1 5 33
 15 3 2 220
 15 -1 3 358
 15 0 4 120
 15 1 -3 155
 15 3 3 256
 15 0 -1 260
 15 3 1 200
 15 3 1 127
 15 1 0 120
 15 3 2 236
 15 -1 -1 52
 15 -2 3 101
 5 3 -1 229
 5 4 -1 175
 5 -2 -1 282
 5 -2 -3 163
 5 -2 2 291
 55 -1 -3 48
 55 -4 1 54
 5 -3 0 71
 55 1 3 274
 5 4 0 270
 5 -2 1 345
 5 2 -2 66
 55 1 4 199
 5 -3 1 328
 55 -2 -2 210
 5 2 -3 359
 55 0 -3 65
 55 -4 0 194
 5 2 -1 110
 55 -1 -2 261
 5 1 -4 302
 5 -3 -1 29
 5 2 2 237
 5 2 3 104
 55 0 -2 290
 5 -1 1 224
 5 2 0 126
 5 1 2 268
 "contig-ratio-green-core" 0.7777777777777778
 "contig-ratio-red-core" 0.22727272727272727
