 "a-count" 0
 "b-count" 23
 "c-color-count" 5
 "c-express-count" 5
 "d-color-count" 28
 "d-express-count" 28
 "cell-count" 56
 15 2 2 329
 15 -2 -2 164
 15 -1 2 133
 15 0 3 0
 15 -1 3 271
 15 -1 -1 306
 15 -2 1 226
 15 -1 1 242
 15 -2 -1 129
 15 0 2 25
 15 1 3 222
 15 0 1 136
 15 -1 0 63
 15 1 1 195
 15 0 0 75
 15 0 3 307
 15 -1 -2 333
 15 1 2 24
 15 1 3 307
 15 1 1 323
 15 -3 -1 210
 15 0 -1 115
 15 2 1 355
 15 -2 0 275
 15 -1 1 273
 15 -1 0 127
 15 1 4 183
 15 0 1 285
 55 1 0 331
 5 0 -4 32
 5 0 -3 212
 5 3 2 296
 5 1 -3 59
 5 -3 1 105
 55 1 -1 267
 5 -2 3 88
 5 3 -1 92
 5 3 1 188
 5 2 3 201
 5 -3 -2 324
 5 2 -2 53
 5 -2 2 66
 55 2 -1 129
 55 0 4 325
 5 -1 -3 2
 55 1 -2 337
 5 4 0 323
 5 3 0 66
 5 -3 3 260
 5 3 -2 23
 5 2 -3 185
 5 1 -4 50
 5 -2 -3 326
 5 4 1 195
 5 -1 4 18
 5 -3 0 100
 "contig-ratio-green-core" 1.4
 "contig-ratio-red-core" 0.16666666666666666
 "a-count" 0
 "b-count" 23
 "c-color-count" 5
 "c-express-count" 5
 "d-color-count" 28
 "d-express-count" 28
 "cell-count" 56
 15 0 -2 271
 15 1 -2 123
 15 1 1 350
 15 -2 0 335
 15 -2 1 155
 15 -1 2 246
 15 -1 0 229
 15 -1 1 63
 15 2 1 59
 15 1 2 154
 15 0 3 292
 15 0 2 353
 15 -2 -2 98
 15 1 3 53
 15 1 -1 328
 15 -1 -3 24
 15 1 0 228
 15 -2 -1 31
 15 0 -1 346
 15 2 0 141
 15 -2 -3 269
 15 0 1 65
 15 0 -3 263
 15 3 1 125
 15 -1 -2 330
 15 -1 -1 279
 15 0 0 111
 15 0 -4 249
 5 -3 2 246
 5 1 -3 46
 5 -1 4 349
 5 4 0 125
 5 2 -2 19
 5 2 -3 177
 5 3 0 353
 5 0 4 314
 5 -1 3 251
 55 -3 0 175
 5 -1 -4 201
 5 1 4 351
 5 -2 3 125
 5 -2 2 90
 5 -4 0 345
 5 4 -1 175
 5 2 3 105
 55 3 -4 100
 5 3 2 154
 5 -3 -2 126
 5 4 1 220
 5 3 -1 7
 55 -3 -1 276
 55 3 -2 281
 55 3 -3 42
 5 1 -4 320
 5 -4 -1 77
 5 2 -1 277
 "contig-ratio-green-core" 0.4
 "contig-ratio-red-core" 0.11764705882352941
