 "a-count" 0
 "b-count" 20
 "c-color-count" 8
 "c-express-count" 8
 "d-color-count" 28
 "d-express-count" 28
 "cell-count" 56
 15 -4 1 262
 15 0 -3 0
 15 -3 -1 87
 15 0 -4 238
 15 -1 3 241
 15 -2 3 169
 15 -1 -2 222
 15 -4 0 117
 15 0 3 308
 15 -1 -3 229
 15 4 0 5
 15 0 4 228
 15 3 1 301
 15 -3 0 70
 15 2 -2 144
 15 3 0 28
 15 -3 2 95
 15 -1 -4 348
 15 2 -1 160
 15 -3 1 248
 15 -2 4 119
 15 3 2 283
 15 3 -1 317
 15 1 -3 6
 15 4 -1 162
 15 0 -2 83
 15 -1 4 97
 15 1 -2 191
 55 4 1 38
 5 1 2 89
 5 3 3 305
 5 1 4 232
 55 -1 -1 261
 5 0 -1 236
 55 0 2 244
 5 -2 -2 355
 5 1 -1 165
 55 0 1 311
 5 -3 -3 25
 5 2 2 19
 55 1 0 165
 55 -1 0 14
 55 3 -3 319
 5 2 0 24
 5 -2 1 317
 5 2 -3 141
 5 -1 2 78
 55 0 0 244
 5 -4 -1 270
 5 -2 2 236
 5 -2 0 353
 5 1 -4 79
 5 2 3 258
 5 -1 1 34
 5 -3 -2 202
 5 2 1 211
 "contig-ratio-green-core" 0.4
 "contig-ratio-red-core" 0.11538461538461539
 "a-count" 0
 "b-count" 22
 "c-color-count" 6
 "c-express-count" 6
 "d-color-count" 28
 "d-express-count" 28
 "cell-count" 56
 15 -3 -3 148
 15 3 0 249
 15 2 0 255
 15 -1 1 115
 15 0 1 208
 15 3 -2 262
 15 1 -1 134
 15 0 0 15
 15 -2 1 257
 15 2 -2 61
 15 -1 2 296
 15 1 -2 174
 15 0 2 132
 15 3 -1 223
 15 0 -2 338
 15 1 -3 207
 15 0 -3 52
 15 1 0 10
 15 1 1 338
 15 -2 -1 276
 15 -3 -2 88
 15 -1 -1 84
 15 0 3 181
 15 -1 0 14
 15 -2 0 237
 15 0 -1 157
 15 2 1 225
 15 2 -1 42
 5 2 3 53
 5 -4 0 323
 5 2 -3 279
 55 4 -1 237
 55 0 4 96
 55 4 0 181
 5 -1 -2 41
 5 2 2 210
 5 -3 1 88
 5 -2 -3 177
 5 3 1 269
 5 -1 4 129
 5 3 3 195
 5 -3 2 92
 5 -4 1 278
 5 -2 2 246
 55 1 4 239
 5 3 2 106
 55 -3 0 312
 5 0 -4 261
 5 1 3 198
 5 -1 -3 144
 5 1 2 316
 5 4 1 61
 55 -3 -1 64
 5 -3 3 21
 5 -2 -2 75
 5 -2 3 7
 "contig-ratio-green-core" 1
 "contig-ratio-red-core" 0.2777777777777778
 "a-count" 0
 "b-count" 21
 "c-color-count" 7
 "c-express-count" 7
 "d-color-count" 28
 "d-express-count" 28
 "cell-count" 56
 15 -4 0 305
 15 0 2 269
 15 -2 0 229
 15 0 -3 308
 15 1 4 85
 15 1 -4 176
 15 -3 -1 281
 15 0 -4 285
 15 -4 -1 182
 15 1 -2 229
 15 2 4 301
 15 4 -1 134
 15 -1 -3 351
 15 3 -1 31
 15 1 -3 90
 15 2 -2 317
 15 0 3 304
 15 -3 0 83
 15 4 0 114
 15 -1 2 185
 15 -1 0 71
 15 3 -2 33
 15 -2 -2 218
 15 -2 -1 127
 15 2 -3 191
 15 -2 2 173
 15 -2 1 261
 15 -1 1 100
 5 -1 -4 102
 5 -3 1 351
 5 -4 1 299
 5 -1 3 24
 5 0 1 103
 5 -3 3 122
 5 2 1 59
 5 3 1 46
 55 2 0 252
 5 -1 -2 292
 5 -1 4 16
 55 1 1 65
 5 2 2 279
 5 0 -1 19
 55 2 -1 90
 55 1 2 18
 5 -3 -3 356
 5 -1 -1 354
 5 -3 2 231
 5 -2 -3 352
 5 3 -3 195
 55 1 0 112
 55 1 -1 293
 55 3 0 305
 5 -3 -2 111
 5 1 3 213
 5 0 4 132
 5 3 2 82
 "contig-ratio-green-core" 1
 "contig-ratio-red-core" 0.15384615384615385
 "a-count" 0
 "b-count" 19
 "c-color-count" 9
 "c-express-count" 9
 "d-color-count" 28
 "d-express-count" 28
 "cell-count" 56
 15 2 -3 83
 15 0 -3 145
 15 3 -2 185
 15 0 -4 261
 15 2 -1 258
 15 0 1 251
 15 1 -3 134
 15 4 1 354
 15 3 0 340
 15 1 1 97
 15 -4 1 328
 15 3 2 240
 15 2 0 85
 15 2 1 1
 15 -4 2 46
 15 3 -1 188
 15 -1 -3 147
 15 1 -4 97
 15 0 2 313
 15 -1 -4 211
 15 0 3 97
 15 1 2 212
 15 2 -2 120
 15 1 0 302
 15 3 1 264
 15 -3 1 76
 15 -3 2 108
 15 2 2 3
 55 0 0 100
 55 1 -1 24
 5 -1 -1 82
 5 -2 1 51
 5 -2 -1 182
 5 -2 3 119
 55 -1 0 100
 55 -3 -2 312
 5 -1 3 223
 5 2 3 305
 5 -2 0 84
 5 -1 2 32
 5 3 -3 100
 5 4 0 260
 5 -3 3 120
 5 -1 -2 80
 55 -3 -1 292
 5 4 -1 15
 55 -1 1 108
 5 -2 2 158
 55 -3 0 15
 5 1 4 65
 5 4 -2 48
 55 0 -1 121
 5 -4 0 150
 55 -3 -3 179
 5 -1 4 131
 5 2 -4 354
 "contig-ratio-green-core" 0.5714285714285714
 "contig-ratio-red-core" 0.16666666666666666
