 "a-count" 0
 "b-count" 21
 "c-color-count" 7
 "c-express-count" 7
 "d-color-count" 28
 "d-express-count" 28
 "cell-count" 56
 15 -1 -2 80
 15 -2 -1 149
 15 0 2 97
 15 -2 -2 41
 15 1 1 47
 15 2 1 319
 15 0 -1 359
 15 0 3 12
 15 0 1 117
 15 3 1 196
 15 -1 4 4
 15 -2 0 297
 15 1 -1 111
 15 -1 0 359
 15 -2 2 186
 15 2 0 143
 15 -1 -3 222
 15 -1 -1 250
 15 1 2 322
 15 -1 1 47
 15 0 -2 19
 15 -1 3 195
 15 -2 1 265
 15 0 0 324
 15 -4 -1 246
 15 4 1 53
 15 -1 2 82
 15 1 0 349
 55 -3 0 204
 55 3 -1 89
 5 2 -3 8
 5 0 -3 79
 5 1 -2 83
 5 1 -3 126
 55 -3 -2 22
 5 -3 2 34
 5 3 3 329
 55 3 0 99
 5 -3 1 112
 5 -2 -3 341
 5 3 -2 59
 5 3 2 256
 5 -1 -4 283
 5 2 2 9
 5 1 3 42
 55 2 -1 339
 5 0 -4 169
 5 -3 -3 24
 55 -3 -1 16
 5 0 4 136
 5 2 -2 56
 5 -3 3 154
 55 1 4 339
 5 1 -4 144
 5 2 3 310
 5 -4 1 273
 "contig-ratio-green-core" 0.75
 "contig-ratio-red-core" 0.3333333333333333
 "a-count" 0
 "b-count" 23
 "c-color-count" 5
 "c-express-count" 5
 "d-color-count" 28
 "d-express-count" 28
 "cell-count" 56
 15 1 0 237
 15 2 -2 274
 15 0 0 95
 15 -3 -2 0
 15 1 -2 342
 15 -2 3 25
 15 1 1 332
 15 -3 -3 156
 15 2 0 100
 15 -2 2 29
 15 -1 0 146
 15 -1 -1 338
 15 2 -1 355
 15 2 1 127
 15 -2 -2 305
 15 1 -3 236
 15 -2 -1 262
 15 0 -1 19
 15 0 3 8
 15 0 4 239
 15 -1 3 343
 15 -1 4 92
 15 1 -1 156
 15 3 -1 322
 15 1 2 258
 15 2 2 203
 15 3 0 355
 15 3 -2 37
 5 2 3 330
 5 0 -2 31
 5 -4 -1 281
 5 -1 2 84
 5 -3 3 141
 5 1 3 196
 5 3 2 61
 5 3 1 35
 5 -1 -4 110
 5 -3 2 287
 5 1 4 101
 55 -2 1 108
 5 0 1 206
 5 -4 1 275
 5 4 1 238
 5 0 2 200
 5 1 -4 58
 5 -3 0 353
 55 4 -1 262
 5 -3 -1 127
 5 -3 1 306
 55 4 0 212
 55 -2 0 144
 5 0 -3 210
 5 -1 -2 141
 5 3 -3 87
 55 -1 1 62
 5 -2 -3 142
 "contig-ratio-green-core" 1
 "contig-ratio-red-core" 0.20833333333333334
 "a-count" 0
 "b-count" 23
 "c-color-count" 5
 "c-express-count" 5
 "d-color-count" 28
 "d-express-count" 28
 "cell-count" 56
 15 -1 0 193
 15 -1 -2 141
 15 -3 -1 301
 15 4 2 180
 15 0 -3 103
 15 -1 2 55
 15 -1 -1 104
 15 -4 0 229
 15 0 2 75
 15 1 0 91
 15 -1 3 127
 15 0 -2 301
 15 1 2 94
 15 0 -1 76
 15 1 -2 168
 15 1 -3 37
 15 2 0 53
 15 -4 1 227
 15 3 2 357
 15 0 0 222
 15 -1 -3 315
 15 0 1 225
 15 1 -1 327
 15 4 3 37
 15 1 1 40
 15 -2 -1 207
 15 2 -1 64
 15 -1 1 19
 5 -2 -3 191
 5 -4 -1 66
 5 2 3 307
 5 2 1 246
 5 3 0 167
 5 -1 -4 139
 5 0 -4 44
 5 -2 -2 354
 5 -2 2 111
 5 3 -3 221
 55 -3 0 54
 5 2 -3 315
 5 3 3 81
 55 0 3 160
 5 1 4 292
 5 4 -1 52
 5 0 4 220
 55 -2 0 329
 55 1 3 162
 5 -3 2 271
 55 -2 1 96
 5 4 0 137
 5 1 -4 217
 5 4 1 332
 5 2 -2 54
 5 3 -2 29
 5 2 2 191
 5 -3 1 272
 "contig-ratio-green-core" 1.6
 "contig-ratio-red-core" 0.25
 "a-count" 0
 "b-count" 21
 "c-color-count" 7
 "c-express-count" 7
 "d-color-count" 28
 "d-express-count" 28
 "cell-count" 56
 15 0 -2 225
 15 2 0 265
 15 0 2 39
 15 -1 0 167
 15 -2 1 56
 15 2 2 355
 15 1 1 298
 15 -2 0 325
 15 -3 -1 195
 15 -1 1 92
 15 -1 -3 217
 15 -2 -1 307
 15 1 -1 282
 15 4 1 180
 15 0 -1 53
 15 -4 0 324
 15 0 -3 208
 15 0 1 356
 15 3 1 175
 15 -1 -2 41
 15 1 0 93
 15 -1 -1 229
 15 -1 2 345
 15 0 0 256
 15 1 -2 11
 15 -3 0 69
 15 1 2 5
 15 2 1 287
 55 1 3 91
 55 2 -1 291
 5 -2 3 31
 5 3 0 107
 5 4 -1 291
 5 3 -1 205
 5 0 4 137
 5 -3 1 61
 5 2 -2 252
 5 -2 -3 285
 5 -1 4 111
 5 1 -4 50
 5 2 -3 50
 5 -3 2 223
 5 -4 1 249
 5 -2 -2 216
 5 3 -2 260
 55 2 3 120
 55 0 3 187
 5 -3 3 95
 55 -3 -3 201
 55 -1 3 211
 5 -4 -1 138
 55 -3 -2 238
 5 1 4 307
 5 -1 -4 18
 5 0 -4 68
 5 3 3 21
 "contig-ratio-green-core" 1
 "contig-ratio-red-core" 0.375
