 "a-count" 8
 "b-count" 6
 "c-color-count" 23
 "c-express-count" 22
 "d-color-count" 21
 "d-express-count" 20
 "cell-count" 56
 105 -3 -3 267
 15 4 0 2
 15 -1 1 96
 15 -4 -1 94
 15 3 2 267
 15 -2 0 194
 15 2 0 217
 15 2 -1 159
 105 -3 3 292
 15 3 1 190
 105 3 -2 236
 15 -3 0 160
 15 1 -4 303
 15 4 1 302
 15 -2 -3 67
 105 2 -3 322
 15 -2 -1 176
 15 -3 -1 349
 15 -1 3 12
 105 2 -4 206
 15 2 -2 274
 15 -1 2 64
 105 0 4 229
 15 3 0 327
 15 0 1 72
 15 -1 -3 44
 15 0 -4 127
 105 -2 -2 205
 55 -3 2 306
 55 0 -3 278
 55 -4 0 84
 55 0 -1 28
 5 -4 1 30
 55 1 0 156
 55 0 -2 192
 55 1 -2 89
 55 3 -1 17
 55 0 3 118
 5 -1 4 52
 55 2 2 195
 55 -1 -2 290
 55 2 1 142
 55 -1 -1 65
 55 -3 1 144
 5 3 3 202
 55 -3 -2 111
 55 1 1 331
 55 2 3 163
 55 -2 2 141
 55 4 -1 231
 5 3 -3 292
 55 1 -3 146
 55 1 -1 10
 5 1 2 233
 55 -1 0 113
 55 0 0 192
 "contig-ratio-green-core" 0.8947368421052632
 "contig-ratio-red-core" 0.8888888888888888
 "a-count" 8
 "b-count" 2
 "c-color-count" 26
 "c-express-count" 26
 "d-color-count" 22
 "d-express-count" 20
 "cell-count" 56
 105 3 -2 59
 15 2 -3 316
 15 -1 0 192
 105 -3 0 32
 105 3 -3 132
 15 -2 4 215
 15 1 4 115
 15 -1 -1 261
 15 -3 -1 279
 15 1 -1 137
 15 3 -1 4
 15 2 -1 17
 15 -2 -1 98
 15 4 0 74
 15 1 -2 336
 15 0 0 59
 105 -1 -4 219
 15 3 1 216
 15 0 -1 112
 105 2 -2 322
 15 -3 1 319
 15 -1 4 187
 15 -2 1 87
 15 3 0 350
 15 -3 -2 117
 15 -4 -2 284
 105 -3 -3 242
 15 0 -4 238
 55 -4 1 33
 55 0 3 355
 55 -4 2 316
 55 2 0 235
 55 -2 -2 215
 55 -1 1 112
 55 -1 -3 310
 55 0 -3 91
 55 -1 -2 101
 55 -3 3 301
 55 2 1 285
 55 0 2 256
 55 0 -2 344
 55 1 3 346
 55 1 -3 156
 5 3 3 44
 55 -2 -3 298
 5 1 -4 85
 55 1 2 280
 55 1 0 273
 55 -4 -1 76
 55 1 1 235
 55 -2 3 165
 55 -1 3 146
 55 2 2 181
 55 0 1 309
 55 -1 2 115
 55 -4 0 355
 "contig-ratio-green-core" 0.9
 "contig-ratio-red-core" 0.7
 "a-count" 3
 "b-count" 5
 "c-color-count" 24
 "c-express-count" 23
 "d-color-count" 26
 "d-express-count" 25
 "cell-count" 56
 15 -3 3 323
 15 2 3 17
 15 -1 -1 275
 15 2 1 189
 15 3 1 140
 15 1 2 128
 15 -2 3 269
 15 -1 1 317
 15 0 2 308
 15 -1 2 282
 15 0 -1 285
 15 4 1 234
 15 0 0 306
 15 -3 2 76
 15 -2 1 325
 15 -1 -4 52
 15 1 3 23
 15 1 -1 194
 15 -1 0 141
 105 -3 -2 293
 15 1 0 202
 15 2 2 340
 15 3 -3 212
 15 -4 0 345
 105 1 4 27
 15 0 1 227
 15 1 1 349
 15 -2 2 236
 55 1 -2 62
 5 -4 -1 157
 55 1 -3 13
 55 0 -2 359
 55 4 -1 22
 55 -1 3 18
 55 -3 0 161
 55 0 -4 252
 55 -1 4 73
 55 3 0 247
 55 4 0 60
 55 3 3 14
 55 2 -2 296
 55 0 -3 253
 5 -4 1 334
 55 -3 1 159
 55 -1 -2 171
 55 1 -4 124
 5 3 2 22
 55 -2 0 149
 55 0 4 203
 55 -2 -1 62
 55 2 -3 148
 55 0 3 282
 55 3 -1 176
 55 -2 4 44
 5 -3 -3 5
 55 -1 -3 313
 "contig-ratio-green-core" 0.7272727272727273
 "contig-ratio-red-core" 0.6875
 "a-count" 8
 "b-count" 7
 "c-color-count" 24
 "c-express-count" 21
 "d-color-count" 21
 "d-express-count" 20
 "cell-count" 56
 105 -2 0 317
 15 -1 2 350
 15 -1 -4 182
 15 1 -2 173
 105 -3 -1 240
 15 2 -2 47
 15 -2 -2 119
 15 4 0 133
 15 0 -1 188
 105 -3 -3 135
 15 -1 4 22
 15 2 3 338
 15 2 -3 165
 15 -4 -1 293
 15 3 2 57
 15 -2 2 218
 15 -1 1 297
 15 3 3 181
 15 3 -2 83
 105 -1 3 232
 15 3 -3 131
 15 4 1 160
 105 -3 0 9
 105 -3 3 33
 15 1 -3 250
 15 0 1 99
 15 0 -3 349
 105 -4 1 230
 55 -3 -2 350
 5 0 3 0
 55 1 3 83
 55 -2 1 123
 55 2 1 243
 55 4 -1 113
 55 0 -2 240
 55 1 1 27
 55 0 2 132
 5 -1 -1 226
 5 -2 -1 329
 55 2 -1 330
 55 2 2 136
 55 -1 -2 336
 55 -4 0 87
 55 0 0 285
 55 3 1 327
 55 2 0 325
 55 0 4 236
 55 1 4 157
 55 1 2 21
 55 -2 -4 9
 55 -1 -3 231
 55 1 -1 353
 55 1 -4 244
 5 -2 3 337
 55 -2 -3 19
 55 3 0 205
 "contig-ratio-green-core" 0.8125
 "contig-ratio-red-core" 0.8888888888888888
