 "a-count" 13
 "b-count" 7
 "c-color-count" 24
 "c-express-count" 21
 "d-color-count" 17
 "d-express-count" 15
 "cell-count" 56
 105 0 4 136
 15 2 -2 92
 15 4 1 301
 15 2 -1 228
 15 3 1 147
 15 0 -4 320
 105 3 -2 71
 105 -4 -1 18
 15 3 -1 336
 15 4 0 49
 15 3 0 359
 15 0 2 113
 15 -2 -1 242
 105 -1 4 300
 105 1 -4 179
 15 -4 0 51
 15 1 -3 70
 105 3 -3 264
 105 -3 1 219
 15 1 2 329
 15 -1 2 342
 105 1 4 121
 105 -2 3 352
 15 -1 -4 311
 105 2 -3 66
 105 -2 -2 169
 15 3 2 92
 15 2 2 325
 5 -4 1 265
 55 -1 -3 32
 5 -3 -3 103
 55 -1 1 282
 55 1 -1 18
 55 0 3 31
 55 0 1 351
 55 1 1 135
 55 -2 2 320
 55 0 -3 137
 55 -3 0 67
 55 0 -1 340
 5 2 3 348
 55 4 -1 241
 55 2 1 341
 55 -2 -3 329
 55 -1 -1 188
 55 -3 2 224
 55 -1 -2 309
 55 1 0 116
 55 0 0 170
 55 1 3 231
 55 1 -2 292
 5 3 3 324
 55 0 -2 346
 55 2 0 176
 55 -2 1 4
 55 -2 0 233
 "contig-ratio-green-core" 0.7647058823529411
 "contig-ratio-red-core" 0.9230769230769231
 "a-count" 5
 "b-count" 6
 "c-color-count" 22
 "c-express-count" 22
 "d-color-count" 25
 "d-express-count" 23
 "cell-count" 56
 15 0 -4 11
 15 -3 -1 49
 15 2 2 329
 15 0 0 312
 15 -1 4 48
 15 1 0 62
 105 3 2 279
 15 2 0 353
 15 -4 1 358
 15 1 -1 103
 15 -1 -4 288
 15 0 1 279
 15 1 1 242
 105 3 -3 23
 15 2 -1 10
 15 2 -2 59
 15 -1 -2 235
 15 0 -1 261
 15 4 -1 221
 15 2 3 89
 15 1 2 85
 105 -2 -3 288
 15 2 0 169
 15 2 1 65
 15 3 -1 140
 15 -1 -3 109
 15 -3 0 13
 15 -2 3 204
 55 0 4 258
 55 -1 2 60
 5 4 1 233
 5 -2 -2 109
 5 1 4 95
 55 0 3 173
 55 0 2 31
 5 3 3 292
 55 1 3 120
 55 0 -2 75
 55 -3 1 275
 55 -2 1 25
 5 -3 -2 155
 55 -1 3 122
 55 -1 -1 174
 55 0 -3 175
 55 -2 2 36
 55 -1 0 187
 55 3 -2 110
 5 -3 2 146
 55 1 -3 104
 55 -2 -1 350
 55 1 -4 96
 55 1 3 230
 55 -2 0 302
 55 1 -2 86
 55 4 0 26
 55 -1 1 248
 "contig-ratio-green-core" 0.8888888888888888
 "contig-ratio-red-core" 0.8823529411764706
 "a-count" 11
 "b-count" 4
 "c-color-count" 24
 "c-express-count" 24
 "d-color-count" 18
 "d-express-count" 17
 "cell-count" 56
 15 -2 -2 52
 105 -4 1 89
 105 -2 2 330
 15 3 2 303
 15 2 2 45
 15 -2 -3 2
 105 1 4 302
 105 2 -3 173
 15 -1 -3 155
 15 3 1 193
 15 -2 1 48
 15 0 -3 235
 15 -1 -4 266
 105 1 -2 36
 15 -3 -2 280
 15 -4 0 204
 105 1 3 322
 105 0 -4 45
 15 0 3 174
 15 3 0 138
 15 -1 1 260
 15 2 3 326
 15 -1 2 68
 105 -3 -3 134
 105 4 0 65
 105 3 -2 88
 15 -1 4 101
 15 2 -2 192
 55 1 -1 220
 55 -2 -1 63
 55 -2 0 108
 55 2 1 20
 5 3 -1 209
 55 0 4 199
 55 0 -1 218
 55 -1 3 311
 55 2 -1 146
 55 -3 3 58
 55 2 0 66
 5 -4 -1 296
 55 -1 -1 274
 55 -3 0 105
 55 0 -2 357
 55 -3 1 285
 5 1 -4 214
 55 3 3 91
 55 1 2 30
 55 -1 0 170
 55 -2 3 277
 55 -3 -1 23
 55 1 1 259
 55 0 1 319
 55 0 2 205
 55 -1 -2 260
 55 -3 2 261
 5 3 -3 292
 "contig-ratio-green-core" 0.8125
 "contig-ratio-red-core" 1.0625
 "a-count" 5
 "b-count" 4
 "c-color-count" 24
 "c-express-count" 24
 "d-color-count" 24
 "d-express-count" 23
 "cell-count" 56
 105 3 -3 103
 15 1 4 41
 15 -1 -3 301
 15 -3 -3 305
 105 -4 0 294
 15 -3 -1 212
 15 -3 0 249
 15 1 -3 198
 15 2 3 72
 15 1 3 292
 15 0 -3 245
 15 3 0 95
 15 0 -2 73
 15 0 -4 351
 15 3 -2 343
 15 -2 2 153
 15 3 1 270
 105 0 4 61
 105 4 0 68
 15 0 3 228
 15 3 2 53
 15 -1 -4 245
 15 -3 -2 348
 15 2 -3 246
 15 -3 2 252
 15 -1 3 207
 15 3 -1 215
 15 -1 4 65
 55 -1 2 66
 55 -2 0 333
 55 -2 -1 115
 5 -4 1 326
 55 -3 3 307
 55 2 1 85
 55 -2 1 125
 55 2 -1 235
 55 0 0 194
 55 -1 -1 29
 5 -3 1 328
 55 0 1 322
 55 -1 0 51
 5 4 -1 45
 55 2 -2 163
 55 1 -1 222
 55 -2 -2 188
 55 3 3 127
 55 1 2 214
 5 -2 3 190
 55 0 2 77
 55 -1 1 161
 55 0 -1 91
 55 1 1 159
 55 2 0 5
 55 1 0 243
 55 2 2 101
 55 -2 -3 258
 "contig-ratio-green-core" 1.0625
 "contig-ratio-red-core" 0.6875
