 "a-count" 10
 "b-count" 4
 "c-color-count" 24
 "c-express-count" 24
 "d-color-count" 20
 "d-express-count" 18
 "cell-count" 56
 105 1 -4 101
 15 0 2 293
 15 0 -3 165
 105 2 -2 174
 15 -3 -1 269
 105 -2 2 28
 15 -2 1 4
 15 3 -1 292
 15 2 2 325
 105 3 -3 342
 105 3 -2 174
 15 -4 0 169
 15 -1 1 168
 105 0 -4 77
 15 1 -1 15
 15 -1 3 296
 15 -1 2 115
 15 1 -2 51
 15 2 -1 265
 15 -3 0 294
 15 -3 1 284
 15 2 1 279
 15 2 0 65
 105 1 4 177
 15 3 3 255
 105 -4 -1 7
 15 -2 3 194
 15 3 0 120
 55 -2 -1 199
 55 -1 -3 336
 55 -1 4 244
 55 1 2 108
 5 4 -1 258
 55 0 3 98
 55 1 1 9
 55 1 0 260
 55 1 3 158
 55 -2 -3 280
 55 0 0 329
 55 4 0 140
 55 -1 0 175
 55 -4 1 53
 5 3 1 210
 55 -3 2 264
 5 -3 -3 357
 55 -2 0 335
 5 3 2 263
 55 4 1 233
 55 0 -2 81
 55 2 3 338
 55 -3 3 146
 55 0 4 105
 55 -2 -2 339
 55 0 -1 311
 55 -3 -2 127
 55 -1 -1 232
 "contig-ratio-green-core" 0.7
 "contig-ratio-red-core" 1
 "a-count" 7
 "b-count" 5
 "c-color-count" 23
 "c-express-count" 23
 "d-color-count" 24
 "d-express-count" 21
 "cell-count" 56
 15 -2 1 139
 15 1 4 192
 15 2 3 359
 15 -2 0 154
 15 1 0 256
 15 0 4 256
 15 0 1 170
 15 0 -4 350
 15 4 -1 160
 105 3 3 230
 15 -1 1 206
 15 1 1 305
 15 -1 -3 265
 15 -3 3 206
 15 -3 2 27
 15 -1 -2 1
 15 0 0 26
 15 1 -2 61
 105 -4 0 29
 105 0 -3 140
 15 -1 -1 349
 15 -1 0 62
 15 0 -2 358
 15 0 -1 342
 15 -2 2 8
 15 1 -3 279
 105 -3 -2 339
 15 -3 1 293
 55 -1 -4 353
 55 0 3 5
 55 -3 0 32
 55 -1 4 309
 55 -3 -1 71
 55 1 3 124
 55 -2 3 75
 55 3 1 102
 55 1 -1 357
 55 -1 3 285
 55 1 2 255
 55 3 0 288
 5 4 1 343
 5 2 -1 223
 5 2 2 335
 55 2 1 273
 55 3 -3 232
 55 -2 -3 272
 55 -1 2 320
 55 1 -4 156
 55 3 -2 345
 55 3 -1 152
 55 -2 -1 345
 5 -2 -2 223
 5 2 0 211
 55 -3 -3 268
 55 2 -2 115
 55 0 2 348
 "contig-ratio-green-core" 0.8
 "contig-ratio-red-core" 0.7894736842105263
 "a-count" 3
 "b-count" 2
 "c-color-count" 26
 "c-express-count" 26
 "d-color-count" 25
 "d-express-count" 25
 "cell-count" 56
 15 -4 0 195
 15 0 3 328
 15 -4 1 258
 15 1 3 138
 105 3 2 274
 15 -1 4 285
 15 -2 -2 174
 15 1 -3 121
 15 3 -1 20
 15 2 -1 203
 15 3 -2 208
 15 0 -3 126
 15 4 1 314
 15 2 3 142
 15 -3 -2 347
 15 3 3 247
 15 -2 -1 26
 15 -3 -3 356
 15 -3 0 165
 105 4 -1 232
 15 0 -4 286
 15 2 -2 57
 15 -1 3 349
 15 2 -3 5
 105 1 -4 46
 15 -3 1 233
 15 1 -2 152
 15 -3 -1 28
 55 -1 -4 105
 55 3 0 87
 55 -3 2 346
 55 0 0 2
 55 1 1 78
 55 2 2 290
 55 -1 0 82
 5 -2 3 351
 55 -1 -2 355
 55 3 1 163
 55 0 1 186
 55 -2 -3 293
 55 -1 -1 339
 55 2 1 256
 55 1 2 129
 55 2 0 211
 55 3 -3 225
 55 -1 -3 149
 55 1 -1 89
 55 -4 -1 180
 55 1 0 242
 55 0 -1 2
 55 0 -2 87
 55 -2 2 174
 55 0 2 290
 55 -1 1 175
 55 -1 2 198
 5 -3 3 172
 "contig-ratio-green-core" 0.7777777777777778
 "contig-ratio-red-core" 0.6842105263157895
 "a-count" 4
 "b-count" 5
 "c-color-count" 23
 "c-express-count" 23
 "d-color-count" 24
 "d-express-count" 24
 "cell-count" 56
 105 0 3 322
 15 -1 4 350
 15 3 -2 253
 15 1 -3 227
 15 -3 -1 319
 15 0 2 232
 15 -1 -3 282
 15 -3 -2 311
 15 0 -3 137
 15 2 -3 274
 15 -3 2 61
 105 -1 -4 74
 15 4 -1 211
 15 3 2 319
 15 0 4 291
 15 1 3 198
 105 -4 1 8
 15 2 3 272
 15 1 2 70
 15 -1 3 188
 15 1 -2 329
 15 1 4 131
 105 3 3 133
 15 4 1 318
 15 -2 -3 135
 15 3 1 20
 15 1 -4 283
 15 4 0 112
 55 -1 0 281
 5 -4 -1 224
 55 2 0 244
 55 -1 -1 110
 55 -2 2 185
 55 -2 -1 89
 55 -1 2 359
 5 2 -2 145
 55 1 -1 222
 55 0 1 351
 55 -2 -2 171
 55 -2 0 256
 55 2 2 76
 5 -3 -3 63
 55 1 1 15
 55 -1 -2 76
 55 3 -1 274
 55 0 -1 1
 55 -3 1 238
 55 -3 0 181
 55 3 0 157
 5 -2 3 156
 55 2 1 188
 55 1 0 103
 55 0 -2 95
 5 3 -3 309
 55 -2 1 107
 55 -1 1 336
 "contig-ratio-green-core" 0.8888888888888888
 "contig-ratio-red-core" 0.8125
