 "a-count" 5
 "b-count" 8
 "c-color-count" 21
 "c-express-count" 20
 "d-color-count" 24
 "d-express-count" 23
 "cell-count" 56
 15 1 -4 129
 105 -2 -2 168
 15 -2 -1 120
 105 3 -3 77
 15 -4 1 250
 15 0 -1 337
 15 1 -1 338
 105 -2 2 297
 15 2 0 249
 15 0 2 292
 15 -2 0 242
 15 1 1 250
 15 -1 -1 196
 15 2 2 232
 15 -1 0 6
 15 3 1 207
 15 -3 -3 225
 15 -1 1 171
 15 2 -1 89
 15 3 -1 69
 15 0 3 317
 15 -1 3 245
 105 3 3 127
 15 2 -3 9
 15 0 1 47
 15 -1 2 58
 15 1 3 108
 15 0 0 62
 55 1 -3 238
 5 -4 -1 21
 55 -2 -3 230
 55 4 0 323
 5 -1 4 161
 55 4 1 109
 55 -1 -4 291
 55 -3 -2 232
 5 3 -2 315
 5 -3 3 174
 5 -1 -2 112
 55 0 -3 269
 5 -3 -1 296
 55 1 -2 60
 55 1 2 11
 55 0 -2 136
 55 1 4 12
 55 4 -1 295
 55 -3 0 316
 55 2 1 193
 55 -2 1 320
 5 -2 3 97
 55 2 -2 85
 55 2 3 111
 55 0 -4 18
 55 -3 1 237
 55 -1 -3 127
 55 -4 0 274
 "contig-ratio-green-core" 0.7692307692307693
 "contig-ratio-red-core" 0.6666666666666666
 "a-count" 7
 "b-count" 7
 "c-color-count" 23
 "c-express-count" 21
 "d-color-count" 22
 "d-express-count" 21
 "cell-count" 56
 15 0 -3 198
 15 -4 0 46
 15 2 -1 146
 105 -2 0 114
 15 3 2 224
 15 2 -3 252
 15 -1 -4 351
 15 4 -1 47
 15 0 -1 354
 105 -2 3 28
 105 -1 4 299
 105 -3 -2 200
 15 1 3 4
 105 0 -2 332
 15 0 3 103
 15 4 0 19
 15 2 3 25
 15 -2 -4 81
 15 -1 -1 348
 15 -2 -3 116
 15 -1 -2 314
 15 1 -2 219
 15 -4 1 13
 15 -3 -3 220
 15 -4 -1 301
 15 -1 3 47
 15 2 -2 148
 105 0 -4 344
 55 -3 2 269
 55 1 0 335
 55 1 2 116
 55 1 -1 34
 55 1 1 325
 55 0 0 198
 55 -3 0 354
 5 1 4 42
 55 0 1 220
 55 3 0 296
 55 3 3 40
 55 -2 1 156
 55 2 0 304
 55 2 1 210
 5 -3 1 190
 55 -1 1 274
 5 3 -1 145
 55 3 1 204
 55 0 2 143
 55 -1 0 25
 55 -3 -1 112
 5 -1 -3 176
 55 2 2 128
 55 4 1 280
 5 3 -3 109
 55 -2 -2 41
 55 -3 3 67
 55 -1 2 278
 "contig-ratio-green-core" 0.8461538461538461
 "contig-ratio-red-core" 0.7333333333333333
 "a-count" 6
 "b-count" 3
 "c-color-count" 26
 "c-express-count" 25
 "d-color-count" 23
 "d-express-count" 22
 "cell-count" 56
 15 -1 -2 62
 15 2 -2 155
 15 1 -2 299
 15 -2 -3 329
 15 -2 3 334
 15 2 -1 37
 15 -3 -1 44
 15 -2 -2 26
 15 -2 2 93
 15 4 -1 204
 15 -1 3 24
 15 -2 -1 268
 105 4 1 358
 15 3 0 319
 15 0 2 154
 15 -3 3 24
 105 -1 -4 212
 15 1 -3 221
 15 3 2 184
 15 3 -1 207
 15 3 1 212
 15 -1 2 261
 15 1 3 22
 15 0 -2 195
 105 2 3 205
 105 -3 -3 212
 15 4 0 172
 105 0 -3 12
 55 2 1 216
 55 3 -2 254
 55 1 1 9
 55 -1 0 129
 55 -3 0 267
 55 -3 1 148
 55 -4 1 156
 55 1 4 3
 55 -3 -2 149
 55 2 -3 59
 55 3 -3 0
 55 0 0 255
 55 1 -1 286
 55 2 0 57
 55 1 0 328
 55 0 -1 16
 55 -2 1 88
 55 0 4 215
 55 0 1 231
 55 -2 0 319
 55 1 2 130
 55 -1 1 345
 5 3 3 105
 5 -1 4 358
 55 4 -2 345
 55 -3 2 51
 55 -4 0 94
 55 0 -4 130
 "contig-ratio-green-core" 0.8421052631578947
 "contig-ratio-red-core" 0.7272727272727273
 "a-count" 3
 "b-count" 3
 "c-color-count" 26
 "c-express-count" 25
 "d-color-count" 25
 "d-express-count" 25
 "cell-count" 56
 15 2 2 51
 15 -2 1 11
 15 3 3 118
 105 -2 -3 74
 15 3 -3 306
 15 3 1 338
 15 2 -3 324
 15 1 4 277
 105 -2 2 333
 15 1 -3 193
 15 1 -4 262
 15 2 1 334
 15 -1 4 82
 15 -1 2 26
 15 4 1 266
 15 -3 0 97
 15 4 0 155
 15 2 3 92
 15 -3 -2 145
 15 0 -3 94
 15 -1 1 99
 15 4 -2 355
 15 0 -4 175
 15 -2 0 67
 15 -3 -1 227
 15 0 4 53
 105 -4 -1 150
 15 3 2 83
 55 -1 3 65
 55 0 1 45
 55 -4 0 180
 55 -2 -2 293
 55 -1 -2 311
 55 -1 0 192
 55 0 -2 268
 55 1 0 61
 55 0 0 23
 55 1 1 51
 55 1 -1 322
 5 -3 3 246
 55 3 0 179
 55 1 -2 339
 5 -2 3 161
 55 -2 -1 17
 55 0 2 21
 55 2 0 2
 55 -4 1 201
 55 2 -1 53
 55 0 3 130
 55 1 2 33
 55 1 3 103
 55 3 -1 236
 55 3 -2 161
 55 2 -2 106
 55 4 -1 273
 55 -3 2 293
 "contig-ratio-green-core" 0.85
 "contig-ratio-red-core" 0.7272727272727273
