 "a-count" 9
 "b-count" 4
 "c-color-count" 25
 "c-express-count" 24
 "d-color-count" 21
 "d-express-count" 19
 "cell-count" 56
 15 -1 -4 308
 15 -3 -1 160
 15 3 1 56
 105 1 4 327
 15 3 0 179
 15 0 -2 129
 15 3 2 135
 105 -1 4 321
 105 0 4 181
 105 -2 2 42
 15 2 3 249
 15 2 -2 335
 105 0 -1 138
 15 1 -4 6
 15 2 -1 8
 15 3 -2 191
 15 1 0 189
 105 4 1 42
 15 0 0 330
 105 -3 -3 287
 15 -3 -2 100
 15 1 3 335
 15 -3 1 1
 15 3 3 22
 15 0 1 358
 15 -2 -2 277
 15 0 -4 269
 15 -1 0 11
 55 -2 -1 67
 55 1 2 161
 55 -4 1 215
 55 -4 -1 44
 55 4 -1 299
 55 -2 1 182
 55 3 -3 76
 55 2 2 292
 55 2 -3 194
 55 -1 -2 256
 5 -2 3 260
 55 -1 -1 92
 5 -1 2 56
 55 1 1 311
 55 1 -3 140
 55 -1 3 127
 55 2 1 292
 55 -2 0 64
 55 -4 0 327
 55 3 -1 355
 55 2 0 145
 5 -1 1 113
 55 -3 0 274
 55 -4 2 174
 55 0 3 35
 55 0 2 203
 55 -2 -3 112
 55 1 -2 53
 "contig-ratio-green-core" 0.7619047619047619
 "contig-ratio-red-core" 1.125
 "a-count" 8
 "b-count" 6
 "c-color-count" 22
 "c-express-count" 22
 "d-color-count" 23
 "d-express-count" 20
 "cell-count" 56
 15 1 -3 66
 105 -3 -1 279
 15 -4 -1 54
 15 -2 -3 184
 15 -1 -2 134
 15 -3 1 71
 15 -2 3 22
 15 2 0 307
 105 3 1 271
 15 4 -1 112
 15 -2 -2 293
 15 0 -3 215
 15 2 2 7
 15 -1 -1 153
 15 2 -1 43
 15 0 -4 10
 15 2 1 221
 15 -4 0 275
 15 -2 0 38
 105 3 -2 89
 105 -1 -3 342
 15 -1 4 49
 15 -1 -4 112
 15 0 -2 61
 15 -2 2 312
 15 1 2 183
 15 -2 1 253
 105 3 0 46
 55 0 4 263
 55 0 1 166
 55 0 2 50
 55 1 -2 125
 5 -3 2 259
 5 3 3 108
 55 1 0 138
 55 -1 2 62
 55 -1 1 234
 55 -3 -3 223
 55 0 -1 273
 55 4 1 160
 55 4 0 166
 55 1 -1 13
 5 2 -3 205
 55 -3 3 334
 55 0 3 19
 55 3 -3 301
 55 1 4 203
 5 1 3 334
 5 -4 1 71
 55 3 2 226
 55 1 1 129
 5 -2 -1 342
 55 -1 0 178
 55 0 0 192
 55 1 -4 181
 55 -3 -2 87
 "contig-ratio-green-core" 0.8421052631578947
 "contig-ratio-red-core" 0.7222222222222222
 "a-count" 7
 "b-count" 5
 "c-color-count" 23
 "c-express-count" 23
 "d-color-count" 22
 "d-express-count" 21
 "cell-count" 56
 105 3 -1 30
 15 4 -1 287
 15 1 -5 99
 15 1 0 218
 105 -2 0 100
 15 0 2 89
 15 1 2 144
 15 0 0 3
 15 3 0 57
 105 -1 4 175
 15 3 1 52
 15 -2 1 338
 15 1 1 49
 15 3 -2 271
 15 1 3 54
 15 -3 -2 348
 15 2 1 192
 15 0 1 235
 15 0 -4 30
 105 -3 3 8
 15 -3 2 36
 15 2 2 306
 15 4 0 202
 105 -1 3 352
 15 2 0 289
 105 -3 -3 134
 15 0 -1 199
 15 0 -3 71
 55 -4 0 193
 55 -4 1 120
 55 -1 0 96
 55 1 -1 118
 55 2 -3 239
 55 -2 -3 229
 55 -1 -4 8
 55 -2 -1 33
 55 -1 1 78
 55 1 -2 101
 55 -1 -1 4
 55 1 -3 298
 5 -2 3 2
 55 3 3 315
 55 2 -1 328
 55 -2 2 10
 55 -1 2 161
 55 2 3 339
 55 4 1 331
 55 3 -3 38
 55 1 4 88
 5 -1 -2 217
 5 -1 -3 62
 5 0 4 231
 5 3 2 79
 55 -4 -1 245
 55 -3 -1 87
 55 1 -4 111
 "contig-ratio-green-core" 0.8
 "contig-ratio-red-core" 0.8823529411764706
 "a-count" 5
 "b-count" 8
 "c-color-count" 21
 "c-express-count" 20
 "d-color-count" 25
 "d-express-count" 23
 "cell-count" 56
 15 -3 -1 312
 15 -2 -1 127
 15 -1 2 132
 15 0 -1 318
 15 -1 -1 266
 15 0 2 333
 15 3 1 43
 15 -3 -2 251
 15 1 1 145
 15 -3 3 28
 15 -1 0 251
 15 -1 1 305
 15 -3 -3 193
 15 2 2 328
 15 -1 3 343
 15 1 2 221
 15 -4 0 35
 105 -2 2 249
 15 1 0 314
 15 3 2 132
 15 0 -4 268
 15 -2 0 223
 105 2 -3 98
 105 0 0 193
 15 2 3 303
 15 0 4 47
 15 -1 4 24
 15 -4 1 244
 5 3 -3 249
 55 -2 1 319
 5 3 -1 210
 55 4 -1 321
 55 0 -3 342
 55 2 1 158
 55 -2 -3 5
 55 1 3 81
 55 4 0 7
 55 3 -2 174
 5 2 -1 310
 55 1 -3 288
 55 -1 -2 345
 55 -3 1 262
 55 -2 -2 304
 55 -3 2 294
 55 3 0 66
 55 1 4 149
 55 -3 0 297
 5 -4 -1 225
 5 -2 3 303
 5 2 -2 194
 55 4 1 201
 5 -1 -4 18
 55 0 3 284
 55 -1 -3 200
 55 3 3 216
 55 0 -2 16
 "contig-ratio-green-core" 1
 "contig-ratio-red-core" 0.875
