 "a-count" 11
 "b-count" 6
 "c-color-count" 23
 "c-express-count" 22
 "d-color-count" 17
 "d-express-count" 17
 "cell-count" 56
 105 1 4 187
 105 1 -4 251
 15 3 -1 349
 15 3 2 267
 15 -2 -2 51
 15 3 0 91
 105 -3 1 345
 15 2 -1 170
 15 1 3 273
 15 -3 -1 288
 105 0 -4 90
 105 1 -3 52
 105 -1 -4 279
 15 -2 -3 311
 15 0 -3 177
 105 3 1 345
 105 -1 4 100
 15 2 1 277
 15 -2 3 337
 15 -1 3 131
 15 0 3 130
 105 4 1 156
 15 -4 0 143
 105 3 3 205
 15 -2 -1 101
 15 2 0 263
 15 2 2 336
 105 4 -1 230
 55 1 2 254
 55 -1 0 55
 55 -3 0 244
 55 1 0 44
 55 2 -2 61
 55 0 1 331
 5 -3 -2 345
 55 -4 -1 235
 55 -2 1 113
 55 -2 0 345
 55 -1 -2 61
 55 -1 2 144
 55 0 4 348
 5 4 0 61
 55 0 -1 247
 5 3 -3 83
 55 -1 1 356
 55 0 0 32
 5 3 -2 321
 55 1 1 79
 55 2 3 49
 5 -4 1 199
 55 -2 2 108
 55 0 -2 79
 55 -1 -1 190
 55 1 -1 135
 55 0 2 293
 55 1 -2 196
 "contig-ratio-green-core" 0.9285714285714286
 "contig-ratio-red-core" 0.9285714285714286
 "a-count" 6
 "b-count" 3
 "c-color-count" 26
 "c-express-count" 25
 "d-color-count" 22
 "d-express-count" 22
 "cell-count" 56
 15 -4 1 357
 15 -3 -1 80
 105 2 -4 70
 15 -1 3 250
 15 3 0 232
 15 2 -1 207
 105 -3 3 143
 105 4 1 239
 15 0 -4 60
 15 3 -1 268
 15 0 3 50
 15 -3 1 23
 105 -2 -3 70
 15 3 1 154
 15 -3 0 230
 15 1 3 255
 15 3 2 137
 15 0 4 201
 105 -1 -3 112
 15 -4 -1 224
 105 0 -3 73
 15 2 -3 28
 15 4 0 246
 15 -2 3 33
 15 -4 0 165
 15 -1 4 271
 15 2 -2 80
 15 1 -4 127
 55 -3 -2 70
 55 1 0 4
 5 1 -3 55
 55 0 1 55
 55 2 0 3
 55 -2 0 30
 5 1 4 48
 55 -1 2 94
 55 -1 -1 163
 55 -2 1 3
 55 -1 1 30
 55 0 0 284
 55 4 -1 335
 55 2 2 161
 55 0 -2 274
 55 1 2 144
 55 -2 2 209
 55 1 1 78
 55 1 -2 138
 55 3 -2 301
 55 0 2 73
 55 0 -1 295
 55 1 -1 61
 55 -1 0 293
 55 -1 -2 113
 55 -2 -2 38
 55 -3 2 327
 55 2 1 83
 "contig-ratio-green-core" 0.75
 "contig-ratio-red-core" 0.7222222222222222
 "a-count" 3
 "b-count" 4
 "c-color-count" 24
 "c-express-count" 24
 "d-color-count" 26
 "d-express-count" 25
 "cell-count" 56
 15 -3 0 166
 105 -3 -3 268
 15 0 -3 189
 15 1 -1 122
 15 -3 -1 248
 15 2 3 84
 15 -4 1 288
 105 1 3 35
 15 1 1 293
 15 1 -3 359
 15 -4 0 48
 15 -4 -1 84
 15 3 2 24
 15 3 0 19
 15 1 0 57
 15 2 2 76
 15 1 2 334
 15 -1 4 229
 15 2 1 182
 15 2 -1 176
 15 -3 -2 26
 15 2 0 151
 15 3 -1 137
 15 3 1 76
 15 1 -2 9
 15 1 -4 66
 15 -3 3 209
 15 0 4 181
 55 3 -3 255
 55 0 3 352
 55 0 2 333
 55 -1 3 151
 55 -2 2 314
 55 0 -1 222
 55 -1 1 69
 5 2 -2 173
 55 0 0 194
 55 -1 -2 137
 55 -2 -1 209
 55 -2 0 104
 55 4 1 299
 55 -3 1 19
 55 -2 -3 186
 55 0 -2 186
 55 -2 -2 270
 55 -2 1 331
 55 0 1 71
 55 -1 -3 228
 5 4 -1 320
 55 -1 0 171
 55 -1 -1 147
 5 -2 3 125
 55 2 -3 28
 55 -4 -2 312
 55 -1 2 249
 5 -1 -4 196
 "contig-ratio-green-core" 0.8125
 "contig-ratio-red-core" 0.7
