 "a-count" 8
 "b-count" 4
 "c-color-count" 25
 "c-express-count" 24
 "d-color-count" 21
 "d-express-count" 20
 "cell-count" 56
 15 -1 4 36
 15 -2 0 113
 105 -3 3 96
 105 4 -1 24
 105 -2 3 265
 15 -1 -3 136
 15 3 1 316
 15 1 4 256
 15 -1 -1 239
 15 -2 -2 158
 15 -2 -1 283
 15 0 -1 141
 105 -3 2 128
 15 0 4 140
 15 0 0 94
 105 -4 0 215
 15 -4 1 136
 15 -1 0 230
 15 2 4 59
 15 0 -3 300
 15 3 2 201
 15 2 -1 107
 105 -3 -1 105
 15 -3 0 113
 105 2 -3 81
 15 0 -2 256
 15 1 -1 41
 15 -1 -2 109
 55 -1 1 272
 55 3 -1 351
 55 -1 -4 224
 55 2 1 151
 55 1 -3 250
 55 1 3 241
 55 3 3 249
 55 2 0 189
 55 -1 2 84
 55 -3 -2 220
 55 0 2 183
 55 -3 1 296
 55 -1 3 205
 55 -2 -3 156
 55 -2 2 269
 5 1 -2 233
 55 1 0 281
 5 3 0 153
 55 2 3 346
 55 0 1 181
 5 1 -4 34
 55 1 2 22
 55 -2 1 82
 55 -3 -3 76
 55 0 3 274
 55 3 -2 332
 55 0 -4 327
 55 1 1 234
 "contig-ratio-green-core" 0.7777777777777778
 "contig-ratio-red-core" 1.1428571428571428
 "a-count" 5
 "b-count" 4
 "c-color-count" 24
 "c-express-count" 24
 "d-color-count" 23
 "d-express-count" 23
 "cell-count" 56
 15 1 4 205
 15 1 -2 323
 15 -2 -3 322
 15 0 4 124
 15 -3 0 204
 15 -1 3 125
 15 -4 -1 337
 15 2 -2 256
 105 -3 3 128
 15 3 2 334
 15 3 -1 269
 15 3 1 121
 15 -3 1 60
 15 -3 -1 238
 15 2 -1 26
 15 4 -1 242
 15 -4 0 321
 105 4 1 258
 15 1 -3 332
 15 0 -4 161
 15 -2 -4 99
 15 0 -3 320
 105 -1 -3 321
 15 0 -2 304
 105 2 -3 182
 15 -3 2 214
 105 -3 -3 75
 15 -3 -2 354
 55 0 -1 301
 55 1 0 110
 55 -2 1 307
 55 -1 -1 208
 55 2 1 151
 5 3 -2 219
 55 0 3 316
 5 3 -3 75
 55 1 2 239
 55 2 2 96
 55 0 1 183
 55 1 3 4
 55 -2 0 278
 55 -2 -2 170
 55 -2 -1 6
 55 -1 -2 273
 5 -2 3 45
 55 -1 1 204
 55 1 1 195
 55 -1 2 104
 55 -1 0 173
 55 0 0 253
 55 3 3 185
 55 1 -1 259
 55 0 2 264
 55 2 0 272
 55 -2 2 164
 5 1 -4 101
 "contig-ratio-green-core" 1
 "contig-ratio-red-core" 0.7058823529411765
 "a-count" 6
 "b-count" 3
 "c-color-count" 25
 "c-express-count" 25
 "d-color-count" 22
 "d-express-count" 22
 "cell-count" 56
 15 0 -3 218
 105 -4 -1 286
 15 2 3 301
 15 -1 3 33
 15 -1 -3 251
 15 -1 -2 234
 105 1 4 252
 105 3 2 118
 15 -2 -1 229
 105 2 -3 127
 15 2 2 176
 105 3 1 304
 15 -3 -1 118
 105 4 -1 220
 15 3 -3 242
 15 -1 4 207
 15 0 -2 252
 15 1 -3 111
 15 1 -2 143
 15 -2 -2 224
 15 2 1 91
 15 -2 -3 357
 15 1 3 120
 15 3 0 183
 15 -4 0 305
 15 -4 1 33
 15 1 -4 222
 15 4 0 227
 5 -3 -2 248
 55 1 0 208
 55 -1 0 81
 55 0 0 181
 55 2 -1 311
 55 -2 0 168
 55 -1 2 186
 55 2 -2 86
 55 -2 1 78
 55 -2 3 38
 5 -3 0 310
 55 3 3 148
 55 0 2 227
 55 1 2 325
 55 -3 -3 141
 55 -3 1 312
 55 -1 1 306
 55 3 -1 294
 55 1 -1 173
 55 3 -2 328
 55 0 -4 62
 55 0 -1 284
 55 2 0 317
 55 -2 2 241
 55 -1 -1 239
 5 -3 3 49
 55 0 1 83
 55 1 1 11
 "contig-ratio-green-core" 0.75
 "contig-ratio-red-core" 0.8421052631578947
 "a-count" 6
 "b-count" 5
 "c-color-count" 24
 "c-express-count" 23
 "d-color-count" 22
 "d-express-count" 22
 "cell-count" 56
 15 0 0 131
 15 -4 -1 339
 105 0 2 64
 15 -1 2 142
 15 -2 2 140
 15 1 -4 184
 15 1 2 250
 15 2 3 358
 15 -1 0 191
 15 -1 -1 235
 15 3 -2 67
 15 -3 -3 354
 15 1 1 359
 15 -4 -2 34
 105 -2 -3 135
 15 1 3 3
 15 1 4 290
 15 0 1 191
 105 0 3 214
 105 3 -3 45
 15 0 -1 143
 15 0 -4 325
 15 -3 2 298
 15 -2 1 228
 105 4 1 11
 15 -1 1 85
 15 -4 0 141
 105 1 -3 216
 55 -3 -2 274
 55 2 2 340
 55 -1 -4 340
 55 -3 0 138
 5 -2 3 272
 55 -3 -1 0
 55 1 -1 47
 55 3 1 234
 55 0 -3 343
 55 0 4 179
 5 -3 3 123
 55 -2 0 185
 55 -3 1 139
 55 -1 -3 281
 55 0 -2 228
 55 1 0 17
 55 3 2 293
 55 3 -1 49
 55 -1 -2 83
 55 2 1 176
 55 -1 4 172
 5 2 -1 122
 55 1 -2 11
 55 -2 -2 314
 5 3 3 100
 55 -2 -1 265
 55 2 0 61
 55 3 0 316
 "contig-ratio-green-core" 0.6956521739130435
 "contig-ratio-red-core" 0.8333333333333334
