 "a-count" 5
 "b-count" 5
 "c-color-count" 23
 "c-express-count" 23
 "d-color-count" 23
 "d-express-count" 23
 "cell-count" 56
 15 -4 0 40
 105 2 -3 319
 15 2 1 315
 105 -2 -3 108
 15 3 0 310
 105 -3 3 171
 15 -2 1 201
 15 -3 -2 252
 15 -4 1 237
 15 -1 3 291
 15 3 -1 323
 15 2 0 267
 15 1 -4 246
 15 1 1 263
 15 -4 -1 317
 15 3 2 64
 15 4 0 49
 15 -1 2 28
 105 -1 -2 218
 15 1 0 105
 15 -3 1 265
 15 2 -1 91
 15 3 1 26
 15 1 -1 158
 15 -3 2 175
 15 1 -5 353
 15 -4 -2 223
 105 0 -4 249
 5 2 -2 109
 55 2 3 178
 55 -1 -1 32
 55 0 3 291
 55 -2 0 64
 55 1 -2 301
 5 4 -1 234
 5 -1 -4 319
 55 1 4 67
 55 1 2 48
 55 1 3 237
 55 -2 -1 221
 55 -3 -1 82
 55 0 -2 195
 5 3 -2 348
 55 -1 -3 273
 55 2 2 58
 55 0 -1 102
 55 -1 1 189
 55 0 1 25
 55 0 -3 296
 5 -2 3 298
 55 -1 0 350
 55 0 4 22
 55 3 3 53
 55 0 0 215
 55 0 2 73
 55 -3 0 109
 "contig-ratio-green-core" 0.6
 "contig-ratio-red-core" 0.7222222222222222
 "a-count" 6
 "b-count" 5
 "c-color-count" 25
 "c-express-count" 23
 "d-color-count" 23
 "d-express-count" 22
 "cell-count" 56
 15 3 1 254
 15 0 3 32
 15 4 0 287
 15 -4 -2 304
 15 -3 1 65
 15 1 3 340
 15 -2 -2 45
 105 -4 -1 39
 15 1 2 218
 15 3 -1 240
 105 1 4 282
 15 -2 0 152
 15 4 -1 139
 15 -3 0 117
 15 -3 2 282
 15 0 2 267
 15 -2 -3 124
 105 1 -4 25
 15 -2 -1 153
 15 2 -1 23
 15 -3 -2 238
 105 3 -3 341
 15 -3 -3 192
 105 3 3 275
 15 -4 0 189
 15 3 0 139
 15 -2 3 104
 15 -1 3 70
 55 -1 0 161
 5 2 -3 174
 55 -1 2 316
 55 1 -1 305
 55 1 1 249
 55 4 1 300
 55 2 1 285
 55 1 -3 269
 55 -1 -2 58
 55 0 -3 49
 55 2 -2 146
 55 0 1 120
 55 1 0 91
 55 0 -1 266
 5 3 -2 98
 55 2 3 341
 55 3 2 299
 55 0 0 322
 55 -2 1 206
 55 -2 2 295
 55 2 2 100
 55 -1 -1 203
 55 0 -4 307
 5 1 -2 153
 55 0 -2 148
 55 -1 -3 341
 55 -1 1 296
 55 2 0 19
 "contig-ratio-green-core" 0.7777777777777778
 "contig-ratio-red-core" 0.8
 "a-count" 6
 "b-count" 5
 "c-color-count" 23
 "c-express-count" 23
 "d-color-count" 23
 "d-express-count" 22
 "cell-count" 56
 15 -1 -3 178
 15 -2 -3 34
 15 -3 2 322
 15 0 -3 166
 15 2 3 32
 15 0 -2 289
 105 -2 3 286
 105 -1 4 268
 15 1 -1 332
 15 -2 -2 87
 15 -1 3 300
 15 2 1 253
 15 1 -3 187
 15 -1 -4 304
 105 2 2 33
 15 -2 2 44
 15 2 0 341
 15 4 1 193
 15 1 3 62
 15 3 1 129
 15 1 -2 201
 15 2 -1 0
 15 -3 -2 3
 15 0 3 271
 105 3 0 350
 15 0 4 28
 15 -1 -2 75
 105 3 2 219
 5 2 -3 163
 55 -2 1 138
 55 1 1 91
 55 3 3 76
 5 -1 0 111
 55 -1 -1 265
 55 -4 1 176
 5 3 -3 158
 55 -2 -1 246
 55 1 0 11
 55 0 -1 282
 55 0 2 133
 55 -1 1 353
 55 0 1 119
 55 4 0 98
 5 4 -1 3
 55 -1 2 288
 55 -4 0 111
 55 0 0 324
 55 -3 1 244
 55 3 -1 323
 55 1 2 263
 5 -4 -1 229
 55 -2 0 333
 55 -3 0 203
 55 0 -4 28
 55 1 -4 250
 55 3 -2 308
 "contig-ratio-green-core" 0.9411764705882353
 "contig-ratio-red-core" 0.7
 "a-count" 1
 "b-count" 2
 "c-color-count" 26
 "c-express-count" 26
 "d-color-count" 27
 "d-express-count" 27
 "cell-count" 56
 15 -1 -2 32
 15 0 3 294
 15 0 -3 33
 15 1 3 225
 105 1 -4 69
 15 1 -2 285
 15 3 2 60
 15 1 0 254
 15 0 -4 175
 15 -4 0 156
 15 1 1 274
 15 2 1 210
 15 0 -2 176
 15 -2 -3 97
 15 2 -1 192
 15 1 -1 31
 15 3 -1 183
 15 0 4 60
 15 1 4 289
 15 3 1 86
 15 -4 1 187
 15 3 0 46
 15 1 2 245
 15 4 1 66
 15 2 2 117
 15 -1 -3 74
 15 2 0 172
 15 -3 2 356
 55 -4 -1 25
 55 -1 1 232
 5 2 4 220
 55 0 0 110
 55 -2 2 40
 55 2 -3 55
 55 1 -3 235
 55 -3 0 165
 55 3 3 236
 55 -2 0 78
 55 0 -1 184
 55 0 1 353
 55 -1 0 327
 55 2 -2 10
 55 4 -1 93
 55 0 2 274
 55 -2 1 303
 55 -1 -4 61
 55 -1 3 224
 55 -1 -1 293
 55 -3 -2 243
 55 -3 -1 131
 55 -2 -1 0
 55 4 0 286
 55 -3 1 176
 5 -3 3 217
 55 -2 3 335
 55 2 3 173
 "contig-ratio-green-core" 0.95
 "contig-ratio-red-core" 0.6956521739130435
