 "a-count" 6
 "b-count" 1
 "c-color-count" 27
 "c-express-count" 27
 "d-color-count" 22
 "d-express-count" 22
 "cell-count" 56
 15 0 -3 23
 15 -4 -1 313
 15 -1 4 257
 15 2 1 179
 15 -1 3 276
 105 -3 2 335
 105 2 -2 17
 105 -4 1 113
 105 -1 -4 252
 15 -3 0 87
 15 1 -3 281
 15 3 -1 62
 15 -3 1 149
 15 3 -2 170
 15 2 -3 126
 15 -4 0 288
 15 -3 3 230
 105 3 -3 52
 15 2 2 5
 15 -2 2 97
 15 1 -4 323
 15 4 1 158
 15 2 0 72
 15 -1 -3 202
 15 2 -1 289
 15 -3 -1 281
 15 -3 -2 333
 105 4 -1 280
 55 1 1 144
 55 1 2 262
 5 -2 3 8
 55 3 3 321
 55 1 -2 215
 55 0 1 199
 55 0 3 208
 55 -2 0 13
 55 1 -1 244
 55 0 0 180
 55 -1 -2 158
 55 -2 -2 324
 55 -2 -3 328
 55 -1 0 262
 55 2 3 89
 55 1 0 79
 55 1 4 103
 55 0 -1 115
 55 0 -2 251
 55 -1 1 345
 55 -3 -3 68
 55 3 2 34
 55 -1 2 17
 55 -1 -1 66
 55 0 2 234
 55 1 3 195
 55 -2 -1 215
 55 -2 1 75
 "contig-ratio-green-core" 0.7222222222222222
 "contig-ratio-red-core" 0.7777777777777778
 "a-count" 2
 "b-count" 5
 "c-color-count" 24
 "c-express-count" 23
 "d-color-count" 26
 "d-express-count" 26
 "cell-count" 56
 15 -2 -1 192
 15 0 2 345
 15 -1 -3 285
 15 -1 0 211
 105 2 3 250
 15 -3 0 53
 15 -3 -1 81
 15 0 -4 305
 15 1 2 27
 15 4 1 42
 15 1 -2 115
 15 -1 3 71
 15 -1 -2 138
 15 0 3 38
 15 4 0 168
 15 -2 0 73
 15 0 1 27
 15 -1 2 111
 15 4 -1 36
 15 -1 -4 183
 15 2 2 78
 15 0 -3 312
 15 -1 1 278
 15 -2 1 334
 105 3 -3 156
 15 1 1 21
 15 -1 -1 85
 15 -2 -2 131
 5 -3 3 344
 55 2 -2 351
 55 3 -1 223
 55 3 0 300
 55 0 -1 244
 55 3 -2 330
 55 2 0 359
 55 1 0 28
 55 -1 4 141
 55 -2 3 179
 5 -3 -3 199
 55 0 0 20
 55 0 4 145
 55 -4 0 4
 55 2 1 134
 55 1 4 193
 55 -3 1 27
 55 -3 2 338
 55 -4 1 345
 55 3 1 239
 55 -2 2 23
 5 3 2 283
 55 1 -4 224
 55 2 -1 144
 55 1 -1 195
 55 -4 -1 144
 55 2 -3 264
 5 -2 -3 199
 "contig-ratio-green-core" 0.7368421052631579
 "contig-ratio-red-core" 0.7
 "a-count" 7
 "b-count" 3
 "c-color-count" 25
 "c-express-count" 25
 "d-color-count" 22
 "d-express-count" 21
 "cell-count" 56
 105 2 -3 317
 15 0 4 39
 105 0 -4 10
 15 3 2 311
 105 -2 3 350
 15 -1 -3 329
 15 4 -1 44
 15 1 3 323
 15 -3 1 279
 15 -2 -2 333
 15 0 3 291
 15 2 0 204
 15 -1 3 157
 15 3 0 129
 15 2 1 295
 15 2 2 186
 105 4 0 283
 105 4 1 293
 15 -2 2 1
 15 3 1 210
 15 -3 -2 247
 15 -3 0 260
 15 1 -3 254
 15 -4 0 359
 15 0 -3 55
 105 1 4 248
 15 1 -4 2
 15 -2 -1 189
 55 -1 -2 238
 55 -1 4 62
 5 -3 3 355
 55 0 2 5
 55 -2 0 92
 55 -3 -3 257
 55 1 0 148
 55 -1 -1 68
 55 0 1 284
 55 1 1 138
 55 3 -1 148
 55 -1 2 45
 55 -1 0 230
 55 0 -1 155
 55 -3 2 133
 55 -2 1 220
 5 2 -1 35
 55 0 0 338
 55 3 -2 126
 55 2 3 38
 55 -1 1 3
 55 2 -2 296
 5 -1 -4 216
 55 1 -2 340
 55 0 -2 169
 55 -2 -3 203
 55 3 3 350
 55 1 -1 159
 "contig-ratio-green-core" 1
 "contig-ratio-red-core" 0.85
 "a-count" 5
 "b-count" 1
 "c-color-count" 27
 "c-express-count" 27
 "d-color-count" 25
 "d-express-count" 23
 "cell-count" 56
 15 3 -1 26
 15 3 2 57
 15 1 4 3
 15 0 4 10
 105 -1 4 144
 15 3 1 84
 15 -4 1 323
 15 2 0 219
 15 -4 0 81
 15 3 -3 79
 15 -1 3 142
 15 2 2 17
 15 -3 -1 5
 105 1 -4 356
 15 -2 3 342
 15 -3 0 27
 15 -2 2 149
 15 2 -2 12
 15 0 -4 355
 15 2 -1 61
 15 3 0 292
 15 4 1 173
 15 -3 -2 15
 15 -3 2 136
 15 2 1 173
 15 0 -3 251
 105 -4 -1 315
 15 -1 -3 211
 55 1 1 266
 55 1 2 63
 55 0 -1 229
 55 0 -2 39
 55 1 -1 147
 55 0 2 146
 55 -3 -3 83
 55 -2 1 156
 55 -1 0 3
 55 4 0 112
 5 -1 -4 328
 55 1 0 59
 55 0 0 152
 55 1 3 45
 55 -2 -1 127
 55 -1 -1 49
 55 -2 0 289
 55 -3 3 4
 55 -2 -2 88
 55 0 1 204
 55 0 3 133
 55 -2 -3 6
 55 -1 -2 6
 55 -1 1 77
 55 2 3 225
 55 1 -3 168
 55 1 -2 144
 55 4 -1 169
 "contig-ratio-green-core" 0.8095238095238095
 "contig-ratio-red-core" 0.9090909090909091
