 "a-count" 3
 "b-count" 3
 "c-color-count" 25
 "c-express-count" 25
 "d-color-count" 25
 "d-express-count" 25
 "cell-count" 56
 105 -1 -4 342
 15 1 -1 86
 15 4 -1 174
 105 2 -1 273
 15 -2 3 251
 15 3 2 35
 15 2 -2 285
 105 1 4 27
 15 -2 -3 213
 15 -4 0 48
 15 2 2 342
 15 0 -4 96
 15 0 3 218
 15 1 3 203
 15 0 -2 210
 15 0 4 146
 15 -1 3 285
 15 2 3 293
 15 3 -1 10
 15 -1 -3 319
 15 -2 2 283
 15 1 2 177
 15 3 -2 315
 15 -4 1 12
 15 3 3 358
 15 1 -3 250
 15 0 -1 117
 15 1 -2 150
 55 -2 -2 14
 55 0 2 155
 55 -1 1 259
 55 1 0 243
 55 2 1 356
 55 -2 1 347
 55 -3 -2 115
 55 -1 -1 272
 55 3 0 16
 5 -2 -1 153
 55 1 -4 53
 55 -3 -1 177
 55 1 1 131
 55 -3 1 262
 55 -2 0 181
 55 0 0 176
 55 0 1 351
 55 -3 0 320
 55 4 0 110
 55 -1 0 1
 55 -1 2 15
 55 2 -4 251
 5 -3 3 213
 55 -1 -2 25
 55 3 1 222
 55 -1 4 242
 55 2 0 154
 5 -4 -1 32
 "contig-ratio-green-core" 0.8947368421052632
 "contig-ratio-red-core" 0.7727272727272727
 "a-count" 14
 "b-count" 9
 "c-color-count" 20
 "c-express-count" 19
 "d-color-count" 15
 "d-express-count" 14
 "cell-count" 56
 105 -2 -3 318
 105 0 -3 99
 15 -4 0 311
 15 -1 4 276
 105 2 -3 88
 105 -2 3 14
 105 3 3 151
 15 3 0 121
 15 -3 1 256
 15 -1 2 129
 15 3 -1 53
 105 -3 -1 138
 105 -4 -1 238
 105 4 0 338
 105 2 -2 266
 15 -3 0 115
 15 -1 -2 298
 105 3 -3 33
 15 2 2 217
 105 -2 2 234
 15 -3 -2 105
 15 -2 1 58
 105 3 2 34
 15 0 -2 34
 15 -2 -2 101
 15 3 1 246
 105 -3 2 90
 15 1 -2 102
 5 4 1 144
 55 0 0 74
 5 1 -4 313
 55 1 -1 228
 55 1 0 262
 55 -1 0 210
 55 3 -2 240
 55 2 1 78
 5 2 3 72
 55 0 2 222
 5 -3 3 198
 55 2 -1 196
 55 2 0 258
 55 -1 1 8
 55 -2 -1 237
 55 -1 -1 264
 5 1 4 263
 55 0 4 309
 5 0 -4 38
 5 -4 1 10
 55 1 2 25
 55 0 1 310
 55 1 1 16
 5 -1 -4 64
 55 0 -1 201
 55 0 3 323
 55 -2 0 42
 55 4 -1 52
 "contig-ratio-green-core" 1
 "contig-ratio-red-core" 1
 "a-count" 6
 "b-count" 5
 "c-color-count" 24
 "c-express-count" 23
 "d-color-count" 23
 "d-express-count" 22
 "cell-count" 56
 15 1 -3 274
 15 3 -2 269
 15 -2 -2 297
 15 4 0 29
 15 -1 -1 327
 15 -1 0 195
 105 1 4 182
 15 -2 -1 276
 15 3 1 206
 15 -1 4 225
 15 2 2 89
 15 -2 1 176
 15 -4 0 201
 15 -3 3 139
 15 -1 1 148
 15 2 1 0
 15 -2 0 322
 15 1 -4 270
 105 -3 -2 156
 15 -2 2 11
 105 3 -3 185
 15 0 4 112
 15 2 -3 274
 105 0 -4 102
 15 2 -2 305
 15 4 -1 6
 15 1 3 39
 105 -3 2 216
 55 1 2 89
 55 -1 -2 75
 55 1 -2 69
 5 3 2 39
 55 -3 -3 129
 55 1 -1 84
 55 0 3 6
 55 -3 1 182
 55 1 0 138
 55 3 3 127
 5 -1 -4 78
 55 0 1 215
 55 0 0 224
 55 3 0 122
 5 -4 1 117
 55 -1 3 209
 55 3 -1 125
 55 4 1 348
 55 0 2 227
 55 -1 2 282
 55 1 1 45
 55 2 0 107
 55 -2 3 8
 55 0 -2 123
 55 0 -1 147
 55 2 -1 207
 55 5 1 210
 5 2 3 283
 "contig-ratio-green-core" 0.9
 "contig-ratio-red-core" 0.8095238095238095
 "a-count" 9
 "b-count" 2
 "c-color-count" 27
 "c-express-count" 26
 "d-color-count" 20
 "d-express-count" 19
 "cell-count" 56
 105 3 -2 333
 15 2 -3 323
 15 3 -1 281
 15 -2 2 340
 15 2 -2 124
 105 -2 -2 71
 15 1 3 121
 105 0 3 170
 15 -4 0 252
 15 0 2 139
 15 -1 2 354
 15 -1 4 118
 105 4 0 23
 15 3 0 280
 105 4 -1 286
 15 1 -4 214
 15 -4 1 174
 15 -4 -1 116
 15 0 4 256
 15 4 1 346
 15 0 -4 120
 15 2 3 171
 15 -2 -4 241
 105 -2 3 56
 15 -1 -4 56
 15 3 1 94
 105 -3 3 347
 105 -2 -3 207
 55 1 0 222
 55 1 -2 15
 55 1 -1 123
 55 3 -3 213
 55 2 1 115
 55 -3 -1 294
 55 0 0 341
 55 1 -3 23
 55 2 0 59
 55 0 1 239
 55 -3 1 359
 55 -1 0 139
 55 0 -1 15
 55 -1 -3 90
 55 -2 -1 213
 55 2 2 238
 55 -1 1 339
 55 2 -1 201
 55 -3 2 106
 55 1 1 265
 55 -2 1 41
 55 -1 -1 233
 55 -1 -2 319
 5 3 3 52
 55 0 -2 234
 55 -3 0 243
 55 -2 0 171
 55 1 2 232
 "contig-ratio-green-core" 0.8333333333333334
 "contig-ratio-red-core" 0.8666666666666667
