 "a-count" 11
 "b-count" 3
 "c-color-count" 25
 "c-express-count" 25
 "d-color-count" 17
 "d-express-count" 17
 "cell-count" 56
 105 3 2 303
 15 -2 1 321
 105 -4 1 144
 15 -1 4 338
 15 -3 0 20
 105 -3 -3 48
 15 3 -2 262
 105 3 0 204
 105 3 -1 168
 105 0 -4 317
 15 -3 -1 94
 105 3 3 156
 15 -3 3 60
 15 2 -1 228
 15 1 -3 293
 15 -2 -1 190
 15 -3 2 22
 15 0 4 354
 15 2 -2 81
 15 2 1 298
 15 2 0 304
 15 3 1 73
 105 1 -4 110
 105 4 -1 265
 15 -2 0 344
 105 -1 -4 266
 105 4 0 257
 15 -3 1 27
 55 1 3 11
 5 -3 -2 301
 55 0 2 170
 55 1 -2 239
 55 0 -2 338
 55 -4 0 189
 5 1 4 154
 55 -2 -3 339
 55 0 1 46
 55 -1 3 276
 55 3 -3 90
 55 -2 -2 201
 55 0 -3 109
 55 -2 2 89
 55 2 3 11
 55 -1 -3 197
 55 0 0 291
 55 -1 -1 277
 55 0 3 210
 5 2 2 212
 55 -1 2 312
 55 -1 -2 232
 55 -1 1 136
 55 1 0 2
 55 -1 0 100
 55 1 2 139
 55 1 1 234
 55 0 -1 91
 "contig-ratio-green-core" 0.6666666666666666
 "contig-ratio-red-core" 0.8666666666666667
 "a-count" 6
 "b-count" 3
 "c-color-count" 26
 "c-express-count" 25
 "d-color-count" 24
 "d-express-count" 22
 "cell-count" 56
 15 -1 3 31
 105 -1 -3 157
 15 1 -2 228
 15 1 -4 358
 15 0 -3 353
 15 0 -2 216
 15 3 -1 19
 15 1 -3 295
 15 4 1 300
 15 -2 3 357
 15 -2 2 303
 15 3 1 352
 15 0 4 2
 15 -2 -3 87
 105 -3 2 298
 105 -1 -4 336
 15 -4 0 103
 15 3 0 17
 15 -1 -2 275
 15 0 3 186
 15 2 -3 344
 15 -1 4 26
 105 3 -3 118
 15 1 3 299
 15 4 0 108
 15 2 -2 176
 15 -4 1 229
 15 -2 -2 290
 55 0 2 226
 55 -3 3 300
 55 0 -1 227
 55 3 -2 202
 55 2 2 48
 55 -1 -1 252
 55 -1 0 288
 55 -3 1 331
 55 1 2 291
 55 -3 -1 17
 55 -1 2 26
 55 -2 -1 349
 55 2 0 206
 55 -3 0 359
 55 1 -1 283
 55 1 0 328
 5 4 -1 77
 55 -4 -1 297
 55 -3 -2 90
 55 -2 1 17
 55 2 -1 10
 55 0 0 270
 55 0 1 337
 5 4 -2 144
 55 1 4 353
 55 2 1 269
 55 2 3 256
 55 -1 1 109
 "contig-ratio-green-core" 0.8125
 "contig-ratio-red-core" 0.8260869565217391
 "a-count" 12
 "b-count" 3
 "c-color-count" 27
 "c-express-count" 25
 "d-color-count" 18
 "d-express-count" 16
 "cell-count" 56
 15 -2 -1 198
 15 -1 -1 0
 105 -3 2 163
 15 0 -4 18
 105 -3 1 0
 15 2 2 171
 15 -2 3 108
 15 3 0 209
 15 -1 -2 94
 15 1 3 316
 105 3 -1 137
 105 2 3 159
 15 -1 -3 84
 105 -2 0 194
 105 3 -3 21
 15 -3 -2 326
 15 -1 0 124
 15 -3 -1 61
 105 3 3 207
 105 1 4 39
 15 -3 0 138
 15 0 -1 334
 105 4 -1 292
 15 3 1 140
 15 2 -3 127
 15 -2 1 44
 105 3 2 17
 15 2 1 210
 55 -2 -3 82
 55 -1 1 28
 55 -1 3 337
 55 1 -2 93
 55 0 2 189
 55 0 0 22
 55 4 0 192
 55 1 1 305
 55 -2 2 238
 5 -4 -1 265
 55 1 2 288
 55 -3 -3 69
 55 0 1 183
 55 1 -3 240
 55 -1 4 169
 55 3 -2 76
 55 1 0 151
 55 1 -1 90
 55 2 0 269
 55 -1 2 322
 55 2 -1 290
 55 0 4 138
 55 -4 0 78
 55 -4 1 6
 55 0 3 1
 55 2 -2 87
 55 4 1 338
 55 0 -2 211
 "contig-ratio-green-core" 0.6190476190476191
 "contig-ratio-red-core" 1.1538461538461537
 "a-count" 4
 "b-count" 2
 "c-color-count" 26
 "c-express-count" 26
 "d-color-count" 25
 "d-express-count" 24
 "cell-count" 56
 15 -3 1 253
 15 -1 4 72
 15 1 -1 24
 15 2 -1 333
 15 -2 -3 71
 15 -2 -1 14
 15 3 -2 288
 15 4 1 280
 15 0 -4 316
 15 1 -3 166
 15 -2 0 76
 15 1 -2 20
 15 -2 2 156
 15 -3 -1 128
 15 3 1 274
 15 3 -1 146
 105 1 -4 38
 105 -3 -2 130
 15 -2 1 179
 15 0 -3 150
 15 4 -1 131
 15 3 0 270
 15 2 -3 71
 15 4 0 231
 15 -1 -3 95
 15 -3 2 354
 105 -3 3 48
 15 -2 -2 348
 55 -1 0 102
 5 1 4 115
 55 3 2 231
 55 1 1 70
 55 0 -2 64
 55 0 1 204
 55 0 0 158
 55 2 2 65
 55 1 0 53
 55 -1 -2 262
 55 0 2 56
 55 0 4 346
 55 -4 -1 323
 55 0 3 197
 55 3 3 65
 55 0 -1 204
 55 2 3 232
 55 -1 -1 41
 55 2 0 265
 55 -1 3 46
 5 -3 -3 274
 55 2 -2 96
 55 1 2 42
 55 -1 -4 133
 55 2 1 82
 55 -1 2 184
 55 -1 1 3
 55 -4 0 154
 "contig-ratio-green-core" 0.7368421052631579
 "contig-ratio-red-core" 0.7222222222222222
