 "a-count" 6
 "b-count" 7
 "c-color-count" 21
 "c-express-count" 21
 "d-color-count" 23
 "d-express-count" 22
 "cell-count" 56
 15 -2 2 44
 105 3 -3 152
 105 4 1 256
 105 -1 -4 262
 15 2 3 155
 105 2 -3 243
 105 -1 -1 108
 15 -4 0 92
 15 1 0 58
 15 0 -3 279
 15 1 1 316
 15 -3 2 106
 15 -2 -2 183
 15 0 0 172
 15 2 -2 67
 15 -1 -2 246
 15 4 0 227
 15 -2 -3 221
 15 0 -1 250
 15 2 -1 190
 15 1 -1 118
 15 3 1 18
 15 -4 -1 5
 15 0 -2 86
 15 -1 -3 30
 15 2 1 354
 15 1 -2 227
 15 2 2 42
 55 1 -3 272
 5 -3 1 359
 5 1 3 159
 55 0 4 232
 5 -2 3 3
 5 0 1 131
 55 -3 0 115
 55 1 4 330
 55 -3 -1 160
 55 -4 1 88
 55 -3 -3 347
 55 -2 1 11
 5 -1 1 276
 55 -2 -1 242
 5 -1 3 311
 55 2 0 274
 55 -2 0 185
 55 4 -1 216
 55 3 3 321
 55 -1 0 317
 55 0 3 17
 55 3 2 61
 55 -1 2 262
 55 -3 -2 284
 5 1 -4 76
 55 -1 4 235
 55 0 2 289
 55 3 -1 342
 "contig-ratio-green-core" 0.7647058823529411
 "contig-ratio-red-core" 0.875
 "a-count" 8
 "b-count" 4
 "c-color-count" 24
 "c-express-count" 24
 "d-color-count" 22
 "d-express-count" 20
 "cell-count" 56
 15 1 2 266
 15 -3 -3 170
 15 3 -1 122
 15 -1 -3 337
 15 3 0 102
 105 -2 2 84
 105 3 -2 121
 15 3 2 270
 15 1 1 30
 15 -3 1 133
 15 -4 -1 168
 15 -3 3 36
 15 0 -4 332
 105 4 0 314
 15 -4 1 227
 15 0 1 210
 15 -2 3 305
 15 -3 2 130
 105 -3 0 195
 15 -2 1 34
 15 2 -2 161
 15 3 1 334
 15 1 -3 52
 105 4 1 301
 15 0 -3 98
 105 -1 4 222
 15 0 2 89
 15 -4 0 81
 55 -3 -1 331
 55 -1 1 301
 55 0 -1 354
 55 1 0 182
 55 1 -2 187
 5 3 -3 138
 55 2 -1 77
 55 -2 -2 10
 55 -1 -1 287
 55 1 4 178
 55 -1 -2 181
 55 2 2 56
 55 2 3 173
 55 1 3 354
 55 -2 -1 241
 5 -3 -2 22
 55 -1 3 326
 55 0 3 102
 55 0 4 165
 55 1 -1 304
 55 -2 0 257
 55 0 0 66
 55 -1 2 145
 55 0 -2 7
 5 2 0 321
 55 -2 -3 192
 5 1 -4 197
 55 -1 0 132
 "contig-ratio-green-core" 0.875
 "contig-ratio-red-core" 0.7894736842105263
 "a-count" 3
 "b-count" 6
 "c-color-count" 22
 "c-express-count" 22
 "d-color-count" 26
 "d-express-count" 25
 "cell-count" 56
 15 -3 2 50
 15 3 0 264
 15 -2 1 212
 15 3 1 173
 15 2 -1 46
 105 -1 -4 264
 15 -3 -2 270
 15 0 -1 83
 15 1 4 275
 15 -2 3 101
 15 -2 2 126
 15 -1 3 169
 15 -3 -3 124
 15 -1 -3 72
 15 -1 4 359
 15 -1 2 267
 15 4 1 18
 15 -3 -1 118
 105 0 -3 37
 15 0 3 234
 15 0 0 28
 15 1 -1 256
 15 0 4 183
 15 4 2 46
 15 -3 3 58
 15 2 0 306
 15 1 0 240
 15 1 -1 155
 55 0 2 86
 55 2 1 162
 55 -1 0 243
 5 3 -3 345
 55 0 0 262
 55 -2 -2 263
 55 -4 -1 48
 5 0 -2 234
 55 -2 -3 237
 55 -1 0 339
 55 -1 -1 348
 5 2 -2 152
 55 1 2 27
 5 2 3 193
 5 -1 -2 80
 55 -3 1 276
 55 1 -3 218
 55 -2 0 350
 55 3 -2 140
 55 1 1 345
 55 -2 -1 6
 5 3 3 309
 55 -1 1 337
 55 2 2 202
 55 -3 0 210
 55 1 3 122
 55 0 1 120
 55 2 -3 112
 "contig-ratio-green-core" 0.7368421052631579
 "contig-ratio-red-core" 0.6956521739130435
 "a-count" 11
 "b-count" 7
 "c-color-count" 21
 "c-express-count" 21
 "d-color-count" 18
 "d-express-count" 17
 "cell-count" 56
 15 2 2 316
 105 -2 -3 132
 105 1 -4 263
 15 0 -2 108
 105 -3 -3 164
 105 1 4 64
 15 3 3 30
 15 -4 -1 203
 15 4 1 265
 15 -1 -1 342
 105 -1 -4 103
 105 -3 -1 10
 15 -3 3 317
 15 3 2 89
 105 3 -3 183
 15 -1 -2 198
 15 -4 0 41
 105 2 3 181
 105 2 -1 159
 105 4 -1 193
 15 0 -3 68
 15 -3 0 87
 15 -3 2 248
 15 -2 3 122
 15 -2 0 83
 15 -2 -2 277
 15 -2 -1 231
 15 -1 -3 316
 55 3 1 148
 55 -1 1 188
 5 1 -3 279
 55 1 3 36
 55 1 2 200
 55 -2 2 327
 55 -1 2 33
 55 2 0 173
 55 -1 3 294
 55 1 -2 229
 55 0 3 146
 55 1 0 321
 55 0 1 119
 55 4 0 113
 55 0 0 292
 5 3 -1 331
 55 2 1 118
 55 3 0 258
 5 -3 -2 242
 55 1 -1 326
 55 -3 1 255
 55 0 2 26
 5 2 -3 214
 5 0 -1 124
 55 -1 0 99
 5 2 -2 97
 55 -2 1 81
 5 1 1 233
 "contig-ratio-green-core" 0.6428571428571429
 "contig-ratio-red-core" 0.6428571428571429
