 "a-count" 13
 "b-count" 6
 "c-color-count" 22
 "c-express-count" 22
 "d-color-count" 16
 "d-express-count" 15
 "cell-count" 56
 105 2 -3 306
 105 1 -3 203
 15 -1 -5 76
 105 -2 3 142
 15 1 -2 322
 15 1 0 135
 15 3 1 319
 15 -2 -2 194
 105 -3 3 79
 15 2 1 355
 15 -2 -3 22
 15 0 4 350
 15 -4 1 34
 15 1 -1 117
 15 1 1 170
 105 -2 -1 110
 105 2 -1 262
 105 -3 -3 80
 105 2 0 116
 15 -1 -4 259
 15 4 1 299
 105 0 -4 114
 105 -3 -1 346
 105 -1 -3 172
 15 -1 3 103
 105 1 4 85
 15 -3 -2 282
 15 0 3 108
 5 1 3 31
 55 -2 0 210
 55 4 0 358
 55 1 2 236
 55 -1 -1 60
 5 -4 -1 1
 55 -3 2 57
 55 4 -1 278
 55 0 1 140
 55 -2 1 155
 55 0 -2 309
 55 0 -1 331
 55 -2 2 162
 55 3 -1 13
 55 -1 1 81
 55 0 2 14
 55 -3 0 89
 55 2 2 349
 55 3 0 62
 55 -1 0 23
 5 3 3 153
 5 3 2 148
 55 -4 0 55
 55 -1 2 129
 5 3 -2 18
 55 -1 -2 125
 5 2 3 339
 55 0 0 65
 "contig-ratio-green-core" 0.5789473684210527
 "contig-ratio-red-core" 0.6666666666666666
 "a-count" 11
 "b-count" 5
 "c-color-count" 23
 "c-express-count" 23
 "d-color-count" 19
 "d-express-count" 17
 "cell-count" 56
 15 -2 1 69
 15 3 -1 197
 15 -1 -1 176
 105 2 2 18
 15 -2 -1 274
 105 1 4 161
 105 -3 -3 21
 15 -2 0 101
 105 0 4 156
 15 -3 2 196
 105 -3 1 324
 105 -1 1 199
 15 -1 -3 293
 15 3 0 286
 15 -2 -3 240
 105 -3 -2 145
 15 -1 0 306
 15 0 -4 184
 15 2 3 281
 15 -1 -2 123
 15 0 -3 156
 105 3 3 27
 15 4 0 225
 15 -2 2 89
 15 0 -2 21
 105 -2 -2 34
 15 3 -2 170
 15 -3 0 280
 55 1 3 37
 55 0 -1 293
 55 1 2 234
 55 2 -3 105
 55 0 2 258
 55 0 3 151
 5 3 2 246
 5 3 -3 100
 55 -1 4 51
 55 2 1 350
 55 -3 -1 115
 55 0 0 79
 55 -4 0 65
 55 -2 3 29
 5 1 -3 331
 55 2 -1 182
 55 1 1 6
 55 -4 -1 91
 55 1 -1 224
 5 4 -1 166
 55 0 3 210
 55 1 0 109
 55 -4 1 91
 55 0 1 9
 5 -1 2 139
 55 -1 3 142
 55 2 0 273
 55 1 -2 236
 "contig-ratio-green-core" 0.6
 "contig-ratio-red-core" 0.5333333333333333
 "a-count" 4
 "b-count" 4
 "c-color-count" 24
 "c-express-count" 24
 "d-color-count" 26
 "d-express-count" 24
 "cell-count" 56
 15 4 -1 342
 15 1 -4 70
 105 0 0 169
 15 1 -1 219
 15 -1 -1 85
 15 -3 3 265
 15 -2 -2 91
 15 -3 -2 16
 15 1 4 140
 15 1 -3 238
 15 -3 4 220
 15 0 -1 110
 15 3 2 85
 15 -1 -2 248
 15 0 -3 41
 15 0 1 319
 15 3 3 91
 15 -1 1 31
 15 0 -2 278
 15 1 1 158
 15 -1 0 261
 15 -2 2 105
 15 4 1 285
 15 4 0 238
 15 -2 3 358
 15 1 0 243
 15 1 3 238
 105 3 -3 286
 55 -2 -1 287
 55 -1 3 22
 55 2 -2 9
 55 0 3 87
 55 3 0 90
 5 -2 0 251
 55 0 4 293
 55 -3 -1 283
 55 3 1 3
 55 2 -3 134
 5 -3 2 71
 55 0 -4 250
 55 2 -1 120
 55 3 -1 105
 55 -1 4 5
 55 0 2 236
 55 -3 0 67
 5 2 3 242
 55 2 2 178
 55 -1 -3 84
 55 2 0 242
 55 -3 1 328
 55 -4 -1 180
 55 -1 2 252
 5 2 1 133
 55 1 2 127
 55 -1 -4 223
 55 -2 1 53
 "contig-ratio-green-core" 0.8636363636363636
 "contig-ratio-red-core" 0.7391304347826086
 "a-count" 4
 "b-count" 5
 "c-color-count" 23
 "c-express-count" 23
 "d-color-count" 24
 "d-express-count" 24
 "cell-count" 56
 15 0 3 156
 15 -1 3 169
 15 -2 2 293
 105 1 3 314
 15 -1 -4 304
 15 3 -3 318
 105 4 1 279
 105 1 4 273
 15 3 1 206
 15 2 3 107
 15 1 1 165
 15 -4 0 322
 15 -2 -3 22
 15 3 3 135
 15 0 2 178
 15 0 -4 178
 15 -1 2 254
 15 1 2 290
 15 -1 -3 168
 105 -3 -1 257
 15 -4 -1 331
 15 -1 4 33
 15 2 2 172
 15 4 -1 358
 15 3 -1 254
 15 -3 2 220
 15 2 -3 309
 15 0 1 88
 5 -3 -2 317
 55 -2 -1 27
 55 -2 -2 262
 55 0 0 250
 55 -1 -2 20
 5 1 -4 284
 55 0 4 59
 5 -3 -3 180
 55 -3 0 221
 55 2 1 280
 55 1 0 340
 55 -1 -1 119
 55 0 -3 334
 55 -1 1 225
 55 1 -3 56
 5 2 0 180
 55 1 -2 191
 55 2 -1 32
 55 -2 1 26
 55 1 -1 112
 55 -3 1 73
 5 -3 3 274
 55 -1 0 122
 55 -2 0 186
 55 2 -2 184
 55 0 -1 312
 55 -2 3 287
 55 3 0 298
 "contig-ratio-green-core" 0.7777777777777778
 "contig-ratio-red-core" 0.7142857142857143
