 "a-count" 9
 "b-count" 4
 "c-color-count" 24
 "c-express-count" 24
 "d-color-count" 19
 "d-express-count" 19
 "cell-count" 56
 105 -3 -3 308
 105 -3 1 200
 15 3 0 120
 105 4 1 66
 105 -2 1 26
 15 -2 2 67
 105 -2 -3 188
 105 -1 2 257
 15 -3 -2 314
 15 2 2 322
 15 2 -3 261
 15 3 1 354
 15 -2 3 286
 105 3 3 352
 105 -1 3 313
 15 -2 -2 327
 15 3 2 194
 15 2 -2 336
 15 1 -3 64
 15 4 0 28
 15 -4 -1 282
 15 0 -4 300
 105 1 3 279
 15 2 3 298
 15 1 -2 200
 15 -1 -4 46
 15 2 1 23
 15 3 -1 283
 55 -1 -2 117
 55 1 0 180
 55 0 3 128
 55 0 0 320
 55 -3 0 228
 55 0 -3 90
 5 -2 -1 273
 55 4 -1 56
 55 1 2 274
 55 -2 0 72
 5 -1 -1 295
 55 1 -4 289
 5 3 -3 352
 55 -1 1 265
 55 0 -1 233
 55 2 0 315
 55 1 1 214
 55 0 1 168
 55 0 -2 196
 55 3 -2 195
 55 0 4 100
 55 -1 -3 17
 55 -4 0 184
 55 1 -1 144
 5 -3 -1 263
 55 -1 0 68
 55 2 -1 124
 55 0 2 210
 "contig-ratio-green-core" 0.6875
 "contig-ratio-red-core" 0.7058823529411765
 "a-count" 12
 "b-count" 5
 "c-color-count" 23
 "c-express-count" 23
 "d-color-count" 16
 "d-express-count" 16
 "cell-count" 56
 15 -4 -1 84
 15 0 3 120
 105 4 1 297
 105 -1 -3 75
 105 0 -4 300
 105 4 0 278
 105 3 -2 251
 15 2 3 147
 15 -1 -4 308
 15 -3 -2 11
 105 3 -1 69
 15 -3 -1 108
 15 2 -3 196
 105 4 -1 122
 15 -3 0 161
 15 0 2 130
 105 -3 3 165
 105 -2 3 154
 105 -2 0 192
 15 -1 3 351
 15 3 0 1
 15 -1 2 190
 15 1 3 342
 15 0 -3 216
 15 1 -3 44
 15 3 3 186
 105 -3 2 60
 105 -2 1 279
 55 0 -1 335
 55 0 0 0
 55 2 -2 36
 5 -4 0 196
 55 -1 -1 270
 55 2 0 238
 55 2 1 139
 5 -2 -1 66
 55 -1 0 183
 55 -2 2 269
 5 -1 4 82
 55 1 1 286
 55 3 1 291
 5 -4 1 214
 55 -2 -2 214
 55 1 -4 211
 55 0 -2 84
 55 0 1 184
 55 -1 1 185
 55 1 -1 147
 55 1 0 13
 55 1 -2 107
 55 2 2 338
 5 1 4 124
 55 -1 -2 236
 55 2 -1 180
 55 -3 -3 302
 55 1 2 234
 "contig-ratio-green-core" 0.6923076923076923
 "contig-ratio-red-core" 0.7692307692307693
 "a-count" 6
 "b-count" 4
 "c-color-count" 24
 "c-express-count" 24
 "d-color-count" 22
 "d-express-count" 22
 "cell-count" 56
 15 1 -3 127
 15 -3 2 284
 105 4 -1 85
 15 0 4 316
 15 -3 -3 224
 15 1 3 106
 15 3 -3 85
 15 2 2 12
 15 1 -1 89
 15 -2 1 175
 15 3 -1 33
 15 -1 -4 142
 15 2 3 56
 15 2 -3 352
 15 1 -2 256
 15 1 4 87
 15 -3 0 107
 15 -2 2 198
 105 0 -4 146
 15 2 -1 138
 15 -3 1 108
 105 3 -2 203
 15 -1 4 19
 105 -3 -2 56
 105 4 0 299
 15 -4 0 29
 15 3 2 170
 105 -4 -1 269
 55 2 0 301
 5 -2 3 178
 55 0 -3 327
 55 0 2 149
 55 -3 -1 123
 55 1 -4 33
 55 3 0 95
 55 -2 -2 190
 55 0 -2 46
 55 0 -1 90
 55 1 0 137
 5 3 3 312
 55 0 0 341
 55 -2 0 38
 55 -1 2 225
 5 -1 3 151
 5 -1 -1 27
 55 -2 -1 256
 55 -1 -2 343
 55 -1 0 235
 55 -1 1 183
 55 -2 -3 341
 55 1 1 316
 55 2 1 143
 55 0 1 326
 55 1 2 34
 55 -1 -3 317
 55 -3 3 34
 "contig-ratio-green-core" 0.7647058823529411
 "contig-ratio-red-core" 0.7777777777777778
 "a-count" 10
 "b-count" 7
 "c-color-count" 21
 "c-express-count" 21
 "d-color-count" 18
 "d-express-count" 18
 "cell-count" 56
 15 -3 -1 293
 15 -4 0 81
 105 1 -4 342
 15 3 -1 79
 15 -1 -3 165
 15 3 1 334
 105 -2 -3 204
 105 -2 2 53
 15 2 1 139
 15 3 0 226
 105 2 -2 52
 105 3 3 30
 15 2 -1 334
 15 0 -2 252
 15 2 0 223
 105 1 4 121
 15 -3 -2 115
 105 3 -2 348
 15 -1 4 3
 15 4 0 23
 15 2 2 212
 15 2 3 156
 105 1 -2 30
 105 -1 -2 29
 15 -4 -1 176
 15 0 -4 152
 15 -3 3 48
 105 2 -3 299
 55 3 2 317
 55 0 1 297
 55 1 -1 299
 5 1 1 285
 55 -1 2 117
 55 -1 -1 135
 55 0 -1 136
 55 -1 0 359
 55 -3 0 108
 55 1 0 36
 5 1 2 48
 55 0 3 14
 55 -2 0 127
 5 -2 -2 318
 55 1 -3 175
 5 1 3 331
 55 0 4 169
 55 -2 3 232
 55 0 0 349
 55 4 1 276
 55 -1 -4 103
 55 -1 1 58
 55 -1 3 257
 55 -2 1 275
 5 -3 2 314
 5 0 -3 106
 55 3 -3 69
 5 -3 1 344
 "contig-ratio-green-core" 0.5384615384615384
 "contig-ratio-red-core" 0.46153846153846156
