 "a-count" 10
 "b-count" 6
 "c-color-count" 22
 "c-express-count" 22
 "d-color-count" 18
 "d-express-count" 18
 "cell-count" 56
 15 -1 -1 346
 15 4 -1 239
 105 -4 0 180
 15 1 3 86
 15 4 0 134
 105 3 -2 277
 15 4 1 159
 15 2 2 34
 105 3 3 296
 15 -2 3 192
 105 -3 -3 6
 15 -2 2 97
 105 -2 -1 184
 15 -2 -2 141
 105 -2 -3 91
 105 1 -4 0
 15 2 3 250
 15 1 -3 238
 15 -1 -2 218
 105 3 -1 236
 15 -3 2 286
 105 -1 -3 110
 105 -3 3 121
 15 0 3 84
 15 0 -2 39
 15 0 -3 3
 15 3 1 226
 15 -1 3 127
 55 -1 1 287
 55 1 0 347
 5 -1 4 17
 55 -2 1 89
 55 -2 0 18
 5 3 0 263
 55 2 -1 322
 5 3 2 324
 5 1 4 148
 55 2 -2 62
 55 0 0 196
 55 -3 -1 176
 5 -3 -2 80
 55 1 1 252
 55 -1 0 1
 55 0 1 332
 5 -4 -1 266
 55 -3 1 36
 55 -1 2 301
 55 -3 0 258
 55 0 4 334
 55 0 -1 326
 55 2 0 334
 55 2 1 77
 55 0 2 155
 55 1 2 244
 55 1 -2 156
 55 1 -1 85
 "contig-ratio-green-core" 0.7142857142857143
 "contig-ratio-red-core" 0.6153846153846154
 "a-count" 6
 "b-count" 3
 "c-color-count" 25
 "c-express-count" 25
 "d-color-count" 22
 "d-express-count" 22
 "cell-count" 56
 15 1 3 258
 15 4 0 96
 15 3 1 69
 15 3 -2 311
 15 -3 -1 199
 15 2 -1 85
 15 -3 -3 339
 105 -2 3 171
 15 -4 1 195
 15 -4 0 301
 15 2 0 162
 15 1 -4 156
 15 -1 3 165
 15 -4 -1 96
 15 -2 -1 163
 105 0 4 114
 105 -1 4 90
 15 -3 -2 343
 15 3 2 64
 15 4 1 218
 15 3 0 253
 15 0 3 318
 105 -2 -2 317
 15 1 -2 157
 105 0 -4 214
 105 2 -2 355
 15 3 -1 84
 15 -2 -3 243
 55 -2 0 115
 55 1 0 326
 55 2 1 295
 55 0 1 160
 55 -1 -4 0
 55 -1 0 125
 55 -1 -1 205
 55 -1 -3 127
 55 -2 2 56
 55 -2 1 310
 5 4 -1 357
 55 0 2 86
 55 -3 1 66
 5 3 -3 177
 55 0 -1 59
 55 0 -2 82
 55 1 -1 92
 55 0 -3 247
 55 -1 2 165
 55 2 2 71
 55 -1 -2 226
 5 1 -3 245
 55 1 2 104
 55 2 -3 230
 55 0 0 349
 55 2 3 126
 55 -1 1 241
 55 1 1 249
 "contig-ratio-green-core" 0.6470588235294118
 "contig-ratio-red-core" 0.65
 "a-count" 9
 "b-count" 3
 "c-color-count" 26
 "c-express-count" 25
 "d-color-count" 20
 "d-express-count" 19
 "cell-count" 56
 15 -1 -3 95
 15 3 1 216
 105 -1 -1 148
 105 2 2 129
 15 3 2 69
 15 0 -4 297
 15 0 -1 44
 15 2 1 135
 105 -3 -3 350
 105 3 -2 243
 15 1 2 30
 15 -1 4 73
 15 -3 -2 311
 105 1 3 67
 15 2 3 6
 15 -1 3 191
 15 0 -3 29
 105 -3 1 332
 15 0 3 66
 15 1 1 130
 15 1 -2 8
 105 -3 2 25
 105 -2 -3 193
 15 0 2 358
 15 -1 -2 227
 15 0 -2 167
 15 -2 3 202
 15 -2 -2 106
 55 3 3 317
 55 1 0 57
 55 -2 -1 359
 5 1 -3 229
 55 -3 3 229
 55 2 -2 16
 55 3 0 236
 55 2 0 204
 55 -2 2 261
 55 4 -1 246
 55 1 4 130
 55 -3 0 28
 55 0 1 102
 55 2 -3 43
 55 0 0 277
 55 -1 0 334
 55 -4 -1 332
 55 -1 1 290
 5 3 -3 274
 55 2 -1 163
 55 -1 2 304
 55 3 -1 232
 55 -2 1 96
 55 4 0 292
 55 -4 0 227
 55 0 4 323
 55 1 -1 65
 55 -2 0 132
 "contig-ratio-green-core" 0.5789473684210527
 "contig-ratio-red-core" 0.7647058823529411
 "a-count" 9
 "b-count" 3
 "c-color-count" 25
 "c-express-count" 25
 "d-color-count" 19
 "d-express-count" 19
 "cell-count" 56
 15 -1 1 354
 15 1 -3 339
 105 -3 -3 180
 105 -2 -3 155
 15 -1 3 344
 15 1 2 290
 105 3 -2 82
 15 -4 -1 355
 105 4 0 314
 105 -2 2 72
 15 0 -3 141
 15 0 -4 59
 15 -1 2 118
 15 -3 3 94
 15 4 -1 93
 15 0 3 340
 15 0 1 116
 15 -2 1 343
 15 -3 -2 12
 105 3 -3 143
 105 1 3 132
 105 2 -2 78
 105 3 3 272
 15 -4 0 116
 15 -1 -4 283
 15 0 2 234
 15 -1 4 95
 15 1 -4 81
 55 -3 1 60
 55 1 -1 53
 55 2 2 187
 5 1 1 253
 55 1 0 105
 55 -1 -1 18
 55 -3 0 117
 55 3 -1 2
 55 2 1 196
 55 2 0 97
 55 3 0 340
 55 0 -2 54
 55 -2 0 231
 55 2 3 63
 5 4 1 91
 55 0 -1 86
 55 1 -2 98
 55 -1 0 320
 55 3 2 172
 55 3 1 256
 55 -3 -1 300
 5 -2 3 150
 55 -2 -1 307
 55 -3 2 217
 55 -1 -3 148
 55 2 -1 73
 55 -1 -2 148
 55 0 0 119
 "contig-ratio-green-core" 0.7058823529411765
 "contig-ratio-red-core" 0.6875
