 "a-count" 7
 "b-count" 7
 "c-color-count" 22
 "c-express-count" 21
 "d-color-count" 21
 "d-express-count" 21
 "cell-count" 56
 15 2 -2 148
 15 -1 1 78
 15 0 -1 76
 15 1 -1 315
 105 1 -4 36
 15 3 -2 32
 15 -3 -3 61
 15 -1 0 154
 15 -2 0 21
 15 2 0 326
 15 3 0 272
 15 -1 4 245
 15 -2 -1 227
 15 3 -1 240
 15 1 0 139
 15 3 1 314
 105 1 -3 38
 15 2 -1 246
 105 -3 -2 260
 15 -1 -1 33
 15 0 0 39
 15 2 1 273
 105 -3 2 98
 15 1 1 195
 105 2 3 346
 105 1 -2 181
 15 0 1 7
 105 4 -1 27
 55 1 3 242
 55 0 -2 52
 55 1 4 141
 55 -1 -2 154
 5 -2 1 170
 55 -3 0 38
 55 0 -3 265
 55 0 4 62
 55 -1 -3 218
 55 0 -4 47
 55 -3 -1 268
 5 4 0 230
 55 -1 2 29
 5 -4 1 333
 55 0 2 284
 55 2 2 17
 55 -2 -2 53
 5 -4 -1 199
 55 -3 3 81
 55 -1 3 147
 55 -2 2 63
 55 -2 3 90
 55 1 2 159
 55 -3 1 300
 55 0 3 170
 55 -1 -4 156
 5 -4 0 163
 5 4 1 247
 "contig-ratio-green-core" 0.42857142857142855
 "contig-ratio-red-core" 0.6923076923076923
 "a-count" 13
 "b-count" 4
 "c-color-count" 24
 "c-express-count" 24
 "d-color-count" 15
 "d-express-count" 15
 "cell-count" 56
 15 3 2 37
 15 1 -2 265
 105 -2 -3 308
 15 -1 3 135
 15 -2 3 237
 105 2 3 23
 15 0 -3 16
 105 3 3 207
 105 -3 2 106
 105 2 2 71
 15 0 4 48
 15 -1 -2 162
 15 0 2 151
 105 1 2 269
 105 -3 0 231
 15 3 1 70
 15 3 -2 78
 105 2 -3 23
 15 0 -4 356
 105 3 -3 283
 105 -2 2 344
 15 4 -1 312
 105 1 3 121
 15 1 -3 322
 105 -3 -2 170
 15 2 -2 204
 105 1 -4 89
 15 0 3 215
 55 1 0 261
 5 0 0 334
 55 2 -1 221
 55 -3 -1 8
 55 -4 -1 291
 55 4 0 48
 55 2 0 13
 55 -1 1 164
 55 -1 -3 73
 55 0 -1 225
 55 -1 2 91
 55 -2 -2 226
 5 -2 0 62
 55 1 1 190
 55 0 -4 351
 55 -1 -4 5
 55 3 0 301
 5 -4 1 68
 55 -1 -5 174
 55 -1 -1 324
 55 3 -1 316
 55 0 -2 112
 5 -2 1 111
 55 -2 -1 154
 55 0 1 77
 55 -1 4 305
 55 2 1 340
 55 1 -1 343
 "contig-ratio-green-core" 0.5882352941176471
 "contig-ratio-red-core" 1.2
 "a-count" 6
 "b-count" 6
 "c-color-count" 22
 "c-express-count" 22
 "d-color-count" 22
 "d-express-count" 22
 "cell-count" 56
 15 2 -1 273
 15 4 -1 297
 15 1 -2 293
 15 -1 4 292
 15 4 1 326
 15 1 4 309
 15 -3 -3 127
 15 -2 3 190
 105 3 -3 222
 105 -3 1 359
 105 -4 0 336
 15 -1 2 141
 15 1 -1 23
 15 -2 2 112
 15 -1 3 301
 15 0 4 333
 15 2 -2 238
 15 -1 -4 56
 105 -3 3 256
 15 3 -1 72
 15 4 0 74
 15 -3 0 260
 15 0 -4 289
 15 0 -3 353
 15 -3 -1 267
 105 2 -3 189
 105 3 -2 132
 15 -1 5 314
 5 -1 -3 234
 5 3 1 289
 55 -2 -3 236
 5 1 -3 230
 55 2 1 327
 55 0 1 153
 55 -1 -2 177
 55 -2 -1 94
 55 0 -1 342
 55 2 2 2
 55 0 2 111
 55 -3 -2 119
 5 -3 2 275
 55 -2 0 242
 55 0 3 178
 55 1 0 225
 55 -2 -2 46
 5 1 3 208
 55 -1 0 163
 55 3 2 359
 55 1 1 71
 55 -1 1 252
 55 0 -2 101
 55 -1 -1 170
 55 0 0 158
 5 1 -4 356
 55 1 2 3
 55 2 0 345
 "contig-ratio-green-core" 0.7692307692307693
 "contig-ratio-red-core" 0.5555555555555556
 "a-count" 13
 "b-count" 7
 "c-color-count" 21
 "c-express-count" 21
 "d-color-count" 16
 "d-express-count" 15
 "cell-count" 56
 15 1 3 195
 15 0 0 214
 105 -2 1 175
 105 0 -4 84
 15 1 -2 168
 105 3 -3 256
 105 2 3 59
 15 -3 1 110
 15 -1 0 99
 105 1 4 305
 105 -2 -3 164
 105 0 -3 117
 105 -4 -1 296
 105 1 -3 92
 15 2 -1 252
 15 3 1 242
 15 -2 -1 159
 15 4 1 66
 105 -1 -4 61
 15 1 -1 217
 15 4 0 333
 15 -1 3 122
 15 0 -1 225
 105 3 3 318
 15 0 3 47
 105 2 -3 113
 15 -2 0 21
 15 -1 -1 219
 55 1 1 218
 55 2 1 264
 55 -3 0 171
 5 4 -1 122
 55 0 2 240
 55 -1 2 92
 55 -1 1 95
 55 1 2 212
 55 -4 0 115
 5 -2 -2 86
 55 2 2 48
 55 -1 -2 132
 55 -1 -3 182
 55 0 4 47
 5 1 0 170
 55 -4 1 353
 5 -2 3 36
 55 3 -1 28
 55 0 1 235
 5 -1 4 124
 55 -2 2 188
 5 2 -2 13
 5 0 -2 6
 55 -3 -1 324
 55 2 0 331
 55 3 0 310
 55 4 -2 338
 55 3 -2 319
 "contig-ratio-green-core" 0.6
 "contig-ratio-red-core" 0.8571428571428571
