 "a-count" 10
 "b-count" 2
 "c-color-count" 26
 "c-express-count" 26
 "d-color-count" 18
 "d-express-count" 18
 "cell-count" 56
 15 1 4 305
 15 -3 3 232
 105 -3 -3 156
 105 3 1 341
 105 -3 -2 260
 105 2 1 226
 15 -4 -1 292
 15 -2 3 66
 15 5 1 90
 15 0 4 67
 15 0 5 343
 105 3 3 189
 105 -3 -1 53
 15 -3 2 277
 15 2 -3 100
 105 3 2 94
 15 3 -2 229
 105 3 -1 32
 15 1 -3 345
 15 1 3 241
 15 -1 -2 330
 105 1 2 122
 15 -2 -2 285
 105 -4 1 138
 15 -1 4 343
 15 5 0 42
 15 -2 -3 277
 15 2 -2 161
 55 1 -2 197
 55 0 -2 4
 55 -1 -1 353
 55 -1 1 297
 55 -3 0 229
 55 1 1 266
 55 -1 0 199
 55 -2 -1 106
 55 -1 2 82
 55 -2 2 175
 55 -2 1 158
 55 0 0 196
 5 -4 0 232
 55 0 3 211
 55 0 -4 222
 55 0 2 105
 55 -1 3 125
 55 -3 1 237
 55 1 -1 30
 55 0 -1 86
 55 2 -1 72
 55 0 1 47
 55 0 -3 178
 5 -1 -3 74
 55 -2 0 24
 55 3 0 53
 55 2 0 318
 55 1 0 44
 "contig-ratio-green-core" 0.5625
 "contig-ratio-red-core" 0.5882352941176471
 "a-count" 6
 "b-count" 7
 "c-color-count" 21
 "c-express-count" 21
 "d-color-count" 23
 "d-express-count" 22
 "cell-count" 56
 105 4 1 193
 15 -2 2 57
 15 -3 1 196
 15 -1 2 300
 15 2 -2 338
 15 1 3 312
 15 -3 0 326
 15 -3 3 200
 15 0 3 242
 15 3 1 121
 15 2 -3 182
 15 -2 -3 51
 15 1 1 81
 105 -2 3 26
 105 2 3 80
 105 -2 -2 258
 15 1 4 254
 15 3 -3 289
 15 0 4 21
 15 -3 -3 335
 105 4 0 80
 15 0 1 230
 15 0 2 173
 15 -1 4 66
 15 -4 -1 339
 15 2 1 151
 15 -1 3 226
 15 3 -2 121
 55 0 -3 121
 55 0 -1 330
 5 1 5 28
 55 -4 0 119
 55 0 -2 242
 55 2 2 262
 5 -3 -2 149
 55 1 -2 356
 55 1 -1 148
 55 -1 1 315
 55 -1 -3 133
 55 -2 1 41
 5 3 2 44
 55 -1 -2 164
 55 -3 -1 346
 55 -2 -1 160
 55 -2 0 228
 55 2 -1 27
 55 -1 -1 314
 5 -4 1 284
 55 1 0 283
 5 -1 -4 238
 55 -1 0 235
 55 3 -1 263
 5 3 0 206
 55 2 0 153
 5 -3 2 215
 55 0 0 344
 "contig-ratio-green-core" 0.6875
 "contig-ratio-red-core" 0.5882352941176471
 "a-count" 10
 "b-count" 4
 "c-color-count" 24
 "c-express-count" 24
 "d-color-count" 20
 "d-express-count" 18
 "cell-count" 56
 15 2 -1 159
 15 -1 -2 147
 105 -3 3 147
 15 2 -3 24
 15 -1 2 218
 15 -3 -1 99
 15 -2 -3 75
 15 -3 -2 9
 15 -1 -3 268
 105 1 -4 276
 15 0 3 171
 105 -3 -3 297
 15 -3 0 324
 15 2 0 142
 15 -2 -2 265
 105 -4 -1 270
 15 3 -1 102
 15 -2 3 23
 105 -1 -4 222
 15 0 -4 201
 15 3 0 36
 15 -2 2 305
 15 2 -2 298
 15 -3 1 304
 15 2 2 112
 105 4 -1 350
 105 3 3 122
 105 -1 3 20
 55 1 0 335
 55 0 0 76
 55 0 -2 50
 55 -4 0 154
 55 1 -1 318
 55 0 1 214
 55 1 4 245
 55 0 -1 176
 55 2 1 306
 55 -1 -1 325
 55 1 1 273
 55 -2 -1 344
 55 3 1 234
 55 1 -3 268
 55 -1 1 351
 5 2 3 209
 5 4 0 257
 5 -1 4 74
 55 1 -2 294
 5 -3 2 194
 55 -2 0 186
 55 4 1 202
 55 1 3 28
 55 -2 1 353
 55 0 4 333
 55 1 2 64
 55 -1 0 3
 55 0 -3 280
 "contig-ratio-green-core" 0.9333333333333333
 "contig-ratio-red-core" 0.8125
 "a-count" 13
 "b-count" 1
 "c-color-count" 27
 "c-express-count" 27
 "d-color-count" 16
 "d-express-count" 15
 "cell-count" 56
 105 3 2 195
 15 1 -2 11
 105 -1 -3 353
 15 -3 -1 196
 105 3 -3 168
 105 1 -4 294
 15 -3 1 175
 15 -3 -2 256
 15 4 -1 53
 15 3 0 55
 15 3 -2 353
 15 2 -2 301
 15 4 1 94
 15 2 -3 251
 105 1 4 180
 15 -3 0 308
 105 -1 -4 272
 105 0 -3 137
 15 -2 0 6
 105 -3 3 201
 15 4 0 259
 105 -3 -3 357
 15 2 3 122
 105 3 -1 165
 15 -2 -2 52
 105 -4 -1 309
 105 1 -3 202
 15 -1 4 83
 55 -2 3 99
 55 1 -1 134
 55 -1 2 193
 55 0 -1 103
 55 0 3 156
 55 1 0 18
 55 3 3 4
 55 1 1 252
 55 0 0 183
 55 -2 1 26
 55 -1 1 32
 55 2 2 85
 55 0 1 101
 55 -2 2 227
 55 0 -2 39
 55 2 0 243
 55 2 -1 20
 55 -1 3 62
 5 0 2 95
 55 1 3 91
 55 -3 2 252
 55 3 1 191
 55 0 4 59
 55 -1 0 104
 55 -1 -2 161
 55 2 1 248
 55 -1 -1 176
 55 1 2 39
 "contig-ratio-green-core" 0.6
 "contig-ratio-red-core" 0.6428571428571429
