 "a-count" 6
 "b-count" 4
 "c-color-count" 24
 "c-express-count" 24
 "d-color-count" 22
 "d-express-count" 22
 "cell-count" 56
 15 -3 -2 278
 105 -3 2 84
 15 0 -1 80
 15 1 0 145
 15 3 1 20
 15 -2 1 7
 15 -2 2 286
 15 -1 -1 81
 15 -1 0 121
 15 0 0 249
 105 -2 3 230
 15 -4 0 48
 15 1 -1 341
 15 3 3 243
 15 -3 1 325
 15 -2 -1 12
 105 2 0 219
 15 -4 -1 2
 105 -1 4 91
 105 2 -1 209
 15 -1 0 86
 15 3 2 103
 15 -3 0 177
 15 2 1 285
 15 0 0 122
 15 -2 0 304
 15 -1 -4 228
 105 2 3 263
 55 -1 3 193
 55 1 2 342
 55 3 -2 307
 55 1 -3 171
 5 0 -4 11
 55 1 -2 189
 55 1 3 19
 55 3 -1 239
 55 0 1 298
 55 -3 -3 65
 55 3 0 319
 55 -1 -3 304
 55 -1 2 23
 55 0 3 318
 55 1 -4 132
 55 4 0 129
 55 -2 -2 269
 55 1 -2 266
 55 0 -3 190
 5 3 -3 311
 55 0 2 145
 5 2 -3 320
 55 0 -2 293
 55 -3 -1 172
 55 1 1 241
 55 1 4 88
 5 2 2 172
 55 -2 -3 263
 "contig-ratio-green-core" 0.625
 "contig-ratio-red-core" 0.5
 "a-count" 5
 "b-count" 7
 "c-color-count" 22
 "c-express-count" 21
 "d-color-count" 24
 "d-express-count" 23
 "cell-count" 56
 15 1 -4 136
 15 4 -2 190
 15 -4 0 62
 15 -1 2 132
 15 -1 -3 9
 15 4 0 133
 15 -2 -1 224
 15 4 -1 303
 15 1 3 41
 15 -2 0 90
 105 -2 1 100
 15 -1 4 321
 105 -3 0 351
 15 -1 3 229
 15 -3 2 8
 15 -2 2 59
 105 -3 -3 31
 15 -3 -2 237
 15 2 3 94
 15 0 3 190
 105 3 -3 302
 15 -4 1 90
 15 3 0 47
 15 0 -3 347
 15 -3 -1 41
 15 -3 1 202
 15 1 -3 209
 15 4 1 3
 5 0 -2 17
 55 0 2 343
 55 2 1 260
 55 2 0 8
 5 -3 3 87
 55 0 -1 291
 55 1 2 44
 55 -2 -2 212
 55 3 2 247
 55 2 -1 140
 55 1 -2 223
 55 2 -2 336
 55 0 -4 209
 55 2 2 103
 55 -1 -2 329
 5 -1 -4 148
 55 0 0 98
 55 1 -1 249
 55 -1 -1 220
 55 3 -2 210
 55 -1 0 88
 5 -2 3 50
 55 -1 1 195
 5 1 0 280
 5 3 -1 302
 55 0 1 270
 55 0 4 136
 55 2 -3 210
 "contig-ratio-green-core" 0.8571428571428571
 "contig-ratio-red-core" 0.7222222222222222
 "a-count" 10
 "b-count" 2
 "c-color-count" 26
 "c-express-count" 26
 "d-color-count" 18
 "d-express-count" 18
 "cell-count" 56
 15 -2 -4 246
 105 4 -1 344
 105 1 4 106
 105 1 -4 239
 15 -3 1 240
 15 4 0 8
 105 -3 -3 169
 15 4 1 359
 105 3 2 195
 15 2 -1 180
 105 -1 -4 272
 15 3 0 247
 105 -3 -2 159
 15 -1 3 314
 15 3 1 138
 15 2 0 271
 15 -2 3 211
 15 -2 1 334
 105 -1 4 24
 15 1 -3 256
 105 2 -2 276
 105 -3 2 310
 15 -4 -1 112
 15 -2 2 308
 15 3 -3 330
 15 -2 -3 211
 15 3 -1 170
 15 -3 0 154
 55 2 1 290
 55 3 -2 282
 55 2 -3 6
 55 -1 -3 313
 55 0 0 214
 55 0 2 17
 55 0 -1 56
 55 -1 -2 16
 55 0 -3 10
 55 1 1 207
 55 0 -2 141
 55 0 -4 26
 55 0 1 5
 55 0 3 196
 55 1 0 88
 55 -1 2 348
 55 -1 -1 99
 55 1 3 69
 55 1 -1 18
 5 1 -2 203
 55 -2 -2 335
 5 3 3 151
 55 -2 0 177
 55 1 2 6
 55 -1 1 18
 55 2 2 317
 55 -1 0 83
 55 -2 -1 322
 "contig-ratio-green-core" 0.6428571428571429
 "contig-ratio-red-core" 0.8
 "a-count" 8
 "b-count" 3
 "c-color-count" 25
 "c-express-count" 25
 "d-color-count" 21
 "d-express-count" 20
 "cell-count" 56
 15 -1 -4 86
 15 3 -1 126
 105 3 3 167
 15 1 -2 293
 15 4 1 86
 15 -4 0 187
 105 1 1 67
 15 -3 3 102
 15 2 -2 187
 105 4 -1 38
 15 3 -2 180
 15 -3 -1 212
 15 1 3 33
 15 -1 1 161
 15 -1 -3 3
 105 -2 -1 279
 105 -2 -3 274
 105 -3 -3 108
 15 1 -3 62
 15 3 2 53
 105 0 4 152
 15 -3 0 28
 15 1 2 191
 15 -2 -4 72
 15 0 -3 305
 15 0 1 212
 15 0 3 186
 15 0 2 152
 5 -1 3 144
 55 -2 3 48
 55 -1 -1 7
 55 2 1 87
 5 2 -3 304
 55 -3 2 38
 55 4 0 212
 55 0 0 209
 55 0 -2 295
 55 1 0 45
 55 3 1 280
 55 -2 2 91
 55 3 0 225
 55 1 -1 41
 55 2 0 33
 55 2 3 164
 55 -1 -2 143
 55 -1 0 15
 5 -1 2 20
 55 0 -4 74
 55 -3 1 121
 55 2 2 255
 55 -2 1 104
 55 -2 0 125
 55 2 -1 39
 55 0 -1 14
 55 3 -3 48
 55 -4 1 167
 "contig-ratio-green-core" 0.7
 "contig-ratio-red-core" 0.9411764705882353
