 "a-count" 12
 "b-count" 2
 "c-color-count" 27
 "c-express-count" 26
 "d-color-count" 17
 "d-express-count" 16
 "cell-count" 56
 105 1 -3 349
 105 -4 1 104
 15 -1 -1 159
 15 -2 -3 71
 15 4 -1 62
 15 4 -2 44
 15 -2 3 71
 15 3 2 122
 105 4 0 201
 105 -2 2 66
 15 -3 1 76
 105 3 -3 287
 15 -3 -2 158
 15 -4 0 153
 105 -3 3 325
 15 -3 -1 136
 15 3 -2 56
 15 -2 0 35
 15 2 -2 155
 105 -2 -1 231
 15 2 -3 183
 15 -1 0 124
 105 -1 -4 13
 15 -3 0 349
 15 3 -1 126
 105 0 4 270
 105 -4 -1 295
 105 3 3 305
 55 -1 -3 88
 55 0 -1 229
 55 2 3 339
 55 -1 1 144
 55 2 2 278
 55 1 -1 182
 55 0 3 175
 55 -1 2 17
 55 -3 -3 138
 55 0 -2 290
 55 1 0 299
 55 3 1 177
 55 0 0 8
 55 2 1 322
 55 1 2 190
 55 2 0 36
 55 -2 -2 127
 55 0 -3 347
 55 -1 3 212
 55 -1 -2 244
 55 1 1 199
 55 1 -2 154
 55 3 0 252
 55 -2 1 181
 55 0 2 198
 5 2 -1 25
 55 0 -4 237
 55 0 1 134
 "contig-ratio-green-core" 0.5555555555555556
 "contig-ratio-red-core" 0.9230769230769231
 "a-count" 11
 "b-count" 5
 "c-color-count" 23
 "c-express-count" 23
 "d-color-count" 18
 "d-express-count" 17
 "cell-count" 56
 105 2 3 208
 105 2 2 154
 105 -4 1 351
 15 2 -1 2
 15 3 1 31
 15 3 0 189
 105 3 2 35
 15 -1 1 265
 105 -4 -1 333
 105 -1 4 80
 15 1 3 358
 105 -1 -4 164
 15 -1 -3 80
 105 0 -4 239
 15 4 1 228
 15 2 0 95
 15 -2 3 188
 15 -2 -2 358
 15 -1 2 292
 15 -2 0 235
 15 0 3 80
 15 -1 -1 178
 105 0 4 23
 15 -2 -3 112
 15 -2 -1 212
 105 -1 0 190
 15 -1 -2 175
 15 -2 1 146
 5 -3 3 47
 55 0 -2 100
 55 1 -1 334
 55 2 -2 236
 55 2 -3 177
 55 4 0 259
 55 2 1 148
 55 4 -1 144
 55 -3 -1 316
 55 -1 3 14
 55 1 4 59
 55 0 2 149
 55 0 -3 233
 5 1 -4 151
 55 0 0 49
 5 -2 2 303
 55 1 0 128
 55 1 2 312
 5 3 -3 65
 55 0 -1 283
 55 -3 1 86
 55 -3 0 39
 55 1 -2 125
 55 -3 -2 209
 5 3 -2 208
 55 0 1 240
 55 1 1 132
 55 1 -3 65
 "contig-ratio-green-core" 0.875
 "contig-ratio-red-core" 0.9375
 "a-count" 6
 "b-count" 3
 "c-color-count" 25
 "c-express-count" 25
 "d-color-count" 25
 "d-express-count" 22
 "cell-count" 56
 15 -1 -4 170
 15 2 -2 213
 15 2 2 34
 15 1 -3 85
 15 -4 1 189
 105 0 4 78
 15 2 1 78
 15 -1 3 206
 105 3 -3 212
 15 2 -3 300
 15 0 -4 56
 15 -3 0 74
 15 -4 -1 185
 15 -2 3 351
 15 -1 -3 200
 15 -3 2 191
 105 3 2 285
 15 -4 0 317
 15 3 -1 308
 15 1 2 81
 15 -2 -3 249
 15 1 1 342
 15 -3 -1 161
 15 -3 1 266
 15 3 3 337
 15 3 0 266
 15 3 -2 30
 15 -1 4 314
 55 1 -2 166
 55 1 3 231
 5 4 1 223
 55 2 3 306
 55 2 -1 27
 55 1 -1 54
 55 -1 -1 4
 55 4 0 299
 55 2 0 303
 55 -2 0 297
 55 0 -2 99
 55 0 0 325
 55 -1 1 185
 55 1 4 303
 5 4 -1 260
 55 0 1 178
 55 -2 -1 56
 55 -1 -2 211
 55 0 2 163
 55 0 -1 96
 55 -1 2 76
 55 -2 1 244
 55 -1 0 217
 5 -3 -2 342
 55 1 0 304
 55 0 3 350
 55 0 -3 237
 55 3 1 212
 "contig-ratio-green-core" 0.8823529411764706
 "contig-ratio-red-core" 0.7083333333333334
 "a-count" 8
 "b-count" 6
 "c-color-count" 22
 "c-express-count" 22
 "d-color-count" 21
 "d-express-count" 20
 "cell-count" 56
 105 -4 0 265
 15 3 0 281
 15 1 -2 177
 105 3 -3 301
 15 2 -3 29
 15 -2 1 22
 15 2 -1 354
 105 4 1 48
 105 -2 2 85
 15 -3 0 122
 15 1 0 124
 15 -2 3 286
 105 4 -1 47
 15 -3 -1 145
 15 1 3 338
 15 4 0 171
 15 -3 -2 152
 15 0 4 0
 15 2 0 281
 15 -3 -3 149
 105 3 -1 182
 15 -3 2 244
 15 -1 4 118
 15 1 -1 222
 15 -3 1 84
 15 2 -2 266
 15 2 1 16
 105 -3 3 81
 55 1 2 325
 55 -1 1 4
 5 -1 -3 242
 55 -1 -1 314
 55 1 -4 16
 5 2 3 231
 55 -2 -1 110
 55 -2 0 168
 55 0 -4 181
 55 -1 0 345
 5 -2 -2 249
 55 1 4 25
 55 0 -2 82
 55 0 0 233
 55 1 1 147
 55 0 -3 248
 55 -1 -2 181
 5 3 3 251
 55 -1 2 90
 55 0 2 143
 55 0 3 135
 55 -1 3 130
 55 0 1 320
 5 -4 1 219
 5 -4 -1 85
 55 0 -1 224
 55 3 2 67
 55 2 2 178
 "contig-ratio-green-core" 0.6875
 "contig-ratio-red-core" 0.625
