 "a-count" 11
 "b-count" 5
 "c-color-count" 24
 "c-express-count" 23
 "d-color-count" 19
 "d-express-count" 17
 "cell-count" 56
 15 -2 -1 72
 15 1 4 351
 105 3 0 283
 105 -1 -4 167
 15 -3 -2 220
 15 1 3 34
 15 2 -2 71
 105 1 2 16
 15 -2 -2 12
 15 4 -1 349
 15 -1 4 207
 15 0 3 267
 15 2 2 96
 105 -2 -3 219
 15 0 -4 106
 15 -4 1 326
 15 -2 1 108
 15 0 4 323
 15 -1 -2 61
 105 3 1 256
 105 -3 -3 323
 15 -4 -1 157
 105 -3 0 88
 105 3 2 222
 15 3 -2 19
 15 3 -1 35
 15 0 -3 236
 105 3 -3 86
 55 -1 -3 188
 55 0 -2 235
 55 0 1 193
 55 2 1 32
 55 -1 -1 140
 5 2 -3 87
 55 0 0 78
 55 -1 2 303
 55 1 0 70
 55 1 -2 280
 55 2 0 358
 55 0 0 195
 5 -2 2 94
 55 0 -1 284
 55 1 -1 264
 55 2 -1 98
 5 1 -3 88
 55 -1 1 14
 55 1 -4 35
 55 1 1 20
 55 -2 0 340
 55 -1 0 121
 55 4 0 278
 55 1 0 46
 5 -2 3 254
 55 -4 0 253
 55 0 2 225
 55 -3 2 65
 "contig-ratio-green-core" 0.6923076923076923
 "contig-ratio-red-core" 0.6428571428571429
 "a-count" 8
 "b-count" 5
 "c-color-count" 24
 "c-express-count" 23
 "d-color-count" 21
 "d-express-count" 20
 "cell-count" 56
 105 -3 3 210
 15 -2 -2 89
 15 1 -3 121
 105 4 1 53
 15 -2 0 354
 15 1 3 6
 15 2 -2 236
 15 3 -2 342
 15 -2 3 6
 105 -2 2 203
 105 -3 -2 263
 15 0 3 281
 105 1 -4 284
 15 -4 1 5
 105 -3 1 194
 15 -4 0 117
 15 -4 2 312
 15 0 4 240
 15 3 -1 140
 15 -2 -1 68
 15 0 -4 17
 15 -3 -1 166
 15 2 3 77
 105 -1 4 79
 15 -3 0 99
 15 0 -3 199
 15 3 3 203
 15 1 2 121
 55 -2 -3 237
 55 2 -1 348
 55 2 0 289
 55 -1 2 7
 55 0 0 31
 55 -1 -4 50
 5 3 1 239
 55 0 -1 90
 5 4 0 229
 55 -4 -2 233
 55 1 -1 328
 55 1 -2 299
 55 -1 -3 195
 55 2 2 268
 55 1 0 260
 55 3 2 194
 55 3 0 143
 55 0 -2 356
 55 -1 1 59
 55 -1 -1 16
 55 1 1 232
 55 2 1 246
 5 3 -3 331
 55 -1 -2 245
 55 0 1 308
 5 4 -1 19
 55 -1 0 308
 55 -4 -1 140
 "contig-ratio-green-core" 0.7222222222222222
 "contig-ratio-red-core" 0.7368421052631579
 "a-count" 7
 "b-count" 3
 "c-color-count" 25
 "c-express-count" 25
 "d-color-count" 21
 "d-express-count" 21
 "cell-count" 56
 15 2 -1 0
 105 1 -3 316
 15 3 -1 257
 15 -3 2 244
 15 -3 3 200
 15 -1 -2 307
 15 3 3 0
 105 2 -2 155
 105 2 2 190
 15 4 0 146
 15 0 -2 120
 15 -4 -1 225
 15 -4 0 172
 15 1 0 35
 15 -2 -3 279
 15 -1 -3 217
 105 3 1 332
 105 3 0 218
 15 -2 3 116
 15 1 4 162
 105 1 -2 27
 15 1 -1 263
 15 2 3 321
 15 4 -1 3
 15 -4 1 331
 15 0 -3 278
 105 2 -3 318
 15 3 2 59
 55 -3 1 268
 55 3 -2 67
 55 -1 2 196
 55 -1 3 89
 55 1 2 315
 55 0 3 292
 5 0 4 71
 55 -3 0 58
 55 0 1 341
 55 -1 1 320
 55 -3 -2 94
 55 -3 -1 274
 55 1 -4 13
 55 2 1 355
 55 -2 1 292
 55 1 3 260
 55 0 0 124
 55 1 1 244
 55 0 -1 103
 55 0 2 103
 5 3 -3 182
 55 -2 2 43
 55 -1 -1 263
 55 -3 -3 352
 55 -2 0 292
 55 -2 -2 237
 5 -2 -1 344
 55 -1 0 331
 "contig-ratio-green-core" 0.8125
 "contig-ratio-red-core" 0.631578947368421
 "a-count" 4
 "b-count" 3
 "c-color-count" 25
 "c-express-count" 25
 "d-color-count" 26
 "d-express-count" 24
 "cell-count" 56
 15 0 2 235
 15 2 -3 47
 15 -4 0 344
 15 -1 3 219
 15 -3 -1 125
 15 -2 -2 267
 15 -1 2 90
 15 4 -2 315
 105 -2 -1 263
 15 -3 0 312
 15 3 0 99
 15 0 3 219
 15 4 1 77
 15 1 2 3
 15 -2 3 135
 15 2 -4 203
 15 0 4 152
 105 3 -3 221
 15 4 0 319
 15 3 -2 142
 15 4 -1 111
 15 -3 -2 302
 15 4 2 258
 15 -3 1 21
 15 -2 -3 286
 15 -4 1 182
 15 1 -4 212
 15 3 -1 96
 55 -2 2 238
 55 -1 0 34
 55 1 -1 241
 55 1 -2 139
 55 -4 -1 227
 55 2 0 81
 55 2 -1 75
 5 2 3 293
 55 -1 -1 342
 55 2 1 27
 55 0 1 218
 55 -2 0 344
 55 2 -2 341
 55 -1 -2 158
 55 0 0 268
 5 -1 4 180
 55 -1 1 147
 55 0 -1 228
 55 1 1 112
 55 3 2 346
 5 -3 -3 189
 55 0 -2 309
 55 3 1 149
 55 -1 -4 276
 55 1 0 83
 55 -1 -3 288
 55 -2 1 202
 55 -3 2 135
 "contig-ratio-green-core" 0.7222222222222222
 "contig-ratio-red-core" 0.6
