 "a-count" 8
 "b-count" 4
 "c-color-count" 24
 "c-express-count" 24
 "d-color-count" 20
 "d-express-count" 20
 "cell-count" 56
 105 4 1 23
 105 1 4 70
 15 2 -3 113
 15 4 -1 208
 15 -2 1 197
 15 2 -2 329
 15 2 3 34
 105 -2 -3 167
 15 -2 2 73
 15 3 -1 357
 15 -1 0 79
 105 3 1 22
 15 -3 -1 91
 105 0 -4 4
 15 3 -2 40
 15 3 3 6
 15 1 -3 3
 15 -3 1 327
 15 -1 2 6
 15 -3 0 98
 15 -2 -1 304
 15 -2 0 358
 105 3 -3 259
 105 0 4 182
 15 2 4 173
 105 1 -4 286
 15 -1 3 242
 15 -1 1 213
 5 -1 4 238
 5 -3 2 214
 55 0 -3 297
 55 -4 -1 177
 55 0 0 110
 55 -1 -3 358
 55 0 3 129
 55 -1 -4 234
 55 1 0 196
 55 1 -1 343
 55 -4 1 200
 5 -3 3 92
 55 2 1 161
 55 1 1 52
 55 2 0 209
 55 0 1 263
 55 2 -1 66
 55 0 2 8
 55 1 3 311
 55 1 -2 310
 55 1 2 323
 55 2 2 246
 55 -1 -2 264
 55 0 -2 324
 55 -4 0 58
 55 0 -1 270
 55 -4 -2 126
 5 -2 3 327
 "contig-ratio-green-core" 0.5294117647058824
 "contig-ratio-red-core" 0.6666666666666666
 "a-count" 7
 "b-count" 1
 "c-color-count" 27
 "c-express-count" 27
 "d-color-count" 23
 "d-express-count" 21
 "cell-count" 56
 15 -1 4 127
 105 4 0 223
 15 -3 -1 110
 15 -3 0 247
 15 -2 -1 83
 15 -2 -2 216
 15 3 0 277
 15 1 -3 347
 15 -2 -3 89
 15 2 -1 191
 15 4 1 75
 15 3 3 85
 105 -4 -1 46
 105 -4 0 143
 15 2 4 16
 15 0 4 99
 15 2 3 206
 15 2 -2 318
 15 1 -1 36
 15 3 -1 23
 15 -2 -4 113
 105 -4 1 45
 15 -3 3 29
 15 -3 -2 165
 15 1 4 290
 105 3 -3 41
 15 2 -3 104
 15 1 -2 193
 55 -2 0 100
 55 1 2 135
 55 3 2 207
 55 2 2 257
 55 -1 3 72
 55 4 -1 194
 55 0 1 143
 55 -2 3 37
 55 0 2 239
 55 1 1 0
 55 0 0 93
 55 -1 -1 73
 55 0 -2 313
 55 0 -1 127
 55 1 3 23
 55 3 1 303
 55 -3 -3 20
 55 -2 2 186
 55 1 0 330
 55 2 1 14
 5 -1 -3 307
 55 0 -3 347
 55 -1 0 124
 55 -3 1 183
 55 -1 2 173
 55 -2 1 311
 55 0 3 125
 55 -3 2 308
 "contig-ratio-green-core" 0.631578947368421
 "contig-ratio-red-core" 0.7777777777777778
 "a-count" 5
 "b-count" 2
 "c-color-count" 26
 "c-express-count" 26
 "d-color-count" 23
 "d-express-count" 23
 "cell-count" 56
 15 -1 3 319
 15 -1 -3 235
 15 2 3 254
 105 3 -1 93
 15 -2 2 240
 15 3 3 270
 15 1 -2 64
 15 -2 -2 38
 15 2 -3 148
 15 -3 3 39
 15 0 -4 278
 15 2 -1 334
 15 -3 -1 198
 105 1 4 349
 15 4 0 77
 105 1 -3 335
 15 3 1 226
 15 3 4 302
 15 3 2 78
 105 -3 -3 210
 15 -3 2 292
 15 -4 -1 252
 15 3 0 5
 15 -3 -2 353
 15 2 -2 162
 15 0 -3 311
 15 -2 3 141
 105 4 1 264
 55 1 1 172
 5 -4 1 54
 55 1 0 259
 55 -2 -1 96
 55 0 0 192
 55 -1 2 253
 55 -1 1 79
 55 1 3 120
 55 0 -2 354
 55 0 -1 174
 55 0 1 113
 55 -1 -1 31
 55 -1 -4 341
 55 2 1 175
 5 -4 0 28
 55 1 2 257
 55 2 2 335
 55 3 -3 291
 55 1 -1 94
 55 -2 -3 179
 55 -2 1 58
 55 -1 0 118
 55 0 2 256
 55 -2 0 172
 55 -1 -2 324
 55 2 0 94
 55 0 3 96
 55 -3 1 255
 "contig-ratio-green-core" 1
 "contig-ratio-red-core" 0.6818181818181818
 "a-count" 9
 "b-count" 8
 "c-color-count" 21
 "c-express-count" 20
 "d-color-count" 19
 "d-express-count" 19
 "cell-count" 56
 15 1 3 35
 15 -1 -2 245
 15 0 2 194
 105 2 -3 266
 105 -2 -3 237
 15 0 -2 51
 15 2 3 91
 15 0 3 59
 105 4 1 329
 15 3 -2 114
 15 1 -3 29
 105 1 -4 39
 105 -1 2 79
 105 -1 -4 34
 15 2 -2 121
 15 1 -2 270
 105 -3 -3 222
 15 0 -4 216
 15 0 -3 324
 105 -3 -2 305
 15 -3 3 171
 15 2 4 298
 15 -1 -3 143
 15 2 2 16
 105 -2 -2 30
 15 1 2 32
 15 4 -1 325
 15 -2 3 224
 55 0 -1 151
 55 3 -1 278
 55 -1 -1 298
 5 -3 1 232
 55 -3 -1 294
 5 4 0 138
 55 2 0 287
 55 -2 0 37
 55 0 1 108
 55 -1 0 79
 55 1 0 5
 5 -1 3 268
 55 3 1 19
 55 3 -3 252
 5 -4 1 221
 55 -2 2 257
 55 2 -1 175
 5 -4 0 265
 55 -2 1 176
 55 -1 1 164
 55 1 -1 224
 5 3 0 225
 55 2 1 118
 55 -4 -1 55
 5 -1 4 125
 55 0 0 58
 55 -2 -1 143
 55 1 1 175
 "contig-ratio-green-core" 0.7142857142857143
 "contig-ratio-red-core" 0.6666666666666666
