 "a-count" 9
 "b-count" 8
 "c-color-count" 23
 "c-express-count" 20
 "d-color-count" 20
 "d-express-count" 19
 "cell-count" 56
 105 0 -3 102
 15 4 0 250
 15 4 -1 72
 105 2 -2 16
 15 2 3 28
 15 -2 0 134
 105 -1 3 259
 15 3 -1 304
 105 4 1 265
 15 0 4 171
 15 1 4 206
 15 3 -2 354
 15 -2 -3 212
 15 2 2 71
 105 -3 -2 160
 105 2 -3 13
 15 1 3 323
 15 2 -1 206
 15 0 -4 107
 15 -3 -1 45
 15 -3 0 250
 15 0 2 261
 15 -1 4 187
 105 -3 -3 284
 15 1 2 337
 15 0 3 288
 15 -2 3 251
 105 -4 1 106
 55 4 -2 355
 55 1 -4 123
 55 3 3 233
 55 2 0 248
 55 0 -1 58
 5 -4 -1 316
 55 -1 2 80
 55 -1 0 343
 55 2 1 35
 5 3 0 195
 55 0 1 25
 5 3 2 140
 55 1 1 193
 55 -2 -1 184
 55 -3 2 262
 55 1 -1 294
 55 0 0 191
 55 3 1 7
 55 1 -2 98
 5 -3 1 94
 55 -2 2 103
 55 -1 1 144
 55 0 -2 259
 55 -1 -2 305
 55 1 0 314
 55 -1 -3 250
 5 3 -3 172
 55 -1 -1 23
 "contig-ratio-green-core" 0.5
 "contig-ratio-red-core" 0.8125
 "a-count" 5
 "b-count" 9
 "c-color-count" 19
 "c-express-count" 19
 "d-color-count" 24
 "d-express-count" 23
 "cell-count" 56
 15 -3 -1 310
 15 4 0 16
 15 3 -1 52
 15 -2 2 115
 15 2 3 122
 105 1 3 265
 15 3 -2 319
 15 -1 2 115
 15 3 0 253
 15 0 -4 276
 15 1 0 10
 15 1 1 1
 15 0 -3 73
 15 2 2 174
 15 0 1 229
 15 -3 3 76
 15 1 -3 324
 15 2 1 287
 15 0 2 42
 15 -1 -3 72
 15 3 1 39
 15 -2 -3 27
 105 -2 3 144
 15 3 2 25
 15 1 2 293
 105 -4 -1 349
 105 4 1 144
 15 0 3 57
 55 -2 -1 20
 55 2 -1 40
 5 3 3 102
 55 -1 -1 226
 5 2 -3 7
 55 -1 1 355
 55 0 -2 296
 5 1 -4 257
 5 4 -1 142
 5 -2 1 143
 5 -3 -2 61
 55 -3 0 127
 55 2 -2 36
 55 -2 0 14
 55 0 -1 60
 5 -1 3 80
 55 -3 2 98
 5 -4 0 288
 55 1 -1 275
 55 -1 0 268
 55 -3 1 219
 55 0 0 312
 55 0 4 116
 55 1 -2 289
 55 -2 -2 70
 55 -1 -4 118
 55 1 4 293
 5 -3 -3 302
 "contig-ratio-green-core" 0.8
 "contig-ratio-red-core" 0.75
 "a-count" 5
 "b-count" 5
 "c-color-count" 23
 "c-express-count" 23
 "d-color-count" 24
 "d-express-count" 23
 "cell-count" 56
 15 4 -1 40
 15 -1 4 67
 105 1 -2 156
 105 4 1 30
 15 -4 -2 61
 15 -4 0 90
 15 0 3 27
 15 1 -4 18
 15 1 4 299
 15 -1 2 96
 15 -3 -2 59
 15 -1 3 12
 105 3 2 114
 105 -3 2 95
 15 0 4 73
 15 0 -3 65
 15 0 -4 330
 15 -4 -1 13
 15 3 3 98
 15 2 2 351
 15 1 -3 49
 15 -1 -3 274
 15 2 -3 324
 15 -2 -2 246
 15 -1 1 255
 15 -2 2 147
 15 1 3 102
 15 4 0 303
 55 1 0 193
 55 1 1 252
 55 2 0 225
 55 3 -2 126
 55 -2 0 252
 55 3 -1 213
 55 0 1 307
 55 1 2 200
 55 -1 0 310
 55 -2 -3 282
 55 -3 0 353
 5 -3 3 321
 5 -2 1 325
 55 2 3 135
 55 1 -1 112
 55 0 -2 34
 55 0 2 123
 55 0 0 260
 55 -1 -2 299
 55 3 1 354
 55 2 1 157
 5 -3 -1 187
 5 -1 -1 300
 55 3 0 349
 5 -4 1 233
 55 2 -1 321
 55 0 -1 34
 55 -3 1 68
 "contig-ratio-green-core" 0.6875
 "contig-ratio-red-core" 0.5789473684210527
