 "a-count" 6
 "b-count" 3
 "c-color-count" 26
 "c-express-count" 25
 "d-color-count" 22
 "d-express-count" 22
 "cell-count" 56
 15 -4 1 58
 15 -3 1 347
 15 3 -1 16
 15 0 -4 267
 105 3 0 302
 15 2 3 17
 105 4 0 123
 15 1 -4 302
 15 -1 -2 2
 15 3 -2 310
 15 -1 3 313
 15 1 -3 14
 15 -3 0 336
 105 -4 -1 97
 15 2 2 229
 15 0 3 289
 105 3 2 243
 15 -1 -4 358
 15 -1 -3 353
 15 1 3 14
 15 0 -3 303
 105 -2 -2 307
 15 3 3 284
 15 -4 0 47
 15 0 -2 155
 105 4 -1 63
 15 0 4 190
 15 -3 -1 302
 55 3 1 171
 55 -1 0 305
 55 0 0 25
 55 0 1 92
 55 2 -3 347
 55 -2 0 216
 55 1 2 156
 55 -2 2 60
 55 -2 -1 311
 5 -1 4 0
 5 -3 2 14
 55 -1 1 346
 55 4 1 236
 55 -3 -3 308
 55 2 -2 50
 55 -1 -1 158
 55 -2 1 86
 55 1 4 60
 55 0 -1 105
 55 0 2 221
 55 1 -1 332
 55 2 -1 315
 55 -1 2 185
 55 2 0 183
 55 1 1 229
 55 1 0 315
 55 2 1 290
 55 -2 -3 308
 "contig-ratio-green-core" 0.7058823529411765
 "contig-ratio-red-core" 0.7
 "a-count" 9
 "b-count" 4
 "c-color-count" 24
 "c-express-count" 24
 "d-color-count" 20
 "d-express-count" 19
 "cell-count" 56
 15 -3 3 359
 15 3 1 323
 15 -1 -2 67
 105 -2 -3 271
 15 -3 2 174
 15 -4 2 332
 15 1 -3 32
 15 -4 1 328
 105 -1 3 82
 15 2 2 38
 15 2 1 142
 15 0 -4 350
 15 2 -3 243
 15 -3 -2 120
 105 -1 4 120
 15 -2 3 288
 105 -1 -4 99
 15 5 0 282
 105 1 -2 40
 15 3 0 147
 105 0 4 127
 15 -2 -2 110
 15 0 -2 125
 15 4 1 291
 105 -3 -3 70
 15 -2 -1 128
 15 1 -4 220
 105 0 -3 33
 55 0 1 66
 55 -1 -1 54
 55 -1 1 307
 55 3 3 113
 55 -2 1 22
 55 0 -1 168
 55 -3 1 194
 55 1 -1 297
 55 -1 2 237
 5 1 1 237
 55 2 -1 162
 55 1 4 265
 55 0 3 19
 5 2 4 294
 5 4 0 218
 55 0 2 60
 5 3 -3 299
 55 2 -2 271
 55 2 3 169
 55 -2 0 97
 55 0 0 134
 55 4 -1 162
 55 -1 0 327
 55 1 3 330
 55 2 0 172
 55 3 -1 13
 55 -3 0 110
 55 1 0 347
 "contig-ratio-green-core" 0.5294117647058824
 "contig-ratio-red-core" 0.5333333333333333
 "a-count" 11
 "b-count" 2
 "c-color-count" 27
 "c-express-count" 26
 "d-color-count" 18
 "d-express-count" 17
 "cell-count" 56
 15 1 -4 272
 105 2 -2 171
 15 -3 -3 267
 105 -2 3 21
 15 3 -3 73
 15 0 -4 258
 105 1 -2 211
 15 2 3 193
 15 -3 1 208
 15 -2 -1 323
 15 -3 0 134
 15 3 -1 237
 105 -3 3 325
 105 -4 -2 177
 105 -2 -3 149
 105 -4 0 294
 15 3 3 107
 15 3 -4 1
 105 -4 -1 162
 15 -2 1 342
 15 3 -2 348
 105 3 0 62
 15 -3 -2 52
 15 -1 4 121
 15 -4 1 181
 15 2 -4 18
 105 1 4 75
 15 -3 -1 90
 55 -2 2 175
 55 -1 2 205
 55 0 4 81
 55 1 -1 283
 55 0 -2 200
 55 -1 -2 215
 55 -1 -4 146
 55 0 2 8
 55 0 -1 151
 55 0 0 190
 55 -1 0 184
 55 1 2 130
 55 -2 -2 231
 55 1 3 71
 55 2 1 316
 55 2 2 310
 55 1 0 82
 55 -4 2 30
 55 0 -3 158
 55 -1 1 175
 55 2 0 157
 55 3 1 230
 55 -1 -1 357
 55 0 3 9
 55 -1 -3 175
 55 1 1 51
 5 0 1 112
 55 -3 2 55
 "contig-ratio-green-core" 0.4117647058823529
 "contig-ratio-red-core" 0.8333333333333334
 "a-count" 10
 "b-count" 4
 "c-color-count" 24
 "c-express-count" 24
 "d-color-count" 21
 "d-express-count" 18
 "cell-count" 56
 105 1 -1 163
 15 -1 -3 5
 15 -1 -2 72
 15 2 3 171
 15 3 0 185
 15 1 3 325
 15 0 4 221
 15 3 1 25
 15 0 -3 138
 15 0 3 38
 15 2 2 341
 105 -3 -3 42
 15 -1 4 264
 15 0 -2 284
 15 1 -2 144
 15 3 2 308
 105 2 -3 177
 105 1 2 320
 15 0 -1 147
 105 4 -1 134
 15 -2 -2 78
 15 -1 3 299
 15 3 -2 75
 15 -3 -2 181
 105 3 3 137
 15 1 -3 33
 15 -3 3 143
 105 -2 -3 206
 55 -1 2 227
 55 0 1 115
 55 2 1 280
 55 -3 1 222
 55 0 0 308
 55 0 2 300
 55 2 0 43
 55 1 1 329
 55 0 -4 269
 55 -2 2 14
 55 -1 0 87
 55 -3 0 228
 5 3 -3 88
 55 -3 -1 148
 55 2 -2 47
 5 -2 -1 43
 55 -4 1 195
 55 -2 0 286
 5 -3 2 15
 55 1 4 41
 55 4 1 269
 5 3 -1 222
 55 1 -4 207
 55 -2 1 179
 55 -1 -4 299
 55 -1 1 39
 55 2 -1 293
 55 1 0 47
 "contig-ratio-green-core" 0.6875
 "contig-ratio-red-core" 0.6470588235294118
