 "a-count" 11
 "b-count" 6
 "c-color-count" 23
 "c-express-count" 22
 "d-color-count" 17
 "d-express-count" 17
 "cell-count" 56
 15 3 -2 276
 105 2 2 198
 15 -1 3 316
 15 -2 -3 56
 105 -1 4 182
 105 -1 -4 275
 15 4 0 6
 15 -2 -2 52
 105 -2 3 192
 15 3 -1 269
 15 2 3 273
 105 -4 -1 282
 15 0 -3 214
 15 1 -3 104
 15 0 2 67
 105 4 -1 194
 15 -1 -3 140
 15 0 3 213
 105 -3 -3 233
 105 -2 2 301
 15 3 3 262
 105 3 2 241
 15 2 -1 14
 105 -4 0 120
 105 2 -3 284
 15 -3 -2 97
 15 1 3 227
 15 0 -4 236
 55 -1 1 229
 5 3 -3 335
 55 1 0 220
 55 2 1 151
 5 -1 -1 221
 55 1 -4 355
 55 1 1 317
 55 -1 -2 232
 55 -2 0 10
 55 1 2 56
 55 -2 1 315
 55 0 0 180
 55 1 -2 105
 55 4 1 31
 55 0 1 91
 55 0 -1 159
 5 0 4 90
 55 1 -1 24
 55 -2 -1 102
 55 3 1 150
 55 -1 0 265
 5 -3 3 135
 55 -3 0 282
 55 3 0 317
 55 -3 -1 300
 55 0 -2 316
 5 -3 2 23
 55 -3 1 56
 "contig-ratio-green-core" 0.625
 "contig-ratio-red-core" 0.6666666666666666
 "a-count" 9
 "b-count" 3
 "c-color-count" 27
 "c-express-count" 25
 "d-color-count" 19
 "d-express-count" 19
 "cell-count" 56
 15 4 1 17
 105 2 2 328
 15 -4 0 4
 15 0 -4 260
 105 3 -3 239
 15 0 -3 168
 105 -1 -3 267
 15 0 3 319
 15 1 -3 106
 15 2 -2 181
 15 -4 1 284
 15 2 3 190
 15 1 -2 77
 15 -2 3 70
 105 -3 -3 232
 15 -1 3 11
 105 3 -2 245
 15 4 0 340
 15 -4 -1 238
 105 3 0 277
 15 -3 2 159
 105 2 -1 264
 15 2 -3 212
 15 1 3 232
 15 -2 2 16
 15 -1 -4 64
 105 1 4 34
 105 3 -1 8
 55 1 1 172
 55 0 -1 324
 55 -3 1 12
 55 3 3 133
 55 -2 -1 321
 55 0 2 329
 55 -2 1 300
 55 2 1 293
 55 -1 1 221
 55 3 1 121
 55 -1 0 164
 55 -1 -1 170
 55 -3 -1 120
 55 -1 2 355
 55 -3 0 91
 55 2 0 275
 55 -3 3 157
 55 1 -1 311
 55 -2 -2 73
 55 -4 2 33
 55 0 1 154
 55 1 -4 269
 5 -2 -3 202
 55 1 2 323
 55 0 -2 156
 55 -2 0 143
 55 0 0 81
 55 1 0 53
 "contig-ratio-green-core" 0.8461538461538461
 "contig-ratio-red-core" 0.8
 "a-count" 8
 "b-count" 5
 "c-color-count" 23
 "c-express-count" 23
 "d-color-count" 24
 "d-express-count" 20
 "cell-count" 56
 15 4 2 260
 15 0 4 300
 15 0 -4 291
 15 0 -3 207
 15 4 1 93
 15 1 -4 29
 15 -3 -1 6
 15 3 1 195
 15 3 -1 345
 15 1 -3 42
 15 2 -2 16
 15 1 -2 215
 15 2 3 92
 15 -2 -1 69
 15 -1 3 279
 15 -1 -3 318
 105 -4 -1 24
 15 -4 0 198
 15 2 -1 356
 15 -2 3 169
 15 3 0 118
 15 -3 0 270
 105 4 -1 72
 15 2 -3 228
 105 -2 2 102
 105 4 0 333
 15 -3 2 154
 15 -1 4 92
 55 1 0 144
 55 -2 0 0
 5 3 -3 178
 5 -3 -2 191
 55 -1 1 81
 55 2 2 253
 55 0 0 80
 55 -3 1 197
 55 2 1 272
 55 -1 -1 141
 55 0 1 65
 55 -2 1 187
 55 0 -1 29
 55 3 -2 144
 55 1 -1 98
 5 -2 -3 91
 55 -1 -2 352
 55 0 2 323
 55 -1 2 41
 55 2 0 18
 55 1 3 92
 5 -2 -2 51
 55 3 2 32
 55 1 2 88
 55 0 3 81
 5 -3 -3 292
 55 -1 0 204
 55 1 1 179
 "contig-ratio-green-core" 0.9333333333333333
 "contig-ratio-red-core" 0.5
 "a-count" 6
 "b-count" 5
 "c-color-count" 23
 "c-express-count" 23
 "d-color-count" 23
 "d-express-count" 22
 "cell-count" 56
 15 3 3 36
 105 -3 -3 294
 105 2 -3 196
 15 3 0 302
 15 3 1 161
 15 3 -2 275
 15 -2 3 204
 15 1 -3 152
 15 0 4 334
 105 -3 -2 327
 15 -4 -1 226
 15 -1 3 354
 15 2 -1 321
 15 -4 0 220
 15 -3 3 295
 15 0 3 150
 15 3 2 12
 15 -2 2 169
 105 1 4 257
 105 4 1 291
 15 -1 -2 163
 15 -2 -2 143
 15 0 -2 192
 15 4 0 294
 15 -2 -3 62
 15 3 -1 328
 15 -2 -1 282
 15 -1 2 244
 55 1 -1 70
 5 -1 4 186
 55 0 -4 221
 55 0 1 127
 55 -1 1 157
 55 -2 0 100
 55 -2 1 290
 5 2 -2 144
 55 1 3 300
 55 0 2 72
 55 1 -2 72
 55 2 0 47
 55 -3 0 72
 55 1 1 200
 55 0 -1 29
 55 2 1 24
 5 1 -4 105
 55 1 0 67
 55 -1 -3 58
 55 -3 1 50
 5 0 -3 171
 55 2 2 64
 55 -1 -4 2
 5 4 -1 215
 55 3 -3 271
 55 1 2 255
 55 0 0 77
 55 -1 0 169
 "contig-ratio-green-core" 0.7647058823529411
 "contig-ratio-red-core" 0.65
