 "a-count" 7
 "b-count" 3
 "c-color-count" 26
 "c-express-count" 25
 "d-color-count" 23
 "d-express-count" 21
 "cell-count" 56
 15 -1 3 183
 15 0 4 204
 15 0 -2 237
 15 0 -3 73
 15 3 -2 135
 15 -2 -1 31
 15 -1 -3 158
 15 2 2 77
 105 1 -4 340
 15 0 -4 266
 15 3 2 227
 15 1 -2 237
 15 -3 2 159
 15 2 3 158
 15 -2 -2 134
 105 -3 -1 280
 15 1 4 348
 15 4 0 133
 15 -1 -4 324
 15 4 -1 108
 105 3 -3 5
 15 1 3 238
 15 -1 -2 330
 15 0 3 82
 15 2 -2 32
 105 -2 3 225
 105 -4 -1 303
 15 -2 2 244
 55 -2 0 214
 55 -1 0 353
 5 -2 -3 130
 55 4 1 150
 55 2 -1 252
 55 3 1 353
 55 1 1 169
 55 -1 2 26
 55 0 0 205
 55 3 3 20
 55 0 1 147
 55 -3 -3 210
 55 3 -1 91
 5 -3 3 136
 55 1 0 264
 55 0 -1 291
 55 3 0 195
 55 -3 0 19
 55 1 -1 165
 55 -3 1 17
 55 2 0 155
 55 2 1 71
 55 -4 0 107
 55 -1 -1 201
 55 0 2 108
 55 -1 1 112
 55 -2 1 58
 55 -3 -2 298
 "contig-ratio-green-core" 0.7894736842105263
 "contig-ratio-red-core" 0.7
 "a-count" 11
 "b-count" 1
 "c-color-count" 27
 "c-express-count" 27
 "d-color-count" 18
 "d-express-count" 17
 "cell-count" 56
 15 2 1 112
 15 2 2 218
 15 3 2 247
 105 -4 0 98
 105 1 -2 44
 15 1 -1 316
 15 2 -1 351
 105 -4 1 312
 105 3 0 221
 15 -1 -3 329
 15 -3 2 287
 15 -1 -4 7
 105 -3 3 10
 15 3 -1 219
 105 2 -2 41
 15 -1 -2 189
 105 2 0 30
 15 4 -1 249
 15 4 0 256
 15 0 -3 91
 105 -3 -3 344
 105 -3 -2 182
 15 0 -2 77
 15 -3 -1 205
 105 1 -3 239
 15 3 3 103
 15 3 1 277
 15 -2 4 84
 55 -2 3 84
 55 2 3 337
 55 -2 0 162
 55 -1 3 222
 55 1 0 54
 55 -1 1 224
 55 3 -2 87
 55 -2 -3 91
 55 -3 0 241
 55 -1 4 23
 55 0 0 252
 55 0 4 272
 55 -2 -2 297
 55 -2 -1 301
 55 0 -1 35
 55 4 -2 275
 55 -2 2 198
 55 0 1 63
 55 0 2 224
 55 1 1 313
 55 1 2 322
 55 -1 0 275
 55 -2 1 91
 5 1 4 149
 55 1 3 347
 55 -3 1 162
 55 -1 -1 26
 55 0 3 70
 "contig-ratio-green-core" 0.6666666666666666
 "contig-ratio-red-core" 0.875
 "a-count" 9
 "b-count" 7
 "c-color-count" 22
 "c-express-count" 21
 "d-color-count" 19
 "d-express-count" 19
 "cell-count" 56
 15 -1 1 32
 105 3 -3 184
 15 3 -1 81
 15 3 2 318
 105 -2 -1 304
 15 -4 0 342
 15 -2 2 96
 15 0 0 194
 15 -1 2 334
 15 0 1 123
 15 -1 0 332
 105 -1 4 341
 15 -1 -1 262
 105 1 -2 183
 105 4 1 168
 15 -4 1 3
 15 1 4 168
 15 0 -1 106
 105 0 -2 194
 15 -1 -3 359
 15 0 2 235
 15 2 3 65
 105 4 -1 42
 15 -1 -4 116
 15 0 -3 262
 15 4 0 133
 105 1 -3 50
 105 0 4 118
 55 2 -3 263
 55 1 2 34
 55 -3 -1 265
 55 1 0 306
 55 -1 3 352
 55 -3 3 237
 55 0 -4 8
 55 2 2 245
 55 1 3 63
 55 -3 1 88
 5 -2 3 145
 5 -3 2 335
 55 -3 0 352
 5 3 3 60
 55 -3 -2 119
 55 2 -2 231
 5 -2 -3 340
 55 2 0 237
 55 3 1 91
 5 1 -4 147
 55 1 1 226
 55 1 -1 117
 55 -2 0 223
 55 2 -1 303
 55 0 3 274
 5 -2 -2 336
 55 -2 1 237
 55 3 0 285
 "contig-ratio-green-core" 0.8823529411764706
 "contig-ratio-red-core" 0.875
 "a-count" 8
 "b-count" 4
 "c-color-count" 25
 "c-express-count" 24
 "d-color-count" 20
 "d-express-count" 20
 "cell-count" 56
 15 2 2 358
 15 3 -1 5
 15 -1 -2 92
 15 -1 -3 72
 105 2 -3 75
 105 3 -2 316
 15 2 -2 47
 15 1 -3 274
 15 -1 3 202
 15 -2 -3 8
 15 1 2 5
 105 4 0 290
 105 1 3 104
 15 -2 2 256
 15 -4 1 106
 15 2 -1 79
 105 0 4 55
 15 -4 0 291
 105 1 4 225
 105 4 1 72
 15 -2 3 175
 105 4 -1 13
 15 -2 -2 331
 15 2 3 59
 15 0 2 129
 15 0 -3 124
 15 -1 4 340
 15 0 3 329
 55 -1 0 101
 55 0 0 33
 55 -3 -3 231
 55 -2 -1 67
 5 1 -4 259
 55 -3 -1 49
 55 -3 1 234
 55 1 -2 26
 55 1 -1 225
 55 1 0 330
 55 0 -2 332
 55 2 0 106
 55 -3 0 264
 55 -4 -1 233
 55 3 2 206
 55 1 1 248
 5 -3 -2 87
 55 -1 -1 89
 55 -1 1 227
 55 -1 -4 286
 55 -3 2 344
 55 -2 0 162
 55 2 1 158
 55 3 1 98
 55 0 1 265
 55 3 0 95
 5 0 -1 206
 55 -2 1 8
 "contig-ratio-green-core" 0.7368421052631579
 "contig-ratio-red-core" 1.0588235294117647
