 "a-count" 11
 "b-count" 4
 "c-color-count" 24
 "c-express-count" 24
 "d-color-count" 20
 "d-express-count" 17
 "cell-count" 56
 15 3 1 237
 105 -3 3 131
 15 -4 0 335
 105 3 -2 131
 15 1 2 26
 15 3 0 239
 15 0 -4 313
 15 0 3 283
 15 4 0 274
 15 -1 3 170
 15 1 3 198
 105 -2 -2 278
 105 -1 4 276
 15 2 -3 27
 15 4 -1 22
 15 -3 2 134
 15 3 -1 199
 105 1 -4 263
 105 3 3 122
 15 -3 0 17
 15 -4 -1 35
 105 3 -3 336
 105 -3 -1 237
 15 0 2 22
 15 1 -3 114
 15 -2 3 114
 15 -3 -2 318
 15 -3 1 290
 55 -1 -3 128
 55 -1 1 106
 55 0 -1 182
 55 -2 0 56
 5 1 -1 97
 55 2 -2 263
 55 2 3 251
 55 1 0 71
 55 1 -2 9
 55 -1 0 319
 5 -4 1 172
 55 2 2 93
 55 0 -3 323
 55 -1 -1 56
 55 0 1 150
 55 -2 2 107
 55 2 0 123
 55 1 1 100
 55 2 -1 247
 55 -2 1 168
 55 0 -2 222
 55 2 1 73
 55 -1 2 199
 55 -1 -4 328
 55 -1 -2 223
 5 3 2 320
 5 -3 -3 263
 55 0 0 246
 "contig-ratio-green-core" 0.7777777777777778
 "contig-ratio-red-core" 0.75
 "a-count" 3
 "b-count" 3
 "c-color-count" 25
 "c-express-count" 25
 "d-color-count" 25
 "d-express-count" 25
 "cell-count" 56
 15 1 0 299
 15 -2 1 271
 15 -3 1 289
 15 0 3 116
 15 2 1 149
 15 -1 1 221
 15 0 -1 169
 15 1 2 185
 15 -1 2 194
 15 -2 0 63
 105 -3 -3 298
 15 -3 0 29
 15 -3 -1 2
 15 0 0 126
 15 1 3 193
 15 0 1 294
 15 -1 3 273
 15 1 1 117
 15 -2 2 4
 15 -2 -1 310
 15 0 2 165
 15 3 3 141
 15 2 -1 78
 15 2 0 356
 15 1 -2 270
 15 1 -1 328
 105 3 -3 164
 105 -2 -2 210
 55 2 2 37
 55 0 -4 268
 55 1 4 128
 55 3 2 142
 55 -1 -2 197
 55 -3 3 70
 55 3 1 147
 55 -2 -3 15
 55 -1 -3 74
 55 -1 -4 89
 5 2 -2 291
 55 1 -4 191
 55 -1 4 154
 55 3 0 194
 5 3 -2 198
 55 0 4 274
 55 1 -3 158
 55 -3 2 101
 55 -4 1 6
 55 0 -2 329
 55 4 0 262
 55 4 1 19
 55 -2 -4 108
 55 2 3 46
 5 -4 -1 153
 55 3 -1 196
 55 -4 0 5
 55 0 -3 75
 "contig-ratio-green-core" 0.5
 "contig-ratio-red-core" 0.7647058823529411
 "a-count" 4
 "b-count" 5
 "c-color-count" 23
 "c-express-count" 23
 "d-color-count" 25
 "d-express-count" 24
 "cell-count" 56
 15 -3 -1 14
 15 -4 -1 321
 15 3 -1 320
 15 4 -1 312
 15 1 -1 4
 105 3 -3 202
 15 -3 2 329
 15 -3 -2 8
 15 0 4 60
 15 0 -4 72
 15 -1 3 252
 105 3 3 55
 15 1 -4 27
 15 2 3 308
 15 4 0 205
 15 0 3 293
 15 3 1 87
 105 -1 4 115
 15 1 3 150
 15 2 -3 330
 15 1 4 125
 15 3 -2 72
 15 1 -3 27
 15 2 -2 326
 15 3 0 139
 15 1 -2 336
 15 2 2 215
 15 2 -1 211
 55 2 1 26
 55 0 0 328
 55 -2 2 135
 55 -1 -2 134
 55 2 0 79
 5 -2 -2 64
 55 0 2 225
 55 -3 1 41
 55 4 1 181
 55 0 -1 192
 55 1 2 261
 55 -2 0 297
 55 1 1 333
 55 -3 0 24
 55 -1 0 135
 5 -4 0 271
 55 -1 -4 204
 55 -1 -3 72
 55 -2 -1 119
 55 -2 3 43
 5 -3 -3 300
 55 -2 1 8
 55 -1 2 80
 55 1 0 131
 5 -3 3 178
 5 0 1 164
 55 -1 1 242
 55 -1 -1 356
 "contig-ratio-green-core" 0.7857142857142857
 "contig-ratio-red-core" 0.5454545454545454
 "a-count" 6
 "b-count" 5
 "c-color-count" 24
 "c-express-count" 23
 "d-color-count" 23
 "d-express-count" 22
 "cell-count" 56
 15 3 -1 30
 15 1 -4 265
 15 -3 -2 171
 15 3 3 344
 15 -4 0 346
 105 -3 2 152
 105 4 1 15
 15 -3 0 111
 15 4 0 183
 105 -3 3 8
 15 -1 4 300
 15 1 -3 146
 15 1 -2 102
 15 2 1 196
 105 -3 1 129
 15 0 -3 95
 15 -1 -2 241
 15 -1 -3 359
 15 3 1 287
 15 0 4 236
 15 3 2 11
 15 3 0 239
 15 2 2 317
 15 0 -2 152
 15 -3 -1 260
 15 2 -2 265
 105 -4 1 225
 15 -2 -2 6
 55 0 -1 318
 55 -1 -1 119
 55 0 0 174
 55 1 2 1
 55 -1 2 319
 55 -1 0 163
 55 -1 1 216
 55 -2 0 319
 55 0 1 199
 5 3 -3 235
 5 4 -1 156
 55 1 1 261
 55 1 3 52
 55 -1 -4 138
 55 1 0 359
 55 0 -4 294
 55 -2 3 233
 55 0 2 188
 55 -1 3 310
 55 0 3 237
 55 1 -1 103
 55 2 0 168
 55 -2 2 264
 55 -2 1 237
 55 -2 -1 10
 5 2 -3 231
 5 -4 -1 74
 55 2 -1 24
 "contig-ratio-green-core" 0.9411764705882353
 "contig-ratio-red-core" 0.6
