 "a-count" 8
 "b-count" 5
 "c-color-count" 24
 "c-express-count" 23
 "d-color-count" 22
 "d-express-count" 20
 "cell-count" 56
 105 -4 1 119
 15 -3 0 131
 105 3 3 76
 15 -3 -2 60
 15 2 1 4
 15 3 0 329
 15 1 1 334
 15 -4 -1 174
 15 1 4 328
 105 -3 -1 211
 15 -2 -2 25
 15 4 1 324
 15 -2 3 135
 105 -4 0 351
 15 0 -4 336
 15 -1 -3 312
 105 -3 3 54
 15 0 -3 0
 15 -3 1 315
 15 -3 2 147
 15 3 1 148
 15 3 -1 54
 15 4 0 227
 15 2 0 54
 15 3 2 151
 15 -2 -3 60
 15 1 0 18
 105 1 -3 258
 55 2 2 32
 55 -2 1 253
 55 -1 0 20
 55 1 3 94
 55 -1 1 304
 5 -1 4 184
 55 1 2 158
 55 -1 2 166
 55 -1 3 17
 55 2 3 26
 55 0 -1 354
 55 -2 0 280
 55 0 0 305
 55 0 4 358
 5 -1 -4 144
 55 0 2 169
 55 2 -2 50
 55 0 3 242
 5 -3 -3 31
 55 -2 -1 154
 55 -1 -1 221
 55 0 1 199
 55 -1 -2 295
 55 1 -2 144
 55 -2 2 182
 55 2 -1 154
 5 3 -2 308
 55 0 -2 120
 "contig-ratio-green-core" 0.8235294117647058
 "contig-ratio-red-core" 0.75
 "a-count" 6
 "b-count" 5
 "c-color-count" 24
 "c-express-count" 23
 "d-color-count" 22
 "d-express-count" 22
 "cell-count" 56
 15 -2 3 317
 15 2 0 159
 15 2 -1 156
 15 0 -4 2
 15 -3 1 12
 15 2 1 247
 15 0 -3 226
 105 1 -4 344
 105 -4 0 81
 15 1 -3 231
 15 -3 -3 23
 15 -3 0 135
 15 -3 -1 183
 15 1 -1 11
 15 -3 2 194
 15 -1 -3 33
 15 3 1 333
 15 -4 1 200
 15 1 -2 155
 105 4 -1 284
 15 -2 -2 321
 15 4 0 25
 15 3 0 315
 15 -2 -3 267
 105 -1 4 140
 105 2 -2 353
 105 -4 -1 19
 15 3 2 196
 55 -1 -1 191
 55 -1 1 188
 55 3 -1 52
 55 -2 2 49
 55 0 0 154
 55 1 1 180
 5 2 3 244
 55 1 2 96
 55 0 1 18
 5 2 -3 148
 55 -1 -2 61
 55 0 -2 25
 55 -2 1 213
 55 -1 0 301
 55 0 -1 106
 55 2 2 60
 55 0 4 105
 5 -3 3 104
 55 -2 0 336
 55 1 0 257
 5 1 3 331
 55 -1 2 4
 55 0 3 346
 55 -2 -1 130
 55 -1 3 140
 55 3 3 174
 55 3 -2 326
 55 0 2 237
 "contig-ratio-green-core" 1
 "contig-ratio-red-core" 0.6
