 "a-count" 9
 "b-count" 5
 "c-color-count" 24
 "c-express-count" 23
 "d-color-count" 21
 "d-express-count" 19
 "cell-count" 56
 15 1 2 93
 15 0 3 170
 105 -4 1 47
 15 -2 2 149
 105 -3 1 331
 15 3 0 81
 15 3 1 28
 105 3 -2 117
 15 -1 4 99
 15 -2 -1 241
 15 -1 3 100
 105 -3 2 314
 15 1 3 100
 105 4 1 212
 15 3 -1 235
 15 -2 1 289
 105 -3 -2 228
 105 3 -3 110
 15 -3 -1 56
 15 2 -1 153
 15 -4 0 326
 15 -1 -4 285
 15 3 2 262
 15 -2 0 203
 15 -3 0 111
 15 2 -2 48
 15 0 2 334
 15 2 -3 306
 55 0 4 220
 55 -3 -3 220
 55 1 1 79
 55 0 1 16
 55 1 0 261
 55 1 -1 200
 55 -1 -1 60
 55 -1 0 282
 55 1 -3 40
 55 1 -2 274
 55 2 1 114
 55 -1 1 315
 55 0 -3 177
 5 -4 -1 306
 55 -1 -2 171
 5 -2 -3 106
 5 -3 3 240
 5 0 -2 2
 55 -2 3 292
 55 -2 -2 315
 55 -1 2 104
 55 -1 -3 84
 55 1 4 173
 55 2 0 352
 55 0 0 49
 55 0 -4 121
 55 0 -1 122
 55 3 3 198
 "contig-ratio-green-core" 0.8888888888888888
 "contig-ratio-red-core" 0.8888888888888888
 "a-count" 8
 "b-count" 6
 "c-color-count" 23
 "c-express-count" 22
 "d-color-count" 20
 "d-express-count" 20
 "cell-count" 56
 105 -2 -2 0
 15 -2 3 280
 105 1 -4 329
 15 -1 2 260
 105 0 -4 74
 15 -2 2 246
 15 1 0 283
 105 1 4 188
 15 -1 -4 23
 15 3 -1 210
 105 3 0 252
 15 2 -1 235
 105 3 -3 286
 105 -1 4 121
 15 -4 0 31
 15 3 2 128
 15 1 -3 115
 15 0 -2 19
 15 -4 1 201
 15 0 2 96
 15 2 0 21
 15 1 -2 133
 15 3 1 26
 15 2 1 189
 15 1 -1 10
 15 0 4 339
 105 -1 3 74
 15 0 3 60
 55 1 2 72
 55 -1 1 300
 5 -3 3 47
 5 4 -1 328
 55 -1 -2 65
 5 0 -3 224
 5 4 0 199
 55 0 0 4
 55 1 3 253
 55 -1 0 247
 55 2 -3 286
 55 4 1 341
 55 -3 -1 288
 55 -2 -1 25
 55 0 1 314
 55 3 3 172
 55 -3 1 303
 55 -1 -1 354
 55 -2 1 69
 55 2 3 356
 55 3 -2 337
 5 -1 -3 0
 55 -2 0 59
 55 -3 0 193
 55 0 -1 117
 55 -3 2 99
 55 -3 -2 165
 55 2 2 232
 "contig-ratio-green-core" 0.75
 "contig-ratio-red-core" 0.8333333333333334
 "a-count" 9
 "b-count" 5
 "c-color-count" 25
 "c-express-count" 23
 "d-color-count" 19
 "d-express-count" 19
 "cell-count" 56
 105 1 -1 195
 15 3 2 161
 105 -3 0 179
 15 4 1 86
 15 3 1 248
 15 -2 3 220
 15 3 3 263
 15 -2 -1 65
 105 -3 -1 165
 15 -2 2 302
 105 1 -3 285
 15 -1 1 264
 15 -2 0 134
 105 -1 -4 75
 15 -1 -1 294
 105 2 -2 131
 15 2 2 75
 15 -2 -4 225
 15 0 -4 245
 15 -1 2 79
 105 0 -3 284
 105 2 -3 88
 15 -2 1 8
 15 -1 0 37
 105 1 -4 333
 15 -3 1 343
 15 -1 -2 281
 15 3 0 253
 55 -3 -2 33
 55 0 1 205
 55 -1 -3 209
 55 1 1 151
 5 -3 3 39
 55 -4 1 329
 55 3 -1 11
 55 0 3 162
 55 2 0 330
 55 0 0 301
 55 2 1 230
 55 -2 -2 127
 5 1 3 67
 55 -2 -3 202
 55 1 0 58
 55 2 -1 320
 5 -3 -3 326
 55 2 3 66
 55 -4 0 104
 55 -1 4 174
 55 1 2 115
 55 0 2 149
 55 -4 -1 238
 55 4 -1 141
 55 3 -3 300
 55 -1 3 301
 55 1 4 19
 55 0 4 311
 "contig-ratio-green-core" 0.6
 "contig-ratio-red-core" 0.7647058823529411
 "a-count" 6
 "b-count" 5
 "c-color-count" 23
 "c-express-count" 23
 "d-color-count" 24
 "d-express-count" 22
 "cell-count" 56
 15 0 2 45
 15 3 1 332
 15 2 -1 264
 15 2 0 231
 15 -1 -4 294
 15 -4 0 285
 15 -3 1 131
 15 2 3 19
 15 -3 2 328
 15 3 0 250
 15 -1 4 351
 15 3 2 114
 15 -2 -3 97
 15 -2 3 121
 15 -3 0 169
 15 0 -4 162
 105 4 1 344
 15 2 1 21
 105 1 3 99
 15 -4 -1 152
 15 -3 -2 129
 15 1 1 323
 105 4 -1 166
 15 -3 -1 149
 15 2 2 213
 15 2 -2 238
 15 0 3 161
 105 -4 1 70
 5 2 -3 279
 55 -1 -2 266
 5 -3 -3 285
 55 -2 -2 40
 55 -2 -1 359
 5 1 -3 49
 55 1 -2 108
 55 1 4 291
 55 -1 0 312
 55 0 0 24
 55 -1 2 122
 55 3 3 173
 5 -3 3 201
 55 1 -1 145
 55 3 -3 208
 55 -2 2 131
 55 1 0 57
 55 -1 3 320
 55 0 -1 120
 5 -1 -3 282
 55 3 -2 11
 55 0 4 17
 55 0 1 172
 55 -2 0 251
 55 -1 1 39
 55 0 -2 266
 55 -2 1 130
 55 -1 -1 249
 "contig-ratio-green-core" 0.875
 "contig-ratio-red-core" 0.7222222222222222
