 "a-count" 9
 "b-count" 4
 "c-color-count" 24
 "c-express-count" 24
 "d-color-count" 19
 "d-express-count" 19
 "cell-count" 56
 15 2 -2 70
 15 2 2 308
 15 3 1 133
 15 1 3 359
 105 -4 1 187
 105 -3 -1 316
 15 -3 0 223
 105 -4 -1 161
 15 -2 2 232
 15 -2 -2 36
 15 2 -1 89
 105 -3 -2 172
 15 2 3 234
 15 2 0 118
 15 1 -3 151
 105 4 -1 63
 105 3 -1 298
 15 -2 1 9
 15 3 -2 181
 15 3 0 136
 105 2 -3 309
 15 2 1 204
 15 -2 -1 296
 105 3 2 359
 15 0 3 332
 105 3 -3 88
 15 -2 0 24
 15 -3 1 247
 55 4 0 13
 55 -1 2 130
 55 -1 -2 139
 5 -3 2 205
 55 1 -2 26
 55 -3 3 313
 55 0 2 76
 55 -1 0 271
 55 -1 -4 131
 5 -1 4 75
 55 1 2 187
 55 1 1 141
 55 0 -3 130
 55 0 1 339
 55 3 3 326
 55 1 0 331
 55 0 0 248
 55 -1 -1 82
 55 -2 -3 87
 55 0 -1 0
 5 0 4 96
 55 0 -2 40
 55 -1 3 193
 55 4 1 254
 55 1 -1 100
 5 -3 -3 83
 55 -1 -3 132
 55 0 -4 214
 "contig-ratio-green-core" 0.8235294117647058
 "contig-ratio-red-core" 0.8888888888888888
 "a-count" 8
 "b-count" 4
 "c-color-count" 24
 "c-express-count" 24
 "d-color-count" 20
 "d-express-count" 20
 "cell-count" 56
 15 0 -4 153
 15 -3 1 46
 15 2 -2 80
 15 2 3 96
 15 0 1 281
 15 2 -3 290
 15 -2 -1 211
 105 3 -3 101
 15 1 -4 44
 15 1 1 83
 15 0 2 313
 15 3 1 18
 15 1 3 29
 105 1 2 168
 105 2 2 262
 15 -3 0 318
 105 3 -2 219
 105 3 2 110
 15 3 0 117
 15 -2 -3 17
 15 -3 2 241
 105 -1 -3 218
 15 -1 2 295
 15 -1 1 123
 15 -4 -1 158
 15 -2 1 288
 105 4 0 313
 105 2 1 319
 55 1 -3 84
 55 -1 0 164
 55 -3 -3 78
 55 -1 4 167
 55 -4 1 32
 55 0 0 333
 55 3 -1 120
 5 -1 3 37
 55 1 4 318
 55 2 0 79
 55 0 4 248
 55 0 -2 62
 55 0 -1 53
 55 1 -2 31
 55 -1 -1 232
 55 -4 0 117
 55 2 -1 168
 55 -2 3 86
 55 0 -3 241
 55 -2 2 146
 55 -1 -2 354
 55 1 -1 340
 5 -3 -2 230
 55 0 3 310
 55 1 0 173
 55 -3 3 258
 5 -3 -1 242
 5 -2 -2 126
 "contig-ratio-green-core" 0.8571428571428571
 "contig-ratio-red-core" 0.9411764705882353
 "a-count" 7
 "b-count" 4
 "c-color-count" 25
 "c-express-count" 24
 "d-color-count" 23
 "d-express-count" 21
 "cell-count" 56
 15 -1 -3 107
 15 -3 -2 200
 15 -1 -4 14
 105 3 -3 305
 15 1 -3 111
 105 -3 3 170
 15 2 4 35
 15 -2 1 267
 15 1 3 315
 105 4 -1 207
 15 -2 2 265
 15 -1 4 143
 15 1 -1 347
 15 3 -1 134
 105 -3 2 287
 15 -1 2 259
 15 0 -3 305
 15 0 4 93
 15 -3 -3 129
 105 3 -2 92
 15 0 3 111
 15 2 3 311
 15 -4 1 123
 15 -4 0 345
 15 1 -2 302
 15 4 0 324
 15 2 -1 136
 15 -2 -3 249
 55 1 0 269
 55 -1 1 297
 55 -1 -1 117
 55 0 -1 20
 55 -1 0 340
 55 -1 -2 82
 55 -2 0 142
 55 3 1 310
 55 1 2 286
 55 3 0 24
 5 2 -2 317
 55 -3 -1 279
 55 0 -2 105
 5 3 2 126
 55 0 0 269
 55 2 -3 125
 55 -2 -2 0
 55 -3 0 287
 55 -2 4 106
 55 0 2 31
 55 0 1 255
 55 2 1 297
 55 2 2 22
 55 1 -4 127
 55 4 1 5
 55 -2 -1 112
 5 3 3 80
 55 2 0 57
 "contig-ratio-green-core" 0.9375
 "contig-ratio-red-core" 0.8333333333333334
 "a-count" 9
 "b-count" 7
 "c-color-count" 23
 "c-express-count" 21
 "d-color-count" 21
 "d-express-count" 19
 "cell-count" 56
 15 0 3 323
 15 -2 -1 92
 15 3 -2 138
 15 0 -3 203
 15 -2 1 351
 15 -3 -1 9
 105 -4 -1 339
 15 3 0 313
 15 -1 2 315
 15 -1 -3 285
 105 -2 3 319
 15 0 -4 342
 15 -2 0 179
 15 -1 4 190
 105 -1 -4 211
 105 -3 -3 310
 15 2 -1 225
 15 1 2 110
 15 -3 0 185
 105 4 -1 190
 15 -3 1 6
 105 -3 3 334
 15 2 2 83
 15 3 1 112
 15 2 -2 216
 15 0 2 230
 15 -1 -2 7
 105 4 1 331
 55 -1 1 34
 55 -1 0 353
 55 1 -1 115
 5 1 4 329
 55 2 -3 159
 55 1 3 24
 55 2 0 56
 55 0 -2 186
 55 2 1 104
 55 0 0 216
 55 1 -4 316
 55 0 4 199
 55 1 0 324
 55 -2 -2 87
 55 -3 2 86
 55 -2 -3 344
 55 1 -2 311
 5 3 -1 294
 5 -3 -2 3
 5 2 3 169
 5 3 2 303
 55 0 1 177
 55 -2 2 191
 55 1 1 343
 55 -1 -1 128
 55 1 -3 357
 55 0 -1 117
 55 3 3 119
 "contig-ratio-green-core" 0.9
 "contig-ratio-red-core" 0.9473684210526315
