 "a-count" 6
 "b-count" 5
 "c-color-count" 23
 "c-express-count" 23
 "d-color-count" 22
 "d-express-count" 22
 "cell-count" 56
 15 4 0 213
 15 1 4 304
 15 3 -1 197
 105 -4 0 243
 15 -2 -1 264
 15 1 -4 22
 105 -2 1 250
 105 -2 2 152
 105 4 -1 258
 15 -1 1 322
 15 0 -2 114
 15 0 4 357
 15 4 1 50
 15 0 -4 244
 15 1 -2 186
 15 2 -2 195
 15 2 -1 333
 15 -3 1 138
 15 -1 2 136
 15 0 -3 4
 15 -2 -3 331
 105 1 -3 40
 15 3 0 246
 15 -2 0 332
 15 -3 2 328
 105 -3 -2 75
 15 3 3 261
 15 3 -2 349
 55 1 1 285
 55 -3 3 266
 5 -4 1 142
 55 -1 -3 75
 55 1 2 190
 55 -2 4 244
 55 0 1 320
 5 -1 -4 62
 55 0 -1 278
 55 -1 -1 223
 55 2 0 35
 55 3 1 201
 55 -1 0 98
 55 4 2 161
 55 1 0 134
 55 0 3 95
 55 -1 4 207
 55 2 1 111
 5 -3 -3 178
 5 2 3 347
 55 3 2 270
 55 -2 3 235
 5 -1 -2 227
 55 2 2 303
 55 0 0 90
 55 -1 3 295
 55 0 2 345
 55 1 -1 263
 "contig-ratio-green-core" 0.7058823529411765
 "contig-ratio-red-core" 0.7777777777777778
 "a-count" 4
 "b-count" 4
 "c-color-count" 25
 "c-express-count" 24
 "d-color-count" 24
 "d-express-count" 24
 "cell-count" 56
 15 -2 -2 175
 15 -2 1 159
 15 -1 -3 325
 105 -3 3 310
 15 -1 1 2
 15 -3 0 69
 15 -1 3 184
 15 3 -1 163
 15 0 3 80
 15 -2 2 158
 15 3 0 36
 15 -3 -2 249
 15 -3 1 149
 105 2 -4 324
 15 -1 -2 219
 15 -3 -1 155
 15 2 -3 234
 15 -1 0 42
 15 4 1 66
 15 -2 -3 74
 105 -1 4 62
 15 -2 -1 312
 15 2 -2 256
 15 -2 0 20
 15 -1 2 215
 15 4 -1 158
 105 2 3 82
 15 3 -3 252
 55 2 -1 259
 55 -3 2 251
 55 2 0 210
 55 2 1 99
 55 0 -3 295
 55 -2 3 211
 55 1 -2 279
 55 1 2 106
 55 3 2 28
 5 1 4 139
 55 0 2 254
 55 3 1 42
 55 0 -1 157
 5 -4 -1 345
 55 1 0 41
 5 -4 1 283
 55 1 -4 92
 55 0 -4 238
 55 1 1 295
 55 0 1 290
 55 0 -2 85
 55 1 -3 97
 55 -1 -4 111
 55 1 -1 111
 55 2 2 197
 55 0 0 311
 55 -3 -3 284
 55 1 3 92
 "contig-ratio-green-core" 0.6875
 "contig-ratio-red-core" 0.75
 "a-count" 7
 "b-count" 2
 "c-color-count" 27
 "c-express-count" 26
 "d-color-count" 23
 "d-express-count" 21
 "cell-count" 56
 15 0 4 185
 105 -1 4 111
 15 0 2 154
 15 -4 -2 277
 15 -1 2 353
 15 -1 -3 168
 15 -3 2 143
 105 2 -3 18
 15 -3 -2 100
 15 3 -3 267
 15 2 2 299
 15 -2 -3 326
 15 -2 3 125
 105 1 3 229
 15 -1 3 129
 15 -4 0 346
 15 -3 -1 226
 15 0 3 19
 15 0 -3 251
 105 4 0 337
 15 -4 -1 215
 15 1 -3 201
 15 -2 -2 25
 15 4 1 44
 105 -1 -4 166
 15 3 0 123
 15 -2 2 333
 15 3 -1 333
 55 1 2 322
 55 2 3 314
 55 1 -1 80
 55 1 -2 115
 55 -3 1 16
 55 0 -2 131
 55 -2 -1 49
 55 -1 0 78
 55 -3 0 60
 55 0 1 31
 5 4 -1 152
 55 3 2 25
 55 3 1 321
 55 1 1 134
 55 1 -4 2
 55 -1 -2 140
 55 2 1 231
 55 0 -1 308
 55 -1 1 292
 55 2 -1 158
 55 2 0 60
 55 -3 3 338
 55 0 0 286
 55 0 -4 208
 55 -1 -1 164
 55 2 -2 211
 55 1 0 201
 55 -2 0 275
 "contig-ratio-green-core" 0.7222222222222222
 "contig-ratio-red-core" 0.6111111111111112
 "a-count" 5
 "b-count" 4
 "c-color-count" 25
 "c-express-count" 24
 "d-color-count" 23
 "d-express-count" 23
 "cell-count" 56
 15 -2 0 207
 15 -1 -2 247
 15 3 3 101
 15 2 -3 310
 15 3 -3 212
 15 0 0 122
 15 -2 -1 214
 105 1 -3 314
 15 -1 1 357
 15 -1 -1 51
 105 0 -3 358
 15 2 -2 1
 15 1 2 180
 15 -2 -2 359
 15 0 1 340
 105 -4 -2 143
 15 -2 1 347
 15 -3 -2 148
 15 1 1 113
 15 -3 1 30
 15 -3 2 298
 15 4 -1 15
 105 -1 -4 238
 15 -1 0 224
 15 2 2 304
 15 0 -1 346
 105 -2 3 22
 15 0 2 29
 55 0 3 330
 55 -4 1 15
 55 3 -1 163
 55 2 -1 33
 55 4 1 123
 55 3 2 278
 55 -2 2 127
 55 -3 0 111
 55 -4 0 209
 5 1 3 100
 55 0 4 85
 5 1 4 164
 55 2 0 183
 55 -1 -3 272
 5 -3 -3 69
 55 -4 -1 245
 55 0 -4 339
 55 3 1 275
 55 2 1 135
 55 -2 -3 72
 55 3 0 246
 55 -1 2 232
 55 4 0 47
 55 1 -4 350
 55 1 0 129
 55 1 -2 204
 55 0 -2 226
 55 -3 -1 80
 "contig-ratio-green-core" 0.7619047619047619
 "contig-ratio-red-core" 0.8235294117647058
