 "a-count" 6
 "b-count" 9
 "c-color-count" 20
 "c-express-count" 19
 "d-color-count" 23
 "d-express-count" 22
 "cell-count" 56
 15 -3 -1 152
 15 -1 0 128
 15 3 2 187
 15 0 4 29
 105 3 3 11
 15 -1 -2 323
 15 -2 1 115
 105 1 -3 40
 15 -1 -3 39
 15 -1 1 85
 15 3 1 70
 15 2 2 270
 105 1 4 42
 15 -2 -2 158
 15 -1 -1 263
 15 -3 0 37
 105 -4 1 12
 15 1 3 112
 15 4 0 169
 15 -4 0 174
 15 0 -3 150
 15 -3 2 314
 15 -1 4 220
 15 1 2 254
 15 0 3 18
 105 -2 -1 156
 15 4 1 88
 15 -2 0 349
 55 1 -4 235
 55 2 -2 260
 5 -1 -4 247
 55 1 1 344
 5 2 -3 128
 55 -1 3 238
 55 0 -1 175
 55 2 -1 308
 55 1 -1 95
 5 -1 2 234
 5 3 -2 314
 55 0 2 241
 55 2 1 195
 55 -2 3 31
 5 3 -3 269
 5 -3 -2 110
 55 3 0 239
 55 2 3 169
 55 3 -1 293
 55 0 1 158
 5 4 -1 90
 55 1 0 171
 5 0 -2 169
 55 -4 -1 92
 55 -2 2 309
 55 0 0 335
 55 2 0 224
 55 -2 -3 198
 "contig-ratio-green-core" 0.9166666666666666
 "contig-ratio-red-core" 0.631578947368421
 "a-count" 7
 "b-count" 3
 "c-color-count" 25
 "c-express-count" 25
 "d-color-count" 23
 "d-express-count" 21
 "cell-count" 56
 15 3 -1 155
 105 3 -3 173
 105 1 -3 94
 15 -1 -2 41
 15 -2 -3 339
 15 0 2 14
 15 -1 -4 171
 15 1 2 198
 15 2 -2 205
 15 -1 -1 105
 15 4 1 123
 15 0 -4 226
 15 3 -2 284
 105 3 2 125
 15 -1 3 272
 15 0 3 226
 15 1 3 359
 15 -3 3 150
 105 2 3 267
 105 3 3 107
 15 -1 1 290
 15 -1 0 228
 15 4 0 108
 15 -4 -1 307
 15 3 1 115
 15 -1 2 114
 15 2 -3 358
 15 2 1 311
 55 -1 -3 173
 55 0 1 126
 55 -3 2 313
 5 1 4 178
 55 1 1 107
 55 -4 2 26
 55 -3 -3 245
 55 0 -2 298
 55 -3 1 219
 55 0 -1 174
 55 1 -2 48
 5 0 -3 337
 55 2 -1 94
 55 -1 4 315
 55 0 4 126
 55 2 0 334
 55 -2 2 25
 55 -3 -1 119
 55 -4 0 75
 55 1 0 9
 55 -2 -2 278
 55 2 2 331
 55 -4 1 274
 55 1 -1 215
 55 -3 0 6
 5 -3 -2 311
 55 -2 3 192
 55 0 0 174
 "contig-ratio-green-core" 0.75
 "contig-ratio-red-core" 0.7647058823529411
 "a-count" 5
 "b-count" 7
 "c-color-count" 21
 "c-express-count" 21
 "d-color-count" 23
 "d-express-count" 23
 "cell-count" 56
 15 3 1 325
 15 0 3 21
 15 -2 -1 63
 15 0 -2 93
 15 -4 1 73
 15 -1 -1 83
 15 1 3 212
 105 -1 -3 346
 105 -3 3 98
 15 2 -1 12
 15 -4 0 58
 15 -1 3 20
 15 1 -2 225
 15 4 0 355
 15 -1 -2 92
 105 -2 -3 92
 15 0 4 344
 15 2 -2 312
 15 -2 -2 49
 15 -2 2 307
 15 -3 -1 117
 15 4 1 335
 105 -1 -4 336
 15 3 0 29
 15 2 0 238
 105 -1 4 139
 15 -3 0 104
 15 1 4 161
 5 3 2 336
 55 2 2 94
 5 -2 3 172
 55 -1 1 271
 55 -1 2 114
 55 -2 0 185
 55 0 -4 354
 5 0 -3 36
 55 0 0 293
 55 1 2 233
 55 0 2 281
 55 1 -1 82
 55 2 3 180
 5 1 -3 21
 55 -2 1 184
 55 2 1 252
 55 1 1 247
 55 0 -1 195
 5 4 -1 299
 55 -3 1 247
 5 3 -3 42
 55 -3 -3 58
 55 3 -2 261
 55 -1 0 163
 55 1 -4 277
 5 0 1 41
 55 -4 -1 63
 55 1 0 184
 "contig-ratio-green-core" 0.9333333333333333
 "contig-ratio-red-core" 0.6666666666666666
