 "a-count" 9
 "b-count" 9
 "c-color-count" 19
 "c-express-count" 19
 "d-color-count" 22
 "d-express-count" 19
 "cell-count" 56
 105 0 -3 108
 15 1 0 107
 15 -1 -3 349
 15 3 1 333
 15 2 -3 155
 15 1 -3 142
 105 1 4 3
 15 1 -2 95
 105 4 -1 174
 15 0 2 88
 105 -3 3 176
 15 1 1 202
 15 3 3 314
 15 -2 -2 246
 15 -1 2 187
 15 -1 1 270
 15 1 -1 170
 15 2 1 1
 15 3 2 92
 105 -4 -1 224
 15 0 -2 349
 105 -1 4 37
 15 0 1 317
 15 -1 -2 339
 15 4 0 205
 15 -2 2 81
 15 -3 -3 355
 15 -2 3 296
 55 -3 -1 261
 55 3 -3 179
 5 -3 -2 265
 55 -2 -1 255
 55 2 3 306
 55 1 3 51
 55 -1 0 222
 5 2 -2 221
 55 3 0 204
 5 0 3 12
 5 2 0 328
 55 4 1 232
 55 0 -1 124
 55 -1 -1 348
 5 1 -4 45
 55 0 -4 239
 55 3 -2 265
 55 -2 1 223
 55 -3 1 42
 5 0 4 347
 55 -3 2 140
 55 -3 0 142
 55 -1 -4 10
 5 1 2 117
 5 -1 3 250
 55 3 -1 154
 5 -4 0 354
 55 -2 0 162
 "contig-ratio-green-core" 0.7857142857142857
 "contig-ratio-red-core" 0.6470588235294118
 "a-count" 11
 "b-count" 7
 "c-color-count" 21
 "c-express-count" 21
 "d-color-count" 18
 "d-express-count" 17
 "cell-count" 56
 15 2 1 41
 105 1 2 165
 105 -2 2 192
 105 -4 1 265
 15 0 4 74
 15 0 1 253
 105 -3 3 318
 15 4 1 133
 15 1 1 79
 15 3 -3 33
 15 2 0 171
 15 1 -4 259
 105 -2 3 149
 15 -3 1 340
 15 1 -3 247
 15 1 3 127
 15 0 2 349
 15 -2 1 297
 15 2 2 230
 15 3 1 8
 15 3 -1 1
 105 0 -3 27
 105 3 3 246
 105 -1 4 84
 15 -1 3 269
 105 3 0 317
 15 -1 1 47
 105 0 3 214
 55 1 4 52
 55 2 -1 103
 55 -2 -2 200
 55 3 2 143
 55 1 -2 129
 55 -4 0 272
 55 0 -2 45
 5 -2 -3 92
 5 -3 2 63
 5 -3 -1 294
 55 -2 0 148
 55 0 0 120
 5 -1 -4 316
 55 -1 -3 120
 55 1 -1 179
 55 -1 0 116
 55 1 0 299
 5 -3 -2 130
 5 -4 -1 233
 55 -3 0 161
 55 -1 -2 163
 55 0 -1 164
 55 -1 2 297
 55 -2 -1 268
 55 2 3 349
 55 2 -2 50
 55 3 -2 0
 5 4 0 22
 "contig-ratio-green-core" 0.5714285714285714
 "contig-ratio-red-core" 0.7142857142857143
 "a-count" 6
 "b-count" 4
 "c-color-count" 24
 "c-express-count" 24
 "d-color-count" 27
 "d-express-count" 22
 "cell-count" 56
 15 2 -2 281
 15 1 -3 21
 15 2 -1 136
 15 -1 4 194
 15 -4 0 257
 15 3 1 295
 15 1 -4 83
 15 3 3 233
 15 -2 -2 273
 15 2 2 119
 15 4 -1 313
 15 4 0 7
 15 2 3 301
 15 0 3 212
 15 2 0 188
 15 -1 2 192
 15 1 3 356
 15 -2 2 299
 15 2 1 117
 15 3 0 125
 15 -3 0 139
 15 0 2 277
 15 -3 1 355
 15 -3 3 192
 15 0 -4 323
 105 2 -3 268
 15 -2 -3 144
 15 -4 1 196
 55 3 -1 130
 55 1 2 139
 5 1 4 329
 55 3 2 224
 55 -1 -3 103
 5 -3 -2 253
 55 1 -2 247
 55 -4 -1 128
 55 3 -3 307
 55 0 -2 248
 55 1 -1 152
 55 -1 -2 53
 55 1 1 173
 55 0 1 351
 5 3 -2 263
 55 0 -1 206
 55 -1 0 316
 55 -2 -1 216
 55 1 0 92
 55 0 4 325
 55 -1 3 251
 55 -2 0 151
 55 -3 2 200
 55 -1 1 116
 55 0 -3 105
 55 -3 -1 242
 55 0 0 217
 5 -3 -3 62
 "contig-ratio-green-core" 0.9473684210526315
 "contig-ratio-red-core" 0.85
