 "a-count" 0
 "b-count" 15
 "c-color-count" 13
 "c-express-count" 13
 "d-color-count" 28
 "d-express-count" 28
 "cell-count" 56
 15 -2 -1 176
 15 0 0 241
 15 2 -2 134
 15 -2 -2 181
 15 0 0 191
 15 -1 1 178
 15 0 0 334
 15 -1 0 6
 15 -1 -2 43
 15 -1 -1 75
 15 0 -2 71
 15 2 -1 207
 15 1 0 31
 15 1 -2 29
 15 -1 -3 144
 15 0 -3 64
 15 0 -1 25
 15 0 -1 259
 15 0 0 253
 15 -3 3 147
 15 0 -4 314
 15 -1 0 26
 15 0 1 172
 15 -2 1 169
 15 -2 0 123
 15 -2 -3 42
 15 1 -1 278
 15 -1 0 217
 5 -2 3 157
 55 1 3 38
 55 -1 3 228
 55 2 1 98
 5 3 2 42
 5 -4 1 302
 5 1 2 112
 55 0 4 257
 5 -1 4 261
 55 0 3 168
 55 -1 2 308
 5 -3 1 286
 55 1 1 345
 5 0 2 198
 5 3 -2 292
 55 -3 0 260
 5 -2 2 175
 5 2 -3 4
 55 -1 -4 62
 55 -3 -1 185
 55 2 0 199
 5 -4 0 35
 5 -3 -2 239
 55 -3 2 252
 55 3 0 146
 5 2 2 331
 5 -4 -1 253
 5 -3 -3 251
 "contig-ratio-green-core" 0.7
 "contig-ratio-red-core" 0.42857142857142855
 "a-count" 0
 "b-count" 15
 "c-color-count" 13
 "c-express-count" 13
 "d-color-count" 28
 "d-express-count" 28
 "cell-count" 56
 15 -2 1 98
 15 2 2 5
 15 -2 -1 145
 15 0 2 250
 15 -1 2 183
 15 1 0 264
 15 1 -1 336
 15 1 3 191
 15 -4 0 218
 15 -1 -1 1
 15 1 1 130
 15 0 -2 224
 15 0 3 274
 15 -1 3 325
 15 -1 4 64
 15 -1 1 291
 15 0 1 269
 15 0 -1 302
 15 0 0 226
 15 2 0 27
 15 -3 0 11
 15 1 2 67
 15 2 1 156
 15 -2 0 234
 15 -1 0 357
 15 -2 2 326
 15 -3 -1 123
 15 -1 -2 298
 5 2 -3 244
 5 1 -2 216
 5 -3 -2 259
 55 1 -4 56
 55 0 4 31
 5 -4 -1 197
 55 -3 2 20
 5 1 -3 47
 5 -1 -4 161
 55 0 -3 230
 55 3 1 2
 55 2 -1 131
 5 2 3 241
 5 3 -2 176
 55 -3 3 130
 5 -2 -2 169
 55 2 -2 251
 55 -1 -3 199
 55 0 -4 300
 55 3 2 146
 5 -2 -3 104
 5 -3 1 254
 5 -2 3 83
 5 3 -1 260
 5 4 0 55
 55 3 0 58
 5 -4 1 39
 55 1 4 194
 "contig-ratio-green-core" 0.8
 "contig-ratio-red-core" 0.5625
