 "a-count" 0
 "b-count" 13
 "c-color-count" 15
 "c-express-count" 15
 "d-color-count" 28
 "d-express-count" 28
 "cell-count" 56
 15 4 3 160
 15 -1 -3 99
 15 -2 4 235
 15 -2 3 160
 15 -1 -2 134
 15 3 3 200
 15 -3 1 284
 15 -3 0 322
 15 1 -3 38
 15 0 -2 146
 15 2 -3 46
 15 -2 2 261
 15 1 -2 211
 15 3 -1 262
 15 3 -2 56
 15 -2 -3 0
 15 4 -1 208
 15 -1 -5 253
 15 3 0 186
 15 4 0 24
 15 2 3 294
 15 -1 -4 271
 15 -2 -2 333
 15 0 -4 259
 15 -2 1 183
 15 2 -2 340
 15 -1 2 198
 15 -1 1 275
 55 1 2 148
 55 1 -1 25
 5 -3 2 342
 5 -3 3 101
 5 -3 -1 108
 55 2 2 88
 55 0 0 27
 5 0 3 6
 55 -2 0 69
 55 2 1 307
 5 -4 0 34
 5 -2 -1 128
 5 -1 4 143
 5 1 3 359
 55 -1 -1 356
 5 0 2 265
 5 -3 -2 116
 55 2 0 234
 55 1 0 286
 55 1 1 114
 55 0 -1 341
 55 3 2 86
 5 -4 -1 160
 5 -4 1 299
 55 -1 0 48
 55 3 1 141
 55 2 -1 226
 5 0 4 294
 "contig-ratio-green-core" 0.9166666666666666
 "contig-ratio-red-core" 0.32
 "a-count" 0
 "b-count" 16
 "c-color-count" 12
 "c-express-count" 12
 "d-color-count" 28
 "d-express-count" 28
 "cell-count" 56
 15 2 -2 77
 15 2 1 31
 15 1 -1 300
 15 3 2 82
 15 0 1 182
 15 0 4 207
 15 1 -2 173
 15 3 0 122
 15 3 -1 346
 15 -1 4 149
 15 0 0 351
 15 -1 -2 162
 15 2 -3 125
 15 -1 -1 354
 15 0 -3 99
 15 1 -3 158
 15 -4 -2 29
 15 2 -1 356
 15 3 1 300
 15 -1 1 35
 15 0 -1 108
 15 0 -4 195
 15 0 -2 350
 15 -2 -2 88
 15 2 0 234
 15 -1 0 13
 15 1 1 45
 15 1 0 305
 55 1 3 307
 55 -2 -1 249
 55 -2 0 15
 5 -2 -3 28
 5 -4 1 192
 5 4 0 61
 5 4 -1 335
 5 -3 -3 324
 5 -2 1 278
 5 1 -4 46
 5 3 -2 273
 5 -3 2 14
 55 -3 -2 91
 55 -3 0 81
 5 -1 2 108
 5 -1 -4 306
 55 1 2 84
 55 -4 -1 235
 55 0 3 135
 55 -3 3 352
 55 -3 1 187
 5 0 2 294
 5 -2 2 291
 55 -2 4 174
 5 2 2 218
 55 -2 3 152
 5 -4 0 13
 5 4 1 331
 "contig-ratio-green-core" 0.6363636363636364
 "contig-ratio-red-core" 0.3157894736842105
 "a-count" 0
 "b-count" 18
 "c-color-count" 10
 "c-express-count" 10
 "d-color-count" 28
 "d-express-count" 28
 "cell-count" 56
 15 0 -3 142
 15 -2 -1 109
 15 0 3 12
 15 1 -1 104
 15 -3 -1 114
 15 -1 -1 342
 15 -1 3 102
 15 1 1 276
 15 1 2 155
 15 0 1 164
 15 1 -2 11
 15 2 2 66
 15 -1 2 269
 15 0 -2 289
 15 2 0 145
 15 -2 1 297
 15 -3 -3 198
 15 0 -1 87
 15 -2 0 353
 15 0 2 222
 15 -1 1 231
 15 1 0 53
 15 1 3 30
 15 1 4 321
 15 2 1 356
 15 2 -1 95
 15 -1 0 73
 15 -3 -2 188
 55 3 -1 278
 55 4 2 235
 55 -3 0 302
 5 -3 2 214
 5 2 -2 91
 55 3 -2 184
 55 3 1 328
 5 -2 -3 5
 5 3 2 248
 5 -4 -1 205
 55 4 0 302
 5 3 -3 14
 55 -4 0 263
 5 -1 -3 95
 5 -1 -2 211
 5 -4 1 157
 5 3 3 73
 55 -3 1 280
 55 4 1 145
 5 2 -3 83
 5 1 -3 112
 5 -2 -2 232
 5 -2 2 266
 5 2 3 331
 5 4 -1 319
 5 0 4 292
 5 -2 3 184
 55 3 0 41
 "contig-ratio-green-core" 0.6
 "contig-ratio-red-core" 0.22727272727272727
