 "a-count" 0
 "b-count" 15
 "c-color-count" 13
 "c-express-count" 13
 "d-color-count" 28
 "d-express-count" 28
 "cell-count" 56
 15 -1 -1 322
 15 2 1 135
 15 -1 1 236
 15 2 2 18
 15 0 2 103
 15 2 0 241
 15 1 0 71
 15 1 3 114
 15 3 -3 15
 15 -2 0 215
 15 1 2 53
 15 0 4 26
 15 1 4 112
 15 -3 -1 36
 15 -2 1 230
 15 2 -2 137
 15 2 -1 59
 15 -1 0 44
 15 0 0 155
 15 1 1 14
 15 0 -1 123
 15 0 1 117
 15 0 1 190
 15 1 -2 39
 15 0 3 89
 15 1 -1 293
 15 0 0 38
 15 3 1 141
 5 3 0 4
 55 4 1 183
 55 3 -2 109
 55 0 -4 130
 5 3 -1 176
 5 3 3 151
 5 -3 1 108
 55 -1 -4 259
 5 -1 2 83
 55 0 -2 344
 5 2 3 31
 5 -1 3 341
 55 -1 -3 57
 5 -3 0 22
 55 0 -2 309
 5 0 -3 4
 5 1 -4 207
 5 -3 2 70
 55 -2 -3 0
 5 -2 -1 225
 55 4 0 300
 55 4 -1 83
 5 -1 4 81
 55 -1 -2 81
 55 2 -3 32
 5 -3 -2 320
 5 -2 3 207
 55 1 -3 141
 "contig-ratio-green-core" 0.5
 "contig-ratio-red-core" 0.4375
 "a-count" 0
 "b-count" 19
 "c-color-count" 9
 "c-express-count" 9
 "d-color-count" 28
 "d-express-count" 28
 "cell-count" 56
 15 -3 -2 277
 15 -2 1 299
 15 0 3 244
 15 2 -3 230
 15 2 -1 46
 15 1 -3 77
 15 -3 0 36
 15 -4 -1 49
 15 -1 -4 317
 15 -3 -1 43
 15 2 1 271
 15 -1 2 59
 15 0 1 354
 15 3 0 90
 15 2 0 175
 15 3 -1 143
 15 -2 0 184
 15 1 1 155
 15 2 -2 248
 15 -1 1 263
 15 0 2 67
 15 -3 1 20
 15 0 -3 322
 15 3 1 298
 15 -4 1 63
 15 -2 -1 248
 15 0 -4 328
 15 1 2 266
 5 -3 2 52
 5 -1 -3 327
 5 -1 -2 129
 55 1 3 70
 5 1 -4 27
 55 -1 4 175
 55 0 -2 186
 5 -2 -3 193
 55 1 0 138
 5 -2 2 169
 5 -1 0 36
 5 2 2 167
 5 0 0 284
 5 -2 -4 208
 5 -2 -2 198
 55 1 -1 95
 55 0 -1 264
 5 1 -2 91
 5 -3 3 171
 5 2 3 333
 55 -1 -1 345
 5 3 -2 65
 5 4 0 306
 5 -3 -3 76
 55 -1 5 6
 5 -2 3 103
 5 -1 3 140
 55 0 4 201
 "contig-ratio-green-core" 0.875
 "contig-ratio-red-core" 0.25
 "a-count" 0
 "b-count" 14
 "c-color-count" 14
 "c-express-count" 14
 "d-color-count" 28
 "d-express-count" 28
 "cell-count" 56
 15 1 -2 173
 15 -2 -2 268
 15 3 2 68
 15 -1 -2 339
 15 -2 -4 171
 15 2 -1 280
 15 0 -4 42
 15 4 -1 193
 15 2 -2 80
 15 2 0 194
 15 -2 3 285
 15 -4 0 338
 15 2 1 193
 15 1 0 80
 15 -2 1 271
 15 1 -1 194
 15 3 0 338
 15 3 -1 244
 15 0 -3 163
 15 -2 2 109
 15 4 0 314
 15 -2 -3 6
 15 0 -2 320
 15 -1 2 347
 15 3 1 188
 15 -1 1 210
 15 -3 0 241
 15 -3 1 104
 5 3 3 333
 55 -2 -1 206
 55 -1 0 173
 55 0 0 38
 55 1 1 358
 55 0 1 195
 5 2 2 176
 5 -4 -1 251
 5 2 -3 210
 55 0 3 286
 55 1 2 290
 5 2 3 314
 55 1 3 325
 55 -3 -2 233
 5 -1 4 181
 5 -2 0 30
 55 0 -1 156
 5 0 4 64
 55 3 -3 151
 5 4 1 190
 5 -1 -1 151
 55 1 4 5
 5 1 -4 93
 55 -3 -1 141
 5 -3 2 213
 5 1 -3 191
 5 -3 -3 359
 55 0 2 179
 "contig-ratio-green-core" 0.7272727272727273
 "contig-ratio-red-core" 0.4090909090909091
 "a-count" 0
 "b-count" 17
 "c-color-count" 11
 "c-express-count" 11
 "d-color-count" 28
 "d-express-count" 28
 "cell-count" 56
 15 2 1 124
 15 0 1 170
 15 0 0 131
 15 -4 -1 253
 15 -1 -1 3
 15 -1 -2 35
 15 0 2 318
 15 1 2 343
 15 0 3 211
 15 0 -2 246
 15 1 -1 125
 15 -1 2 154
 15 -1 -3 323
 15 -1 1 26
 15 0 -1 34
 15 2 -1 79
 15 1 -2 127
 15 2 2 106
 15 -1 0 60
 15 1 1 276
 15 3 1 144
 15 0 -3 104
 15 2 0 238
 15 3 0 191
 15 1 3 241
 15 0 -4 226
 15 1 0 81
 15 -4 0 42
 5 4 0 72
 5 2 -2 167
 5 -2 -2 80
 5 -1 -4 259
 55 -3 -1 105
 55 -2 -1 140
 5 2 3 318
 55 -1 3 204
 5 -2 2 338
 55 3 -2 100
 55 -2 0 24
 5 -2 -3 27
 55 -1 4 242
 5 -2 3 343
 5 -3 -2 30
 55 -3 1 131
 5 4 1 333
 5 3 3 82
 5 -3 2 299
 5 -3 3 220
 55 0 4 210
 55 1 4 238
 55 4 -2 98
 5 1 -4 31
 55 -2 1 69
 5 2 -3 237
 5 -4 1 297
 5 -3 -3 280
 "contig-ratio-green-core" 0.75
 "contig-ratio-red-core" 0.4117647058823529
