 "a-count" 0
 "b-count" 21
 "c-color-count" 7
 "c-express-count" 7
 "d-color-count" 28
 "d-express-count" 28
 "cell-count" 56
 15 -1 -1 196
 15 -1 -2 289
 15 -2 -3 24
 15 2 3 140
 15 -1 0 89
 15 1 -1 188
 15 0 -1 291
 15 1 -3 280
 15 0 0 248
 15 1 2 326
 15 1 0 182
 15 -1 1 18
 15 2 1 214
 15 0 3 56
 15 -1 2 291
 15 1 3 171
 15 -2 2 92
 15 2 -1 338
 15 2 0 134
 15 0 2 60
 15 1 1 182
 15 1 -2 267
 15 0 -2 294
 15 -2 -2 283
 15 2 2 268
 15 0 1 39
 15 -1 -3 1
 15 0 -3 116
 55 4 0 206
 5 3 -2 83
 5 -3 -3 115
 55 -3 -1 346
 5 -4 0 147
 55 -2 1 259
 5 0 -4 142
 5 3 3 55
 5 -2 3 215
 5 -3 3 237
 5 -3 1 346
 5 1 -4 240
 5 -3 2 33
 5 3 -1 350
 55 4 1 312
 5 -1 -4 341
 5 -3 -2 105
 5 -4 -1 84
 55 -3 0 88
 55 -2 0 50
 5 3 2 207
 5 2 -3 17
 5 0 4 312
 55 -1 4 274
 5 1 4 23
 5 -4 1 290
 5 3 -3 249
 5 3 0 190
 "contig-ratio-green-core" 0.5
 "contig-ratio-red-core" 0.1111111111111111
 "a-count" 0
 "b-count" 16
 "c-color-count" 12
 "c-express-count" 12
 "d-color-count" 28
 "d-express-count" 28
 "cell-count" 56
 15 0 3 26
 15 1 -2 235
 15 -3 -3 180
 15 2 1 300
 15 0 1 274
 15 -1 2 7
 15 0 4 41
 15 -1 -3 214
 15 0 -2 160
 15 4 0 155
 15 -1 3 51
 15 2 2 247
 15 1 -1 306
 15 -1 -4 214
 15 4 -1 114
 15 1 0 125
 15 0 -3 235
 15 -4 -3 321
 15 1 3 313
 15 0 0 23
 15 1 1 149
 15 1 2 285
 15 3 1 90
 15 -3 3 213
 15 0 2 142
 15 0 -1 246
 15 -2 -3 171
 15 -1 1 92
 55 3 0 207
 55 -3 2 155
 5 -3 0 155
 5 1 4 204
 55 -1 -1 138
 5 -1 4 122
 55 -3 1 90
 55 -2 3 321
 55 2 0 198
 5 3 2 25
 5 -3 -1 100
 55 2 -2 252
 5 3 -3 335
 5 -2 -1 152
 5 -2 -2 154
 55 -2 2 162
 55 -1 0 42
 55 3 -1 236
 55 2 -3 88
 5 4 1 18
 5 -4 1 131
 5 -2 0 347
 5 3 -2 15
 5 1 -3 278
 5 2 3 46
 55 -2 1 118
 5 2 -1 309
 5 0 -4 251
 "contig-ratio-green-core" 1.0909090909090908
 "contig-ratio-red-core" 0.45
