 "a-count" 0
 "b-count" 14
 "c-color-count" 14
 "c-express-count" 14
 "d-color-count" 28
 "d-express-count" 28
 "cell-count" 56
 15 2 2 117
 15 0 -1 105
 15 -2 -3 188
 15 2 1 21
 15 0 0 300
 15 -4 -1 283
 15 -2 1 186
 15 -1 -1 317
 15 -2 -2 249
 15 2 0 115
 15 3 0 198
 15 2 -2 208
 15 1 0 277
 15 3 2 224
 15 1 2 324
 15 0 2 166
 15 1 1 44
 15 -2 0 97
 15 -1 0 319
 15 3 1 199
 15 -2 -1 106
 15 -3 0 259
 15 0 1 160
 15 -1 2 195
 15 -1 1 300
 15 2 -1 124
 15 1 -1 271
 15 -3 -1 297
 5 0 -4 209
 5 1 -4 178
 55 -1 -3 10
 55 0 4 299
 55 1 -2 82
 5 -1 3 193
 5 3 -2 136
 5 -4 0 333
 55 -2 2 247
 55 2 4 48
 5 -3 3 103
 5 4 -1 136
 5 -3 1 127
 55 -1 -4 122
 5 -3 -2 357
 55 0 -3 182
 55 -2 -4 75
 55 -1 4 331
 55 1 4 136
 55 -2 3 109
 5 4 0 235
 55 -1 -2 103
 55 1 -3 218
 5 3 -1 305
 5 -3 -3 331
 55 -3 2 106
 5 0 -2 248
 5 -4 1 243
 "contig-ratio-green-core" 0.6363636363636364
 "contig-ratio-red-core" 0.29411764705882354
 "a-count" 0
 "b-count" 18
 "c-color-count" 10
 "c-express-count" 10
 "d-color-count" 28
 "d-express-count" 28
 "cell-count" 56
 15 0 -3 233
 15 1 -1 109
 15 0 -2 255
 15 1 3 184
 15 0 0 354
 15 2 0 78
 15 4 1 61
 15 -1 -2 168
 15 0 -1 75
 15 -2 -2 299
 15 1 -2 88
 15 0 2 183
 15 3 2 305
 15 2 -1 288
 15 1 1 166
 15 3 1 80
 15 2 -2 314
 15 -1 -3 58
 15 1 2 165
 15 2 2 139
 15 1 4 242
 15 -1 -1 104
 15 2 1 241
 15 2 -3 295
 15 -2 3 120
 15 0 1 238
 15 1 0 66
 15 1 -3 226
 5 0 4 6
 55 3 0 155
 5 -3 0 228
 5 3 -2 86
 55 -4 2 212
 5 4 -1 311
 5 -4 0 90
 55 -1 -4 47
 5 -2 -3 219
 55 -1 0 291
 55 -3 2 115
 5 -4 -1 354
 5 -1 4 27
 5 -3 -2 183
 55 -1 1 94
 5 -1 3 66
 55 -2 2 166
 5 4 0 305
 5 -2 -1 123
 5 -3 -3 315
 55 3 -1 346
 55 0 -4 48
 5 -1 2 259
 5 1 -4 5
 5 0 3 153
 55 -2 1 348
 5 3 3 207
 5 -2 0 308
 "contig-ratio-green-core" 1
 "contig-ratio-red-core" 0.35294117647058826
 "a-count" 0
 "b-count" 17
 "c-color-count" 11
 "c-express-count" 11
 "d-color-count" 28
 "d-express-count" 28
 "cell-count" 56
 15 0 0 301
 15 0 2 60
 15 -1 2 280
 15 -1 0 85
 15 -2 0 259
 15 -1 4 359
 15 2 -1 262
 15 -1 1 278
 15 2 2 103
 15 2 2 113
 15 -3 1 259
 15 1 0 138
 15 3 1 307
 15 -3 0 287
 15 0 3 286
 15 3 0 345
 15 2 0 283
 15 -2 1 147
 15 0 1 217
 15 2 1 9
 15 1 1 336
 15 0 -1 261
 15 -1 3 42
 15 4 1 225
 15 0 2 328
 15 1 -1 18
 15 1 2 185
 15 1 2 349
 5 -2 -2 316
 5 3 2 245
 5 2 -2 68
 55 -2 3 49
 55 -2 -1 130
 5 -4 1 352
 55 3 -2 0
 55 0 4 104
 5 -3 -2 124
 5 0 -3 318
 5 1 -3 146
 5 2 3 216
 5 1 -4 153
 55 -1 -3 318
 5 1 3 343
 55 -1 -4 215
 55 -1 -1 280
 5 -4 0 238
 5 1 -2 252
 55 -1 -2 33
 5 -3 -1 36
 55 -2 2 308
 5 -3 -3 148
 55 4 -2 353
 5 4 0 311
 5 3 3 219
 55 2 3 51
 5 1 4 353
 "contig-ratio-green-core" 0.8888888888888888
 "contig-ratio-red-core" 0.3157894736842105
