 "a-count" 9
 "b-count" 6
 "c-color-count" 24
 "c-express-count" 22
 "d-color-count" 20
 "d-express-count" 19
 "cell-count" 56
 15 3 3 92
 15 -1 3 269
 15 1 -4 352
 15 -3 0 311
 15 -1 2 136
 15 1 0 201
 105 3 -3 63
 15 1 2 53
 15 -1 1 323
 15 2 1 2
 105 -3 1 128
 15 3 2 233
 15 -2 -3 211
 15 2 -3 196
 105 -2 3 68
 105 -4 0 104
 15 3 -2 244
 105 0 2 198
 15 3 -1 21
 15 3 0 206
 105 -3 -2 157
 15 -4 -1 221
 15 3 1 45
 105 -3 2 337
 15 0 1 173
 15 1 1 241
 105 -4 1 45
 15 1 -3 93
 55 0 -1 8
 55 -3 3 349
 55 1 -2 171
 55 -1 -2 50
 55 -2 -2 13
 5 -1 -4 89
 55 0 0 53
 55 2 3 129
 55 -2 0 99
 55 1 3 138
 55 0 3 112
 55 -2 -1 172
 5 0 -3 278
 55 -1 -1 27
 5 4 1 220
 55 1 4 86
 55 2 -2 344
 55 -2 1 214
 5 0 -4 248
 55 0 -2 181
 55 0 4 70
 55 -1 4 43
 55 -3 -1 266
 55 -3 -3 197
 55 2 -1 55
 55 -1 0 233
 55 4 0 49
 55 1 -1 247
 "contig-ratio-green-core" 0.7777777777777778
 "contig-ratio-red-core" 0.9166666666666666
 "a-count" 5
 "b-count" 4
 "c-color-count" 24
 "c-express-count" 24
 "d-color-count" 24
 "d-express-count" 23
 "cell-count" 56
 15 4 1 164
 15 -1 -4 68
 15 -2 -1 308
 15 2 -1 211
 15 2 2 312
 15 -2 0 239
 15 -2 -2 88
 15 -3 -2 175
 105 -1 4 205
 15 2 0 254
 15 2 -3 157
 105 -4 0 330
 15 3 1 278
 105 -4 -1 306
 15 3 -2 163
 15 3 0 259
 15 -1 2 77
 15 -1 -3 21
 15 4 -1 204
 15 3 2 26
 15 2 -2 341
 15 -4 1 154
 15 -2 -1 183
 15 -2 -3 224
 15 3 -1 235
 105 4 0 106
 15 0 4 181
 15 4 2 81
 55 1 4 129
 55 1 -1 24
 55 0 -4 326
 55 0 0 258
 55 -1 0 256
 55 0 -2 79
 55 1 -3 45
 55 -1 -1 276
 55 -1 1 322
 55 1 -2 245
 55 0 -3 181
 5 -2 2 142
 55 0 -1 79
 5 3 -3 192
 55 1 2 280
 55 2 3 128
 55 1 3 255
 55 -1 1 27
 55 0 0 0
 55 -3 1 220
 55 0 -4 22
 55 -1 0 33
 5 -3 -3 223
 55 0 2 25
 55 0 3 171
 5 -1 -4 83
 55 1 -4 60
 55 -1 -2 288
 "contig-ratio-green-core" 0.6
 "contig-ratio-red-core" 0.7368421052631579
 "a-count" 5
 "b-count" 5
 "c-color-count" 24
 "c-express-count" 23
 "d-color-count" 24
 "d-express-count" 23
 "cell-count" 56
 15 -3 -1 310
 15 -2 2 38
 105 -1 -4 295
 15 -2 -2 223
 15 2 4 16
 15 0 4 19
 15 3 0 192
 15 0 3 37
 15 -1 2 98
 105 2 -3 134
 105 3 1 203
 105 1 4 243
 15 -2 1 153
 15 -2 -1 98
 15 0 2 265
 15 4 -1 106
 15 0 0 159
 15 3 -2 302
 15 -1 3 31
 15 -3 2 270
 15 -2 0 106
 15 -3 3 213
 15 -1 1 283
 15 -1 0 158
 15 4 0 54
 15 0 1 76
 15 1 1 272
 15 3 3 236
 55 1 -2 236
 55 1 -4 35
 55 -1 -1 164
 5 -4 -1 256
 55 -3 0 200
 55 3 -1 299
 55 2 -1 348
 55 1 3 352
 55 -3 1 299
 55 1 -1 205
 55 -1 4 7
 55 0 -3 30
 5 1 -3 313
 55 -1 -2 336
 5 3 -3 206
 55 -2 3 313
 55 -4 0 274
 55 -2 -3 279
 55 0 -1 81
 55 2 1 207
 55 2 -2 38
 5 -3 -2 356
 55 -4 1 24
 55 -3 -3 70
 55 2 3 312
 55 2 0 155
 55 -1 -3 354
 55 0 -2 336
 "contig-ratio-green-core" 0.8823529411764706
 "contig-ratio-red-core" 0.6842105263157895
 "a-count" 5
 "b-count" 4
 "c-color-count" 24
 "c-express-count" 24
 "d-color-count" 24
 "d-express-count" 23
 "cell-count" 56
 105 -3 3 29
 15 -1 -1 96
 105 3 2 77
 15 -3 -2 303
 15 -4 0 134
 105 -4 -1 189
 15 -1 4 14
 15 -1 1 326
 15 -2 -1 15
 15 3 -3 40
 15 -4 1 335
 15 -1 -2 122
 15 1 0 223
 15 0 4 21
 15 3 1 180
 15 0 -1 5
 15 -1 0 202
 15 0 -1 32
 105 1 2 10
 15 3 -4 100
 15 0 -2 146
 15 1 3 122
 15 0 3 237
 15 -3 2 82
 15 -1 -4 33
 15 1 -1 226
 15 2 1 45
 15 -2 -2 167
 55 1 -2 204
 5 4 -1 301
 55 0 -4 166
 55 3 0 149
 55 2 -1 66
 5 -2 3 164
 55 -3 -1 44
 55 -2 1 261
 55 3 -1 15
 55 0 -3 181
 55 -1 -3 254
 5 -2 -3 61
 55 2 -2 217
 55 -3 0 151
 55 1 -5 3
 55 -2 0 72
 55 1 4 68
 55 1 -3 26
 5 -3 -3 7
 55 3 -2 226
 55 2 -1 268
 55 1 -4 254
 55 -1 2 260
 55 -1 3 358
 55 2 -3 16
 55 -2 2 48
 55 -3 1 197
 55 2 -3 178
 "contig-ratio-green-core" 0.7368421052631579
 "contig-ratio-red-core" 0.85
