 "a-count" 6
 "b-count" 10
 "c-color-count" 19
 "c-express-count" 18
 "d-color-count" 24
 "d-express-count" 22
 "cell-count" 56
 15 2 -3 46
 15 -2 0 272
 105 3 2 183
 15 -2 1 277
 105 1 4 203
 15 -3 2 63
 15 4 1 191
 15 4 -1 316
 15 -3 -2 192
 15 3 0 132
 15 3 1 134
 105 2 -4 33
 15 1 -4 109
 15 -1 1 154
 15 0 -4 111
 15 0 -3 153
 15 1 -3 182
 15 -4 1 130
 15 -4 0 170
 105 -3 -1 43
 15 -1 -2 304
 15 -3 0 48
 15 0 1 286
 15 1 1 55
 15 1 2 83
 15 2 1 93
 15 4 0 198
 15 -1 4 342
 5 -2 3 51
 55 3 -1 213
 55 2 -1 145
 5 -3 -3 211
 5 3 -2 321
 55 1 -1 10
 55 3 -3 83
 55 1 -2 251
 55 0 -2 29
 5 -2 -3 283
 5 -2 2 99
 55 0 2 317
 5 3 3 293
 55 1 0 137
 5 -1 -3 206
 55 0 -1 224
 55 0 0 33
 55 2 -2 234
 55 1 -2 251
 55 -1 -1 325
 55 2 0 110
 5 2 2 101
 55 -1 0 128
 55 0 -1 102
 5 -2 -2 72
 55 -1 3 268
 55 2 -2 356
 55 -1 -1 22
 "contig-ratio-green-core" 0.8571428571428571
 "contig-ratio-red-core" 0.6470588235294118
 "a-count" 9
 "b-count" 9
 "c-color-count" 21
 "c-express-count" 19
 "d-color-count" 20
 "d-express-count" 19
 "cell-count" 56
 15 -2 -1 49
 15 2 3 270
 15 2 -1 223
 15 3 -1 97
 15 3 -2 170
 105 -3 -1 56
 105 2 -2 2
 15 -2 1 322
 15 0 3 132
 15 -2 -2 230
 15 -3 2 228
 15 2 -3 115
 105 1 -3 145
 105 -4 -1 12
 105 1 -4 135
 105 1 3 318
 15 -3 3 148
 15 3 -3 19
 15 4 1 189
 15 0 4 185
 15 -3 1 327
 15 -1 -2 193
 105 -1 -3 254
 105 1 4 134
 15 -2 0 218
 15 -1 -1 187
 15 1 2 227
 15 0 -3 265
 55 -4 0 114
 55 -1 4 28
 55 0 0 76
 55 2 0 186
 55 1 1 313
 55 3 3 273
 55 3 2 215
 55 -1 2 264
 5 0 -1 185
 55 1 0 351
 5 2 2 194
 55 -1 -4 182
 55 -1 1 285
 55 -2 2 208
 55 -3 -2 271
 55 3 1 142
 5 -2 3 104
 55 -1 0 263
 55 3 0 193
 5 -4 1 91
 55 1 -2 28
 55 -3 -3 78
 5 2 1 38
 55 0 2 206
 55 4 -1 264
 5 4 0 325
 5 1 -1 281
 55 0 1 308
 "contig-ratio-green-core" 0.6875
 "contig-ratio-red-core" 0.7333333333333333
 "a-count" 11
 "b-count" 2
 "c-color-count" 27
 "c-express-count" 26
 "d-color-count" 20
 "d-express-count" 17
 "cell-count" 56
 15 2 3 39
 15 -3 0 215
 15 -2 0 22
 15 -3 -3 338
 105 3 2 160
 15 -1 -3 72
 105 -3 1 327
 15 1 3 259
 15 -3 -1 311
 15 0 4 229
 105 1 4 276
 15 -4 -1 306
 15 3 -2 2
 15 3 -3 84
 15 -1 -4 242
 15 0 -4 6
 105 1 -4 190
 105 -3 2 149
 15 -1 4 133
 15 -4 0 358
 105 -3 3 255
 15 2 2 335
 105 4 0 324
 15 -2 1 169
 105 -2 -3 204
 15 -2 -1 126
 15 3 -1 198
 15 3 0 239
 55 0 3 251
 55 2 -2 81
 55 -1 0 176
 55 0 1 357
 55 -2 4 83
 55 -1 2 119
 55 -1 3 122
 55 0 0 305
 55 3 1 79
 55 1 -2 105
 55 2 1 309
 5 4 -1 330
 55 0 -3 141
 55 2 -3 50
 55 2 -1 324
 55 1 2 358
 55 1 0 217
 55 1 -1 230
 55 2 0 272
 55 -1 1 274
 55 0 2 74
 55 -1 -1 31
 55 -2 -2 48
 55 0 -2 107
 55 -1 -2 328
 55 0 -1 161
 55 1 -3 15
 55 1 1 322
 "contig-ratio-green-core" 0.7647058823529411
 "contig-ratio-red-core" 0.9333333333333333
