 "a-count" 7
 "b-count" 4
 "c-color-count" 24
 "c-express-count" 24
 "d-color-count" 23
 "d-express-count" 21
 "cell-count" 56
 15 -2 1 57
 15 4 1 27
 105 1 -4 59
 15 2 -1 4
 105 -1 -4 148
 15 0 0 106
 15 -1 1 187
 15 4 0 55
 15 -1 4 129
 15 -2 0 10
 15 0 -3 102
 15 -4 -1 41
 15 0 1 195
 15 3 -3 30
 15 3 3 69
 15 2 3 306
 105 1 -1 35
 15 -3 -2 247
 15 0 4 184
 15 0 -1 56
 15 4 2 122
 105 1 -2 213
 15 -1 0 211
 15 -1 -1 42
 15 0 -4 35
 15 -3 3 215
 105 3 -1 196
 15 -2 2 268
 55 3 1 194
 5 4 2 340
 55 2 0 113
 55 1 1 100
 55 2 2 227
 5 -3 1 33
 5 2 -2 352
 55 -3 0 323
 55 -2 -1 295
 55 3 0 336
 55 -4 0 237
 55 2 2 133
 55 -1 3 163
 55 -1 -2 175
 55 3 2 345
 55 -2 3 9
 55 3 2 269
 55 1 3 217
 55 0 3 153
 55 -3 -1 1
 55 -2 -2 336
 55 2 3 98
 55 4 -1 248
 55 1 0 184
 5 1 -3 239
 55 0 2 63
 55 2 1 186
 55 1 2 226
 "contig-ratio-green-core" 0.75
 "contig-ratio-red-core" 1.0625
 "a-count" 6
 "b-count" 7
 "c-color-count" 21
 "c-express-count" 21
 "d-color-count" 25
 "d-express-count" 22
 "cell-count" 56
 15 1 -4 110
 15 0 1 247
 105 2 3 130
 15 -1 1 3
 105 3 3 242
 15 -2 1 152
 15 4 1 150
 15 -2 -2 262
 15 0 -4 314
 15 -2 2 245
 15 2 -2 226
 15 -3 -2 138
 15 0 2 76
 15 0 -3 100
 15 4 0 33
 15 1 -3 212
 15 -3 1 280
 15 3 -3 274
 15 -1 3 187
 105 -1 -3 214
 15 -1 2 176
 15 1 -2 146
 15 4 -1 138
 15 1 2 228
 15 0 3 5
 15 -4 -2 1
 15 3 2 179
 15 2 2 224
 55 0 -1 271
 55 2 -1 310
 55 1 -1 195
 55 3 -1 340
 55 0 0 4
 55 3 1 56
 55 -1 0 341
 55 2 1 80
 5 1 3 122
 55 -4 1 107
 55 4 2 63
 55 -4 0 36
 5 -2 3 149
 55 3 0 123
 5 -2 -3 134
 5 -3 2 214
 55 0 -2 229
 5 1 4 244
 55 1 0 323
 55 1 1 58
 55 -1 -2 15
 5 -3 -3 259
 55 -2 0 106
 55 -3 0 303
 55 -3 -1 303
 55 -2 -1 92
 55 2 0 339
 5 -3 3 308
 "contig-ratio-green-core" 0.8235294117647058
 "contig-ratio-red-core" 0.7894736842105263
 "a-count" 5
 "b-count" 4
 "c-color-count" 24
 "c-express-count" 24
 "d-color-count" 23
 "d-express-count" 23
 "cell-count" 56
 15 -2 -1 223
 15 2 -2 5
 15 0 4 337
 105 2 -3 322
 15 -1 4 324
 15 -3 3 293
 15 2 3 81
 15 4 -1 203
 15 4 1 77
 15 0 -4 334
 15 -3 2 261
 15 1 -2 182
 15 -1 -1 107
 15 -2 2 154
 105 1 4 158
 15 1 3 148
 105 1 -4 14
 105 -4 2 100
 15 3 -1 230
 15 -4 1 150
 15 3 0 23
 15 -3 1 192
 15 -2 1 135
 15 4 0 298
 105 3 3 264
 15 -3 -2 72
 15 -2 3 319
 15 2 2 341
 55 1 2 278
 55 -1 2 62
 55 0 -2 117
 5 1 -3 301
 55 -3 -1 341
 55 1 0 278
 55 -1 -3 224
 55 -1 1 41
 55 -1 3 127
 55 2 1 125
 55 -2 4 51
 55 3 1 315
 55 2 0 38
 5 3 -3 229
 55 2 -1 116
 55 0 1 113
 55 -4 -1 253
 55 -1 0 53
 5 -1 -4 347
 55 -2 -3 260
 55 0 -1 109
 55 0 0 353
 5 -3 -3 4
 55 0 2 5
 55 0 3 340
 55 1 -1 309
 55 1 1 29
 55 0 -3 243
 "contig-ratio-green-core" 1
 "contig-ratio-red-core" 0.8
 "a-count" 8
 "b-count" 4
 "c-color-count" 24
 "c-express-count" 24
 "d-color-count" 21
 "d-express-count" 20
 "cell-count" 56
 105 -4 0 4
 15 -2 3 1
 15 -1 3 287
 15 -4 1 272
 15 0 4 40
 15 0 3 71
 15 0 1 74
 105 -4 -1 139
 15 2 -3 50
 15 3 1 131
 15 2 1 120
 15 1 1 244
 15 -2 0 246
 15 1 2 25
 15 1 3 77
 105 -1 4 12
 105 -3 -3 150
 105 -3 2 337
 15 2 -2 313
 105 -3 3 116
 15 -2 -1 219
 15 1 -3 355
 15 2 2 179
 105 3 2 317
 15 3 3 242
 15 -3 1 262
 15 -2 -2 322
 15 0 2 193
 55 1 -2 253
 55 -1 1 43
 55 0 -4 176
 55 0 -2 48
 55 1 0 106
 55 1 -1 14
 55 -1 2 18
 55 -2 -3 274
 55 2 0 347
 55 3 0 29
 55 -1 0 151
 5 1 -4 154
 55 -2 2 151
 55 -1 -3 272
 55 0 -1 298
 55 0 0 85
 55 2 -1 258
 55 -2 1 58
 5 3 -1 212
 55 0 -3 8
 55 2 3 337
 55 -1 -2 344
 55 -3 -1 218
 5 4 1 133
 55 -1 -1 354
 55 -3 0 26
 5 4 0 339
 55 4 -1 121
 "contig-ratio-green-core" 0.65
 "contig-ratio-red-core" 0.8823529411764706
