 "a-count" 8
 "b-count" 7
 "c-color-count" 23
 "c-express-count" 21
 "d-color-count" 22
 "d-express-count" 20
 "cell-count" 56
 15 -1 -2 18
 15 2 1 161
 15 0 -2 60
 15 -1 -4 355
 105 3 -3 291
 15 1 -1 84
 15 -4 0 11
 105 0 4 62
 15 1 0 125
 15 -3 -1 151
 105 -1 4 171
 105 2 -3 105
 15 -2 -1 226
 15 2 0 215
 15 0 -1 153
 15 -4 1 177
 15 -1 3 148
 15 3 -1 290
 105 3 1 215
 15 2 2 299
 15 0 3 325
 15 3 3 330
 105 0 -4 230
 15 -1 -1 104
 15 1 1 138
 15 1 2 121
 15 -2 3 72
 15 2 -1 200
 55 -3 1 312
 55 1 -2 37
 5 1 -4 167
 55 -1 1 209
 55 1 4 251
 55 -1 0 51
 55 -1 2 12
 55 -4 -1 95
 55 0 2 266
 55 1 3 94
 5 -2 -2 46
 55 -2 1 248
 55 0 -3 115
 55 1 -3 16
 55 -2 2 121
 5 -3 2 163
 55 4 1 243
 55 2 -2 316
 55 -1 -3 187
 55 2 3 311
 5 -3 -3 239
 5 -3 3 322
 55 4 0 19
 55 -2 0 263
 55 -3 -2 329
 55 0 0 59
 55 -3 0 340
 55 4 -1 247
 "contig-ratio-green-core" 1
 "contig-ratio-red-core" 0.8421052631578947
 "a-count" 9
 "b-count" 6
 "c-color-count" 23
 "c-express-count" 22
 "d-color-count" 20
 "d-express-count" 19
 "cell-count" 56
 15 -1 3 144
 15 0 -2 340
 105 3 1 254
 15 3 3 222
 15 -1 -3 305
 15 4 0 228
 105 3 -2 136
 15 -4 0 124
 105 -3 2 297
 15 -1 -2 27
 105 -2 3 336
 15 -3 1 115
 15 -1 -4 150
 105 -3 3 215
 15 0 3 100
 15 1 -1 107
 15 2 1 306
 15 0 4 302
 15 1 4 239
 15 2 0 199
 105 2 -2 139
 15 3 2 132
 105 -4 1 91
 15 2 -1 23
 15 0 -4 143
 105 1 -4 292
 15 1 0 266
 15 2 -3 145
 5 -2 2 118
 55 0 1 108
 55 -2 -1 2
 55 0 -1 177
 55 1 2 145
 55 -1 0 73
 55 -3 -1 10
 55 -3 -3 187
 55 0 0 10
 5 -4 -2 221
 5 3 0 77
 55 -2 0 278
 55 -2 1 60
 55 -1 -1 160
 55 0 2 15
 55 -1 1 348
 55 4 -1 32
 55 2 2 320
 55 -1 2 112
 55 1 1 195
 55 -3 -2 221
 5 1 -3 212
 55 -2 -2 119
 55 2 3 19
 55 -4 -1 334
 55 3 -3 211
 55 -3 0 121
 5 -1 4 313
 "contig-ratio-green-core" 0.7857142857142857
 "contig-ratio-red-core" 0.8
 "a-count" 11
 "b-count" 1
 "c-color-count" 27
 "c-express-count" 27
 "d-color-count" 17
 "d-express-count" 17
 "cell-count" 56
 15 2 2 78
 105 1 4 119
 105 -2 3 236
 105 2 -3 27
 15 2 -2 246
 15 4 -1 108
 105 -1 4 88
 15 0 2 207
 105 3 3 99
 105 -3 3 143
 105 3 -3 338
 15 2 1 131
 15 1 -3 95
 15 -4 1 329
 15 -4 0 56
 105 -1 -3 6
 105 -2 -3 282
 105 0 -4 158
 15 0 -3 60
 15 -1 -2 345
 15 3 -1 267
 15 -3 -3 85
 15 1 2 352
 15 -2 -2 115
 15 -4 -1 293
 105 -3 2 102
 15 2 0 333
 15 2 -1 40
 55 4 1 281
 55 1 1 11
 55 -3 0 233
 55 -1 -1 238
 55 -3 1 212
 55 2 3 324
 55 1 -4 99
 55 4 0 175
 55 4 2 225
 55 -1 0 28
 55 -2 -1 224
 55 1 -1 353
 55 3 2 94
 55 -1 3 150
 55 1 -2 248
 55 -3 -2 72
 55 0 0 250
 55 -2 0 172
 55 -3 -1 350
 55 -2 1 212
 55 0 1 327
 55 0 -2 78
 55 -1 1 264
 55 -1 2 240
 55 -4 -2 129
 55 0 -1 315
 55 1 0 284
 5 1 3 283
 "contig-ratio-green-core" 0.8421052631578947
 "contig-ratio-red-core" 1.3
