 "a-count" 12
 "b-count" 4
 "c-color-count" 25
 "c-express-count" 24
 "d-color-count" 18
 "d-express-count" 16
 "cell-count" 56
 105 -4 1 248
 15 1 3 342
 15 0 -4 65
 15 -2 1 282
 15 -2 2 233
 105 -3 0 217
 15 -3 1 340
 105 3 -3 189
 15 2 -2 42
 105 2 -3 331
 105 -1 -3 165
 15 -1 2 333
 15 -2 -2 64
 15 -2 3 189
 15 3 2 82
 105 -3 3 145
 105 4 0 200
 15 0 4 77
 15 0 3 0
 15 4 -1 138
 15 -1 3 329
 105 -2 -3 28
 15 4 1 66
 105 1 -3 314
 105 -3 -3 64
 15 1 -2 271
 15 3 -2 162
 15 3 1 145
 5 2 0 191
 55 -1 1 287
 55 1 -1 118
 55 -2 -1 192
 55 1 0 229
 55 0 -2 115
 55 3 -1 260
 55 -2 4 138
 55 0 1 100
 55 -1 0 277
 55 2 3 193
 5 -4 0 67
 55 1 2 350
 55 0 -3 303
 55 -1 -1 47
 5 -1 -4 266
 55 0 -1 120
 55 -3 2 130
 55 1 -4 299
 55 -1 -2 353
 55 0 2 114
 55 2 -1 332
 55 2 1 175
 55 -2 0 23
 55 1 1 52
 55 3 0 31
 55 0 0 82
 55 2 2 214
 "contig-ratio-green-core" 0.8
 "contig-ratio-red-core" 0.9411764705882353
 "a-count" 6
 "b-count" 4
 "c-color-count" 24
 "c-express-count" 24
 "d-color-count" 22
 "d-express-count" 22
 "cell-count" 56
 15 3 0 136
 15 0 -1 281
 15 -2 -3 87
 15 -1 1 43
 15 -1 -2 37
 15 -2 -2 272
 15 -2 2 88
 15 0 4 314
 15 -3 1 202
 105 0 3 272
 15 0 1 225
 105 -1 0 154
 15 3 -2 249
 15 -1 -1 178
 15 -1 -3 297
 15 0 0 183
 15 1 2 55
 15 4 0 205
 15 -3 2 122
 15 3 1 7
 105 -1 -4 251
 105 4 1 140
 15 -1 3 134
 105 -1 2 69
 15 -2 1 267
 15 -2 -1 51
 105 2 -3 136
 15 3 -1 94
 55 1 -4 278
 55 -4 0 50
 55 -3 -2 148
 55 1 1 357
 55 -1 4 306
 55 2 -1 194
 5 1 4 303
 55 0 -4 267
 5 3 2 228
 55 0 -3 29
 5 3 -3 299
 55 -3 -3 261
 55 2 3 152
 55 1 -3 173
 55 1 -1 113
 55 2 2 225
 55 2 -2 246
 5 3 3 312
 55 1 -2 324
 55 -3 -1 351
 55 -4 -1 132
 55 -4 1 47
 55 2 0 179
 55 1 0 136
 55 -2 3 112
 55 -3 0 199
 55 2 1 256
 55 0 -2 78
 "contig-ratio-green-core" 0.65
 "contig-ratio-red-core" 0.8333333333333334
 "a-count" 8
 "b-count" 2
 "c-color-count" 26
 "c-express-count" 26
 "d-color-count" 21
 "d-express-count" 20
 "cell-count" 56
 15 1 -2 64
 15 -1 5 262
 15 0 -2 281
 15 3 1 293
 105 -2 3 21
 15 3 -2 5
 15 2 3 150
 15 2 1 77
 15 -4 0 254
 15 2 -3 324
 15 -3 2 307
 15 -4 -1 45
 15 3 0 353
 105 2 0 146
 105 -1 -4 306
 105 -1 -3 107
 105 -3 1 253
 15 2 -2 92
 15 -2 1 66
 15 -3 -1 262
 105 1 -4 134
 15 -2 -4 82
 15 2 2 215
 105 2 -1 240
 15 1 -1 129
 15 1 0 211
 15 -3 0 218
 15 3 -1 61
 55 -2 0 125
 55 -3 -2 14
 55 4 -1 322
 55 -1 0 269
 55 -1 3 29
 55 4 1 224
 55 0 2 34
 55 1 4 188
 5 -2 2 346
 55 -2 -3 22
 55 3 -3 58
 55 0 4 293
 55 1 2 298
 55 -1 4 247
 55 1 1 234
 55 -1 2 119
 55 0 3 63
 55 -1 -1 321
 55 -1 1 29
 55 0 0 274
 5 -3 -3 12
 55 -1 -2 293
 55 4 0 81
 55 1 3 49
 55 -2 -2 11
 55 -2 -1 93
 55 0 1 241
 55 0 -1 105
 "contig-ratio-green-core" 0.7647058823529411
 "contig-ratio-red-core" 0.7777777777777778
 "a-count" 10
 "b-count" 3
 "c-color-count" 26
 "c-express-count" 25
 "d-color-count" 19
 "d-express-count" 18
 "cell-count" 56
 105 -3 0 208
 15 -1 3 255
 15 0 3 269
 15 3 -1 57
 105 1 4 292
 15 1 -3 249
 105 -4 -1 96
 105 3 3 180
 105 -3 -2 216
 105 3 -3 258
 15 -3 3 170
 105 -1 4 91
 15 2 -2 75
 15 2 -1 214
 15 4 -1 192
 15 -2 3 134
 105 -2 -1 285
 15 -2 0 127
 15 -3 2 325
 15 -1 -1 208
 15 0 -4 321
 15 2 -3 242
 15 3 2 99
 15 -3 1 108
 15 4 0 69
 105 3 -2 26
 15 -3 -3 8
 15 -1 0 299
 55 1 -2 346
 55 0 -1 249
 55 2 0 96
 55 0 -2 165
 55 3 0 208
 55 1 3 331
 55 1 1 299
 55 -1 -2 271
 55 -2 2 315
 55 2 2 237
 55 0 -3 350
 55 -4 1 351
 55 -2 1 160
 5 -1 -4 124
 55 0 2 233
 55 1 2 83
 55 0 0 287
 5 1 -4 295
 55 -3 -1 137
 55 2 3 213
 55 -1 2 170
 55 0 1 287
 55 1 0 267
 55 -2 -3 297
 55 -2 -2 111
 55 3 1 207
 55 -1 1 278
 55 2 1 264
 "contig-ratio-green-core" 0.8823529411764706
 "contig-ratio-red-core" 1
