 "a-count" 8
 "b-count" 5
 "c-color-count" 23
 "c-express-count" 23
 "d-color-count" 20
 "d-express-count" 20
 "cell-count" 56
 15 1 -3 181
 15 1 4 234
 15 1 3 322
 105 4 -1 204
 105 1 -4 244
 15 0 3 101
 15 2 -1 170
 15 3 0 173
 15 -3 0 115
 15 -2 -2 227
 15 -1 4 184
 15 -4 1 341
 15 2 2 19
 15 0 -4 297
 15 4 0 215
 15 0 -3 165
 105 4 1 41
 105 -2 -3 68
 15 2 3 151
 15 -2 0 229
 105 0 4 123
 105 -3 -1 92
 105 -1 -4 173
 15 -4 0 275
 15 -4 -1 55
 15 3 1 61
 105 3 2 285
 15 1 -2 172
 55 1 1 109
 5 2 -3 172
 55 0 -2 236
 55 -1 -2 155
 55 2 4 193
 55 0 2 33
 5 -3 2 298
 55 0 -1 210
 55 -1 3 56
 55 -3 1 173
 55 -1 2 65
 55 1 0 30
 55 -2 2 160
 55 -1 0 116
 55 2 0 119
 5 -3 3 110
 55 -1 -1 64
 5 3 -3 268
 55 -1 -3 8
 5 3 -2 151
 55 1 2 36
 55 0 1 342
 55 2 1 271
 55 1 -1 98
 55 -2 3 203
 55 -1 1 63
 55 -2 1 41
 55 0 0 129
 "contig-ratio-green-core" 0.9285714285714286
 "contig-ratio-red-core" 0.6842105263157895
 "a-count" 9
 "b-count" 4
 "c-color-count" 26
 "c-express-count" 24
 "d-color-count" 21
 "d-express-count" 19
 "cell-count" 56
 15 2 -3 303
 105 -3 -2 16
 15 -3 0 25
 105 0 -4 149
 15 3 3 80
 15 1 2 107
 15 2 -1 236
 15 -1 -2 65
 15 -3 -3 321
 15 0 -2 68
 15 -2 2 323
 15 -1 -3 53
 15 -2 -1 79
 15 -3 -1 209
 15 0 -3 212
 105 -4 -1 85
 15 2 2 126
 15 1 3 22
 15 -1 4 5
 15 -4 0 8
 105 -1 -4 254
 15 2 -2 202
 15 4 0 68
 105 4 -1 230
 105 3 -3 221
 15 -4 1 31
 15 4 1 87
 105 1 -3 131
 55 1 4 165
 55 -2 0 353
 55 -3 1 234
 55 0 4 11
 55 1 -1 53
 5 -2 3 178
 55 -1 0 180
 5 3 -2 138
 55 3 0 302
 55 1 1 71
 55 -1 3 125
 55 2 3 232
 55 -1 -1 133
 55 -2 -2 112
 55 2 1 238
 55 3 1 286
 55 -2 -3 202
 55 3 2 334
 55 0 1 255
 55 1 0 11
 55 0 2 223
 55 0 -1 272
 55 0 3 111
 55 -2 1 342
 55 2 0 166
 55 -1 2 136
 55 -1 1 243
 55 0 0 126
 "contig-ratio-green-core" 0.8
 "contig-ratio-red-core" 1.1428571428571428
 "a-count" 10
 "b-count" 5
 "c-color-count" 23
 "c-express-count" 23
 "d-color-count" 18
 "d-express-count" 18
 "cell-count" 56
 15 2 -1 313
 15 1 2 201
 15 -1 2 102
 105 1 4 323
 15 1 -2 43
 105 0 4 344
 105 3 2 82
 105 4 1 74
 15 2 0 310
 15 -3 -2 261
 15 -1 3 188
 15 2 3 357
 15 3 -1 30
 15 -2 -1 27
 15 0 2 191
 15 2 1 345
 15 3 1 298
 15 2 2 218
 105 1 -3 93
 105 2 -2 324
 105 3 3 315
 15 -2 1 135
 105 -3 1 14
 15 -3 -3 51
 15 3 0 298
 15 -2 0 285
 105 -2 3 164
 105 -3 3 71
 55 -1 1 260
 55 1 -1 359
 55 0 -4 233
 55 -1 4 148
 5 1 -4 1
 55 0 -2 74
 55 -1 -3 270
 55 -1 0 30
 55 -4 0 281
 55 0 1 258
 55 0 -1 171
 55 -2 2 269
 55 4 -1 122
 5 2 -3 354
 55 -2 -3 136
 5 -3 0 286
 55 4 0 130
 5 -3 2 197
 55 0 0 221
 55 -4 -1 344
 55 3 -2 26
 55 3 -3 91
 55 1 0 219
 55 0 -3 257
 55 1 1 208
 55 -1 -2 40
 5 0 3 235
 55 -2 -2 214
 "contig-ratio-green-core" 0.6666666666666666
 "contig-ratio-red-core" 0.9230769230769231
 "a-count" 12
 "b-count" 3
 "c-color-count" 26
 "c-express-count" 25
 "d-color-count" 19
 "d-express-count" 16
 "cell-count" 56
 105 -1 -3 310
 105 -4 0 358
 15 -2 2 128
 105 -1 4 339
 15 2 2 41
 15 -3 -3 327
 15 -3 -2 107
 15 -3 0 188
 15 4 0 78
 15 -1 -4 212
 15 0 -3 67
 15 2 -2 119
 15 0 -2 142
 105 4 -1 246
 105 -2 -2 188
 15 -3 1 271
 15 1 4 319
 15 -1 -2 191
 15 -2 -1 134
 15 3 -1 292
 105 3 3 55
 105 -3 2 262
 15 2 -1 339
 105 -3 -1 36
 15 -2 -3 289
 105 3 -2 259
 15 0 4 304
 15 -2 3 330
 55 0 1 251
 55 0 0 64
 55 2 0 300
 55 0 2 46
 55 -1 2 209
 55 -3 3 196
 55 1 1 300
 55 2 1 305
 55 1 -1 233
 55 3 1 233
 55 1 -4 305
 55 1 2 280
 55 1 3 247
 55 -1 0 293
 55 0 -1 295
 55 3 0 219
 55 1 0 232
 55 0 -4 47
 55 -1 1 210
 55 2 3 78
 55 4 1 236
 55 1 -2 138
 55 -2 0 239
 55 0 3 332
 5 1 -3 45
 55 -2 1 216
 55 -1 -1 342
 5 -1 3 340
 "contig-ratio-green-core" 0.8235294117647058
 "contig-ratio-red-core" 0.8125
