 "a-count" 9
 "b-count" 3
 "c-color-count" 25
 "c-express-count" 25
 "d-color-count" 19
 "d-express-count" 19
 "cell-count" 56
 15 -1 3 168
 15 -3 0 65
 105 2 -2 119
 15 -1 -3 347
 15 1 -4 153
 15 -2 2 263
 15 -3 -1 95
 15 0 -3 148
 15 1 -3 255
 15 4 1 225
 105 -4 1 176
 15 -3 2 254
 15 3 1 275
 105 -3 1 104
 105 -3 -2 83
 15 -2 -2 210
 105 3 -2 264
 15 2 -1 65
 15 3 0 13
 15 -2 3 246
 15 -4 0 203
 15 -1 2 1
 15 4 0 267
 105 1 4 144
 15 0 -4 141
 105 3 3 268
 105 0 4 129
 105 -4 -1 43
 5 -1 -4 330
 55 4 -1 356
 55 -1 1 84
 55 1 3 295
 55 1 -1 70
 55 -1 -1 216
 55 -3 3 37
 5 -2 -3 238
 55 -1 -2 1
 55 1 2 120
 55 0 0 125
 55 0 1 275
 55 3 2 318
 55 0 3 117
 55 1 1 355
 55 2 2 174
 55 -1 0 103
 55 -2 0 159
 55 0 -1 223
 55 2 0 97
 55 2 1 203
 55 0 -2 154
 55 -2 1 277
 55 1 -2 226
 55 0 2 51
 55 1 0 279
 55 -2 -1 30
 5 2 -3 157
 "contig-ratio-green-core" 0.8
 "contig-ratio-red-core" 0.7894736842105263
 "a-count" 6
 "b-count" 2
 "c-color-count" 26
 "c-express-count" 26
 "d-color-count" 25
 "d-express-count" 22
 "cell-count" 56
 15 -2 -1 291
 15 0 4 327
 105 2 -3 234
 15 3 3 125
 15 -1 -1 62
 15 4 1 279
 15 1 4 351
 15 -1 4 357
 15 3 0 277
 15 4 0 51
 15 2 -2 124
 15 1 -1 73
 15 -1 -4 348
 105 -2 -3 280
 15 3 2 77
 15 3 -2 291
 15 0 -2 166
 15 -1 -3 47
 15 0 3 178
 15 -1 -2 229
 15 -3 2 250
 15 0 -1 345
 15 -1 3 279
 15 -2 -2 236
 15 -3 1 48
 15 -2 3 175
 105 -4 1 8
 15 -4 0 188
 55 -2 0 345
 55 2 0 331
 55 2 3 207
 55 1 1 206
 55 -1 1 323
 55 -1 0 116
 55 1 0 91
 55 -3 -2 211
 55 0 0 355
 55 0 1 212
 55 -3 0 102
 55 -1 2 299
 5 -3 3 298
 55 0 2 194
 5 4 -1 64
 55 -2 1 25
 55 -4 -1 103
 55 2 2 36
 55 0 -4 25
 55 -3 -1 80
 55 1 -3 248
 55 2 -1 184
 55 2 1 307
 55 1 3 194
 55 -2 2 142
 55 1 -4 20
 55 3 1 93
 55 1 2 184
 "contig-ratio-green-core" 0.8571428571428571
 "contig-ratio-red-core" 0.7916666666666666
 "a-count" 12
 "b-count" 2
 "c-color-count" 26
 "c-express-count" 26
 "d-color-count" 17
 "d-express-count" 16
 "cell-count" 56
 105 1 3 321
 105 -1 -3 246
 15 -1 -2 291
 15 -4 1 191
 15 2 -2 29
 15 -4 0 152
 105 2 3 15
 15 0 -3 0
 15 -2 -2 44
 105 2 2 354
 15 3 1 211
 15 2 0 171
 15 2 -1 215
 15 -3 -1 143
 15 1 -3 328
 105 1 -4 303
 105 -1 -4 356
 15 3 -2 231
 105 0 4 75
 105 -2 -3 206
 15 -1 3 117
 105 3 -3 261
 105 -1 4 269
 15 3 -1 235
 15 3 0 239
 15 4 0 4
 105 -3 -3 337
 15 1 2 14
 55 2 1 146
 55 0 -1 183
 55 -2 3 329
 55 -1 1 305
 55 2 -3 298
 55 0 1 251
 55 3 2 273
 55 -2 0 46
 55 1 -1 98
 55 -3 1 99
 55 -1 2 87
 55 0 -4 257
 55 3 3 299
 55 0 -2 279
 55 1 1 89
 55 1 -2 9
 5 -3 3 116
 55 -2 2 210
 5 -3 2 240
 55 -2 -1 322
 55 -2 1 161
 55 -1 0 75
 55 1 0 166
 55 -3 0 172
 55 -1 -1 168
 55 0 0 230
 55 4 -1 267
 55 0 2 237
 "contig-ratio-green-core" 0.8666666666666667
 "contig-ratio-red-core" 1.1428571428571428
