 "a-count" 5
 "b-count" 6
 "c-color-count" 22
 "c-express-count" 22
 "d-color-count" 24
 "d-express-count" 23
 "cell-count" 56
 15 -2 3 321
 15 1 -3 158
 15 -1 3 207
 15 -2 -3 61
 105 -3 0 133
 15 2 -3 22
 15 -2 0 231
 105 3 -2 195
 15 3 1 18
 15 1 3 6
 15 2 1 112
 15 0 3 3
 15 -1 2 121
 15 1 -2 41
 15 -2 -1 330
 15 2 -2 308
 15 0 2 108
 15 2 2 153
 15 -1 1 134
 15 0 -4 200
 15 -3 3 338
 105 4 0 290
 15 -1 -4 200
 15 -3 1 171
 15 3 0 322
 105 1 -4 115
 15 1 2 131
 15 -4 1 17
 55 0 -3 23
 5 -3 2 209
 55 0 -2 120
 55 1 1 145
 55 2 0 54
 5 1 4 201
 55 1 0 21
 55 0 1 42
 55 3 -1 266
 55 3 2 86
 5 -2 -2 351
 55 -4 -1 8
 55 -1 -1 211
 55 -3 -1 56
 55 -2 1 179
 55 2 -1 158
 55 -1 0 357
 5 -3 -3 287
 55 -1 -3 92
 55 3 3 352
 55 -1 -2 51
 5 2 3 136
 55 0 -1 209
 55 0 0 298
 55 -1 4 31
 55 1 -1 308
 55 0 4 345
 5 -3 -2 204
 "contig-ratio-green-core" 1
 "contig-ratio-red-core" 0.7619047619047619
 "a-count" 9
 "b-count" 4
 "c-color-count" 25
 "c-express-count" 24
 "d-color-count" 20
 "d-express-count" 19
 "cell-count" 56
 15 -4 -1 320
 105 -4 0 331
 15 -2 2 328
 105 1 4 152
 15 0 -1 58
 105 2 -3 143
 15 1 -1 186
 105 4 -1 3
 105 3 -3 89
 15 -2 -2 194
 15 -1 3 81
 15 0 -2 85
 15 -3 -2 114
 105 -1 -4 237
 15 0 -4 248
 15 1 3 307
 15 2 3 183
 105 4 1 355
 15 0 3 249
 15 -1 2 181
 15 4 0 40
 15 1 -2 224
 15 -4 -2 248
 15 0 -3 207
 15 -2 -3 316
 105 -1 -3 141
 15 2 -2 327
 15 -1 -2 233
 55 2 -1 89
 55 -3 -1 232
 55 0 2 237
 55 -3 0 65
 55 -2 -1 359
 55 -1 4 14
 55 2 0 158
 55 1 -4 318
 55 1 2 69
 55 1 1 63
 5 -3 1 161
 55 -2 1 25
 55 -3 -3 309
 5 3 2 50
 55 2 2 198
 55 3 -1 213
 55 3 -2 98
 55 2 1 325
 55 3 0 95
 55 -1 0 222
 55 1 0 334
 55 0 1 109
 55 3 1 236
 55 -1 1 257
 55 0 0 189
 55 -2 0 221
 55 1 -3 336
 5 3 3 104
 "contig-ratio-green-core" 0.8333333333333334
 "contig-ratio-red-core" 0.9333333333333333
 "a-count" 6
 "b-count" 5
 "c-color-count" 25
 "c-express-count" 23
 "d-color-count" 24
 "d-express-count" 22
 "cell-count" 56
 15 3 -1 345
 15 0 -2 23
 15 0 4 350
 15 3 0 339
 15 -3 3 148
 15 2 2 60
 15 1 -1 162
 15 -1 -2 359
 15 -3 1 31
 15 -1 -3 56
 15 1 -2 314
 105 3 -2 296
 15 2 -3 131
 15 3 1 301
 15 0 -4 251
 15 -2 2 326
 15 -2 3 116
 105 -2 -3 158
 15 4 0 113
 15 0 -3 3
 15 2 -1 73
 15 -2 -2 142
 15 -3 0 335
 105 -4 0 111
 15 -1 4 131
 15 -3 2 300
 105 -4 1 81
 15 4 1 125
 55 2 0 200
 55 -1 0 331
 55 3 2 136
 55 0 2 123
 55 -2 1 55
 5 -3 -3 297
 55 1 -3 271
 55 -1 -1 234
 55 -1 1 224
 55 3 -3 338
 5 -1 -4 78
 55 -2 -1 342
 55 0 3 301
 55 0 0 232
 55 0 1 76
 55 -3 -1 143
 55 1 2 273
 55 -1 3 313
 55 -2 0 18
 55 0 -1 87
 55 -1 2 327
 55 1 1 304
 55 1 4 165
 55 2 3 115
 55 1 3 290
 55 2 1 165
 5 -3 -2 77
 55 -4 -1 189
 "contig-ratio-green-core" 0.8235294117647058
 "contig-ratio-red-core" 0.6666666666666666
 "a-count" 9
 "b-count" 8
 "c-color-count" 23
 "c-express-count" 20
 "d-color-count" 23
 "d-express-count" 19
 "cell-count" 56
 15 -3 1 99
 105 0 -4 299
 15 3 -2 232
 105 2 -3 147
 15 -2 1 229
 15 -1 2 118
 15 -3 2 322
 15 2 3 350
 15 5 0 27
 105 1 -4 174
 15 3 -1 128
 15 3 0 326
 15 4 0 295
 15 1 -2 106
 15 3 3 308
 15 -4 -1 300
 105 -2 2 128
 15 -4 0 206
 15 2 2 132
 15 1 -3 167
 105 -1 -4 263
 15 2 -1 82
 15 0 -2 353
 15 0 -3 295
 15 1 4 124
 15 -1 -3 305
 15 2 1 144
 15 -1 -2 23
 55 0 -1 150
 55 0 1 3
 5 -3 -3 122
 5 0 3 125
 55 1 0 279
 55 -2 -2 266
 55 -1 -1 226
 55 -3 -1 291
 55 1 3 55
 5 -3 -2 153
 55 -1 1 243
 55 0 2 17
 55 -2 -1 329
 55 4 1 74
 55 1 2 79
 55 -1 0 213
 55 -2 0 140
 55 -2 -3 332
 55 0 0 292
 55 3 -3 342
 55 1 1 354
 5 4 -1 271
 5 -1 4 146
 55 -4 1 22
 55 -3 0 58
 55 3 1 194
 55 1 -1 278
 55 2 -2 359
 "contig-ratio-green-core" 1
 "contig-ratio-red-core" 0.8888888888888888
