 "a-count" 2
 "b-count" 11
 "c-color-count" 17
 "c-express-count" 17
 "d-color-count" 27
 "d-express-count" 26
 "cell-count" 56
 15 0 -1 59
 15 -2 -1 177
 15 -1 0 295
 15 1 2 240
 15 -4 1 350
 15 0 3 354
 15 -1 -1 160
 15 -2 0 32
 15 -1 1 194
 15 2 0 264
 105 -3 -1 106
 15 2 -3 100
 15 -1 -2 54
 15 -4 0 104
 15 0 2 45
 15 -3 1 36
 15 2 -2 196
 15 0 -4 202
 15 4 0 24
 15 4 -1 4
 15 -2 1 97
 15 0 -2 32
 15 3 0 333
 15 2 1 339
 15 1 1 273
 15 1 -1 88
 15 3 -1 44
 15 2 -1 134
 5 1 3 107
 5 -3 -3 9
 55 -1 2 228
 5 1 -4 353
 55 4 1 323
 5 1 0 122
 55 4 -2 233
 55 0 4 96
 55 -3 3 15
 55 1 -2 90
 55 3 -3 79
 55 3 3 327
 5 -3 -2 245
 5 -2 -3 39
 55 -2 3 135
 55 3 1 19
 5 -4 -1 166
 55 3 -2 31
 5 3 2 234
 5 2 3 245
 55 1 -3 116
 55 -1 -3 324
 5 -3 2 81
 55 -1 -4 162
 55 -1 3 188
 55 -2 2 249
 5 2 2 18
 55 -2 -2 164
 "contig-ratio-green-core" 1.0666666666666667
 "contig-ratio-red-core" 0.6190476190476191
 "a-count" 4
 "b-count" 7
 "c-color-count" 21
 "c-express-count" 21
 "d-color-count" 24
 "d-express-count" 24
 "cell-count" 56
 15 -1 0 263
 15 0 -1 350
 15 3 2 4
 15 -2 1 213
 15 0 -2 25
 15 2 -2 240
 15 0 0 111
 15 1 -2 350
 15 -1 -3 283
 105 -3 2 27
 15 -3 -2 147
 15 1 0 84
 15 0 2 209
 15 -2 -1 325
 15 1 1 137
 105 3 -3 24
 15 -3 -1 181
 15 1 4 223
 15 -1 1 186
 15 1 3 126
 15 0 1 319
 15 -1 2 161
 15 -2 0 39
 105 2 -1 136
 15 2 1 46
 15 -1 -1 35
 15 2 0 57
 105 -4 -1 313
 5 4 0 184
 55 4 1 4
 55 -2 3 171
 55 3 1 73
 55 -1 -2 139
 55 -1 3 1
 55 3 -2 128
 55 -3 0 125
 55 1 2 238
 5 2 3 173
 55 0 -3 145
 55 1 -3 340
 5 0 4 138
 5 3 3 344
 55 3 0 285
 5 0 -4 197
 55 -2 -2 165
 5 -1 4 103
 55 2 2 184
 55 4 -1 230
 55 -2 2 305
 55 -2 -3 88
 55 -3 1 146
 55 1 -1 216
 5 -3 3 273
 55 0 3 22
 55 3 -1 253
 55 1 -4 104
 "contig-ratio-green-core" 0.85
 "contig-ratio-red-core" 0.8235294117647058
 "a-count" 8
 "b-count" 5
 "c-color-count" 24
 "c-express-count" 23
 "d-color-count" 22
 "d-express-count" 20
 "cell-count" 56
 105 1 3 175
 15 3 0 2
 15 -1 0 114
 15 2 -1 253
 15 -2 2 16
 15 -4 1 100
 15 -1 4 295
 15 -1 -4 344
 105 -1 2 141
 15 -2 1 193
 15 2 0 219
 15 -1 -1 282
 15 0 1 129
 15 1 1 307
 15 3 3 68
 15 -3 2 277
 15 2 -2 163
 105 3 -1 169
 15 0 0 7
 15 -2 3 40
 105 3 -2 213
 15 -3 0 232
 105 0 -2 327
 15 0 4 212
 15 1 -1 167
 15 -3 1 17
 105 -2 -3 35
 15 -2 0 348
 55 -3 -2 216
 5 4 0 309
 55 1 -3 350
 55 4 -1 308
 55 -4 -1 349
 55 2 3 313
 55 -3 -1 86
 55 0 -4 264
 55 0 -1 356
 55 -3 3 45
 55 -1 1 47
 55 2 1 156
 55 -1 3 323
 55 1 2 181
 55 -2 -2 72
 55 -2 -1 200
 55 0 3 185
 55 1 -4 138
 55 -1 -3 256
 55 2 2 351
 5 1 -2 345
 5 4 1 337
 55 2 -3 119
 55 -4 2 197
 55 0 2 282
 55 3 1 217
 5 -4 0 180
 55 -1 -2 297
 "contig-ratio-green-core" 0.6666666666666666
 "contig-ratio-red-core" 0.8235294117647058
 "a-count" 5
 "b-count" 9
 "c-color-count" 19
 "c-express-count" 19
 "d-color-count" 23
 "d-express-count" 23
 "cell-count" 56
 15 -3 3 125
 15 4 1 204
 15 0 0 299
 15 -4 0 204
 15 2 0 114
 105 1 1 189
 15 0 -1 224
 15 0 -3 330
 15 -1 1 37
 15 -1 -3 147
 15 -1 -2 352
 105 2 -1 335
 105 0 4 304
 15 0 2 293
 15 2 -2 243
 15 2 1 6
 15 0 3 126
 15 0 1 356
 15 0 -2 4
 15 -5 -1 84
 15 -2 2 46
 15 1 0 317
 15 1 -1 278
 15 3 -3 123
 105 -1 -1 175
 15 -3 0 152
 105 -1 4 201
 15 -4 2 38
 55 1 4 109
 55 -2 -2 331
 5 1 3 230
 55 -3 2 201
 5 2 3 212
 55 2 -3 7
 5 -2 -1 127
 5 1 -4 30
 55 0 -4 65
 55 3 1 327
 55 -4 -1 193
 5 1 2 213
 55 -1 -4 73
 55 4 0 71
 55 -1 2 302
 55 3 0 245
 5 -3 -2 18
 55 3 -2 66
 5 2 2 263
 55 -4 1 198
 55 -3 -3 350
 55 -2 3 4
 5 -3 1 200
 55 -2 0 205
 55 3 2 116
 55 1 -3 216
 5 -2 1 28
 55 3 -1 68
 "contig-ratio-green-core" 0.9166666666666666
 "contig-ratio-red-core" 1
