 "a-count" 5
 "b-count" 5
 "c-color-count" 24
 "c-express-count" 23
 "d-color-count" 24
 "d-express-count" 23
 "cell-count" 56
 15 0 -1 137
 15 -1 1 256
 15 1 -1 304
 105 -4 1 253
 105 -1 4 56
 15 -1 0 322
 15 0 1 92
 15 1 -2 0
 15 1 0 296
 15 1 3 297
 105 3 3 280
 15 -3 -3 245
 15 -2 1 221
 15 -2 -2 106
 15 0 -2 6
 15 -1 -2 315
 15 1 2 62
 15 2 0 52
 15 -3 -1 271
 15 -3 0 144
 15 2 -1 265
 15 3 -1 218
 15 -2 0 239
 15 4 0 210
 15 0 4 128
 105 3 2 251
 15 1 1 233
 15 0 0 311
 55 2 -3 42
 55 0 5 90
 55 -4 -1 348
 5 -2 3 99
 55 -2 -3 51
 55 -1 -3 3
 55 -1 3 321
 55 3 0 49
 5 0 2 353
 55 0 3 117
 55 -3 1 125
 55 -2 -1 11
 55 -3 3 132
 55 -3 2 295
 55 2 3 98
 55 -2 2 171
 55 2 1 318
 55 4 1 175
 55 3 -2 34
 5 0 -4 294
 55 1 4 32
 55 -1 -4 72
 55 -4 0 162
 55 -3 -2 92
 5 0 -3 25
 55 2 2 74
 55 3 -3 266
 55 1 -4 5
 "contig-ratio-green-core" 0.6875
 "contig-ratio-red-core" 0.8235294117647058
 "a-count" 7
 "b-count" 6
 "c-color-count" 22
 "c-express-count" 22
 "d-color-count" 23
 "d-express-count" 21
 "cell-count" 56
 15 -2 -1 77
 15 -2 2 324
 15 3 -1 160
 15 -2 1 287
 15 3 0 280
 15 0 0 295
 15 2 1 97
 15 -2 3 142
 105 -2 0 61
 15 -1 1 145
 15 -1 2 283
 15 -3 -1 131
 15 1 -1 255
 15 1 -2 200
 15 0 -1 221
 105 1 3 59
 105 -4 -1 219
 15 3 1 75
 15 0 -2 354
 15 -2 -3 39
 15 3 -2 340
 105 1 2 205
 15 0 3 333
 105 0 -4 107
 15 0 4 313
 15 -1 0 50
 15 1 4 207
 15 -3 0 191
 55 1 0 173
 55 -1 3 286
 55 -3 1 89
 55 3 2 320
 55 2 0 65
 55 4 -1 136
 55 -3 3 351
 55 2 -2 246
 55 -4 1 139
 5 -1 -4 325
 55 1 -3 2
 55 4 1 287
 55 2 -3 33
 5 0 -3 318
 55 3 -3 204
 55 1 -4 95
 55 -2 -2 94
 55 -1 -2 268
 5 -4 0 154
 55 -3 -2 221
 55 -1 -3 135
 5 2 -1 300
 5 0 2 339
 55 -3 -3 311
 55 4 0 129
 55 -1 -1 190
 5 -3 2 305
 55 3 3 60
 "contig-ratio-green-core" 0.9444444444444444
 "contig-ratio-red-core" 0.7
 "a-count" 6
 "b-count" 5
 "c-color-count" 23
 "c-express-count" 23
 "d-color-count" 23
 "d-express-count" 22
 "cell-count" 56
 15 -1 0 48
 15 -1 2 15
 15 -1 -1 263
 15 -3 0 57
 15 2 0 192
 15 3 2 271
 15 1 0 61
 15 0 -1 79
 105 2 2 280
 105 -2 -2 255
 15 -3 1 239
 15 0 0 323
 105 4 1 81
 15 -2 0 48
 15 2 1 157
 15 -1 -3 115
 15 3 -2 37
 15 -2 1 10
 15 0 -2 24
 15 1 -1 260
 15 1 3 356
 15 -2 -3 260
 15 1 -2 66
 105 -3 -3 65
 15 1 -3 325
 15 0 1 257
 15 -3 -2 200
 105 -1 -2 276
 55 1 4 277
 55 -1 3 45
 5 0 -4 167
 55 -3 2 216
 55 -3 -1 86
 55 1 2 228
 55 2 -1 129
 55 3 -3 163
 5 1 1 30
 55 1 -4 273
 5 -4 -1 109
 55 3 1 255
 55 3 -1 170
 55 -4 0 14
 55 0 2 186
 55 4 -1 325
 55 -1 4 30
 55 0 3 327
 55 -2 2 69
 55 -1 -4 176
 55 3 3 334
 55 -2 -1 157
 5 2 3 277
 55 3 0 104
 55 2 -3 324
 5 -2 3 315
 55 0 4 25
 55 0 -3 15
 "contig-ratio-green-core" 0.7619047619047619
 "contig-ratio-red-core" 0.8235294117647058
 "a-count" 5
 "b-count" 7
 "c-color-count" 21
 "c-express-count" 21
 "d-color-count" 27
 "d-express-count" 23
 "cell-count" 56
 15 3 -2 71
 15 -1 4 174
 15 -5 0 123
 15 4 0 48
 15 0 -1 45
 15 -2 0 327
 15 1 -2 86
 15 -1 1 262
 15 0 -4 332
 15 2 1 266
 15 1 -1 322
 15 1 0 298
 15 -3 -2 129
 15 0 -2 278
 15 -1 -2 6
 15 -4 1 353
 15 -3 1 144
 15 0 1 134
 15 0 0 11
 15 -4 -1 100
 15 -4 0 275
 15 2 -2 17
 15 1 3 43
 105 -2 3 268
 15 -1 -4 125
 15 -1 0 278
 15 -2 1 358
 15 -1 -1 53
 5 -2 2 253
 55 -2 -3 139
 55 1 1 17
 55 -3 2 169
 55 2 3 301
 55 -3 0 1
 55 0 4 290
 5 2 -3 356
 55 2 -1 170
 55 -2 -2 125
 55 3 0 262
 55 2 2 279
 55 0 3 74
 55 -2 -1 80
 5 -3 -3 166
 5 1 -4 46
 5 -1 2 316
 55 0 -3 135
 55 -3 3 19
 55 1 -3 50
 55 -1 3 9
 55 4 1 240
 55 -1 -3 130
 55 3 -1 46
 5 1 4 208
 55 -5 1 57
 55 3 -3 15
 5 3 3 232
 "contig-ratio-green-core" 0.7857142857142857
 "contig-ratio-red-core" 0.6470588235294118
