 "a-count" 2
 "b-count" 2
 "c-color-count" 26
 "c-express-count" 26
 "d-color-count" 26
 "d-express-count" 26
 "cell-count" 56
 15 -2 -2 143
 15 0 -2 35
 15 1 3 267
 15 -1 2 353
 15 -1 -1 98
 105 1 0 293
 15 0 1 190
 15 1 1 52
 15 1 -4 239
 15 1 -2 186
 15 -2 -1 5
 15 -1 -3 21
 105 -3 -3 188
 15 -2 2 141
 15 -1 1 162
 15 0 3 137
 15 0 -1 152
 15 1 2 326
 15 2 0 241
 15 -1 -2 116
 15 3 1 60
 15 -1 3 238
 15 1 -1 126
 15 2 -1 214
 15 -3 1 34
 15 0 2 27
 15 -2 1 226
 15 2 1 222
 55 -2 0 182
 55 0 -4 167
 55 -2 -3 346
 55 3 -1 35
 5 4 0 238
 55 -3 -2 331
 55 3 2 288
 55 2 -2 307
 55 -3 2 170
 55 0 4 201
 55 4 1 304
 55 -3 0 159
 55 3 -3 189
 55 -1 -4 9
 55 0 -3 153
 55 4 -1 220
 55 1 -3 143
 55 -1 4 331
 55 -3 -1 108
 55 -4 -1 10
 55 2 3 24
 55 -2 3 156
 55 1 4 209
 55 -4 0 85
 55 2 2 248
 55 3 3 185
 55 -4 1 241
 5 -3 3 254
 "contig-ratio-green-core" 0.6818181818181818
 "contig-ratio-red-core" 1
 "a-count" 5
 "b-count" 5
 "c-color-count" 25
 "c-express-count" 23
 "d-color-count" 24
 "d-express-count" 23
 "cell-count" 56
 15 -2 -2 16
 15 -1 -4 258
 15 -1 2 85
 15 -1 -1 215
 105 2 0 269
 15 0 -1 26
 15 0 1 196
 15 0 0 121
 105 -1 4 62
 15 -2 -1 279
 105 -2 2 129
 15 1 0 306
 15 1 -3 267
 15 4 0 89
 15 -2 1 257
 15 1 -2 32
 105 3 3 8
 15 -3 -3 5
 15 -2 0 118
 15 3 1 24
 15 -4 0 265
 15 1 -1 316
 15 0 3 323
 15 0 -4 77
 15 -1 0 189
 15 0 4 252
 15 0 2 153
 15 -1 1 309
 55 -3 -2 268
 55 2 1 105
 55 0 -3 209
 55 1 1 302
 55 1 4 258
 55 -1 -3 243
 55 1 -4 320
 55 4 1 213
 55 3 0 106
 55 2 -2 120
 55 3 -3 324
 55 1 3 120
 5 -3 3 335
 55 0 -2 341
 55 -1 -2 196
 55 -2 3 338
 55 -3 0 262
 55 -4 1 272
 55 -2 -3 14
 5 -3 2 301
 55 1 2 183
 5 3 -2 162
 55 2 2 188
 55 -2 -4 12
 55 -3 -1 55
 55 -4 -1 154
 55 3 2 33
 55 3 -1 207
 "contig-ratio-green-core" 0.85
 "contig-ratio-red-core" 0.8666666666666667
 "a-count" 5
 "b-count" 6
 "c-color-count" 23
 "c-express-count" 22
 "d-color-count" 23
 "d-express-count" 23
 "cell-count" 56
 15 -3 -2 80
 15 0 -1 163
 15 1 -2 22
 15 -1 -4 81
 15 1 4 157
 105 3 -3 126
 15 0 2 110
 15 0 -2 91
 15 0 0 240
 15 1 -3 301
 105 -3 2 178
 15 1 -1 104
 105 1 -4 239
 15 3 -2 324
 15 -1 1 37
 15 4 1 275
 15 0 1 186
 105 -3 0 102
 15 -1 0 207
 15 3 0 268
 15 -4 -1 84
 15 4 0 137
 105 -1 3 350
 15 2 1 110
 15 -1 -1 142
 15 0 -3 20
 15 1 1 282
 15 3 1 122
 55 -2 -4 201
 55 0 4 56
 55 0 -4 26
 5 -2 -1 94
 5 -3 1 344
 55 3 3 207
 55 -2 3 68
 55 -1 4 30
 55 -4 -2 293
 55 1 2 210
 55 -2 -3 259
 55 -1 2 278
 55 1 0 17
 55 2 -1 119
 5 -3 -1 153
 5 1 3 332
 55 3 -1 56
 55 -2 1 128
 55 2 -3 343
 55 -4 1 97
 55 -4 0 28
 55 3 2 316
 55 0 3 174
 55 -2 0 9
 55 -2 2 108
 55 -2 -2 339
 5 2 0 0
 55 -1 -3 357
 "contig-ratio-green-core" 0.6666666666666666
 "contig-ratio-red-core" 0.8
 "a-count" 4
 "b-count" 6
 "c-color-count" 22
 "c-express-count" 22
 "d-color-count" 25
 "d-express-count" 24
 "cell-count" 56
 15 0 0 213
 15 -2 1 59
 15 0 1 154
 15 1 2 0
 15 -3 -3 270
 15 2 -1 116
 15 -1 -1 309
 15 -1 1 140
 15 1 4 281
 15 1 -1 47
 15 0 -4 144
 15 1 0 354
 105 2 0 123
 15 0 -3 235
 15 -2 0 53
 105 3 -3 178
 15 1 -2 20
 15 2 1 58
 15 0 -2 228
 15 -1 -2 82
 15 3 0 15
 15 1 -4 163
 15 1 -3 359
 15 0 -1 106
 105 -2 -2 19
 15 -1 0 127
 15 1 1 312
 15 -1 -3 338
 5 2 3 22
 55 -4 0 100
 55 3 3 359
 55 -4 1 53
 55 -1 -4 66
 55 4 1 152
 55 -3 0 278
 5 2 2 78
 55 -3 -2 175
 55 -1 2 247
 55 -4 -1 313
 5 -2 3 211
 55 -3 3 34
 5 -1 3 93
 55 3 1 147
 5 -1 4 16
 55 -2 2 278
 55 3 2 4
 55 3 -1 210
 55 2 -3 356
 55 1 3 221
 55 -3 1 277
 5 -3 -1 114
 55 -2 -3 70
 55 4 -1 2
 55 4 0 43
 55 3 -2 128
 55 0 4 46
 "contig-ratio-green-core" 0.5
 "contig-ratio-red-core" 0.7857142857142857
