 "a-count" 11
 "b-count" 3
 "c-color-count" 26
 "c-express-count" 25
 "d-color-count" 19
 "d-express-count" 17
 "cell-count" 56
 15 3 -2 77
 105 -4 1 55
 15 2 3 343
 105 4 1 267
 15 1 -3 336
 15 1 -2 243
 105 2 -2 234
 15 2 2 255
 105 3 3 158
 15 -3 -3 217
 105 -1 -4 165
 15 0 -3 317
 15 -3 3 79
 15 -2 2 0
 15 1 -4 24
 105 2 -3 314
 15 2 -1 216
 105 3 -3 124
 15 -3 1 46
 15 3 1 294
 105 3 2 72
 15 1 2 307
 15 -3 0 69
 15 0 4 28
 105 -4 -1 244
 15 0 2 209
 15 -2 1 309
 15 3 0 61
 55 -1 3 249
 55 -3 -1 198
 55 0 -2 128
 55 -1 -3 255
 55 1 0 282
 55 -1 2 182
 5 4 -1 340
 55 0 3 179
 55 -3 -2 349
 55 -1 1 194
 55 -2 -1 0
 5 -1 4 192
 55 -4 0 267
 55 1 -1 147
 55 1 1 118
 55 4 0 170
 55 0 0 219
 55 2 1 8
 55 -2 0 267
 55 -2 3 212
 55 -1 -2 216
 55 -3 2 65
 55 1 4 19
 55 2 0 328
 55 -1 0 251
 55 0 -1 118
 55 -1 -1 211
 55 0 1 187
 "contig-ratio-green-core" 0.875
 "contig-ratio-red-core" 1.0714285714285714
 "a-count" 8
 "b-count" 2
 "c-color-count" 27
 "c-express-count" 26
 "d-color-count" 21
 "d-express-count" 20
 "cell-count" 56
 15 0 -1 341
 105 -1 -4 278
 15 4 1 146
 15 -2 -2 285
 105 1 -4 113
 15 -2 -3 197
 105 2 2 7
 15 -4 -1 302
 15 -1 -3 5
 105 1 -3 256
 15 1 2 7
 15 0 -2 62
 15 0 0 162
 105 2 -3 129
 105 3 -2 58
 15 -1 0 238
 15 2 -2 309
 15 3 3 118
 15 -3 -2 174
 15 1 -1 45
 15 -1 -2 275
 15 3 -1 11
 15 -1 4 134
 105 4 -1 315
 15 1 -2 349
 15 1 4 91
 15 -4 2 51
 15 -3 3 255
 55 0 2 64
 55 -1 3 19
 55 2 1 112
 55 -2 0 60
 55 3 1 121
 55 -4 0 252
 55 3 2 39
 55 2 0 92
 55 -2 1 170
 55 3 0 181
 55 2 3 107
 55 0 1 203
 55 -2 2 20
 55 -3 0 343
 55 -3 2 301
 55 -2 3 269
 55 1 0 317
 55 -3 -1 90
 55 2 -1 201
 55 0 4 131
 55 3 -3 323
 55 -2 -1 25
 55 1 1 235
 55 -3 -3 120
 5 0 3 346
 55 1 3 356
 55 -4 1 284
 55 -1 2 257
 "contig-ratio-green-core" 0.7142857142857143
 "contig-ratio-red-core" 0.8461538461538461
 "a-count" 6
 "b-count" 3
 "c-color-count" 26
 "c-express-count" 25
 "d-color-count" 22
 "d-express-count" 22
 "cell-count" 56
 15 1 0 126
 105 -4 -1 184
 15 -1 -2 114
 15 -3 2 61
 105 -3 -1 101
 15 0 0 59
 15 1 -3 211
 15 1 3 79
 15 0 2 212
 105 -4 0 102
 15 -4 2 113
 15 -1 4 131
 15 -3 -2 31
 15 1 2 354
 105 3 -3 134
 15 2 -3 128
 15 -2 -1 256
 15 -3 1 338
 15 0 1 340
 15 4 2 178
 15 -2 -3 95
 15 -2 -2 217
 15 -1 -4 122
 15 4 0 333
 105 2 3 2
 105 -3 0 159
 15 -4 1 190
 15 1 1 38
 55 0 3 217
 55 3 0 310
 55 3 -1 13
 55 3 -2 126
 55 3 1 278
 5 4 -1 309
 55 -2 0 207
 55 0 -2 59
 55 2 -1 98
 55 0 4 291
 55 2 2 240
 5 1 -4 31
 55 -2 2 223
 55 -3 -3 100
 55 -1 1 327
 55 -1 0 80
 55 0 -4 271
 55 2 1 335
 55 3 2 41
 55 1 4 171
 55 1 -1 146
 55 -2 1 275
 55 2 -2 5
 55 -3 3 267
 55 2 0 39
 55 0 -3 97
 55 -1 2 168
 55 1 -2 318
 "contig-ratio-green-core" 0.8095238095238095
 "contig-ratio-red-core" 1.0625
 "a-count" 7
 "b-count" 6
 "c-color-count" 22
 "c-express-count" 22
 "d-color-count" 21
 "d-express-count" 21
 "cell-count" 56
 15 -2 -2 6
 105 1 -3 53
 15 1 4 194
 105 -3 2 282
 15 2 0 193
 15 3 1 28
 15 2 -1 327
 15 2 -3 46
 15 2 2 113
 15 -2 2 150
 15 1 0 267
 15 1 1 262
 105 0 -3 169
 15 0 -2 226
 15 2 1 347
 15 1 -4 173
 15 -1 -2 70
 105 -1 -3 119
 15 -1 2 61
 15 3 0 95
 15 2 -2 262
 15 1 -1 42
 15 -1 3 242
 105 -1 -4 291
 15 3 -1 17
 15 0 -4 270
 105 -3 -3 62
 105 -4 0 85
 5 -4 -1 234
 55 1 2 332
 55 0 1 344
 55 0 -1 99
 55 -2 -1 94
 55 -2 0 91
 5 0 4 137
 5 -3 3 356
 55 -1 -1 219
 55 0 2 11
 55 -3 0 170
 5 3 2 32
 55 1 3 294
 55 -1 0 193
 55 -2 1 193
 5 -4 1 307
 55 3 -2 50
 55 -1 1 121
 5 -1 4 43
 55 4 0 7
 55 -3 1 63
 55 -3 -1 293
 55 0 0 127
 55 4 1 132
 55 3 3 163
 55 4 -1 325
 55 -3 -2 31
 55 0 3 74
 "contig-ratio-green-core" 0.7647058823529411
 "contig-ratio-red-core" 0.9333333333333333
