 "a-count" 11
 "b-count" 7
 "c-color-count" 22
 "c-express-count" 21
 "d-color-count" 20
 "d-express-count" 17
 "cell-count" 56
 15 -3 -2 177
 15 1 4 153
 15 -1 3 138
 105 -1 2 220
 105 1 -4 86
 105 2 -1 259
 15 -3 0 105
 15 1 -1 32
 15 -2 1 110
 15 1 0 341
 15 -2 -3 353
 15 0 -3 170
 15 0 -4 222
 15 4 1 142
 15 -3 2 121
 15 -2 3 358
 15 -4 1 62
 15 3 -2 223
 15 -3 1 352
 105 -3 -3 229
 15 1 -2 182
 105 2 -3 83
 105 -4 -1 243
 105 -3 -1 14
 15 -1 1 311
 15 3 -1 260
 105 -2 2 101
 15 0 4 336
 55 0 -1 72
 5 -1 -4 38
 55 2 2 196
 55 -1 -3 123
 55 3 2 282
 55 -1 -2 139
 5 2 3 201
 55 -2 -2 58
 5 3 -3 116
 55 2 0 174
 55 -1 -1 184
 5 3 3 252
 55 3 1 128
 55 0 0 304
 55 0 2 328
 55 0 1 182
 55 2 -2 31
 55 0 -2 136
 55 2 1 81
 5 -4 2 325
 55 -3 3 203
 55 -2 0 201
 5 1 2 318
 55 -1 0 205
 55 0 3 250
 55 1 1 126
 55 3 0 292
 55 -2 -1 131
 "contig-ratio-green-core" 0.8666666666666667
 "contig-ratio-red-core" 0.875
 "a-count" 9
 "b-count" 8
 "c-color-count" 20
 "c-express-count" 20
 "d-color-count" 20
 "d-express-count" 19
 "cell-count" 56
 105 4 -1 354
 15 0 3 144
 105 -2 3 328
 15 1 -2 214
 105 -3 2 242
 15 -3 1 49
 15 -4 -1 337
 105 -1 -4 247
 15 3 2 216
 15 -1 3 49
 15 4 0 283
 15 2 2 301
 15 3 -2 105
 15 -2 2 177
 105 -1 -3 228
 15 4 1 39
 15 3 0 96
 105 -2 -3 102
 15 0 -4 100
 15 3 -1 224
 15 -4 1 265
 105 -2 -2 323
 15 0 4 65
 15 -1 -1 156
 105 0 -2 90
 15 0 -1 302
 15 2 -2 183
 15 -3 0 113
 55 -2 -1 278
 55 0 2 38
 55 2 1 190
 55 -2 0 10
 55 -1 1 11
 55 -2 1 232
 55 1 3 42
 55 0 0 49
 5 1 -3 97
 5 3 3 261
 55 -3 -3 56
 55 3 1 325
 5 3 -3 147
 55 1 1 124
 55 -1 2 239
 5 -1 4 290
 55 -1 0 287
 55 2 0 87
 5 -3 3 262
 55 -3 -1 60
 55 1 0 266
 55 2 -1 90
 5 1 -4 297
 55 1 -1 316
 55 0 1 177
 5 1 4 188
 55 1 2 347
 5 -1 -2 353
 "contig-ratio-green-core" 1.0714285714285714
 "contig-ratio-red-core" 0.9375
 "a-count" 8
 "b-count" 2
 "c-color-count" 27
 "c-express-count" 26
 "d-color-count" 24
 "d-express-count" 20
 "cell-count" 56
 15 0 -2 23
 15 2 -3 3
 15 3 2 290
 15 -3 -1 86
 15 -3 1 168
 15 -1 -4 262
 15 0 4 116
 15 3 3 26
 15 -2 -2 4
 15 -2 -1 153
 15 3 2 304
 15 1 -2 269
 15 1 -3 153
 105 -1 2 319
 105 -4 0 126
 15 3 -3 25
 15 -3 0 132
 15 4 -1 192
 15 -4 -1 315
 15 3 2 15
 105 4 1 56
 15 3 -2 149
 105 4 3 337
 15 3 3 189
 15 -1 -2 281
 15 0 -1 70
 15 -2 0 282
 15 4 0 35
 5 1 -4 199
 55 2 3 86
 55 0 2 185
 55 2 1 77
 55 0 0 4
 55 -2 3 16
 55 2 -2 179
 55 3 -2 57
 55 0 -3 22
 55 -3 -2 315
 55 1 2 218
 55 2 -1 338
 55 1 3 60
 55 1 0 200
 55 3 1 83
 55 1 -1 99
 55 3 1 281
 55 -1 -3 263
 55 3 -1 72
 55 -1 0 49
 55 1 1 225
 55 0 3 189
 55 -1 3 310
 55 2 2 353
 55 0 1 63
 55 2 1 127
 55 2 0 104
 55 3 0 168
 "contig-ratio-green-core" 1
 "contig-ratio-red-core" 0.6666666666666666
 "a-count" 5
 "b-count" 6
 "c-color-count" 23
 "c-express-count" 22
 "d-color-count" 24
 "d-express-count" 23
 "cell-count" 56
 15 -1 2 248
 15 1 2 213
 15 0 3 302
 15 2 -2 14
 15 3 -1 108
 15 -3 1 33
 15 1 4 32
 15 -4 0 156
 15 -3 -1 271
 15 -3 -3 71
 15 -2 -3 357
 15 -1 3 91
 15 -3 2 213
 105 -2 2 287
 15 4 0 144
 105 -4 -1 290
 15 4 1 150
 15 3 3 52
 15 2 3 294
 15 0 -3 167
 15 -1 -4 346
 15 1 3 96
 15 -1 1 47
 15 -3 0 39
 15 0 2 315
 105 3 -3 295
 15 -2 1 187
 105 -3 3 312
 55 -2 3 208
 55 1 0 128
 55 0 1 219
 55 3 0 164
 5 4 -1 132
 55 0 4 88
 55 -2 -2 326
 55 0 0 2
 55 1 -1 152
 55 1 1 16
 55 -3 -2 54
 55 2 1 114
 55 -2 0 13
 55 1 -4 68
 55 -4 1 304
 5 -1 4 13
 55 2 -1 357
 55 2 2 320
 5 0 -4 121
 55 -1 -1 56
 55 -1 0 49
 5 2 -3 93
 55 2 0 240
 55 -1 -2 176
 55 0 -1 356
 5 3 2 101
 55 -2 -1 283
 55 1 -2 260
 "contig-ratio-green-core" 0.875
 "contig-ratio-red-core" 0.7058823529411765
