 "a-count" 9
 "b-count" 3
 "c-color-count" 26
 "c-express-count" 25
 "d-color-count" 20
 "d-express-count" 19
 "cell-count" 56
 105 2 2 127
 15 1 -3 310
 15 1 3 16
 105 2 3 279
 105 0 -4 208
 15 -3 3 37
 105 3 3 248
 15 2 1 213
 15 3 -1 229
 15 -1 -4 184
 15 -2 -2 93
 15 1 2 205
 105 1 4 236
 105 3 -2 56
 15 3 0 121
 15 -3 -1 208
 105 2 -3 164
 15 -4 1 221
 105 4 0 233
 15 -3 2 264
 15 3 1 322
 15 0 4 53
 15 -2 -1 344
 15 -3 0 58
 15 -2 -3 112
 15 0 -3 98
 15 2 -2 38
 15 -4 0 252
 55 1 -2 130
 5 3 -3 141
 55 0 2 83
 55 -2 0 296
 55 1 1 169
 55 -2 2 59
 5 -1 3 301
 55 0 1 343
 55 0 3 18
 55 0 0 44
 55 0 -2 330
 55 -1 -3 164
 55 -1 0 294
 55 1 -1 150
 55 -4 -1 110
 55 -3 -3 85
 55 -1 -2 203
 55 -2 1 65
 55 -3 -2 72
 55 2 0 73
 55 0 -1 255
 55 -3 1 173
 55 3 2 241
 55 -1 2 101
 55 -1 1 319
 55 2 -1 230
 55 -1 -1 285
 55 1 0 60
 "contig-ratio-green-core" 1.1333333333333333
 "contig-ratio-red-core" 0.9411764705882353
 "a-count" 7
 "b-count" 7
 "c-color-count" 23
 "c-express-count" 21
 "d-color-count" 23
 "d-express-count" 21
 "cell-count" 56
 15 2 1 29
 15 -1 4 171
 15 3 -1 219
 15 1 3 11
 15 3 1 316
 15 -2 0 115
 15 -2 -2 252
 15 2 -3 149
 15 2 -1 158
 15 -2 -1 348
 105 -3 0 346
 15 1 4 65
 15 -2 1 36
 15 1 -2 314
 105 -1 -4 49
 15 -1 -3 289
 15 -4 1 3
 105 3 2 273
 15 -4 0 62
 15 3 0 315
 15 -3 2 34
 15 1 -3 157
 15 -3 1 85
 105 0 -4 180
 15 0 4 330
 15 2 0 4
 15 0 3 174
 105 3 3 357
 55 1 0 49
 55 0 1 319
 55 -1 -1 226
 55 -1 2 145
 55 -1 1 219
 55 -1 -2 322
 55 -3 -2 187
 55 0 0 239
 55 4 -1 316
 5 -2 3 275
 55 -1 0 231
 5 -3 3 276
 5 1 -4 23
 55 4 0 151
 55 0 -1 281
 5 3 -2 92
 55 0 2 332
 5 -3 -1 37
 55 -2 -3 177
 55 3 -3 342
 55 -2 2 121
 55 4 1 335
 55 1 1 152
 55 0 -2 1
 55 1 2 92
 55 1 -1 148
 55 4 -2 156
 55 -1 3 8
 "contig-ratio-green-core" 0.9375
 "contig-ratio-red-core" 0.8095238095238095
 "a-count" 9
 "b-count" 5
 "c-color-count" 23
 "c-express-count" 23
 "d-color-count" 20
 "d-express-count" 19
 "cell-count" 56
 15 0 -4 148
 15 2 0 359
 15 -2 -2 42
 15 -2 1 4
 15 -2 2 110
 105 0 -3 248
 15 -1 -2 66
 15 -4 0 214
 15 -2 3 144
 15 3 -1 240
 15 2 1 123
 105 4 1 280
 105 -3 1 321
 15 1 -2 312
 15 3 2 212
 15 1 4 345
 15 -1 -4 67
 15 0 -2 192
 15 3 0 96
 15 2 -2 271
 15 -3 -1 129
 105 -2 -1 1
 105 1 -3 173
 105 -2 0 23
 15 2 2 144
 15 3 3 75
 105 -3 0 108
 105 -3 2 45
 55 -2 -3 241
 55 -1 1 296
 55 3 -2 43
 55 0 2 314
 55 1 0 211
 55 0 3 234
 5 3 1 355
 5 4 0 240
 55 4 -1 99
 55 0 -1 50
 55 1 2 295
 55 0 0 312
 55 -3 -3 38
 55 1 -1 337
 55 -4 -1 342
 55 -1 0 208
 5 3 -3 109
 55 2 3 295
 55 1 -4 328
 55 1 3 242
 55 -3 -2 175
 55 0 4 269
 5 -3 3 95
 55 0 1 141
 55 -1 2 210
 55 -1 4 183
 5 2 -3 335
 55 1 1 244
 "contig-ratio-green-core" 0.7222222222222222
 "contig-ratio-red-core" 0.7647058823529411
