 "a-count" 8
 "b-count" 7
 "c-color-count" 21
 "c-express-count" 21
 "d-color-count" 22
 "d-express-count" 20
 "cell-count" 56
 105 -3 0 246
 15 0 -3 197
 105 3 3 213
 15 1 4 31
 15 -3 3 349
 15 2 2 125
 15 0 2 64
 15 0 4 21
 15 0 3 107
 105 -2 -3 182
 15 -3 1 136
 15 1 -1 40
 15 3 -3 178
 15 1 -3 11
 15 -4 1 279
 15 -2 -1 98
 15 1 2 242
 15 0 -2 293
 15 0 -1 294
 105 2 -2 229
 15 -1 4 75
 15 1 3 311
 15 1 -2 210
 15 -1 -2 277
 105 -3 -2 347
 105 -1 -1 53
 15 -2 -2 157
 15 -2 0 176
 55 -2 1 78
 55 -1 2 311
 5 0 -4 178
 55 2 -1 122
 55 3 -1 83
 5 1 -4 189
 5 -2 3 37
 55 -1 -3 240
 55 -1 1 29
 55 1 1 60
 55 3 -2 9
 55 3 0 230
 55 3 2 347
 5 2 3 101
 55 2 0 59
 55 -4 0 37
 55 3 1 288
 55 -2 2 88
 55 -1 0 114
 55 -1 3 293
 55 2 1 75
 55 0 1 323
 5 -1 -4 122
 55 -4 -1 284
 5 -3 -3 323
 5 -3 2 191
 55 1 0 265
 55 0 0 238
 "contig-ratio-green-core" 0.7222222222222222
 "contig-ratio-red-core" 0.7647058823529411
 "a-count" 1
 "b-count" 2
 "c-color-count" 26
 "c-express-count" 26
 "d-color-count" 27
 "d-express-count" 27
 "cell-count" 56
 15 3 -1 138
 15 -3 -3 162
 15 2 3 163
 15 2 2 55
 15 3 2 112
 105 4 1 232
 15 -2 3 299
 15 -1 4 89
 15 2 -3 332
 15 0 4 287
 15 -1 -3 2
 15 1 3 108
 15 1 -3 163
 15 3 3 209
 15 0 -4 34
 15 -2 -3 155
 15 -4 -1 113
 15 -3 3 43
 15 4 -1 112
 15 0 2 332
 15 0 3 206
 15 1 -4 320
 15 -1 3 33
 15 -1 2 167
 15 -1 -4 129
 15 -2 2 44
 15 -3 -2 4
 15 4 0 205
 5 -3 2 198
 55 2 1 319
 55 -1 0 92
 55 3 -3 335
 55 -1 -1 346
 55 -2 1 352
 55 -2 -1 322
 55 -2 0 272
 55 1 0 90
 55 2 -2 199
 55 1 2 54
 55 -2 -2 205
 55 -3 1 98
 5 1 -1 193
 55 0 -2 51
 55 -4 1 31
 55 1 -2 40
 55 -3 0 3
 55 0 0 34
 55 2 -1 96
 55 2 0 160
 55 3 0 256
 55 1 4 81
 55 -4 0 127
 55 -1 1 282
 55 -3 -1 0
 55 -1 -2 327
 55 0 -1 317
 "contig-ratio-green-core" 0.7333333333333333
 "contig-ratio-red-core" 0.65
 "a-count" 7
 "b-count" 4
 "c-color-count" 24
 "c-express-count" 24
 "d-color-count" 22
 "d-express-count" 21
 "cell-count" 56
 105 -3 3 26
 105 -2 3 241
 15 0 3 265
 15 3 0 175
 15 -3 2 233
 15 2 -2 11
 105 -2 -3 74
 15 4 1 333
 15 2 -1 124
 15 -1 -3 310
 15 -1 -4 154
 15 -4 -1 319
 15 -3 0 214
 15 2 2 351
 15 -2 2 341
 105 -3 -3 168
 105 3 3 33
 15 1 3 325
 15 0 4 354
 15 -4 0 7
 15 3 1 179
 15 -1 4 160
 15 3 -1 185
 105 -1 3 350
 15 -4 1 250
 15 3 -2 166
 15 -3 -2 197
 15 -2 -4 130
 55 -1 0 113
 55 -3 -1 77
 55 -2 1 73
 55 1 2 168
 55 -2 -2 0
 55 -2 0 128
 55 -1 -2 7
 55 0 -3 221
 55 3 -3 128
 55 -1 1 13
 5 1 -1 199
 55 2 3 274
 55 1 1 18
 5 3 2 4
 55 -1 -1 121
 55 0 0 5
 5 -1 2 264
 55 2 -3 29
 55 4 0 261
 55 0 1 4
 55 0 2 307
 55 -2 -1 142
 5 1 4 111
 55 2 0 195
 55 0 -1 294
 55 1 0 110
 55 2 1 305
 55 0 -2 96
 "contig-ratio-green-core" 1
 "contig-ratio-red-core" 0.7
 "a-count" 5
 "b-count" 5
 "c-color-count" 23
 "c-express-count" 23
 "d-color-count" 24
 "d-express-count" 23
 "cell-count" 56
 15 -3 1 124
 15 3 0 93
 105 1 -4 46
 15 3 2 127
 15 -2 3 283
 105 1 4 53
 105 -3 3 344
 15 -3 0 330
 15 0 -4 334
 15 3 1 175
 15 -3 -1 345
 15 2 -1 141
 15 3 -2 349
 15 -3 2 214
 15 1 -1 259
 15 -2 -3 80
 15 2 -3 279
 15 3 3 96
 105 4 1 151
 15 0 -3 167
 15 -1 -3 232
 15 2 1 149
 15 -1 -4 114
 15 2 -2 273
 15 -2 2 232
 15 -3 -2 193
 15 -2 1 188
 15 4 2 202
 55 1 0 202
 55 -2 0 170
 5 -1 3 162
 55 0 3 345
 5 -4 0 334
 55 0 -2 123
 55 -2 -1 274
 55 0 0 262
 5 2 3 262
 55 -1 -2 119
 55 1 3 155
 55 1 -2 158
 5 3 -3 43
 55 -3 -3 109
 55 -2 -4 127
 55 4 -1 286
 55 -1 2 191
 55 -2 -2 184
 55 -1 -1 281
 55 4 0 201
 55 1 2 89
 55 0 1 10
 55 0 2 214
 55 1 1 216
 55 -1 0 115
 5 -4 1 167
 55 0 -1 112
 55 -1 1 312
 "contig-ratio-green-core" 0.75
 "contig-ratio-red-core" 0.6190476190476191
