 "a-count" 5
 "b-count" 5
 "c-color-count" 24
 "c-express-count" 23
 "d-color-count" 24
 "d-express-count" 23
 "cell-count" 56
 15 2 -3 262
 15 -3 0 111
 15 1 1 320
 15 0 1 16
 15 -1 -4 188
 15 -3 -2 147
 105 3 2 251
 15 -1 2 262
 15 -3 -1 175
 105 2 -2 284
 15 3 -2 230
 15 1 4 102
 15 3 -3 235
 15 0 2 199
 15 2 2 111
 105 0 4 95
 15 2 3 336
 15 -2 2 250
 15 3 -1 273
 105 0 3 284
 15 -2 3 123
 15 0 -4 164
 15 -3 1 196
 15 1 2 356
 15 3 0 163
 15 1 3 152
 15 -2 -2 282
 15 2 1 282
 55 -3 2 300
 55 2 0 194
 55 0 -2 119
 55 -2 0 15
 55 3 3 254
 5 -2 -3 250
 55 1 0 246
 55 -1 1 327
 55 -2 1 2
 55 -4 1 136
 55 -4 0 145
 55 -1 -1 109
 5 -3 -3 120
 55 -3 3 302
 55 4 0 23
 55 -1 -2 121
 5 4 -1 308
 55 -2 -1 320
 55 2 -1 135
 55 0 -1 186
 55 1 -1 272
 55 1 -3 165
 55 1 -2 22
 55 0 0 188
 5 4 1 325
 55 0 -3 315
 55 3 1 337
 55 -1 -3 258
 "contig-ratio-green-core" 0.8333333333333334
 "contig-ratio-red-core" 1
 "a-count" 6
 "b-count" 8
 "c-color-count" 21
 "c-express-count" 20
 "d-color-count" 23
 "d-express-count" 22
 "cell-count" 56
 15 -2 -1 51
 15 4 -1 79
 15 -2 3 69
 15 -1 -4 282
 15 -1 4 162
 15 -1 2 303
 15 -2 0 332
 15 3 -3 261
 105 -3 2 48
 15 -2 -4 338
 15 3 2 107
 15 4 -2 42
 105 1 -3 286
 15 -4 -1 264
 15 -2 2 1
 15 3 -2 130
 15 -3 -1 226
 105 -4 0 96
 15 3 0 139
 15 -3 0 28
 15 2 -1 162
 15 -3 1 302
 105 2 3 262
 15 4 1 202
 15 3 -1 357
 15 2 2 91
 105 1 3 15
 15 -1 3 5
 55 -1 1 246
 5 -3 -3 166
 55 0 1 92
 55 1 2 125
 55 0 2 228
 55 -1 -1 341
 55 -3 -2 92
 55 2 0 112
 55 -2 1 11
 5 -2 -3 293
 55 0 3 340
 55 1 1 189
 55 0 -2 307
 55 2 1 48
 55 1 -2 70
 55 1 0 187
 55 -1 -2 39
 55 0 0 297
 55 -2 -2 338
 55 0 -1 126
 5 -4 1 113
 55 -1 0 28
 55 2 -2 55
 5 1 -1 294
 5 0 -4 80
 5 0 4 24
 55 3 1 5
 5 -3 3 118
 "contig-ratio-green-core" 0.8
 "contig-ratio-red-core" 0.6842105263157895
 "a-count" 7
 "b-count" 4
 "c-color-count" 24
 "c-express-count" 24
 "d-color-count" 24
 "d-express-count" 21
 "cell-count" 56
 15 3 0 250
 15 -3 -2 67
 15 1 -4 103
 105 -3 -3 107
 15 2 3 147
 15 -2 -1 33
 15 3 1 215
 15 -1 -3 286
 105 1 4 204
 105 -1 4 280
 15 -3 0 145
 105 -4 -1 254
 15 4 0 234
 15 4 1 180
 15 -2 3 254
 15 -3 1 33
 15 -3 -1 61
 15 4 -1 67
 15 -4 0 271
 15 2 -3 120
 15 -1 -2 102
 15 -2 -3 127
 15 -3 2 172
 15 0 -3 352
 15 1 3 285
 15 3 -1 147
 15 -2 -2 332
 15 3 3 195
 55 -1 1 230
 55 0 2 159
 5 0 1 139
 55 -2 1 2
 5 -3 3 322
 55 2 2 137
 55 2 -2 92
 55 1 -1 98
 55 1 -3 154
 55 0 3 81
 55 0 -1 311
 55 1 2 76
 55 -2 2 264
 55 0 0 358
 55 2 0 86
 55 2 -1 241
 5 0 4 248
 55 1 0 204
 55 -4 1 81
 55 -1 2 299
 55 -1 -1 286
 55 -1 3 240
 55 0 -2 85
 5 0 -4 179
 55 -1 0 213
 55 2 1 302
 55 1 1 290
 55 1 -2 179
 "contig-ratio-green-core" 0.9285714285714286
 "contig-ratio-red-core" 0.5882352941176471
 "a-count" 5
 "b-count" 2
 "c-color-count" 26
 "c-express-count" 26
 "d-color-count" 24
 "d-express-count" 23
 "cell-count" 56
 15 1 -3 263
 15 3 -3 314
 105 2 -1 101
 15 -2 2 167
 15 -1 5 210
 15 -4 2 251
 15 -3 3 230
 105 0 3 104
 15 2 0 64
 15 -2 3 133
 15 -2 -3 358
 15 -4 0 12
 15 1 0 278
 15 -1 4 81
 15 3 0 335
 15 4 1 131
 15 4 0 194
 15 0 -3 241
 15 -1 3 108
 15 0 -2 321
 15 -3 2 284
 15 1 -2 179
 15 1 -1 84
 15 3 -1 233
 15 -1 -2 87
 105 -4 1 355
 15 -1 -3 28
 105 0 -4 207
 55 -1 0 78
 55 -3 -2 263
 55 2 1 264
 55 2 4 321
 55 1 1 291
 55 -3 -1 331
 55 -2 1 296
 55 0 -1 236
 55 2 3 218
 55 3 3 15
 55 0 0 1
 55 3 1 74
 55 2 2 99
 55 2 -3 100
 55 -2 -1 290
 5 0 2 223
 55 -2 0 268
 55 3 2 241
 55 1 2 88
 55 0 1 119
 55 -1 1 166
 55 2 -2 155
 5 1 -4 128
 55 -3 0 263
 55 -3 -3 1
 55 -1 -1 321
 55 3 -2 336
 55 1 3 238
 "contig-ratio-green-core" 0.7368421052631579
 "contig-ratio-red-core" 0.5714285714285714
