 "a-count" 10
 "b-count" 2
 "c-color-count" 27
 "c-express-count" 26
 "d-color-count" 22
 "d-express-count" 18
 "cell-count" 56
 15 -4 -1 343
 15 4 -1 258
 105 4 1 91
 105 3 3 286
 15 -1 4 16
 105 -3 -2 358
 15 3 -1 358
 15 3 0 4
 105 2 3 97
 15 0 -3 133
 15 1 -2 299
 15 0 -2 99
 105 -3 -3 335
 15 1 -3 183
 15 3 2 105
 15 0 3 195
 15 1 4 325
 15 1 -1 201
 15 -3 1 111
 15 1 -4 19
 15 -1 3 65
 15 2 -1 148
 15 0 4 212
 15 -2 3 75
 105 -2 2 18
 15 0 -1 24
 15 3 -2 30
 15 -1 -4 82
 55 3 -3 84
 55 4 0 116
 55 -1 -1 298
 55 -4 1 252
 55 -1 -3 89
 55 0 1 151
 55 0 0 171
 55 2 0 29
 55 0 2 232
 55 -2 0 93
 55 1 1 82
 55 -1 0 116
 55 2 1 121
 55 -2 -1 264
 55 -1 -2 4
 55 2 -4 345
 55 -3 -1 271
 55 -1 1 87
 55 -4 0 328
 55 1 0 50
 55 2 2 131
 55 1 3 79
 55 2 -3 354
 55 3 1 136
 55 1 2 230
 55 -3 0 274
 5 -3 2 336
 55 -2 -2 244
 "contig-ratio-green-core" 0.75
 "contig-ratio-red-core" 0.8235294117647058
 "a-count" 7
 "b-count" 2
 "c-color-count" 26
 "c-express-count" 26
 "d-color-count" 21
 "d-express-count" 21
 "cell-count" 56
 105 -3 -1 67
 15 0 4 208
 105 -3 0 266
 15 -3 2 293
 105 -3 -3 230
 15 1 -3 320
 15 -1 -3 148
 15 -3 1 112
 15 0 -4 27
 15 -1 4 24
 15 -2 -1 202
 15 3 -3 301
 15 -2 3 290
 15 -3 3 31
 15 4 2 219
 105 2 -4 42
 15 2 -3 90
 15 3 2 5
 105 1 3 41
 105 3 3 36
 15 2 -2 302
 15 3 -2 36
 15 2 2 144
 15 -1 3 186
 15 0 -3 85
 15 1 -2 257
 15 1 -4 68
 105 -4 0 245
 55 0 0 321
 5 0 -2 358
 55 4 1 22
 55 -1 2 290
 55 4 -1 315
 55 -2 2 49
 55 1 -1 44
 55 -1 1 330
 55 3 1 221
 55 -3 -2 108
 55 1 2 3
 55 0 2 55
 55 3 0 201
 5 2 1 327
 55 0 -1 224
 55 3 -1 99
 55 -1 0 83
 55 2 -1 12
 55 -1 -2 107
 55 -1 -1 215
 55 1 1 31
 55 2 0 28
 55 -2 0 46
 55 -2 1 113
 55 1 0 129
 55 0 1 289
 55 -2 -2 208
 55 2 3 202
 "contig-ratio-green-core" 0.75
 "contig-ratio-red-core" 0.75
 "a-count" 4
 "b-count" 6
 "c-color-count" 22
 "c-express-count" 22
 "d-color-count" 24
 "d-express-count" 24
 "cell-count" 56
 105 2 0 186
 15 -1 0 51
 15 2 -2 61
 15 -1 2 71
 15 -1 3 97
 15 3 3 296
 15 -1 -2 121
 15 -1 -1 48
 15 -3 -2 82
 15 1 0 258
 15 -2 1 100
 15 3 2 292
 15 -1 1 127
 15 4 0 216
 15 2 -1 98
 105 0 3 99
 15 1 -4 337
 15 0 1 242
 15 0 -2 84
 15 2 3 245
 15 -2 0 104
 15 0 -1 94
 15 1 -1 170
 105 -2 -1 275
 15 3 -1 326
 15 1 -2 239
 105 -3 3 192
 15 0 0 29
 5 -2 -2 186
 5 3 -2 45
 55 0 -3 185
 55 -1 -3 303
 55 -4 0 94
 55 3 0 71
 5 0 4 328
 55 2 1 197
 55 -4 2 17
 55 -3 -1 261
 55 2 2 164
 5 -2 3 228
 55 1 2 200
 55 3 1 133
 55 -4 1 72
 55 -3 2 4
 55 -2 2 292
 5 -4 -1 142
 55 0 -4 89
 5 -3 -3 133
 55 4 1 180
 55 1 -3 337
 55 -3 1 161
 55 2 -3 156
 55 -3 0 249
 55 1 1 321
 55 -1 -4 266
 55 0 2 170
 "contig-ratio-green-core" 0.6666666666666666
 "contig-ratio-red-core" 0.9230769230769231
 "a-count" 6
 "b-count" 6
 "c-color-count" 22
 "c-express-count" 22
 "d-color-count" 24
 "d-express-count" 22
 "cell-count" 56
 105 -3 2 108
 15 -1 2 243
 15 -3 -2 39
 15 1 1 216
 15 -2 -3 81
 15 -1 -3 256
 15 1 2 31
 15 2 -3 303
 15 2 -2 131
 15 1 4 222
 105 -4 -1 301
 15 4 -1 230
 15 -3 1 16
 15 1 3 136
 15 -2 3 283
 15 -2 -4 36
 15 2 1 161
 15 -2 -2 278
 15 2 3 140
 105 -2 2 268
 15 0 3 261
 105 -1 -2 185
 15 -1 3 189
 15 3 -3 208
 15 3 0 196
 15 0 -3 230
 15 4 0 75
 15 -1 -4 287
 55 -3 0 181
 55 0 -1 295
 5 -3 3 135
 55 0 1 334
 55 3 1 41
 55 1 -2 76
 55 2 -1 348
 5 4 1 179
 5 0 4 244
 55 -2 0 293
 55 -1 0 356
 55 -3 -1 241
 55 3 3 306
 55 1 -1 143
 55 1 -4 87
 55 0 -2 328
 55 2 0 151
 5 2 -4 33
 5 3 -1 228
 55 0 2 257
 55 -1 1 93
 55 1 0 143
 55 3 -2 342
 55 0 -4 346
 5 3 2 157
 55 0 0 171
 55 -2 1 22
 55 -4 0 3
 "contig-ratio-green-core" 0.6842105263157895
 "contig-ratio-red-core" 0.75
