 "a-count" 3
 "b-count" 3
 "c-color-count" 25
 "c-express-count" 25
 "d-color-count" 25
 "d-express-count" 25
 "cell-count" 56
 15 3 -3 252
 15 -2 -4 246
 15 1 3 343
 15 -3 1 196
 105 -4 1 76
 15 2 -3 252
 15 3 -2 286
 105 0 -4 90
 15 4 1 52
 15 -3 2 53
 15 0 4 241
 15 2 2 253
 15 -3 -1 208
 15 -1 -3 291
 105 1 4 290
 15 -3 3 354
 15 -1 -2 269
 15 -2 2 168
 15 -3 0 270
 15 1 -3 154
 15 0 -3 34
 15 4 0 313
 15 -1 3 153
 15 -2 -3 105
 15 -1 2 62
 15 0 -2 336
 15 3 -1 37
 15 -2 3 78
 55 0 3 255
 55 -3 -2 257
 55 -1 -1 295
 55 3 0 294
 55 0 0 209
 55 2 1 101
 55 -2 -1 119
 55 0 1 28
 5 -1 4 91
 55 4 -1 169
 5 2 3 120
 55 -2 1 135
 55 0 2 262
 55 3 1 69
 55 1 -2 68
 55 -1 1 135
 55 1 2 19
 55 1 1 265
 55 -2 -2 29
 55 2 0 72
 55 -4 0 342
 55 -2 0 201
 5 -4 -1 143
 55 1 0 128
 55 1 -1 191
 55 0 -1 310
 55 3 2 167
 55 -1 0 228
 "contig-ratio-green-core" 0.8421052631578947
 "contig-ratio-red-core" 0.7368421052631579
 "a-count" 7
 "b-count" 1
 "c-color-count" 27
 "c-express-count" 27
 "d-color-count" 24
 "d-express-count" 21
 "cell-count" 56
 15 2 -2 282
 15 -2 2 96
 15 4 -1 310
 105 3 2 59
 15 0 4 255
 105 0 -3 244
 15 -3 -2 264
 15 0 -4 70
 15 4 2 178
 15 4 0 54
 15 1 -3 348
 15 4 1 120
 15 2 -3 52
 15 1 -4 247
 105 -3 -1 347
 105 -4 -1 142
 15 -1 2 176
 15 3 -2 191
 15 -3 0 76
 15 -1 3 236
 15 3 -1 3
 15 -3 1 265
 15 -1 -4 322
 15 -2 -3 269
 15 3 -3 33
 15 -2 3 125
 15 -1 -3 95
 15 1 -2 244
 5 -1 4 206
 55 -1 0 218
 55 3 1 103
 55 -3 3 326
 55 0 -2 177
 55 -3 2 205
 55 2 1 64
 55 1 0 193
 55 -2 -2 85
 55 0 3 196
 55 -3 -3 196
 55 2 0 351
 55 -2 -1 281
 55 -1 -2 352
 55 0 -1 136
 55 1 3 48
 55 2 -1 354
 55 2 2 303
 55 -2 1 25
 55 1 -1 182
 55 -1 -1 246
 55 0 0 178
 55 0 2 336
 55 -2 0 224
 55 1 2 143
 55 -1 1 102
 55 1 1 38
 55 -4 0 31
 "contig-ratio-green-core" 0.7368421052631579
 "contig-ratio-red-core" 0.631578947368421
 "a-count" 7
 "b-count" 8
 "c-color-count" 21
 "c-express-count" 20
 "d-color-count" 23
 "d-express-count" 21
 "cell-count" 56
 15 -2 -1 342
 15 -3 0 197
 105 2 1 47
 15 -2 -2 102
 15 3 2 316
 15 0 -4 215
 105 2 -2 306
 15 0 1 192
 15 -2 1 66
 15 2 3 194
 15 1 0 157
 105 -3 2 308
 15 1 -4 220
 15 1 3 89
 15 -3 1 224
 15 1 4 50
 15 0 0 100
 15 -2 -3 92
 105 -3 3 77
 15 4 -1 309
 15 -1 1 301
 15 -2 0 284
 15 -1 0 99
 105 1 -2 63
 15 1 1 276
 15 3 3 115
 15 1 -1 221
 15 -1 -1 281
 55 -1 3 263
 55 -4 1 68
 5 2 -1 24
 5 1 -3 173
 55 -1 2 299
 55 4 0 195
 55 -4 -1 126
 5 3 -2 16
 55 -2 3 245
 5 -3 -3 27
 5 -1 -3 192
 55 3 -1 222
 55 -4 -2 63
 5 2 2 162
 55 3 1 119
 55 3 0 25
 55 0 -2 268
 55 -4 0 333
 55 1 2 103
 55 0 2 214
 55 -1 -2 3
 55 -1 4 164
 5 0 3 14
 55 -2 2 7
 55 2 0 100
 55 3 -3 51
 55 4 1 29
 55 -3 -1 208
 "contig-ratio-green-core" 0.6470588235294118
 "contig-ratio-red-core" 0.5882352941176471
 "a-count" 7
 "b-count" 5
 "c-color-count" 23
 "c-express-count" 23
 "d-color-count" 23
 "d-express-count" 21
 "cell-count" 56
 15 -1 4 305
 15 -1 -4 333
 15 -2 -3 306
 15 -2 2 215
 105 -4 -1 246
 15 0 4 32
 15 1 3 174
 105 -4 1 284
 15 1 -4 246
 15 1 -2 62
 15 3 0 298
 15 -2 -4 248
 15 1 -3 275
 15 -4 0 216
 15 2 -1 215
 15 1 -1 69
 15 1 4 116
 15 2 3 165
 105 2 -2 170
 15 0 -4 357
 105 -1 -3 178
 15 3 2 84
 15 0 3 235
 15 3 -1 233
 15 -2 1 96
 15 -1 3 218
 15 -3 2 230
 105 3 3 56
 55 4 -1 348
 5 -2 3 13
 55 -2 -2 191
 55 0 -2 229
 55 1 2 342
 5 4 1 197
 55 -3 -1 157
 55 -3 3 193
 55 -1 1 322
 55 0 2 293
 5 -3 1 210
 55 0 1 242
 55 2 0 91
 55 1 1 196
 55 0 -1 36
 55 -3 -3 271
 55 3 1 216
 55 -1 -2 289
 5 -2 0 89
 5 2 -3 171
 55 2 1 331
 55 1 0 162
 55 -3 0 3
 55 -1 2 204
 55 0 0 350
 55 -2 -1 328
 55 -1 0 245
 55 -1 -1 267
 "contig-ratio-green-core" 0.8571428571428571
 "contig-ratio-red-core" 0.6842105263157895
