 "a-count" 5
 "b-count" 5
 "c-color-count" 23
 "c-express-count" 23
 "d-color-count" 24
 "d-express-count" 23
 "cell-count" 56
 15 -3 0 224
 15 -3 1 230
 105 2 3 28
 15 3 0 88
 15 0 2 161
 15 0 3 334
 15 -3 2 338
 15 -2 2 185
 15 0 -4 42
 15 3 1 1
 15 2 2 217
 15 3 3 66
 15 1 -4 195
 15 0 4 357
 15 -1 3 94
 15 4 -1 5
 105 3 -2 42
 105 1 2 161
 105 2 -3 92
 15 1 3 37
 15 3 -3 256
 15 -3 -1 68
 15 -2 3 97
 15 -4 -1 101
 15 4 0 37
 15 3 -1 193
 15 -2 1 213
 15 -4 0 244
 55 -1 1 258
 55 2 1 116
 55 1 1 26
 55 -3 3 348
 55 1 -1 275
 5 -3 -3 341
 5 3 2 245
 55 0 -1 103
 55 -1 0 116
 55 -1 4 275
 55 0 0 201
 55 -1 -3 186
 55 -2 -2 290
 5 -2 -1 120
 55 1 4 27
 55 1 -2 249
 55 -1 -1 222
 55 0 1 322
 5 -2 -3 190
 55 2 -1 180
 5 -4 1 38
 55 0 -3 88
 55 4 1 108
 55 2 0 198
 55 0 -2 163
 55 1 0 44
 55 -2 0 260
 55 -1 -2 4
 "contig-ratio-green-core" 0.7272727272727273
 "contig-ratio-red-core" 0.5
 "a-count" 7
 "b-count" 5
 "c-color-count" 23
 "c-express-count" 23
 "d-color-count" 22
 "d-express-count" 21
 "cell-count" 56
 15 1 3 222
 15 -1 1 266
 15 -3 0 290
 105 3 -3 49
 15 0 -2 298
 15 -3 -3 93
 15 -1 2 299
 15 0 2 101
 105 0 4 119
 105 -2 3 340
 105 -2 2 311
 15 -1 3 253
 15 -2 -3 337
 15 1 4 140
 15 2 -3 295
 15 -1 -3 59
 105 2 3 268
 15 3 0 173
 15 1 -4 353
 15 4 -1 181
 15 -2 1 190
 15 2 2 8
 15 1 2 287
 15 -1 -2 18
 15 4 0 48
 15 -3 1 342
 15 3 1 258
 105 0 -3 211
 55 -2 0 237
 55 3 2 19
 55 -2 -2 106
 55 2 -1 111
 55 2 -2 139
 55 1 -2 106
 55 0 -1 101
 55 -1 0 222
 55 1 -1 237
 5 3 -1 22
 55 1 1 48
 55 -1 4 286
 55 0 1 132
 55 2 0 163
 55 1 -3 254
 5 -4 1 293
 55 3 3 4
 55 -2 -1 218
 55 -3 -2 242
 55 2 1 179
 55 -1 -4 124
 5 -3 2 201
 55 -3 -1 171
 5 4 1 216
 55 -1 -1 204
 55 0 0 145
 5 -4 0 82
 55 1 0 170
 "contig-ratio-green-core" 0.875
 "contig-ratio-red-core" 0.9444444444444444
 "a-count" 6
 "b-count" 5
 "c-color-count" 23
 "c-express-count" 23
 "d-color-count" 22
 "d-express-count" 22
 "cell-count" 56
 15 0 2 9
 105 -3 -2 97
 105 4 0 128
 15 0 4 225
 15 0 -3 316
 15 -2 2 156
 15 3 3 358
 105 0 -4 309
 15 0 3 206
 15 3 1 179
 15 3 2 33
 15 -2 -2 146
 15 1 -3 132
 15 -3 -1 125
 15 2 3 213
 15 -2 -1 130
 15 -3 0 50
 15 -1 -3 197
 105 -4 1 222
 15 1 3 168
 15 -2 -3 146
 15 1 -4 149
 15 2 -3 260
 105 -2 3 109
 15 -1 2 149
 15 1 4 182
 15 -3 2 55
 105 -3 1 238
 55 -1 -4 69
 55 2 1 144
 55 -1 0 88
 55 2 -1 146
 55 -3 -3 331
 55 -1 -1 269
 55 1 2 350
 55 0 -1 16
 5 4 -1 318
 55 -1 -2 279
 55 2 0 140
 55 1 1 219
 55 -1 3 173
 55 0 -2 252
 55 2 -2 309
 5 -4 -1 293
 5 2 2 179
 55 2 4 224
 5 3 -3 259
 55 3 -1 118
 55 1 0 161
 5 0 0 49
 55 1 -2 135
 55 1 -1 22
 55 -1 1 346
 55 -2 0 154
 55 0 1 126
 55 3 0 320
 "contig-ratio-green-core" 0.9166666666666666
 "contig-ratio-red-core" 0.7647058823529411
 "a-count" 5
 "b-count" 1
 "c-color-count" 27
 "c-express-count" 27
 "d-color-count" 23
 "d-express-count" 23
 "cell-count" 56
 15 4 -1 341
 15 0 -1 138
 15 -2 2 147
 15 -1 -4 0
 15 0 -2 34
 15 3 2 117
 105 1 -4 358
 105 -3 3 91
 15 -2 3 196
 15 3 3 2
 15 -1 -2 233
 105 2 -3 74
 15 -3 1 11
 15 1 3 145
 15 -3 2 192
 15 -1 -1 111
 15 2 -2 301
 15 -1 -3 189
 15 -2 1 174
 15 4 -2 190
 105 1 -3 280
 15 -2 -3 359
 15 1 -2 143
 15 0 4 117
 105 3 -2 217
 15 -1 0 165
 15 2 3 321
 15 0 -3 358
 55 -4 0 273
 55 3 1 316
 55 0 1 200
 5 1 2 98
 55 -4 1 200
 55 1 -1 40
 55 -4 -2 148
 55 -1 1 180
 55 -1 2 249
 55 3 0 258
 55 2 1 80
 55 2 0 300
 55 0 0 118
 55 -4 -1 338
 55 -3 0 67
 55 1 0 282
 55 2 -1 28
 55 -3 -2 266
 55 4 0 285
 55 -3 -3 106
 55 3 -1 166
 55 -1 3 354
 55 -2 -2 15
 55 1 1 322
 55 0 2 224
 55 -3 -1 305
 55 0 3 108
 55 -2 -1 34
 "contig-ratio-green-core" 0.7894736842105263
 "contig-ratio-red-core" 0.7894736842105263
