 "a-count" 4
 "b-count" 9
 "c-color-count" 19
 "c-express-count" 19
 "d-color-count" 24
 "d-express-count" 24
 "cell-count" 56
 105 -3 2 184
 15 -2 0 294
 15 -3 0 107
 15 1 2 183
 15 -1 -4 235
 15 -3 1 23
 15 2 3 218
 15 2 -2 132
 15 -1 4 73
 15 -3 -1 92
 15 1 -3 21
 15 1 -4 249
 15 -1 0 357
 15 -4 1 90
 15 -2 3 324
 15 4 0 305
 15 0 4 340
 15 -3 -2 75
 15 -2 -1 179
 15 1 -2 14
 15 -1 -1 97
 105 1 4 205
 15 3 -2 89
 15 0 -4 76
 15 3 1 125
 15 2 2 149
 105 4 -1 275
 105 -3 -3 317
 55 -2 2 242
 55 -1 1 179
 55 1 0 25
 55 1 1 242
 55 -2 -3 16
 55 3 0 19
 55 -1 2 355
 5 2 1 286
 55 3 -1 26
 55 2 -1 131
 55 -2 -4 260
 5 4 1 357
 55 0 1 136
 5 -1 -3 303
 55 -3 3 249
 5 1 3 112
 55 1 -1 134
 5 0 -1 142
 55 0 2 356
 5 3 2 220
 5 2 -3 156
 55 -1 3 319
 55 -2 1 258
 55 2 0 5
 55 -2 -2 110
 55 0 0 327
 5 0 -2 131
 5 3 -3 334
 "contig-ratio-green-core" 1
 "contig-ratio-red-core" 0.6470588235294118
 "a-count" 8
 "b-count" 2
 "c-color-count" 27
 "c-express-count" 26
 "d-color-count" 23
 "d-express-count" 20
 "cell-count" 56
 15 4 1 276
 15 -3 1 343
 15 3 -1 335
 15 4 0 271
 15 -1 -4 66
 15 0 -2 350
 15 0 -4 56
 105 -2 -2 312
 15 3 -3 242
 15 -4 1 56
 15 -3 3 118
 15 -3 -3 147
 105 -3 -2 162
 15 -3 2 63
 15 1 -2 267
 15 -2 -3 195
 15 3 2 310
 105 -2 3 44
 15 3 -2 39
 15 2 -4 353
 15 0 -1 337
 15 -4 0 333
 15 2 -1 301
 105 1 -3 205
 15 2 -3 77
 15 -2 1 253
 105 -2 2 117
 15 1 -1 6
 55 0 3 287
 55 -1 2 123
 55 3 0 82
 55 -1 -1 329
 55 2 3 78
 55 2 0 99
 55 0 4 313
 55 3 1 257
 55 -1 -2 118
 55 -3 -1 63
 55 -1 4 125
 55 1 3 223
 55 -1 0 350
 55 2 2 168
 55 1 0 97
 55 1 2 271
 55 0 1 325
 55 0 2 146
 55 -4 -1 132
 55 -1 1 283
 55 1 1 63
 55 -1 -3 20
 55 -1 3 177
 5 1 4 131
 55 0 0 193
 55 -3 0 260
 55 2 1 62
 55 -2 0 240
 "contig-ratio-green-core" 0.75
 "contig-ratio-red-core" 0.55
 "a-count" 8
 "b-count" 5
 "c-color-count" 23
 "c-express-count" 23
 "d-color-count" 20
 "d-express-count" 20
 "cell-count" 56
 105 0 -4 318
 15 3 -2 108
 15 -1 3 293
 15 1 3 5
 15 0 3 45
 15 -1 -3 80
 105 -2 -3 88
 15 3 -3 295
 15 -2 3 176
 15 -1 2 255
 15 4 -2 48
 105 -1 -2 323
 15 -2 -2 105
 15 -2 -1 190
 15 4 0 271
 15 -3 1 187
 15 0 4 310
 15 -3 0 10
 15 -3 -1 187
 105 0 2 109
 15 2 2 359
 15 -3 -2 168
 105 -1 4 80
 15 2 3 306
 105 -2 1 278
 105 -3 3 340
 15 4 -1 116
 105 -2 0 65
 5 1 -3 134
 55 2 1 86
 55 -1 1 73
 55 1 0 329
 55 -4 -1 236
 55 2 0 126
 55 0 -3 228
 55 2 -1 97
 5 1 4 220
 55 0 -1 124
 55 1 2 27
 55 3 3 237
 55 1 1 256
 55 3 1 129
 55 -4 0 206
 55 1 -2 297
 55 3 0 211
 5 -1 -4 152
 55 1 -1 218
 55 -1 -1 104
 55 -4 1 198
 55 0 1 120
 55 0 -2 115
 5 3 2 312
 55 -1 0 331
 55 0 0 225
 5 1 -4 51
 55 4 1 351
 "contig-ratio-green-core" 0.6
 "contig-ratio-red-core" 0.7857142857142857
 "a-count" 5
 "b-count" 6
 "c-color-count" 22
 "c-express-count" 22
 "d-color-count" 24
 "d-express-count" 23
 "cell-count" 56
 15 -3 1 328
 15 4 1 83
 15 -3 -1 176
 105 1 -3 50
 15 4 0 212
 105 -2 3 176
 15 2 -1 64
 15 4 -1 162
 15 -2 2 126
 15 3 2 101
 15 1 3 100
 15 -3 2 311
 15 1 -1 241
 15 -1 -2 306
 105 -4 -1 262
 15 -3 3 349
 15 -2 0 141
 15 -2 -1 159
 15 2 -2 29
 15 1 -2 165
 15 0 -3 281
 15 3 -1 255
 15 3 -2 142
 15 -1 -4 153
 15 -3 0 110
 15 -1 -3 62
 105 -2 1 347
 15 0 -2 32
 5 0 4 33
 5 0 -4 153
 55 -1 0 116
 55 3 1 313
 55 2 1 184
 55 -1 2 179
 55 -1 1 166
 55 1 2 43
 55 0 2 258
 55 -2 -2 89
 55 -3 -3 126
 55 2 0 330
 55 1 0 39
 55 0 -1 285
 55 -4 1 81
 55 -2 -3 152
 55 -1 3 95
 55 1 1 192
 5 -1 4 126
 55 0 1 208
 55 0 0 134
 55 -1 -1 119
 55 1 4 237
 5 2 2 195
 55 0 3 129
 5 2 3 311
 55 1 -4 321
 5 3 3 311
 "contig-ratio-green-core" 0.6875
 "contig-ratio-red-core" 0.5
