 "a-count" 9
 "b-count" 2
 "c-color-count" 26
 "c-express-count" 26
 "d-color-count" 20
 "d-express-count" 19
 "cell-count" 56
 15 -3 0 347
 15 -3 1 69
 15 1 4 6
 15 -4 0 105
 105 3 -3 199
 105 -2 2 3
 105 -1 -3 313
 15 0 2 357
 105 3 3 191
 15 -1 3 5
 15 -2 1 272
 15 2 -2 76
 15 4 1 229
 15 -1 2 62
 105 -3 -3 281
 15 4 -1 187
 15 1 -2 359
 15 4 0 59
 15 -3 -1 109
 15 0 3 96
 15 1 -3 67
 15 -3 -2 17
 105 1 -4 109
 15 0 -4 21
 105 2 -3 40
 105 -1 -4 14
 15 0 4 194
 15 -4 1 359
 55 -2 0 140
 55 1 -1 7
 55 -3 3 0
 55 -1 0 39
 55 2 1 86
 55 1 0 38
 55 -1 -2 281
 55 3 -1 164
 55 0 1 49
 55 0 -1 260
 55 2 -1 309
 55 0 0 207
 5 2 3 253
 55 0 -2 199
 55 2 0 272
 55 -1 -1 137
 55 3 1 180
 55 -2 -3 308
 55 -1 1 207
 55 -3 2 91
 55 3 -2 210
 55 1 2 51
 55 -2 -1 333
 55 2 2 266
 55 1 1 297
 55 -2 -2 3
 5 -2 3 95
 55 3 0 112
 "contig-ratio-green-core" 0.6666666666666666
 "contig-ratio-red-core" 0.6875
 "a-count" 10
 "b-count" 5
 "c-color-count" 24
 "c-express-count" 23
 "d-color-count" 20
 "d-express-count" 18
 "cell-count" 56
 15 0 -2 30
 15 1 -2 106
 105 1 4 254
 105 1 -4 194
 15 3 2 280
 15 2 1 346
 15 -4 -1 216
 15 -4 0 249
 105 -4 1 69
 15 3 0 183
 15 -2 0 91
 15 -1 -3 176
 15 -3 0 101
 15 3 3 252
 105 0 -4 263
 15 -2 1 318
 15 -1 4 26
 105 0 4 78
 105 1 -3 257
 15 -3 1 313
 105 -3 2 259
 105 3 -3 207
 15 2 -1 200
 15 2 -2 204
 15 2 0 353
 15 3 1 272
 15 -2 -3 141
 15 -1 -2 260
 55 -1 0 46
 55 2 -3 5
 55 0 2 299
 55 4 -1 133
 55 -3 -3 239
 55 1 0 286
 55 -3 -2 135
 55 1 1 89
 55 1 -1 151
 5 -2 2 213
 55 1 2 200
 55 -2 -2 147
 55 -1 3 36
 55 -1 2 180
 55 1 3 327
 55 0 0 190
 55 -2 3 239
 55 2 2 138
 5 -2 -1 288
 55 -1 1 71
 55 3 -1 81
 5 3 -2 51
 55 0 -1 52
 55 0 3 189
 55 -1 -1 69
 5 -1 -4 307
 55 0 1 247
 55 2 3 145
 "contig-ratio-green-core" 0.7222222222222222
 "contig-ratio-red-core" 0.8125
 "a-count" 9
 "b-count" 6
 "c-color-count" 22
 "c-express-count" 22
 "d-color-count" 20
 "d-express-count" 19
 "cell-count" 56
 15 4 0 74
 15 2 2 255
 105 3 3 267
 15 2 0 298
 105 3 1 184
 105 2 -1 287
 15 -3 -1 89
 105 3 2 128
 15 -1 -4 232
 15 1 -1 205
 15 2 1 171
 15 -3 -2 13
 15 1 2 64
 15 -1 -1 73
 105 4 -1 183
 15 1 -2 53
 15 1 -3 246
 15 2 -3 176
 15 0 4 302
 15 1 3 280
 15 -1 -2 186
 15 0 -1 45
 15 -2 2 60
 105 -2 -2 180
 105 3 -2 314
 105 1 4 231
 15 0 -2 40
 15 0 3 207
 55 -1 -3 87
 55 -2 -3 163
 55 0 -3 166
 55 0 0 81
 5 -3 2 164
 55 0 -4 4
 55 -1 3 326
 55 3 -3 137
 5 -1 4 345
 55 -4 -1 88
 55 -2 0 10
 55 0 1 340
 55 -1 0 336
 55 -2 1 147
 55 2 3 334
 55 0 2 187
 5 -3 3 356
 55 -1 1 81
 55 -3 0 308
 55 -3 1 191
 5 -4 1 24
 5 -2 3 271
 55 -1 2 260
 55 1 0 244
 55 5 0 112
 55 -4 0 117
 55 1 1 244
 5 1 -4 181
 "contig-ratio-green-core" 0.8
 "contig-ratio-red-core" 0.7647058823529411
 "a-count" 9
 "b-count" 3
 "c-color-count" 25
 "c-express-count" 25
 "d-color-count" 19
 "d-express-count" 19
 "cell-count" 56
 15 1 -3 289
 105 -3 -3 341
 15 0 3 39
 15 2 3 199
 15 1 1 223
 105 -4 0 59
 105 -2 3 85
 15 -1 -4 194
 15 1 3 342
 15 -2 -3 45
 15 0 2 309
 15 4 1 101
 105 -3 3 301
 15 0 -3 331
 105 -1 3 210
 105 -1 4 263
 15 -1 2 181
 15 4 -1 101
 15 1 2 149
 105 0 4 335
 15 -1 -5 148
 15 4 0 261
 15 -1 -3 88
 105 0 -4 168
 15 -2 2 333
 15 1 -4 336
 15 -3 0 28
 105 -3 -2 122
 55 3 -1 198
 55 -4 -1 207
 55 2 0 308
 55 1 4 1
 55 -1 1 213
 55 2 -2 61
 55 -3 -1 254
 55 1 -1 26
 55 0 0 223
 55 -2 -2 232
 5 3 3 156
 55 2 -3 99
 55 0 1 186
 55 3 0 291
 55 1 0 64
 55 -1 -2 40
 55 -3 2 225
 55 -1 -1 185
 55 0 -1 123
 5 3 2 153
 55 -1 0 120
 55 1 -2 340
 55 -2 0 79
 55 -2 1 333
 5 3 -2 301
 55 2 -1 144
 55 0 -2 290
 55 -2 -1 35
 "contig-ratio-green-core" 0.7857142857142857
 "contig-ratio-red-core" 0.8125
