 "a-count" 6
 "b-count" 5
 "c-color-count" 23
 "c-express-count" 23
 "d-color-count" 22
 "d-express-count" 22
 "cell-count" 56
 105 3 -3 345
 15 -1 3 66
 15 -1 -2 358
 15 2 1 160
 15 3 1 310
 15 1 3 259
 105 1 4 141
 15 2 3 280
 15 1 -2 206
 105 3 3 298
 15 -1 2 141
 15 -1 4 77
 15 2 -2 49
 15 1 1 188
 15 4 0 48
 105 0 -4 47
 15 3 -1 319
 15 -3 -2 178
 105 0 3 140
 15 -1 -3 93
 15 0 -2 336
 15 1 2 126
 15 2 2 338
 15 4 1 319
 15 -2 3 38
 105 0 4 127
 15 -2 -3 93
 15 3 0 71
 55 1 -1 275
 55 -1 0 11
 55 -2 -1 123
 55 2 -1 332
 55 -1 1 57
 5 -4 0 10
 55 -2 -2 88
 55 -3 2 263
 55 -2 2 324
 5 4 -1 256
 55 3 2 307
 55 -3 1 323
 55 0 -3 218
 55 -3 3 301
 55 -3 0 357
 55 0 0 46
 5 -3 -3 252
 55 -3 -1 68
 55 4 2 263
 55 -1 -1 152
 55 0 1 320
 55 2 0 196
 5 -4 -1 92
 55 -2 1 198
 55 -2 0 300
 55 0 -1 61
 5 2 -3 178
 55 1 0 345
 "contig-ratio-green-core" 0.9375
 "contig-ratio-red-core" 0.7058823529411765
 "a-count" 10
 "b-count" 2
 "c-color-count" 26
 "c-express-count" 26
 "d-color-count" 21
 "d-express-count" 18
 "cell-count" 56
 105 0 4 134
 15 -4 1 247
 15 -2 1 295
 15 -3 0 38
 105 1 -4 7
 15 -4 -1 306
 15 1 -2 152
 15 -3 2 77
 105 -3 -2 271
 105 3 -2 79
 15 3 0 183
 105 -1 4 86
 15 2 -2 20
 15 2 -1 255
 15 3 -1 310
 15 -1 3 326
 15 -3 1 351
 105 4 1 267
 15 -4 0 33
 15 0 3 32
 15 0 -2 74
 105 -3 -3 19
 15 -1 -3 289
 15 1 4 88
 15 0 -4 278
 15 3 3 81
 15 3 1 63
 15 0 -3 280
 55 -1 2 98
 55 0 2 162
 55 0 1 220
 55 1 2 67
 55 -2 -1 220
 5 4 -1 354
 55 -1 -2 99
 55 -2 -3 257
 55 -1 -4 131
 55 2 3 134
 55 1 1 273
 5 3 -3 177
 55 -3 3 0
 55 1 -1 340
 55 -1 1 6
 55 -2 -2 186
 55 -1 -1 358
 55 0 -1 232
 55 -1 0 10
 55 2 2 54
 55 2 1 23
 55 0 0 13
 55 1 0 9
 55 1 3 187
 55 -3 -1 53
 55 -2 3 121
 55 -2 0 304
 55 2 0 333
 "contig-ratio-green-core" 0.8235294117647058
 "contig-ratio-red-core" 0.8823529411764706
 "a-count" 10
 "b-count" 2
 "c-color-count" 26
 "c-express-count" 26
 "d-color-count" 19
 "d-express-count" 18
 "cell-count" 56
 105 -3 3 269
 15 4 1 358
 15 1 -2 1
 15 -2 -2 172
 15 1 -3 23
 105 -1 4 130
 15 -4 0 176
 105 -3 -1 246
 15 -2 1 341
 105 -3 -3 124
 15 3 -2 298
 15 -1 3 170
 15 -2 -1 265
 105 3 -3 88
 105 0 4 178
 15 2 -2 71
 105 4 -1 337
 105 -3 0 318
 15 -2 0 21
 105 -4 1 120
 15 -2 3 284
 15 3 0 208
 15 3 2 14
 15 1 -4 17
 15 -2 2 243
 15 3 -1 292
 15 0 3 345
 15 1 3 29
 55 2 3 356
 55 2 1 243
 55 0 -3 43
 55 -2 -3 281
 55 0 2 248
 55 1 0 109
 5 -3 1 107
 55 0 -1 35
 55 -1 1 324
 55 2 0 157
 55 -3 -2 51
 55 0 1 241
 55 1 1 259
 55 -1 -2 195
 55 2 2 220
 55 0 0 74
 5 3 3 44
 55 1 4 250
 55 -1 -4 28
 55 1 -1 333
 55 3 1 56
 55 -1 2 63
 55 -1 0 189
 55 1 2 243
 55 -1 -1 281
 55 0 -2 183
 55 0 -4 245
 55 2 -1 353
 "contig-ratio-green-core" 0.9375
 "contig-ratio-red-core" 1.2307692307692308
