 "a-count" 13
 "b-count" 3
 "c-color-count" 26
 "c-express-count" 25
 "d-color-count" 19
 "d-express-count" 15
 "cell-count" 56
 15 -2 -3 2
 105 -4 1 129
 15 1 2 310
 15 4 1 16
 105 4 -1 301
 15 -2 1 224
 105 -4 -2 42
 15 2 -3 126
 105 -2 2 3
 15 3 0 289
 15 -3 0 258
 15 3 1 18
 15 -3 -1 92
 105 -3 2 298
 15 0 3 125
 15 -3 -2 186
 15 -4 -1 215
 105 -4 0 287
 15 -1 3 286
 15 -2 3 292
 15 1 -4 111
 15 2 -2 82
 15 0 -3 68
 15 1 -5 136
 105 -1 -3 9
 105 1 1 293
 105 3 -3 223
 15 -3 1 88
 55 2 -1 305
 55 1 -1 11
 55 3 2 317
 55 0 -1 164
 55 3 -2 82
 55 -1 1 289
 55 1 -2 29
 55 1 0 115
 55 0 1 42
 5 -1 0 213
 55 -1 2 197
 5 -3 3 349
 55 0 2 191
 55 1 3 84
 55 1 -3 24
 55 -1 -2 274
 55 2 3 337
 55 -2 -1 146
 55 0 -2 152
 55 -2 -2 250
 55 -1 -1 176
 55 3 -1 95
 55 0 0 31
 55 2 0 1
 55 1 4 317
 55 3 3 183
 55 -2 0 305
 55 -3 -3 157
 "contig-ratio-green-core" 0.7
 "contig-ratio-red-core" 0.8823529411764706
 "a-count" 5
 "b-count" 6
 "c-color-count" 23
 "c-express-count" 22
 "d-color-count" 24
 "d-express-count" 23
 "cell-count" 56
 105 -1 4 302
 15 1 3 39
 15 -3 0 70
 15 -4 0 162
 15 4 0 164
 15 -1 -2 336
 15 4 -1 27
 15 -4 -1 294
 15 2 2 85
 15 0 -4 122
 105 -3 -3 279
 15 0 3 328
 15 -2 -1 262
 105 2 -3 291
 15 -3 1 276
 15 0 -2 122
 15 -2 -2 15
 15 -3 -1 115
 15 -1 -3 116
 105 -3 -2 177
 15 -3 2 273
 15 1 2 16
 15 1 -2 176
 15 -2 0 172
 15 2 3 135
 15 3 -2 257
 15 0 -3 69
 15 -1 3 7
 55 0 1 181
 5 -1 -4 104
 55 1 0 37
 55 0 -1 222
 55 3 -1 354
 55 0 4 291
 5 2 0 144
 5 -4 1 15
 55 -2 -3 322
 55 -1 0 195
 55 2 -2 228
 55 1 1 237
 55 -1 2 96
 55 3 3 219
 55 -1 -1 194
 55 -1 1 169
 55 3 1 188
 5 -3 3 115
 55 -2 1 156
 55 1 -3 48
 5 3 2 305
 55 2 1 96
 55 3 0 171
 55 2 -1 341
 55 -2 2 56
 55 1 -1 246
 55 -2 3 293
 55 0 0 88
 "contig-ratio-green-core" 0.875
 "contig-ratio-red-core" 0.8421052631578947
 "a-count" 9
 "b-count" 5
 "c-color-count" 23
 "c-express-count" 23
 "d-color-count" 20
 "d-express-count" 19
 "cell-count" 56
 15 1 -2 320
 15 -2 1 116
 15 4 0 248
 15 -2 2 143
 15 1 3 285
 15 2 -3 311
 15 2 -2 321
 15 -1 -4 25
 15 1 -1 55
 15 -1 -1 359
 15 -1 -2 58
 105 3 -2 231
 105 -2 -2 93
 105 3 3 354
 105 4 -1 278
 15 -3 1 127
 105 0 -4 6
 15 -4 1 69
 15 0 -2 139
 15 4 1 55
 105 -2 0 274
 15 2 -1 101
 15 0 -1 255
 105 1 -4 124
 15 -2 -1 127
 15 -4 -1 266
 105 -3 0 273
 15 2 3 119
 55 0 1 86
 55 0 -3 164
 55 1 0 194
 55 2 2 175
 5 3 -3 177
 55 3 2 76
 5 -3 -2 2
 55 1 2 263
 55 3 0 127
 55 -1 0 219
 5 -3 2 350
 55 2 1 2
 55 3 1 97
 55 1 -3 126
 55 -4 0 125
 55 0 0 260
 55 -1 -3 29
 55 -1 3 253
 55 -1 1 237
 55 0 3 316
 55 -1 4 109
 55 0 2 231
 5 -2 -3 354
 55 2 0 93
 55 -2 3 285
 55 1 1 211
 55 -1 2 334
 5 1 4 61
 "contig-ratio-green-core" 0.8
 "contig-ratio-red-core" 0.875
 "a-count" 7
 "b-count" 2
 "c-color-count" 26
 "c-express-count" 26
 "d-color-count" 21
 "d-express-count" 21
 "cell-count" 56
 15 4 1 203
 15 2 -3 35
 15 -1 4 94
 15 3 -1 16
 15 -3 -2 337
 105 3 2 180
 105 1 4 358
 15 -3 0 359
 105 4 -1 261
 105 2 3 319
 15 -2 -2 251
 15 -1 -2 40
 105 -4 0 294
 15 -1 -1 118
 15 1 3 239
 15 0 -3 326
 15 1 -4 272
 15 1 -3 28
 15 -2 0 261
 15 -4 1 64
 15 2 2 286
 105 -2 -1 147
 15 -3 -1 3
 15 -1 -3 353
 105 0 4 27
 15 4 0 65
 15 -3 1 204
 15 -3 2 295
 55 -1 1 211
 55 3 1 247
 55 1 1 343
 55 -1 -4 130
 55 1 0 122
 55 0 2 100
 5 3 -3 115
 55 0 0 167
 55 0 -4 285
 55 0 -1 272
 55 1 -1 237
 55 -2 3 191
 55 -2 1 123
 55 -2 2 294
 55 -1 3 88
 55 3 0 184
 55 0 3 42
 55 -3 -3 41
 55 2 -2 29
 55 2 0 329
 55 0 1 37
 5 -2 -3 158
 55 2 -1 94
 55 -1 2 281
 55 1 2 27
 55 2 1 189
 55 1 -2 179
 55 -1 0 50
 "contig-ratio-green-core" 0.9411764705882353
 "contig-ratio-red-core" 0.8888888888888888
