 "a-count" 14
 "b-count" 2
 "c-color-count" 26
 "c-express-count" 26
 "d-color-count" 16
 "d-express-count" 14
 "cell-count" 56
 15 -4 0 8
 15 -3 0 123
 15 -2 2 337
 105 1 4 216
 15 2 -2 140
 105 1 3 254
 15 -3 1 265
 105 -3 -3 233
 105 1 -3 192
 105 -3 -2 304
 105 -4 1 220
 15 -1 2 245
 105 2 -4 203
 15 -1 3 11
 15 2 -3 56
 105 4 -1 253
 15 -1 -4 8
 15 4 1 238
 15 -3 -1 269
 15 2 3 174
 15 3 -1 38
 15 4 2 18
 105 1 -4 155
 15 4 0 205
 15 0 -4 331
 105 -2 -3 222
 105 0 3 108
 105 -4 -1 275
 55 -1 -2 324
 55 -1 -1 283
 55 3 1 335
 55 1 1 334
 55 1 -2 266
 55 0 0 322
 55 0 2 25
 5 3 3 246
 55 -1 -3 149
 55 -1 0 309
 55 2 2 320
 55 3 -3 260
 55 -2 -1 74
 55 2 0 65
 55 1 -1 217
 5 3 -2 87
 55 0 -3 32
 55 0 -1 264
 55 3 0 335
 55 2 -1 108
 55 1 2 1
 55 0 -2 135
 55 -2 3 171
 55 -2 0 148
 55 -2 -2 319
 55 1 0 79
 55 3 2 20
 55 0 1 116
 "contig-ratio-green-core" 0.625
 "contig-ratio-red-core" 0.8461538461538461
 "a-count" 6
 "b-count" 2
 "c-color-count" 27
 "c-express-count" 26
 "d-color-count" 22
 "d-express-count" 22
 "cell-count" 56
 15 3 1 193
 105 -4 0 243
 15 -3 -1 166
 15 -3 0 262
 15 1 4 185
 15 -3 1 34
 15 3 2 251
 15 3 3 162
 15 -1 4 337
 15 1 2 359
 105 2 4 54
 15 1 -4 100
 15 -3 -2 268
 15 3 -3 141
 15 2 2 209
 105 4 1 109
 105 -1 -4 352
 15 0 -3 216
 15 1 3 318
 15 2 -3 87
 15 0 3 11
 15 -2 -2 202
 15 1 -3 115
 15 -1 3 257
 105 2 3 284
 15 -4 1 319
 105 -1 -3 9
 15 0 -4 269
 55 -2 -1 307
 5 -3 -3 209
 55 -3 3 193
 55 2 1 191
 55 2 -1 201
 55 3 0 324
 55 0 -1 262
 55 4 0 116
 55 2 -2 192
 55 1 1 242
 55 -2 0 238
 55 3 -1 209
 55 -1 0 273
 55 1 0 133
 55 -1 2 191
 55 1 -1 4
 55 -3 2 167
 55 -2 1 225
 55 3 -2 168
 55 1 -2 228
 55 2 0 320
 55 -1 -2 13
 55 0 -2 39
 55 0 1 176
 55 0 0 75
 55 0 2 303
 55 -4 3 338
 55 -1 1 179
 "contig-ratio-green-core" 0.65
 "contig-ratio-red-core" 0.7222222222222222
 "a-count" 3
 "b-count" 5
 "c-color-count" 24
 "c-express-count" 23
 "d-color-count" 25
 "d-express-count" 25
 "cell-count" 56
 15 0 -2 342
 15 1 4 35
 15 -1 -3 69
 105 4 0 264
 15 2 -2 20
 15 2 2 114
 15 3 1 86
 15 0 -3 217
 15 2 0 320
 15 2 -1 95
 15 -3 1 95
 15 0 3 275
 15 3 0 311
 15 -3 0 106
 15 -3 -1 293
 15 3 2 73
 15 1 -2 177
 15 1 3 34
 15 4 -1 62
 105 -3 -3 330
 15 1 -4 81
 15 2 1 118
 105 -2 -3 342
 15 1 -3 111
 15 -1 -2 310
 15 0 4 226
 15 -2 -1 124
 15 -3 2 267
 55 -2 0 139
 55 -2 1 249
 5 -1 -4 11
 55 0 0 254
 5 2 3 312
 55 -3 3 304
 55 3 -1 226
 55 -4 0 258
 55 2 -3 185
 55 3 -3 124
 55 -1 -1 130
 55 -1 3 188
 55 -1 2 141
 55 1 0 358
 55 1 1 280
 55 -2 3 244
 5 -1 4 58
 55 1 -1 63
 55 -2 2 158
 55 1 2 319
 55 -1 0 175
 5 0 -4 272
 55 3 3 228
 55 0 -1 292
 55 -3 -2 97
 55 0 2 70
 55 0 1 237
 55 -1 1 207
 "contig-ratio-green-core" 1
 "contig-ratio-red-core" 0.6818181818181818
