 "a-count" 10
 "b-count" 8
 "c-color-count" 22
 "c-express-count" 20
 "d-color-count" 20
 "d-express-count" 18
 "cell-count" 56
 15 3 1 257
 105 -1 3 76
 15 -1 -3 201
 15 -3 1 73
 15 -3 0 37
 15 -1 2 286
 15 0 -3 73
 15 -2 -2 248
 15 -3 -2 224
 105 -1 -4 196
 15 -5 -1 28
 105 2 -3 326
 15 1 2 170
 15 -4 0 22
 15 0 3 142
 15 0 -4 48
 105 -2 2 74
 15 0 2 43
 15 1 3 185
 15 2 1 204
 15 0 4 243
 15 2 2 106
 105 1 4 285
 105 -4 1 59
 105 -3 2 79
 15 3 2 96
 15 -4 -1 179
 105 3 -3 121
 55 -2 -3 187
 5 3 -2 296
 55 -2 1 75
 5 3 -1 294
 55 0 1 201
 55 0 0 4
 55 1 -1 32
 55 -1 -1 187
 55 3 0 42
 55 1 0 54
 55 1 1 217
 55 0 -1 283
 5 3 3 351
 5 4 0 148
 55 -2 0 245
 5 4 1 343
 55 4 -1 25
 5 -3 -3 303
 55 -1 0 337
 55 2 0 236
 55 1 -2 309
 55 -2 -1 162
 55 -1 1 18
 55 0 -2 281
 55 2 -1 31
 55 -1 -2 24
 55 1 -3 191
 55 -1 4 97
 "contig-ratio-green-core" 0.6666666666666666
 "contig-ratio-red-core" 0.6842105263157895
 "a-count" 8
 "b-count" 4
 "c-color-count" 24
 "c-express-count" 24
 "d-color-count" 21
 "d-express-count" 20
 "cell-count" 56
 15 0 -3 227
 105 3 -2 20
 15 -3 -3 282
 15 -1 -3 92
 15 -3 0 45
 15 3 -1 115
 15 -2 -2 359
 105 3 0 17
 15 -1 3 51
 15 -1 -4 172
 15 -2 -1 192
 105 -2 2 39
 15 1 -4 190
 105 0 -4 343
 15 -4 1 114
 15 -3 1 134
 15 2 -4 78
 15 -2 1 136
 15 1 -3 17
 105 4 0 268
 105 0 -4 217
 15 -1 -2 180
 15 -1 -4 351
 15 4 -1 39
 15 2 1 323
 105 -4 0 354
 15 -2 -3 281
 15 -3 -1 244
 55 1 -1 321
 55 2 -2 64
 5 2 3 217
 55 3 3 156
 5 0 2 246
 55 0 0 328
 55 4 1 3
 55 2 2 262
 55 0 1 74
 55 -1 -1 58
 55 -3 -4 160
 55 -1 0 271
 55 0 -1 141
 55 -2 -4 100
 55 1 0 136
 55 2 -2 60
 55 1 -2 157
 55 1 1 202
 5 3 -3 87
 55 2 -3 290
 5 3 1 125
 55 2 0 90
 55 -3 3 217
 55 2 -1 301
 55 0 -2 165
 55 0 -1 257
 55 -1 0 134
 55 -1 1 288
 "contig-ratio-green-core" 0.7058823529411765
 "contig-ratio-red-core" 0.4444444444444444
 "a-count" 7
 "b-count" 5
 "c-color-count" 23
 "c-express-count" 23
 "d-color-count" 21
 "d-express-count" 21
 "cell-count" 56
 15 2 -2 139
 15 -2 1 156
 105 3 3 314
 15 0 3 300
 15 0 2 27
 105 -1 4 76
 15 -1 2 229
 105 3 -3 46
 105 0 4 73
 15 3 -2 59
 15 -2 -2 168
 15 -3 -2 8
 15 0 -3 71
 15 3 1 312
 15 4 0 223
 15 2 3 239
 105 -1 -4 296
 15 2 -3 349
 105 1 4 155
 15 3 -1 312
 15 -1 -2 276
 105 -3 3 115
 15 1 2 118
 15 3 0 317
 15 1 3 90
 15 4 1 278
 15 -3 1 197
 15 1 -3 268
 55 -1 3 255
 5 4 -1 217
 55 2 -1 91
 55 -1 -1 109
 55 0 0 120
 55 2 0 286
 55 -1 0 100
 55 3 2 44
 55 2 2 251
 55 -3 0 157
 5 -4 0 130
 55 0 1 78
 5 -2 3 57
 5 -2 -3 102
 55 -2 2 250
 55 -2 -1 354
 55 0 -4 70
 55 2 1 2
 55 1 0 31
 55 -2 0 92
 55 1 -2 252
 5 -3 2 130
 55 0 -2 326
 55 -4 -1 278
 55 -1 1 130
 55 -3 -1 268
 55 1 1 305
 55 0 -1 194
 "contig-ratio-green-core" 0.8
 "contig-ratio-red-core" 1.0625
