 "a-count" 5
 "b-count" 4
 "c-color-count" 24
 "c-express-count" 24
 "d-color-count" 23
 "d-express-count" 23
 "cell-count" 56
 15 -2 -1 25
 15 -3 0 214
 15 0 -1 79
 15 -1 2 185
 15 0 4 158
 15 3 0 199
 15 -1 -2 297
 15 2 -1 129
 15 -1 1 310
 105 -2 1 224
 15 4 1 185
 15 -2 -2 116
 15 1 -2 359
 105 3 -2 305
 105 1 4 185
 15 3 1 148
 15 -1 -1 54
 15 3 -1 161
 105 -4 1 11
 15 2 -3 168
 15 1 -1 101
 15 -1 0 159
 15 4 0 199
 15 0 0 163
 15 2 -2 14
 105 -3 -3 108
 15 -2 0 157
 15 -3 3 165
 55 1 1 313
 55 4 -1 281
 55 0 1 176
 55 1 3 27
 55 0 3 220
 55 -1 3 70
 55 0 2 346
 55 2 3 192
 55 1 0 172
 55 -1 -3 163
 55 2 2 242
 5 3 -3 235
 5 -3 2 351
 55 -4 -2 142
 55 -3 -2 123
 55 1 -4 141
 55 -4 0 336
 5 3 3 236
 55 1 2 35
 55 -2 3 343
 55 -1 -4 282
 5 -2 2 222
 55 -4 -1 113
 55 0 -4 3
 55 2 0 236
 55 1 -3 3
 55 2 1 254
 55 0 -3 343
 "contig-ratio-green-core" 0.7368421052631579
 "contig-ratio-red-core" 0.6666666666666666
 "a-count" 8
 "b-count" 3
 "c-color-count" 25
 "c-express-count" 25
 "d-color-count" 21
 "d-express-count" 20
 "cell-count" 56
 15 0 3 311
 105 -3 -1 262
 15 0 2 342
 15 3 -2 250
 15 -1 4 136
 15 -4 -1 236
 15 0 -3 78
 105 2 3 172
 15 1 2 166
 15 -1 2 330
 15 -4 1 343
 15 -1 -4 277
 15 4 0 83
 15 3 -1 67
 105 3 -3 83
 15 -5 1 84
 105 -3 2 113
 15 -4 0 223
 15 2 2 154
 15 3 0 115
 15 -1 -3 350
 15 3 1 48
 105 1 -3 217
 15 -1 3 158
 105 1 -4 104
 15 2 -3 145
 105 4 -2 112
 15 4 -1 55
 55 2 -2 311
 55 -1 1 200
 55 -1 0 253
 55 1 0 192
 55 -1 -2 298
 55 2 1 232
 55 2 0 333
 55 2 -1 318
 5 -2 3 12
 55 1 4 187
 55 -2 -2 294
 55 -2 1 255
 55 2 4 84
 55 -2 2 15
 55 1 -2 243
 55 -2 0 111
 55 0 1 114
 55 1 -1 356
 5 -3 0 110
 5 -3 1 166
 55 -2 -3 308
 55 0 0 208
 55 1 1 165
 55 0 -1 58
 55 -2 -1 44
 55 0 4 342
 55 -1 -1 246
 55 0 -2 133
 "contig-ratio-green-core" 0.8666666666666667
 "contig-ratio-red-core" 0.5882352941176471
 "a-count" 12
 "b-count" 2
 "c-color-count" 26
 "c-express-count" 26
 "d-color-count" 17
 "d-express-count" 16
 "cell-count" 56
 15 -2 -2 144
 15 -4 -1 318
 15 2 -1 209
 15 2 0 96
 105 -3 3 331
 105 4 0 256
 15 -3 -2 298
 15 -1 3 345
 105 -1 -3 117
 105 -3 2 293
 15 3 2 141
 15 2 -3 101
 15 1 3 120
 15 -3 1 217
 15 3 1 153
 105 1 4 104
 15 3 0 251
 15 2 2 1
 105 3 -2 282
 105 4 1 334
 15 2 1 102
 105 0 4 331
 15 0 3 34
 105 -3 -3 224
 105 3 -1 230
 15 2 -2 172
 15 -2 -3 46
 105 -1 -4 33
 55 -2 -1 250
 55 -2 2 171
 55 1 -1 225
 55 1 -2 21
 55 1 1 293
 55 0 -4 281
 55 -2 0 15
 55 -1 -2 309
 55 -1 -1 277
 55 -3 -1 58
 55 3 3 166
 5 -1 4 276
 5 -1 1 60
 55 1 -3 49
 55 1 0 350
 55 0 0 149
 55 -3 0 337
 55 -1 2 67
 55 1 2 136
 55 0 2 341
 55 -2 1 205
 55 -1 0 337
 55 -2 3 247
 55 2 3 90
 55 0 1 286
 55 0 -2 88
 55 0 -1 201
 55 0 -3 78
 "contig-ratio-green-core" 0.7368421052631579
 "contig-ratio-red-core" 1.1428571428571428
 "a-count" 9
 "b-count" 5
 "c-color-count" 23
 "c-express-count" 23
 "d-color-count" 20
 "d-express-count" 19
 "cell-count" 56
 15 3 1 133
 105 1 -4 225
 15 -2 2 272
 15 3 -1 66
 15 0 3 307
 105 -3 0 355
 15 -1 3 265
 105 -3 2 53
 15 3 0 10
 15 4 -1 59
 15 3 2 120
 15 1 3 355
 15 4 0 254
 15 -3 -2 207
 105 4 1 39
 15 0 -2 148
 105 3 -2 138
 105 -3 3 74
 105 -3 1 210
 15 -1 -1 46
 15 -2 1 34
 15 2 2 54
 15 -4 1 127
 15 -3 -1 120
 15 -2 0 319
 15 -2 -1 49
 105 2 3 131
 15 -1 -2 26
 55 -2 -2 22
 55 -1 4 230
 5 -2 -3 266
 55 1 4 264
 55 -1 2 153
 5 3 3 196
 55 1 1 209
 55 0 1 61
 55 -1 0 140
 55 0 0 157
 5 -2 3 198
 55 1 2 92
 55 -1 1 327
 55 1 -2 96
 55 0 -1 181
 55 -4 -1 36
 55 0 -3 135
 55 2 1 111
 55 -4 0 53
 55 2 0 22
 55 2 -2 162
 55 1 -3 197
 55 2 -1 207
 55 1 0 357
 5 -1 -3 265
 5 0 4 243
 55 0 2 33
 55 1 -1 310
 "contig-ratio-green-core" 1
 "contig-ratio-red-core" 0.7777777777777778
