 "a-count" 11
 "b-count" 1
 "c-color-count" 27
 "c-express-count" 27
 "d-color-count" 17
 "d-express-count" 17
 "cell-count" 56
 105 2 -3 28
 15 -3 0 199
 15 1 -3 281
 105 -3 -2 312
 105 -3 3 89
 105 -4 -1 235
 15 4 0 324
 105 1 -4 355
 15 2 -2 294
 15 -2 -3 113
 105 0 4 140
 15 -4 1 240
 15 0 -3 354
 15 -3 1 346
 15 1 -2 353
 15 4 1 346
 15 -1 -2 346
 15 0 -2 163
 105 1 4 308
 15 -3 2 306
 15 -2 2 359
 15 3 2 199
 105 4 -1 17
 105 -1 -3 256
 15 3 -1 77
 105 3 -3 144
 105 3 -2 208
 15 2 3 167
 55 0 0 147
 55 -1 -4 52
 55 -2 0 68
 55 -1 3 198
 55 1 1 275
 55 -1 1 220
 55 -1 0 189
 55 -3 -1 263
 55 1 -1 1
 55 0 3 125
 5 3 3 310
 55 -2 -1 157
 55 2 -1 325
 55 -1 2 32
 55 -2 1 227
 55 0 2 289
 55 1 0 312
 55 0 -1 166
 55 2 0 242
 55 3 1 90
 55 2 1 333
 55 1 2 95
 55 0 1 101
 55 2 2 56
 55 1 3 298
 55 -1 -1 276
 55 -2 -2 33
 55 3 0 252
 "contig-ratio-green-core" 0.8666666666666667
 "contig-ratio-red-core" 0.8461538461538461
 "a-count" 9
 "b-count" 2
 "c-color-count" 26
 "c-express-count" 26
 "d-color-count" 21
 "d-express-count" 19
 "cell-count" 56
 15 1 3 244
 15 -2 1 145
 15 1 -2 151
 105 -2 2 321
 105 -3 2 5
 15 -1 2 207
 15 3 -1 331
 15 -3 1 80
 105 -3 3 151
 15 3 0 163
 105 0 -4 336
 15 0 4 286
 15 3 1 112
 15 2 2 9
 15 0 3 50
 15 2 3 134
 105 -2 3 259
 15 -4 0 206
 15 -4 -1 94
 15 -1 -3 3
 15 -1 -4 126
 15 -1 1 337
 15 4 0 66
 15 3 -2 6
 15 1 -3 323
 105 1 -4 255
 105 3 3 187
 15 -1 3 231
 55 4 1 62
 55 0 0 296
 55 -2 -2 9
 55 -3 -1 302
 55 -3 0 236
 55 1 0 187
 55 2 0 306
 5 2 -2 134
 55 0 1 111
 5 2 -3 208
 55 1 1 224
 55 0 2 32
 55 1 -1 324
 55 -1 0 268
 55 3 2 118
 55 0 -2 138
 55 -1 4 105
 55 -2 -3 210
 55 1 2 0
 55 -1 -1 351
 55 -2 4 317
 55 -2 -1 119
 55 -3 -3 80
 55 -2 0 241
 55 2 1 331
 55 -1 -2 115
 55 0 -1 314
 55 2 -1 112
 "contig-ratio-green-core" 0.8888888888888888
 "contig-ratio-red-core" 0.8888888888888888
