 "a-count" 8
 "b-count" 7
 "c-color-count" 21
 "c-express-count" 21
 "d-color-count" 22
 "d-express-count" 20
 "cell-count" 56
 105 3 -1 186
 15 0 -2 91
 15 0 3 13
 15 1 -2 176
 105 0 -3 120
 15 -1 4 286
 15 -3 -1 59
 15 4 0 98
 15 -1 -2 333
 15 -1 3 171
 15 -1 -3 242
 15 -3 1 334
 105 4 1 235
 15 3 0 50
 15 1 3 30
 15 2 -2 16
 105 -1 -4 124
 15 -3 0 5
 15 -4 0 152
 15 1 -3 295
 15 3 2 145
 15 2 -3 356
 105 -3 -2 326
 15 3 3 351
 15 3 1 314
 105 -4 -1 27
 15 -2 -2 300
 15 3 -2 285
 5 -1 2 152
 55 -1 0 62
 55 -2 -3 145
 55 -2 -1 348
 55 1 1 26
 55 2 3 155
 55 0 0 126
 55 1 0 43
 55 0 1 78
 55 2 1 127
 5 -2 3 265
 5 1 4 183
 55 0 2 295
 55 0 -4 78
 5 -1 1 275
 55 0 -1 132
 55 2 2 57
 55 -3 -3 23
 55 -1 -1 116
 55 -2 1 211
 55 -2 2 209
 55 -2 0 44
 5 -3 3 221
 5 -4 1 291
 5 0 4 302
 55 1 -1 232
 55 2 -1 340
 55 2 0 5
 "contig-ratio-green-core" 0.9333333333333333
 "contig-ratio-red-core" 0.5789473684210527
 "a-count" 8
 "b-count" 3
 "c-color-count" 26
 "c-express-count" 25
 "d-color-count" 20
 "d-express-count" 20
 "cell-count" 56
 15 -2 2 318
 105 0 -3 55
 15 -4 0 89
 15 2 2 33
 105 3 -1 8
 15 -2 3 49
 15 2 -2 279
 15 -2 -3 298
 15 0 -2 316
 15 -1 4 331
 15 -4 -1 31
 15 -1 -3 307
 105 4 -1 233
 15 1 -2 323
 15 -3 2 38
 105 4 1 144
 105 -3 3 322
 15 -1 -4 11
 15 2 -3 111
 15 1 -3 357
 15 -1 -2 87
 15 0 -4 149
 15 -2 -2 139
 15 0 4 134
 15 4 0 6
 105 3 2 89
 105 1 -4 346
 105 1 4 319
 55 0 2 228
 55 2 -1 284
 55 -2 1 104
 55 1 0 304
 55 0 0 150
 55 -3 1 278
 55 0 1 4
 55 -2 0 49
 55 0 -1 303
 55 -3 -1 301
 5 3 -3 76
 55 1 3 359
 55 -1 1 264
 5 -3 -3 119
 55 -3 0 20
 55 -1 -1 246
 55 -1 0 191
 55 -2 -1 102
 55 3 0 127
 55 3 1 0
 55 3 -2 194
 55 2 1 175
 55 1 -1 80
 55 -1 2 193
 55 0 3 264
 55 1 2 316
 55 1 1 322
 55 2 0 96
 "contig-ratio-green-core" 0.7058823529411765
 "contig-ratio-red-core" 0.8125
 "a-count" 8
 "b-count" 9
 "c-color-count" 22
 "c-express-count" 19
 "d-color-count" 21
 "d-express-count" 20
 "cell-count" 56
 105 2 3 168
 15 2 2 203
 15 -1 3 289
 15 3 3 203
 15 1 3 319
 105 3 -1 215
 15 1 -2 7
 15 2 -2 330
 15 2 -1 357
 15 -2 3 335
 105 1 -4 26
 15 0 3 243
 15 -2 -2 318
 15 -1 4 88
 15 -3 0 194
 15 -3 -1 139
 15 4 -1 225
 15 0 4 330
 105 -3 -3 229
 15 2 1 79
 105 3 0 348
 15 -2 2 339
 105 0 -4 97
 15 2 0 113
 105 -3 2 110
 15 3 1 354
 15 1 -3 303
 15 -3 -2 79
 55 1 1 267
 5 0 -3 279
 55 -2 0 213
 55 -1 -4 61
 55 1 0 142
 55 0 -2 357
 55 -1 2 122
 5 3 2 60
 55 1 4 260
 55 0 -1 210
 55 1 2 134
 55 -1 -2 241
 55 -1 1 184
 5 -1 -3 209
 55 -1 -1 210
 55 -2 1 97
 55 -2 -3 164
 55 -1 0 85
 55 4 1 306
 55 0 1 106
 55 1 -1 163
 55 0 0 82
 55 0 2 240
 55 2 -3 182
 5 -4 0 157
 5 3 -2 236
 55 -3 1 23
 5 -4 1 101
 "contig-ratio-green-core" 0.8461538461538461
 "contig-ratio-red-core" 0.8235294117647058
 "a-count" 8
 "b-count" 6
 "c-color-count" 22
 "c-express-count" 22
 "d-color-count" 20
 "d-express-count" 20
 "cell-count" 56
 15 1 4 92
 15 -3 -1 76
 15 2 3 231
 15 0 3 276
 15 -2 -2 87
 15 0 -2 124
 105 4 1 66
 15 -1 3 194
 105 3 3 107
 15 0 -3 105
 15 -4 0 58
 15 3 -1 146
 15 -3 0 34
 15 -1 -3 99
 105 -2 3 35
 105 -4 -1 200
 15 1 3 64
 105 -1 -4 79
 105 -1 4 317
 15 -1 -2 111
 15 -3 1 253
 15 3 0 155
 105 0 -4 330
 15 4 0 329
 15 1 -3 216
 105 2 -3 72
 15 0 4 289
 15 -3 2 161
 55 0 -1 219
 55 0 2 156
 55 2 2 200
 55 3 1 265
 5 -3 -3 231
 5 -3 -2 139
 55 -1 0 159
 55 2 0 215
 55 -1 2 231
 55 1 -2 99
 55 2 1 349
 5 4 -1 45
 5 3 2 147
 5 3 -3 258
 55 0 1 10
 5 3 -2 359
 55 -2 1 311
 55 -2 -1 37
 55 1 1 43
 55 1 0 182
 55 -1 1 257
 55 0 0 71
 55 1 2 306
 55 2 -2 285
 55 2 -1 279
 55 -1 -1 179
 55 1 -1 74
 55 -2 0 214
 "contig-ratio-green-core" 0.9285714285714286
 "contig-ratio-red-core" 0.6875
