 "a-count" 7
 "b-count" 6
 "c-color-count" 23
 "c-express-count" 22
 "d-color-count" 23
 "d-express-count" 21
 "cell-count" 56
 15 2 -3 304
 15 -1 1 267
 15 2 3 31
 15 3 -1 311
 15 2 1 142
 15 -3 0 9
 15 -2 1 275
 15 -1 0 144
 105 -3 -3 323
 15 -2 2 77
 105 -2 -4 104
 105 3 3 274
 15 -1 -2 347
 15 -3 -1 129
 15 4 1 265
 15 -1 -1 40
 15 -2 -1 117
 15 -4 0 36
 15 3 2 17
 15 -3 -2 326
 15 1 -4 60
 15 -2 -2 83
 105 -4 1 2
 15 3 0 217
 15 2 2 71
 15 4 0 140
 15 3 -2 329
 105 3 -3 358
 55 1 3 13
 55 1 2 150
 5 -3 3 39
 55 0 0 172
 55 0 3 71
 55 0 -2 229
 55 1 -1 345
 5 -2 -3 175
 5 -1 4 346
 55 1 -3 356
 5 -1 -3 186
 55 0 -1 180
 55 1 1 55
 55 2 -1 233
 55 -3 1 225
 55 -1 2 125
 55 0 -3 294
 55 1 0 45
 55 2 0 49
 55 -1 3 54
 55 0 2 286
 5 -2 3 234
 55 -4 -1 62
 55 4 -1 126
 55 -1 -4 117
 55 1 -2 76
 55 0 -4 31
 55 2 -2 148
 "contig-ratio-green-core" 0.9285714285714286
 "contig-ratio-red-core" 0.631578947368421
 "a-count" 10
 "b-count" 5
 "c-color-count" 23
 "c-express-count" 23
 "d-color-count" 20
 "d-express-count" 18
 "cell-count" 56
 105 3 -3 214
 15 -3 1 152
 15 -1 -3 209
 15 0 -3 13
 105 -2 3 218
 105 3 2 270
 15 -4 -1 83
 15 1 -3 142
 15 3 -2 260
 105 0 -4 165
 105 3 1 55
 15 3 0 356
 105 1 -4 40
 15 2 -3 65
 105 -4 0 205
 15 -3 2 246
 15 1 3 135
 15 3 -1 82
 15 4 0 253
 105 4 -1 246
 15 -2 -2 212
 15 2 3 8
 15 2 -2 15
 15 2 2 276
 15 0 3 355
 15 -1 -2 3
 15 -1 -4 38
 15 -2 2 90
 55 1 -1 217
 55 2 0 11
 5 0 4 256
 55 -3 -1 244
 55 -1 0 23
 55 0 0 166
 5 4 1 149
 5 -3 3 145
 55 -1 1 67
 55 -3 -2 276
 55 0 -1 197
 55 2 1 296
 55 -2 1 344
 55 1 0 58
 55 -1 2 294
 55 -2 0 34
 55 0 1 162
 55 0 2 13
 55 -1 -1 107
 55 0 -2 342
 55 1 -2 299
 55 1 2 41
 55 -3 0 113
 5 -1 -5 241
 55 2 -1 320
 55 -2 -1 315
 55 1 1 282
 5 -1 4 42
 "contig-ratio-green-core" 0.9285714285714286
 "contig-ratio-red-core" 0.7368421052631579
 "a-count" 7
 "b-count" 5
 "c-color-count" 23
 "c-express-count" 23
 "d-color-count" 21
 "d-express-count" 21
 "cell-count" 56
 15 0 4 178
 15 0 -3 130
 15 -1 -2 47
 105 1 -4 270
 105 -2 3 123
 15 -1 -4 252
 15 0 -2 106
 15 1 3 153
 15 -2 2 68
 15 -3 -1 256
 15 0 -4 103
 15 -4 0 102
 105 -2 -3 147
 15 -3 0 129
 15 4 0 328
 15 -1 4 249
 15 4 -1 181
 105 -3 -2 43
 15 0 3 76
 15 3 2 283
 105 3 3 229
 105 -3 2 113
 105 -3 3 31
 15 4 1 324
 15 -3 -3 148
 15 -1 -3 218
 15 1 -3 343
 15 1 -2 225
 55 2 -1 346
 55 1 1 241
 55 0 2 200
 55 -1 0 243
 5 -4 -1 268
 55 2 1 169
 5 2 -3 282
 55 -2 0 205
 55 2 2 102
 55 -1 -1 135
 5 3 -3 314
 55 -2 1 280
 55 0 0 299
 55 -1 2 106
 55 1 2 48
 55 -1 3 85
 55 0 1 226
 5 2 3 205
 55 1 -1 289
 5 3 -2 315
 55 1 0 224
 55 -1 1 266
 55 -2 -2 167
 55 3 1 62
 55 0 -1 325
 55 3 -1 207
 55 3 0 131
 55 -2 -1 133
 "contig-ratio-green-core" 0.75
 "contig-ratio-red-core" 0.7647058823529411
 "a-count" 8
 "b-count" 2
 "c-color-count" 26
 "c-express-count" 26
 "d-color-count" 21
 "d-express-count" 20
 "cell-count" 56
 15 2 3 126
 15 0 -3 110
 15 -1 -2 293
 15 1 -1 94
 105 1 -4 23
 15 -1 -1 169
 105 2 -1 8
 15 -4 0 56
 15 1 -3 346
 15 3 -1 194
 15 -1 4 99
 105 -2 -3 340
 15 -1 0 192
 15 2 2 334
 15 0 -2 318
 105 3 3 330
 15 1 -2 44
 15 0 0 133
 15 -3 2 204
 15 3 -2 130
 105 -4 1 305
 15 -4 -2 31
 15 -4 -1 32
 15 1 0 192
 15 3 2 251
 105 3 -3 61
 105 2 -2 159
 15 0 -1 112
 55 1 1 171
 55 -3 -2 102
 5 -3 3 183
 55 -1 -4 239
 55 -2 0 72
 55 0 1 292
 55 -2 -1 180
 55 -3 -1 334
 55 1 3 211
 55 1 2 308
 55 2 0 34
 55 -3 0 85
 55 0 2 262
 55 -2 -2 308
 55 -1 -3 319
 55 0 4 162
 5 -2 3 309
 55 2 1 139
 55 -1 1 125
 55 -2 2 85
 55 3 0 49
 55 -2 1 201
 55 -1 3 288
 55 0 3 181
 55 3 1 154
 55 -1 2 285
 55 4 0 344
 55 -3 1 12
 "contig-ratio-green-core" 0.6818181818181818
 "contig-ratio-red-core" 1.0769230769230769
