 "a-count" 11
 "b-count" 2
 "c-color-count" 27
 "c-express-count" 26
 "d-color-count" 20
 "d-express-count" 17
 "cell-count" 56
 105 3 2 117
 15 1 4 178
 15 -2 -2 297
 105 -1 4 203
 15 -2 1 216
 15 1 -3 308
 15 2 -3 177
 15 2 2 93
 105 -2 -3 144
 105 1 -4 355
 15 0 -3 317
 15 -4 -1 216
 15 -4 2 245
 15 -4 1 91
 15 -1 -3 86
 15 -2 2 238
 105 -3 3 232
 105 3 -3 164
 15 -2 3 148
 15 -1 -4 262
 15 0 4 279
 15 -1 3 353
 105 -3 -3 337
 15 4 0 76
 15 1 -2 324
 15 4 1 189
 105 4 -1 22
 15 -4 0 241
 55 2 1 267
 55 2 -1 356
 55 0 2 199
 55 -2 -1 358
 55 2 0 327
 55 -1 -1 185
 55 0 1 137
 55 -3 -2 196
 55 -3 -1 184
 55 1 3 254
 55 0 -1 14
 55 0 0 290
 55 -1 2 150
 55 -3 0 43
 55 -1 -2 73
 5 3 3 107
 55 -1 1 75
 55 1 -1 95
 55 0 3 48
 55 3 0 144
 55 1 2 230
 55 -2 0 224
 55 3 -1 183
 55 1 0 129
 55 1 1 56
 55 3 1 139
 55 0 -2 321
 55 -1 0 18
 "contig-ratio-green-core" 0.7777777777777778
 "contig-ratio-red-core" 1.1666666666666667
 "a-count" 9
 "b-count" 3
 "c-color-count" 25
 "c-express-count" 25
 "d-color-count" 20
 "d-express-count" 19
 "cell-count" 56
 15 -3 -1 59
 105 3 -2 181
 15 0 -2 156
 15 -1 -2 306
 15 2 -1 336
 15 -1 -3 308
 15 1 3 128
 15 1 4 7
 15 0 -3 9
 105 -2 -3 51
 105 -3 2 208
 15 3 1 260
 15 -2 -2 124
 15 0 3 183
 15 4 -1 202
 105 4 1 87
 105 3 -3 193
 15 -4 0 70
 15 1 -1 312
 105 3 3 289
 15 -3 0 6
 105 -3 3 166
 15 -4 1 223
 15 -3 1 188
 15 2 3 130
 105 2 -3 51
 15 -2 -1 140
 15 0 4 116
 55 -1 2 152
 55 1 -2 65
 55 -1 4 310
 55 -2 0 66
 55 -1 1 47
 55 3 0 75
 55 2 0 314
 55 -1 -4 246
 55 -1 -1 89
 55 3 -1 172
 5 -3 -3 31
 55 0 1 188
 55 2 2 124
 55 -1 3 271
 55 -3 -2 110
 55 -2 3 259
 55 0 -1 290
 55 1 2 199
 55 1 1 157
 55 0 2 290
 55 -2 2 353
 55 0 0 316
 5 0 -4 7
 55 2 1 291
 55 -2 1 74
 55 1 0 131
 55 -1 0 158
 5 2 -2 232
 "contig-ratio-green-core" 0.8421052631578947
 "contig-ratio-red-core" 0.8888888888888888
 "a-count" 8
 "b-count" 8
 "c-color-count" 22
 "c-express-count" 20
 "d-color-count" 23
 "d-express-count" 20
 "cell-count" 56
 105 0 -3 206
 15 2 1 319
 15 0 4 217
 105 2 -3 115
 105 -4 -1 260
 15 3 0 315
 15 3 2 102
 15 -3 0 262
 15 -3 1 146
 15 -1 2 30
 15 -2 -2 29
 15 -3 -2 43
 15 -1 0 19
 15 -3 -1 98
 15 -2 -1 208
 105 -4 0 124
 15 1 -3 39
 15 2 2 166
 15 2 -2 192
 15 -1 -3 324
 15 3 1 308
 15 -1 1 176
 15 3 -1 288
 15 -2 2 265
 15 2 0 33
 15 1 4 37
 105 -1 4 47
 15 2 -1 59
 55 1 -4 73
 55 1 -2 319
 5 -3 -3 125
 55 -1 3 186
 55 1 0 43
 5 3 -2 191
 55 4 1 56
 55 3 3 57
 55 -2 0 31
 55 -1 -2 77
 55 0 2 2
 55 0 -2 35
 55 1 -1 5
 5 4 -1 103
 55 0 -1 88
 55 1 3 280
 5 2 3 342
 55 4 0 224
 55 0 0 94
 5 -3 2 149
 5 -1 -4 281
 55 1 2 73
 55 -2 3 79
 55 -2 -3 304
 55 -1 -1 68
 55 1 1 283
 55 0 1 158
 55 0 3 192
 "contig-ratio-green-core" 1
 "contig-ratio-red-core" 0.8888888888888888
 "a-count" 8
 "b-count" 8
 "c-color-count" 22
 "c-express-count" 20
 "d-color-count" 21
 "d-express-count" 20
 "cell-count" 56
 15 1 2 215
 105 -1 -4 345
 105 -3 3 46
 15 2 2 227
 15 -1 4 158
 15 -2 1 35
 15 1 3 275
 15 -2 2 243
 15 -2 0 339
 105 -1 -3 144
 15 -3 0 218
 105 2 3 199
 105 -4 0 281
 15 -3 1 348
 15 0 3 159
 15 -1 -2 336
 15 -2 -2 285
 15 1 -3 84
 15 3 2 3
 15 -2 3 330
 105 -3 2 160
 15 2 -3 198
 15 -2 -1 142
 15 3 -2 287
 15 2 -4 204
 15 0 -2 354
 105 1 -2 70
 15 -3 -1 337
 55 -1 1 137
 5 -3 -2 328
 55 3 1 223
 55 0 -1 316
 55 0 -4 213
 55 1 0 32
 5 3 -4 33
 55 0 1 286
 55 2 -1 157
 55 1 1 96
 55 0 2 257
 5 -4 -1 75
 55 -1 3 8
 55 0 0 166
 55 3 -1 215
 55 -1 0 88
 5 3 3 242
 55 1 -1 72
 55 2 0 216
 55 -4 1 94
 55 2 1 152
 5 3 -3 354
 55 -2 -3 286
 55 -1 -1 92
 55 -1 2 50
 5 4 1 170
 55 -2 4 164
 55 0 4 1
 "contig-ratio-green-core" 0.9230769230769231
 "contig-ratio-red-core" 0.7647058823529411
