 "a-count" 3
 "b-count" 7
 "c-color-count" 22
 "c-express-count" 21
 "d-color-count" 25
 "d-express-count" 25
 "cell-count" 56
 15 -1 2 125
 15 3 -2 229
 15 -1 3 82
 15 -2 1 295
 15 1 2 259
 15 3 0 354
 15 -3 1 77
 105 1 3 192
 15 0 3 224
 15 0 -1 206
 105 1 -4 26
 15 -1 1 175
 15 1 4 150
 15 3 -3 205
 15 2 2 149
 15 -1 -2 59
 15 3 -1 73
 15 -1 -3 28
 15 -3 0 223
 105 3 2 119
 15 -1 -1 131
 15 0 4 25
 15 -4 1 48
 15 4 0 335
 15 -2 0 7
 15 0 2 94
 15 4 1 144
 15 -1 0 142
 55 -1 -4 181
 55 1 -3 21
 55 -2 -1 155
 55 1 -2 233
 55 1 1 183
 55 0 -3 286
 5 3 1 254
 5 0 1 9
 55 -3 3 211
 55 -1 4 252
 5 -4 0 243
 55 0 0 120
 55 2 3 203
 55 2 -1 239
 55 2 -2 167
 5 2 -3 166
 55 -2 2 111
 55 -2 -3 73
 55 -4 -1 308
 55 2 1 153
 55 -3 -1 140
 5 -2 -2 212
 55 4 -1 354
 55 3 3 41
 55 -2 3 299
 55 0 -4 50
 5 1 -1 92
 55 -3 -3 54
 "contig-ratio-green-core" 0.6470588235294118
 "contig-ratio-red-core" 0.55
 "a-count" 3
 "b-count" 2
 "c-color-count" 26
 "c-express-count" 26
 "d-color-count" 27
 "d-express-count" 25
 "cell-count" 56
 15 -2 2 239
 15 1 2 91
 15 3 -1 151
 15 0 -1 166
 15 0 0 135
 15 0 1 212
 15 2 0 187
 15 -1 -3 49
 15 0 -4 103
 15 2 -2 254
 15 -4 1 192
 15 1 0 152
 15 2 2 189
 15 -1 1 296
 15 -2 -2 107
 15 -1 -1 28
 15 -1 0 161
 15 2 -3 332
 15 -1 4 308
 15 1 -1 198
 15 1 1 281
 105 0 2 260
 15 -1 2 138
 15 2 -1 103
 15 -1 3 190
 15 0 -2 218
 15 1 0 105
 15 0 -3 65
 55 3 0 235
 55 -3 3 155
 55 -1 -2 308
 55 3 2 74
 55 -4 -1 205
 55 -2 -3 128
 55 1 -4 89
 55 -2 -1 280
 55 1 4 48
 55 4 1 91
 55 3 -2 58
 55 -3 -1 93
 55 0 4 268
 55 1 -2 329
 55 -3 -2 338
 55 -4 0 342
 5 -3 0 101
 55 -3 2 273
 55 2 1 185
 55 2 3 286
 55 3 1 23
 55 -3 -3 286
 55 4 0 314
 5 3 -3 190
 55 -2 0 221
 55 -2 3 35
 55 -2 1 0
 55 -3 1 324
 "contig-ratio-green-core" 0.7777777777777778
 "contig-ratio-red-core" 1
 "a-count" 6
 "b-count" 8
 "c-color-count" 20
 "c-express-count" 20
 "d-color-count" 23
 "d-express-count" 22
 "cell-count" 56
 15 2 2 299
 15 1 2 315
 15 2 1 115
 15 1 1 44
 105 -4 1 237
 15 -2 2 256
 15 3 1 41
 15 1 -1 270
 15 -3 -1 350
 15 1 -2 194
 15 0 -4 282
 15 -1 1 245
 15 0 -1 2
 15 1 3 258
 105 -1 2 66
 15 -1 -3 272
 105 -3 -2 268
 15 0 3 348
 15 1 0 200
 15 2 0 37
 15 -2 -1 244
 15 -1 -1 126
 105 3 -3 235
 15 -2 1 107
 15 -1 0 115
 15 0 0 223
 105 2 3 130
 15 -2 -3 126
 55 2 -1 311
 55 -3 3 60
 55 1 -3 341
 55 -1 -4 202
 55 -4 0 96
 55 3 0 350
 55 -3 2 163
 55 -2 0 103
 5 0 4 182
 55 -3 1 272
 55 0 2 3
 55 4 0 151
 55 1 -4 148
 5 2 -3 273
 5 0 -2 48
 55 0 -3 271
 55 -1 3 183
 5 -3 0 239
 5 1 4 155
 5 3 -2 180
 55 -1 4 40
 55 4 1 49
 55 -4 -1 216
 55 3 3 143
 55 -3 -3 339
 5 -2 -2 164
 55 -1 -2 142
 5 3 -1 124
 "contig-ratio-green-core" 0.8461538461538461
 "contig-ratio-red-core" 0.7368421052631579
 "a-count" 4
 "b-count" 5
 "c-color-count" 23
 "c-express-count" 23
 "d-color-count" 26
 "d-express-count" 24
 "cell-count" 56
 15 0 2 332
 15 -4 1 163
 15 0 -2 310
 15 -4 0 187
 105 3 -2 296
 15 -1 -1 119
 15 0 4 212
 15 3 2 30
 15 0 -4 7
 15 0 3 223
 15 -1 4 210
 15 1 -4 202
 15 2 2 333
 15 -1 3 134
 105 2 -1 91
 15 1 2 174
 15 -2 3 81
 15 -1 0 342
 15 0 -1 13
 15 1 -2 202
 15 3 -1 287
 15 -2 2 80
 15 0 1 241
 15 -1 2 358
 15 0 -3 74
 15 1 1 62
 15 0 0 221
 15 -3 -1 130
 55 3 3 229
 55 4 -1 325
 55 2 1 138
 55 -3 2 166
 55 4 0 181
 55 -1 -2 29
 55 -3 -3 208
 55 -4 -1 96
 5 4 1 161
 55 -1 -3 86
 55 2 -3 172
 55 -2 -3 207
 55 3 -3 140
 5 2 3 185
 55 -1 1 233
 55 -3 3 338
 55 3 1 257
 55 -2 -2 100
 5 1 -3 6
 55 -1 -4 308
 55 1 4 94
 55 1 3 331
 55 -2 0 117
 5 -2 1 234
 55 -3 -2 349
 55 1 0 357
 5 2 -2 299
 55 3 0 25
 "contig-ratio-green-core" 0.8095238095238095
 "contig-ratio-red-core" 0.7142857142857143
