 "a-count" 2
 "b-count" 4
 "c-color-count" 24
 "c-express-count" 24
 "d-color-count" 26
 "d-express-count" 26
 "cell-count" 56
 15 -1 0 123
 15 -3 3 205
 105 3 1 162
 15 1 1 265
 15 2 0 75
 105 -1 -1 173
 15 1 -1 52
 15 0 -1 334
 15 4 1 161
 15 0 2 70
 15 3 3 338
 15 1 0 340
 15 1 2 221
 15 1 -2 344
 15 -1 -3 59
 15 0 -2 88
 15 -1 3 294
 15 3 -1 311
 15 0 3 80
 15 -1 2 322
 15 -2 -2 3
 15 -1 1 37
 15 2 1 239
 15 -1 -2 162
 15 3 2 135
 15 0 1 336
 15 -4 1 149
 15 -2 -1 159
 55 -3 0 214
 55 -2 -3 246
 55 -2 2 345
 55 1 -3 252
 55 -2 3 123
 55 2 -1 98
 55 2 -3 294
 55 4 0 267
 55 1 4 92
 55 -4 -1 247
 55 -2 1 20
 55 -3 1 251
 55 0 -3 330
 55 -4 0 351
 55 2 -2 324
 5 2 3 263
 55 -3 -3 149
 55 3 -2 112
 55 -2 0 213
 55 -3 -2 329
 55 -1 4 76
 5 -3 -1 17
 55 -1 -4 60
 5 3 0 316
 5 1 3 297
 55 1 -4 333
 55 3 -3 279
 55 0 4 3
 "contig-ratio-green-core" 0.7368421052631579
 "contig-ratio-red-core" 0.7777777777777778
 "a-count" 7
 "b-count" 7
 "c-color-count" 23
 "c-express-count" 21
 "d-color-count" 23
 "d-express-count" 21
 "cell-count" 56
 15 -1 0 356
 15 -1 -1 315
 105 1 -3 187
 15 -1 -2 291
 15 3 -3 191
 15 0 2 311
 15 -3 1 149
 15 0 0 203
 15 1 3 65
 15 0 -2 124
 105 1 -4 350
 15 -2 -2 30
 15 -1 4 157
 15 0 -4 44
 105 -3 -3 315
 15 0 1 136
 105 3 0 200
 15 -1 2 159
 15 4 0 58
 15 -2 0 242
 15 0 -1 146
 15 2 0 18
 15 -3 -1 38
 15 1 1 112
 15 3 -1 37
 15 4 -1 301
 15 -1 1 96
 105 1 4 5
 55 -2 3 113
 5 -4 -1 155
 55 3 -2 191
 55 -3 0 280
 5 -2 -3 180
 55 1 2 73
 55 3 1 16
 55 -1 3 41
 55 2 -3 160
 55 2 1 278
 55 -2 -1 147
 55 2 -1 339
 55 -4 1 162
 55 1 0 3
 55 2 2 29
 55 1 -2 340
 5 2 3 49
 55 -2 2 99
 55 4 1 260
 5 1 -1 117
 55 -1 -4 347
 55 -3 2 22
 5 0 4 246
 55 3 2 91
 55 -3 -2 10
 55 -2 1 38
 55 0 3 351
 55 -4 0 270
 "contig-ratio-green-core" 0.8125
 "contig-ratio-red-core" 0.8823529411764706
 "a-count" 3
 "b-count" 5
 "c-color-count" 23
 "c-express-count" 23
 "d-color-count" 26
 "d-express-count" 25
 "cell-count" 56
 15 -1 -1 60
 15 4 0 25
 15 2 1 146
 15 2 2 271
 15 1 1 225
 15 -1 -3 339
 15 -3 2 354
 15 -1 -4 100
 15 1 -1 18
 15 0 -2 60
 15 1 -2 27
 15 0 -4 242
 15 3 2 47
 15 1 -4 289
 15 4 1 77
 15 0 1 287
 15 -4 -1 43
 105 -2 -2 129
 15 3 0 101
 15 1 0 195
 105 1 2 307
 15 3 1 215
 15 0 0 196
 15 0 -1 60
 15 -1 0 169
 15 2 0 126
 15 -2 2 328
 15 -3 -2 59
 55 3 -1 307
 55 -2 -1 183
 55 1 -3 17
 55 2 3 171
 55 1 4 278
 55 -4 0 263
 5 0 2 124
 55 -2 0 208
 55 -1 -2 105
 55 -2 3 242
 5 -3 0 250
 55 3 3 321
 55 2 -3 179
 55 0 3 131
 55 3 -3 135
 55 4 2 100
 5 0 4 164
 5 -3 3 328
 55 2 -2 173
 55 2 -1 275
 55 -1 1 107
 55 3 -2 148
 55 -4 1 103
 55 -3 -1 69
 5 -2 -3 272
 55 1 3 40
 55 -1 3 47
 55 -2 1 171
 "contig-ratio-green-core" 0.7058823529411765
 "contig-ratio-red-core" 0.7777777777777778
 "a-count" 3
 "b-count" 7
 "c-color-count" 21
 "c-express-count" 21
 "d-color-count" 26
 "d-express-count" 25
 "cell-count" 56
 15 0 -2 240
 15 0 -1 151
 15 3 3 107
 15 -2 0 74
 15 -1 0 103
 15 5 -1 315
 15 -1 -3 102
 15 0 -3 194
 15 2 3 67
 15 0 2 54
 15 0 3 337
 15 3 1 37
 15 -2 1 257
 15 -1 1 9
 15 -1 -2 124
 15 -1 -1 127
 15 1 1 177
 15 -4 0 24
 15 4 1 10
 15 0 0 254
 105 2 -2 250
 15 -4 -1 128
 15 4 0 81
 15 5 0 20
 15 1 0 88
 15 1 2 26
 15 0 1 182
 105 -3 -3 244
 55 0 -4 343
 5 3 -3 221
 55 2 2 330
 5 -2 -2 298
 55 1 4 225
 55 -2 2 160
 55 1 -4 275
 55 -1 2 220
 55 -2 3 180
 55 -1 -4 201
 5 2 1 49
 55 3 2 313
 55 -2 -3 187
 5 -3 2 245
 55 -2 -1 250
 55 1 3 248
 55 -1 4 53
 5 -3 0 271
 55 3 0 108
 5 3 -2 15
 5 1 -3 341
 55 3 -1 182
 55 -3 -2 292
 55 2 0 110
 55 2 -1 95
 55 0 4 357
 55 -3 3 96
 55 4 -1 79
 "contig-ratio-green-core" 0.7777777777777778
 "contig-ratio-red-core" 0.5652173913043478
