 "a-count" 5
 "b-count" 6
 "c-color-count" 23
 "c-express-count" 22
 "d-color-count" 23
 "d-express-count" 23
 "cell-count" 56
 15 -1 2 53
 15 -1 -2 39
 105 2 3 212
 105 -4 1 39
 15 1 4 227
 15 -2 -1 27
 15 0 -3 184
 15 0 3 99
 15 -1 0 303
 105 -1 -1 187
 15 0 -2 226
 15 -3 -1 207
 105 0 -1 196
 15 -1 3 32
 15 3 -1 282
 15 1 -2 348
 15 0 -4 19
 15 0 0 19
 15 -4 0 52
 15 -4 -1 241
 15 -2 1 113
 15 4 -1 240
 15 3 -2 223
 15 0 1 147
 15 -3 -2 62
 15 1 1 158
 15 0 4 6
 105 2 0 39
 55 2 -2 49
 55 1 -4 65
 5 4 1 254
 55 1 -3 310
 55 1 0 155
 55 1 3 123
 5 -3 -3 63
 55 3 0 96
 55 0 2 210
 5 3 1 287
 5 -1 -3 287
 55 -2 -3 284
 55 -3 3 68
 55 -3 0 358
 55 -2 2 64
 55 -2 -2 281
 55 -2 3 74
 55 2 1 10
 55 3 -3 39
 55 -1 -4 216
 55 1 2 22
 55 2 2 246
 5 1 -1 336
 55 2 -3 128
 55 -3 1 274
 55 -3 2 244
 55 -1 1 327
 55 4 0 84
 "contig-ratio-green-core" 0.9047619047619048
 "contig-ratio-red-core" 0.9444444444444444
 "a-count" 5
 "b-count" 7
 "c-color-count" 21
 "c-express-count" 21
 "d-color-count" 25
 "d-express-count" 23
 "cell-count" 56
 15 1 -4 299
 15 0 0 186
 15 -2 3 335
 15 -1 0 171
 15 -3 1 135
 15 -1 2 136
 105 -3 -3 320
 15 -1 3 180
 15 1 4 232
 15 -1 -1 37
 15 -5 1 94
 15 0 4 105
 15 0 2 296
 15 -2 4 343
 15 3 -2 50
 15 -2 1 341
 15 1 0 194
 15 -4 0 245
 15 1 -3 97
 15 -4 1 327
 15 -2 -1 6
 15 0 1 89
 15 0 -1 273
 15 -1 1 312
 105 3 2 251
 15 4 0 146
 15 -2 2 5
 105 0 -3 255
 55 1 -2 207
 55 -2 -3 247
 55 3 0 329
 55 0 3 310
 55 -1 4 281
 55 -3 2 108
 55 1 -1 271
 55 -3 -1 125
 55 -3 3 98
 5 2 2 111
 55 1 3 47
 55 -3 -2 52
 55 1 2 298
 5 4 1 207
 55 2 -2 57
 5 0 -4 72
 55 1 1 98
 55 2 0 201
 55 2 -1 352
 55 -2 -2 297
 55 -1 -3 23
 5 -3 0 42
 5 2 1 220
 5 -1 -4 32
 55 -4 -1 216
 55 3 3 224
 5 -1 -2 297
 55 3 -3 54
 "contig-ratio-green-core" 0.8333333333333334
 "contig-ratio-red-core" 0.6842105263157895
 "a-count" 8
 "b-count" 11
 "c-color-count" 20
 "c-express-count" 17
 "d-color-count" 21
 "d-express-count" 20
 "cell-count" 56
 15 2 0 264
 15 1 4 82
 15 0 -4 233
 15 3 2 171
 15 -1 0 97
 15 3 0 344
 15 -2 1 128
 15 2 -3 168
 105 -3 -1 107
 15 -1 1 108
 15 1 2 70
 105 -1 -4 121
 15 4 -1 285
 105 1 -1 301
 15 -2 0 154
 15 1 1 253
 105 2 3 51
 15 1 0 161
 15 0 1 40
 15 0 2 68
 105 -2 -1 62
 15 0 0 303
 15 2 1 267
 15 -1 2 249
 15 0 -1 233
 15 -3 0 84
 105 -4 0 68
 105 -2 2 126
 55 -2 3 125
 55 -1 -1 111
 55 -1 -2 342
 5 -1 -3 282
 55 -3 3 111
 5 4 1 307
 55 0 4 177
 5 -3 2 26
 55 0 -3 332
 5 -4 -1 298
 55 -1 3 83
 55 1 3 332
 55 3 1 112
 55 -3 -3 226
 5 1 -2 238
 55 3 -2 146
 55 -1 4 6
 5 0 -2 223
 55 3 3 182
 55 -4 1 317
 55 2 -2 69
 55 4 0 108
 55 2 2 162
 5 -3 -2 357
 55 2 -1 4
 5 1 -3 0
 55 0 3 86
 55 3 -3 281
 "contig-ratio-green-core" 0.8125
 "contig-ratio-red-core" 0.8181818181818182
 "a-count" 6
 "b-count" 5
 "c-color-count" 25
 "c-express-count" 23
 "d-color-count" 24
 "d-express-count" 22
 "cell-count" 56
 15 -2 1 228
 15 3 3 135
 15 0 1 275
 15 0 2 129
 15 0 -2 74
 15 -3 -2 310
 15 -2 2 132
 15 -1 0 46
 15 1 0 176
 15 -1 4 191
 105 -1 2 249
 15 -2 0 37
 15 2 -2 34
 15 3 1 8
 15 -3 0 52
 15 1 -2 334
 15 2 1 220
 15 -3 1 23
 15 0 -1 210
 15 3 2 306
 15 -3 2 59
 105 0 4 247
 105 0 -3 258
 15 -1 1 308
 105 -2 3 96
 15 1 -1 256
 15 0 0 138
 15 -4 1 16
 55 1 3 183
 55 -4 0 34
 55 -3 3 294
 55 4 0 244
 55 2 3 251
 55 3 -3 75
 5 1 -4 21
 5 2 -3 196
 55 -4 -1 56
 55 4 -1 59
 55 0 3 98
 55 -1 -2 121
 55 -2 -3 156
 55 -2 -2 54
 5 2 2 211
 55 1 4 96
 55 1 -3 37
 55 -1 -1 187
 55 1 2 214
 55 -1 -3 60
 55 2 0 168
 55 3 -1 322
 55 -3 -1 103
 55 3 0 308
 55 1 1 67
 55 0 -4 62
 55 -2 -1 197
 55 -1 3 191
 "contig-ratio-green-core" 0.7142857142857143
 "contig-ratio-red-core" 0.8235294117647058
