 "a-count" 7
 "b-count" 10
 "c-color-count" 18
 "c-express-count" 18
 "d-color-count" 22
 "d-express-count" 21
 "cell-count" 56
 15 -2 -3 343
 15 1 2 82
 15 -3 3 48
 15 0 -3 198
 15 -1 -1 32
 105 -1 -3 74
 105 4 1 353
 105 0 4 129
 15 -3 2 18
 15 1 -4 274
 15 3 0 240
 15 3 2 206
 15 -2 -2 274
 15 -3 0 233
 105 2 1 31
 105 0 1 332
 15 -1 2 108
 15 3 -3 281
 15 0 2 334
 15 2 -2 144
 105 0 -4 237
 15 3 -1 10
 15 -2 3 156
 15 1 -3 44
 15 -2 -1 145
 15 -3 -2 277
 15 -1 4 323
 15 1 1 285
 55 -4 -1 97
 55 0 -1 7
 5 -2 2 74
 55 1 4 314
 55 2 -1 10
 5 -3 1 182
 55 -1 -4 208
 5 2 3 269
 55 2 0 358
 5 -1 3 169
 55 -1 -2 347
 55 3 1 121
 5 -3 -3 211
 55 3 -2 182
 55 0 3 146
 55 -1 0 42
 55 0 -2 263
 55 1 3 338
 5 4 -1 340
 5 -4 0 97
 5 -2 0 162
 55 -3 -1 109
 5 1 -2 337
 55 2 2 306
 55 2 -3 200
 5 -2 1 52
 55 1 0 225
 55 3 3 152
 "contig-ratio-green-core" 0.9230769230769231
 "contig-ratio-red-core" 0.7777777777777778
 "a-count" 4
 "b-count" 2
 "c-color-count" 26
 "c-express-count" 26
 "d-color-count" 26
 "d-express-count" 24
 "cell-count" 56
 105 -3 -3 195
 15 0 -2 357
 15 -2 0 108
 15 -1 -2 257
 15 -2 3 83
 15 0 2 359
 15 -3 -2 246
 15 3 -2 29
 15 -1 -1 31
 105 -3 0 274
 15 3 -1 249
 15 -2 -3 342
 15 -1 1 345
 15 2 0 267
 15 3 0 301
 15 0 -1 317
 15 -1 3 352
 15 -1 0 198
 15 2 -2 161
 15 -2 -1 104
 15 0 3 14
 15 -2 1 209
 15 2 1 358
 15 1 0 275
 15 1 -2 343
 15 0 1 171
 15 -1 -3 190
 15 1 1 196
 55 2 -3 283
 55 -2 -2 348
 55 4 -1 133
 55 -1 -4 65
 55 -4 1 5
 55 2 -1 118
 55 2 2 312
 55 1 -4 161
 55 -3 2 356
 55 -1 4 36
 55 -4 0 272
 55 -3 3 132
 55 2 3 220
 5 0 4 106
 55 0 -4 43
 55 3 3 142
 55 1 -1 159
 55 -4 -1 101
 55 4 0 329
 5 -3 -1 284
 55 0 -3 77
 55 1 3 347
 55 3 -3 144
 55 3 2 80
 55 3 1 325
 55 -1 2 358
 55 -2 2 193
 55 1 2 323
 "contig-ratio-green-core" 0.7391304347826086
 "contig-ratio-red-core" 0.7777777777777778
 "a-count" 8
 "b-count" 4
 "c-color-count" 25
 "c-express-count" 24
 "d-color-count" 23
 "d-express-count" 20
 "cell-count" 56
 15 2 1 70
 15 0 0 87
 15 -2 2 54
 15 0 3 98
 15 -4 -1 79
 15 -4 0 287
 15 0 -1 40
 15 1 3 21
 105 2 2 203
 15 -1 0 355
 105 1 -1 147
 105 -1 2 180
 15 -1 -2 210
 15 1 1 161
 15 0 2 328
 105 2 -3 151
 15 0 -4 330
 15 0 1 194
 15 3 1 93
 15 -2 1 353
 15 4 1 58
 15 1 0 186
 15 -2 0 359
 15 2 0 298
 105 -3 -3 182
 15 -2 3 284
 15 -3 0 236
 15 -1 3 83
 55 -2 -3 39
 55 1 -4 19
 55 1 4 263
 55 -1 -3 141
 55 3 2 175
 55 1 2 129
 5 -3 -2 65
 55 2 -1 72
 5 3 -2 3
 55 1 -3 252
 55 -3 1 29
 55 3 0 84
 55 0 -2 320
 55 -2 -1 209
 55 3 -1 93
 55 0 4 173
 55 -3 2 126
 55 -1 1 53
 55 3 3 148
 55 -4 1 322
 55 -3 3 353
 5 -1 4 218
 55 -1 -4 27
 55 0 -3 359
 55 3 -3 341
 55 -3 -1 345
 55 -2 -2 139
 55 4 0 195
 "contig-ratio-green-core" 0.6190476190476191
 "contig-ratio-red-core" 0.9285714285714286
 "a-count" 4
 "b-count" 4
 "c-color-count" 24
 "c-express-count" 24
 "d-color-count" 26
 "d-express-count" 24
 "cell-count" 56
 15 0 1 274
 105 1 -4 247
 15 4 1 185
 15 -2 -1 83
 15 1 2 333
 15 0 3 337
 105 -2 0 227
 15 0 2 13
 15 -2 1 36
 15 -1 -3 286
 15 -3 -3 59
 15 -3 1 148
 15 0 -1 3
 15 -1 -2 62
 15 2 -3 118
 15 2 -1 331
 15 -3 -2 259
 15 -1 -1 331
 15 -3 0 61
 15 -1 4 65
 15 -1 2 326
 15 0 -2 117
 15 2 2 145
 15 -1 1 294
 15 -1 0 55
 15 -2 2 191
 15 0 -3 37
 15 0 0 349
 5 2 3 272
 5 -3 2 349
 55 1 1 288
 55 -3 -1 162
 55 1 4 217
 55 3 -3 202
 55 -1 3 96
 55 3 0 243
 55 1 3 31
 55 3 1 127
 55 1 -3 65
 55 2 -2 356
 55 -2 3 250
 55 -4 0 47
 55 1 0 301
 55 -3 3 339
 55 0 4 49
 55 1 -1 5
 55 3 2 33
 5 3 -2 49
 55 -2 -2 228
 55 -4 -1 66
 55 3 3 279
 55 0 -4 61
 55 4 0 298
 5 -4 1 201
 55 4 -1 221
 55 2 0 55
 "contig-ratio-green-core" 0.8125
 "contig-ratio-red-core" 0.8125
