 "a-count" 4
 "b-count" 7
 "c-color-count" 23
 "c-express-count" 21
 "d-color-count" 25
 "d-express-count" 24
 "cell-count" 56
 15 2 0 327
 15 0 -1 297
 15 -2 -3 169
 15 -2 0 329
 15 -1 0 63
 15 0 1 208
 15 0 4 62
 15 1 -1 102
 105 -3 -1 236
 15 1 0 82
 15 4 0 149
 15 1 4 288
 15 -4 1 311
 15 -2 -1 156
 105 3 0 149
 105 2 -2 161
 15 -3 1 201
 15 -1 1 241
 15 0 -3 110
 15 0 3 304
 15 -2 1 338
 15 -1 -1 221
 15 -1 -2 150
 15 1 1 95
 15 1 2 195
 15 -1 3 172
 15 -2 -2 37
 15 0 2 292
 55 1 -2 19
 55 3 3 319
 5 1 -3 99
 55 0 -2 123
 55 0 0 46
 55 3 -2 281
 55 -1 2 65
 55 4 1 72
 5 -3 -2 145
 55 -3 -3 95
 55 4 -1 83
 55 2 -3 68
 55 -1 4 261
 55 2 1 55
 5 3 -1 177
 55 -2 2 182
 55 -2 3 14
 55 -3 3 12
 55 2 -1 211
 5 -3 0 216
 55 2 2 339
 55 -4 0 275
 5 -3 2 14
 55 1 -4 192
 55 3 1 303
 55 0 -4 182
 55 3 2 90
 55 1 3 85
 "contig-ratio-green-core" 0.7
 "contig-ratio-red-core" 0.7894736842105263
 "a-count" 3
 "b-count" 4
 "c-color-count" 24
 "c-express-count" 24
 "d-color-count" 27
 "d-express-count" 25
 "cell-count" 56
 15 3 0 289
 15 1 3 326
 15 -3 2 320
 15 0 -2 135
 15 -2 3 198
 15 3 -1 103
 15 1 -1 221
 15 0 0 153
 15 3 1 316
 15 -1 -3 193
 15 -1 0 142
 15 -1 -1 103
 15 -4 1 338
 15 -1 -2 211
 15 0 3 299
 15 -2 2 73
 15 2 -3 98
 15 0 -1 202
 15 2 3 353
 15 -1 3 82
 15 -2 0 180
 15 0 -3 163
 15 2 1 302
 105 -3 -2 335
 15 -2 1 90
 15 2 -2 1
 15 2 -1 68
 15 -4 2 314
 55 -1 1 259
 55 -2 -1 333
 55 -1 2 59
 55 1 0 155
 55 3 -3 51
 55 3 3 30
 55 3 2 31
 55 2 0 131
 55 -2 -2 260
 55 4 -1 50
 55 -2 -3 117
 55 2 2 110
 5 0 1 46
 55 -1 -4 352
 5 -4 -1 336
 55 1 -4 14
 55 1 -3 120
 5 1 1 201
 55 -3 -3 297
 55 0 4 354
 55 -3 1 175
 55 -4 0 90
 55 -3 0 345
 55 1 4 331
 55 0 -4 182
 55 4 1 197
 55 1 2 204
 5 -3 3 137
 "contig-ratio-green-core" 1.1111111111111112
 "contig-ratio-red-core" 1.0555555555555556
 "a-count" 1
 "b-count" 4
 "c-color-count" 24
 "c-express-count" 24
 "d-color-count" 27
 "d-express-count" 27
 "cell-count" 56
 15 -2 -1 270
 15 -2 0 188
 15 -1 0 176
 15 -1 1 83
 15 0 2 242
 15 0 0 233
 15 1 2 196
 15 0 1 227
 15 1 1 138
 15 -3 -1 152
 15 1 3 124
 15 2 -1 151
 15 1 0 347
 15 2 -2 320
 105 -3 1 354
 15 2 0 21
 15 -4 0 69
 15 -2 -2 139
 15 -1 3 345
 15 -2 -3 78
 15 -1 4 285
 15 0 4 219
 15 3 -2 325
 15 -3 0 251
 15 0 3 225
 15 4 -1 275
 15 3 -1 280
 15 2 -3 74
 55 1 -1 217
 55 -2 2 129
 55 -3 3 103
 55 -1 -3 22
 55 3 1 282
 55 3 -3 309
 55 0 -1 107
 55 0 -4 335
 55 1 -2 221
 55 -4 1 209
 55 3 2 199
 5 -3 2 314
 55 0 -2 121
 55 -4 -1 63
 55 4 0 321
 5 -3 -2 62
 5 2 2 333
 55 -3 -3 30
 55 1 -3 120
 55 -2 1 97
 55 4 1 300
 5 -1 -2 185
 55 2 1 341
 55 1 -4 298
 55 -1 2 267
 55 3 3 311
 55 -1 -4 97
 55 2 3 37
 "contig-ratio-green-core" 0.7222222222222222
 "contig-ratio-red-core" 0.6086956521739131
 "a-count" 5
 "b-count" 8
 "c-color-count" 20
 "c-express-count" 20
 "d-color-count" 24
 "d-express-count" 23
 "cell-count" 56
 15 -2 -1 243
 15 -2 0 343
 15 -1 -1 270
 15 4 0 192
 15 -1 1 92
 15 -2 -3 225
 15 -4 2 351
 15 -3 0 184
 15 -2 1 289
 15 -3 3 256
 15 0 -1 93
 105 2 0 172
 15 -3 1 77
 15 2 -1 256
 15 1 -1 96
 15 -1 -4 236
 15 -1 0 160
 15 0 1 238
 15 2 -2 101
 15 -3 2 337
 15 0 0 53
 15 -4 1 210
 15 3 -1 223
 105 1 -2 75
 105 0 -2 247
 15 1 0 52
 15 1 -4 101
 105 1 3 144
 55 2 2 196
 5 -1 2 148
 55 1 -3 161
 55 -1 -3 234
 55 3 -3 263
 55 -4 0 286
 5 -3 -2 280
 55 3 1 30
 55 2 1 266
 55 1 1 217
 55 -3 -1 262
 5 3 3 117
 55 3 2 46
 55 2 -3 1
 55 4 -1 134
 5 0 4 184
 55 -1 -2 89
 55 0 2 149
 5 4 1 146
 55 -2 -2 335
 5 3 -2 8
 5 0 3 27
 5 1 2 203
 55 0 -4 1
 55 3 0 284
 55 -4 -1 269
 55 -1 3 148
 55 1 4 171
 "contig-ratio-green-core" 0.7333333333333333
 "contig-ratio-red-core" 0.6923076923076923
