 "a-count" 12
 "b-count" 6
 "c-color-count" 23
 "c-express-count" 22
 "d-color-count" 20
 "d-express-count" 16
 "cell-count" 56
 15 3 0 123
 15 -4 0 38
 15 0 -1 250
 15 3 -2 216
 105 1 -3 216
 15 2 1 24
 105 2 -2 264
 15 3 1 352
 15 -2 2 85
 15 1 -1 167
 15 -2 -2 257
 15 -1 3 317
 15 1 0 89
 105 1 -4 206
 15 2 0 35
 105 0 -3 259
 15 -1 -3 44
 105 2 4 286
 15 2 3 193
 15 1 4 253
 105 -1 -4 265
 15 -1 -2 345
 105 -3 -3 273
 15 -1 2 324
 15 -2 -3 158
 105 -3 3 326
 15 2 -1 244
 15 1 -2 219
 55 -2 3 98
 55 -2 1 98
 55 3 3 257
 55 -3 0 248
 55 3 -1 289
 55 0 0 162
 55 0 4 253
 55 -2 0 183
 5 -4 1 240
 55 1 2 253
 55 4 -1 157
 55 -1 -1 216
 5 0 -4 306
 55 -2 -1 230
 55 1 3 328
 55 0 1 256
 55 3 2 130
 55 -3 -1 333
 55 -1 1 75
 55 -3 -2 185
 55 2 2 11
 55 0 2 201
 55 1 1 42
 5 -3 2 187
 5 -3 1 148
 5 -1 4 164
 55 0 3 256
 55 -1 0 32
 "contig-ratio-green-core" 0.8823529411764706
 "contig-ratio-red-core" 1
 "a-count" 8
 "b-count" 3
 "c-color-count" 25
 "c-express-count" 25
 "d-color-count" 22
 "d-express-count" 20
 "cell-count" 56
 15 2 -2 156
 105 -2 2 10
 15 1 1 207
 15 0 1 139
 15 2 2 118
 15 -1 4 3
 105 3 0 227
 15 -2 1 267
 105 2 1 161
 15 1 0 39
 15 -4 -1 111
 15 -1 -4 274
 15 0 3 170
 15 1 -1 200
 15 0 -4 319
 15 1 2 48
 105 -3 2 75
 15 0 2 356
 15 -4 0 341
 15 1 3 248
 15 1 -4 128
 15 3 1 315
 15 1 -2 75
 105 -4 1 118
 105 3 -3 265
 15 2 0 208
 15 -1 1 88
 15 4 1 309
 5 -3 -3 90
 55 0 0 24
 55 -1 -1 5
 55 0 -3 328
 55 -1 3 357
 55 -1 -2 322
 55 -2 0 235
 55 0 4 212
 55 -3 0 263
 55 0 -1 183
 55 -2 -2 5
 55 4 -1 19
 55 -1 -3 320
 5 -1 2 269
 5 -3 3 350
 55 3 -2 39
 55 2 4 1
 55 0 -2 325
 55 -2 -1 61
 55 -3 -1 76
 55 -1 0 198
 55 4 -2 91
 55 3 3 239
 55 -3 1 349
 55 1 4 351
 55 -3 -2 320
 55 3 -1 213
 55 3 2 272
 "contig-ratio-green-core" 0.7142857142857143
 "contig-ratio-red-core" 0.7333333333333333
 "a-count" 11
 "b-count" 5
 "c-color-count" 23
 "c-express-count" 23
 "d-color-count" 18
 "d-express-count" 17
 "cell-count" 56
 15 3 -1 328
 15 -2 -2 61
 105 -3 -3 31
 15 -4 1 193
 105 -1 -4 319
 105 -1 4 268
 15 -2 -3 264
 105 2 2 139
 105 4 1 264
 15 -1 -2 41
 15 3 0 17
 15 0 -2 44
 15 1 -3 187
 15 1 2 300
 15 -4 0 273
 105 4 0 197
 105 -1 -3 285
 105 2 -2 214
 105 3 2 234
 105 0 -4 95
 15 4 -1 12
 15 -3 2 325
 15 0 -3 42
 15 3 -3 108
 15 -3 1 333
 15 -3 0 128
 15 -1 3 246
 15 1 -4 98
 55 1 -2 303
 5 1 4 167
 5 -2 3 75
 55 1 0 359
 5 1 3 21
 55 1 -1 158
 5 3 1 134
 55 -3 -2 14
 55 0 0 218
 55 0 -1 249
 55 -1 0 188
 55 2 0 299
 55 0 1 54
 55 0 3 228
 55 2 1 13
 55 -3 -1 296
 55 -3 3 353
 55 -1 -1 120
 55 -1 2 76
 55 -1 1 198
 55 2 -1 63
 55 0 2 111
 55 -2 2 177
 55 0 4 70
 55 1 1 192
 55 -2 0 140
 5 3 3 110
 55 -2 -1 82
 "contig-ratio-green-core" 0.5555555555555556
 "contig-ratio-red-core" 0.9375
 "a-count" 7
 "b-count" 3
 "c-color-count" 26
 "c-express-count" 25
 "d-color-count" 21
 "d-express-count" 21
 "cell-count" 56
 15 1 3 246
 15 2 3 342
 15 3 -1 46
 15 4 0 265
 15 -3 3 298
 15 -2 -3 277
 15 1 -2 166
 15 -1 3 91
 105 0 -3 26
 15 0 4 309
 15 0 3 329
 15 -1 -3 129
 105 2 -3 303
 105 3 -3 213
 15 0 2 264
 105 -3 -3 145
 105 1 4 327
 15 -2 -1 349
 15 -4 1 166
 15 1 -3 259
 15 -3 -1 347
 15 -2 -2 88
 15 -1 2 50
 105 -1 4 236
 105 3 -2 215
 15 3 0 300
 15 2 -2 152
 15 -2 3 113
 55 -1 -1 174
 55 -2 1 95
 55 -1 1 12
 55 0 -1 24
 55 -1 -2 321
 55 1 -1 245
 5 1 -4 348
 55 -3 0 226
 55 -1 -4 92
 55 2 2 284
 55 3 1 214
 55 -4 0 359
 55 0 0 315
 5 4 1 356
 55 2 -1 65
 55 -4 -1 188
 55 -3 1 294
 55 -3 2 197
 55 1 0 234
 55 2 1 63
 55 -2 0 38
 55 2 0 151
 55 1 2 282
 55 0 1 56
 55 -1 0 308
 55 0 -2 254
 55 4 -1 204
 55 1 1 142
 "contig-ratio-green-core" 0.8235294117647058
 "contig-ratio-red-core" 1.0714285714285714
