 "a-count" 11
 "b-count" 3
 "c-color-count" 25
 "c-express-count" 25
 "d-color-count" 18
 "d-express-count" 17
 "cell-count" 56
 105 1 -4 277
 15 3 3 95
 105 -2 -3 146
 15 3 2 213
 15 2 -1 128
 15 2 -2 40
 15 3 0 91
 15 1 -2 264
 105 3 -2 61
 15 -1 -3 216
 15 0 -2 66
 15 -1 3 98
 15 3 1 270
 105 4 -1 6
 15 -4 1 66
 15 -2 3 243
 105 1 4 332
 105 -3 -3 166
 15 0 3 162
 15 -4 -1 242
 105 4 0 35
 15 -4 0 317
 105 0 4 51
 15 1 -3 241
 105 3 -1 239
 15 -3 -2 161
 105 4 1 139
 15 2 3 107
 55 -2 2 323
 55 -2 -2 8
 55 -2 1 260
 55 2 1 230
 5 0 -3 290
 55 1 -1 158
 55 0 0 259
 55 0 2 229
 55 -1 2 313
 55 2 -3 78
 55 -2 0 85
 55 0 -1 242
 55 1 0 323
 55 -3 1 41
 55 -1 -1 335
 55 1 1 180
 55 -1 0 219
 55 -1 -2 305
 55 1 2 340
 5 -3 3 87
 55 -3 0 346
 55 2 2 327
 55 2 0 82
 5 0 -4 156
 55 -3 -1 69
 55 -2 -1 115
 55 0 1 208
 55 -1 1 251
 "contig-ratio-green-core" 1.0714285714285714
 "contig-ratio-red-core" 0.8571428571428571
 "a-count" 7
 "b-count" 1
 "c-color-count" 27
 "c-express-count" 27
 "d-color-count" 21
 "d-express-count" 21
 "cell-count" 56
 15 3 0 77
 15 -3 -1 102
 15 2 1 193
 15 -4 1 164
 105 -4 0 311
 15 2 -2 284
 105 -3 3 188
 15 1 3 234
 15 -2 -1 236
 105 -2 -2 212
 15 2 2 108
 105 -4 -1 29
 15 0 4 211
 15 0 1 74
 15 -1 4 74
 15 2 -1 57
 105 3 -3 279
 15 3 -1 207
 15 3 -2 354
 15 1 1 145
 15 0 3 99
 105 -1 -4 108
 15 0 -4 44
 15 0 2 119
 15 1 2 70
 15 1 -4 107
 15 -1 -3 257
 105 -3 -3 36
 55 -1 2 303
 55 -2 3 153
 55 0 -3 306
 5 1 4 171
 55 1 -2 288
 55 -1 -2 173
 55 4 -1 27
 55 -3 0 142
 55 4 2 86
 55 -1 0 95
 55 -2 1 273
 55 -2 0 112
 55 3 2 224
 55 0 0 78
 55 0 -2 142
 55 -3 -2 26
 55 1 -1 298
 55 -1 -1 34
 55 -3 1 191
 55 3 3 128
 55 2 -3 341
 55 4 0 294
 55 0 -1 39
 55 -2 4 98
 55 -1 3 151
 55 -3 2 258
 55 1 -3 95
 55 -2 2 355
 "contig-ratio-green-core" 0.6521739130434783
 "contig-ratio-red-core" 0.8888888888888888
 "a-count" 8
 "b-count" 7
 "c-color-count" 21
 "c-express-count" 21
 "d-color-count" 20
 "d-express-count" 20
 "cell-count" 56
 15 0 -2 195
 15 1 -2 45
 15 0 3 211
 15 4 0 148
 15 0 4 70
 15 3 3 258
 105 -3 -3 187
 15 3 0 128
 15 -3 1 63
 15 3 -1 347
 15 -3 0 122
 15 -1 -4 356
 15 2 -2 357
 15 1 3 120
 105 1 -4 227
 15 -2 1 77
 105 4 -1 1
 105 3 -2 117
 105 0 -3 153
 15 -4 1 312
 105 2 2 202
 15 -3 2 186
 15 -3 -1 159
 105 -1 -3 92
 15 -1 -2 156
 105 1 4 359
 15 -2 2 149
 15 3 1 246
 55 -1 4 36
 5 -1 2 274
 55 0 2 17
 5 0 -4 34
 55 -3 -2 20
 55 0 1 35
 55 -1 -1 299
 5 2 3 346
 55 2 0 13
 55 2 1 181
 5 -2 3 24
 55 1 -1 260
 5 3 -3 273
 55 1 0 333
 55 -2 -3 255
 5 3 2 205
 55 -2 0 66
 55 -1 0 253
 55 -2 -2 286
 55 -1 3 6
 55 0 -1 62
 55 0 0 115
 55 -2 -1 105
 5 -4 -1 167
 55 1 1 196
 55 -1 1 258
 55 1 2 89
 55 2 -1 330
 "contig-ratio-green-core" 0.8125
 "contig-ratio-red-core" 0.9333333333333333
 "a-count" 6
 "b-count" 2
 "c-color-count" 26
 "c-express-count" 26
 "d-color-count" 24
 "d-express-count" 22
 "cell-count" 56
 15 -1 -3 240
 15 4 0 200
 15 0 -3 349
 15 -1 4 16
 15 -3 -2 198
 15 2 3 213
 15 1 -2 244
 15 -2 -3 294
 15 -4 0 202
 15 2 2 83
 15 -2 4 198
 15 -3 3 200
 15 -4 -1 6
 15 3 -1 175
 15 0 -2 312
 15 2 -2 269
 105 2 -3 252
 15 -1 -4 230
 15 1 -3 333
 15 -3 2 43
 15 2 -1 304
 105 3 1 153
 15 3 -2 334
 15 4 1 173
 15 -4 1 180
 105 3 2 234
 15 0 4 60
 105 3 -3 263
 55 1 -1 3
 55 -2 3 264
 55 -2 -2 227
 55 1 0 98
 55 -2 2 230
 55 -2 0 167
 55 2 1 119
 55 0 3 96
 55 1 1 189
 55 0 -1 306
 55 -3 0 219
 55 -2 1 208
 55 -1 0 44
 55 -1 -1 217
 55 0 0 287
 55 1 -4 70
 55 0 1 210
 55 0 2 108
 55 1 2 53
 55 -3 1 284
 55 -3 -1 118
 55 -1 -2 4
 5 -3 -3 301
 55 4 -1 230
 55 2 0 227
 5 3 3 306
 55 -1 1 128
 55 -2 -1 329
 "contig-ratio-green-core" 1
 "contig-ratio-red-core" 0.7
