 "a-count" 7
 "b-count" 7
 "c-color-count" 21
 "c-express-count" 21
 "d-color-count" 22
 "d-express-count" 21
 "cell-count" 56
 15 2 2 169
 15 -2 -1 57
 15 0 -2 270
 15 1 -3 88
 15 -2 -2 153
 15 -1 -2 221
 15 3 1 130
 15 -3 0 241
 15 0 2 329
 15 -1 2 87
 105 -2 -3 175
 15 2 3 277
 15 -4 -1 297
 15 3 -3 133
 15 2 1 15
 15 -3 1 241
 105 0 4 139
 15 4 0 293
 15 0 -3 115
 15 -2 2 268
 105 -1 -3 180
 105 -2 3 184
 15 -2 1 355
 105 -3 -2 179
 15 1 3 79
 15 0 3 52
 105 3 -2 356
 15 -2 0 297
 5 -1 3 331
 55 2 -2 201
 55 -1 0 75
 55 0 1 231
 5 3 2 268
 55 1 -2 257
 55 0 -1 237
 55 2 -3 208
 55 2 -1 82
 5 4 -1 281
 55 1 -1 100
 55 1 0 152
 55 -1 -1 150
 55 -1 1 26
 55 0 -4 342
 55 0 0 177
 55 -4 0 159
 55 2 0 96
 5 1 -4 55
 5 1 4 324
 55 1 2 74
 55 3 0 354
 5 -4 1 35
 5 -3 3 115
 55 3 -1 259
 55 1 1 199
 55 -1 4 93
 55 -3 2 174
 "contig-ratio-green-core" 1.1176470588235294
 "contig-ratio-red-core" 0.9333333333333333
 "a-count" 10
 "b-count" 3
 "c-color-count" 25
 "c-express-count" 25
 "d-color-count" 20
 "d-express-count" 18
 "cell-count" 56
 15 0 2 136
 15 -1 3 225
 15 0 -3 167
 105 -3 3 344
 15 3 -2 189
 15 -3 -2 106
 15 2 -3 281
 15 -2 2 115
 15 0 3 189
 15 1 -4 48
 105 2 2 355
 105 3 2 156
 105 2 3 266
 105 3 3 278
 15 -1 -3 204
 105 -4 -1 63
 105 1 4 141
 105 3 -3 33
 15 0 4 119
 15 1 2 101
 15 -1 -4 128
 15 -2 -3 270
 15 0 -4 248
 15 3 -1 49
 15 -3 -1 141
 15 4 0 340
 15 4 1 342
 15 -1 2 72
 55 3 1 154
 55 -2 1 183
 55 0 -2 189
 55 0 -1 191
 55 -1 0 185
 55 -3 0 40
 55 3 0 109
 55 2 1 28
 55 -1 -2 191
 55 2 0 210
 55 2 -2 23
 5 4 -1 333
 5 -4 1 235
 55 -1 1 327
 55 2 -1 148
 55 -1 -1 53
 55 -2 0 121
 55 1 -3 238
 55 -2 -2 166
 55 0 1 166
 5 1 -2 165
 55 -3 2 7
 55 0 0 341
 55 -2 -1 298
 55 -3 1 74
 55 1 1 192
 55 1 0 20
 55 1 -1 275
 "contig-ratio-green-core" 0.9375
 "contig-ratio-red-core" 0.7777777777777778
 "a-count" 9
 "b-count" 4
 "c-color-count" 24
 "c-express-count" 24
 "d-color-count" 20
 "d-express-count" 19
 "cell-count" 56
 105 -2 -2 173
 15 0 4 179
 15 -2 -1 238
 15 -3 0 38
 105 4 -1 53
 15 3 -1 184
 15 0 -2 316
 15 -3 3 118
 15 1 3 288
 15 -3 -1 131
 15 1 -3 170
 15 -1 -2 120
 105 3 2 310
 105 -1 -3 154
 15 2 3 320
 105 -1 4 19
 105 -3 -2 83
 15 1 -2 12
 15 2 -2 43
 15 1 4 338
 15 -4 -1 11
 15 0 -3 201
 105 -2 -3 146
 15 -1 2 137
 15 -4 0 155
 15 0 3 321
 15 -1 3 268
 105 -3 -3 26
 5 -4 1 240
 55 0 0 245
 55 -2 2 18
 55 -3 1 149
 55 2 2 311
 55 0 -4 156
 55 4 0 84
 55 3 0 302
 55 0 -1 225
 55 -3 2 353
 55 1 1 8
 55 -1 1 248
 55 1 -4 73
 55 3 1 227
 55 -1 0 221
 55 4 1 6
 5 -1 -4 324
 55 1 0 64
 55 2 0 122
 55 1 -1 230
 55 -2 0 8
 55 0 1 17
 55 2 -1 106
 5 -2 3 87
 55 -2 1 204
 55 2 1 127
 5 3 -3 59
 55 -1 -1 157
 "contig-ratio-green-core" 0.6470588235294118
 "contig-ratio-red-core" 0.6666666666666666
 "a-count" 10
 "b-count" 2
 "c-color-count" 26
 "c-express-count" 26
 "d-color-count" 20
 "d-express-count" 18
 "cell-count" 56
 15 3 2 14
 15 -3 0 286
 15 -1 -2 157
 15 3 -3 167
 15 -1 3 227
 15 -1 2 202
 105 1 -4 355
 15 -4 -1 36
 15 -2 -2 291
 105 2 -2 338
 15 2 4 228
 105 -2 3 186
 15 -2 2 303
 15 -1 4 326
 105 2 -3 112
 15 -3 -3 216
 15 0 -3 1
 15 2 3 140
 105 -2 -3 222
 15 -4 0 148
 15 1 -3 47
 105 3 3 201
 15 -3 3 83
 15 4 0 72
 105 -1 -4 177
 105 4 -1 223
 15 -2 1 61
 15 3 0 113
 55 1 0 71
 55 2 -1 43
 55 -1 -1 126
 55 3 -2 26
 55 -1 0 87
 55 -2 -1 212
 55 2 0 274
 5 -3 1 355
 55 1 1 147
 5 0 -4 109
 55 -1 1 46
 55 1 4 288
 55 3 1 26
 55 2 1 296
 55 0 -2 192
 55 0 0 97
 55 1 -1 47
 55 1 3 100
 55 0 1 319
 55 -3 -2 81
 55 2 2 148
 55 -3 -1 127
 55 0 -1 280
 55 1 -2 107
 55 0 3 159
 55 0 4 247
 55 -3 2 312
 55 0 2 128
 "contig-ratio-green-core" 1
 "contig-ratio-red-core" 0.85
