 "a-count" 5
 "b-count" 4
 "c-color-count" 25
 "c-express-count" 24
 "d-color-count" 24
 "d-express-count" 23
 "cell-count" 56
 105 -3 2 229
 15 0 2 327
 15 1 -2 209
 15 -1 -4 9
 15 1 2 227
 15 1 4 167
 15 -2 -2 180
 15 -1 1 343
 15 2 3 137
 15 3 1 282
 15 -2 -1 185
 15 -2 1 305
 15 1 -3 264
 15 -3 1 182
 15 -2 0 162
 15 2 -2 29
 105 3 -3 162
 15 -3 0 185
 15 3 2 142
 105 3 -2 24
 15 -1 0 334
 15 0 3 182
 15 -3 -3 89
 105 -3 -1 354
 15 3 0 281
 15 1 3 19
 15 2 2 94
 15 0 -4 92
 55 -1 2 278
 55 0 -3 215
 55 1 1 234
 55 -1 -2 22
 55 0 -1 300
 55 2 1 282
 5 -1 4 236
 55 4 -1 37
 55 0 1 98
 55 -1 -3 256
 55 0 -2 134
 55 2 0 137
 5 3 -1 216
 55 -2 3 29
 5 -1 3 269
 55 -2 2 232
 55 0 0 328
 55 4 1 331
 55 -4 0 227
 55 -4 1 343
 55 3 3 78
 55 0 4 26
 55 -1 -1 176
 55 -2 -3 261
 55 2 -1 255
 55 -4 -1 214
 55 1 0 87
 55 1 -1 122
 "contig-ratio-green-core" 0.95
 "contig-ratio-red-core" 0.9473684210526315
 "a-count" 4
 "b-count" 1
 "c-color-count" 27
 "c-express-count" 27
 "d-color-count" 24
 "d-express-count" 24
 "cell-count" 56
 105 1 -4 217
 15 0 -3 335
 15 -4 0 119
 15 1 3 208
 15 0 3 56
 15 2 -2 223
 15 -2 2 7
 15 -1 -4 318
 105 2 2 199
 15 0 4 17
 15 0 -4 9
 15 4 0 214
 15 -4 1 131
 15 0 -2 1
 105 -2 -3 214
 105 4 -1 68
 15 3 -2 98
 15 -3 1 338
 15 1 1 158
 15 -1 -2 51
 15 2 1 135
 15 1 -2 13
 15 1 -3 82
 15 -1 4 225
 15 1 2 113
 15 1 4 140
 15 -3 -3 119
 15 -1 3 15
 55 0 -1 33
 55 -2 0 139
 55 1 -1 302
 55 -3 -2 208
 55 2 0 347
 55 3 3 38
 55 -4 -1 68
 55 4 1 353
 5 -3 3 298
 55 -3 0 274
 55 0 2 322
 55 -1 -1 196
 55 3 0 61
 55 -2 -1 105
 55 0 0 327
 55 -1 1 310
 55 -2 -2 156
 55 3 2 165
 55 3 1 187
 55 1 0 64
 55 3 -1 82
 55 2 3 3
 55 -2 1 260
 55 -3 -1 210
 55 0 1 139
 55 -1 2 188
 55 -1 0 202
 55 2 -1 223
 "contig-ratio-green-core" 0.8
 "contig-ratio-red-core" 0.8181818181818182
 "a-count" 9
 "b-count" 5
 "c-color-count" 23
 "c-express-count" 23
 "d-color-count" 19
 "d-express-count" 19
 "cell-count" 56
 15 4 1 122
 15 -2 1 277
 105 -3 2 97
 15 -2 0 108
 15 -4 0 184
 15 -1 -2 160
 105 3 -3 231
 15 -3 0 221
 105 0 -4 203
 15 1 -3 99
 105 0 4 251
 105 -1 -4 328
 15 0 3 98
 105 -2 2 119
 105 3 -2 140
 15 2 -2 200
 15 0 -3 136
 15 4 0 250
 15 0 -2 88
 15 1 3 32
 105 -3 -2 255
 15 -1 -3 162
 15 4 -1 171
 105 1 4 75
 15 -2 -1 341
 15 2 2 345
 15 1 -2 29
 15 -3 -1 196
 55 -1 2 306
 55 3 -1 226
 55 1 -1 129
 55 0 -1 243
 55 -1 1 107
 55 0 0 330
 55 -1 3 134
 5 3 3 76
 5 -2 3 239
 55 -1 -1 333
 55 0 2 317
 55 1 0 62
 5 -3 1 31
 55 2 0 42
 55 1 1 124
 55 3 0 261
 5 3 2 51
 55 -3 -3 336
 55 2 3 23
 55 3 1 309
 55 -1 0 42
 5 -1 4 107
 55 2 -1 84
 55 -4 1 295
 55 -2 -3 134
 55 2 1 231
 55 1 2 294
 55 0 1 136
 "contig-ratio-green-core" 0.8333333333333334
 "contig-ratio-red-core" 0.8571428571428571
 "a-count" 6
 "b-count" 5
 "c-color-count" 23
 "c-express-count" 23
 "d-color-count" 23
 "d-express-count" 22
 "cell-count" 56
 15 2 4 41
 15 -1 -2 356
 15 -3 1 145
 15 0 -1 258
 15 0 3 153
 15 2 -1 145
 15 -1 4 130
 15 0 -4 302
 15 1 -3 336
 105 -1 -4 151
 15 1 3 335
 15 0 -3 229
 15 1 -1 2
 15 -4 -1 77
 15 3 0 224
 15 4 -1 37
 15 1 -4 208
 15 1 -2 261
 15 -2 -2 184
 105 3 -2 295
 15 -1 3 21
 15 -4 0 236
 15 -2 3 120
 105 3 -3 173
 105 3 -1 114
 15 0 -2 129
 105 -3 -3 42
 15 2 3 119
 5 2 -2 32
 55 3 1 239
 55 -2 2 267
 55 2 1 21
 55 -1 -1 170
 55 1 2 261
 5 -2 -3 332
 55 2 2 35
 5 -3 2 109
 55 2 -3 222
 55 -1 0 230
 55 0 2 164
 55 -1 1 224
 55 2 0 330
 5 -3 3 325
 55 -3 0 203
 55 -3 -1 301
 55 -2 1 76
 55 1 0 293
 55 3 2 205
 55 -1 2 114
 55 0 0 177
 5 -4 1 84
 55 -2 -1 27
 55 -3 -2 170
 55 -2 0 333
 55 0 1 179
 55 1 1 234
 "contig-ratio-green-core" 0.8823529411764706
 "contig-ratio-red-core" 0.7647058823529411
