 "a-count" 9
 "b-count" 4
 "c-color-count" 24
 "c-express-count" 24
 "d-color-count" 20
 "d-express-count" 19
 "cell-count" 56
 15 -1 -2 225
 15 2 2 52
 105 -3 3 188
 105 0 -3 239
 15 1 3 55
 105 -2 2 82
 15 2 -2 189
 15 1 -1 26
 15 -2 -3 128
 15 0 3 172
 15 1 4 312
 15 0 4 310
 15 -1 4 68
 105 -1 -4 24
 15 -2 -2 200
 15 4 -1 347
 15 1 -2 53
 105 0 -4 345
 105 -4 0 126
 15 0 -1 327
 105 2 -3 20
 15 -1 -1 186
 15 -3 1 25
 15 -2 -1 311
 15 1 -3 133
 15 2 1 65
 15 -3 2 72
 105 1 -4 70
 55 2 3 327
 55 -1 1 192
 5 -2 3 165
 5 3 1 324
 55 0 0 315
 55 -2 1 70
 55 0 2 9
 55 2 -1 83
 55 -2 0 270
 5 4 1 265
 5 3 3 237
 55 1 1 238
 55 0 1 247
 55 -3 0 171
 55 -3 -2 75
 55 3 0 76
 55 -1 0 59
 55 3 -2 133
 55 3 -3 139
 55 4 0 163
 55 -4 -1 354
 55 2 0 244
 55 1 2 198
 55 3 -1 350
 55 -1 2 268
 55 -3 -3 280
 55 -3 -1 98
 55 1 0 258
 "contig-ratio-green-core" 0.631578947368421
 "contig-ratio-red-core" 0.8823529411764706
 "a-count" 6
 "b-count" 4
 "c-color-count" 25
 "c-express-count" 24
 "d-color-count" 22
 "d-express-count" 22
 "cell-count" 56
 15 3 -1 259
 105 1 -4 121
 15 0 -2 166
 15 3 0 178
 15 1 3 120
 15 -1 3 343
 105 4 -1 61
 15 0 4 64
 105 3 -2 261
 15 0 3 78
 15 -3 2 201
 105 0 -3 139
 15 2 -3 18
 15 -4 1 273
 105 1 -3 267
 105 -4 -1 214
 15 -3 0 114
 15 -3 -1 19
 15 -2 -3 166
 15 -2 -2 22
 15 -3 -2 64
 15 -1 -2 23
 15 -1 -3 175
 15 -3 1 268
 15 -2 3 66
 15 2 -1 108
 15 3 1 97
 15 1 -2 280
 55 -2 1 86
 55 0 -1 60
 5 2 3 109
 55 -1 0 308
 55 1 -1 91
 5 0 1 167
 55 -2 -1 202
 55 -1 1 325
 5 -1 4 37
 55 -2 2 124
 55 3 2 312
 55 -1 -1 353
 55 -1 2 130
 55 -2 0 305
 55 0 0 24
 55 3 -3 249
 55 -3 3 161
 55 1 2 68
 55 1 1 53
 55 -3 -3 287
 55 2 1 148
 55 3 3 298
 55 4 0 102
 55 0 2 120
 55 1 0 84
 55 -1 -4 199
 55 2 0 142
 55 2 2 308
 "contig-ratio-green-core" 1.0714285714285714
 "contig-ratio-red-core" 0.8333333333333334
 "a-count" 9
 "b-count" 5
 "c-color-count" 24
 "c-express-count" 23
 "d-color-count" 20
 "d-express-count" 19
 "cell-count" 56
 15 -3 -1 291
 15 -2 0 65
 15 -4 0 106
 15 -2 1 347
 105 0 2 78
 15 -2 -3 2
 15 -3 0 135
 105 2 3 186
 15 -2 2 196
 15 3 1 156
 15 2 2 223
 15 -1 0 105
 15 -3 1 29
 15 -2 -2 163
 15 0 -4 89
 15 1 2 231
 15 1 -4 55
 105 0 3 187
 105 4 0 210
 15 -1 2 82
 15 4 -1 18
 105 2 -3 41
 15 0 1 19
 105 3 3 23
 105 -3 -2 263
 15 -2 -1 59
 15 -3 -3 247
 105 -3 3 223
 5 -4 -1 293
 55 -1 3 75
 55 2 -1 49
 55 0 -2 304
 55 2 0 60
 55 2 -2 96
 55 1 4 265
 55 3 2 184
 55 0 -3 74
 55 -3 2 121
 5 -4 1 134
 55 1 -1 29
 55 -1 -1 180
 55 0 0 329
 5 3 -3 55
 55 3 -1 338
 55 -1 -3 233
 55 1 -2 18
 55 2 1 314
 5 3 -2 208
 55 0 -1 221
 55 1 1 171
 55 0 4 145
 55 -1 -2 29
 55 1 0 292
 55 -1 4 306
 55 3 0 188
 55 1 -3 283
 "contig-ratio-green-core" 0.8571428571428571
 "contig-ratio-red-core" 0.7333333333333333
 "a-count" 11
 "b-count" 3
 "c-color-count" 25
 "c-express-count" 25
 "d-color-count" 17
 "d-express-count" 17
 "cell-count" 56
 105 -1 -2 318
 105 3 2 139
 15 -4 -1 195
 15 2 0 145
 15 -1 -3 49
 15 3 0 337
 105 -3 -2 274
 105 -2 -3 143
 15 0 3 331
 105 0 -3 140
 15 2 2 238
 15 2 1 112
 105 -1 3 323
 15 -4 1 151
 15 1 -2 335
 15 1 3 262
 15 2 -1 243
 15 -4 0 196
 105 2 -3 40
 15 0 4 322
 15 3 -1 68
 105 -2 3 52
 105 2 -2 319
 15 3 1 207
 105 -3 3 191
 105 0 -2 13
 15 4 1 72
 15 3 -2 84
 55 1 -1 271
 55 2 3 250
 55 -2 0 282
 55 1 2 191
 5 1 4 259
 55 -2 1 138
 55 -3 2 288
 55 4 0 346
 55 -3 1 287
 55 -3 -1 188
 5 0 -4 275
 55 -1 4 262
 55 -3 0 358
 55 0 0 280
 55 -1 -1 81
 55 0 1 109
 55 1 1 258
 55 -1 0 162
 55 3 3 37
 55 -2 -2 124
 5 -5 -1 325
 55 0 2 54
 55 0 -1 108
 55 -2 2 115
 55 -1 1 71
 55 -1 2 268
 55 -2 -1 246
 55 1 0 25
 "contig-ratio-green-core" 0.625
 "contig-ratio-red-core" 0.7142857142857143
