 "a-count" 9
 "b-count" 5
 "c-color-count" 23
 "c-express-count" 23
 "d-color-count" 21
 "d-express-count" 19
 "cell-count" 56
 105 -1 4 315
 15 1 0 128
 15 -1 -2 118
 15 3 -3 154
 15 3 0 152
 15 -2 2 186
 105 3 3 293
 15 -1 -3 310
 105 1 -1 183
 15 2 -3 309
 105 1 -2 26
 15 -2 0 213
 15 -1 -1 330
 15 2 -2 270
 15 -2 -1 357
 15 0 -1 189
 15 2 -1 175
 105 3 2 38
 105 -3 3 116
 15 -1 3 154
 105 -2 3 258
 15 -4 -2 302
 15 4 0 188
 15 3 -1 22
 15 -1 0 36
 15 -2 1 183
 15 3 1 203
 15 3 -2 164
 55 0 3 271
 55 0 -4 207
 55 0 1 319
 55 -3 -2 304
 5 -2 -2 353
 55 1 3 245
 55 -4 1 109
 55 -3 -1 217
 55 4 -1 77
 55 -3 -3 26
 55 0 2 337
 55 1 1 55
 55 0 -3 143
 55 1 4 358
 5 -2 -3 212
 55 -3 0 340
 55 -4 0 355
 5 -3 2 26
 55 2 2 24
 55 -1 2 130
 5 -4 -1 104
 5 2 0 66
 55 1 -3 90
 55 0 4 152
 55 -1 -4 44
 55 -1 1 5
 55 2 1 139
 55 1 2 264
 "contig-ratio-green-core" 0.55
 "contig-ratio-red-core" 0.7692307692307693
 "a-count" 6
 "b-count" 8
 "c-color-count" 21
 "c-express-count" 20
 "d-color-count" 23
 "d-express-count" 22
 "cell-count" 56
 15 2 1 51
 15 -2 2 72
 105 3 -2 149
 105 -3 -3 257
 15 1 4 278
 105 3 -1 112
 15 3 0 203
 15 1 -4 229
 15 2 0 293
 15 4 0 37
 15 2 -2 198
 15 0 -3 122
 15 -2 -2 47
 15 1 3 296
 15 2 -1 289
 15 1 1 301
 15 1 0 49
 15 -2 -3 102
 15 -1 -3 37
 15 3 -3 156
 105 4 -1 155
 15 -1 2 317
 105 -3 2 286
 15 0 -4 80
 15 -3 -1 301
 15 -3 0 102
 15 -2 -1 142
 15 -3 -2 123
 55 1 2 236
 5 -4 1 17
 5 3 3 101
 55 0 4 156
 55 1 -3 89
 55 -1 -1 90
 55 -1 -2 309
 55 -4 0 151
 55 -1 -4 26
 5 2 2 105
 55 3 1 4
 55 -3 1 242
 55 0 0 79
 55 0 1 217
 5 -2 3 197
 55 2 -3 150
 5 -1 4 138
 55 -1 0 136
 55 0 -1 336
 5 2 3 255
 55 3 2 54
 55 -2 1 330
 55 -2 0 357
 55 -1 1 77
 5 -1 3 328
 55 0 2 20
 55 0 -2 111
 55 0 3 148
 "contig-ratio-green-core" 0.9411764705882353
 "contig-ratio-red-core" 0.85
 "a-count" 8
 "b-count" 5
 "c-color-count" 23
 "c-express-count" 23
 "d-color-count" 20
 "d-express-count" 20
 "cell-count" 56
 105 4 -1 119
 15 -3 2 257
 15 -2 3 227
 15 4 1 208
 15 -2 -1 55
 15 1 -3 83
 15 -3 3 230
 15 -3 1 343
 15 1 -2 246
 15 2 2 125
 105 4 0 128
 15 3 -1 130
 105 -3 -2 26
 15 3 1 284
 105 -1 -4 359
 15 3 0 309
 105 3 3 315
 105 -4 1 107
 15 -3 0 307
 15 -1 4 261
 15 -3 -1 273
 15 0 4 287
 105 0 -4 131
 15 0 -3 293
 105 -4 0 256
 15 3 2 183
 15 -2 2 235
 15 2 1 88
 55 1 2 154
 55 2 3 48
 55 -1 -3 322
 55 1 1 78
 55 2 -1 147
 55 0 -2 346
 55 1 0 206
 55 0 3 275
 55 -1 -1 318
 55 -1 1 357
 55 -1 -2 327
 5 -3 -3 336
 55 -4 -1 290
 55 -1 3 39
 55 0 -1 165
 5 3 -2 265
 55 -1 2 351
 5 2 0 246
 55 1 -1 125
 5 2 -3 212
 55 -1 0 28
 55 -2 -3 16
 55 1 3 42
 55 0 1 255
 55 -2 1 283
 55 -2 -2 93
 5 2 -2 130
 55 0 2 231
 "contig-ratio-green-core" 0.6111111111111112
 "contig-ratio-red-core" 0.7368421052631579
