 "a-count" 9
 "b-count" 4
 "c-color-count" 24
 "c-express-count" 24
 "d-color-count" 22
 "d-express-count" 19
 "cell-count" 56
 15 1 -2 48
 15 2 2 180
 15 3 -1 132
 15 3 3 14
 105 1 4 64
 105 2 3 294
 15 0 -2 3
 15 1 -3 184
 15 1 -4 181
 15 -2 1 316
 105 -4 1 301
 15 3 0 190
 15 2 -3 76
 15 0 4 152
 15 2 1 347
 15 -2 0 114
 15 4 -1 264
 105 -3 3 15
 15 -2 2 228
 15 -1 -1 106
 15 0 -3 176
 105 3 -2 195
 15 -3 -3 16
 15 -1 -2 31
 105 -3 0 151
 15 3 1 193
 15 -3 2 303
 15 -2 -1 67
 55 2 -1 341
 55 -1 3 205
 55 -3 -1 240
 55 3 2 276
 55 -4 -1 279
 55 1 2 332
 55 -1 2 288
 55 4 1 53
 55 -2 -2 269
 55 2 -2 117
 55 -2 -3 93
 55 -2 3 75
 55 1 1 220
 5 4 0 51
 55 0 3 243
 55 0 2 357
 55 1 -1 64
 5 1 3 157
 55 -1 -3 306
 55 1 0 104
 55 -1 0 203
 55 -1 1 151
 5 0 1 88
 55 0 -4 179
 55 2 0 59
 55 0 -1 160
 55 0 0 271
 5 -1 -4 56
 "contig-ratio-green-core" 0.9
 "contig-ratio-red-core" 0.9411764705882353
 "a-count" 9
 "b-count" 2
 "c-color-count" 26
 "c-express-count" 26
 "d-color-count" 20
 "d-express-count" 19
 "cell-count" 56
 15 0 -2 239
 105 2 3 140
 105 3 3 298
 15 -4 0 205
 15 1 -3 60
 15 -3 0 347
 15 -2 -2 195
 15 -1 -4 212
 105 1 -4 299
 15 1 3 69
 15 -1 -3 113
 15 0 4 300
 105 -2 3 142
 105 -3 2 121
 15 -2 2 17
 105 0 -3 58
 15 0 -4 36
 15 3 -2 258
 15 1 -2 266
 15 4 0 233
 15 -1 -2 21
 105 1 4 278
 15 -3 -1 315
 15 -3 1 61
 15 -1 3 345
 105 -3 3 267
 15 -2 -1 243
 15 0 3 349
 55 3 1 324
 55 0 0 46
 55 3 0 137
 55 4 1 314
 55 -2 0 241
 55 1 2 292
 55 0 1 65
 55 -1 2 291
 55 1 -1 268
 55 1 1 123
 55 0 2 237
 5 -4 1 214
 5 3 -3 15
 55 2 1 117
 55 0 -1 131
 55 -4 -1 248
 55 -1 1 228
 55 -1 4 162
 55 2 2 322
 55 -2 1 35
 55 2 -1 278
 55 -1 0 185
 55 -3 -2 62
 55 2 -2 6
 55 3 -1 258
 55 -3 -3 276
 55 1 0 80
 55 2 0 295
 "contig-ratio-green-core" 0.8125
 "contig-ratio-red-core" 0.6875
