 "a-count" 0
 "b-count" 0
 "c-color-count" 28
 "c-express-count" 28
 "d-color-count" 28
 "d-express-count" 28
 "cell-count" 56
 15 0 2 104
 15 3 -2 178
 15 0 3 35
 15 1 4 149
 15 -4 1 85
 15 -3 -1 103
 15 -1 3 300
 15 -3 0 234
 15 2 -3 184
 15 0 4 247
 15 3 3 187
 15 -1 4 80
 15 -2 2 115
 15 -4 0 7
 15 -2 1 12
 15 1 2 17
 15 4 3 323
 15 -3 1 36
 15 -1 2 293
 15 -3 2 178
 15 -4 -1 167
 15 -2 0 108
 15 2 3 139
 15 2 -2 302
 15 3 2 71
 15 1 -3 134
 15 4 1 28
 15 4 0 48
 55 1 0 231
 55 3 0 197
 55 3 4 104
 55 -1 0 108
 55 -1 -5 166
 55 -1 -4 23
 55 -3 -3 277
 55 -1 -2 152
 55 -3 -2 277
 55 1 -1 131
 55 -2 3 358
 55 2 1 139
 55 -2 -1 339
 55 1 -2 232
 55 3 -1 54
 55 2 4 42
 55 2 -1 35
 55 -3 3 158
 55 0 1 130
 55 0 -4 264
 55 2 0 350
 55 0 -1 102
 55 0 -2 100
 55 0 0 142
 55 -1 -1 296
 55 1 1 293
 55 3 1 174
 55 -2 -2 278
 "contig-ratio-green-core" 0.7272727272727273
 "contig-ratio-red-core" 0.5384615384615384
 "a-count" 0
 "b-count" 0
 "c-color-count" 28
 "c-express-count" 28
 "d-color-count" 28
 "d-express-count" 28
 "cell-count" 56
 15 -3 -2 83
 15 -3 1 191
 15 2 1 77
 15 -1 -4 293
 15 -1 -3 57
 15 -1 2 311
 15 -1 3 273
 15 -3 -3 309
 15 3 2 223
 15 -4 2 179
 15 -2 -3 33
 15 2 3 142
 15 0 4 83
 15 -4 3 211
 15 3 -2 99
 15 -2 3 107
 15 -4 1 51
 15 -2 2 196
 15 1 -3 199
 15 -4 -2 95
 15 0 -3 5
 15 1 -3 265
 15 3 3 135
 15 2 -3 229
 15 0 -4 99
 15 -1 4 318
 15 -2 4 273
 15 2 2 133
 55 -2 0 283
 55 -1 0 12
 55 0 -1 306
 55 1 -1 78
 55 0 2 147
 55 -2 1 64
 55 -3 0 236
 55 1 4 177
 55 0 1 167
 55 -1 -1 235
 55 1 0 215
 55 1 -2 284
 55 -1 1 294
 55 3 0 142
 55 2 0 322
 55 1 2 40
 55 -1 -2 198
 55 1 3 210
 55 0 -2 227
 55 0 0 133
 55 1 -4 74
 55 1 1 255
 55 -3 -1 66
 55 0 3 150
 55 1 0 201
 55 1 -1 59
 55 2 -2 141
 55 2 -1 306
 "contig-ratio-green-core" 0.7894736842105263
 "contig-ratio-red-core" 0.6521739130434783
 "a-count" 0
 "b-count" 0
 "c-color-count" 28
 "c-express-count" 28
 "d-color-count" 28
 "d-express-count" 28
 "cell-count" 56
 15 0 0 17
 15 0 1 6
 15 -1 4 221
 15 -1 0 6
 15 3 -2 287
 15 -2 -1 161
 15 0 -1 198
 15 3 1 148
 15 2 -3 210
 15 -4 1 318
 15 -1 3 132
 15 -1 2 199
 15 -2 0 162
 15 3 -1 67
 15 0 2 268
 15 3 2 66
 15 -1 -1 264
 15 3 3 207
 15 2 -4 190
 15 -1 -3 135
 15 -3 -3 264
 15 4 1 290
 15 -2 -3 129
 15 3 0 259
 15 -1 -2 17
 15 1 -4 27
 15 -2 -2 237
 15 -1 1 244
 55 0 -3 324
 55 1 -2 203
 55 0 3 46
 55 -3 -2 337
 55 -3 -1 1
 55 -4 0 243
 55 1 -1 245
 55 -2 1 305
 55 -2 2 316
 55 1 1 137
 55 2 1 211
 55 1 2 204
 55 -3 0 175
 55 -3 2 57
 55 1 -3 358
 55 2 -1 7
 55 0 4 266
 55 -3 3 40
 55 1 0 291
 55 1 3 68
 55 2 2 87
 55 2 0 130
 55 2 -2 351
 55 2 3 12
 55 0 -2 125
 55 4 0 13
 55 -4 -1 106
 55 -3 1 295
 "contig-ratio-green-core" 0.8846153846153846
 "contig-ratio-red-core" 0.8571428571428571
