 "a-count" 0
 "b-count" 0
 "c-color-count" 28
 "c-express-count" 28
 "d-color-count" 28
 "d-express-count" 28
 "cell-count" 56
 15 1 -4 86
 15 0 4 232
 15 0 -3 94
 15 -4 1 174
 15 -2 -3 96
 15 3 -2 161
 15 -1 -4 55
 15 -2 3 276
 15 1 -2 165
 15 1 -3 100
 15 -2 -4 54
 15 1 4 311
 15 1 2 262
 15 -2 4 85
 15 2 2 86
 15 2 -2 121
 15 3 2 9
 15 2 3 166
 15 1 -1 250
 15 3 -1 9
 15 0 -4 149
 15 -3 3 38
 15 3 3 66
 15 -1 -3 242
 15 -4 0 345
 15 2 -1 161
 15 -4 -2 251
 15 1 3 218
 55 -3 -3 78
 55 -2 2 338
 55 -3 -2 177
 55 -1 -1 230
 55 -2 -2 112
 55 -1 2 196
 55 -1 -2 56
 55 2 0 148
 55 0 -2 195
 55 -2 -1 273
 55 -1 3 292
 55 -1 1 109
 55 0 2 95
 55 0 -1 344
 55 -1 0 102
 55 0 1 265
 55 -3 -1 271
 55 -3 0 52
 55 -4 -1 83
 55 0 3 179
 55 2 -3 308
 55 2 1 41
 55 -2 0 75
 55 1 1 227
 55 1 0 214
 55 -2 1 160
 55 -3 1 41
 55 0 0 229
 "contig-ratio-green-core" 0.8235294117647058
 "contig-ratio-red-core" 0.6296296296296297
 "a-count" 0
 "b-count" 0
 "c-color-count" 28
 "c-express-count" 28
 "d-color-count" 28
 "d-express-count" 28
 "cell-count" 56
 15 2 -3 86
 15 2 3 22
 15 3 0 331
 15 -3 2 2
 15 -1 -1 309
 15 -1 0 280
 15 1 4 100
 15 3 -2 89
 15 -4 0 161
 15 3 -1 340
 15 -4 2 205
 15 -2 2 13
 15 1 3 217
 15 -2 1 199
 15 -3 -2 243
 15 -3 -1 123
 15 -2 -2 178
 15 3 -3 123
 15 -2 -1 303
 15 -1 1 115
 15 -3 1 25
 15 2 -4 323
 15 0 4 100
 15 -3 0 247
 15 2 4 300
 15 -4 1 220
 15 0 3 304
 15 -2 0 106
 55 3 1 335
 55 -1 2 276
 55 0 1 195
 55 1 0 164
 55 -1 3 160
 55 0 -2 301
 55 -1 -3 218
 55 -1 -4 285
 55 2 -1 37
 55 -2 4 75
 55 1 2 253
 55 -1 -2 340
 55 3 2 162
 55 2 1 309
 55 0 2 128
 55 2 -2 96
 55 -2 3 283
 55 1 -3 163
 55 4 1 52
 55 1 -2 103
 55 0 0 87
 55 2 2 338
 55 1 -1 225
 55 2 0 289
 55 1 1 324
 55 0 -3 211
 55 0 -1 166
 55 0 -4 179
 "contig-ratio-green-core" 0.5714285714285714
 "contig-ratio-red-core" 0.6666666666666666
 "a-count" 0
 "b-count" 0
 "c-color-count" 28
 "c-express-count" 28
 "d-color-count" 28
 "d-express-count" 28
 "cell-count" 56
 15 2 -2 246
 15 3 3 44
 15 2 3 266
 15 -3 2 245
 15 -5 1 92
 15 -3 -2 162
 15 2 1 26
 15 -2 1 284
 15 1 -1 288
 15 1 3 111
 15 -3 0 11
 15 -3 1 80
 15 2 -1 219
 15 -4 1 229
 15 4 0 0
 15 3 -1 62
 15 2 0 173
 15 3 2 341
 15 -3 -1 316
 15 1 -2 122
 15 3 1 30
 15 2 2 22
 15 -4 0 184
 15 -2 2 45
 15 -4 -1 244
 15 3 4 41
 15 1 -3 304
 15 1 -4 19
 55 -1 3 303
 55 0 -1 45
 55 -1 4 320
 55 -3 3 126
 55 -2 0 241
 55 -2 0 150
 55 -1 2 185
 55 1 1 197
 55 -2 3 9
 55 -1 -1 106
 55 0 3 287
 55 1 0 339
 55 3 -3 64
 55 0 2 66
 55 0 -4 211
 55 -1 1 282
 55 -1 2 300
 55 -1 -3 341
 55 -2 -2 170
 55 -2 -1 343
 55 -1 0 111
 55 0 0 341
 55 -2 -3 58
 55 -1 -2 67
 55 2 -3 271
 55 -1 -4 314
 55 0 -2 124
 55 1 2 117
 "contig-ratio-green-core" 0.6666666666666666
 "contig-ratio-red-core" 0.7391304347826086
 "a-count" 0
 "b-count" 0
 "c-color-count" 28
 "c-express-count" 28
 "d-color-count" 28
 "d-express-count" 28
 "cell-count" 56
 15 4 -2 206
 15 2 1 250
 15 -4 -1 119
 15 3 0 37
 15 4 -1 238
 15 1 2 49
 15 -2 -3 273
 15 1 3 125
 15 1 -3 263
 15 0 -3 77
 15 2 -2 146
 15 -3 -2 149
 15 0 4 51
 15 -4 0 289
 15 -1 -3 197
 15 -2 -2 183
 15 -2 -4 1
 15 0 3 275
 15 2 2 197
 15 2 -1 175
 15 4 0 240
 15 2 0 44
 15 4 1 206
 15 3 1 347
 15 -2 3 161
 15 3 -2 0
 15 3 2 165
 15 -1 -4 19
 55 1 -2 141
 55 -3 2 68
 55 2 3 265
 55 0 -2 337
 55 3 3 73
 55 -1 -2 55
 55 -1 4 246
 55 -3 1 211
 55 0 -1 231
 55 0 0 155
 55 -1 0 357
 55 -1 2 175
 55 1 1 274
 55 -1 1 224
 55 -1 -1 34
 55 1 -1 328
 55 -3 -1 179
 55 -1 3 198
 55 -3 0 176
 55 -4 1 90
 55 -2 1 169
 55 -2 0 256
 55 0 2 209
 55 1 0 282
 55 -2 -1 115
 55 4 2 143
 55 -2 2 215
 55 0 1 47
 "contig-ratio-green-core" 1.125
 "contig-ratio-red-core" 0.6363636363636364
