 "a-count" 0
 "b-count" 0
 "c-color-count" 28
 "c-express-count" 28
 "d-color-count" 28
 "d-express-count" 28
 "cell-count" 56
 15 4 -1 184
 15 -2 -1 145
 15 3 -1 106
 15 -3 -1 154
 15 -3 2 109
 15 -1 -2 259
 15 2 3 94
 15 1 -3 130
 15 0 -2 93
 15 3 0 76
 15 -2 -3 259
 15 3 3 161
 15 -1 -3 341
 15 0 -4 87
 15 -2 3 204
 15 1 4 325
 15 -1 4 350
 15 1 -2 187
 15 -4 2 287
 15 -2 -2 285
 15 0 4 188
 15 3 -2 308
 15 2 -2 17
 15 1 3 161
 15 4 0 53
 15 -3 3 108
 15 -1 -1 168
 15 0 -3 229
 55 2 0 235
 55 1 1 145
 55 0 3 30
 55 2 -3 234
 55 0 1 176
 55 1 0 307
 55 -3 1 338
 55 -4 1 264
 55 3 2 143
 55 2 -1 286
 55 0 0 97
 55 -3 0 142
 55 -2 2 105
 55 2 1 302
 55 4 1 118
 55 0 -1 62
 55 1 -1 288
 55 -1 3 133
 55 2 2 191
 55 -4 0 86
 55 -2 3 12
 55 3 1 222
 55 -1 0 220
 55 -1 2 17
 55 -3 2 201
 55 -5 0 25
 55 0 2 9
 55 -2 0 32
 "contig-ratio-green-core" 0.8095238095238095
 "contig-ratio-red-core" 0.782608695652174
 "a-count" 0
 "b-count" 0
 "c-color-count" 28
 "c-express-count" 28
 "d-color-count" 28
 "d-express-count" 28
 "cell-count" 56
 15 -3 -2 12
 15 -4 -2 322
 15 -1 -2 115
 15 -3 -4 0
 15 2 3 66
 15 0 4 308
 15 -2 -2 114
 15 0 -2 223
 15 2 -1 52
 15 4 0 325
 15 4 -1 35
 15 -1 -2 215
 15 -3 -4 209
 15 -4 0 56
 15 -4 -1 101
 15 -2 -4 208
 15 -1 -4 354
 15 -1 4 161
 15 -3 0 47
 15 -1 -3 127
 15 2 2 213
 15 1 3 205
 15 -3 -1 324
 15 -2 -3 101
 15 1 4 19
 15 -3 2 272
 15 -2 -3 33
 15 -3 -3 292
 55 1 -1 105
 55 -1 -1 188
 55 0 1 242
 55 3 1 312
 55 -1 1 272
 55 0 2 81
 55 0 0 329
 55 4 1 110
 55 -1 3 214
 55 -2 3 197
 55 3 0 216
 55 -2 1 270
 55 -3 -4 77
 55 0 3 305
 55 -1 0 153
 55 0 -1 102
 55 -2 0 158
 55 1 0 359
 55 -1 2 95
 55 -4 -3 251
 55 -2 -1 49
 55 -2 2 95
 55 1 2 136
 55 -3 1 301
 55 2 0 40
 55 -1 -1 237
 55 2 1 141
 55 1 1 41
 "contig-ratio-green-core" 0.7647058823529411
 "contig-ratio-red-core" 0.6363636363636364
 "a-count" 0
 "b-count" 0
 "c-color-count" 28
 "c-express-count" 28
 "d-color-count" 28
 "d-express-count" 28
 "cell-count" 56
 15 2 -3 186
 15 -4 -1 96
 15 -1 -2 73
 15 1 -4 143
 15 -2 -2 76
 15 -2 4 347
 15 -4 0 160
 15 3 3 300
 15 -2 2 101
 15 -2 3 191
 15 4 2 140
 15 4 1 342
 15 -1 -3 309
 15 0 4 243
 15 -4 1 141
 15 3 -2 277
 15 0 -4 197
 15 3 1 167
 15 -1 3 72
 15 3 2 328
 15 1 -3 213
 15 0 -3 319
 15 -1 4 6
 15 3 -3 338
 15 3 4 313
 15 0 -2 207
 15 -2 -3 46
 15 -3 -3 102
 55 2 -1 30
 55 1 3 330
 55 2 -2 23
 55 0 0 204
 55 -2 1 269
 55 2 1 340
 55 -3 2 181
 55 3 0 55
 55 -1 0 270
 55 -3 0 44
 55 1 -1 89
 55 0 3 126
 55 0 2 254
 55 0 1 46
 55 0 -1 154
 55 2 0 301
 55 -1 -4 176
 55 1 0 295
 55 -1 -1 277
 55 -2 -1 316
 55 3 -1 216
 55 -1 1 51
 55 -3 -2 185
 55 -3 1 162
 55 1 -2 167
 55 -3 -1 187
 55 1 1 317
 55 1 2 348
 "contig-ratio-green-core" 0.7647058823529411
 "contig-ratio-red-core" 0.625
