 "a-count" 0
 "b-count" 0
 "c-color-count" 28
 "c-express-count" 28
 "d-color-count" 28
 "d-express-count" 28
 "cell-count" 56
 15 -3 -1 295
 15 3 1 132
 15 -2 -3 31
 15 -4 1 88
 15 3 2 114
 15 4 -3 287
 15 4 -2 326
 15 -2 -2 210
 15 2 3 170
 15 0 -4 260
 15 -4 0 116
 15 -3 0 359
 15 1 -4 166
 15 -3 -2 129
 15 1 4 299
 15 -4 2 266
 15 4 -1 168
 15 0 -3 352
 15 3 0 339
 15 4 1 282
 15 1 3 70
 15 -2 4 3
 15 -1 4 23
 15 4 2 231
 15 0 4 207
 15 -1 -3 185
 15 4 0 99
 15 -1 -2 259
 55 1 2 329
 55 1 -2 55
 55 -1 3 137
 55 1 -3 55
 55 0 -2 218
 55 -1 2 242
 55 -2 3 270
 55 -1 1 206
 55 1 1 356
 55 2 2 21
 55 1 0 97
 55 2 0 8
 55 2 -1 75
 55 0 3 305
 55 3 3 169
 55 -1 -4 36
 55 0 0 10
 55 2 1 196
 55 -1 -1 241
 55 -2 -1 166
 55 -1 0 347
 55 0 -1 289
 55 0 2 337
 55 0 1 166
 55 -2 0 156
 55 1 -1 280
 55 -2 2 193
 55 2 -2 21
 "contig-ratio-green-core" 0.875
 "contig-ratio-red-core" 0.5909090909090909
 "a-count" 0
 "b-count" 0
 "c-color-count" 28
 "c-express-count" 28
 "d-color-count" 28
 "d-express-count" 28
 "cell-count" 56
 15 -2 -2 122
 15 -5 0 255
 15 2 -2 214
 15 -2 3 151
 15 0 4 205
 15 2 -3 277
 15 4 2 323
 15 -3 1 43
 15 -4 1 246
 15 -1 -3 320
 15 1 4 79
 15 -1 4 173
 15 2 3 26
 15 3 3 213
 15 -2 -3 330
 15 1 -4 240
 15 -2 4 80
 15 -4 0 118
 15 1 -3 339
 15 0 -3 335
 15 -3 0 85
 15 2 2 185
 15 3 1 62
 15 -3 -1 236
 15 -3 2 90
 15 3 2 284
 15 -3 -2 268
 15 -4 2 20
 55 -2 0 267
 55 -2 -1 116
 55 -1 -1 332
 55 0 -1 146
 55 -3 -3 31
 55 1 2 125
 55 0 0 157
 55 -1 2 210
 55 -1 3 155
 55 -1 0 79
 55 0 1 79
 55 -2 1 167
 55 1 -1 3
 55 -1 -2 10
 55 0 -2 215
 55 2 0 275
 55 2 4 93
 55 1 -2 247
 55 -2 2 337
 55 1 3 34
 55 2 -1 126
 55 0 3 242
 55 -2 -2 305
 55 2 1 261
 55 1 0 196
 55 1 1 131
 55 0 2 273
 55 2 0 193
 "contig-ratio-green-core" 0.9444444444444444
 "contig-ratio-red-core" 0.6363636363636364
 "a-count" 0
 "b-count" 0
 "c-color-count" 28
 "c-express-count" 28
 "d-color-count" 28
 "d-express-count" 28
 "cell-count" 56
 15 -1 3 116
 15 0 4 221
 15 -4 -1 297
 15 -3 -2 48
 15 2 -2 116
 15 -1 4 331
 15 -3 2 204
 15 2 -3 88
 15 3 -2 355
 15 1 -3 71
 15 4 -1 85
 15 -3 -3 227
 15 -2 -3 174
 15 -4 2 204
 15 3 2 148
 15 -2 -4 256
 15 1 -2 29
 15 -3 1 56
 15 0 3 237
 15 3 -1 321
 15 -2 3 277
 15 -3 0 227
 15 4 1 343
 15 -3 -1 112
 15 -4 0 181
 15 4 0 232
 15 3 0 198
 15 1 -4 336
 55 1 3 142
 55 0 -2 231
 55 1 1 343
 55 -1 1 202
 55 2 -1 147
 55 -1 2 260
 55 -1 0 144
 55 1 -1 179
 55 1 2 220
 55 -2 -1 116
 55 0 2 270
 55 2 2 183
 55 -1 -3 200
 55 0 0 313
 55 2 0 222
 55 -2 1 264
 55 -2 0 205
 55 2 3 271
 55 1 4 357
 55 0 -3 174
 55 0 -1 255
 55 -1 -1 112
 55 2 1 72
 55 -1 -4 263
 55 0 1 160
 55 1 0 154
 55 -1 -2 313
 55 3 1 106
 "contig-ratio-green-core" 0.8333333333333334
 "contig-ratio-red-core" 0.56
 "a-count" 0
 "b-count" 0
 "c-color-count" 28
 "c-express-count" 28
 "d-color-count" 28
 "d-express-count" 28
 "cell-count" 56
 15 4 1 44
 15 3 -2 102
 15 2 2 130
 15 -3 -2 22
 15 -2 -2 107
 15 1 -3 281
 15 0 4 217
 15 3 -1 84
 15 0 -3 96
 15 -1 -4 215
 15 -3 0 56
 15 1 4 75
 15 2 4 107
 15 -4 -2 168
 15 -2 -3 186
 15 0 3 73
 15 -2 -4 77
 15 -1 -3 146
 15 2 1 12
 15 -4 0 156
 15 1 3 180
 15 1 -2 143
 15 4 0 39
 15 2 3 109
 15 0 -4 1
 15 3 0 302
 15 2 -2 235
 15 2 -3 74
 55 -1 1 350
 55 0 -2 343
 55 1 2 335
 55 -2 2 347
 55 2 -1 79
 55 1 1 275
 55 -2 -1 25
 55 -2 0 140
 55 2 0 146
 55 -2 1 7
 55 0 2 270
 55 -1 -2 338
 55 -4 1 345
 55 0 -1 291
 55 1 0 151
 55 1 -4 194
 55 -1 -1 117
 55 -2 3 127
 55 -3 1 12
 55 1 -1 35
 55 -1 0 320
 55 0 1 330
 55 -1 2 194
 55 0 0 132
 55 -3 2 123
 55 -3 3 48
 55 -1 3 257
 55 -3 -3 175
 "contig-ratio-green-core" 0.8125
 "contig-ratio-red-core" 0.6
