 "a-count" 0
 "b-count" 0
 "c-color-count" 28
 "c-express-count" 28
 "d-color-count" 28
 "d-express-count" 28
 "cell-count" 56
 15 3 2 235
 15 -3 -3 7
 15 1 4 8
 15 0 3 188
 15 1 3 130
 15 2 3 356
 15 -3 1 140
 15 2 1 161
 15 0 -4 119
 15 -1 3 149
 15 3 1 109
 15 -3 -1 46
 15 -1 -3 5
 15 2 1 188
 15 -1 4 29
 15 1 -2 46
 15 -2 3 313
 15 -3 2 90
 15 -1 -4 48
 15 -4 0 197
 15 -2 -3 25
 15 -3 0 243
 15 0 -3 102
 15 0 -2 115
 15 3 4 265
 15 -3 -2 304
 15 0 4 344
 15 2 2 136
 55 1 1 212
 55 3 0 303
 55 0 1 44
 55 2 -2 345
 55 -1 -1 3
 55 1 -1 100
 55 -2 -1 149
 55 2 0 286
 55 -4 -1 116
 55 -2 1 162
 55 1 0 239
 55 3 3 119
 55 0 2 340
 55 3 -2 295
 55 0 -1 50
 55 -2 -2 55
 55 0 0 114
 55 -2 2 350
 55 -2 0 191
 55 -1 0 110
 55 1 2 336
 55 3 -1 24
 55 -1 -1 140
 55 -1 1 111
 55 0 -1 150
 55 2 -1 324
 55 -1 -2 65
 55 -1 2 9
 "contig-ratio-green-core" 0.9444444444444444
 "contig-ratio-red-core" 0.6521739130434783
 "a-count" 0
 "b-count" 0
 "c-color-count" 28
 "c-express-count" 28
 "d-color-count" 28
 "d-express-count" 28
 "cell-count" 56
 15 -3 -1 121
 15 -1 3 32
 15 2 -4 98
 15 -2 -2 38
 15 4 1 28
 15 -4 3 200
 15 2 -2 184
 15 2 -3 22
 15 0 -4 66
 15 4 -1 347
 15 3 -3 246
 15 -2 -3 83
 15 -2 4 99
 15 -3 3 59
 15 -2 3 174
 15 0 -3 36
 15 1 -4 23
 15 -1 -3 63
 15 -1 -4 76
 15 -3 -2 67
 15 -2 2 285
 15 1 -3 0
 15 -1 4 171
 15 3 3 331
 15 -3 0 75
 15 4 0 282
 15 3 -2 311
 15 -1 2 223
 55 -1 1 65
 55 1 1 305
 55 1 4 87
 55 3 -1 328
 55 0 0 309
 55 1 0 271
 55 -1 0 61
 55 2 0 307
 55 -3 1 192
 55 3 1 319
 55 -2 0 64
 55 3 2 107
 55 3 0 194
 55 2 2 301
 55 2 -1 95
 55 1 3 104
 55 1 -2 289
 55 1 2 137
 55 0 1 79
 55 -2 1 103
 55 0 -1 148
 55 -2 -1 95
 55 2 1 173
 55 -1 -1 146
 55 -3 0 336
 55 0 -2 318
 55 1 -1 312
 55 -1 -2 98
 "contig-ratio-green-core" 0.7777777777777778
 "contig-ratio-red-core" 0.5217391304347826
 "a-count" 0
 "b-count" 0
 "c-color-count" 28
 "c-express-count" 28
 "d-color-count" 28
 "d-express-count" 28
 "cell-count" 56
 15 1 -4 28
 15 1 1 225
 15 3 2 210
 15 4 1 272
 15 -2 2 165
 15 -1 3 310
 15 -4 -1 65
 15 4 -1 31
 15 -3 1 86
 15 -3 0 120
 15 1 -3 205
 15 2 -3 6
 15 0 -3 332
 15 1 2 356
 15 -2 -3 64
 15 -3 2 94
 15 -4 0 220
 15 -2 3 247
 15 3 -2 228
 15 3 -3 42
 15 2 1 320
 15 3 1 292
 15 4 0 42
 15 -3 0 130
 15 2 2 212
 15 1 3 251
 15 0 3 215
 15 -2 1 353
 55 3 0 138
 55 -1 -1 266
 55 -2 -2 200
 55 0 2 205
 55 0 1 10
 55 -4 1 52
 55 0 0 354
 55 3 -1 226
 55 -1 1 222
 55 -2 -1 210
 55 1 -2 95
 55 -2 0 236
 55 0 -2 12
 55 0 -1 4
 55 1 -1 273
 55 -1 -4 283
 55 2 3 89
 55 -1 2 323
 55 2 -2 92
 55 -1 0 311
 55 2 -1 9
 55 2 0 344
 55 -1 -3 202
 55 3 3 204
 55 -3 -1 156
 55 1 0 297
 55 -1 -2 45
 55 1 -2 300
 "contig-ratio-green-core" 1.1666666666666667
 "contig-ratio-red-core" 0.782608695652174
 "a-count" 0
 "b-count" 0
 "c-color-count" 28
 "c-express-count" 28
 "d-color-count" 28
 "d-express-count" 28
 "cell-count" 56
 15 4 -2 346
 15 -4 -2 275
 15 3 -2 326
 15 -1 -3 336
 15 -1 -4 184
 15 -3 -2 88
 15 -2 -2 76
 15 -1 3 55
 15 0 -4 90
 15 1 -4 354
 15 -3 1 169
 15 3 1 7
 15 -1 4 134
 15 0 3 74
 15 -4 0 127
 15 -3 2 170
 15 1 3 13
 15 3 -3 33
 15 -2 -3 188
 15 3 2 309
 15 1 2 232
 15 -3 -1 177
 15 2 2 3
 15 0 -3 213
 15 0 2 133
 15 2 3 103
 15 -4 -1 48
 15 -2 3 75
 55 -1 -2 224
 55 2 -3 180
 55 -1 1 34
 55 1 -2 216
 55 -2 -1 276
 55 2 1 358
 55 2 0 150
 55 0 1 47
 55 3 -1 116
 55 1 -3 67
 55 0 -1 222
 55 2 -2 358
 55 1 0 135
 55 -2 2 172
 55 -3 -3 24
 55 -1 2 303
 55 2 -4 145
 55 0 -2 274
 55 -1 -1 192
 55 0 4 62
 55 0 0 45
 55 -2 1 53
 55 -2 0 244
 55 -1 0 153
 55 3 0 42
 55 2 -1 280
 55 3 3 157
 55 1 1 102
 "contig-ratio-green-core" 0.75
 "contig-ratio-red-core" 0.6428571428571429
