 "a-count" 0
 "b-count" 0
 "c-color-count" 28
 "c-express-count" 28
 "d-color-count" 28
 "d-express-count" 28
 "cell-count" 56
 15 -2 3 340
 15 2 2 96
 15 -2 -3 153
 15 0 3 245
 15 0 -4 106
 15 -1 3 58
 15 -4 1 310
 15 2 3 44
 15 3 2 264
 15 0 4 52
 15 3 -2 303
 15 1 4 175
 15 4 0 32
 15 4 -1 274
 15 -3 -4 60
 15 -3 -3 221
 15 1 -3 330
 15 0 -3 229
 15 -4 2 291
 15 -2 -2 88
 15 -1 -3 106
 15 1 2 255
 15 -1 4 245
 15 4 -2 83
 15 1 -4 324
 15 4 1 337
 15 -1 -4 331
 15 1 3 119
 55 0 1 9
 55 3 3 119
 55 -1 -2 200
 55 -1 0 50
 55 0 -2 198
 55 -4 0 226
 55 3 0 57
 55 -2 -1 236
 55 3 1 225
 55 2 1 314
 55 -1 1 51
 55 -2 1 80
 55 -3 -1 247
 55 -1 -1 237
 55 -1 2 327
 55 1 0 178
 55 1 -1 188
 55 -2 2 160
 55 0 -1 348
 55 0 2 186
 55 1 -2 3
 55 3 -1 183
 55 -3 0 107
 55 -2 0 318
 55 0 0 76
 55 2 0 228
 55 2 -1 317
 55 1 1 192
 "contig-ratio-green-core" 0.8823529411764706
 "contig-ratio-red-core" 0.52
 "a-count" 0
 "b-count" 0
 "c-color-count" 28
 "c-express-count" 28
 "d-color-count" 28
 "d-express-count" 28
 "cell-count" 56
 15 2 -3 71
 15 -2 -3 131
 15 -2 4 229
 15 2 2 15
 15 -3 -2 64
 15 3 2 43
 15 3 -2 334
 15 0 -2 76
 15 -2 -2 351
 15 -1 -2 26
 15 -1 -3 15
 15 -1 4 61
 15 -2 3 57
 15 1 -2 37
 15 3 3 46
 15 -3 -1 78
 15 -4 1 255
 15 -4 2 357
 15 1 -3 52
 15 -1 -1 314
 15 1 4 7
 15 -2 -1 54
 15 2 -2 184
 15 -4 0 82
 15 0 4 133
 15 1 -4 357
 15 4 -2 257
 15 2 3 64
 55 -2 2 181
 55 3 -3 56
 55 0 3 137
 55 0 1 208
 55 -2 0 127
 55 3 -1 350
 55 4 0 206
 55 -2 1 14
 55 -1 2 310
 55 -3 -3 286
 55 0 -1 87
 55 1 2 241
 55 2 1 150
 55 3 0 318
 55 1 1 178
 55 3 1 243
 55 1 3 280
 55 0 0 18
 55 4 -1 224
 55 2 0 332
 55 1 0 158
 55 2 -1 46
 55 -3 2 257
 55 -3 0 85
 55 1 -1 258
 55 -1 0 329
 55 0 2 312
 55 -4 -1 299
 "contig-ratio-green-core" 1
 "contig-ratio-red-core" 0.7619047619047619
