 "a-count" 0
 "b-count" 0
 "c-color-count" 28
 "c-express-count" 28
 "d-color-count" 28
 "d-express-count" 28
 "cell-count" 56
 15 4 0 86
 15 -2 2 301
 15 -2 1 352
 15 -4 0 138
 15 -2 1 110
 15 -3 -1 143
 15 -3 1 356
 15 3 -2 217
 15 1 2 218
 15 2 -3 242
 15 -3 -3 173
 15 -2 -3 81
 15 0 2 318
 15 -3 2 333
 15 3 -3 59
 15 2 -2 11
 15 2 3 157
 15 -1 3 254
 15 -3 -2 353
 15 -1 -3 201
 15 -2 0 264
 15 -1 1 200
 15 0 3 4
 15 -4 -1 293
 15 -4 1 224
 15 -1 2 292
 15 -1 1 171
 15 1 3 160
 55 -4 -2 100
 55 1 1 169
 55 2 0 282
 55 1 -2 85
 55 -3 3 227
 55 4 1 168
 55 0 -1 299
 55 0 -3 227
 55 -1 -1 218
 55 1 -1 51
 55 0 -2 247
 55 0 1 296
 55 1 -4 65
 55 -2 -1 168
 55 -2 3 74
 55 2 2 232
 55 2 1 66
 55 -2 -2 198
 55 3 -1 186
 55 -1 0 61
 55 -1 -2 349
 55 0 0 43
 55 1 0 331
 55 0 1 51
 55 2 -1 159
 55 3 1 24
 55 1 -3 178
 55 3 0 143
 "contig-ratio-green-core" 0.8947368421052632
 "contig-ratio-red-core" 0.7142857142857143
 "a-count" 0
 "b-count" 0
 "c-color-count" 28
 "c-express-count" 28
 "d-color-count" 28
 "d-express-count" 28
 "cell-count" 56
 15 2 2 202
 15 0 -2 77
 15 -1 4 28
 15 2 1 142
 15 4 -1 137
 15 3 0 190
 15 -1 -3 107
 15 -2 -4 325
 15 0 -2 320
 15 -1 -2 221
 15 2 -2 306
 15 0 -3 273
 15 1 3 29
 15 0 4 338
 15 -1 -4 313
 15 -4 1 313
 15 -3 2 32
 15 1 2 171
 15 1 -2 144
 15 2 3 330
 15 4 -2 280
 15 -4 0 209
 15 -4 -1 7
 15 0 -2 172
 15 3 1 286
 15 1 -2 84
 15 -3 1 223
 15 3 -1 260
 55 1 1 139
 55 -3 -1 271
 55 0 -1 243
 55 4 1 221
 55 1 4 295
 55 1 0 301
 55 2 0 49
 55 -2 3 297
 55 -2 -1 76
 55 0 3 11
 55 -2 2 76
 55 -2 0 184
 55 1 -1 149
 55 0 0 216
 55 2 -1 30
 55 -1 0 296
 55 0 1 51
 55 -1 2 353
 55 -1 1 294
 55 -1 3 22
 55 0 2 179
 55 2 -3 189
 55 1 -1 351
 55 -1 -1 288
 55 -2 1 78
 55 2 -1 312
 55 -3 -2 302
 55 -3 0 199
 "contig-ratio-green-core" 1
 "contig-ratio-red-core" 0.6666666666666666
 "a-count" 0
 "b-count" 0
 "c-color-count" 28
 "c-express-count" 28
 "d-color-count" 28
 "d-express-count" 28
 "cell-count" 56
 15 2 4 272
 15 4 -1 341
 15 -2 -1 318
 15 3 0 71
 15 4 0 56
 15 3 -1 287
 15 1 -3 215
 15 1 3 324
 15 3 2 221
 15 -3 -1 295
 15 3 -2 60
 15 -3 2 244
 15 -2 3 54
 15 -1 3 242
 15 0 -4 303
 15 1 4 148
 15 -2 -3 290
 15 2 3 356
 15 0 4 342
 15 3 1 101
 15 -2 -2 355
 15 -3 -2 346
 15 0 -3 94
 15 0 3 222
 15 -1 4 177
 15 3 3 40
 15 -1 -4 257
 15 2 2 316
 55 -1 0 278
 55 0 -2 145
 55 -2 1 247
 55 4 1 325
 55 -3 3 78
 55 -3 0 190
 55 1 0 171
 55 1 -1 232
 55 -4 -1 125
 55 -2 2 90
 55 -2 0 201
 55 -4 1 134
 55 2 -2 99
 55 2 1 174
 55 2 -1 155
 55 0 1 166
 55 -3 1 257
 55 -1 -1 211
 55 1 1 180
 55 1 2 171
 55 0 -1 88
 55 2 0 37
 55 -1 2 322
 55 -4 0 234
 55 -1 -2 184
 55 0 2 69
 55 -1 1 333
 55 1 -2 302
 "contig-ratio-green-core" 0.6818181818181818
 "contig-ratio-red-core" 0.68
