 "a-count" 0
 "b-count" 0
 "c-color-count" 28
 "c-express-count" 28
 "d-color-count" 28
 "d-express-count" 28
 "cell-count" 56
 15 2 3 305
 15 2 -3 15
 15 2 4 251
 15 0 2 121
 15 2 -4 50
 15 -1 3 260
 15 -4 -1 109
 15 0 3 25
 15 4 -1 74
 15 3 -3 215
 15 3 -1 99
 15 1 3 164
 15 -2 3 244
 15 3 -2 53
 15 -2 4 350
 15 2 -2 159
 15 0 4 236
 15 3 0 195
 15 2 0 357
 15 -4 2 278
 15 -1 4 35
 15 -4 -2 301
 15 -4 1 174
 15 -4 0 144
 15 1 4 222
 15 2 -1 311
 15 1 2 354
 15 1 -2 155
 55 0 -1 55
 55 1 -1 353
 55 -1 1 353
 55 -2 -1 251
 55 -1 0 204
 55 0 1 299
 55 0 0 308
 55 0 -2 37
 55 -1 -2 189
 55 -1 2 97
 55 -3 2 205
 55 -3 0 336
 55 3 2 124
 55 -2 2 123
 55 -3 -1 85
 55 -2 1 231
 55 1 0 335
 55 -3 3 22
 55 -3 -2 261
 55 2 1 140
 55 0 -3 271
 55 1 1 273
 55 -1 -3 213
 55 -1 -1 207
 55 -2 -2 334
 55 -2 0 357
 55 2 2 342
 55 3 1 62
 "contig-ratio-green-core" 0.65
 "contig-ratio-red-core" 0.6190476190476191
 "a-count" 0
 "b-count" 0
 "c-color-count" 28
 "c-express-count" 28
 "d-color-count" 28
 "d-express-count" 28
 "cell-count" 56
 15 -4 0 283
 15 1 4 36
 15 2 -3 321
 15 1 -3 210
 15 3 -2 13
 15 -2 -4 358
 15 -3 -1 3
 15 0 -3 221
 15 -1 -4 105
 15 -4 2 104
 15 -3 1 338
 15 4 0 152
 15 3 -1 19
 15 -4 1 280
 15 5 0 293
 15 2 -2 73
 15 1 -4 334
 15 0 -4 345
 15 -3 3 42
 15 3 1 312
 15 1 -2 77
 15 0 5 257
 15 4 1 133
 15 -3 0 217
 15 3 0 178
 15 0 4 66
 15 -3 2 233
 15 0 -2 79
 55 -1 1 329
 55 -2 -3 3
 55 2 1 293
 55 -1 4 86
 55 0 0 86
 55 -1 0 86
 55 0 3 91
 55 -2 0 75
 55 -2 3 212
 55 1 2 354
 55 0 2 177
 55 -1 -3 314
 55 -2 -1 293
 55 2 -1 280
 55 1 1 80
 55 -1 3 287
 55 -2 -2 35
 55 2 2 185
 55 -2 1 19
 55 -1 2 209
 55 1 -1 299
 55 -1 -1 310
 55 -3 -2 285
 55 0 1 66
 55 3 2 257
 55 0 -1 43
 55 1 0 309
 55 2 0 154
 "contig-ratio-green-core" 0.7
 "contig-ratio-red-core" 0.6
 "a-count" 0
 "b-count" 0
 "c-color-count" 28
 "c-express-count" 28
 "d-color-count" 28
 "d-express-count" 28
 "cell-count" 56
 15 -2 3 267
 15 -1 4 278
 15 4 -1 107
 15 2 4 51
 15 0 3 354
 15 -1 3 275
 15 0 4 291
 15 0 2 337
 15 -3 -1 59
 15 -2 -4 58
 15 1 4 287
 15 -1 2 295
 15 -4 1 156
 15 -4 -1 264
 15 -3 0 94
 15 1 3 222
 15 4 -3 275
 15 -3 1 354
 15 -4 0 330
 15 -1 -4 191
 15 0 -4 318
 15 -3 -2 302
 15 3 -3 294
 15 1 -4 112
 15 1 -3 274
 15 3 -4 91
 15 -2 2 164
 15 4 0 4
 55 2 1 191
 55 0 -3 247
 55 3 2 262
 55 2 3 106
 55 3 0 181
 55 1 -1 330
 55 2 -1 131
 55 -1 0 144
 55 -2 -1 264
 55 1 -2 155
 55 -2 0 3
 55 2 2 240
 55 3 1 109
 55 -1 -3 79
 55 -2 1 310
 55 -1 1 162
 55 0 0 30
 55 0 -1 116
 55 1 1 307
 55 -1 -1 311
 55 -1 -2 346
 55 -2 -2 189
 55 -2 -3 98
 55 0 -2 189
 55 1 2 0
 55 0 1 236
 55 1 0 252
 55 3 -1 348
 "contig-ratio-green-core" 0.8235294117647058
 "contig-ratio-red-core" 0.5416666666666666
 "a-count" 0
 "b-count" 0
 "c-color-count" 28
 "c-express-count" 28
 "d-color-count" 28
 "d-express-count" 28
 "cell-count" 56
 15 5 -1 30
 15 1 -3 176
 15 -1 3 259
 15 2 1 221
 15 2 2 206
 15 -4 -1 29
 15 2 3 341
 15 0 -4 103
 15 3 2 354
 15 3 1 156
 15 -4 -2 304
 15 1 4 327
 15 -2 -3 336
 15 -4 0 249
 15 4 0 330
 15 1 3 157
 15 -1 -4 32
 15 0 2 43
 15 -1 -3 264
 15 -2 4 324
 15 0 -3 94
 15 1 2 196
 15 -1 4 325
 15 0 4 142
 15 0 3 241
 15 1 -4 17
 15 -1 2 330
 15 4 -1 302
 55 2 0 243
 55 -2 -2 197
 55 -2 0 53
 55 3 -1 49
 55 -2 -1 82
 55 1 0 323
 55 1 -1 60
 55 0 0 58
 55 0 -2 351
 55 -1 -2 227
 55 -1 1 302
 55 2 -1 61
 55 -3 1 63
 55 1 -2 232
 55 3 -2 112
 55 3 0 9
 55 1 1 22
 55 -3 2 142
 55 2 -2 236
 55 -3 -2 127
 55 -2 2 44
 55 -1 0 326
 55 0 1 167
 55 0 -1 253
 55 -2 1 249
 55 4 1 230
 55 -1 -1 346
 55 -3 0 6
 "contig-ratio-green-core" 0.7222222222222222
 "contig-ratio-red-core" 0.5833333333333334
