 "a-count" 3
 "b-count" 5
 "c-color-count" 24
 "c-express-count" 23
 "d-color-count" 25
 "d-express-count" 25
 "cell-count" 56
 15 0 2 90
 15 3 -1 74
 15 1 -2 267
 15 0 -3 108
 15 -1 -3 73
 15 -4 0 139
 15 -1 4 96
 15 2 2 259
 15 4 0 280
 15 3 0 333
 105 0 -4 243
 15 -2 2 248
 15 1 2 140
 15 3 -2 179
 105 3 2 160
 15 -2 3 32
 15 -3 -1 281
 105 3 -3 349
 15 -4 -1 323
 15 -1 2 175
 15 2 -2 23
 15 -2 -3 11
 15 -3 3 55
 15 2 3 345
 15 1 3 300
 15 1 -3 141
 15 -1 3 359
 15 0 3 205
 5 -3 -3 294
 55 -2 0 139
 5 2 -3 264
 55 -1 -2 251
 55 1 0 241
 55 -1 -4 135
 55 2 1 58
 5 1 -4 279
 55 1 1 272
 55 -3 1 173
 55 0 1 69
 55 -1 1 78
 55 0 -1 301
 55 3 1 286
 5 1 4 308
 55 1 -1 137
 55 2 -1 68
 55 -2 -1 43
 55 -1 -1 174
 55 2 0 103
 55 -1 0 5
 55 0 4 94
 55 -2 1 110
 55 0 0 70
 55 -3 2 59
 55 0 -2 255
 55 -3 0 107
 55 -2 -2 164
 "contig-ratio-green-core" 1
 "contig-ratio-red-core" 0.6666666666666666
