 "a-count" 6
 "b-count" 4
 "c-color-count" 24
 "c-express-count" 24
 "d-color-count" 22
 "d-express-count" 22
 "cell-count" 56
 105 -4 0 230
 15 3 1 163
 15 -4 1 118
 15 -2 -2 196
 105 -3 -3 351
 105 -2 -3 337
 15 0 4 90
 15 0 -2 188
 15 1 3 254
 105 3 3 332
 15 -1 -4 149
 15 -2 1 83
 15 3 -1 258
 15 -3 1 344
 15 -1 -2 174
 15 3 -2 180
 15 -3 -1 234
 105 1 -4 253
 15 -2 2 249
 105 3 -3 313
 15 4 0 8
 15 3 0 358
 15 2 -2 82
 15 4 1 339
 15 -1 4 14
 15 1 -2 243
 15 -3 2 122
 15 -3 -2 144
 55 -2 -1 56
 55 -1 0 167
 55 -1 -3 268
 55 -2 0 45
 5 2 -3 68
 5 1 4 67
 55 -1 2 259
 55 0 -1 308
 55 1 0 209
 55 0 3 229
 55 1 0 212
 5 1 -3 261
 55 -1 -1 107
 55 3 2 67
 5 -2 3 1
 55 -1 1 79
 55 1 2 7
 55 1 1 334
 55 4 -1 274
 55 2 0 278
 55 0 0 82
 55 0 1 211
 55 2 -1 17
 55 -1 3 230
 55 0 2 278
 55 2 1 270
 55 2 2 15
 55 1 -1 182
 "contig-ratio-green-core" 0.9333333333333333
 "contig-ratio-red-core" 0.6666666666666666
 "a-count" 6
 "b-count" 5
 "c-color-count" 24
 "c-express-count" 23
 "d-color-count" 23
 "d-express-count" 22
 "cell-count" 56
 15 3 2 153
 15 0 -2 323
 15 -3 0 102
 15 2 -2 315
 105 1 4 235
 15 -3 1 148
 15 -1 -2 38
 15 -4 -1 41
 15 0 4 176
 15 2 3 159
 15 -1 -1 22
 15 2 4 114
 15 -2 -1 124
 15 2 2 29
 15 0 -1 174
 15 -2 -2 138
 105 -1 -3 120
 105 -3 -3 95
 15 0 -4 208
 15 4 1 217
 105 1 -4 122
 15 1 -2 222
 15 -4 1 92
 15 1 -1 269
 15 -3 -1 302
 15 -2 0 203
 15 -2 1 246
 105 3 3 37
 55 3 -1 1
 55 0 0 31
 55 -4 0 293
 5 2 -3 221
 55 -1 0 225
 55 0 1 347
 55 2 0 8
 55 -2 3 274
 55 -3 -2 18
 55 0 -3 334
 55 1 3 60
 5 -3 2 126
 55 2 -1 39
 5 3 -3 13
 55 -1 3 23
 55 4 -1 69
 55 1 1 287
 55 0 2 189
 55 -1 -4 273
 55 1 -3 50
 5 -3 3 64
 55 4 0 320
 55 2 1 355
 55 3 1 334
 55 -1 2 38
 55 1 0 204
 55 0 3 18
 55 -1 1 328
 "contig-ratio-green-core" 0.7647058823529411
 "contig-ratio-red-core" 0.7
 "a-count" 4
 "b-count" 6
 "c-color-count" 22
 "c-express-count" 22
 "d-color-count" 24
 "d-express-count" 24
 "cell-count" 56
 15 2 -1 79
 15 3 -2 346
 15 -1 3 336
 105 -1 4 163
 105 3 0 322
 15 -2 -1 313
 15 -1 -3 338
 15 1 2 302
 15 -4 0 5
 15 2 -2 50
 105 3 3 170
 15 -3 1 218
 15 2 0 283
 15 -2 2 210
 15 -4 1 119
 15 1 3 283
 15 0 3 67
 15 2 -3 289
 15 -2 3 151
 15 1 1 278
 15 -3 0 87
 15 3 1 138
 105 -3 -3 322
 15 2 1 189
 15 -1 -2 121
 15 2 2 66
 15 3 -3 203
 15 3 2 56
 55 1 -3 69
 5 -3 -2 297
 55 -2 0 112
 5 -3 -1 312
 55 4 -1 133
 55 -2 1 77
 55 -1 2 3
 55 -1 0 7
 55 0 -2 309
 55 4 0 255
 55 0 2 179
 55 4 1 115
 5 -1 -4 257
 55 1 -1 310
 55 -1 -1 20
 5 -2 -3 146
 55 0 0 174
 55 2 3 103
 55 0 -3 350
 55 0 -4 44
 5 -3 3 52
 55 1 -2 230
 55 0 1 291
 55 0 -1 40
 5 -3 2 185
 55 1 0 265
 55 1 4 351
 55 -1 1 168
 "contig-ratio-green-core" 1
 "contig-ratio-red-core" 0.7
 "a-count" 10
 "b-count" 3
 "c-color-count" 25
 "c-express-count" 25
 "d-color-count" 22
 "d-express-count" 18
 "cell-count" 56
 105 3 -2 195
 15 -3 3 139
 15 -3 1 36
 15 3 1 240
 15 -3 2 322
 15 4 -1 51
 105 -1 -4 357
 15 -1 -3 29
 15 -3 -1 52
 15 1 3 325
 15 1 2 200
 15 3 0 229
 15 -4 1 245
 15 4 0 202
 15 -2 0 56
 15 0 -4 314
 105 1 -4 244
 105 3 2 303
 15 2 2 186
 15 3 -1 132
 105 -3 0 14
 15 -3 -2 311
 15 -2 -1 358
 15 -2 3 122
 15 -4 0 343
 105 -4 -1 79
 15 2 -2 185
 15 2 -3 95
 5 4 1 328
 55 1 -2 179
 55 0 0 224
 55 -2 -2 52
 55 3 -3 96
 55 2 1 190
 55 0 -1 189
 55 1 1 310
 55 0 1 73
 55 -1 1 164
 55 -2 2 79
 55 0 -3 151
 55 -2 1 46
 55 -1 2 117
 55 0 4 125
 55 1 -1 250
 55 0 -2 319
 55 2 -1 259
 55 -1 -2 256
 55 -1 0 248
 5 1 4 285
 55 1 -3 289
 55 0 3 80
 55 -1 3 296
 55 0 2 210
 55 2 0 60
 5 -2 -3 231
 55 -1 -1 156
 "contig-ratio-green-core" 0.8823529411764706
 "contig-ratio-red-core" 0.9411764705882353
