 "a-count" 8
 "b-count" 4
 "c-color-count" 24
 "c-express-count" 24
 "d-color-count" 21
 "d-express-count" 20
 "cell-count" 56
 15 3 -1 45
 105 -2 -3 294
 15 4 0 227
 15 0 4 152
 15 3 1 203
 15 1 -3 268
 15 -3 1 21
 15 0 -3 316
 105 3 3 336
 15 2 3 182
 105 -4 1 257
 105 -2 3 307
 15 2 -3 4
 15 -3 0 313
 15 3 -2 242
 15 3 0 295
 15 3 2 311
 105 4 -1 96
 15 -2 1 337
 15 -2 0 7
 105 1 4 77
 15 0 3 295
 15 -2 2 272
 15 1 3 162
 15 -3 2 298
 105 -4 -1 288
 15 -3 -1 216
 15 -1 -3 279
 5 3 -3 274
 55 1 0 287
 55 0 -1 201
 55 2 1 39
 55 -2 -2 153
 55 1 1 159
 55 2 -2 30
 55 -1 -2 194
 55 -2 -1 284
 55 1 2 230
 55 -1 -1 102
 55 -1 0 11
 55 0 0 169
 5 0 -4 21
 55 -1 2 70
 5 -3 3 19
 55 -1 1 303
 55 2 2 17
 55 0 -2 336
 55 -1 3 322
 55 1 -2 218
 55 2 0 106
 55 1 -1 24
 55 0 2 133
 5 -3 -2 63
 55 0 1 1
 55 4 1 252
 55 2 -1 290
 "contig-ratio-green-core" 1
 "contig-ratio-red-core" 0.7857142857142857
 "a-count" 8
 "b-count" 6
 "c-color-count" 22
 "c-express-count" 22
 "d-color-count" 21
 "d-express-count" 20
 "cell-count" 56
 105 2 2 302
 15 -3 -2 303
 15 1 3 315
 15 -4 0 148
 15 1 -1 142
 15 0 4 353
 15 1 -3 121
 15 -4 1 117
 15 2 -1 141
 15 0 -4 38
 15 4 1 23
 15 -3 0 238
 15 0 -2 188
 15 0 3 258
 15 -1 -4 135
 15 2 -3 292
 15 1 4 212
 105 1 -2 321
 15 0 -3 104
 15 4 -1 279
 105 -1 4 120
 15 -3 -1 339
 105 3 -3 52
 105 -3 -3 241
 15 3 -1 202
 105 -3 2 218
 15 1 2 52
 105 2 -2 210
 5 -4 -2 147
 55 1 -4 93
 5 -4 -1 154
 55 2 0 211
 55 2 1 72
 55 -1 -3 317
 5 3 -2 200
 5 2 3 354
 55 -1 2 273
 55 1 0 300
 55 -1 0 106
 55 -2 0 26
 55 0 -1 233
 55 -3 1 343
 55 1 1 191
 55 3 1 279
 55 -1 -2 254
 55 -1 1 316
 55 0 1 111
 55 -2 -1 138
 55 3 0 190
 55 -1 -1 138
 5 -2 2 134
 55 0 2 92
 55 -2 1 51
 55 0 0 332
 55 -2 -2 15
 5 -2 -3 53
 "contig-ratio-green-core" 0.8666666666666667
 "contig-ratio-red-core" 0.5882352941176471
 "a-count" 6
 "b-count" 12
 "c-color-count" 17
 "c-express-count" 16
 "d-color-count" 22
 "d-express-count" 22
 "cell-count" 56
 15 1 -2 359
 15 4 1 320
 15 2 -2 356
 15 4 0 92
 105 2 3 278
 15 -3 0 60
 15 0 -2 219
 105 3 -2 3
 15 0 -3 98
 15 0 4 306
 15 3 -1 98
 105 4 -1 187
 15 1 2 226
 15 -1 -3 27
 15 -1 3 106
 15 -2 0 112
 15 1 3 271
 15 -2 1 275
 15 0 2 107
 15 -1 -2 311
 15 1 4 173
 15 -3 -1 231
 105 3 -3 155
 105 -3 -3 197
 105 0 3 124
 15 -1 1 340
 15 -2 -2 35
 15 -2 -1 119
 5 1 -3 46
 55 1 -1 357
 55 0 1 18
 55 -1 0 232
 55 2 -1 143
 55 0 -1 150
 5 -3 3 5
 55 -4 -1 64
 5 -1 4 85
 5 3 3 46
 5 -4 1 316
 55 0 0 322
 55 1 0 148
 55 2 1 192
 55 -1 -1 155
 5 -3 2 239
 5 2 -3 91
 55 2 2 129
 5 -2 -3 325
 5 -3 -2 73
 55 3 1 30
 5 1 -4 251
 55 3 2 201
 55 2 0 190
 5 -2 2 340
 55 -2 3 229
 55 1 1 329
 55 3 0 23
 "contig-ratio-green-core" 1.0833333333333333
 "contig-ratio-red-core" 0.6111111111111112
 "a-count" 9
 "b-count" 3
 "c-color-count" 25
 "c-express-count" 25
 "d-color-count" 21
 "d-express-count" 19
 "cell-count" 56
 105 -2 -3 61
 15 -2 0 341
 105 3 3 342
 15 -3 2 131
 15 1 -4 306
 15 0 3 299
 105 4 -1 198
 15 1 3 97
 15 2 3 187
 15 3 -1 24
 15 1 -5 244
 15 -4 0 196
 15 1 -3 92
 105 -3 -3 240
 15 -2 -1 174
 105 1 4 349
 15 -2 -2 229
 15 -3 0 353
 15 -3 -1 65
 15 0 -4 119
 105 -3 1 130
 15 -2 1 300
 15 2 -3 255
 15 3 2 152
 105 -2 3 102
 15 -3 -2 198
 15 -2 2 256
 15 3 -2 190
 55 3 1 106
 5 -1 4 255
 55 0 1 178
 55 0 -2 25
 55 3 0 16
 55 -1 -1 105
 55 1 0 173
 55 1 2 172
 55 -1 1 73
 55 2 1 343
 55 2 -2 134
 55 0 -1 307
 55 2 2 178
 55 2 -1 333
 55 -1 -2 185
 55 2 0 299
 55 1 1 75
 5 -3 3 23
 55 0 0 260
 55 -1 2 32
 55 0 2 324
 55 0 -3 314
 55 -1 0 79
 55 -4 -1 229
 55 -1 -3 83
 55 1 -2 19
 5 4 1 75
 55 1 -1 63
 "contig-ratio-green-core" 0.9333333333333333
 "contig-ratio-red-core" 0.7894736842105263
