 "a-count" 5
 "b-count" 3
 "c-color-count" 25
 "c-express-count" 25
 "d-color-count" 24
 "d-express-count" 23
 "cell-count" 56
 15 -3 1 159
 105 3 -3 316
 15 0 -2 135
 15 -3 2 330
 15 3 -1 122
 15 1 1 274
 15 1 4 98
 15 1 3 203
 15 1 2 144
 15 0 4 243
 15 -3 -2 236
 15 -3 -3 192
 15 2 1 351
 15 1 -3 214
 15 -2 -2 192
 15 -4 -1 198
 15 -2 2 54
 15 -2 -3 135
 15 -1 -3 42
 105 1 -4 10
 15 2 2 177
 15 -2 3 0
 15 -4 1 120
 15 -1 -2 78
 105 -3 3 349
 15 0 -4 0
 15 2 0 56
 105 3 2 95
 55 3 1 93
 55 -3 -1 83
 55 1 -1 78
 5 3 -2 96
 55 -3 0 188
 55 2 -2 257
 55 -1 1 1
 55 -2 -1 315
 55 2 -3 216
 55 -2 0 113
 55 -2 1 86
 55 0 2 63
 55 1 -2 317
 55 0 1 205
 55 -1 -4 7
 5 2 3 106
 55 0 -1 244
 55 -1 2 25
 55 -1 3 109
 55 -4 -2 77
 5 4 0 54
 55 -1 -1 333
 55 0 0 228
 55 0 3 109
 55 -1 0 144
 55 4 -1 332
 55 2 -1 277
 55 3 0 315
 "contig-ratio-green-core" 0.8421052631578947
 "contig-ratio-red-core" 0.8571428571428571
 "a-count" 10
 "b-count" 4
 "c-color-count" 25
 "c-express-count" 24
 "d-color-count" 21
 "d-express-count" 18
 "cell-count" 56
 15 2 -2 20
 15 1 -2 161
 15 -4 1 306
 15 4 0 300
 15 3 0 221
 15 1 -4 147
 15 3 2 221
 15 2 0 98
 105 2 -1 260
 15 -2 -3 19
 15 1 4 133
 15 1 0 105
 15 3 -2 35
 15 2 3 187
 105 3 -3 225
 105 -3 -3 207
 15 -2 -2 332
 105 -1 -4 56
 105 -2 3 101
 105 1 -3 41
 15 -3 3 77
 15 -3 -1 58
 105 3 -1 165
 15 1 -1 161
 15 -4 0 261
 15 -1 3 276
 15 -2 2 344
 15 -1 2 353
 55 0 0 343
 55 -2 -1 234
 55 -3 2 323
 55 -1 -3 83
 55 -1 0 163
 5 0 4 101
 55 0 -2 335
 5 -4 -1 351
 55 0 -1 35
 55 0 3 237
 55 -2 1 236
 55 4 -2 42
 55 1 2 265
 5 -1 4 12
 55 2 -3 270
 55 -3 1 1
 55 -3 0 280
 55 0 -3 271
 55 -2 0 217
 55 1 1 220
 55 2 1 52
 55 0 1 117
 55 2 2 150
 55 0 2 278
 55 -1 -1 63
 55 -1 -2 30
 55 4 -1 88
 55 1 3 336
 "contig-ratio-green-core" 0.8571428571428571
 "contig-ratio-red-core" 1
 "a-count" 5
 "b-count" 7
 "c-color-count" 21
 "c-express-count" 21
 "d-color-count" 25
 "d-express-count" 23
 "cell-count" 56
 15 -2 2 249
 15 -3 -1 118
 15 -1 2 132
 15 2 2 69
 15 0 4 88
 15 0 -3 80
 15 -2 3 264
 15 2 -2 42
 15 1 -4 298
 15 -2 -3 264
 15 -1 4 192
 15 3 2 184
 15 -2 0 197
 15 -3 -2 322
 15 -4 1 278
 15 4 1 57
 15 -3 1 227
 15 -1 -3 80
 15 -3 0 234
 15 2 -1 239
 15 3 1 298
 105 0 -4 286
 15 0 3 14
 15 -1 3 99
 105 1 4 143
 15 -2 1 307
 105 2 3 91
 15 1 -3 353
 55 1 3 10
 55 -2 -2 104
 55 2 1 11
 5 -3 2 173
 5 4 -1 171
 5 3 -1 103
 55 1 0 252
 55 0 1 0
 55 2 0 355
 55 1 2 259
 55 -1 1 254
 55 0 -1 27
 55 3 3 341
 55 -1 0 241
 55 -2 -1 244
 55 1 -2 73
 5 3 -3 190
 55 -3 3 296
 5 -4 0 83
 55 0 -2 84
 55 -1 -2 98
 55 1 -1 275
 55 0 2 185
 55 3 0 30
 5 -4 -1 339
 55 1 1 231
 55 -1 -1 95
 5 4 0 247
 "contig-ratio-green-core" 0.8823529411764706
 "contig-ratio-red-core" 0.6818181818181818
 "a-count" 7
 "b-count" 5
 "c-color-count" 23
 "c-express-count" 23
 "d-color-count" 21
 "d-express-count" 21
 "cell-count" 56
 105 3 -3 94
 15 -2 2 275
 15 3 -1 3
 15 -2 1 142
 15 -1 -3 216
 105 2 -3 279
 15 -3 -1 71
 15 -3 1 123
 15 2 0 163
 15 0 -3 0
 15 -3 0 251
 15 2 -1 177
 105 4 0 92
 15 -3 2 90
 15 -1 4 200
 15 4 -1 273
 15 -2 0 187
 105 3 -2 308
 105 4 1 150
 15 -2 -2 231
 15 -2 -3 173
 15 4 3 298
 15 1 -3 51
 15 3 3 206
 15 0 -4 5
 105 -4 -1 223
 15 -2 -1 323
 105 0 4 259
 55 1 0 32
 5 -3 -3 125
 55 -1 -1 31
 55 0 1 76
 55 1 1 12
 55 0 -1 158
 5 -4 0 44
 5 -3 -2 294
 55 1 -2 220
 55 0 0 69
 55 -1 -2 5
 55 -2 3 200
 5 1 4 115
 55 -1 2 226
 55 1 2 186
 55 0 -2 78
 55 2 2 227
 55 -1 3 300
 55 3 2 208
 55 -1 1 201
 55 -1 -4 49
 55 0 3 35
 55 0 2 118
 55 1 -1 56
 55 2 3 291
 55 2 1 251
 55 -1 0 169
 5 1 3 23
 "contig-ratio-green-core" 0.8
 "contig-ratio-red-core" 0.7222222222222222
