 "a-count" 10
 "b-count" 4
 "c-color-count" 24
 "c-express-count" 24
 "d-color-count" 19
 "d-express-count" 18
 "cell-count" 56
 15 3 1 20
 15 -1 3 216
 15 -3 3 146
 105 0 4 111
 15 2 -2 240
 15 0 -2 68
 15 1 3 257
 15 -3 -3 104
 15 4 -1 182
 15 1 2 34
 15 -2 4 133
 105 -1 -3 350
 15 2 2 353
 15 -2 3 243
 105 2 -3 336
 15 -3 -2 290
 105 4 0 137
 15 3 0 202
 105 1 -3 166
 15 1 -4 206
 105 -4 1 197
 15 3 -3 75
 15 2 1 333
 105 -2 -3 215
 15 0 -3 181
 105 4 1 46
 105 1 4 98
 15 1 -2 213
 5 -4 -1 89
 55 3 -1 17
 55 -2 0 353
 55 -2 2 99
 5 2 3 29
 55 0 -1 53
 55 -1 -1 265
 55 0 -4 212
 55 -3 1 212
 55 0 0 122
 55 2 -1 171
 55 2 0 351
 55 -2 1 108
 55 3 2 100
 55 -1 -4 328
 55 -3 0 13
 55 3 -2 41
 55 0 1 69
 55 -3 -1 37
 55 1 -1 301
 55 3 3 53
 55 -1 0 126
 55 -1 1 191
 5 4 -2 124
 55 -2 -1 292
 5 -4 0 202
 55 1 1 351
 55 1 0 23
 "contig-ratio-green-core" 0.7777777777777778
 "contig-ratio-red-core" 0.6111111111111112
 "a-count" 6
 "b-count" 4
 "c-color-count" 24
 "c-express-count" 24
 "d-color-count" 22
 "d-express-count" 22
 "cell-count" 56
 15 0 4 42
 15 -2 -1 290
 15 1 -1 320
 15 1 0 284
 15 1 -2 170
 15 3 -2 141
 15 -2 3 263
 15 2 -2 354
 15 -3 1 204
 15 -3 3 272
 105 0 -2 34
 15 3 1 244
 15 -1 -1 9
 105 -2 -2 311
 15 -4 -1 37
 15 2 0 267
 15 -3 0 207
 15 2 -1 17
 15 3 -1 53
 15 -3 2 320
 105 4 0 287
 15 -3 -1 241
 15 0 -1 202
 15 3 0 212
 105 3 3 276
 105 4 -1 239
 105 -4 1 277
 15 -1 -2 245
 55 2 3 117
 55 -3 -2 338
 55 3 -3 319
 55 2 2 19
 55 1 -4 0
 55 3 2 46
 55 0 -3 39
 55 1 3 181
 55 -1 4 90
 5 1 4 88
 55 -2 2 281
 55 0 3 172
 55 -2 0 146
 5 -2 -3 241
 55 -1 3 161
 55 -2 1 156
 55 1 -3 136
 55 0 1 79
 55 2 -3 316
 55 2 1 65
 55 1 2 164
 55 -1 0 5
 55 0 2 132
 5 -4 0 38
 55 -1 2 322
 55 -1 1 193
 5 0 -4 0
 55 -1 -3 174
 "contig-ratio-green-core" 0.6875
 "contig-ratio-red-core" 0.8
 "a-count" 6
 "b-count" 6
 "c-color-count" 22
 "c-express-count" 22
 "d-color-count" 22
 "d-express-count" 22
 "cell-count" 56
 15 -2 1 126
 105 2 -3 116
 15 -3 -2 338
 15 1 3 204
 15 -3 1 14
 15 0 3 9
 15 3 2 229
 15 3 -1 98
 105 3 -3 293
 15 -2 -2 94
 105 -3 -3 273
 15 -1 -3 355
 105 -3 3 284
 15 -1 3 312
 15 -3 -1 131
 15 3 1 335
 105 3 3 333
 15 -2 2 340
 15 -3 0 274
 105 -2 -3 41
 15 -1 2 191
 15 3 0 5
 15 -1 1 123
 15 -1 0 128
 15 0 -4 130
 15 -2 -1 273
 15 -2 0 107
 15 2 3 48
 55 0 -1 320
 5 1 4 188
 55 0 -3 345
 5 4 0 304
 55 -1 4 87
 55 1 -3 204
 5 -2 3 309
 55 -1 -2 84
 55 1 0 99
 55 4 1 165
 55 2 2 268
 5 4 -1 338
 5 0 4 71
 55 0 2 106
 55 0 1 100
 5 -3 2 84
 55 1 1 59
 55 -1 -1 241
 55 -4 0 95
 55 1 -1 330
 55 2 1 61
 55 0 -2 198
 55 0 0 16
 55 2 0 259
 55 1 -2 171
 55 2 -1 60
 55 -4 1 10
 55 1 2 173
 "contig-ratio-green-core" 1
 "contig-ratio-red-core" 0.7692307692307693
 "a-count" 11
 "b-count" 4
 "c-color-count" 24
 "c-express-count" 24
 "d-color-count" 19
 "d-express-count" 17
 "cell-count" 56
 15 -2 -3 294
 105 0 -2 36
 15 1 4 338
 105 2 -3 195
 15 -3 2 270
 15 2 2 82
 15 -4 0 42
 15 -3 -1 268
 105 0 4 32
 15 -1 -1 262
 105 3 -3 342
 105 -4 -1 92
 15 -3 1 141
 15 1 3 77
 15 3 3 15
 15 -1 -2 178
 105 1 -4 202
 105 2 3 198
 105 0 -3 41
 15 -3 0 327
 15 0 3 25
 15 -1 3 57
 15 1 -2 109
 15 -2 -1 348
 15 1 -3 229
 15 -3 -2 290
 15 1 2 95
 105 4 2 309
 55 -2 2 202
 5 -1 4 77
 55 2 -2 104
 55 -2 1 273
 55 4 1 4
 55 3 1 56
 55 2 -1 350
 55 -1 2 108
 55 -1 1 152
 55 0 0 111
 55 2 1 224
 55 -2 0 81
 55 0 2 242
 55 -2 3 244
 55 3 -1 9
 5 1 0 143
 55 -3 3 143
 55 -1 0 279
 55 3 2 134
 55 4 -1 160
 55 0 1 110
 5 -4 1 148
 55 0 -1 233
 55 1 1 159
 55 3 -2 302
 55 1 -1 355
 55 -3 -3 36
 5 2 0 180
 "contig-ratio-green-core" 0.5789473684210527
 "contig-ratio-red-core" 1.0769230769230769
