 "a-count" 10
 "b-count" 5
 "c-color-count" 23
 "c-express-count" 23
 "d-color-count" 18
 "d-express-count" 18
 "cell-count" 56
 105 1 -4 196
 15 -3 2 24
 15 -1 4 109
 15 4 0 153
 15 2 -2 90
 15 -3 -1 319
 15 -4 -1 33
 15 -3 1 142
 105 0 4 337
 105 2 -3 101
 15 -3 0 200
 105 1 -3 132
 105 0 -3 180
 15 0 3 237
 15 0 -2 7
 15 -2 3 186
 15 1 3 2
 105 4 -1 157
 15 -3 3 184
 105 -2 -3 118
 105 3 2 54
 15 -1 3 137
 15 1 -2 146
 15 -1 -2 58
 105 0 -4 226
 15 -4 1 167
 105 -3 -3 66
 15 -4 0 359
 55 -3 -2 249
 55 1 2 57
 55 -2 -2 158
 5 4 1 171
 55 -1 1 172
 55 -2 1 69
 55 -1 2 73
 55 3 0 115
 55 2 1 23
 55 -2 -1 24
 55 2 0 230
 5 1 1 202
 55 -1 -1 75
 5 3 -2 348
 55 2 -1 97
 55 0 0 128
 55 -2 0 171
 55 1 -1 286
 55 0 -1 238
 55 2 2 231
 5 -1 -3 204
 55 0 2 250
 55 -1 0 190
 55 -2 2 174
 55 0 1 317
 55 3 1 282
 5 3 -3 126
 55 3 -1 123
 "contig-ratio-green-core" 0.6666666666666666
 "contig-ratio-red-core" 0.8125
 "a-count" 6
 "b-count" 5
 "c-color-count" 25
 "c-express-count" 23
 "d-color-count" 24
 "d-express-count" 22
 "cell-count" 56
 105 -3 2 1
 15 -1 3 304
 15 -2 3 210
 15 0 3 99
 15 4 0 114
 15 2 -2 325
 15 -3 -3 150
 15 2 -1 42
 15 0 -1 111
 15 -2 0 207
 15 0 -2 208
 15 -3 0 17
 105 -1 -3 117
 15 1 -1 331
 15 1 -2 9
 15 -2 -1 248
 15 -3 1 148
 15 2 -3 0
 15 -1 -2 335
 105 1 -3 112
 15 4 -1 263
 15 3 -1 352
 15 -2 -2 5
 105 -4 1 231
 15 3 -2 193
 15 -1 -1 335
 15 0 4 218
 15 -1 4 51
 55 -3 3 126
 55 2 0 331
 55 1 0 19
 55 -1 0 40
 55 0 2 172
 55 -3 -2 105
 55 0 1 336
 55 1 -5 138
 55 4 1 133
 55 4 2 26
 55 -2 1 293
 55 3 2 60
 55 3 1 265
 55 -4 0 201
 55 3 0 195
 55 -3 -1 85
 55 1 2 37
 55 -1 1 223
 55 0 0 239
 5 1 3 349
 5 -4 -1 262
 55 -1 2 357
 55 0 -4 227
 55 1 -4 147
 55 2 2 88
 55 -2 -3 97
 55 1 1 21
 5 3 -3 26
 "contig-ratio-green-core" 0.7222222222222222
 "contig-ratio-red-core" 0.7
 "a-count" 15
 "b-count" 10
 "c-color-count" 20
 "c-express-count" 18
 "d-color-count" 13
 "d-express-count" 13
 "cell-count" 56
 15 -3 0 263
 15 -3 -1 220
 15 -1 2 147
 15 2 -1 28
 15 -2 1 122
 15 -2 0 339
 105 -3 -3 215
 105 1 3 314
 105 -2 2 258
 105 2 -3 111
 15 0 2 2
 15 -1 -2 32
 105 1 4 151
 15 -4 0 354
 105 -2 3 298
 105 -1 4 355
 105 -4 -1 111
 105 -1 -3 77
 105 4 1 297
 15 3 -1 279
 105 0 4 337
 15 -1 -1 55
 15 2 2 104
 105 2 3 1
 15 -2 -1 207
 105 -1 3 11
 105 0 3 161
 105 -3 1 353
 55 0 -2 238
 55 1 -1 151
 55 -1 0 355
 5 1 -2 61
 5 3 -3 18
 5 3 3 183
 55 -2 -2 281
 5 4 0 307
 55 0 -4 153
 55 -4 1 284
 55 0 1 45
 5 2 -2 351
 55 2 0 316
 5 3 2 35
 55 3 1 309
 55 1 0 65
 55 0 -3 34
 55 1 1 195
 55 -1 -4 313
 55 0 0 209
 55 3 0 183
 5 1 -3 316
 5 4 -1 142
 55 -3 3 80
 55 1 -4 245
 55 0 -1 298
 55 2 1 289
 55 -1 1 21
 "contig-ratio-green-core" 0.6
 "contig-ratio-red-core" 0.9090909090909091
 "a-count" 9
 "b-count" 4
 "c-color-count" 24
 "c-express-count" 24
 "d-color-count" 20
 "d-express-count" 19
 "cell-count" 56
 15 2 -2 203
 15 -1 2 214
 105 -4 -1 337
 15 2 -3 315
 15 3 2 274
 15 2 3 322
 105 3 -3 93
 105 -3 2 52
 15 0 4 239
 105 -2 3 199
 15 0 -3 110
 105 -3 3 242
 15 -1 -4 14
 15 -3 -2 34
 105 4 0 260
 15 -3 -1 210
 15 -3 0 263
 15 4 1 325
 15 0 -4 173
 15 1 -3 167
 15 -1 -3 358
 105 3 3 61
 15 1 4 295
 15 -3 1 207
 15 1 -2 116
 15 -2 2 80
 105 -1 4 351
 15 1 -1 218
 5 2 4 90
 55 -2 -1 340
 5 1 -4 81
 55 3 1 294
 55 1 0 217
 55 1 3 43
 55 3 -1 358
 55 1 1 56
 55 0 -1 84
 55 -1 -2 235
 5 -4 0 235
 55 2 2 316
 55 2 1 39
 55 -2 0 272
 55 3 -2 256
 55 0 3 69
 55 -1 0 3
 55 0 2 192
 55 -1 1 21
 55 0 -2 43
 55 -2 -2 355
 55 1 2 73
 55 -2 1 79
 55 3 0 354
 55 2 0 160
 55 0 0 275
 55 -1 -1 306
 5 -3 -3 244
 "contig-ratio-green-core" 0.8421052631578947
 "contig-ratio-red-core" 0.7647058823529411
