 "a-count" 5
 "b-count" 6
 "c-color-count" 22
 "c-express-count" 22
 "d-color-count" 24
 "d-express-count" 23
 "cell-count" 56
 15 0 3 9
 15 1 2 280
 15 0 1 114
 15 0 -3 101
 15 1 -4 89
 15 -3 1 60
 15 2 -3 96
 105 4 -1 157
 15 1 3 123
 15 3 1 13
 105 -4 -1 38
 15 3 -2 58
 105 -1 3 217
 15 0 2 5
 15 -1 -3 114
 15 -2 2 29
 15 4 0 272
 15 3 -1 84
 15 -1 1 66
 15 1 -3 129
 15 2 -2 116
 15 -3 0 124
 15 3 0 134
 15 2 -1 163
 105 2 2 213
 15 -2 1 187
 15 -1 2 163
 15 4 1 302
 55 1 -2 225
 55 -4 0 100
 55 1 0 27
 55 -1 0 205
 55 3 2 5
 5 -3 3 219
 55 -2 -2 202
 5 2 3 83
 55 2 1 29
 55 1 1 217
 5 0 -4 260
 55 -3 -2 123
 55 1 -1 151
 5 -3 2 176
 55 -3 -1 80
 55 -1 -2 141
 55 0 -2 57
 5 -3 -3 72
 5 0 4 5
 55 -2 -3 37
 55 -2 -1 32
 55 -2 0 220
 55 -1 4 79
 55 0 -1 180
 55 0 0 20
 55 3 -3 75
 55 -1 -1 263
 55 2 0 72
 "contig-ratio-green-core" 0.8571428571428571
 "contig-ratio-red-core" 0.7
 "a-count" 5
 "b-count" 4
 "c-color-count" 24
 "c-express-count" 24
 "d-color-count" 23
 "d-express-count" 23
 "cell-count" 56
 15 -3 0 126
 105 4 0 63
 105 2 4 20
 105 3 -1 36
 15 2 1 146
 15 -2 2 144
 15 -1 -2 267
 15 0 -2 232
 15 -2 3 187
 15 3 2 308
 15 2 -1 263
 105 2 -2 190
 15 3 3 217
 15 -1 -4 69
 15 -3 -1 51
 15 1 -3 24
 15 1 -2 359
 15 1 4 272
 15 -1 -3 46
 15 2 2 269
 15 2 0 303
 15 -3 -2 169
 15 -2 -2 53
 15 0 4 150
 15 3 1 212
 105 -3 -3 331
 15 3 0 13
 15 0 -3 152
 5 -3 3 80
 55 1 0 268
 55 0 3 334
 55 -1 2 244
 55 1 -1 1
 55 -2 0 314
 55 3 -2 23
 55 -4 1 90
 55 0 -1 40
 55 0 1 99
 55 1 3 249
 55 -3 1 53
 55 1 2 209
 55 -2 1 99
 5 3 -3 137
 55 -1 4 195
 5 -4 -1 54
 55 -1 1 358
 55 -1 -1 63
 55 2 -3 15
 55 1 1 152
 55 2 3 199
 55 -1 0 168
 55 -1 3 44
 5 -3 2 355
 55 0 2 212
 55 0 0 136
 55 -2 -1 7
 "contig-ratio-green-core" 0.8421052631578947
 "contig-ratio-red-core" 0.7894736842105263
 "a-count" 9
 "b-count" 3
 "c-color-count" 25
 "c-express-count" 25
 "d-color-count" 20
 "d-express-count" 19
 "cell-count" 56
 105 2 -4 255
 105 0 -4 335
 105 1 4 330
 105 2 3 98
 15 -4 -1 39
 15 0 4 62
 15 3 -1 314
 15 -3 1 344
 15 0 3 274
 15 4 0 136
 15 -1 3 158
 15 2 -3 218
 15 2 2 109
 105 -3 3 39
 105 3 -3 210
 15 1 2 117
 15 -2 3 159
 105 3 -2 248
 105 -3 -2 42
 15 -3 -3 178
 15 -1 -4 350
 15 2 -2 65
 15 4 -1 181
 15 -3 0 266
 15 -3 -1 104
 15 -4 0 341
 15 0 2 39
 15 1 -4 200
 55 -2 -2 276
 55 -3 2 16
 55 2 -1 145
 55 2 1 323
 55 -2 -3 48
 55 1 -2 202
 55 -2 -1 311
 55 -2 1 55
 55 4 1 357
 55 3 1 346
 55 1 0 190
 5 -4 1 93
 5 1 3 201
 55 1 1 115
 55 -1 -3 329
 55 -2 0 318
 55 2 0 29
 55 0 1 89
 55 0 -1 56
 55 -1 0 12
 55 -1 1 268
 55 0 -2 162
 55 -2 2 2
 55 1 -3 314
 55 0 0 60
 55 0 -3 321
 5 -1 4 267
 55 3 0 273
 "contig-ratio-green-core" 0.631578947368421
 "contig-ratio-red-core" 0.8125
 "a-count" 9
 "b-count" 5
 "c-color-count" 23
 "c-express-count" 23
 "d-color-count" 20
 "d-express-count" 19
 "cell-count" 56
 15 0 -3 160
 15 -3 -1 10
 15 -2 2 16
 15 1 3 201
 105 -2 3 147
 15 0 -4 192
 15 3 0 103
 15 4 -1 130
 15 -1 -3 109
 105 2 3 186
 15 -4 0 301
 15 -4 1 350
 15 -1 2 33
 15 1 2 302
 105 -3 3 331
 105 -3 -2 48
 15 2 2 242
 105 0 3 258
 105 2 -3 358
 15 -3 -3 74
 15 3 2 308
 105 3 -1 71
 105 -1 3 38
 15 3 1 348
 15 -2 -3 158
 15 2 -2 143
 15 1 -3 288
 15 0 2 28
 55 -2 -1 12
 55 -2 -2 108
 5 1 4 48
 5 -1 4 204
 5 -4 -1 332
 55 -2 0 245
 55 0 -2 2
 5 -1 -4 94
 55 4 1 46
 55 -1 1 78
 55 -3 0 186
 55 2 1 10
 55 1 -2 54
 55 1 0 166
 55 0 -1 76
 55 3 3 233
 55 2 -1 146
 5 3 -2 182
 55 0 0 119
 55 1 1 30
 55 -1 0 45
 55 -1 -2 340
 55 -3 2 358
 55 -3 1 95
 55 2 0 69
 55 0 1 173
 55 1 -1 251
 55 -2 1 247
 "contig-ratio-green-core" 0.9333333333333333
 "contig-ratio-red-core" 0.8666666666666667
