 "a-count" 7
 "b-count" 6
 "c-color-count" 22
 "c-express-count" 22
 "d-color-count" 21
 "d-express-count" 21
 "cell-count" 56
 15 1 4 155
 105 -2 -3 125
 105 -3 3 87
 105 -3 -3 178
 15 3 1 87
 15 -4 0 209
 15 -3 1 74
 15 1 -2 38
 15 -3 -2 349
 15 3 2 101
 15 1 2 46
 15 -1 2 336
 15 2 2 207
 105 0 4 167
 15 -4 -1 11
 105 -1 4 241
 15 4 0 294
 105 0 3 18
 15 0 -2 344
 15 4 -1 94
 15 -4 1 208
 15 -1 3 300
 15 0 2 13
 15 2 3 141
 15 -2 2 0
 15 -1 -3 324
 105 1 3 195
 15 2 -2 321
 55 2 -1 352
 55 3 3 248
 55 -1 0 289
 55 -2 -1 22
 5 1 -4 49
 5 2 -3 330
 55 3 0 179
 55 2 1 24
 55 -2 -2 149
 55 -3 -1 248
 55 0 -1 301
 55 1 0 202
 55 -2 1 186
 55 -1 1 239
 55 0 0 120
 55 -1 -1 14
 55 1 -1 21
 55 -3 0 104
 5 0 -3 255
 55 -2 0 304
 5 1 -3 218
 55 0 1 330
 55 -1 -2 175
 5 0 -4 72
 5 -1 -4 54
 55 -3 2 207
 55 1 1 227
 55 2 0 292
 "contig-ratio-green-core" 1.1538461538461537
 "contig-ratio-red-core" 0.7368421052631579
 "a-count" 7
 "b-count" 5
 "c-color-count" 25
 "c-express-count" 23
 "d-color-count" 21
 "d-express-count" 21
 "cell-count" 56
 15 -3 0 12
 15 0 4 110
 105 -3 3 40
 15 2 2 317
 15 2 -1 164
 15 2 -2 113
 105 -3 2 266
 15 -2 2 63
 15 1 4 153
 15 -2 0 54
 15 1 -3 288
 105 -3 1 153
 105 3 -1 152
 15 2 -3 128
 15 0 -4 124
 15 -1 -4 44
 15 -2 -2 63
 15 -1 4 72
 15 -4 0 101
 105 -3 -3 277
 105 4 1 146
 15 -1 -3 330
 105 3 -2 359
 15 3 1 114
 15 1 3 28
 15 3 0 181
 15 -2 1 295
 15 -3 -1 157
 55 1 0 321
 55 0 2 72
 55 0 1 255
 55 1 1 36
 55 -2 -1 132
 55 -1 0 132
 55 0 0 93
 55 -2 3 122
 55 4 -1 29
 55 -1 -1 9
 55 1 2 54
 5 2 3 340
 55 2 1 185
 55 2 0 310
 55 -1 1 213
 55 1 -2 63
 55 -4 1 31
 5 3 -3 199
 55 -1 2 323
 55 0 -3 202
 55 -1 3 340
 5 3 3 326
 55 0 -1 307
 55 0 -2 296
 55 -1 -2 226
 55 -4 -1 245
 55 3 2 181
 55 1 -1 182
 "contig-ratio-green-core" 1
 "contig-ratio-red-core" 1
 "a-count" 12
 "b-count" 2
 "c-color-count" 26
 "c-express-count" 26
 "d-color-count" 17
 "d-express-count" 16
 "cell-count" 56
 15 2 2 156
 105 2 3 112
 15 -1 -3 304
 15 1 -4 201
 15 4 0 137
 105 3 3 58
 105 -1 3 116
 105 -1 -4 303
 15 -1 -1 8
 15 -1 -2 88
 105 1 4 334
 15 3 -1 12
 15 -3 -1 97
 15 -2 -2 200
 15 -3 -2 264
 105 4 -1 133
 105 -3 3 201
 15 -2 -1 27
 105 0 -4 326
 15 3 2 230
 15 2 -2 75
 105 -2 3 34
 15 0 3 134
 105 0 4 296
 15 4 1 202
 105 -3 -3 8
 15 -3 2 94
 15 -2 -3 240
 55 2 0 89
 55 -1 1 200
 55 1 0 196
 5 3 -2 293
 55 0 1 12
 55 0 -2 221
 55 1 1 273
 55 2 1 348
 55 -3 1 269
 55 -1 2 288
 55 -4 -1 65
 55 1 -3 178
 5 3 -3 33
 55 -4 1 143
 55 1 2 4
 55 2 -1 141
 55 3 1 151
 55 3 0 10
 55 -2 1 147
 55 -2 2 168
 55 -4 0 136
 55 0 2 153
 55 1 -1 38
 55 1 -2 339
 55 -2 0 244
 55 -1 0 354
 55 0 -1 107
 55 0 0 148
 "contig-ratio-green-core" 0.8125
 "contig-ratio-red-core" 1
 "a-count" 12
 "b-count" 3
 "c-color-count" 25
 "c-express-count" 25
 "d-color-count" 16
 "d-express-count" 16
 "cell-count" 56
 105 1 -4 98
 105 2 -2 124
 15 -4 1 250
 15 0 4 261
 15 -3 -1 207
 105 3 -2 225
 105 3 -3 194
 15 0 -2 250
 15 -4 -1 167
 15 0 -3 4
 105 0 -4 185
 15 4 1 214
 15 3 0 13
 15 -2 2 184
 105 3 3 280
 15 3 1 330
 15 0 2 256
 105 -4 0 233
 15 3 -1 245
 105 1 4 83
 105 1 -3 359
 105 4 0 346
 105 2 -3 227
 15 -1 2 218
 15 -1 -3 196
 105 1 3 82
 15 1 -2 313
 15 -3 0 28
 55 -1 -1 274
 55 -2 -1 156
 55 -1 -2 278
 55 1 0 72
 55 -4 2 39
 55 2 2 274
 55 -1 1 73
 55 0 -1 290
 55 -2 1 345
 55 0 0 224
 55 0 1 246
 55 2 0 188
 55 -1 0 329
 5 -2 -3 189
 55 -3 1 285
 55 -2 -2 10
 55 1 2 153
 5 -2 3 80
 55 2 -1 81
 55 1 -1 136
 55 3 2 292
 55 1 1 247
 55 -3 -2 208
 55 -1 4 156
 5 -3 -3 241
 55 -2 0 188
 55 2 1 15
 55 4 -1 38
 "contig-ratio-green-core" 0.75
 "contig-ratio-red-core" 1.1538461538461537
