 "a-count" 9
 "b-count" 7
 "c-color-count" 21
 "c-express-count" 21
 "d-color-count" 21
 "d-express-count" 19
 "cell-count" 56
 15 3 -2 241
 105 3 0 24
 15 1 -3 28
 15 0 -3 244
 15 2 2 275
 15 -2 -2 72
 15 2 -2 229
 15 1 -2 326
 15 -1 -3 85
 15 2 -1 62
 105 -2 -3 170
 15 2 0 298
 15 -1 2 256
 105 1 -4 322
 15 -1 3 233
 15 0 -2 175
 15 4 0 335
 15 3 2 15
 15 2 1 153
 105 4 -1 154
 15 -2 1 299
 105 3 -1 83
 15 0 3 224
 15 -1 -2 103
 105 -4 1 27
 105 3 3 123
 15 3 1 104
 15 -3 1 190
 5 -1 -4 79
 55 0 -1 227
 55 1 0 185
 5 -2 2 347
 55 1 1 79
 55 0 0 236
 55 -4 0 40
 55 -4 -1 287
 55 1 3 91
 55 0 -4 192
 5 -1 4 148
 55 0 2 13
 5 -3 -3 231
 55 -2 -1 358
 55 1 -1 97
 55 -3 0 182
 5 -1 0 129
 55 -1 -1 207
 55 -3 -2 295
 55 -3 -1 316
 55 3 -3 302
 5 -3 2 228
 55 0 1 73
 55 -2 0 169
 55 1 2 248
 5 2 3 324
 55 4 1 6
 55 -1 1 26
 "contig-ratio-green-core" 0.8666666666666667
 "contig-ratio-red-core" 0.75
 "a-count" 8
 "b-count" 5
 "c-color-count" 23
 "c-express-count" 23
 "d-color-count" 20
 "d-express-count" 20
 "cell-count" 56
 105 -4 1 349
 15 -2 2 86
 15 -1 -3 28
 15 1 -2 255
 15 0 -2 35
 105 3 -3 119
 15 4 1 173
 105 4 -1 214
 15 -1 -2 249
 15 0 4 28
 105 2 -3 161
 105 1 -4 333
 15 1 3 189
 105 -2 3 186
 15 2 -2 213
 15 3 -2 47
 15 3 1 33
 15 1 -3 124
 105 0 -3 94
 15 3 0 273
 15 -3 1 204
 15 0 3 255
 15 -4 0 235
 15 2 3 8
 15 -1 3 27
 15 3 -1 37
 105 -1 -4 113
 15 -2 -3 130
 55 2 1 321
 55 0 -1 235
 5 3 3 54
 55 -2 0 194
 55 -2 -2 301
 55 0 0 92
 5 1 4 299
 55 0 1 18
 55 1 0 193
 5 -3 -1 131
 55 3 2 158
 55 -2 1 133
 55 2 0 108
 5 -4 -1 91
 55 2 -1 52
 55 -3 0 72
 55 -1 -1 192
 55 2 2 230
 55 1 2 292
 55 -1 1 336
 55 1 1 196
 55 1 -1 129
 55 -1 2 109
 5 -3 -2 320
 55 -2 -1 51
 55 -3 -3 202
 55 0 2 137
 55 -1 0 164
 "contig-ratio-green-core" 1
 "contig-ratio-red-core" 0.8666666666666667
 "a-count" 9
 "b-count" 4
 "c-color-count" 24
 "c-express-count" 24
 "d-color-count" 19
 "d-express-count" 19
 "cell-count" 56
 105 1 3 153
 15 1 -2 185
 15 3 1 22
 105 2 -3 354
 15 -3 2 9
 105 0 4 285
 15 -2 -3 154
 105 2 3 259
 15 -2 -1 221
 15 -2 1 49
 105 -3 0 79
 105 -2 0 285
 15 1 -4 74
 105 -3 3 321
 15 -2 2 4
 15 0 -4 222
 105 1 4 200
 15 1 2 234
 15 3 0 290
 15 2 -1 261
 105 4 0 290
 15 -4 0 59
 15 -2 3 263
 15 2 -2 243
 15 2 2 257
 15 1 -3 99
 15 -4 -1 126
 15 -4 2 324
 55 1 -1 253
 55 -1 0 241
 55 0 1 171
 55 3 3 183
 55 0 -2 351
 55 -1 1 47
 55 -1 -1 198
 55 2 1 341
 55 0 -1 192
 55 1 1 62
 5 3 2 270
 55 -1 -3 14
 55 3 -2 292
 55 2 0 60
 5 4 1 125
 55 -2 -2 188
 5 4 -1 65
 55 0 2 295
 55 0 0 60
 55 1 0 97
 5 3 -1 16
 55 -1 2 281
 55 -1 3 168
 55 -1 4 147
 55 -1 -4 18
 55 0 3 73
 55 -1 -2 36
 55 0 -3 192
 "contig-ratio-green-core" 0.7368421052631579
 "contig-ratio-red-core" 0.7647058823529411
