 "a-count" 11
 "b-count" 3
 "c-color-count" 25
 "c-express-count" 25
 "d-color-count" 18
 "d-express-count" 17
 "cell-count" 56
 15 1 3 68
 15 -4 -1 238
 15 -1 -3 329
 15 2 -2 46
 15 -3 -1 336
 105 3 2 138
 105 -3 -2 307
 15 4 0 101
 15 0 -3 221
 15 2 2 111
 105 -2 -3 56
 105 -3 2 316
 15 3 0 150
 15 3 -2 146
 105 0 4 271
 15 0 3 102
 15 -1 4 150
 15 -2 2 163
 15 3 -1 269
 15 -5 0 254
 15 -1 3 293
 105 -3 -3 318
 105 4 1 239
 105 1 -4 102
 105 0 -4 125
 105 -4 0 42
 15 -2 -2 48
 15 -3 0 211
 5 4 -1 262
 55 -1 -2 38
 55 2 -1 97
 55 2 1 164
 55 -1 2 29
 5 3 3 139
 55 -2 1 74
 55 1 -2 267
 55 0 2 338
 55 1 -1 125
 55 0 -1 190
 55 -1 -1 204
 55 -3 1 326
 55 1 1 24
 55 0 1 259
 55 -2 0 192
 55 1 0 6
 55 1 -3 316
 55 3 1 113
 55 -2 -1 351
 55 2 -3 96
 55 -1 1 95
 55 1 2 340
 55 0 0 124
 55 0 -2 143
 55 2 0 352
 55 -1 0 158
 5 2 3 98
 "contig-ratio-green-core" 0.8125
 "contig-ratio-red-core" 1
 "a-count" 9
 "b-count" 5
 "c-color-count" 24
 "c-express-count" 23
 "d-color-count" 20
 "d-express-count" 19
 "cell-count" 56
 15 1 -3 357
 15 0 3 215
 15 1 -2 142
 15 -1 3 127
 15 -3 -1 93
 15 2 -2 28
 105 -3 0 77
 15 -4 1 39
 15 1 -4 27
 15 2 2 35
 15 -4 2 249
 15 3 2 351
 105 -1 4 215
 15 -3 -2 256
 15 3 -2 177
 105 -3 3 334
 15 0 -4 322
 105 2 3 213
 15 3 -1 259
 15 -2 2 127
 15 3 1 50
 105 3 -3 320
 105 -3 -3 64
 15 3 0 310
 15 -3 1 283
 105 4 1 272
 105 -3 2 331
 15 1 3 279
 55 0 -1 72
 55 -2 0 209
 55 0 1 156
 55 -1 0 170
 55 1 0 318
 5 -4 -1 173
 55 -4 0 70
 55 2 0 288
 55 1 1 129
 55 -1 1 339
 55 -2 1 186
 55 -1 2 298
 55 0 -3 68
 55 1 2 185
 55 2 -1 154
 55 0 -2 222
 55 -1 -3 155
 5 3 3 279
 55 2 1 304
 55 0 2 226
 55 -1 -1 32
 55 -1 -2 37
 55 -2 3 43
 55 -2 -1 205
 55 -2 -2 207
 5 -1 -4 165
 5 4 -1 172
 55 0 0 204
 "contig-ratio-green-core" 1
 "contig-ratio-red-core" 0.6666666666666666
 "a-count" 8
 "b-count" 3
 "c-color-count" 27
 "c-express-count" 25
 "d-color-count" 22
 "d-express-count" 20
 "cell-count" 56
 105 2 -3 287
 105 3 3 42
 15 1 -3 213
 105 3 2 37
 15 -3 -3 251
 15 0 -3 113
 105 -1 -4 33
 15 -1 3 57
 15 4 0 15
 15 -4 -1 0
 15 -3 0 39
 15 0 3 47
 15 -1 -3 224
 15 2 -2 238
 15 3 0 177
 15 -3 2 255
 15 -3 1 58
 15 2 2 239
 15 3 1 297
 15 2 3 207
 15 -2 3 325
 105 -4 1 35
 15 4 -1 324
 15 4 1 304
 15 0 4 40
 15 2 -1 230
 105 0 -4 9
 15 1 -2 151
 55 0 2 29
 55 1 2 201
 55 0 0 50
 55 -2 -1 237
 55 -1 0 141
 55 1 0 206
 55 2 0 132
 55 1 1 40
 55 -2 1 208
 55 1 -1 293
 55 -1 -2 27
 55 0 1 27
 5 1 3 299
 55 -2 -2 162
 55 -3 -2 341
 55 -4 0 56
 55 0 -2 50
 55 1 4 21
 55 -1 -1 129
 55 -1 1 107
 55 -2 2 201
 55 -3 -1 41
 55 -2 -3 173
 55 -2 0 176
 55 2 1 68
 55 -1 2 44
 55 0 -1 235
 55 1 -4 195
 "contig-ratio-green-core" 1.0666666666666667
 "contig-ratio-red-core" 0.7894736842105263
