 "a-count" 8
 "b-count" 6
 "c-color-count" 22
 "c-express-count" 22
 "d-color-count" 21
 "d-express-count" 20
 "cell-count" 56
 105 -3 2 209
 15 -2 2 20
 15 -2 3 24
 15 -4 -1 260
 15 3 -3 264
 15 2 -2 111
 15 0 2 193
 15 1 4 19
 105 -3 -2 282
 15 -4 0 193
 15 3 -2 133
 15 -2 -2 8
 15 -1 -3 344
 105 1 -3 233
 105 -4 1 109
 15 4 1 36
 105 1 3 1
 15 3 2 223
 15 1 -4 69
 105 -3 3 27
 15 0 3 299
 15 2 2 353
 105 3 3 67
 15 -1 2 120
 15 3 -1 271
 15 -1 3 244
 15 1 2 10
 15 -2 -3 302
 55 1 0 334
 5 -1 4 188
 5 4 -1 184
 55 -2 0 270
 55 -1 0 175
 55 1 1 83
 5 -3 1 347
 55 2 -1 302
 55 2 0 309
 55 2 1 357
 55 0 0 299
 55 0 -2 202
 55 -1 -1 291
 55 -2 1 105
 55 1 -2 230
 55 3 1 1
 55 -1 1 114
 55 -3 -1 237
 55 -1 -2 169
 55 3 0 272
 55 0 1 146
 5 0 4 8
 55 -2 -1 292
 55 -3 0 14
 5 -1 -4 203
 55 0 -1 210
 5 2 3 22
 55 1 -1 86
 "contig-ratio-green-core" 0.9285714285714286
 "contig-ratio-red-core" 0.6111111111111112
 "a-count" 9
 "b-count" 2
 "c-color-count" 27
 "c-express-count" 26
 "d-color-count" 20
 "d-express-count" 19
 "cell-count" 56
 105 3 -2 353
 15 2 2 299
 105 1 3 265
 15 0 -3 133
 15 -3 2 105
 105 0 3 128
 15 -2 3 153
 15 -1 -2 158
 105 -4 -1 164
 105 1 4 209
 105 0 4 240
 15 3 2 40
 15 4 1 190
 15 2 3 59
 105 -2 -3 312
 15 -3 1 214
 15 3 0 225
 15 -1 4 173
 15 1 -2 251
 15 2 -3 315
 105 -3 -3 152
 15 4 0 318
 15 2 -2 244
 15 -4 0 197
 15 -2 -2 39
 15 -1 3 218
 15 -4 1 51
 15 -1 -3 82
 55 2 -1 48
 55 1 2 142
 55 -2 2 105
 55 1 -3 234
 55 1 -1 252
 55 2 1 261
 55 -1 -1 300
 55 3 3 172
 5 3 -1 151
 55 0 2 314
 55 -3 0 78
 55 -2 0 184
 55 0 0 313
 55 -1 2 236
 55 0 -1 303
 55 -2 1 196
 55 1 1 269
 55 2 0 24
 55 -1 0 244
 55 -3 -2 246
 55 -3 -1 110
 55 -2 -1 255
 55 -3 3 37
 55 0 1 294
 55 -1 -4 178
 55 -1 1 126
 55 0 -4 12
 55 1 0 77
 "contig-ratio-green-core" 0.7647058823529411
 "contig-ratio-red-core" 0.8947368421052632
 "a-count" 11
 "b-count" 6
 "c-color-count" 24
 "c-express-count" 22
 "d-color-count" 20
 "d-express-count" 17
 "cell-count" 56
 15 1 4 245
 15 4 0 198
 15 1 -2 305
 15 2 -3 297
 15 0 -2 288
 15 -3 2 247
 105 -3 -2 256
 15 -3 0 93
 15 -1 -2 131
 15 -1 4 273
 105 1 -3 67
 105 0 -4 256
 105 -3 3 24
 15 0 -3 202
 15 -4 0 151
 15 1 2 279
 105 -4 1 117
 15 1 3 103
 15 3 1 359
 105 3 2 5
 15 3 -2 347
 15 -2 -2 13
 15 -2 3 341
 15 -3 1 212
 15 -4 -1 331
 105 -1 -4 265
 105 -2 -3 133
 15 4 -1 201
 55 -2 2 105
 5 -1 2 260
 55 -2 0 2
 55 -1 0 208
 55 1 -1 32
 55 2 -1 53
 55 2 -2 339
 55 -3 -3 248
 55 -2 -1 241
 5 2 3 102
 5 4 1 279
 55 1 0 259
 55 3 -1 131
 55 0 0 261
 5 3 -3 134
 55 3 0 240
 55 -2 1 199
 55 0 3 128
 55 2 2 213
 55 -1 -1 305
 55 2 0 279
 55 2 1 209
 55 -3 -1 258
 55 -1 3 357
 55 0 1 80
 55 -1 -3 350
 55 0 2 35
 55 0 -1 87
 "contig-ratio-green-core" 1.0666666666666667
 "contig-ratio-red-core" 1
 "a-count" 10
 "b-count" 3
 "c-color-count" 25
 "c-express-count" 25
 "d-color-count" 19
 "d-express-count" 18
 "cell-count" 56
 15 0 3 75
 15 4 -1 156
 15 3 -2 301
 105 1 4 164
 15 -1 2 48
 105 -3 -3 90
 15 -3 -1 127
 15 -2 1 265
 15 -4 -1 309
 15 0 -3 51
 15 4 0 244
 105 0 -4 250
 105 -4 0 147
 105 -3 3 143
 105 -1 3 18
 15 4 1 140
 15 -1 4 77
 15 -1 -3 357
 15 3 1 1
 15 3 2 133
 105 -2 -2 308
 105 -3 2 238
 15 1 -3 35
 15 -4 1 114
 15 1 -4 127
 105 -2 -3 132
 15 0 2 257
 15 2 3 45
 5 -3 1 127
 55 0 -1 223
 5 -3 0 232
 55 -2 0 105
 55 2 1 66
 55 2 2 167
 55 -1 -1 319
 5 3 3 55
 55 2 0 217
 55 1 2 77
 55 0 -2 89
 55 1 -1 51
 55 0 1 324
 55 -1 1 224
 55 2 -2 256
 55 3 0 92
 55 -1 -2 103
 55 3 -1 264
 55 -1 0 182
 55 1 -2 110
 55 2 -3 308
 55 2 -1 296
 55 0 0 285
 55 1 3 337
 55 1 0 246
 55 -3 -2 28
 55 1 1 16
 55 -2 -1 28
 "contig-ratio-green-core" 0.9333333333333333
 "contig-ratio-red-core" 0.9285714285714286
