 "a-count" 9
 "b-count" 6
 "c-color-count" 23
 "c-express-count" 22
 "d-color-count" 20
 "d-express-count" 19
 "cell-count" 56
 15 0 3 4
 105 3 -2 336
 105 3 3 187
 15 3 2 55
 15 0 -4 48
 15 1 3 203
 105 -3 0 38
 15 -2 1 297
 15 -1 4 289
 15 -2 0 314
 15 4 0 122
 105 -2 3 264
 15 0 4 263
 15 -4 0 230
 15 2 2 221
 15 -3 2 156
 105 1 -4 196
 105 2 3 342
 15 1 -3 258
 15 -2 -1 187
 15 4 1 35
 15 1 2 281
 15 2 1 178
 15 -3 -2 89
 15 -2 -2 181
 105 -3 -1 25
 105 -3 3 186
 15 -1 3 20
 55 0 -1 118
 55 0 1 201
 55 -3 1 185
 5 -4 1 339
 5 -3 -3 359
 55 -2 2 117
 55 -4 -1 230
 5 -1 -4 348
 55 1 -2 304
 55 -1 2 89
 5 2 -3 147
 55 2 0 187
 55 2 -1 359
 55 1 -1 107
 55 1 1 230
 55 -1 -1 213
 55 -1 -2 239
 5 -2 -3 270
 55 0 2 300
 55 -1 -3 100
 55 1 0 342
 55 -1 1 29
 55 0 0 230
 55 -1 0 262
 55 3 -3 220
 55 0 -3 252
 55 0 -2 159
 55 4 -1 8
 "contig-ratio-green-core" 0.7857142857142857
 "contig-ratio-red-core" 0.7368421052631579
 "a-count" 4
 "b-count" 3
 "c-color-count" 25
 "c-express-count" 25
 "d-color-count" 24
 "d-express-count" 24
 "cell-count" 56
 15 2 -1 264
 15 2 2 268
 15 0 4 12
 15 0 -4 14
 15 3 0 144
 15 1 -3 166
 15 1 2 266
 15 3 1 331
 15 4 -1 277
 15 1 3 324
 15 -2 -2 1
 15 0 2 118
 15 2 -2 59
 15 1 4 33
 15 -1 -4 120
 15 -3 -2 258
 15 3 2 58
 15 -2 -3 72
 105 2 3 62
 105 -4 1 50
 15 -1 4 37
 15 3 -1 63
 105 -1 3 105
 15 -4 0 333
 15 -3 1 26
 15 -4 -2 250
 15 3 -2 317
 105 -3 -3 23
 5 1 -4 43
 55 0 -3 282
 55 1 -2 348
 55 -2 1 308
 55 1 0 274
 55 0 -1 51
 55 -2 2 39
 55 -3 -1 76
 5 4 0 31
 55 -2 -1 101
 55 -2 0 295
 55 -1 2 154
 55 0 -2 122
 55 -1 -2 18
 5 -2 -4 125
 55 -1 0 135
 55 2 0 185
 55 0 1 18
 55 1 1 325
 55 2 4 167
 55 -3 0 28
 55 0 0 0
 55 -1 1 292
 55 3 3 349
 55 -1 -3 217
 55 -1 -1 316
 55 1 -1 27
 55 2 1 259
 "contig-ratio-green-core" 1
 "contig-ratio-red-core" 0.8421052631578947
 "a-count" 3
 "b-count" 3
 "c-color-count" 25
 "c-express-count" 25
 "d-color-count" 25
 "d-express-count" 25
 "cell-count" 56
 15 4 0 249
 15 3 -2 174
 105 2 -4 297
 105 3 -3 19
 15 -3 -3 227
 15 2 -3 14
 15 0 -3 181
 15 0 -4 205
 15 2 3 213
 15 -2 -1 356
 15 -3 0 101
 15 -1 -3 330
 15 -2 -3 133
 15 -3 2 275
 15 3 3 108
 105 -1 -4 278
 15 4 -1 9
 15 -4 0 4
 15 -4 1 322
 15 2 -2 83
 15 1 -3 278
 15 -2 -2 168
 15 3 -1 127
 15 3 0 251
 15 -3 1 63
 15 3 1 29
 15 4 1 116
 15 -3 3 322
 55 -1 1 279
 55 0 3 167
 55 2 1 350
 55 2 0 130
 55 0 -1 356
 55 0 4 107
 55 -4 -1 100
 55 1 1 74
 55 1 3 97
 55 -2 1 17
 55 -2 2 281
 5 1 -4 188
 55 -2 0 243
 55 -1 0 165
 5 -2 3 75
 55 2 2 272
 55 1 -1 268
 55 0 -2 287
 55 1 2 267
 55 0 2 109
 55 1 0 222
 55 2 -1 37
 55 -1 -2 34
 55 3 2 340
 55 0 1 99
 5 -1 3 239
 55 1 -2 312
 55 -3 -1 8
 "contig-ratio-green-core" 0.7
 "contig-ratio-red-core" 0.6190476190476191
 "a-count" 7
 "b-count" 4
 "c-color-count" 24
 "c-express-count" 24
 "d-color-count" 22
 "d-express-count" 21
 "cell-count" 56
 15 -1 -4 16
 105 -2 2 334
 15 2 -3 248
 15 -1 -3 146
 15 -1 2 350
 105 4 1 359
 15 1 -4 357
 15 4 -1 40
 15 -3 0 60
 15 -3 1 177
 15 3 2 208
 105 0 4 181
 15 0 -3 80
 15 -3 -1 70
 15 3 3 241
 15 -4 0 207
 15 1 -3 95
 105 -1 4 338
 15 2 3 127
 15 3 1 15
 15 -1 3 124
 15 3 0 12
 105 -2 -3 245
 15 3 -1 136
 15 -3 -4 222
 105 -2 3 143
 15 3 -2 292
 15 4 0 45
 55 -1 -2 99
 55 -1 1 242
 55 -2 1 170
 55 -1 0 18
 55 -3 -3 327
 55 2 2 46
 5 1 4 259
 55 0 0 150
 55 -2 0 180
 55 -1 -1 14
 55 0 -1 137
 5 -3 -2 257
 55 1 0 344
 55 1 2 221
 55 2 -2 290
 55 1 -1 85
 5 -4 -1 125
 55 1 1 118
 55 2 0 225
 5 -2 -2 273
 55 0 3 185
 55 2 1 227
 55 0 1 273
 55 1 -2 34
 55 0 2 325
 55 -3 2 286
 55 -2 -1 327
 55 1 3 304
 "contig-ratio-green-core" 0.875
 "contig-ratio-red-core" 0.7368421052631579
