 "a-count" 12
 "b-count" 7
 "c-color-count" 23
 "c-express-count" 21
 "d-color-count" 16
 "d-express-count" 16
 "cell-count" 56
 105 0 -4 180
 105 -3 -3 240
 15 -2 0 231
 15 0 -3 335
 105 2 -3 4
 15 3 0 261
 15 -1 4 26
 105 3 -2 342
 105 -1 -3 96
 105 -3 1 16
 15 4 -1 148
 15 -2 -1 144
 15 3 -1 244
 15 0 -2 77
 15 3 2 250
 15 2 -2 42
 105 -4 1 43
 15 1 4 342
 15 0 4 158
 105 -3 -1 132
 15 1 -2 233
 105 -3 2 151
 105 -4 -1 1
 105 1 -4 317
 15 4 0 79
 105 -3 3 6
 15 3 1 352
 15 -3 0 299
 55 2 1 222
 55 3 3 145
 55 1 -1 72
 55 0 0 351
 55 -2 -2 7
 55 -1 -1 358
 55 0 1 260
 55 1 0 205
 5 -2 1 242
 55 2 3 18
 55 0 2 111
 5 1 2 356
 55 1 1 96
 55 -2 -3 64
 5 -3 -2 344
 55 -1 1 92
 55 -1 3 338
 55 -1 2 348
 55 2 -1 72
 55 2 2 250
 55 2 0 37
 55 -2 2 327
 55 0 -1 121
 55 0 3 133
 55 -1 -2 292
 55 -1 0 107
 5 1 3 288
 5 -2 3 308
 "contig-ratio-green-core" 0.6875
 "contig-ratio-red-core" 0.7692307692307693
 "a-count" 8
 "b-count" 2
 "c-color-count" 26
 "c-express-count" 26
 "d-color-count" 21
 "d-express-count" 20
 "cell-count" 56
 15 3 3 176
 15 2 4 287
 15 4 -1 338
 15 -3 0 104
 15 -3 -1 250
 15 1 3 148
 15 -3 -2 358
 15 4 1 202
 105 -1 -4 164
 15 -3 1 160
 105 3 -3 73
 15 1 4 307
 15 0 -2 98
 15 -4 -2 54
 15 2 3 227
 105 -3 -3 203
 15 0 4 55
 105 1 -4 353
 15 2 -1 156
 15 2 -2 232
 105 -1 -3 297
 15 3 2 88
 105 -4 -1 4
 105 0 -4 330
 15 -2 4 232
 15 -1 -2 139
 15 0 -3 101
 15 1 -2 54
 55 1 1 227
 55 0 3 72
 55 1 -1 59
 55 -2 2 33
 55 -2 3 168
 55 0 0 336
 55 3 1 139
 55 -1 1 86
 55 2 0 91
 55 -1 -1 152
 55 -1 0 15
 5 -4 1 62
 55 0 2 142
 55 4 0 81
 55 2 -3 36
 5 3 -2 304
 55 0 -1 297
 55 -2 1 147
 55 1 2 289
 55 2 1 269
 55 -1 3 78
 55 -2 -1 347
 55 1 0 125
 55 -3 2 259
 55 3 0 260
 55 2 2 108
 55 -1 2 116
 55 -2 0 234
 "contig-ratio-green-core" 0.7
 "contig-ratio-red-core" 0.75
 "a-count" 10
 "b-count" 5
 "c-color-count" 23
 "c-express-count" 23
 "d-color-count" 18
 "d-express-count" 18
 "cell-count" 56
 105 3 0 183
 15 -2 1 291
 15 -2 2 291
 15 -4 -2 268
 15 -1 -4 33
 105 3 -1 268
 15 2 0 28
 15 3 2 157
 105 3 -2 28
 15 1 3 164
 15 -1 -3 335
 105 2 -3 281
 15 -4 -1 30
 15 2 3 252
 15 -4 0 315
 105 1 -4 226
 15 -2 -3 236
 105 1 4 56
 105 3 1 274
 15 2 2 308
 105 -3 3 113
 15 0 -3 80
 15 3 3 288
 105 1 -3 211
 15 2 1 349
 15 -3 1 346
 105 4 0 183
 15 1 -2 163
 55 -1 -1 2
 55 -1 -2 140
 55 -3 -3 203
 55 -2 -1 193
 55 1 2 223
 55 -1 2 348
 55 -3 -2 33
 55 1 1 150
 55 -4 1 320
 5 3 -3 329
 55 -1 1 171
 55 0 2 44
 5 -2 3 280
 55 0 3 100
 5 0 -4 238
 55 1 -1 174
 55 -3 -1 283
 55 0 0 34
 55 0 1 4
 55 0 -2 239
 5 -1 4 315
 55 -1 0 25
 55 0 -1 15
 5 -1 3 353
 55 -3 0 191
 55 -2 -2 315
 55 1 0 66
 55 -2 0 319
 "contig-ratio-green-core" 0.9333333333333333
 "contig-ratio-red-core" 0.9375
 "a-count" 9
 "b-count" 4
 "c-color-count" 25
 "c-express-count" 24
 "d-color-count" 19
 "d-express-count" 19
 "cell-count" 56
 15 3 -1 359
 15 -3 -1 271
 105 -3 -3 24
 15 -3 0 116
 15 1 3 67
 15 0 3 310
 15 -1 3 85
 15 -2 3 234
 15 3 -2 192
 105 -3 3 294
 105 1 4 241
 15 3 0 174
 15 0 4 137
 105 3 3 270
 105 2 3 31
 15 4 0 217
 15 -4 -1 253
 15 0 -3 40
 15 -2 -2 116
 15 3 1 69
 105 1 -3 268
 105 -3 -2 51
 15 -1 4 212
 15 -3 1 77
 15 2 1 273
 105 4 1 2
 105 -4 0 269
 15 2 2 90
 55 1 1 166
 5 -2 -3 116
 55 1 -1 29
 55 0 1 140
 55 0 -2 354
 55 1 2 284
 55 -2 2 245
 55 0 -1 335
 5 -1 -4 191
 55 -2 0 105
 55 -2 1 356
 55 -1 -3 271
 55 2 -1 278
 55 0 2 103
 55 -1 -1 206
 55 1 0 134
 55 -1 2 49
 55 2 -2 199
 55 1 -2 76
 55 2 0 208
 55 0 0 352
 5 1 -4 347
 55 -1 0 211
 55 -4 1 315
 55 -2 -1 222
 55 0 -4 351
 55 -1 -2 236
 55 -1 1 61
 "contig-ratio-green-core" 0.9333333333333333
 "contig-ratio-red-core" 0.875
