 "a-count" 11
 "b-count" 6
 "c-color-count" 23
 "c-express-count" 22
 "d-color-count" 18
 "d-express-count" 17
 "cell-count" 56
 105 3 2 201
 105 -3 -2 119
 15 2 2 100
 15 1 3 202
 15 -3 2 29
 15 0 4 196
 15 2 4 339
 105 -1 -3 202
 15 3 1 136
 105 1 -4 290
 15 -2 1 347
 15 2 -1 136
 105 -3 -1 183
 105 2 -2 95
 15 -2 -1 103
 105 -4 -1 224
 15 -2 0 288
 15 -2 2 152
 15 4 1 129
 105 3 3 214
 15 -2 -3 303
 15 1 4 177
 15 -1 4 97
 105 -3 1 87
 15 -2 -2 73
 15 2 3 59
 105 3 -1 236
 15 3 0 59
 5 3 -2 201
 55 1 0 133
 55 0 0 87
 55 1 1 16
 55 0 2 202
 5 -3 3 335
 55 -1 2 139
 55 0 1 202
 55 -1 0 359
 55 2 1 149
 5 -3 0 62
 55 0 3 119
 55 -1 -2 36
 5 -3 -3 260
 55 0 -3 95
 55 4 0 119
 55 0 -4 344
 55 -1 1 49
 55 4 2 324
 55 2 0 34
 55 -1 3 144
 55 1 -2 316
 5 -4 0 329
 55 0 -2 250
 55 0 -1 303
 55 1 -3 331
 55 1 -1 46
 55 -1 -1 223
 "contig-ratio-green-core" 0.75
 "contig-ratio-red-core" 0.7857142857142857
 "a-count" 10
 "b-count" 6
 "c-color-count" 24
 "c-express-count" 22
 "d-color-count" 19
 "d-express-count" 18
 "cell-count" 56
 15 2 -2 51
 15 -4 -1 155
 15 2 1 295
 105 -2 -3 190
 15 -3 1 112
 15 2 2 359
 15 -1 -2 302
 105 2 -3 124
 105 0 -4 124
 15 -4 0 20
 15 0 -2 11
 15 3 -1 330
 15 -2 -2 258
 15 1 4 130
 105 3 2 324
 15 3 1 117
 105 -3 3 357
 105 4 0 174
 15 -1 4 3
 15 0 4 72
 15 2 3 94
 15 0 3 144
 105 -2 3 191
 105 1 -3 231
 15 -3 0 330
 105 -1 -3 278
 15 1 -2 286
 15 1 3 323
 55 -2 1 76
 55 3 -3 321
 5 4 -1 24
 55 1 -1 117
 55 -1 1 142
 55 0 0 109
 55 -2 2 44
 55 2 -1 104
 55 -1 -1 211
 55 -1 0 57
 55 3 3 27
 5 -3 2 121
 55 -2 -1 287
 5 3 0 355
 55 0 -1 20
 55 1 2 229
 55 -3 -1 127
 55 -3 -2 159
 55 -2 0 96
 55 1 0 111
 55 0 1 285
 55 2 0 219
 55 0 2 57
 5 -1 -4 119
 55 1 1 255
 55 -1 3 8
 55 -1 2 253
 55 3 -2 241
 "contig-ratio-green-core" 0.8235294117647058
 "contig-ratio-red-core" 0.8823529411764706
 "a-count" 10
 "b-count" 3
 "c-color-count" 26
 "c-express-count" 25
 "d-color-count" 20
 "d-express-count" 18
 "cell-count" 56
 15 -2 -2 326
 15 -2 -1 185
 15 2 3 123
 15 -4 0 349
 15 1 3 10
 15 1 -2 312
 15 0 -4 161
 15 2 -2 272
 15 -2 1 154
 15 -3 -3 61
 105 -3 -2 269
 15 3 -1 219
 105 3 -2 68
 15 3 3 215
 15 3 1 88
 105 4 0 156
 15 -2 0 45
 15 -3 -1 130
 105 -2 2 152
 15 -3 0 331
 105 4 -1 106
 15 0 4 116
 105 1 -4 263
 15 1 -3 174
 105 2 -3 117
 15 -3 1 170
 105 1 4 116
 15 -1 4 196
 55 4 1 32
 55 -1 1 321
 55 0 -2 32
 55 3 2 317
 55 0 0 39
 55 -4 1 192
 55 -1 0 183
 55 2 2 267
 55 1 0 213
 55 0 3 165
 5 -1 -4 23
 55 0 1 206
 55 1 1 39
 55 -1 2 230
 55 -1 -2 351
 55 2 -1 333
 55 0 -1 5
 55 -1 -1 1
 55 2 1 5
 55 0 -3 233
 55 1 2 127
 55 -1 3 259
 55 -2 -3 283
 5 -3 2 354
 55 2 0 268
 55 -1 -3 248
 55 0 2 281
 55 1 -1 292
 "contig-ratio-green-core" 0.9411764705882353
 "contig-ratio-red-core" 0.875
 "a-count" 6
 "b-count" 6
 "c-color-count" 22
 "c-express-count" 22
 "d-color-count" 23
 "d-express-count" 22
 "cell-count" 56
 15 3 3 112
 15 2 4 352
 15 -2 0 309
 105 4 -1 62
 15 -2 3 302
 105 -3 0 168
 15 -3 -2 192
 15 -2 -1 79
 15 -1 -4 120
 15 1 -3 291
 15 0 -4 5
 15 3 1 218
 15 -1 2 227
 15 0 4 299
 15 0 2 159
 15 -2 -2 222
 15 -3 3 251
 105 -3 -1 228
 15 -3 1 314
 15 3 0 31
 15 -2 -3 4
 105 3 -2 55
 105 -1 3 140
 15 -3 2 92
 15 2 -2 27
 15 3 -1 48
 15 0 3 6
 15 1 4 307
 5 1 1 347
 55 -1 -3 101
 5 -4 0 124
 55 1 3 214
 55 2 3 15
 5 2 -3 212
 55 1 2 71
 55 3 2 62
 55 2 -1 29
 55 -1 -1 102
 55 -3 -3 271
 55 2 0 339
 5 4 1 42
 55 0 1 203
 55 -2 1 219
 55 0 -3 162
 55 0 0 16
 55 1 -1 90
 55 1 0 199
 55 -1 -2 285
 5 3 -3 354
 55 2 2 118
 55 1 -2 288
 55 -1 1 319
 55 -1 0 225
 5 1 -4 230
 55 2 1 261
 55 0 -2 134
 "contig-ratio-green-core" 0.9444444444444444
 "contig-ratio-red-core" 1
