 "a-count" 5
 "b-count" 6
 "c-color-count" 22
 "c-express-count" 22
 "d-color-count" 24
 "d-express-count" 23
 "cell-count" 56
 15 -2 2 225
 15 0 3 108
 15 4 0 264
 15 1 4 252
 15 -1 4 272
 105 -3 0 39
 15 3 2 53
 15 3 -1 171
 15 -1 3 343
 105 4 1 46
 15 1 3 297
 15 0 -4 202
 15 2 -1 149
 15 2 -3 100
 15 0 4 53
 15 1 -3 96
 15 -1 -4 53
 105 4 -1 200
 15 -2 3 192
 15 3 1 198
 15 2 -2 80
 15 -3 3 9
 15 3 0 189
 15 1 -2 326
 15 2 0 100
 105 -4 0 353
 15 2 1 187
 15 -4 1 48
 55 1 0 32
 55 0 2 194
 55 3 -2 114
 55 0 -2 121
 55 1 2 134
 55 1 1 85
 5 -2 4 255
 55 0 -1 194
 55 2 2 186
 55 -2 0 74
 55 -3 2 176
 5 3 -3 267
 55 -1 -3 287
 55 -1 -1 181
 55 2 3 45
 55 -1 1 101
 55 -1 -2 265
 55 -1 2 78
 55 -1 0 43
 5 -3 -1 279
 55 -2 1 92
 55 0 0 78
 55 -2 -1 46
 55 1 -1 0
 5 -3 -2 40
 55 0 1 352
 5 -2 -2 30
 5 -2 -3 324
 "contig-ratio-green-core" 0.9230769230769231
 "contig-ratio-red-core" 0.5909090909090909
 "a-count" 2
 "b-count" 11
 "c-color-count" 17
 "c-express-count" 17
 "d-color-count" 26
 "d-express-count" 26
 "cell-count" 56
 15 -1 1 150
 15 0 0 174
 15 -1 0 259
 15 0 4 258
 15 1 0 290
 15 2 -2 304
 105 -1 -4 229
 15 2 0 321
 15 2 1 88
 15 0 1 137
 15 0 1 159
 15 -2 3 117
 15 1 -2 339
 15 1 4 253
 15 -3 -2 356
 15 -1 -2 129
 15 2 2 125
 105 -3 -3 218
 15 1 -1 5
 15 -1 -1 83
 15 2 3 145
 15 -2 -2 190
 15 -3 3 73
 15 0 -1 9
 15 1 1 145
 15 2 -1 18
 15 0 -2 324
 15 -1 1 214
 5 0 -4 257
 5 3 2 24
 55 0 -3 94
 55 -3 0 300
 5 -2 -3 288
 55 1 -3 183
 55 -1 -3 270
 55 -1 2 45
 5 3 -2 350
 5 -2 2 224
 5 -3 1 171
 5 1 -4 283
 5 3 -1 348
 5 2 -3 27
 55 0 2 270
 55 4 1 114
 55 -3 2 244
 55 0 3 342
 5 3 0 344
 55 3 1 297
 55 -3 -1 104
 55 -1 3 202
 55 1 3 71
 5 3 3 60
 55 -2 0 260
 55 4 0 160
 55 -2 -1 284
 55 -4 2 310
 "contig-ratio-green-core" 1
 "contig-ratio-red-core" 0.65
 "a-count" 3
 "b-count" 9
 "c-color-count" 19
 "c-express-count" 19
 "d-color-count" 25
 "d-express-count" 25
 "cell-count" 56
 15 3 0 18
 15 1 -4 217
 15 1 2 3
 15 -3 -1 69
 105 1 3 68
 15 2 1 161
 15 -3 3 39
 15 3 1 293
 15 1 -3 235
 15 -1 2 358
 15 0 -4 43
 105 4 -1 32
 15 1 1 38
 15 -2 0 210
 15 -2 3 47
 15 -1 3 335
 15 4 0 202
 15 -3 0 148
 15 1 -5 330
 15 0 2 225
 15 2 0 353
 15 0 3 208
 15 3 -1 328
 15 -2 -1 140
 15 0 4 180
 105 -3 -3 285
 15 -2 2 288
 15 -2 1 317
 55 -1 -2 50
 55 0 -1 243
 55 -1 1 292
 55 -1 0 96
 55 1 0 160
 55 1 -2 229
 55 -2 -3 35
 5 -4 1 186
 5 -3 1 308
 55 0 0 321
 5 1 4 37
 5 -3 -2 330
 55 2 3 91
 5 -3 2 107
 55 3 -2 172
 55 2 -1 340
 5 3 2 217
 55 2 -2 4
 55 0 1 32
 55 3 3 340
 55 -4 -1 79
 55 -2 -2 318
 5 -1 -3 148
 55 -4 0 91
 55 0 -2 317
 5 0 -3 48
 55 1 -1 346
 5 -1 -1 38
 "contig-ratio-green-core" 0.7692307692307693
 "contig-ratio-red-core" 0.45454545454545453
