 "a-count" 6
 "b-count" 9
 "c-color-count" 19
 "c-express-count" 19
 "d-color-count" 23
 "d-express-count" 22
 "cell-count" 56
 15 2 2 288
 15 -4 0 232
 15 -1 2 81
 15 -3 2 40
 105 1 -3 211
 15 1 0 135
 15 -2 3 169
 105 0 -4 314
 15 -2 -2 211
 15 -1 3 196
 15 2 0 256
 105 3 2 309
 15 1 -4 33
 15 2 1 264
 105 3 3 161
 15 1 2 137
 15 0 3 107
 105 -2 -3 220
 15 0 2 210
 15 -3 -3 310
 15 -1 -2 82
 15 1 -2 328
 15 0 -2 236
 15 1 -1 354
 15 0 -1 11
 15 -2 2 248
 15 1 1 213
 15 0 -3 58
 55 -3 -1 211
 55 1 3 87
 5 -4 1 20
 55 -1 1 33
 5 -1 -3 294
 55 -2 -1 104
 55 0 4 354
 55 2 -2 327
 55 -1 0 176
 5 -3 3 352
 55 0 0 203
 55 -3 -2 30
 5 3 0 142
 5 3 -1 154
 55 4 1 324
 55 -2 1 293
 5 -3 0 153
 55 -1 -1 231
 5 3 -3 300
 55 2 -1 205
 55 3 -2 8
 55 0 1 6
 55 2 -3 67
 5 2 3 295
 5 -4 -1 216
 55 -2 0 318
 55 1 4 330
 55 -3 1 255
 "contig-ratio-green-core" 1
 "contig-ratio-red-core" 0.6
 "a-count" 3
 "b-count" 9
 "c-color-count" 19
 "c-express-count" 19
 "d-color-count" 27
 "d-express-count" 25
 "cell-count" 56
 15 -1 -3 253
 15 -3 0 131
 15 3 0 129
 15 1 2 280
 15 3 -1 215
 15 1 3 150
 15 -2 -2 102
 15 -3 -1 41
 15 1 -2 327
 15 -2 1 85
 15 0 -3 31
 15 0 -4 150
 15 -1 2 80
 15 0 4 35
 15 1 -3 146
 105 4 0 261
 15 -2 2 92
 15 0 2 163
 15 -4 0 210
 15 -2 -3 212
 15 1 4 271
 15 -3 1 300
 15 0 -2 338
 15 -1 3 296
 15 3 1 22
 15 -1 -2 181
 15 0 3 51
 15 1 -4 185
 5 -3 -2 57
 55 1 1 298
 55 2 -1 266
 55 2 -2 305
 55 2 2 41
 55 2 0 303
 55 -2 -1 128
 55 -1 0 28
 55 0 0 263
 5 -3 3 30
 5 -3 -3 60
 55 -1 4 64
 5 -1 -4 78
 55 2 3 313
 55 -2 0 252
 5 3 2 188
 55 -1 1 43
 5 3 3 69
 55 -3 2 122
 5 2 -3 77
 55 1 -1 96
 5 -4 -1 202
 55 -1 -1 249
 55 0 -1 112
 55 0 1 316
 55 1 0 22
 55 2 1 279
 5 -4 1 239
 "contig-ratio-green-core" 1.1428571428571428
 "contig-ratio-red-core" 0.64
 "a-count" 4
 "b-count" 11
 "c-color-count" 17
 "c-express-count" 17
 "d-color-count" 24
 "d-express-count" 24
 "cell-count" 56
 15 0 -3 132
 15 -3 -2 116
 15 -3 2 206
 105 -2 3 279
 105 -1 -3 88
 15 0 4 44
 15 3 -3 255
 15 1 -2 249
 15 -1 3 105
 15 -1 2 137
 15 -2 2 342
 105 -3 3 192
 15 0 -1 44
 15 2 -1 355
 15 0 3 185
 105 -1 -4 47
 15 1 -1 132
 15 -4 -1 175
 15 2 0 5
 15 -2 -2 186
 15 -1 -2 243
 15 1 -3 264
 15 1 1 115
 15 1 2 94
 15 0 -4 244
 15 1 0 224
 15 0 -2 190
 15 0 2 223
 55 3 1 71
 55 -2 1 234
 55 1 -4 326
 55 3 0 324
 55 3 -1 353
 55 -2 -1 198
 55 -1 1 14
 55 4 -1 15
 5 3 3 250
 55 -3 -1 130
 55 -1 0 225
 5 -3 1 35
 5 2 -3 223
 55 -2 0 166
 5 -1 4 291
 55 0 0 299
 5 -3 -3 115
 55 3 -2 71
 55 0 1 123
 5 -1 -1 9
 5 3 2 321
 5 4 1 304
 5 -4 0 221
 55 4 0 229
 5 2 2 345
 55 -3 0 274
 5 1 3 140
 55 2 -2 95
 "contig-ratio-green-core" 1
 "contig-ratio-red-core" 0.5294117647058824
 "a-count" 4
 "b-count" 5
 "c-color-count" 23
 "c-express-count" 23
 "d-color-count" 25
 "d-express-count" 24
 "cell-count" 56
 15 4 1 323
 105 1 4 306
 15 -4 0 82
 15 3 -1 227
 15 2 3 281
 15 2 -3 185
 15 0 -4 241
 15 -1 1 88
 105 -3 3 217
 15 2 -2 154
 15 -1 -1 52
 105 -1 4 287
 15 -1 0 75
 15 -1 -4 162
 15 -3 0 266
 15 3 -2 54
 15 -3 -1 275
 15 3 1 180
 15 -1 -3 127
 15 -2 2 132
 15 -2 1 184
 15 -2 -1 273
 15 -2 0 154
 15 4 0 51
 15 -3 1 304
 15 0 4 127
 15 4 -1 162
 15 3 0 341
 55 2 1 146
 55 1 0 66
 55 -2 3 40
 5 1 -3 100
 55 0 3 80
 55 0 -2 329
 55 2 0 43
 55 1 1 44
 55 2 2 212
 55 -4 -3 337
 5 3 3 263
 5 1 3 259
 55 0 2 87
 55 -1 2 245
 55 0 1 289
 55 0 -1 317
 55 3 2 252
 55 1 2 311
 55 1 -2 108
 55 1 -4 128
 55 1 -1 166
 55 0 -3 209
 55 -3 -3 263
 5 -2 -3 32
 5 -1 -2 247
 55 2 -1 77
 55 0 0 187
 55 -1 3 182
 "contig-ratio-green-core" 0.75
 "contig-ratio-red-core" 0.6
