 "a-count" 4
 "b-count" 8
 "c-color-count" 20
 "c-express-count" 20
 "d-color-count" 25
 "d-express-count" 24
 "cell-count" 56
 15 2 1 183
 15 -1 2 18
 15 -2 0 46
 15 0 2 314
 15 -2 1 57
 15 -3 0 306
 15 0 1 180
 15 -1 -3 19
 15 -2 -2 226
 15 0 -3 333
 15 -2 2 310
 15 2 -3 122
 105 -4 0 68
 15 3 0 49
 15 -1 4 100
 15 3 1 215
 15 2 2 54
 15 2 0 149
 105 3 3 132
 15 0 -4 69
 15 1 1 272
 15 -1 -2 307
 15 1 -3 240
 15 -2 -1 50
 15 1 2 107
 15 -1 1 238
 105 -3 -3 265
 15 -3 -1 170
 55 1 -2 300
 55 4 -1 153
 55 -2 -3 217
 5 -3 2 131
 55 0 -1 110
 55 0 -2 290
 55 0 0 99
 5 -3 1 77
 55 -1 3 296
 55 2 -1 305
 5 3 -3 325
 55 -1 -1 54
 55 1 3 23
 5 3 -2 34
 55 -2 3 178
 55 0 4 181
 55 1 0 106
 55 -1 0 3
 55 1 -1 323
 55 -4 -1 79
 55 4 0 132
 5 3 2 305
 55 0 3 253
 5 2 3 76
 5 3 -1 140
 5 -3 -2 232
 55 2 -2 183
 55 4 1 21
 "contig-ratio-green-core" 1.0769230769230769
 "contig-ratio-red-core" 0.6818181818181818
 "a-count" 3
 "b-count" 8
 "c-color-count" 20
 "c-express-count" 20
 "d-color-count" 25
 "d-express-count" 25
 "cell-count" 56
 15 2 1 113
 15 2 -2 268
 15 0 4 21
 15 1 2 222
 15 -3 -2 64
 105 -1 4 313
 15 1 4 229
 105 -3 3 244
 15 3 1 147
 15 -4 1 324
 15 -1 3 321
 15 2 0 138
 15 1 -4 241
 15 3 0 174
 15 1 3 209
 105 0 3 252
 15 0 -4 155
 15 3 -1 232
 15 -3 1 18
 15 -2 2 152
 15 -3 2 206
 15 -1 2 137
 15 -3 -3 322
 15 -1 -4 47
 15 2 -3 0
 15 2 -1 115
 15 0 2 22
 15 2 2 125
 55 1 -2 220
 55 -1 -1 314
 55 0 1 194
 55 -1 -3 110
 55 -3 0 347
 55 -1 0 193
 5 3 2 149
 5 2 3 20
 5 3 3 328
 55 -2 1 11
 55 1 0 158
 55 0 -3 229
 55 -3 -1 155
 55 1 1 116
 55 -2 -1 284
 5 0 -1 55
 55 0 -2 26
 5 3 -2 288
 55 -1 1 44
 5 -2 -2 5
 55 1 -1 217
 55 4 1 185
 55 -1 -2 345
 55 0 0 36
 55 -2 0 16
 55 1 -3 260
 5 4 -1 337
 5 3 -3 227
 "contig-ratio-green-core" 1.1666666666666667
 "contig-ratio-red-core" 0.5
 "a-count" 4
 "b-count" 9
 "c-color-count" 19
 "c-express-count" 19
 "d-color-count" 24
 "d-express-count" 24
 "cell-count" 56
 15 -1 2 270
 15 -2 3 224
 15 -2 -2 216
 15 -4 -1 189
 15 1 -2 111
 105 1 -4 39
 15 -4 1 326
 15 2 -2 92
 15 0 3 21
 15 2 3 36
 105 0 -3 43
 15 1 4 106
 15 3 -3 145
 15 1 3 260
 15 -1 3 180
 15 -1 -3 207
 105 3 -1 175
 15 -4 0 179
 15 0 2 52
 15 4 0 125
 105 -1 -4 153
 15 2 -3 250
 15 4 1 68
 15 5 1 188
 15 0 -2 16
 15 -1 -2 29
 15 4 -1 119
 15 1 -3 39
 55 3 1 123
 55 2 -1 165
 5 -1 0 232
 5 0 -1 234
 55 -1 -1 173
 55 -3 1 256
 55 2 1 237
 55 -1 1 12
 55 -3 0 90
 55 1 0 62
 55 -2 1 267
 5 -3 -2 149
 55 -2 2 93
 55 -2 0 32
 55 2 0 133
 5 0 4 334
 5 -1 4 45
 55 1 2 86
 55 -3 -1 240
 5 1 1 272
 5 3 3 116
 55 -3 2 132
 55 -2 -1 58
 5 -3 -3 174
 55 0 0 271
 55 1 -1 76
 5 0 1 320
 55 2 2 319
 "contig-ratio-green-core" 0.9285714285714286
 "contig-ratio-red-core" 0.5238095238095238
 "a-count" 0
 "b-count" 8
 "c-color-count" 20
 "c-express-count" 20
 "d-color-count" 28
 "d-express-count" 28
 "cell-count" 56
 15 3 0 12
 15 -2 2 6
 15 2 0 75
 15 1 0 101
 15 -1 -1 96
 15 1 -3 177
 15 2 -1 92
 15 3 1 271
 15 -3 1 178
 15 1 1 107
 15 -2 -2 197
 15 0 -3 36
 15 2 2 37
 15 1 -1 130
 15 0 0 59
 15 1 3 200
 15 0 -1 285
 15 -1 -3 298
 15 1 2 206
 15 -1 -2 57
 15 1 -2 354
 15 -3 2 5
 15 -3 3 254
 15 3 -1 312
 15 0 -2 161
 15 2 1 13
 15 -3 -2 21
 15 -2 1 245
 55 -3 0 357
 5 -1 4 319
 55 -2 0 214
 55 0 3 256
 55 4 0 211
 55 -1 3 313
 5 2 3 200
 55 -4 0 23
 5 -2 3 94
 5 3 -2 330
 55 -3 -1 167
 55 1 4 192
 55 3 -3 320
 5 -4 -1 135
 55 -1 1 131
 55 4 -1 314
 5 0 -4 301
 55 0 1 324
 5 -2 -3 211
 55 4 1 205
 55 -1 0 356
 55 -2 -1 233
 55 0 4 264
 55 5 0 150
 55 -1 2 120
 55 3 -4 216
 55 0 2 74
 5 2 -3 115
 "contig-ratio-green-core" 0.6842105263157895
 "contig-ratio-red-core" 0.7
