 "a-count" 5
 "b-count" 8
 "c-color-count" 20
 "c-express-count" 20
 "d-color-count" 23
 "d-express-count" 23
 "cell-count" 56
 15 1 -4 10
 15 0 -4 143
 15 2 1 20
 15 -3 -2 165
 15 -3 -1 208
 15 2 2 11
 15 -2 2 262
 15 4 0 179
 15 0 -3 134
 15 -2 -3 278
 15 3 0 166
 15 -3 2 24
 15 -4 -1 257
 105 3 1 140
 15 -1 3 311
 15 3 2 351
 105 -4 1 286
 105 0 4 81
 105 -1 -4 137
 15 -1 -3 15
 15 -4 0 290
 15 -3 0 57
 15 3 -2 114
 15 -3 1 76
 105 4 -1 268
 15 2 0 101
 15 3 -1 313
 15 -1 2 228
 5 2 -3 308
 55 -2 0 170
 55 1 3 18
 55 -3 -3 338
 55 -1 1 352
 5 -1 4 51
 55 1 -1 101
 55 2 3 348
 55 0 3 50
 55 1 -2 39
 5 -2 -2 293
 5 2 -1 101
 55 -1 -2 295
 5 4 1 156
 55 -1 0 107
 55 0 0 252
 55 0 2 20
 55 1 -3 265
 55 1 2 89
 55 0 -1 147
 5 -2 3 11
 55 0 -2 207
 55 1 1 145
 55 -1 -1 127
 5 2 -2 171
 55 0 1 93
 55 1 0 226
 5 -2 -1 139
 "contig-ratio-green-core" 0.75
 "contig-ratio-red-core" 0.5714285714285714
 "a-count" 3
 "b-count" 10
 "c-color-count" 18
 "c-express-count" 18
 "d-color-count" 25
 "d-express-count" 25
 "cell-count" 56
 15 3 3 88
 15 0 -1 207
 15 -1 3 103
 15 -2 0 123
 15 2 0 221
 15 -3 0 206
 15 1 -3 126
 15 3 0 311
 15 1 0 194
 15 -2 3 40
 15 1 -2 346
 15 1 3 115
 15 -1 -1 22
 15 2 -1 329
 15 0 -2 13
 15 2 -2 172
 15 2 1 78
 15 -1 4 173
 105 1 -4 27
 105 -4 -1 167
 15 -3 -1 221
 15 0 4 131
 105 1 -1 153
 15 -1 -2 163
 15 0 3 153
 15 -3 1 102
 15 3 1 35
 15 -2 -1 332
 55 -2 -3 65
 5 3 2 215
 55 -1 0 286
 55 0 -3 111
 55 4 1 70
 5 3 -3 265
 55 -2 2 208
 55 -1 2 199
 5 0 -4 153
 5 -4 0 173
 55 -1 1 273
 55 -1 -3 27
 5 -1 -4 119
 5 4 -1 130
 55 0 1 14
 55 4 0 291
 55 2 3 84
 5 2 2 243
 55 0 0 238
 5 1 2 317
 55 -2 -2 83
 55 1 1 327
 5 3 -2 117
 55 -3 2 19
 55 -2 1 138
 55 0 2 199
 55 -3 3 305
 5 1 4 25
 "contig-ratio-green-core" 1.0666666666666667
 "contig-ratio-red-core" 0.7142857142857143
 "a-count" 3
 "b-count" 12
 "c-color-count" 17
 "c-express-count" 16
 "d-color-count" 25
 "d-express-count" 25
 "cell-count" 56
 105 3 -1 317
 105 -4 1 14
 15 1 -2 7
 15 2 -2 322
 15 3 1 53
 15 1 2 194
 15 0 3 290
 15 0 -4 127
 15 2 -1 171
 15 -2 0 12
 15 2 0 85
 15 3 0 107
 105 3 2 346
 15 1 1 225
 15 0 -3 260
 15 -3 -1 216
 15 -1 -3 43
 15 2 1 56
 15 -2 -1 26
 15 2 2 177
 15 -1 3 124
 15 -2 -2 289
 15 1 0 356
 15 1 -1 20
 15 -3 -2 196
 15 -3 0 106
 15 -2 1 76
 15 -3 1 343
 5 -4 -1 24
 5 -1 -1 55
 55 0 2 45
 55 -2 -3 161
 55 0 -1 103
 55 4 -1 179
 5 1 4 96
 5 -1 -4 325
 55 0 1 44
 55 0 -2 172
 55 4 0 120
 55 -1 1 248
 5 3 -3 87
 55 -3 2 249
 55 -2 2 60
 55 4 1 17
 55 0 0 311
 5 1 -4 290
 55 -1 2 210
 55 1 3 91
 5 -1 -2 300
 55 -1 0 171
 5 -3 -3 241
 55 1 -3 3
 5 0 4 74
 5 2 -3 277
 55 3 3 25
 5 -2 3 208
 "contig-ratio-green-core" 0.9333333333333333
 "contig-ratio-red-core" 0.6818181818181818
 "a-count" 1
 "b-count" 7
 "c-color-count" 21
 "c-express-count" 21
 "d-color-count" 27
 "d-express-count" 27
 "cell-count" 56
 15 -1 4 301
 15 4 0 157
 15 2 3 124
 15 3 -3 104
 15 0 2 223
 15 -2 -2 93
 15 -3 2 117
 15 0 3 193
 15 4 1 263
 15 0 -1 332
 15 1 -2 355
 105 -4 -1 14
 15 -3 1 5
 15 -2 0 356
 15 -2 -1 128
 15 3 1 55
 15 -4 1 208
 15 0 4 266
 15 1 4 184
 15 1 3 20
 15 -1 0 245
 15 4 -1 327
 15 -1 -1 314
 15 -1 -2 18
 15 -3 -1 271
 15 -3 0 122
 15 0 -2 280
 15 3 0 82
 55 0 -3 153
 55 -2 1 121
 55 0 -4 55
 55 -1 1 186
 55 -2 2 133
 55 1 1 35
 5 -2 3 10
 5 3 -2 298
 55 2 -1 344
 55 2 0 256
 55 3 2 171
 55 -2 -3 179
 5 1 -3 341
 55 1 0 263
 5 -3 -3 84
 55 2 2 328
 55 -1 -3 317
 55 0 0 332
 55 1 -1 131
 55 -1 2 321
 55 -1 1 343
 5 3 3 190
 55 0 0 37
 55 0 1 353
 55 2 1 30
 55 2 -2 69
 5 2 -3 200
 5 1 -4 90
 "contig-ratio-green-core" 0.6111111111111112
 "contig-ratio-red-core" 0.7083333333333334
