 "a-count" 1
 "b-count" 11
 "c-color-count" 17
 "c-express-count" 17
 "d-color-count" 27
 "d-express-count" 27
 "cell-count" 56
 15 2 3 254
 15 0 -1 155
 15 -1 -2 199
 15 -2 0 240
 15 2 1 150
 15 0 -2 44
 15 2 -1 85
 15 1 -2 160
 15 0 0 2
 15 -1 4 99
 15 -3 1 333
 15 -1 0 307
 15 1 1 90
 15 3 0 281
 15 1 -3 208
 105 -3 3 128
 15 -1 -1 68
 15 2 -3 295
 15 1 0 1
 15 3 -1 196
 15 -3 2 17
 15 -2 1 245
 15 2 2 211
 15 2 -2 342
 15 -1 3 182
 15 -4 1 205
 15 2 0 341
 15 1 -1 65
 55 0 2 263
 55 -1 1 290
 55 -1 2 280
 55 -3 0 145
 5 -2 3 166
 55 -4 0 0
 5 -1 -4 324
 55 0 3 276
 5 -2 -1 68
 5 -2 2 324
 55 0 -4 57
 5 -3 -2 25
 55 -3 -1 121
 55 3 -3 199
 55 -4 -1 133
 5 3 2 256
 55 0 1 20
 5 1 2 52
 55 -1 -3 201
 55 1 3 192
 55 1 -4 46
 55 4 -1 99
 5 -3 -3 138
 5 4 1 302
 5 -2 -2 348
 55 0 -3 133
 55 4 0 169
 5 1 4 335
 "contig-ratio-green-core" 1
 "contig-ratio-red-core" 0.6842105263157895
 "a-count" 4
 "b-count" 10
 "c-color-count" 18
 "c-express-count" 18
 "d-color-count" 25
 "d-express-count" 24
 "cell-count" 56
 15 -1 -3 44
 15 -3 1 236
 15 -2 3 264
 15 3 -2 205
 15 1 2 345
 15 1 4 34
 15 0 2 279
 105 0 4 89
 105 1 -4 196
 15 -1 3 150
 15 1 -2 171
 15 -1 -2 136
 15 -3 -3 172
 15 -3 0 267
 15 2 -2 159
 15 3 -1 40
 15 -3 2 127
 105 -2 2 151
 15 3 0 186
 15 -2 -3 137
 15 2 3 244
 15 0 -2 201
 15 -4 1 180
 15 0 -3 282
 15 1 -3 287
 15 0 3 332
 15 0 -4 179
 15 1 3 181
 55 2 -3 175
 55 1 1 29
 55 -1 1 266
 55 -2 0 108
 55 0 -1 45
 5 -4 0 65
 55 2 1 128
 5 3 2 256
 55 -3 -2 261
 5 4 -1 316
 55 1 0 277
 55 1 -1 87
 55 0 1 297
 5 2 -1 331
 55 -1 2 176
 55 3 1 321
 55 -3 -1 104
 5 4 0 259
 55 -2 -1 322
 5 -4 -3 28
 55 2 0 94
 5 -4 -1 212
 5 -1 -4 180
 5 3 3 334
 55 -1 0 117
 5 2 2 189
 55 -1 -1 298
 55 0 0 353
 "contig-ratio-green-core" 0.6923076923076923
 "contig-ratio-red-core" 0.6666666666666666
 "a-count" 2
 "b-count" 5
 "c-color-count" 23
 "c-express-count" 23
 "d-color-count" 26
 "d-express-count" 26
 "cell-count" 56
 15 -2 -1 262
 15 4 1 0
 15 -3 1 217
 15 -1 -3 57
 15 1 4 14
 15 -3 2 194
 15 -2 -3 20
 15 1 1 39
 15 -2 3 263
 15 2 -2 288
 15 3 1 185
 15 0 4 231
 15 2 0 61
 105 -3 -3 131
 15 -1 -2 272
 15 2 2 131
 15 1 0 286
 15 0 -2 180
 15 0 -3 42
 15 2 1 209
 15 0 -1 9
 105 -3 -2 146
 15 -3 3 230
 15 1 -2 211
 15 -1 -1 311
 15 3 2 149
 15 1 -1 42
 15 2 -1 115
 5 0 1 266
 55 -4 -1 347
 55 2 3 56
 55 0 2 339
 55 0 0 33
 55 0 3 99
 55 -1 1 155
 55 1 -4 163
 55 -1 2 348
 55 -3 0 125
 55 4 0 170
 55 1 -3 310
 55 1 3 339
 55 -2 1 50
 5 3 0 195
 55 -2 0 327
 55 2 -3 210
 55 4 -1 93
 5 -2 2 55
 55 4 -2 37
 55 -3 -1 73
 5 -1 3 281
 55 0 -4 238
 55 1 2 125
 55 -1 4 294
 55 -1 -4 90
 55 -1 0 77
 5 -4 0 16
 "contig-ratio-green-core" 0.7777777777777778
 "contig-ratio-red-core" 0.7619047619047619
