 "a-count" 2
 "b-count" 10
 "c-color-count" 18
 "c-express-count" 18
 "d-color-count" 26
 "d-express-count" 26
 "cell-count" 56
 15 1 2 323
 15 0 2 203
 15 0 -3 93
 15 2 0 107
 15 -3 -2 30
 15 2 2 50
 15 -1 4 212
 15 0 -4 226
 15 1 3 49
 15 -1 3 49
 15 1 2 106
 15 -3 -1 323
 15 -3 1 99
 105 1 -4 33
 15 1 -1 332
 105 -4 0 48
 15 2 -1 112
 15 0 3 338
 15 1 -2 269
 15 2 1 277
 15 3 1 288
 15 1 0 61
 15 -1 2 110
 15 -1 5 4
 15 1 1 223
 15 -3 0 96
 15 2 3 335
 15 -1 -3 303
 55 4 1 350
 55 0 0 291
 5 -2 -2 19
 55 3 -1 259
 55 0 -2 303
 55 -1 -1 267
 5 -1 -4 172
 55 -1 1 101
 55 -2 2 39
 5 -3 3 164
 5 2 -3 270
 55 3 -2 136
 55 0 4 50
 55 0 -1 98
 5 -3 -3 266
 5 -2 -3 190
 55 3 2 38
 5 -4 -1 192
 55 -2 -1 285
 5 -2 1 33
 55 -1 0 336
 55 -3 2 339
 5 1 -3 286
 55 -2 0 17
 55 4 0 270
 5 3 -3 51
 55 3 0 338
 55 0 1 302
 "contig-ratio-green-core" 0.9230769230769231
 "contig-ratio-red-core" 0.6190476190476191
 "a-count" 2
 "b-count" 10
 "c-color-count" 18
 "c-express-count" 18
 "d-color-count" 27
 "d-express-count" 26
 "cell-count" 56
 15 4 0 70
 15 0 1 163
 105 3 2 122
 15 -2 1 320
 15 0 3 70
 15 2 -2 134
 15 1 3 113
 15 3 0 29
 15 -3 -2 253
 15 -2 0 57
 15 4 -1 276
 15 1 -3 208
 15 -3 -1 122
 15 2 -3 287
 15 -1 2 293
 15 4 1 180
 15 0 0 167
 15 3 -2 346
 15 0 2 30
 15 2 3 162
 15 3 -1 261
 15 -1 0 127
 15 -2 -1 122
 15 -3 2 56
 15 0 4 274
 15 -1 1 45
 15 -4 -1 114
 15 1 2 156
 55 1 0 66
 5 3 3 123
 55 1 -1 269
 55 -1 -2 271
 55 -4 0 66
 55 -3 0 291
 55 2 0 79
 5 0 -4 228
 55 0 -1 64
 5 -2 3 210
 55 -2 -2 169
 5 -1 -4 129
 55 -1 -3 81
 5 1 1 359
 5 -2 2 0
 5 -1 4 254
 55 -1 3 325
 55 0 -2 155
 55 -1 -1 51
 55 2 2 315
 55 -4 1 165
 55 -3 3 121
 5 -3 1 258
 55 2 1 183
 5 -2 -3 224
 5 3 -3 264
 55 1 -2 212
 55 0 -3 106
 "contig-ratio-green-core" 1
 "contig-ratio-red-core" 0.4583333333333333
 "a-count" 4
 "b-count" 8
 "c-color-count" 20
 "c-express-count" 20
 "d-color-count" 26
 "d-express-count" 24
 "cell-count" 56
 15 1 -3 123
 15 -2 3 98
 15 -2 2 45
 15 -2 0 354
 15 0 -3 139
 15 0 -4 235
 15 -2 1 23
 15 1 -2 143
 15 -1 -3 184
 15 3 2 214
 15 -3 -1 110
 15 -4 1 284
 15 2 -1 188
 15 2 1 332
 15 2 0 274
 15 1 -1 0
 15 -3 3 75
 15 -2 -1 90
 15 -1 -4 248
 15 2 2 125
 15 -3 0 330
 15 3 3 188
 105 3 -3 35
 15 -3 1 71
 105 0 4 351
 15 -1 4 134
 15 3 1 344
 15 3 0 147
 55 0 2 96
 55 3 -2 42
 55 -3 2 282
 55 1 0 48
 5 -3 -3 5
 5 4 -1 301
 5 -1 2 104
 55 0 0 142
 55 1 2 38
 55 -1 -1 337
 55 0 1 68
 5 2 -3 65
 55 -1 3 230
 55 -1 0 263
 5 2 3 38
 55 -2 -2 116
 55 -1 1 256
 55 1 1 12
 5 -4 -1 351
 55 0 -1 73
 55 0 3 26
 5 4 1 55
 5 1 -4 295
 55 -1 -2 92
 55 1 3 315
 55 3 -1 247
 55 0 -2 68
 55 -3 -2 112
 "contig-ratio-green-core" 1
 "contig-ratio-red-core" 0.5833333333333334
 "a-count" 3
 "b-count" 14
 "c-color-count" 14
 "c-express-count" 14
 "d-color-count" 26
 "d-express-count" 25
 "cell-count" 56
 15 0 2 150
 15 0 4 115
 15 -1 2 153
 15 2 2 103
 15 1 2 112
 15 -2 1 180
 105 -1 0 21
 15 2 1 347
 15 -1 1 62
 15 -3 -1 217
 15 0 -1 168
 15 1 0 344
 15 -3 0 309
 15 -2 2 280
 15 -2 -2 73
 15 -1 -2 108
 15 -2 0 208
 15 0 -2 6
 15 0 3 204
 15 -1 3 111
 15 1 1 28
 15 0 1 309
 15 1 3 22
 105 0 0 209
 15 2 3 87
 15 1 -1 287
 15 -2 -1 189
 15 -1 -1 262
 5 0 -4 233
 55 3 0 300
 55 1 -3 311
 5 -2 3 317
 5 3 -3 260
 55 -5 -1 121
 55 4 1 156
 55 -1 -3 13
 5 1 -2 70
 5 3 -1 296
 55 -3 1 245
 55 0 -3 282
 55 2 0 265
 55 1 4 212
 5 1 -4 180
 55 -1 -4 250
 5 -3 -3 353
 5 -3 -2 96
 5 3 1 100
 5 4 -1 228
 55 -4 1 239
 55 -4 0 131
 5 2 -2 100
 55 -4 -1 135
 5 3 -2 141
 5 2 -3 175
 5 3 3 224
 55 4 0 268
 "contig-ratio-green-core" 0.7
 "contig-ratio-red-core" 0.4666666666666667
