 "a-count" 5
 "b-count" 2
 "c-color-count" 26
 "c-express-count" 26
 "d-color-count" 25
 "d-express-count" 23
 "cell-count" 56
 15 0 1 118
 15 -1 0 344
 15 -2 -1 114
 15 -1 4 340
 15 0 3 90
 15 2 0 14
 15 3 -2 341
 15 1 1 138
 15 -1 1 41
 15 0 0 216
 15 1 2 219
 105 1 0 299
 15 0 2 65
 105 1 -3 84
 15 2 2 122
 15 3 1 15
 15 4 1 287
 15 0 -1 251
 15 3 2 164
 15 0 -2 293
 15 1 -1 240
 105 -4 1 37
 15 0 -3 43
 15 -2 0 311
 15 -1 -2 165
 15 2 -1 195
 15 -1 -1 146
 15 2 1 153
 55 -2 -2 287
 55 5 1 164
 55 -1 -3 269
 55 1 3 294
 55 -1 2 206
 55 -4 0 157
 55 -3 -1 51
 55 2 3 314
 55 3 0 51
 55 -3 0 332
 55 2 -2 208
 55 0 4 235
 55 -3 -3 49
 55 3 -1 15
 55 -3 -2 354
 5 -3 3 180
 55 -2 1 175
 55 -2 -3 115
 55 -1 -4 238
 5 -3 2 97
 55 1 -4 61
 55 -3 1 274
 55 -2 3 5
 55 4 2 236
 55 1 -2 243
 55 4 -1 108
 55 2 -3 311
 55 -1 3 75
 "contig-ratio-green-core" 0.8
 "contig-ratio-red-core" 1
 "a-count" 8
 "b-count" 4
 "c-color-count" 24
 "c-express-count" 24
 "d-color-count" 21
 "d-express-count" 20
 "cell-count" 56
 105 -4 -1 236
 15 0 -2 19
 15 0 1 325
 15 -1 -1 39
 15 -2 0 69
 15 0 3 214
 15 1 3 165
 105 0 0 158
 15 1 -3 159
 15 1 -1 169
 15 3 3 223
 15 1 1 274
 15 0 -1 341
 15 -1 -2 270
 15 1 2 295
 15 -2 1 322
 15 2 3 313
 105 -3 3 304
 105 2 2 23
 105 -1 4 356
 15 -4 0 293
 15 -3 0 324
 15 -1 1 225
 105 2 -3 128
 15 0 -3 11
 105 -1 0 80
 15 0 2 159
 15 1 0 4
 55 -1 -3 97
 5 4 1 127
 55 -1 -4 136
 55 -2 -1 107
 55 3 2 279
 55 2 -1 185
 55 2 4 22
 55 -1 3 203
 55 -4 1 51
 55 4 0 144
 55 2 -2 182
 55 -3 1 308
 55 0 -4 124
 5 1 -2 26
 55 -2 3 340
 55 2 0 280
 55 4 -1 143
 55 3 -1 146
 55 2 1 325
 5 3 -3 328
 5 -3 -1 293
 55 -2 2 352
 55 1 -4 131
 55 -1 2 110
 55 3 0 313
 55 3 -2 217
 55 -3 -2 145
 55 0 4 290
 "contig-ratio-green-core" 0.7368421052631579
 "contig-ratio-red-core" 0.875
 "a-count" 3
 "b-count" 4
 "c-color-count" 24
 "c-express-count" 24
 "d-color-count" 27
 "d-express-count" 25
 "cell-count" 56
 15 2 -1 255
 15 1 1 319
 15 4 1 319
 15 -4 0 279
 15 -3 0 347
 15 -4 1 343
 15 3 0 178
 15 -1 -1 355
 15 2 0 181
 15 1 0 23
 15 0 0 231
 15 -1 0 103
 15 0 1 255
 15 3 1 57
 15 -1 -2 226
 15 0 -1 106
 15 -3 3 220
 15 -2 -1 73
 15 1 2 102
 15 -1 1 228
 15 -2 1 174
 15 -3 -1 256
 15 1 -1 245
 105 4 0 23
 15 0 -2 60
 15 2 1 28
 15 -3 1 265
 15 0 2 192
 5 2 2 60
 55 2 -2 358
 55 -1 -3 168
 55 1 -2 165
 5 -2 -2 323
 55 0 -3 127
 55 -1 2 124
 55 0 4 47
 55 3 3 262
 55 -4 -1 197
 55 -3 -2 174
 5 1 3 325
 55 -2 3 113
 55 1 -3 358
 55 3 -3 293
 55 -1 3 186
 55 2 3 284
 55 -3 2 213
 55 -3 -3 115
 5 3 -2 57
 55 3 -1 83
 55 0 -4 324
 55 -1 4 20
 55 2 -3 164
 55 3 2 307
 55 4 -1 61
 55 1 4 101
 55 -1 -4 146
 "contig-ratio-green-core" 0.47619047619047616
 "contig-ratio-red-core" 0.5882352941176471
 "a-count" 4
 "b-count" 6
 "c-color-count" 22
 "c-express-count" 22
 "d-color-count" 24
 "d-express-count" 24
 "cell-count" 56
 15 1 1 21
 15 -1 0 216
 15 0 -3 214
 15 0 -1 328
 15 1 -2 168
 15 0 2 159
 15 -2 -1 338
 105 -2 1 342
 15 2 -2 176
 15 1 0 185
 15 -1 2 271
 15 -2 0 66
 15 0 1 187
 105 0 -4 239
 15 0 -2 314
 15 -1 4 331
 15 -1 -1 330
 15 -1 -3 68
 105 -2 2 200
 15 -3 0 135
 15 2 0 253
 15 1 -1 88
 15 2 -1 149
 15 0 0 348
 15 2 1 168
 15 3 1 255
 105 4 1 92
 15 1 2 192
 55 1 -3 145
 55 -4 0 2
 55 3 3 16
 55 3 0 305
 5 3 -3 268
 5 -4 1 337
 55 3 2 277
 5 1 -4 126
 55 2 3 105
 55 2 2 30
 55 2 -3 134
 55 -3 -2 310
 55 3 -2 142
 55 -1 3 278
 55 -3 1 173
 55 0 3 237
 55 -1 -2 311
 55 -2 3 116
 55 -1 -4 42
 5 -2 -2 62
 55 3 -1 210
 55 -3 3 49
 55 -1 1 220
 55 -2 -3 90
 55 -4 -1 243
 55 1 3 340
 5 0 4 93
 5 -3 -1 22
 "contig-ratio-green-core" 0.8461538461538461
 "contig-ratio-red-core" 0.9333333333333333
