 "a-count" 6
 "b-count" 5
 "c-color-count" 25
 "c-express-count" 23
 "d-color-count" 23
 "d-express-count" 22
 "cell-count" 56
 15 1 1 212
 105 -4 -1 104
 15 0 -1 226
 105 1 -4 273
 15 -3 -1 50
 15 -3 2 228
 15 1 2 117
 15 0 2 239
 105 3 -2 160
 15 0 0 279
 15 4 1 48
 15 -1 1 237
 15 0 -2 338
 15 -1 0 106
 15 -3 0 62
 15 -1 2 329
 15 1 -1 309
 15 2 -1 79
 15 2 0 124
 105 1 -2 16
 15 -2 0 34
 105 1 -3 275
 15 1 4 271
 15 -1 -1 53
 15 0 3 339
 15 1 0 15
 15 0 -4 347
 15 0 1 252
 55 -2 -1 58
 55 4 0 78
 55 -1 4 222
 5 3 2 334
 55 -2 -2 90
 55 -3 -3 116
 55 2 3 233
 5 2 -3 245
 55 -2 3 355
 55 -3 -2 17
 55 1 3 321
 55 2 -2 325
 55 2 2 338
 55 3 -3 68
 55 -2 -3 164
 55 -3 3 206
 55 0 -3 104
 55 3 0 37
 5 -4 1 135
 55 3 -1 179
 55 -2 1 101
 55 -3 1 265
 55 -1 3 319
 55 -1 -2 2
 55 0 4 66
 55 2 1 266
 55 -2 2 351
 55 3 1 201
 "contig-ratio-green-core" 0.6666666666666666
 "contig-ratio-red-core" 1.25
 "a-count" 6
 "b-count" 2
 "c-color-count" 26
 "c-express-count" 26
 "d-color-count" 25
 "d-express-count" 22
 "cell-count" 56
 15 0 -2 294
 15 -1 -1 278
 15 2 1 135
 105 1 4 347
 15 -1 2 210
 15 -1 1 9
 15 0 4 5
 15 -2 -1 122
 15 3 -3 144
 15 0 3 63
 15 3 0 109
 15 1 -1 27
 15 1 3 243
 15 0 0 307
 15 2 2 282
 15 0 -1 209
 15 -3 0 270
 15 -2 0 248
 15 1 -2 307
 15 0 -3 266
 15 1 1 15
 105 4 1 220
 105 -2 -2 92
 15 -1 0 325
 15 1 2 141
 15 1 0 72
 15 0 2 184
 15 0 1 267
 55 -2 2 114
 55 -1 -4 141
 55 -2 1 140
 55 -1 -3 136
 5 -2 -3 279
 55 -3 -2 97
 5 2 -2 251
 55 4 -1 10
 55 2 -3 215
 55 1 -4 84
 55 -3 -3 12
 55 4 0 156
 55 -3 2 290
 55 3 2 97
 55 -4 1 87
 55 1 -3 15
 55 0 -4 337
 55 2 0 26
 55 2 -1 112
 55 -1 4 32
 55 -3 -1 321
 55 3 3 174
 55 -2 3 167
 55 2 3 166
 55 3 -1 15
 55 3 -2 328
 55 3 1 297
 55 -4 -1 185
 "contig-ratio-green-core" 0.6666666666666666
 "contig-ratio-red-core" 0.75
 "a-count" 3
 "b-count" 8
 "c-color-count" 20
 "c-express-count" 20
 "d-color-count" 25
 "d-express-count" 25
 "cell-count" 56
 15 3 2 89
 15 -1 0 338
 105 -4 1 247
 105 -3 -1 47
 15 1 2 318
 15 -3 0 200
 15 0 1 294
 15 -1 -1 176
 15 2 0 69
 15 0 0 37
 15 1 0 64
 105 -2 -2 260
 15 -2 0 329
 15 -2 1 75
 15 0 2 348
 15 -1 1 221
 15 2 2 211
 15 0 -1 57
 15 1 -1 25
 15 0 3 150
 15 2 1 99
 15 1 1 246
 15 3 1 126
 15 0 -3 96
 15 -2 -1 179
 15 -1 -2 338
 15 2 -1 320
 15 0 -2 125
 5 3 -2 195
 55 0 4 179
 5 4 0 329
 55 2 -2 111
 55 4 -1 89
 55 3 3 38
 55 -1 3 143
 55 -3 2 261
 55 1 3 253
 55 -3 3 20
 5 -2 -3 263
 55 -3 1 308
 55 2 3 157
 55 1 -2 288
 5 -3 -2 143
 55 3 0 165
 55 -4 0 344
 55 2 -3 220
 5 0 -4 119
 55 1 4 51
 55 -1 4 254
 5 1 -4 193
 55 -4 -1 177
 55 3 -3 66
 5 -3 -3 222
 55 -1 -4 102
 5 -2 3 284
 55 -2 2 138
 "contig-ratio-green-core" 0.5555555555555556
 "contig-ratio-red-core" 0.7333333333333333
 "a-count" 5
 "b-count" 3
 "c-color-count" 25
 "c-express-count" 25
 "d-color-count" 23
 "d-express-count" 23
 "cell-count" 56
 15 -1 -3 295
 15 -2 -1 130
 15 4 0 182
 15 3 -2 252
 15 1 -1 93
 105 -2 1 89
 15 -1 -2 86
 15 -1 2 50
 15 1 1 95
 105 2 -1 316
 15 -1 -1 250
 105 -3 -3 133
 105 -4 0 111
 15 0 1 296
 15 -1 1 288
 105 -3 3 31
 15 2 0 183
 15 2 3 0
 15 0 -2 81
 15 3 -1 60
 15 0 0 314
 15 -1 0 315
 15 -3 1 61
 15 -2 0 325
 15 1 0 339
 15 0 -1 336
 15 -3 0 126
 15 3 0 297
 55 0 -4 265
 55 0 3 199
 55 1 4 116
 55 4 1 267
 55 -2 2 120
 55 0 -3 69
 55 0 4 329
 55 -1 3 88
 55 -2 -2 58
 55 3 1 195
 5 1 -4 14
 55 -3 -1 27
 55 -2 -3 347
 55 -1 4 321
 55 2 1 75
 55 1 2 282
 55 1 -2 126
 55 1 -3 260
 55 -3 2 284
 55 -1 -4 286
 55 2 2 20
 55 3 -3 215
 55 4 -1 185
 5 2 -2 238
 55 -4 -1 114
 55 -3 -2 143
 55 1 3 303
 5 3 2 353
 "contig-ratio-green-core" 0.5652173913043478
 "contig-ratio-red-core" 1
