 "a-count" 0
 "b-count" 5
 "c-color-count" 23
 "c-express-count" 23
 "d-color-count" 28
 "d-express-count" 28
 "cell-count" 56
 15 0 3 134
 15 -1 0 37
 15 0 2 13
 15 -2 -2 178
 15 3 1 342
 15 -1 4 207
 15 -3 2 38
 15 0 0 218
 15 2 0 202
 15 0 1 195
 15 2 1 280
 15 -2 1 302
 15 -1 -1 42
 15 -2 0 234
 15 -1 1 175
 15 0 -1 246
 15 -1 2 284
 15 2 2 193
 15 1 -1 261
 15 -3 -3 270
 15 1 0 329
 15 1 1 251
 15 -3 0 187
 15 -2 2 312
 15 1 2 337
 15 0 -4 356
 15 3 0 267
 15 -2 -1 154
 55 1 -3 283
 55 -2 -3 327
 55 1 -4 252
 55 0 -3 93
 55 -1 -3 8
 55 -1 -2 275
 55 2 -2 184
 55 4 -1 203
 55 1 -2 294
 55 3 2 208
 55 -2 3 169
 55 -5 0 350
 55 2 3 88
 5 3 -2 211
 5 -4 0 117
 55 1 3 317
 55 -3 -2 112
 5 4 0 82
 55 2 -3 317
 5 -4 1 8
 55 1 4 72
 55 -1 3 91
 5 3 -3 318
 55 -4 -1 235
 55 -1 -4 60
 55 -3 3 37
 55 2 -1 304
 55 0 4 297
 "contig-ratio-green-core" 0.75
 "contig-ratio-red-core" 0.75
 "a-count" 4
 "b-count" 5
 "c-color-count" 23
 "c-express-count" 23
 "d-color-count" 26
 "d-express-count" 24
 "cell-count" 56
 15 0 -2 280
 15 2 1 168
 15 1 3 268
 15 2 2 179
 105 0 4 257
 15 0 2 39
 15 -1 1 313
 15 -3 0 12
 15 2 -1 208
 15 -2 -2 148
 15 -2 -1 57
 15 1 -2 134
 15 -3 -1 163
 15 -1 -2 329
 15 1 2 336
 105 1 1 241
 15 -2 0 9
 15 0 1 71
 15 0 0 118
 15 -1 -1 151
 15 -1 2 80
 15 -1 0 133
 15 3 0 317
 15 0 -1 255
 15 2 0 214
 15 1 -1 359
 15 1 0 242
 15 0 3 140
 55 4 0 175
 55 -2 2 154
 55 -4 0 146
 5 0 -3 237
 55 -2 3 138
 55 -1 -4 241
 55 3 -1 136
 55 -1 4 294
 55 2 -2 40
 55 -1 3 247
 55 3 2 195
 55 -4 -1 40
 5 3 -2 241
 55 -3 2 36
 55 -2 1 129
 55 3 -3 7
 55 -4 1 250
 5 3 3 268
 55 2 3 0
 55 1 -3 296
 5 2 -3 54
 55 -2 -3 230
 55 -3 3 348
 55 4 -1 121
 55 0 -4 162
 55 -1 -3 208
 55 -3 1 239
 5 -3 -2 199
 "contig-ratio-green-core" 0.6190476190476191
 "contig-ratio-red-core" 0.9333333333333333
 "a-count" 1
 "b-count" 7
 "c-color-count" 22
 "c-express-count" 21
 "d-color-count" 28
 "d-express-count" 27
 "cell-count" 56
 15 1 0 157
 15 0 2 260
 15 -2 0 308
 15 -1 0 199
 15 2 0 247
 15 0 -1 306
 15 -3 0 149
 15 -2 -1 95
 15 0 -2 174
 15 -1 2 351
 15 1 1 16
 15 -2 1 192
 15 -1 1 290
 15 0 0 79
 15 2 3 91
 15 1 -1 216
 15 1 2 125
 15 0 1 228
 15 1 -2 201
 15 -1 -1 190
 15 2 2 14
 15 2 1 180
 15 3 1 302
 15 1 -3 311
 15 3 0 297
 15 -4 0 72
 15 -3 -1 264
 15 2 -1 301
 55 0 3 273
 55 3 -2 231
 5 -2 3 349
 55 3 3 308
 55 -2 -2 252
 55 1 -4 314
 5 -3 3 269
 55 -1 4 145
 5 -1 -4 16
 55 -4 1 58
 55 0 -4 20
 55 3 2 319
 55 -3 -2 340
 55 4 1 8
 55 2 -2 162
 55 -2 2 90
 55 -1 -2 40
 5 0 -3 22
 55 1 4 206
 5 -4 -1 237
 55 2 -3 293
 55 3 -3 185
 55 0 4 79
 55 -3 1 289
 55 -1 3 264
 55 3 -1 295
 55 4 0 164
 5 -3 -3 171
 "contig-ratio-green-core" 0.7142857142857143
 "contig-ratio-red-core" 0.9411764705882353
 "a-count" 7
 "b-count" 5
 "c-color-count" 23
 "c-express-count" 23
 "d-color-count" 22
 "d-express-count" 21
 "cell-count" 56
 15 0 0 11
 105 -1 -3 322
 15 -1 1 249
 15 1 -2 344
 15 -2 1 125
 15 -2 -1 337
 15 0 1 147
 15 -3 1 355
 15 2 -1 303
 105 -1 0 187
 15 1 -3 145
 15 1 0 102
 15 2 -2 37
 105 -2 3 246
 15 -2 -2 210
 15 3 -1 295
 15 1 1 307
 15 -1 -1 191
 105 0 -3 349
 105 -1 3 70
 15 1 -1 74
 105 -1 2 44
 15 2 0 140
 15 -3 0 244
 15 -2 0 249
 15 -1 -2 188
 15 0 -2 314
 15 0 -1 212
 5 -4 1 199
 5 0 -4 150
 55 -2 2 246
 55 3 -3 116
 55 -1 -4 357
 55 3 3 314
 55 -1 4 148
 55 3 0 285
 55 3 -2 93
 55 -3 -3 239
 5 3 2 352
 55 -4 -1 126
 55 2 -3 314
 55 4 -1 174
 55 2 2 169
 5 1 3 87
 55 -2 -3 310
 55 -3 3 14
 55 -3 2 227
 55 0 2 67
 55 1 4 259
 55 1 2 81
 55 2 1 167
 55 -4 0 323
 55 -3 -2 123
 55 4 0 5
 5 0 4 246
 55 -3 -1 55
 "contig-ratio-green-core" 0.5238095238095238
 "contig-ratio-red-core" 1.1818181818181819
