 "a-count" 8
 "b-count" 7
 "c-color-count" 21
 "c-express-count" 21
 "d-color-count" 22
 "d-express-count" 20
 "cell-count" 56
 105 -4 -1 34
 105 -3 -2 274
 15 3 2 325
 15 0 3 289
 15 -1 0 1
 105 -1 -3 102
 15 4 0 125
 15 0 1 169
 15 1 1 236
 15 0 -3 145
 15 0 2 310
 15 -2 3 305
 15 0 -1 271
 15 -1 2 222
 15 -1 -1 341
 15 -2 -2 290
 15 0 -2 345
 15 -1 -2 337
 15 2 -1 131
 15 1 -2 161
 105 -2 -3 68
 15 0 0 280
 105 3 -1 116
 15 -1 1 205
 105 -3 -3 137
 15 1 -1 276
 15 1 -3 98
 15 1 0 209
 55 4 1 221
 5 0 -4 265
 55 2 -3 306
 55 1 3 95
 5 -1 4 79
 55 -3 -1 30
 55 3 1 318
 55 -3 3 19
 55 -1 3 334
 5 0 4 189
 55 -3 0 261
 55 1 -4 164
 55 1 2 157
 55 -4 0 255
 5 1 4 112
 5 2 1 173
 55 -2 0 218
 55 -1 -4 112
 55 -2 1 208
 5 2 2 155
 55 3 -2 232
 55 2 -2 357
 55 4 -1 187
 55 2 3 197
 5 -4 1 31
 55 -2 2 51
 55 3 -3 273
 55 -2 -1 334
 "contig-ratio-green-core" 0.7058823529411765
 "contig-ratio-red-core" 0.8333333333333334
 "a-count" 5
 "b-count" 8
 "c-color-count" 21
 "c-express-count" 20
 "d-color-count" 23
 "d-express-count" 23
 "cell-count" 56
 15 -3 0 350
 15 0 -1 56
 105 -2 0 324
 15 0 0 172
 15 2 0 69
 15 2 1 330
 15 3 0 328
 15 -1 0 273
 15 -1 -1 1
 15 -4 0 316
 105 1 4 334
 15 -2 1 141
 15 1 -1 139
 15 -1 2 210
 15 -1 1 66
 15 1 1 73
 15 0 1 53
 15 0 2 234
 15 2 2 167
 105 -2 3 145
 15 1 0 340
 105 3 3 358
 105 -4 -1 326
 15 3 1 130
 15 0 -2 16
 15 -2 -1 75
 15 1 2 299
 15 -1 -2 177
 55 2 -2 267
 55 0 -3 227
 5 -3 -3 344
 55 3 2 156
 55 -2 -3 276
 5 4 1 103
 55 1 3 128
 55 1 -4 134
 55 2 -1 14
 5 0 4 26
 5 -1 -4 335
 55 2 -3 107
 55 -1 -3 150
 5 1 -2 17
 55 -1 3 32
 55 3 -1 269
 55 3 -3 242
 55 0 3 45
 5 3 -2 208
 55 -4 1 221
 55 4 -1 227
 55 4 0 298
 55 -3 -2 152
 55 -1 4 219
 5 2 3 135
 55 -2 -2 212
 55 -2 2 31
 55 -3 3 171
 "contig-ratio-green-core" 0.6153846153846154
 "contig-ratio-red-core" 0.9230769230769231
 "a-count" 4
 "b-count" 3
 "c-color-count" 25
 "c-express-count" 25
 "d-color-count" 25
 "d-express-count" 24
 "cell-count" 56
 15 0 0 39
 15 -2 2 78
 15 1 2 24
 15 0 -1 178
 105 1 -3 345
 15 -4 -1 355
 15 1 1 201
 105 -3 2 296
 15 1 0 295
 15 -1 0 56
 15 0 1 305
 15 2 0 294
 15 0 3 36
 15 1 -2 3
 15 -1 3 117
 15 0 4 343
 15 0 -3 44
 15 1 -1 42
 15 -1 2 127
 15 1 3 273
 15 0 2 145
 15 2 1 16
 15 -2 -1 217
 105 3 3 184
 15 3 1 279
 15 -1 -1 231
 15 0 -2 256
 15 -1 1 303
 55 -3 0 156
 55 -1 -3 56
 5 4 0 70
 55 -3 -2 254
 55 -2 -3 28
 55 3 2 236
 55 2 -2 21
 5 1 -4 247
 55 -3 -1 152
 55 -2 3 79
 55 -1 4 198
 55 2 -1 96
 55 4 -1 287
 55 -3 -3 124
 5 2 2 49
 55 -1 -4 312
 55 3 -1 113
 55 2 3 350
 55 3 -2 106
 55 0 -4 84
 55 1 4 313
 55 2 -3 221
 55 -1 -2 202
 55 -3 3 60
 55 3 -3 251
 55 -3 1 218
 55 3 0 143
 55 -4 0 257
 "contig-ratio-green-core" 0.6111111111111112
 "contig-ratio-red-core" 0.8
 "a-count" 2
 "b-count" 7
 "c-color-count" 21
 "c-express-count" 21
 "d-color-count" 26
 "d-express-count" 26
 "cell-count" 56
 15 0 1 289
 15 0 -1 202
 15 -1 4 58
 15 0 2 31
 15 1 1 191
 15 -2 -1 75
 15 -1 -1 330
 15 1 2 230
 15 -1 -2 268
 15 1 -1 80
 15 -1 1 47
 15 1 3 59
 15 0 3 1
 15 3 0 224
 15 3 2 80
 15 3 1 200
 15 2 0 202
 15 2 2 142
 15 -4 0 334
 15 -2 2 169
 105 4 1 245
 15 -3 0 282
 15 -1 0 28
 15 -2 0 191
 15 -4 1 8
 15 1 0 137
 105 2 1 69
 15 0 0 209
 55 0 4 275
 55 3 -1 92
 55 0 -2 175
 55 -1 -3 109
 55 3 3 81
 5 4 0 293
 55 -3 -1 210
 55 4 -1 168
 5 -3 3 10
 55 -4 -1 34
 5 2 -2 341
 55 2 -3 216
 55 -2 -2 66
 55 1 -2 329
 55 -1 -4 198
 55 -3 2 14
 55 -2 1 111
 5 3 -2 350
 55 -3 -2 123
 55 -1 3 359
 55 2 3 105
 55 1 -3 27
 55 2 -1 179
 5 1 -4 123
 55 -2 -3 279
 55 -3 1 314
 5 3 -3 164
 5 0 -3 248
 "contig-ratio-green-core" 0.8823529411764706
 "contig-ratio-red-core" 0.9333333333333333
