 "a-count" 3
 "b-count" 5
 "c-color-count" 24
 "c-express-count" 23
 "d-color-count" 26
 "d-express-count" 25
 "cell-count" 56
 15 0 2 297
 15 0 0 322
 15 2 1 37
 15 -1 -2 21
 15 -1 0 165
 15 -2 -2 141
 15 0 -4 129
 15 2 -2 271
 15 0 1 19
 15 2 -1 238
 15 0 4 184
 15 0 -3 281
 15 -2 1 257
 15 0 -2 201
 15 1 -1 359
 15 1 1 231
 15 -3 0 253
 15 -2 0 149
 105 -4 1 191
 15 -1 -1 196
 15 2 0 88
 15 -3 -1 72
 105 3 -2 214
 15 -1 1 352
 15 -2 -1 315
 15 0 -1 36
 15 4 1 134
 15 1 0 28
 55 -1 -4 252
 55 -2 2 179
 55 2 3 235
 55 -1 2 52
 55 0 3 149
 55 -2 -3 190
 55 1 4 338
 55 -1 -3 205
 5 3 -3 37
 55 -1 3 353
 55 -3 -2 185
 55 -3 2 50
 55 3 0 255
 55 4 0 120
 5 3 3 332
 55 2 -3 85
 55 3 2 265
 55 1 3 219
 55 1 2 142
 55 1 -2 329
 55 3 -1 224
 55 4 -1 104
 55 1 -4 206
 55 -4 0 201
 55 -3 1 293
 5 -1 4 246
 55 1 -3 312
 5 2 2 13
 "contig-ratio-green-core" 0.8888888888888888
 "contig-ratio-red-core" 1
 "a-count" 4
 "b-count" 4
 "c-color-count" 24
 "c-express-count" 24
 "d-color-count" 24
 "d-express-count" 24
 "cell-count" 56
 15 0 3 207
 15 -1 -1 290
 15 0 1 257
 15 0 -1 280
 15 -3 -1 78
 105 -3 2 40
 15 -2 -1 21
 15 0 0 147
 15 -1 -2 8
 15 1 3 109
 15 1 1 108
 15 -4 1 81
 15 2 2 3
 15 -3 0 350
 105 0 -4 323
 15 0 2 16
 15 2 0 296
 15 -1 1 179
 15 1 -1 218
 105 1 -2 252
 15 -2 0 356
 15 -4 -1 51
 15 2 1 9
 15 1 4 3
 15 1 0 83
 15 -4 0 288
 15 -1 0 51
 105 1 2 78
 55 1 -3 235
 55 2 -3 0
 55 3 0 311
 55 4 0 355
 55 -2 2 88
 5 -1 -4 13
 5 -2 -2 305
 55 3 -2 38
 55 2 -1 13
 55 3 1 173
 55 4 -1 30
 55 0 -3 105
 55 -2 -3 310
 55 3 -1 158
 55 -1 4 94
 55 4 1 278
 55 -3 1 32
 5 -3 -2 137
 55 2 -2 230
 55 -1 2 330
 55 2 3 65
 5 -1 -3 232
 55 -3 3 47
 55 3 2 233
 55 1 -4 285
 55 0 4 189
 55 -2 3 257
 55 3 3 275
 "contig-ratio-green-core" 0.45
 "contig-ratio-red-core" 0.4444444444444444
 "a-count" 6
 "b-count" 6
 "c-color-count" 22
 "c-express-count" 22
 "d-color-count" 24
 "d-express-count" 22
 "cell-count" 56
 15 1 0 225
 15 0 3 328
 15 0 -1 54
 15 2 -2 287
 15 2 -1 298
 15 -1 -1 191
 105 1 -1 4
 15 0 0 245
 15 -1 0 340
 15 -2 0 245
 15 0 -2 324
 15 2 0 236
 15 -2 -1 319
 105 1 -4 327
 105 3 0 223
 15 0 -4 63
 15 -1 1 172
 15 -4 1 79
 15 -1 2 259
 15 -3 0 183
 15 1 1 353
 15 -4 0 280
 15 -2 1 77
 105 -3 -1 328
 15 0 2 337
 15 3 -1 354
 15 -2 3 191
 15 0 1 244
 55 4 1 299
 5 3 3 251
 55 2 3 249
 55 2 -3 186
 55 2 2 128
 55 1 4 133
 55 0 4 37
 5 1 2 172
 55 -3 -2 301
 55 -1 3 186
 55 -1 -2 206
 55 4 -1 32
 5 4 0 111
 55 -1 4 308
 55 -4 -1 315
 55 -3 1 220
 55 3 -3 305
 55 0 -3 16
 55 -1 -4 279
 5 -2 2 5
 55 2 1 206
 55 3 -2 11
 55 -2 -3 332
 55 1 3 131
 5 -2 -2 235
 55 3 1 241
 55 1 -3 288
 5 -3 2 273
 "contig-ratio-green-core" 0.8125
 "contig-ratio-red-core" 0.8
 "a-count" 5
 "b-count" 4
 "c-color-count" 24
 "c-express-count" 24
 "d-color-count" 24
 "d-express-count" 23
 "cell-count" 56
 15 -2 -1 76
 105 0 -1 227
 15 0 2 194
 15 -1 1 190
 15 -4 1 99
 105 -2 -2 30
 15 0 3 188
 15 2 0 91
 15 1 1 3
 15 -1 -1 196
 15 1 0 144
 15 -1 0 252
 15 0 0 49
 15 -1 2 149
 15 -2 0 264
 15 -2 2 229
 15 0 1 351
 15 1 2 188
 105 2 3 67
 15 1 -3 260
 15 0 -2 156
 15 1 -2 287
 15 -2 1 231
 105 -3 3 268
 15 2 1 39
 15 -3 0 323
 15 1 -1 146
 15 3 1 339
 55 2 -3 30
 55 4 0 14
 5 3 -3 232
 55 -4 0 231
 55 -1 -4 129
 55 1 3 206
 55 3 3 164
 55 2 -2 54
 55 -1 3 191
 55 -4 -1 295
 55 3 2 119
 55 0 4 14
 5 -3 -2 138
 55 2 -1 112
 55 -1 4 51
 55 4 1 189
 55 -3 2 95
 5 0 -4 48
 55 4 -1 37
 55 3 -2 336
 55 3 0 322
 5 2 2 168
 55 -3 -1 12
 55 -1 -2 28
 55 3 -1 355
 55 -1 -3 54
 55 -2 3 85
 55 1 4 63
 "contig-ratio-green-core" 0.7
 "contig-ratio-red-core" 0.9333333333333333
