 "a-count" 6
 "b-count" 5
 "c-color-count" 23
 "c-express-count" 23
 "d-color-count" 23
 "d-express-count" 22
 "cell-count" 56
 15 -1 0 285
 15 0 -2 160
 15 -1 -2 350
 15 1 2 108
 105 -1 2 7
 15 -1 1 140
 15 0 2 183
 15 2 1 159
 15 4 1 271
 15 -2 -3 298
 105 3 0 277
 15 0 1 196
 15 -2 1 29
 15 2 -1 297
 15 1 1 110
 15 3 1 218
 15 1 -1 68
 105 0 0 106
 105 2 0 268
 15 2 -2 352
 15 -1 -1 158
 15 -2 3 32
 15 -2 2 188
 15 4 -1 347
 15 -1 3 62
 15 1 -2 227
 15 2 -3 203
 105 3 3 0
 55 -2 -1 266
 55 1 -4 347
 55 -3 1 178
 55 4 0 40
 5 4 2 80
 55 -1 -3 188
 5 -3 -2 28
 5 2 2 226
 55 1 -3 63
 5 -4 1 331
 55 -3 2 5
 55 -3 0 114
 55 -4 -1 353
 5 -1 -4 249
 55 1 3 160
 55 -2 0 137
 55 -3 3 322
 55 3 2 318
 55 2 3 68
 55 0 -3 13
 55 0 3 254
 55 -2 -2 195
 55 -2 -4 19
 55 -4 0 251
 55 3 -3 16
 55 -3 -1 344
 55 3 -2 256
 55 0 4 300
 "contig-ratio-green-core" 0.6875
 "contig-ratio-red-core" 0.7647058823529411
 "a-count" 4
 "b-count" 7
 "c-color-count" 21
 "c-express-count" 21
 "d-color-count" 24
 "d-express-count" 24
 "cell-count" 56
 15 1 -1 318
 15 1 3 45
 15 3 0 18
 105 -1 0 9
 15 2 2 269
 15 0 -2 24
 15 -1 1 215
 105 1 1 351
 105 -3 -1 1
 15 3 1 221
 15 1 -2 227
 15 1 0 351
 15 -2 0 76
 15 2 1 206
 15 0 3 112
 15 1 2 321
 15 -2 2 339
 15 -1 -1 253
 15 0 -1 224
 15 -3 1 106
 15 0 1 33
 15 -2 1 332
 15 0 2 62
 105 1 4 286
 15 4 1 56
 15 -1 2 293
 15 2 0 33
 15 0 -3 222
 55 3 -1 333
 55 1 -4 347
 55 -4 1 211
 55 3 3 236
 5 -3 3 146
 55 -1 -2 126
 55 -2 -1 176
 55 -1 3 106
 55 2 3 204
 5 -1 4 106
 55 1 -3 65
 55 -2 3 55
 55 0 -4 169
 5 -2 -3 64
 5 4 2 138
 55 4 0 274
 55 3 2 141
 55 -3 2 353
 55 3 -3 69
 5 -3 -2 256
 5 -1 -4 177
 5 2 -3 198
 55 -1 -3 45
 55 4 -1 30
 55 3 -2 330
 55 0 4 180
 55 2 -1 159
 55 2 -2 37
 "contig-ratio-green-core" 0.8823529411764706
 "contig-ratio-red-core" 0.8421052631578947
 "a-count" 3
 "b-count" 7
 "c-color-count" 22
 "c-express-count" 21
 "d-color-count" 25
 "d-express-count" 25
 "cell-count" 56
 105 -3 2 339
 15 -1 2 181
 105 3 -1 222
 15 -4 0 26
 15 -3 0 125
 15 -1 1 203
 15 -1 -4 345
 15 0 0 299
 15 2 0 270
 15 1 -2 230
 15 -2 0 18
 15 1 2 253
 15 0 1 298
 15 0 -1 43
 15 0 2 73
 15 -2 -1 309
 15 -1 -1 23
 15 2 -1 32
 15 1 1 105
 105 -2 2 196
 15 3 0 36
 15 1 3 294
 15 -1 3 308
 15 1 -1 159
 15 0 3 121
 15 0 -2 344
 15 4 -1 312
 15 1 0 220
 55 -4 -1 213
 5 3 3 226
 55 0 -3 95
 55 4 0 103
 55 0 4 167
 55 3 2 61
 55 3 1 171
 5 -1 4 140
 5 1 -4 344
 55 3 -3 310
 55 -1 -2 112
 5 2 2 177
 55 2 -2 132
 5 -3 1 4
 55 2 -3 141
 55 2 1 17
 5 -3 3 351
 55 1 4 136
 55 -1 -3 290
 55 2 3 74
 55 0 -4 213
 55 -2 3 3
 55 1 -3 181
 55 -3 -1 23
 55 -2 1 169
 55 -3 -2 3
 55 -2 -3 48
 55 -3 -3 214
 "contig-ratio-green-core" 0.8333333333333334
 "contig-ratio-red-core" 0.875
 "a-count" 5
 "b-count" 6
 "c-color-count" 22
 "c-express-count" 22
 "d-color-count" 24
 "d-express-count" 23
 "cell-count" 56
 15 -1 -1 297
 15 1 -1 288
 15 3 1 186
 105 -1 -2 119
 15 2 1 241
 15 -1 1 150
 15 1 0 207
 15 0 1 110
 15 0 2 359
 15 -2 -1 243
 15 -4 0 74
 15 2 3 13
 15 1 -3 197
 15 1 3 313
 15 -2 1 128
 15 -1 0 43
 15 3 0 169
 105 1 -2 67
 15 1 1 55
 15 1 2 138
 15 2 0 230
 15 2 -1 53
 15 -3 0 358
 105 -1 -3 233
 105 -3 2 277
 15 0 0 350
 15 -1 2 287
 15 0 -1 317
 55 0 -3 65
 55 -3 3 330
 5 -3 -2 99
 5 0 -4 47
 55 -2 -3 28
 55 -1 3 155
 55 3 2 358
 55 -3 1 247
 55 1 -4 327
 55 -2 -2 82
 55 2 2 24
 55 3 -2 139
 5 -1 4 77
 55 -2 2 262
 5 -2 0 258
 55 3 -3 62
 55 -3 -3 63
 55 2 -3 169
 55 4 0 6
 55 2 -2 226
 55 0 3 81
 55 1 4 126
 55 3 -1 223
 5 -4 -1 102
 55 3 3 107
 55 0 4 205
 55 4 1 161
 5 -4 1 70
 "contig-ratio-green-core" 0.65
 "contig-ratio-red-core" 1
