 "a-count" 5
 "b-count" 3
 "c-color-count" 26
 "c-express-count" 25
 "d-color-count" 24
 "d-express-count" 23
 "cell-count" 56
 105 1 -3 79
 15 0 -1 62
 15 2 2 270
 105 1 4 211
 15 2 0 154
 15 4 0 34
 15 -1 2 133
 15 -2 1 350
 15 -1 -1 162
 15 -1 -3 62
 105 4 -1 61
 15 -1 -2 230
 15 1 0 334
 15 1 1 112
 15 -2 0 267
 15 -2 -1 215
 15 1 -1 120
 15 -1 1 217
 15 3 1 348
 15 0 1 326
 15 -3 0 197
 15 2 -1 190
 15 0 -2 69
 15 0 0 72
 15 -1 0 273
 15 -4 1 135
 105 -3 -1 26
 15 0 -4 233
 55 0 2 286
 5 0 4 225
 55 4 1 277
 55 -4 0 95
 55 -1 4 258
 55 1 3 159
 55 2 -2 180
 55 2 1 219
 55 -3 -3 315
 55 -3 3 286
 55 1 -4 233
 55 -2 2 285
 55 -3 1 192
 55 -1 3 106
 55 -2 -4 225
 55 -3 2 308
 55 2 3 306
 55 -2 -3 71
 55 -1 -4 207
 55 -2 -2 302
 5 3 -2 217
 55 -3 -2 229
 55 3 -1 176
 55 1 -2 324
 55 2 -3 257
 55 3 0 40
 55 1 2 221
 55 3 2 298
 "contig-ratio-green-core" 0.85
 "contig-ratio-red-core" 1.1538461538461537
 "a-count" 6
 "b-count" 6
 "c-color-count" 22
 "c-express-count" 22
 "d-color-count" 24
 "d-express-count" 22
 "cell-count" 56
 15 2 -1 220
 15 1 0 121
 15 -2 0 306
 105 -3 1 224
 15 -1 2 74
 15 3 2 218
 15 0 -2 41
 15 -2 -1 256
 15 -1 -2 198
 15 -4 -1 114
 15 -1 1 215
 15 1 -1 58
 15 0 2 270
 15 0 1 183
 15 -1 -1 58
 105 -4 1 235
 105 0 0 186
 15 0 -1 236
 105 -1 0 105
 15 0 3 230
 15 2 0 7
 15 1 -4 3
 15 1 1 281
 15 -2 2 304
 15 0 -3 304
 15 1 3 266
 15 -2 1 225
 15 1 -3 216
 5 3 3 222
 55 -4 0 79
 5 -2 -3 83
 55 -3 -1 242
 55 -3 -2 109
 55 2 -2 236
 5 1 4 288
 55 0 4 53
 5 -2 -2 342
 55 4 -1 328
 5 3 1 257
 55 -1 4 344
 55 2 1 10
 55 -1 -3 311
 55 -3 -3 274
 55 -1 -4 355
 55 0 -4 200
 55 -3 2 90
 5 -2 3 71
 55 4 0 119
 55 2 3 261
 55 3 -1 106
 55 -3 3 323
 55 -1 3 166
 55 3 -3 36
 55 2 -3 289
 55 1 2 202
 55 1 -2 157
 "contig-ratio-green-core" 0.7894736842105263
 "contig-ratio-red-core" 0.8125
 "a-count" 6
 "b-count" 6
 "c-color-count" 23
 "c-express-count" 22
 "d-color-count" 25
 "d-express-count" 22
 "cell-count" 56
 15 2 1 345
 15 -1 2 104
 15 -1 -2 3
 15 0 0 104
 15 1 3 137
 15 0 -1 314
 15 0 1 131
 105 -3 0 53
 15 2 1 66
 105 3 -3 339
 15 -1 1 237
 15 0 2 285
 15 1 1 220
 15 0 -2 202
 105 -2 0 173
 15 2 2 179
 15 1 -1 223
 15 1 2 25
 15 2 -3 219
 15 1 1 165
 15 -1 0 65
 15 1 2 351
 15 4 1 73
 15 2 0 134
 15 3 1 119
 15 1 -2 166
 15 2 -1 185
 15 1 0 170
 5 4 2 298
 55 3 -2 242
 5 -1 -4 194
 55 -1 -1 21
 55 0 -3 262
 55 3 -1 358
 55 3 3 297
 55 2 3 27
 55 1 4 354
 55 -2 1 281
 55 0 3 340
 55 -2 -2 197
 55 -2 -1 154
 55 -1 3 234
 55 3 0 186
 55 -3 1 214
 55 -4 0 152
 5 -3 2 257
 55 -1 4 88
 55 2 4 151
 5 -3 -3 85
 5 1 -4 65
 55 2 2 133
 55 -3 -2 216
 55 0 -4 132
 55 3 2 275
 55 -2 2 323
 55 4 0 227
 "contig-ratio-green-core" 0.7619047619047619
 "contig-ratio-red-core" 0.9333333333333333
 "a-count" 6
 "b-count" 5
 "c-color-count" 23
 "c-express-count" 23
 "d-color-count" 23
 "d-express-count" 22
 "cell-count" 56
 15 1 1 157
 15 1 -2 48
 105 1 -4 50
 15 -2 1 190
 15 -1 2 196
 15 0 -2 24
 15 2 1 189
 15 2 3 255
 15 1 -1 72
 15 -1 1 2
 15 1 0 123
 15 -2 -1 257
 105 3 3 24
 15 3 -3 178
 105 -1 -4 151
 15 1 2 215
 15 2 0 23
 105 4 1 304
 15 -1 0 335
 15 -1 -1 202
 15 -3 1 239
 15 0 0 217
 15 0 2 159
 15 0 -1 227
 15 0 1 289
 105 2 2 87
 15 -1 -2 176
 15 -2 0 224
 55 0 -3 18
 55 -3 2 346
 5 -3 -3 261
 55 4 0 312
 5 -3 -2 78
 55 -2 -2 111
 55 -1 -3 66
 55 3 -2 85
 55 1 4 137
 55 -1 4 152
 55 -3 3 209
 55 -2 2 28
 55 3 1 260
 55 1 3 188
 55 0 3 61
 5 -4 -1 150
 5 -4 1 355
 55 -4 0 80
 55 -3 -1 190
 55 -2 -3 241
 55 3 -1 312
 55 2 -1 358
 55 3 0 217
 55 -3 0 139
 55 0 4 257
 5 1 -3 223
 55 -1 3 149
 55 -2 3 136
 "contig-ratio-green-core" 0.6190476190476191
 "contig-ratio-red-core" 0.9285714285714286
