 "a-count" 6
 "b-count" 4
 "c-color-count" 24
 "c-express-count" 24
 "d-color-count" 22
 "d-express-count" 22
 "cell-count" 56
 15 -1 3 13
 105 0 2 270
 15 0 1 5
 15 -3 0 344
 15 2 -1 353
 15 -1 2 249
 15 0 -3 182
 15 0 -1 296
 15 -1 4 201
 15 -1 1 325
 105 0 0 68
 15 0 3 75
 105 -2 3 217
 105 -4 -1 204
 15 0 -2 351
 105 0 -4 245
 15 2 1 4
 15 -1 -1 227
 15 -2 0 346
 15 1 -1 163
 15 1 -2 184
 15 1 0 7
 105 -4 0 300
 15 2 0 149
 15 1 2 137
 15 1 1 58
 15 -1 0 71
 15 -2 -1 174
 55 3 2 278
 55 3 3 319
 55 2 2 145
 55 -3 -1 11
 5 -3 2 144
 55 4 -1 147
 55 1 3 231
 55 1 -3 319
 55 -2 1 233
 55 4 1 339
 5 -2 2 114
 55 3 1 349
 55 -2 -2 290
 55 2 -2 24
 55 3 -1 282
 55 3 -3 311
 55 -3 -2 35
 55 0 4 248
 55 -3 -3 259
 55 -1 -3 303
 55 2 3 70
 55 -3 1 331
 5 2 -3 126
 55 -1 -2 238
 55 3 -2 239
 55 -2 -3 18
 5 -4 1 326
 55 3 0 108
 "contig-ratio-green-core" 0.5454545454545454
 "contig-ratio-red-core" 0.9230769230769231
 "a-count" 6
 "b-count" 6
 "c-color-count" 23
 "c-express-count" 22
 "d-color-count" 23
 "d-express-count" 22
 "cell-count" 56
 15 1 3 39
 105 2 -2 255
 105 4 -1 352
 15 0 0 122
 15 -1 1 46
 15 -1 -1 21
 15 1 -1 72
 15 2 1 258
 15 -1 3 124
 15 -1 2 133
 15 -1 4 86
 15 0 3 301
 105 1 -4 183
 15 -1 0 261
 105 3 0 84
 15 -2 1 83
 15 1 2 197
 15 1 -3 232
 15 0 -1 289
 15 0 1 81
 15 0 4 139
 15 2 -1 324
 15 2 0 253
 15 3 1 164
 105 0 2 250
 15 1 0 245
 15 -2 0 208
 15 1 1 357
 55 -3 -2 175
 55 -3 -1 43
 55 3 2 55
 55 4 0 196
 55 -2 4 114
 55 4 1 142
 55 -3 0 20
 5 -3 -3 6
 55 -2 -1 246
 55 -3 2 306
 55 -2 -2 0
 55 -1 -4 87
 55 -1 -2 284
 55 3 -3 162
 55 3 -1 323
 5 -2 -3 89
 5 0 -3 78
 5 0 -2 196
 55 -2 3 152
 55 -3 3 105
 55 2 -3 330
 55 -2 2 260
 55 2 2 198
 55 -3 1 148
 55 1 -2 39
 55 2 3 188
 5 -4 1 176
 55 1 4 52
 "contig-ratio-green-core" 0.7058823529411765
 "contig-ratio-red-core" 1
 "a-count" 3
 "b-count" 6
 "c-color-count" 22
 "c-express-count" 22
 "d-color-count" 25
 "d-express-count" 25
 "cell-count" 56
 15 2 1 207
 15 -2 -1 155
 15 0 -2 25
 15 1 -1 64
 15 1 0 215
 15 0 -3 271
 15 1 3 110
 15 0 3 197
 15 -1 -1 340
 15 0 1 142
 15 0 0 240
 15 1 4 239
 15 2 2 354
 15 -1 -2 130
 15 -3 1 140
 15 -2 1 327
 15 1 2 278
 105 0 2 164
 15 1 1 206
 105 3 -2 137
 15 -1 3 6
 105 3 -3 277
 15 1 -2 98
 15 -1 2 333
 15 -1 0 295
 15 -2 0 14
 15 0 -1 134
 15 -2 2 352
 5 -4 -1 42
 55 3 1 12
 55 -1 4 318
 55 -2 4 227
 55 4 0 259
 55 1 -3 73
 55 -2 -3 164
 5 -4 0 204
 55 -2 3 296
 55 3 0 335
 5 1 -4 233
 55 2 -2 19
 55 -3 -3 39
 55 2 3 255
 55 3 2 95
 5 0 -4 253
 55 -3 3 358
 55 2 4 111
 55 2 -3 148
 55 2 -1 245
 5 -2 -2 2
 55 -3 2 196
 55 -3 0 299
 55 -3 -1 106
 55 -1 -3 328
 55 3 -1 81
 55 -4 1 273
 5 -1 -4 174
 "contig-ratio-green-core" 0.6
 "contig-ratio-red-core" 0.7368421052631579
 "a-count" 6
 "b-count" 8
 "c-color-count" 21
 "c-express-count" 20
 "d-color-count" 23
 "d-express-count" 22
 "cell-count" 56
 15 0 2 114
 15 -1 -1 185
 15 2 1 126
 15 -1 1 161
 15 1 -2 337
 15 0 -1 302
 15 3 0 309
 15 0 0 49
 15 -1 -4 89
 15 -2 1 17
 15 -1 3 279
 15 0 1 145
 15 0 -2 265
 15 3 -1 74
 15 -3 0 247
 15 -1 2 337
 105 0 3 83
 15 -1 0 286
 15 1 0 39
 15 1 1 302
 15 1 3 329
 105 0 4 218
 105 -2 -2 276
 105 -2 -1 61
 15 3 1 101
 105 -4 1 190
 15 2 0 40
 15 1 -1 253
 55 4 1 97
 5 -3 -3 347
 55 1 4 249
 55 -4 -1 121
 5 2 -3 203
 55 1 -3 256
 55 -1 -3 124
 55 2 2 88
 5 -2 0 67
 55 3 -3 160
 5 1 -4 258
 55 -2 2 149
 5 0 -4 119
 55 3 3 330
 55 2 3 334
 55 2 -2 252
 55 -2 3 337
 55 -1 -2 356
 55 -3 1 48
 55 -1 4 138
 55 0 -3 311
 5 -3 -1 262
 5 -2 -3 48
 55 -3 2 296
 55 4 -1 229
 55 -3 -2 290
 55 3 -2 30
 55 3 2 232
 "contig-ratio-green-core" 0.75
 "contig-ratio-red-core" 0.9375
