 "a-count" 9
 "b-count" 4
 "c-color-count" 24
 "c-express-count" 24
 "d-color-count" 21
 "d-express-count" 19
 "cell-count" 56
 15 0 0 139
 105 0 1 38
 15 -1 2 302
 15 -3 0 314
 15 -2 0 61
 15 1 2 20
 105 2 -2 331
 15 -2 2 234
 15 -1 0 151
 15 2 -3 293
 105 3 -1 70
 15 -2 3 146
 15 -2 -1 276
 105 3 1 339
 15 1 -1 132
 105 1 4 172
 15 0 -1 321
 15 1 -4 330
 15 1 0 237
 15 1 1 203
 105 1 -2 6
 15 -2 1 224
 15 2 1 198
 105 4 1 71
 15 0 2 109
 15 -3 1 197
 15 0 -2 321
 15 -1 -1 99
 55 -2 -2 41
 55 -1 -3 81
 55 2 0 112
 5 3 3 122
 55 -4 0 240
 55 2 2 357
 55 0 -3 307
 55 -4 -1 359
 55 4 -1 211
 55 -1 3 120
 55 3 -3 294
 5 -3 -2 288
 55 -1 -2 65
 5 -1 -4 151
 55 1 3 326
 55 0 4 172
 55 -3 -1 188
 55 0 3 338
 55 3 -2 39
 55 -1 4 233
 55 -3 2 274
 55 2 3 11
 55 3 2 321
 55 -4 1 258
 55 2 -1 75
 5 -3 3 317
 55 0 -4 9
 55 -2 -3 160
 "contig-ratio-green-core" 0.75
 "contig-ratio-red-core" 1
 "a-count" 7
 "b-count" 6
 "c-color-count" 23
 "c-express-count" 22
 "d-color-count" 22
 "d-express-count" 21
 "cell-count" 56
 15 -2 1 12
 15 2 1 25
 15 0 3 239
 105 1 3 338
 15 -2 -1 238
 15 0 1 138
 105 -3 1 312
 15 0 -1 67
 105 -4 1 276
 15 3 -3 352
 105 1 -3 79
 15 0 2 279
 15 -1 -2 78
 15 -2 -2 215
 15 3 0 250
 15 2 0 133
 15 0 -3 0
 105 4 1 72
 15 0 0 98
 15 1 1 87
 105 -1 -1 111
 15 0 -2 106
 15 -1 1 243
 15 -1 2 335
 15 1 2 216
 15 1 0 32
 15 -1 0 2
 15 -2 0 53
 55 3 -1 180
 55 4 0 282
 5 -1 4 333
 5 -3 0 52
 55 3 1 44
 55 3 -2 12
 55 2 -2 27
 55 -3 -1 44
 55 -2 -4 46
 5 1 4 101
 55 -1 3 40
 55 -2 3 217
 55 -3 -2 209
 55 0 -4 18
 55 -1 -4 183
 55 -3 2 273
 55 3 3 145
 55 -2 -3 191
 5 0 4 116
 55 1 -4 99
 5 -4 0 132
 55 3 2 221
 55 -3 -3 138
 55 -2 2 302
 55 1 -2 305
 55 -1 -3 75
 55 1 -1 93
 55 2 -1 225
 "contig-ratio-green-core" 0.7222222222222222
 "contig-ratio-red-core" 0.8666666666666667
 "a-count" 5
 "b-count" 5
 "c-color-count" 23
 "c-express-count" 23
 "d-color-count" 24
 "d-express-count" 23
 "cell-count" 56
 15 1 1 82
 105 2 -3 98
 15 0 2 126
 15 -1 2 306
 105 -1 4 199
 15 -2 0 354
 15 -1 1 116
 15 2 1 96
 15 1 -1 214
 15 1 -3 37
 15 2 -2 193
 15 1 2 213
 15 2 0 37
 105 0 -1 248
 105 -3 3 22
 15 0 -2 30
 15 -1 0 268
 15 -2 2 24
 15 -1 -1 228
 15 -1 -3 7
 15 2 -1 315
 15 1 0 232
 15 0 0 217
 15 0 1 339
 15 3 0 345
 15 -1 3 99
 15 1 -2 232
 15 4 -1 33
 55 1 -4 105
 5 4 1 11
 55 2 3 28
 55 3 2 230
 55 -2 -2 329
 55 -2 -3 281
 55 -4 -1 223
 5 1 4 149
 55 3 1 275
 55 -2 3 170
 55 -3 -3 98
 55 -4 0 288
 55 3 -2 50
 55 -3 2 277
 55 -3 0 264
 5 0 -3 254
 55 -1 -4 140
 55 -2 1 177
 55 -3 -1 306
 55 0 3 239
 55 0 4 90
 55 3 3 5
 55 -1 -2 1
 55 2 2 192
 55 4 0 26
 5 -2 -1 270
 5 3 -1 14
 55 -4 1 64
 "contig-ratio-green-core" 0.6111111111111112
 "contig-ratio-red-core" 0.9166666666666666
 "a-count" 5
 "b-count" 5
 "c-color-count" 23
 "c-express-count" 23
 "d-color-count" 24
 "d-express-count" 23
 "cell-count" 56
 15 -4 -1 162
 15 2 1 22
 15 -3 -1 195
 15 -1 -2 39
 15 1 -1 232
 105 0 -4 39
 15 0 -2 245
 15 3 0 282
 15 2 0 88
 15 -2 3 3
 15 0 -3 245
 105 1 4 232
 105 1 -4 134
 15 3 1 260
 15 -1 1 319
 15 0 2 143
 15 1 -2 268
 15 1 2 241
 15 -2 1 207
 15 -1 0 325
 15 -1 -1 240
 105 0 1 323
 15 1 1 66
 15 -1 -3 297
 15 0 3 133
 15 1 0 334
 15 1 3 322
 15 -3 0 82
 55 -1 -4 190
 55 2 3 306
 5 2 2 52
 5 2 -3 18
 55 -1 4 61
 55 -1 2 91
 55 4 1 319
 55 3 2 57
 55 -4 1 352
 55 4 -1 134
 55 -2 -2 127
 55 -3 1 186
 55 3 -1 239
 55 -1 3 159
 55 3 3 129
 55 -2 -1 308
 55 2 -1 191
 55 -3 2 101
 5 -3 3 288
 5 3 -3 30
 55 3 -2 248
 5 -3 -2 151
 55 -2 -3 270
 55 -4 0 111
 55 2 -2 261
 55 1 -3 285
 55 4 0 124
 55 -2 2 235
 "contig-ratio-green-core" 0.8421052631578947
 "contig-ratio-red-core" 0.8947368421052632
