 "a-count" 6
 "b-count" 7
 "c-color-count" 21
 "c-express-count" 21
 "d-color-count" 22
 "d-express-count" 22
 "cell-count" 56
 105 -3 -3 350
 15 1 -4 95
 105 -3 3 22
 15 4 -1 220
 15 3 1 299
 15 1 3 124
 15 2 2 210
 15 2 -2 172
 15 3 -3 348
 105 0 -3 91
 15 1 -2 206
 15 -2 -1 244
 15 -4 2 335
 15 3 0 255
 15 -3 -1 220
 105 -4 -1 118
 15 3 -1 92
 105 1 -3 133
 15 0 4 32
 15 0 -4 62
 15 0 3 102
 15 0 -2 321
 105 2 -3 148
 15 -1 -2 259
 15 -4 0 270
 15 -2 -2 93
 15 -2 3 9
 15 -1 -3 3
 55 -1 1 234
 55 0 -1 299
 55 -1 -4 212
 55 -1 -1 347
 5 4 1 264
 55 0 1 152
 5 -3 -2 29
 55 -1 0 58
 5 -1 4 108
 55 2 -1 315
 55 -4 1 248
 55 -3 2 89
 55 1 -1 1
 55 -2 2 334
 55 1 2 315
 55 2 1 250
 5 -1 3 138
 55 -2 -3 324
 55 2 0 204
 55 -1 2 189
 5 -2 0 197
 55 0 0 239
 55 1 1 83
 5 3 3 164
 5 3 2 316
 55 0 2 240
 55 -3 1 7
 55 -3 0 118
 "contig-ratio-green-core" 0.9230769230769231
 "contig-ratio-red-core" 0.6666666666666666
 "a-count" 12
 "b-count" 4
 "c-color-count" 26
 "c-express-count" 24
 "d-color-count" 18
 "d-express-count" 16
 "cell-count" 56
 15 3 -1 112
 15 0 4 258
 15 2 -1 2
 105 2 -2 64
 105 -4 -1 93
 15 -3 -3 38
 105 1 -3 0
 105 -1 -4 65
 15 2 3 346
 15 -2 2 289
 15 0 -3 183
 15 1 -2 225
 15 3 0 60
 15 -3 1 212
 15 -3 -1 324
 15 1 3 134
 105 -4 0 33
 15 -1 -2 137
 15 -1 3 257
 105 -3 2 312
 105 -3 0 111
 105 -2 -3 116
 15 -3 3 134
 105 3 -2 48
 15 4 0 334
 105 -4 1 219
 15 -2 -2 205
 15 0 -2 63
 55 -1 -3 4
 55 1 -4 346
 55 3 -3 150
 55 -1 2 306
 55 3 1 4
 5 4 1 176
 55 2 0 116
 55 0 -1 303
 55 -2 0 307
 55 -1 -1 87
 55 -1 0 50
 55 1 1 137
 55 0 0 28
 55 2 1 94
 55 0 1 307
 55 2 2 318
 5 3 3 319
 55 1 -1 40
 55 -2 1 17
 55 1 0 197
 55 -1 1 138
 55 2 -3 131
 55 0 2 223
 55 0 -4 147
 55 -3 -2 102
 55 0 3 44
 55 1 2 308
 55 -2 -1 186
 "contig-ratio-green-core" 0.9333333333333333
 "contig-ratio-red-core" 0.8666666666666667
 "a-count" 9
 "b-count" 1
 "c-color-count" 28
 "c-express-count" 27
 "d-color-count" 20
 "d-express-count" 19
 "cell-count" 56
 105 1 -4 6
 105 -3 3 155
 15 2 3 344
 105 3 -1 50
 15 -2 0 193
 15 4 0 95
 105 -1 -4 67
 15 1 4 185
 15 1 3 310
 15 3 0 318
 15 -4 -2 265
 15 -1 4 279
 15 -3 -2 354
 105 -3 0 14
 15 2 -1 310
 15 -1 -1 207
 105 -3 1 153
 15 2 -2 167
 15 -2 -1 2
 105 -2 -2 276
 15 -1 -2 44
 15 -2 2 3
 105 -1 -3 75
 15 4 -1 0
 15 0 4 238
 15 3 2 152
 15 2 -3 37
 15 1 -3 41
 55 -1 3 306
 55 0 -3 34
 55 2 1 259
 55 -1 2 166
 55 1 1 256
 55 2 0 166
 55 -4 0 73
 55 -4 -1 305
 55 0 0 309
 55 4 1 141
 55 3 -3 68
 55 1 -1 104
 55 -3 -1 118
 55 2 2 324
 55 0 -4 97
 55 3 1 294
 55 1 -2 266
 55 -2 3 259
 55 -1 1 220
 55 -3 -3 111
 55 0 -2 177
 55 -1 0 255
 55 0 2 206
 55 0 3 345
 55 0 1 246
 55 1 2 24
 55 1 0 97
 55 0 -1 62
 "contig-ratio-green-core" 0.9444444444444444
 "contig-ratio-red-core" 1.0666666666666667
 "a-count" 9
 "b-count" 4
 "c-color-count" 24
 "c-express-count" 24
 "d-color-count" 19
 "d-express-count" 19
 "cell-count" 56
 15 -3 2 200
 15 0 -4 150
 15 3 1 343
 15 -2 -1 160
 105 -2 4 257
 105 1 -3 196
 15 -3 3 328
 105 -2 -2 187
 15 -2 3 339
 15 -3 -1 65
 15 -4 0 98
 15 2 2 18
 15 4 -1 332
 15 4 0 59
 105 1 4 211
 15 -1 -2 246
 105 -1 -3 55
 105 -3 -3 184
 15 1 -2 255
 15 -1 4 40
 105 0 -3 295
 105 0 4 311
 15 -2 -3 151
 105 -1 -4 4
 15 4 -2 192
 15 2 -3 4
 15 0 -2 208
 15 -4 1 322
 55 3 -2 336
 55 -1 1 124
 55 -3 1 271
 55 -2 1 79
 5 -1 2 49
 55 -1 -1 299
 55 -2 0 82
 55 0 -1 29
 55 0 3 76
 55 3 -1 61
 55 1 0 359
 55 2 1 67
 5 3 3 226
 55 1 2 143
 55 2 -2 106
 55 0 1 260
 55 -2 2 198
 55 -3 0 319
 5 -4 -1 91
 5 0 2 94
 55 3 0 115
 55 -1 3 31
 55 1 3 314
 55 1 1 174
 55 2 -1 20
 55 3 2 3
 55 0 0 31
 55 1 -1 335
 "contig-ratio-green-core" 0.7619047619047619
 "contig-ratio-red-core" 0.7333333333333333
