 "a-count" 7
 "b-count" 2
 "c-color-count" 26
 "c-express-count" 26
 "d-color-count" 23
 "d-express-count" 21
 "cell-count" 56
 15 4 1 194
 105 -3 -2 16
 15 1 -2 160
 105 -3 3 241
 15 1 3 27
 105 -2 3 320
 15 -3 1 237
 15 -1 3 300
 15 -1 -4 88
 15 2 -1 32
 15 0 -3 131
 15 3 2 83
 15 4 0 234
 105 0 -4 37
 15 -1 1 349
 15 -2 -3 335
 15 0 3 122
 15 1 4 180
 15 1 -1 22
 15 5 1 212
 15 0 4 317
 15 3 -1 284
 15 2 3 290
 15 -2 -2 243
 15 -4 1 39
 15 3 3 134
 15 -2 1 305
 105 -2 2 278
 5 2 -2 87
 55 0 2 239
 55 -2 0 226
 5 1 -4 120
 55 -3 -3 18
 55 3 0 147
 55 0 -2 93
 55 2 0 350
 55 1 1 43
 55 -4 0 297
 55 -1 -1 217
 55 -1 0 311
 55 3 1 79
 55 0 1 166
 55 2 1 39
 55 3 1 147
 55 1 2 270
 55 -4 -1 22
 55 -2 -1 230
 55 -1 -3 66
 55 -3 -1 318
 55 -1 4 228
 55 0 0 190
 55 0 -1 21
 55 -3 0 240
 55 -1 -2 325
 55 2 2 320
 55 1 0 237
 "contig-ratio-green-core" 0.9
 "contig-ratio-red-core" 0.9473684210526315
 "a-count" 6
 "b-count" 1
 "c-color-count" 27
 "c-express-count" 27
 "d-color-count" 24
 "d-express-count" 22
 "cell-count" 56
 15 -3 -2 303
 15 1 4 335
 15 -3 1 73
 105 -4 1 48
 15 -1 2 79
 15 0 -4 28
 15 4 1 85
 15 -1 -3 286
 15 -2 -3 138
 15 2 -1 273
 105 3 -3 177
 15 -3 3 347
 15 2 2 294
 15 -1 -4 100
 15 -2 -2 240
 15 1 -2 37
 15 3 -1 323
 105 1 -4 63
 15 -4 0 144
 15 2 -2 89
 15 1 -3 288
 15 -2 1 259
 15 -2 2 216
 15 2 3 260
 15 3 1 70
 15 -1 1 188
 15 2 0 305
 105 2 -3 210
 55 -1 4 135
 55 0 4 299
 55 0 -2 134
 55 3 -2 48
 55 -2 4 328
 55 0 -3 153
 55 1 3 346
 55 -3 0 278
 55 -1 -1 54
 55 -2 -1 129
 55 1 0 202
 5 3 2 264
 55 0 2 65
 55 2 1 104
 55 0 0 219
 55 4 0 274
 55 0 -1 137
 55 -3 -1 126
 55 0 1 246
 55 -1 -2 127
 55 1 -1 273
 55 0 3 349
 55 1 1 25
 55 -1 0 78
 55 1 2 201
 55 -2 3 316
 55 4 -1 143
 55 -2 0 71
 "contig-ratio-green-core" 1
 "contig-ratio-red-core" 0.95
 "a-count" 10
 "b-count" 3
 "c-color-count" 25
 "c-express-count" 25
 "d-color-count" 19
 "d-express-count" 18
 "cell-count" 56
 15 -1 2 110
 15 -2 -2 154
 15 -3 1 289
 105 0 -4 259
 15 2 -3 234
 15 2 2 130
 15 4 -2 201
 15 -2 -1 235
 105 0 4 19
 15 1 2 305
 15 -3 -3 110
 15 2 3 145
 105 -4 0 133
 105 -3 -2 28
 105 1 3 46
 105 3 2 201
 105 -2 3 316
 15 -2 -4 212
 15 3 0 271
 15 -4 1 111
 105 3 -3 47
 15 2 -1 303
 15 -2 2 226
 15 3 -1 165
 105 4 1 37
 15 0 3 43
 15 4 0 64
 15 2 -2 343
 55 -2 1 306
 55 -4 -1 49
 55 -1 0 164
 5 -1 4 264
 55 0 -1 72
 55 -2 -3 22
 55 -1 -2 203
 55 1 -2 26
 55 -1 1 331
 55 4 -1 227
 55 -1 -1 117
 55 0 1 209
 5 -3 0 129
 55 -2 0 165
 55 1 -1 47
 55 0 2 83
 55 0 -3 194
 55 1 -3 129
 55 2 0 39
 55 1 0 97
 5 -3 3 227
 55 -1 -3 276
 55 -1 -4 278
 55 0 -2 267
 55 1 1 350
 55 3 3 227
 55 0 0 330
 55 2 1 254
 "contig-ratio-green-core" 0.9333333333333333
 "contig-ratio-red-core" 0.875
 "a-count" 10
 "b-count" 3
 "c-color-count" 26
 "c-express-count" 25
 "d-color-count" 21
 "d-express-count" 18
 "cell-count" 56
 15 -3 0 272
 15 4 2 34
 15 3 -2 141
 15 -3 -1 312
 15 -2 -3 103
 15 3 -1 75
 15 3 1 272
 15 0 -3 175
 15 -1 3 165
 15 -1 -3 171
 105 3 3 102
 105 -4 1 277
 15 -1 -4 90
 105 3 -3 279
 15 0 -4 0
 15 1 -3 20
 105 -3 -3 340
 105 -3 2 322
 15 2 2 230
 15 4 -1 43
 15 -2 -2 220
 15 2 1 5
 105 -4 -1 251
 15 -3 3 50
 105 1 4 161
 15 1 3 166
 15 -2 2 181
 15 -2 0 325
 55 4 1 265
 55 3 0 227
 5 -2 3 128
 55 -1 1 44
 55 2 -1 261
 55 0 -1 262
 55 4 0 188
 55 1 0 73
 55 2 0 273
 55 -1 -1 16
 55 0 3 253
 5 3 2 284
 55 0 0 181
 55 0 -2 165
 55 1 -2 144
 55 1 2 273
 55 2 -3 217
 55 0 2 274
 55 2 -2 95
 55 1 1 131
 55 0 4 295
 55 -3 1 253
 55 -2 1 328
 55 0 1 207
 55 -1 0 171
 55 1 -1 104
 55 -1 -2 141
 55 -1 2 252
 "contig-ratio-green-core" 1
 "contig-ratio-red-core" 0.8888888888888888
