 "a-count" 9
 "b-count" 7
 "c-color-count" 24
 "c-express-count" 21
 "d-color-count" 20
 "d-express-count" 19
 "cell-count" 56
 105 3 3 27
 105 3 0 292
 15 0 -4 83
 15 -2 3 107
 15 -1 4 270
 15 -2 2 30
 15 -1 -3 264
 105 2 -3 249
 15 3 2 355
 15 -2 -2 26
 15 1 4 308
 105 1 -3 230
 15 -1 2 352
 105 -1 -4 262
 15 1 3 295
 15 -3 -2 87
 105 2 2 262
 15 -4 1 76
 105 2 1 86
 15 3 -1 244
 15 -1 3 185
 15 2 -1 20
 15 1 2 181
 15 -4 -2 145
 105 -3 -3 251
 15 4 -1 260
 15 -3 1 167
 15 1 1 4
 5 2 3 287
 55 -2 -3 305
 55 0 0 24
 5 -1 0 202
 55 1 -2 5
 55 -1 1 163
 55 -1 -2 210
 55 -1 -1 339
 55 -4 0 302
 55 1 0 233
 55 -3 3 147
 55 -2 1 48
 5 2 0 145
 55 -4 -1 311
 55 -3 0 81
 55 0 -1 162
 55 0 4 114
 55 -2 -1 57
 55 0 2 38
 55 1 -1 170
 5 -3 2 86
 55 -3 -1 52
 55 0 3 148
 55 4 1 239
 55 3 -2 252
 55 0 -3 66
 55 0 1 10
 55 0 -2 162
 "contig-ratio-green-core" 1
 "contig-ratio-red-core" 0.9473684210526315
 "a-count" 8
 "b-count" 6
 "c-color-count" 24
 "c-express-count" 22
 "d-color-count" 20
 "d-express-count" 20
 "cell-count" 56
 15 -2 -2 50
 105 4 0 321
 105 2 3 20
 15 3 3 75
 15 1 2 125
 15 3 0 16
 15 -1 -2 81
 105 -2 3 333
 105 3 -1 145
 15 -1 3 85
 15 1 -3 13
 15 -3 2 344
 15 1 -4 330
 105 -4 1 271
 15 3 1 249
 105 4 1 239
 105 -2 -3 175
 15 0 -4 317
 15 -4 0 94
 15 -3 1 132
 105 1 3 213
 15 2 -2 70
 15 2 -1 183
 15 -3 0 177
 15 2 2 354
 15 -1 -3 297
 15 -2 2 326
 15 -3 -1 257
 55 -2 -1 55
 55 2 1 200
 5 1 -5 146
 55 3 -2 192
 55 0 0 277
 55 1 -2 345
 55 -1 2 145
 55 2 0 258
 5 -4 -1 255
 55 4 -1 30
 55 -3 -2 141
 55 3 2 247
 55 0 -2 290
 55 0 1 69
 55 0 -3 258
 55 0 -1 51
 55 -1 1 152
 55 -1 -1 46
 55 0 4 125
 55 0 2 237
 5 -1 4 279
 55 1 -1 39
 55 -2 0 132
 55 1 0 80
 5 2 -3 204
 55 -2 1 48
 55 0 3 131
 55 1 1 237
 "contig-ratio-green-core" 1.0714285714285714
 "contig-ratio-red-core" 0.85
 "a-count" 10
 "b-count" 3
 "c-color-count" 26
 "c-express-count" 25
 "d-color-count" 21
 "d-express-count" 18
 "cell-count" 56
 15 3 -1 180
 105 -4 -1 50
 15 2 -2 293
 15 -3 1 15
 15 -3 -2 104
 15 -3 -1 132
 15 2 -3 298
 15 -1 3 359
 15 3 0 304
 105 4 -1 282
 15 0 3 259
 105 0 4 277
 15 -3 2 185
 15 0 -4 294
 15 1 4 160
 105 3 -2 61
 15 1 -4 225
 15 -2 2 238
 15 -1 -3 5
 15 -2 -2 102
 15 4 1 145
 105 3 2 39
 15 -1 2 136
 15 -2 -1 77
 15 -4 0 260
 15 -1 -4 123
 105 4 0 234
 105 -3 3 218
 55 0 -1 265
 55 0 1 344
 55 -1 0 322
 55 2 0 55
 55 0 2 123
 55 3 1 152
 55 1 -3 65
 55 -1 -1 307
 55 1 1 184
 55 2 1 277
 55 -3 -3 113
 55 1 -2 43
 55 0 -3 32
 55 -1 -2 339
 5 3 3 33
 55 1 0 345
 55 0 0 127
 55 -3 0 61
 55 2 2 294
 55 -1 1 118
 55 2 -1 353
 55 -2 0 178
 55 -2 1 211
 55 -1 4 21
 55 1 2 45
 5 0 -2 31
 55 1 3 239
 55 1 -1 322
 "contig-ratio-green-core" 1.1333333333333333
 "contig-ratio-red-core" 0.8421052631578947
 "a-count" 6
 "b-count" 6
 "c-color-count" 22
 "c-express-count" 22
 "d-color-count" 22
 "d-express-count" 22
 "cell-count" 56
 15 2 3 42
 105 3 -2 11
 15 -3 1 68
 15 -3 -1 239
 15 3 0 268
 105 2 -3 172
 15 -1 -3 271
 105 2 -2 74
 15 2 2 115
 15 2 -1 203
 15 2 0 199
 15 -1 1 43
 15 -1 -4 197
 15 1 3 257
 105 3 -1 299
 15 -1 2 115
 15 -2 3 68
 15 -2 2 158
 15 -2 1 156
 15 2 1 252
 15 -2 -2 287
 15 -1 -2 151
 105 1 -4 321
 105 3 1 232
 15 -1 3 278
 15 4 -1 201
 15 3 2 1
 15 4 2 26
 5 -4 1 204
 55 -3 0 134
 55 1 -1 144
 55 1 -3 312
 55 0 1 10
 55 1 0 45
 5 1 4 280
 55 0 4 270
 55 0 3 284
 55 0 -2 83
 55 -2 0 310
 55 0 0 298
 55 -1 0 54
 55 1 1 106
 55 0 2 103
 55 0 -1 232
 55 4 1 195
 55 0 -3 42
 55 -2 -1 166
 55 1 2 273
 5 3 3 160
 5 -4 -1 98
 5 -3 -2 266
 55 1 -2 152
 55 4 0 115
 55 0 -4 35
 55 -1 -1 50
 5 -3 3 213
 "contig-ratio-green-core" 0.8947368421052632
 "contig-ratio-red-core" 0.8
