 "a-count" 4
 "b-count" 6
 "c-color-count" 22
 "c-express-count" 22
 "d-color-count" 24
 "d-express-count" 24
 "cell-count" 56
 15 1 1 223
 105 -3 -3 265
 15 -2 2 42
 15 2 -2 288
 15 -3 -1 2
 15 -3 1 311
 15 2 -3 43
 15 2 1 173
 15 -3 0 109
 15 3 2 245
 15 1 4 186
 15 1 -4 350
 15 -1 -3 167
 15 2 -1 236
 15 -2 1 187
 15 1 2 200
 105 -3 2 247
 105 -4 -1 146
 15 4 -1 174
 15 1 3 247
 15 2 2 340
 15 4 1 240
 15 4 -2 310
 105 2 3 266
 15 -2 3 346
 15 -1 -2 214
 15 0 -4 135
 15 -2 -2 15
 55 0 1 80
 55 0 -3 191
 55 3 1 89
 55 0 -1 100
 55 1 -2 95
 55 0 4 314
 55 1 -3 80
 5 -2 -3 309
 55 4 0 142
 55 0 0 83
 55 -2 0 12
 5 -4 0 67
 55 -1 -1 183
 55 -1 1 39
 55 0 2 143
 55 -1 3 285
 55 1 0 195
 5 3 0 70
 55 0 -2 50
 5 3 -1 17
 5 -1 4 314
 5 -3 3 327
 55 2 0 194
 55 -4 1 356
 55 1 -1 307
 55 -2 -1 270
 55 0 3 113
 55 -1 2 44
 "contig-ratio-green-core" 1.1578947368421053
 "contig-ratio-red-core" 0.95
 "a-count" 9
 "b-count" 6
 "c-color-count" 22
 "c-express-count" 22
 "d-color-count" 19
 "d-express-count" 19
 "cell-count" 56
 105 3 -1 352
 105 -1 4 129
 15 3 0 213
 15 3 -3 28
 105 4 1 32
 15 3 2 93
 15 1 4 197
 15 -1 -3 348
 105 2 -3 277
 105 -1 -4 5
 15 -1 2 126
 15 1 3 43
 15 -2 -1 69
 15 -1 -2 168
 15 2 -1 17
 15 -2 2 263
 15 -2 1 289
 15 1 -2 6
 15 3 1 190
 15 4 0 95
 105 -3 2 113
 15 -3 1 106
 105 -3 3 10
 15 -1 3 232
 15 -4 -1 40
 105 4 -1 311
 105 -3 -1 347
 15 1 -3 343
 55 -2 0 295
 55 0 2 265
 55 0 4 225
 5 2 3 166
 5 3 -2 346
 55 -1 -1 164
 55 -3 0 287
 55 2 0 148
 55 0 3 44
 55 -1 0 1
 5 2 -2 347
 5 1 -4 15
 55 1 -1 101
 55 -4 0 293
 55 0 0 129
 55 2 2 91
 55 1 1 126
 5 -3 -2 28
 55 1 0 40
 55 0 1 299
 55 0 -2 160
 5 3 3 342
 55 0 -1 146
 55 -1 1 128
 55 2 1 186
 55 1 2 160
 55 0 -3 206
 55 0 -4 306
 "contig-ratio-green-core" 1.0909090909090908
 "contig-ratio-red-core" 0.8823529411764706
 "a-count" 9
 "b-count" 2
 "c-color-count" 27
 "c-express-count" 26
 "d-color-count" 20
 "d-express-count" 19
 "cell-count" 56
 15 4 0 141
 105 4 -1 125
 105 -2 3 140
 15 -2 1 148
 15 -1 -2 238
 15 2 -1 351
 105 3 3 83
 15 0 -4 244
 105 -3 -3 54
 15 -1 -3 120
 15 0 -3 341
 105 -1 4 322
 15 2 3 16
 15 3 -1 128
 105 -1 -4 11
 15 -1 2 128
 105 1 4 202
 15 1 -3 30
 15 3 2 126
 15 -3 2 132
 15 -4 1 219
 105 -3 3 286
 15 1 -2 175
 15 -1 1 99
 15 3 -3 114
 15 -1 3 231
 15 -4 -1 135
 15 -3 -2 239
 55 -1 -1 26
 55 1 1 338
 55 3 0 350
 55 -2 0 225
 55 2 2 31
 55 -2 -1 65
 55 -3 0 232
 55 0 0 211
 55 0 3 95
 55 0 -2 112
 55 0 1 18
 55 1 2 337
 55 1 3 248
 55 -4 0 154
 55 -3 -1 325
 55 0 -1 56
 55 1 -1 158
 55 -3 1 323
 55 2 -3 295
 55 -1 0 141
 55 3 1 43
 55 2 -2 17
 55 1 0 286
 55 -2 -3 353
 55 2 1 74
 55 0 2 354
 55 2 0 335
 5 0 4 118
 "contig-ratio-green-core" 0.9473684210526315
 "contig-ratio-red-core" 1.1333333333333333
 "a-count" 8
 "b-count" 4
 "c-color-count" 25
 "c-express-count" 24
 "d-color-count" 20
 "d-express-count" 20
 "cell-count" 56
 15 -2 -2 290
 15 -1 -2 277
 15 -1 4 41
 15 -1 -1 312
 15 0 -3 235
 15 -2 2 23
 15 1 4 303
 105 -3 -2 6
 105 -2 3 247
 105 -3 -3 114
 15 0 -4 42
 15 -3 -1 160
 105 -1 -4 128
 15 2 -2 230
 15 1 -3 126
 105 -3 3 99
 15 3 -1 165
 105 1 -4 29
 15 -4 0 211
 15 4 0 215
 15 -1 3 2
 15 2 3 0
 15 -2 -1 230
 105 3 3 165
 15 -1 -3 79
 105 4 -1 174
 15 -1 2 228
 15 3 2 172
 55 1 -2 293
 55 2 2 136
 55 2 0 73
 5 4 1 244
 55 -1 1 266
 55 0 2 33
 55 3 0 98
 55 -1 0 152
 55 1 1 216
 55 1 3 311
 5 3 -2 113
 55 1 0 37
 55 0 -2 203
 55 2 -1 344
 55 1 -1 272
 55 1 2 47
 55 0 4 168
 55 0 0 302
 55 0 -1 271
 55 -2 0 148
 55 -2 1 289
 55 0 3 181
 55 3 1 34
 55 -3 2 202
 55 0 1 2
 5 -4 1 345
 55 2 1 110
 55 -3 0 100
 "contig-ratio-green-core" 1.0625
 "contig-ratio-red-core" 1
