 "a-count" 12
 "b-count" 1
 "c-color-count" 28
 "c-express-count" 27
 "d-color-count" 17
 "d-express-count" 16
 "cell-count" 56
 15 2 -1 350
 15 1 3 130
 105 3 3 67
 105 4 -1 181
 15 -4 0 314
 15 -1 -3 326
 105 -1 4 143
 15 3 0 166
 105 2 -3 276
 15 1 -4 270
 105 -3 -2 7
 105 -3 3 124
 15 -1 3 287
 15 2 -2 187
 15 -2 2 157
 15 -1 -4 271
 105 -4 -1 341
 105 4 0 231
 15 -3 1 111
 105 -4 1 224
 15 -3 -1 65
 105 3 -3 119
 15 3 2 61
 15 -2 -2 296
 15 1 -3 88
 15 4 1 49
 15 2 3 169
 105 -2 -3 315
 55 -1 2 27
 55 0 2 86
 55 -1 -2 58
 55 -2 3 162
 55 0 0 13
 55 1 -2 230
 55 -2 1 78
 55 1 0 238
 55 1 2 153
 55 -3 -3 307
 55 0 -1 46
 55 -1 -1 212
 55 2 2 330
 55 0 -4 215
 55 -2 0 176
 55 1 1 276
 55 0 1 294
 55 0 -3 338
 55 2 1 351
 55 -1 0 143
 55 -1 1 288
 55 0 3 162
 55 3 1 18
 55 1 -1 178
 55 2 0 273
 55 -2 -1 252
 55 -3 0 337
 55 0 -2 74
 "contig-ratio-green-core" 1.3076923076923077
 "contig-ratio-red-core" 1.1538461538461537
 "a-count" 8
 "b-count" 5
 "c-color-count" 24
 "c-express-count" 23
 "d-color-count" 20
 "d-express-count" 20
 "cell-count" 56
 15 -3 0 57
 105 2 -3 283
 15 -2 -2 252
 15 2 3 318
 15 -3 -2 219
 15 3 0 297
 15 -1 -4 107
 105 -2 -3 262
 105 -3 -3 170
 15 3 1 148
 105 3 -2 349
 15 -2 3 13
 105 0 -4 245
 15 -3 3 308
 15 2 -2 208
 15 4 0 199
 15 2 0 297
 15 3 -1 252
 15 -3 1 135
 105 1 -4 77
 15 1 -3 58
 15 2 -1 288
 105 -4 -1 276
 15 -3 2 185
 15 3 -3 267
 15 -2 4 91
 15 -1 5 174
 105 3 2 175
 5 0 4 214
 55 2 2 159
 55 1 -2 101
 55 1 2 254
 55 -2 2 164
 55 0 0 233
 55 -1 2 39
 55 -3 -1 107
 5 0 -2 205
 5 -1 -2 153
 55 2 1 153
 55 -1 0 348
 55 0 -1 336
 55 -2 -1 26
 55 -1 -3 83
 55 -1 1 24
 55 -1 4 29
 55 0 -3 155
 55 1 3 289
 55 1 1 95
 55 -2 0 293
 55 1 -1 114
 55 0 1 79
 55 -1 -1 164
 55 1 0 67
 55 -2 1 140
 5 3 3 320
 55 -4 1 40
 "contig-ratio-green-core" 0.8823529411764706
 "contig-ratio-red-core" 0.7857142857142857
 "a-count" 13
 "b-count" 4
 "c-color-count" 25
 "c-express-count" 24
 "d-color-count" 17
 "d-express-count" 15
 "cell-count" 56
 15 -2 2 53
 15 -2 -2 101
 105 2 -3 88
 105 3 3 53
 15 1 2 214
 15 2 3 298
 15 -1 -2 266
 15 0 3 277
 15 -4 0 158
 105 1 -3 130
 105 3 -1 325
 15 2 2 141
 15 -4 1 232
 15 -3 -3 162
 15 4 -1 115
 15 3 0 65
 15 -3 2 340
 105 1 -4 89
 15 -1 3 156
 15 1 -2 356
 105 3 -2 168
 105 4 0 280
 105 -2 -3 186
 15 2 -1 282
 105 0 -4 14
 105 1 4 124
 15 -1 -3 169
 105 -1 4 157
 55 -2 1 300
 5 1 3 259
 55 -1 2 304
 55 1 1 220
 55 2 0 41
 55 -1 -1 186
 55 0 0 191
 55 2 1 253
 55 -3 1 306
 55 1 -1 210
 55 0 -1 38
 55 0 -2 206
 55 -1 0 196
 55 3 1 89
 55 0 1 352
 5 3 2 209
 55 1 0 300
 55 0 -3 230
 55 -3 -2 356
 55 -2 0 16
 55 -1 1 172
 55 -2 -1 264
 55 -3 -1 10
 55 4 1 107
 55 2 -2 335
 55 0 2 177
 55 -3 0 126
 5 -3 3 227
 "contig-ratio-green-core" 0.9375
 "contig-ratio-red-core" 0.9411764705882353
 "a-count" 6
 "b-count" 6
 "c-color-count" 24
 "c-express-count" 22
 "d-color-count" 22
 "d-express-count" 22
 "cell-count" 56
 15 -3 1 261
 15 2 2 267
 15 3 0 330
 105 2 -4 352
 15 1 -4 228
 15 -1 2 92
 15 -4 0 260
 105 -4 1 81
 15 -1 -3 172
 105 -1 -4 196
 15 3 -2 211
 105 2 3 93
 15 1 3 202
 15 3 1 44
 105 -3 3 231
 15 4 0 182
 15 -3 -1 281
 15 -1 1 162
 15 3 -1 34
 15 -2 1 257
 15 1 4 29
 15 -3 -2 246
 15 -1 3 232
 105 4 -1 144
 15 4 1 124
 15 0 -3 300
 15 1 2 356
 15 1 -3 79
 55 2 -3 323
 55 0 -4 240
 55 0 -1 271
 5 -1 -2 85
 55 -2 -3 112
 55 0 3 39
 55 0 4 10
 55 2 1 230
 55 2 -1 43
 55 1 1 153
 55 -2 0 17
 5 -1 4 170
 55 -3 2 331
 55 -3 0 191
 55 -2 -1 135
 55 1 0 358
 55 1 -1 135
 55 2 0 118
 55 1 -2 191
 5 3 -3 255
 55 0 0 165
 55 0 1 191
 5 3 3 158
 55 2 -2 260
 55 -1 0 79
 55 -2 3 228
 55 0 2 93
 55 0 -2 252
 "contig-ratio-green-core" 1
 "contig-ratio-red-core" 0.9444444444444444
