 "a-count" 8
 "b-count" 1
 "c-color-count" 27
 "c-express-count" 27
 "d-color-count" 20
 "d-express-count" 20
 "cell-count" 56
 15 2 -2 147
 15 2 1 226
 105 2 -3 110
 15 -1 4 85
 15 1 -2 229
 105 3 -3 201
 15 3 3 282
 15 1 4 78
 105 0 -4 86
 15 -2 3 298
 15 -3 -1 216
 105 -1 -4 24
 15 -3 -2 41
 15 -4 1 305
 105 1 -4 281
 105 4 -1 209
 15 -4 -1 47
 105 3 0 231
 15 0 -3 340
 105 2 3 322
 15 2 2 261
 15 3 -1 42
 15 -4 0 28
 15 1 3 153
 15 -3 2 115
 15 -1 3 266
 15 1 2 251
 15 3 1 220
 5 3 -2 30
 55 -2 -2 89
 55 2 0 149
 55 0 -1 101
 55 3 2 58
 55 1 0 58
 55 -2 1 72
 55 1 -1 242
 55 -2 0 78
 55 0 3 353
 55 -1 1 145
 55 -2 1 180
 55 0 4 85
 55 -2 -1 18
 55 -1 0 122
 55 0 1 20
 55 -1 -1 50
 55 0 2 119
 55 0 -2 152
 55 -1 1 245
 55 -3 1 254
 55 -2 2 183
 55 -3 1 158
 55 2 -1 92
 55 -1 2 353
 55 1 1 305
 55 -1 -2 115
 55 -3 0 29
 "contig-ratio-green-core" 0.7894736842105263
 "contig-ratio-red-core" 0.8888888888888888
 "a-count" 8
 "b-count" 4
 "c-color-count" 25
 "c-express-count" 24
 "d-color-count" 20
 "d-express-count" 20
 "cell-count" 56
 15 4 0 28
 105 1 4 114
 15 2 -2 34
 105 3 -2 253
 15 -1 -1 194
 15 0 -4 85
 15 1 3 159
 15 3 2 75
 15 -1 -3 267
 105 -2 -2 187
 105 2 3 304
 15 -1 3 240
 15 -2 -1 313
 15 -2 2 343
 15 1 -3 353
 105 -1 -4 239
 15 -4 -1 224
 105 -1 4 187
 15 0 4 154
 15 -3 3 351
 15 3 -1 236
 105 -4 1 228
 15 -3 -1 253
 15 -3 1 171
 15 -1 -2 15
 15 0 3 199
 15 4 1 3
 105 -2 -3 18
 5 2 -3 163
 55 3 1 77
 55 2 -1 88
 55 2 0 32
 55 0 2 192
 55 3 0 19
 55 -1 2 195
 55 1 -2 173
 55 1 1 205
 55 3 -3 310
 55 0 -3 85
 55 -1 0 309
 55 -3 -2 315
 55 1 -1 11
 55 -2 1 214
 55 1 2 145
 55 0 1 137
 5 4 -1 97
 55 2 2 29
 55 0 -1 120
 55 0 -2 122
 55 -1 1 257
 5 -2 3 22
 55 1 0 31
 55 -3 0 251
 55 0 0 94
 55 2 1 69
 55 -2 0 212
 "contig-ratio-green-core" 1.0625
 "contig-ratio-red-core" 0.9333333333333333
 "a-count" 9
 "b-count" 3
 "c-color-count" 25
 "c-express-count" 25
 "d-color-count" 21
 "d-express-count" 19
 "cell-count" 56
 105 3 -2 202
 15 -4 -1 35
 15 2 2 182
 105 -3 3 330
 15 2 -3 345
 105 -2 -3 330
 105 -1 -4 35
 15 2 -1 316
 15 0 -4 6
 15 -4 0 132
 15 1 3 85
 15 1 4 216
 15 -3 -1 143
 105 -3 1 225
 15 -2 -2 66
 15 -1 -3 142
 15 -2 1 213
 15 4 1 101
 15 -3 -3 147
 15 -3 0 57
 15 -2 3 248
 105 2 3 310
 105 4 0 14
 15 -2 2 266
 15 2 0 203
 15 2 -2 211
 15 -1 4 181
 15 -3 2 260
 55 1 2 275
 55 -1 2 221
 55 0 -3 177
 55 -1 3 74
 5 3 0 23
 55 -1 -1 195
 55 1 0 33
 55 1 -3 235
 55 0 -1 359
 55 0 2 23
 55 3 2 235
 55 0 0 160
 55 -2 -1 253
 55 0 4 342
 55 2 1 113
 55 -1 0 355
 55 3 1 12
 55 0 3 78
 55 0 1 0
 55 1 -1 64
 55 -2 0 39
 55 -1 1 257
 5 -4 1 229
 55 -1 -2 144
 55 0 -2 293
 5 4 -1 303
 55 1 -2 270
 55 1 1 70
 "contig-ratio-green-core" 1.0625
 "contig-ratio-red-core" 0.8421052631578947
 "a-count" 10
 "b-count" 4
 "c-color-count" 25
 "c-express-count" 24
 "d-color-count" 18
 "d-express-count" 18
 "cell-count" 56
 105 4 0 165
 105 3 -3 259
 15 0 -4 207
 15 -1 -2 97
 15 1 3 77
 15 -1 3 301
 15 2 2 294
 105 -4 0 88
 15 2 -2 145
 15 -3 0 132
 15 -1 -3 81
 15 -2 1 357
 15 -4 1 185
 15 -3 -3 125
 105 -3 1 136
 15 -2 -3 147
 105 -2 2 237
 105 2 3 81
 105 1 4 219
 15 -2 -2 192
 15 1 -4 182
 105 3 3 230
 105 -3 2 268
 15 -1 2 156
 15 3 1 71
 15 -1 1 217
 15 3 0 279
 105 3 -2 61
 55 1 -3 114
 55 1 2 184
 55 -4 -1 325
 55 2 1 122
 55 1 0 15
 55 0 4 2
 55 -1 -1 156
 55 -3 -2 100
 55 -2 -1 40
 55 0 -3 291
 55 1 -1 186
 55 0 -2 232
 55 0 3 316
 55 1 -2 253
 55 -2 0 110
 55 0 0 8
 55 3 2 337
 55 0 1 355
 5 3 -1 79
 55 -1 0 110
 55 2 -1 305
 5 -2 3 57
 55 1 1 52
 5 -1 4 245
 55 -3 -1 242
 55 0 -1 148
 55 0 2 280
 55 2 0 27
 "contig-ratio-green-core" 0.8333333333333334
 "contig-ratio-red-core" 1
