 "a-count" 11
 "b-count" 3
 "c-color-count" 26
 "c-express-count" 25
 "d-color-count" 18
 "d-express-count" 17
 "cell-count" 56
 105 -4 0 230
 105 -1 -4 139
 15 2 3 221
 15 2 -2 26
 105 -4 -1 62
 15 -1 -2 242
 15 -2 2 46
 15 -3 -1 358
 15 4 2 279
 15 -1 -3 214
 15 3 -2 253
 15 1 -4 135
 105 -3 2 97
 15 -1 -1 227
 105 1 -5 8
 15 3 2 358
 15 3 -1 136
 105 4 -1 352
 15 4 0 354
 105 1 4 217
 105 -3 3 86
 105 -1 4 321
 105 -2 -3 9
 15 1 -3 284
 15 0 4 160
 15 1 3 235
 15 -4 1 242
 15 4 1 208
 55 1 -2 31
 55 -1 2 311
 55 2 -1 260
 55 0 1 158
 55 -3 1 190
 55 1 2 170
 55 -1 1 52
 55 2 2 65
 55 1 0 209
 55 2 1 215
 55 -3 0 97
 55 0 -3 44
 5 3 3 181
 55 0 3 78
 55 -2 1 87
 55 0 2 309
 55 0 -2 125
 5 -2 -1 293
 55 3 1 253
 55 2 0 238
 55 0 0 209
 55 -3 -3 34
 55 0 -4 57
 55 -1 0 259
 55 3 0 59
 55 0 -1 331
 55 1 -1 270
 55 1 1 43
 "contig-ratio-green-core" 1.0714285714285714
 "contig-ratio-red-core" 1.0769230769230769
 "a-count" 9
 "b-count" 3
 "c-color-count" 25
 "c-express-count" 25
 "d-color-count" 20
 "d-express-count" 19
 "cell-count" 56
 105 -3 2 34
 15 -2 -3 219
 105 -1 4 84
 105 0 4 116
 15 0 3 195
 15 -4 -1 176
 15 1 -2 303
 15 2 4 317
 105 2 -3 248
 15 2 -2 292
 15 -3 3 68
 15 3 -1 261
 15 -2 2 259
 15 1 4 169
 105 1 -3 125
 15 -1 -3 209
 15 3 3 98
 105 -2 3 107
 15 -2 -1 36
 105 -3 1 283
 15 4 -1 32
 15 -2 -2 280
 15 -3 -1 262
 15 -2 1 7
 15 -1 3 51
 15 3 2 119
 15 0 -3 18
 105 -4 1 31
 5 0 -4 254
 55 0 -1 295
 55 1 1 150
 55 1 3 23
 55 3 1 173
 55 2 0 96
 55 0 -2 263
 55 -3 0 220
 55 1 0 27
 55 1 2 322
 55 3 0 110
 55 2 -1 169
 5 -3 -2 296
 55 -1 2 210
 55 -1 1 268
 55 2 3 226
 55 2 1 62
 55 4 0 298
 55 -2 0 359
 55 -1 0 87
 55 2 2 162
 55 0 1 356
 5 -4 0 189
 55 -1 -1 159
 55 0 0 274
 55 1 -1 189
 55 0 2 242
 55 -1 -2 70
 "contig-ratio-green-core" 1.1428571428571428
 "contig-ratio-red-core" 0.9333333333333333
 "a-count" 11
 "b-count" 3
 "c-color-count" 25
 "c-express-count" 25
 "d-color-count" 19
 "d-express-count" 17
 "cell-count" 56
 15 -1 3 116
 15 -2 1 105
 15 0 -4 178
 15 2 3 194
 105 -1 -4 214
 105 3 -3 338
 15 0 5 261
 105 -4 1 14
 105 2 3 359
 105 3 3 148
 105 -3 -2 103
 15 -1 -3 250
 15 1 4 198
 15 -1 4 145
 15 -3 -1 332
 105 1 -4 151
 15 4 -1 163
 15 -3 -3 93
 105 3 -2 278
 15 1 -1 289
 15 2 -1 137
 15 1 4 97
 15 -2 0 234
 15 2 2 85
 105 1 -2 25
 15 -2 -1 254
 15 -3 2 94
 15 3 -1 70
 55 0 -3 221
 55 0 4 265
 55 2 0 25
 55 2 1 343
 55 0 0 274
 55 -2 2 31
 55 4 1 44
 55 -3 0 329
 55 1 1 353
 5 -4 -1 100
 55 -1 -1 303
 55 1 3 166
 55 4 0 267
 55 0 -1 35
 55 0 -2 190
 55 3 0 294
 5 3 2 199
 55 1 2 159
 55 1 0 160
 55 -1 1 141
 55 -2 -3 144
 55 0 1 145
 55 -1 2 111
 55 -1 0 306
 55 0 2 300
 55 0 3 18
 5 -3 1 225
 55 3 1 52
 "contig-ratio-green-core" 1
 "contig-ratio-red-core" 1.3333333333333333
