 "a-count" 8
 "b-count" 5
 "c-color-count" 23
 "c-express-count" 23
 "d-color-count" 20
 "d-express-count" 20
 "cell-count" 56
 15 1 3 344
 105 -3 1 159
 15 0 -4 226
 15 -2 1 302
 105 -3 2 330
 15 2 -1 272
 105 -1 4 320
 15 -2 2 212
 15 2 3 229
 105 4 1 166
 15 -1 -2 297
 15 3 2 32
 15 1 -3 135
 15 -1 2 120
 15 3 3 88
 105 1 -4 145
 15 3 -1 130
 15 0 4 293
 15 3 4 47
 105 -4 1 51
 15 -3 -1 154
 15 -3 0 324
 15 -2 -2 50
 15 2 -2 12
 105 3 -3 208
 15 -1 3 43
 105 2 -3 241
 15 -4 0 281
 55 -1 1 257
 55 1 -1 188
 55 -2 0 10
 55 2 1 129
 55 4 -1 339
 55 0 0 304
 5 -4 -1 113
 55 1 2 358
 55 0 3 179
 55 0 2 323
 55 -1 0 54
 55 3 0 354
 55 3 1 166
 55 0 -1 344
 55 -2 -1 354
 5 4 0 15
 55 1 1 333
 55 1 0 221
 55 2 2 172
 5 -3 3 212
 55 0 -2 76
 55 1 -2 206
 55 2 0 60
 5 -2 -3 238
 5 -1 -3 337
 55 -1 -1 136
 55 0 -3 113
 55 0 1 236
 "contig-ratio-green-core" 1
 "contig-ratio-red-core" 0.9411764705882353
 "a-count" 7
 "b-count" 6
 "c-color-count" 23
 "c-express-count" 22
 "d-color-count" 22
 "d-express-count" 21
 "cell-count" 56
 15 -4 1 303
 15 1 2 258
 15 3 2 345
 15 -1 -3 32
 15 2 2 41
 15 4 1 95
 15 -2 -3 338
 15 -1 -4 58
 15 -3 -3 43
 15 -1 3 82
 105 -2 3 236
 15 -1 1 124
 15 0 2 183
 15 2 -1 232
 105 -1 2 109
 15 1 -2 9
 105 -3 0 334
 105 3 -3 0
 15 -4 -1 193
 15 -2 -2 322
 15 3 1 238
 15 1 -3 270
 105 4 -1 208
 105 -2 -1 328
 15 3 3 116
 15 -3 1 114
 15 1 -3 176
 15 -3 -2 270
 55 0 -1 46
 5 -2 1 359
 55 2 1 20
 55 0 3 73
 55 -2 0 83
 55 -1 -1 291
 5 0 -4 181
 55 -1 -1 209
 55 -1 0 224
 5 3 0 77
 55 0 -3 226
 55 0 -2 313
 55 1 -1 188
 55 -1 -2 321
 5 3 -2 51
 55 1 0 8
 55 1 1 108
 5 3 -1 183
 55 -1 -2 77
 55 -3 -1 208
 55 0 0 69
 55 -1 0 47
 55 2 0 352
 55 2 3 105
 55 -1 -3 309
 55 0 1 18
 55 -3 2 4
 55 -3 3 258
 "contig-ratio-green-core" 0.75
 "contig-ratio-red-core" 0.875
 "a-count" 7
 "b-count" 1
 "c-color-count" 27
 "c-express-count" 27
 "d-color-count" 23
 "d-express-count" 21
 "cell-count" 56
 15 4 0 201
 15 3 -1 210
 105 -2 4 50
 105 2 3 326
 15 -3 3 157
 15 -3 -1 97
 15 -3 -2 171
 15 -4 1 21
 15 -4 0 328
 15 1 4 127
 15 2 -3 27
 15 1 -3 350
 15 -4 -1 51
 15 0 -4 207
 105 -2 3 201
 15 2 -2 19
 15 3 2 132
 15 -1 3 62
 15 -2 2 337
 15 2 -1 214
 105 1 -4 163
 15 2 2 238
 15 1 3 265
 15 3 -2 23
 15 -3 1 303
 105 -1 4 1
 15 -3 2 142
 15 1 -2 355
 55 0 4 312
 55 2 1 281
 55 -1 -3 29
 55 0 -3 165
 55 -2 1 340
 55 -1 -1 67
 55 0 3 134
 55 3 0 342
 55 2 0 140
 55 1 1 40
 55 3 1 359
 55 1 -1 276
 55 0 -1 280
 55 -1 0 22
 55 0 1 100
 55 3 -3 84
 55 -3 0 301
 55 0 -2 86
 55 0 0 73
 55 1 0 262
 55 0 2 113
 55 -1 2 252
 55 -1 1 172
 55 -2 -1 218
 55 -2 -3 116
 55 -2 0 325
 55 1 2 170
 5 4 -1 167
 "contig-ratio-green-core" 1.0714285714285714
 "contig-ratio-red-core" 0.75
 "a-count" 8
 "b-count" 4
 "c-color-count" 24
 "c-express-count" 24
 "d-color-count" 20
 "d-express-count" 20
 "cell-count" 56
 105 2 3 78
 15 -2 -1 181
 15 3 2 293
 15 2 -2 17
 15 -3 -1 222
 15 2 2 14
 15 -2 -3 41
 105 -2 3 121
 15 4 1 128
 15 -1 3 40
 15 4 -1 50
 105 -3 -2 71
 15 1 3 340
 15 3 0 5
 105 -1 -4 268
 15 -1 -2 292
 15 -4 0 20
 105 3 -2 34
 105 -3 3 218
 15 0 -3 95
 105 3 3 309
 15 -3 1 179
 15 0 4 351
 15 -3 2 328
 15 -1 4 28
 105 1 4 244
 15 3 -1 47
 15 1 -3 131
 55 -1 -1 234
 55 0 3 273
 5 -1 -3 116
 5 3 -3 349
 55 1 0 205
 55 0 -1 35
 55 3 1 197
 55 2 -1 308
 55 1 -4 252
 55 0 2 203
 55 -2 0 286
 55 -2 2 6
 55 -1 1 35
 5 -4 -1 138
 5 -4 1 287
 55 2 1 173
 55 -1 0 7
 55 0 1 128
 55 1 -2 327
 55 1 -1 196
 55 0 0 11
 55 2 0 20
 55 1 1 259
 55 -2 1 52
 55 1 2 171
 55 -3 0 337
 55 0 -2 163
 55 -1 2 152
 "contig-ratio-green-core" 1.2142857142857142
 "contig-ratio-red-core" 1
