 "a-count" 2
 "b-count" 9
 "c-color-count" 19
 "c-express-count" 19
 "d-color-count" 26
 "d-express-count" 26
 "cell-count" 56
 15 -4 0 58
 15 -2 1 207
 105 3 -2 296
 15 0 -3 203
 15 0 4 152
 15 1 4 266
 15 0 -2 239
 15 1 -1 162
 15 0 -1 2
 105 -4 1 292
 15 4 0 170
 15 -2 -1 68
 15 1 -3 194
 15 -3 2 313
 15 1 -2 207
 15 2 0 82
 15 -3 1 59
 15 3 1 294
 15 -3 3 275
 15 -1 -2 356
 15 -1 -1 240
 15 2 -1 3
 15 3 0 42
 15 -3 0 72
 15 3 2 15
 15 0 -4 286
 15 -2 0 270
 15 -2 -2 271
 55 0 1 347
 55 0 0 95
 55 -1 3 359
 5 2 -3 196
 55 0 2 305
 55 -2 -3 38
 55 1 1 175
 5 -2 3 190
 55 -3 -2 332
 5 -3 -1 264
 55 -1 2 158
 55 -1 0 348
 5 4 -1 260
 55 2 -2 306
 55 1 3 66
 5 3 -3 256
 55 -2 2 52
 5 2 3 4
 5 3 -1 347
 55 -4 -1 214
 55 -1 1 99
 55 0 3 310
 55 2 1 78
 55 2 2 299
 55 -3 -3 78
 55 -1 -3 197
 5 1 -4 217
 5 1 2 323
 "contig-ratio-green-core" 1.0714285714285714
 "contig-ratio-red-core" 0.5909090909090909
 "a-count" 3
 "b-count" 10
 "c-color-count" 19
 "c-express-count" 18
 "d-color-count" 25
 "d-express-count" 25
 "cell-count" 56
 15 -3 -2 321
 15 2 -2 147
 15 2 4 107
 105 -3 3 316
 15 -2 2 218
 15 -3 -1 174
 15 -1 3 82
 15 1 -2 158
 15 -3 -3 249
 15 -4 1 105
 15 -3 0 350
 105 4 1 248
 15 -2 1 24
 15 2 1 37
 105 3 -3 43
 15 2 -1 312
 15 3 2 220
 15 2 0 228
 15 0 3 132
 15 -4 -1 65
 15 3 0 114
 15 3 1 215
 15 -2 3 213
 15 -4 0 240
 15 -3 1 224
 15 -1 4 171
 15 0 4 290
 15 1 4 324
 5 -2 -3 112
 55 0 -4 18
 55 2 2 180
 55 1 2 319
 5 3 -2 58
 5 -1 -3 123
 5 1 -4 240
 55 0 -2 208
 55 1 -1 358
 55 -2 -1 159
 5 3 -1 226
 5 -1 2 189
 5 0 -3 205
 5 4 -1 7
 55 0 0 186
 55 -3 2 267
 55 0 2 285
 55 1 0 297
 55 0 -1 79
 55 -2 0 144
 55 -1 0 350
 55 -2 4 31
 55 -1 1 105
 5 2 -3 99
 55 1 1 331
 55 -1 -2 239
 55 0 1 210
 55 -1 -1 114
 "contig-ratio-green-core" 0.75
 "contig-ratio-red-core" 0.55
