 "a-count" 5
 "b-count" 5
 "c-color-count" 24
 "c-express-count" 23
 "d-color-count" 23
 "d-express-count" 23
 "cell-count" 56
 15 -1 -2 144
 15 -3 0 160
 15 0 -2 52
 15 -2 1 96
 15 3 0 158
 15 -1 3 86
 15 -2 -3 211
 15 1 4 194
 15 -1 -3 96
 15 2 1 314
 15 1 -2 35
 15 0 -3 197
 15 -2 3 61
 105 3 -2 30
 15 -3 -3 186
 15 3 1 1
 15 2 -1 198
 15 3 2 151
 15 2 0 227
 105 -4 -1 218
 105 -3 2 271
 15 -2 2 341
 15 0 4 166
 15 -2 0 21
 105 2 -2 32
 15 -3 1 197
 105 -3 3 193
 15 -4 0 88
 5 3 3 12
 55 2 2 321
 55 1 -3 301
 55 -2 -2 249
 55 -3 -2 73
 55 1 1 217
 55 0 -4 292
 55 4 -1 52
 5 2 3 26
 55 -1 2 324
 55 1 -1 104
 55 0 -1 318
 5 -1 4 36
 55 -1 1 209
 55 0 0 81
 55 4 0 228
 55 -1 -4 323
 55 0 2 321
 55 0 3 108
 55 1 3 327
 5 -1 -1 199
 55 -4 1 150
 55 -3 -1 182
 55 1 0 81
 55 1 -4 303
 55 1 2 209
 55 -1 0 291
 55 0 1 236
 "contig-ratio-green-core" 1.0555555555555556
 "contig-ratio-red-core" 0.85
 "a-count" 1
 "b-count" 7
 "c-color-count" 21
 "c-express-count" 21
 "d-color-count" 27
 "d-express-count" 27
 "cell-count" 56
 15 3 0 242
 15 -3 -1 44
 105 2 3 194
 15 -3 -1 343
 15 -3 -2 281
 15 0 -4 32
 15 4 -1 328
 15 -4 -1 251
 15 1 4 185
 15 -2 1 205
 15 2 1 329
 15 5 -1 250
 15 -1 3 136
 15 -1 2 196
 15 0 4 254
 15 -3 -3 47
 15 2 2 285
 15 1 2 356
 15 0 3 80
 15 3 2 240
 15 0 2 205
 15 4 0 155
 15 -1 -3 129
 15 -4 0 122
 15 -2 2 323
 15 -3 0 339
 15 -1 -4 272
 15 1 3 345
 5 0 -3 281
 55 -2 -1 260
 55 1 0 151
 55 1 1 200
 55 -1 1 253
 55 -1 -1 15
 55 -1 0 314
 55 2 -1 3
 55 -3 3 294
 5 -3 2 229
 5 2 -2 39
 55 0 0 257
 55 1 -1 56
 55 -2 -1 284
 55 0 -2 38
 55 -2 0 224
 55 0 -1 344
 55 3 -1 111
 55 -2 3 214
 55 -2 -2 260
 55 0 1 320
 5 2 -3 343
 55 -2 -1 103
 55 2 0 305
 5 1 -3 264
 5 -4 1 50
 5 3 3 35
 55 -1 -2 340
 "contig-ratio-green-core" 0.9333333333333333
 "contig-ratio-red-core" 0.4782608695652174
 "a-count" 3
 "b-count" 11
 "c-color-count" 17
 "c-express-count" 17
 "d-color-count" 27
 "d-express-count" 25
 "cell-count" 56
 15 2 3 99
 15 1 -1 97
 15 -3 -2 35
 15 -2 2 57
 15 3 0 309
 15 3 1 207
 15 0 -3 0
 15 1 2 286
 15 -4 0 141
 15 1 -3 277
 15 3 -1 268
 105 1 -2 331
 15 4 1 234
 15 -3 2 236
 15 2 -1 224
 15 2 1 306
 15 -4 1 334
 15 0 3 210
 15 2 2 341
 15 2 0 55
 15 -1 -2 317
 15 0 -4 77
 15 2 -2 24
 15 0 -2 66
 15 1 3 147
 15 3 -2 118
 15 -1 3 314
 15 -2 -2 35
 55 3 2 161
 55 -2 3 35
 5 -1 4 185
 55 1 1 144
 5 -1 -4 278
 55 0 1 268
 55 -1 -1 153
 55 -3 0 342
 55 0 0 67
 55 3 3 250
 5 -4 -1 161
 5 -1 2 359
 55 1 0 290
 55 4 -1 206
 5 -1 1 143
 55 0 2 37
 55 -2 -1 24
 5 -3 3 57
 5 0 4 8
 55 -2 0 151
 5 -3 1 250
 55 -2 1 331
 5 -1 -3 220
 55 0 -1 2
 55 -1 0 169
 5 1 4 348
 5 -3 -1 27
 55 4 0 332
 "contig-ratio-green-core" 1.3076923076923077
 "contig-ratio-red-core" 0.4782608695652174
 "a-count" 2
 "b-count" 10
 "c-color-count" 18
 "c-express-count" 18
 "d-color-count" 26
 "d-express-count" 26
 "cell-count" 56
 15 -2 -3 63
 15 1 -3 248
 15 1 -4 311
 15 -3 0 271
 15 1 3 43
 15 2 0 326
 15 4 -1 349
 105 3 1 43
 15 -1 -3 297
 15 2 -1 333
 15 -1 4 204
 15 0 4 42
 15 -1 3 194
 15 -3 1 289
 15 3 -1 167
 15 2 1 133
 105 4 1 282
 15 -3 -1 2
 15 3 2 338
 15 -3 -2 96
 15 4 0 342
 15 1 4 289
 15 2 2 274
 15 3 -2 135
 15 0 -3 80
 15 0 3 97
 15 3 0 182
 15 0 -4 244
 55 -1 -1 263
 5 -1 2 124
 55 -3 -3 316
 55 -1 0 275
 55 -2 0 333
 55 -2 1 214
 55 1 1 214
 5 -2 3 355
 55 -2 -2 40
 5 -1 -4 255
 55 -4 -1 135
 5 2 -3 68
 5 1 2 46
 55 -1 1 95
 55 0 2 122
 5 -4 0 55
 55 0 1 193
 5 2 -2 111
 5 -2 2 318
 55 1 -1 103
 55 1 -2 348
 5 2 3 275
 55 0 0 49
 5 -3 2 322
 55 0 -2 328
 55 1 0 314
 55 -1 -2 20
 55 0 -1 63
 "contig-ratio-green-core" 1
 "contig-ratio-red-core" 0.42857142857142855
