 "a-count" 3
 "b-count" 9
 "c-color-count" 19
 "c-express-count" 19
 "d-color-count" 26
 "d-express-count" 25
 "cell-count" 56
 15 -3 0 224
 15 -3 -2 88
 15 3 0 359
 15 3 -1 158
 15 -2 2 294
 15 3 1 70
 15 3 -3 5
 15 2 3 131
 15 4 0 9
 15 -2 3 271
 15 -3 2 351
 15 1 -2 119
 15 2 -1 270
 15 0 -3 347
 15 1 -1 274
 15 4 -1 325
 15 2 -2 163
 15 -2 1 212
 15 4 1 263
 105 -4 1 223
 15 -3 -1 82
 15 0 -2 34
 15 -4 0 283
 15 -3 1 42
 15 3 2 130
 15 -1 1 92
 15 3 3 243
 105 -4 -1 161
 55 -1 -1 185
 5 -1 -3 183
 55 2 1 213
 55 -2 0 90
 55 -2 -1 169
 5 -1 3 56
 5 1 -3 75
 5 1 3 355
 55 1 0 89
 5 2 2 226
 55 0 2 316
 5 -2 -3 80
 55 -1 -2 356
 55 0 -1 343
 5 1 4 305
 55 1 1 348
 5 -1 4 268
 55 2 0 352
 55 0 1 193
 55 0 4 172
 55 -2 -2 292
 55 3 -2 44
 55 0 3 157
 55 -3 3 283
 5 1 -4 107
 55 0 0 348
 55 1 2 15
 55 -1 0 94
 "contig-ratio-green-core" 0.8333333333333334
 "contig-ratio-red-core" 0.5217391304347826
 "a-count" 4
 "b-count" 7
 "c-color-count" 21
 "c-express-count" 21
 "d-color-count" 24
 "d-express-count" 24
 "cell-count" 56
 15 -4 -1 37
 105 3 -3 315
 105 2 -3 153
 105 -4 1 169
 15 -5 -1 120
 15 3 2 239
 15 -3 -2 255
 15 1 -2 39
 15 -3 1 22
 105 4 0 181
 15 0 4 311
 15 -4 0 278
 15 2 -1 284
 15 -3 0 73
 15 2 2 315
 15 -2 3 105
 15 -2 -2 5
 15 0 3 74
 15 2 1 177
 15 1 -4 355
 15 -3 -1 271
 15 2 0 269
 15 3 -1 310
 15 3 0 319
 15 2 -2 81
 15 1 2 301
 15 3 1 288
 15 1 -3 334
 55 -1 0 38
 55 -2 2 8
 5 3 -2 134
 55 1 1 329
 55 1 0 232
 55 -3 2 274
 5 1 3 102
 55 -2 1 153
 55 -2 -1 246
 55 -1 -1 259
 5 -1 3 76
 55 -1 -3 244
 55 0 -3 262
 5 -1 -4 227
 55 0 2 261
 55 -1 -2 238
 55 0 -2 58
 5 1 4 72
 5 -1 4 15
 55 0 1 287
 55 -1 2 302
 55 0 -1 184
 55 0 0 266
 5 -2 -3 41
 55 -5 0 235
 55 -1 1 113
 55 1 -1 41
 55 -2 0 51
 "contig-ratio-green-core" 1
 "contig-ratio-red-core" 0.5454545454545454
 "a-count" 0
 "b-count" 10
 "c-color-count" 18
 "c-express-count" 18
 "d-color-count" 28
 "d-express-count" 28
 "cell-count" 56
 15 4 1 69
 15 3 3 301
 15 1 -3 160
 15 0 -4 181
 15 3 2 191
 15 0 -3 240
 15 4 0 273
 15 -3 0 317
 15 0 -2 25
 15 -3 -1 302
 15 1 -2 191
 15 -2 -1 172
 15 -1 -1 35
 15 -2 -2 110
 15 2 -2 282
 15 -1 -3 323
 15 -3 2 205
 15 3 -2 338
 15 0 -1 227
 15 -4 -1 334
 15 4 2 41
 15 2 -3 300
 15 3 1 267
 15 4 -1 292
 15 2 3 201
 15 -2 -3 172
 15 1 -1 215
 15 -1 -2 246
 5 -3 1 353
 5 1 -4 359
 55 -1 0 276
 5 1 0 5
 55 2 1 62
 55 1 2 48
 55 -2 0 18
 55 -1 1 97
 55 2 0 316
 5 1 4 347
 5 -1 -4 351
 5 -3 3 196
 5 0 4 133
 55 0 3 296
 55 -3 -2 308
 5 0 0 213
 55 2 -1 115
 55 3 -1 232
 55 3 -3 53
 5 2 2 140
 55 0 2 273
 55 1 1 131
 55 -2 3 186
 55 -1 2 258
 55 -1 3 163
 55 3 0 149
 55 0 1 47
 5 -2 2 299
 "contig-ratio-green-core" 0.8181818181818182
 "contig-ratio-red-core" 0.36363636363636365
 "a-count" 2
 "b-count" 6
 "c-color-count" 22
 "c-express-count" 22
 "d-color-count" 26
 "d-express-count" 26
 "cell-count" 56
 15 -1 2 11
 15 2 -2 231
 15 3 2 299
 15 1 -4 83
 15 1 3 95
 15 -2 2 190
 15 4 1 30
 15 -2 -2 270
 15 4 2 168
 15 -3 -3 161
 15 2 -3 208
 15 -3 -2 90
 15 -2 3 248
 15 1 -3 166
 15 0 -3 351
 15 3 -2 269
 15 -1 -3 58
 105 2 3 83
 15 -2 -3 70
 15 3 -3 284
 15 -1 3 80
 15 0 3 337
 15 0 4 312
 15 -3 1 33
 15 -1 -2 115
 105 -3 2 89
 15 -2 1 253
 15 4 0 273
 55 1 -2 21
 55 1 2 193
 55 2 0 259
 55 1 0 15
 55 -3 0 121
 55 -1 4 207
 55 2 2 253
 55 -1 0 165
 5 1 -1 113
 5 3 1 142
 55 -2 0 275
 55 -2 -1 103
 55 -3 -1 139
 55 1 1 356
 55 -4 0 52
 55 2 1 347
 55 0 -1 136
 5 3 -1 190
 55 0 1 282
 5 -1 -4 35
 55 0 -2 77
 55 -1 -1 189
 55 0 0 265
 55 2 -1 75
 55 -1 1 266
 5 4 -1 359
 55 0 2 184
 5 3 0 250
 "contig-ratio-green-core" 0.9230769230769231
 "contig-ratio-red-core" 0.5454545454545454
