 "a-count" 3
 "b-count" 12
 "c-color-count" 16
 "c-express-count" 16
 "d-color-count" 25
 "d-express-count" 25
 "cell-count" 56
 15 -3 2 220
 15 0 -1 302
 15 3 -1 215
 15 -3 1 118
 105 3 -2 259
 15 -1 3 304
 15 -1 -1 275
 15 -2 -1 147
 15 0 -2 129
 15 2 3 286
 15 -1 -2 22
 15 1 3 86
 15 -3 -1 244
 15 0 -3 150
 15 2 -1 301
 15 4 0 298
 105 2 -3 316
 15 -2 2 329
 15 1 -1 7
 15 4 -1 183
 15 2 -2 264
 15 -2 -2 313
 15 -2 3 358
 15 -1 -3 190
 15 -3 0 100
 15 1 -2 77
 15 0 3 77
 105 0 4 194
 5 -2 -3 123
 55 2 1 337
 55 1 0 296
 55 -1 1 268
 5 -1 4 127
 5 3 2 271
 5 -4 0 125
 55 3 1 357
 5 -3 3 130
 55 1 1 231
 55 -1 2 339
 5 -4 -1 97
 55 -2 0 115
 55 -2 1 226
 5 4 1 76
 5 -4 1 102
 55 0 1 35
 5 1 4 200
 5 2 2 270
 55 1 -4 125
 5 -3 -3 234
 55 1 2 72
 55 3 -3 162
 55 0 0 267
 55 0 2 250
 55 2 0 21
 5 -1 0 120
 55 3 0 281
 "contig-ratio-green-core" 1.3333333333333333
 "contig-ratio-red-core" 0.4444444444444444
 "a-count" 2
 "b-count" 12
 "c-color-count" 16
 "c-express-count" 16
 "d-color-count" 26
 "d-express-count" 26
 "cell-count" 56
 15 3 -1 145
 15 -1 -4 172
 15 -2 -3 129
 15 -2 2 104
 15 0 -3 351
 15 4 2 181
 15 -1 -2 41
 15 -1 -3 194
 15 -2 3 29
 15 0 3 88
 15 -2 1 48
 15 0 -2 246
 15 -3 2 151
 15 3 1 356
 15 2 0 135
 105 1 4 220
 15 1 -2 314
 15 1 -3 22
 15 5 -1 21
 15 4 -1 253
 15 -1 3 16
 15 -4 3 167
 105 3 -2 306
 15 3 0 36
 15 -3 3 283
 15 4 1 280
 15 2 -2 27
 15 -4 3 34
 55 2 2 44
 5 -1 1 255
 55 2 1 354
 55 -2 0 261
 5 0 -4 121
 5 1 3 303
 55 1 0 331
 55 1 1 62
 55 -3 0 258
 5 3 2 9
 55 1 2 344
 55 1 -1 211
 55 -2 -2 314
 5 3 3 209
 55 -1 -1 170
 5 0 4 98
 5 0 2 144
 55 0 1 28
 5 -3 -1 295
 5 2 3 277
 5 -1 2 220
 55 -2 -1 23
 55 2 -3 152
 55 -1 0 98
 55 0 0 298
 55 0 -1 168
 5 -1 4 224
 5 -4 0 93
 "contig-ratio-green-core" 0.875
 "contig-ratio-red-core" 0.36363636363636365
