 "a-count" 1
 "b-count" 9
 "c-color-count" 19
 "c-express-count" 19
 "d-color-count" 27
 "d-express-count" 27
 "cell-count" 56
 15 -2 -2 296
 15 3 -1 36
 15 -2 0 116
 15 0 2 102
 15 -3 2 4
 15 -1 -1 251
 15 -2 -1 297
 15 0 0 291
 15 -2 2 0
 15 3 -2 291
 15 -2 -3 142
 15 -2 1 209
 15 0 1 66
 15 -1 -2 291
 105 3 2 147
 15 1 -3 96
 15 4 1 314
 15 3 0 311
 15 0 3 334
 15 -3 1 99
 15 -1 3 331
 15 -1 1 227
 15 -1 -4 234
 15 -1 2 90
 15 3 1 61
 15 -1 0 197
 15 3 3 238
 15 1 4 3
 5 2 -3 319
 55 -1 -3 67
 55 0 -2 146
 55 0 -4 72
 55 1 -1 322
 5 1 -4 130
 55 4 -1 125
 55 1 -2 158
 55 0 -1 328
 5 3 -3 46
 55 2 2 141
 5 -3 0 243
 55 2 0 26
 5 2 -1 87
 55 1 1 35
 55 1 3 31
 5 -2 3 160
 55 -4 0 225
 55 1 0 182
 55 1 2 21
 55 2 3 289
 5 -1 4 127
 5 0 -3 77
 55 -3 -1 91
 5 4 0 342
 55 2 1 340
 55 2 -2 315
 55 -4 -1 335
 "contig-ratio-green-core" 0.8888888888888888
 "contig-ratio-red-core" 0.6111111111111112
 "a-count" 2
 "b-count" 8
 "c-color-count" 20
 "c-express-count" 20
 "d-color-count" 27
 "d-express-count" 26
 "cell-count" 56
 15 3 2 233
 15 0 3 220
 15 4 0 129
 15 2 -1 233
 15 -2 2 204
 15 2 3 336
 15 1 -4 283
 15 3 0 95
 15 -3 2 83
 15 -1 3 309
 15 -3 -1 249
 15 -3 0 166
 15 -4 -1 309
 15 3 1 50
 15 4 1 196
 15 -1 2 109
 15 -3 1 299
 15 0 4 218
 105 2 -3 204
 15 2 -2 146
 15 -2 1 255
 15 -3 -2 190
 15 1 -3 192
 15 0 -3 92
 15 -2 0 350
 15 -1 4 300
 15 1 3 279
 15 3 -1 281
 5 -2 -2 254
 55 1 0 86
 55 -2 3 313
 55 0 0 251
 55 1 4 192
 55 -1 -2 271
 55 1 1 305
 55 1 -2 328
 5 -1 -4 249
 55 -1 0 34
 5 3 3 255
 55 1 -1 152
 55 1 2 87
 5 -1 -3 150
 55 0 1 25
 55 2 0 319
 5 -3 -3 146
 5 4 -1 55
 55 2 1 77
 5 2 2 183
 55 0 2 57
 55 -1 -1 347
 55 0 -2 279
 55 3 -2 355
 55 0 -1 311
 55 -2 -1 282
 55 -1 1 58
 5 3 -3 141
 "contig-ratio-green-core" 1.1818181818181819
 "contig-ratio-red-core" 0.48
 "a-count" 3
 "b-count" 8
 "c-color-count" 20
 "c-express-count" 20
 "d-color-count" 25
 "d-express-count" 25
 "cell-count" 56
 15 -3 0 272
 15 -1 -4 233
 15 1 -3 323
 15 -1 3 104
 105 0 4 226
 15 2 -2 325
 15 0 3 308
 15 1 -2 275
 15 -4 0 332
 105 1 4 243
 15 -4 -1 243
 15 -3 -2 109
 15 2 3 141
 15 4 0 214
 15 -2 -1 6
 15 3 -1 346
 15 4 -1 56
 15 0 -2 92
 15 0 -4 266
 15 -1 4 227
 105 1 -4 258
 15 1 3 130
 15 -3 -3 243
 15 -3 -1 308
 15 0 -3 235
 15 -2 0 157
 15 -3 1 269
 15 3 -2 137
 55 2 0 244
 5 -2 -3 307
 55 1 1 92
 55 -1 -1 89
 55 2 2 313
 55 0 -1 247
 5 -2 2 84
 55 -1 2 170
 55 -2 1 289
 55 -2 -2 72
 5 -3 3 195
 55 -1 1 1
 5 -4 1 182
 55 1 -1 55
 55 1 0 170
 5 3 -3 152
 55 2 1 338
 55 3 1 50
 5 -2 3 58
 55 -1 -2 225
 55 3 2 21
 5 1 2 158
 55 0 0 31
 55 2 -1 271
 5 -3 2 146
 55 -1 0 97
 55 0 1 43
 55 3 0 122
 "contig-ratio-green-core" 0.7857142857142857
 "contig-ratio-red-core" 0.5238095238095238
