 "a-count" 0
 "b-count" 19
 "c-color-count" 9
 "c-express-count" 9
 "d-color-count" 28
 "d-express-count" 28
 "cell-count" 56
 15 1 4 58
 15 2 2 28
 15 1 0 41
 15 1 3 2
 15 0 2 112
 15 -1 4 36
 15 1 2 193
 15 0 4 348
 15 0 3 110
 15 -2 0 44
 15 0 1 348
 15 2 0 179
 15 0 -1 16
 15 0 0 97
 15 -1 -2 114
 15 -1 0 256
 15 0 -2 26
 15 2 -1 77
 15 3 1 261
 15 -1 1 212
 15 -2 -1 36
 15 1 -1 280
 15 1 1 225
 15 2 3 55
 15 2 1 93
 15 1 -2 232
 15 -2 1 214
 15 -1 -1 240
 5 -3 -3 54
 5 -3 -2 270
 55 -2 3 188
 5 3 3 156
 5 -4 1 283
 5 -4 -1 177
 55 -1 3 79
 5 -4 0 104
 5 -3 -1 260
 55 -2 -3 176
 5 -1 -3 300
 5 -3 3 52
 55 4 3 90
 55 -1 -4 54
 55 -2 -4 237
 5 1 -3 66
 5 -3 1 221
 5 0 -3 288
 55 4 1 59
 5 4 -1 222
 55 -2 -2 143
 5 3 -1 190
 5 -1 2 307
 5 2 -2 248
 5 -3 0 262
 5 -3 2 73
 55 4 2 191
 5 3 -2 171
 "contig-ratio-green-core" 0.8333333333333334
 "contig-ratio-red-core" 0.17647058823529413
 "a-count" 0
 "b-count" 18
 "c-color-count" 10
 "c-express-count" 10
 "d-color-count" 28
 "d-express-count" 28
 "cell-count" 56
 15 -1 1 96
 15 -3 -2 260
 15 -1 -3 338
 15 1 0 153
 15 -2 -2 117
 15 -1 -1 311
 15 1 -1 130
 15 -2 -1 84
 15 -2 2 19
 15 -1 -2 259
 15 2 4 114
 15 -2 -3 143
 15 -3 0 260
 15 1 4 72
 15 -2 1 150
 15 3 3 51
 15 3 2 174
 15 0 -3 155
 15 -4 0 80
 15 0 -2 105
 15 -1 0 345
 15 0 -1 103
 15 1 -2 323
 15 0 0 23
 15 1 -3 232
 15 2 3 86
 15 -2 0 342
 15 -3 -1 85
 55 1 3 211
 5 4 0 229
 5 0 4 299
 55 1 2 338
 55 -1 5 107
 5 1 -4 9
 5 1 1 62
 5 -1 3 193
 5 -3 1 355
 5 3 1 33
 5 2 -3 162
 5 2 2 152
 55 3 -1 301
 5 3 -2 14
 55 -1 -5 10
 55 -1 -4 231
 55 2 0 152
 5 0 3 269
 5 -3 -2 322
 5 -1 2 21
 5 4 1 137
 55 0 2 124
 5 4 -1 339
 5 3 -3 202
 5 -3 -3 339
 55 -1 4 238
 5 -4 -1 261
 55 2 -1 93
 "contig-ratio-green-core" 0.5555555555555556
 "contig-ratio-red-core" 0.2
 "a-count" 0
 "b-count" 19
 "c-color-count" 9
 "c-express-count" 9
 "d-color-count" 28
 "d-express-count" 28
 "cell-count" 56
 15 2 0 322
 15 3 2 61
 15 0 1 130
 15 -1 1 28
 15 4 2 76
 15 1 -2 17
 15 1 3 142
 15 1 0 122
 15 -1 4 168
 15 0 3 263
 15 0 -1 111
 15 0 -2 124
 15 -1 -1 230
 15 -1 -2 43
 15 2 1 301
 15 0 0 77
 15 1 1 26
 15 -1 2 147
 15 -1 0 25
 15 -2 2 241
 15 -2 1 33
 15 0 2 163
 15 -1 3 256
 15 -2 0 43
 15 1 -1 265
 15 2 2 273
 15 -2 -1 168
 15 1 2 30
 5 2 -3 169
 5 2 -1 39
 5 4 0 46
 5 -3 -3 151
 5 1 -4 225
 55 0 -3 333
 5 -4 -1 270
 5 -4 1 155
 55 -2 3 54
 55 3 -1 292
 55 3 0 183
 5 -2 -2 351
 5 -3 -1 155
 5 -2 -3 272
 5 2 3 315
 5 4 1 192
 5 4 -1 0
 55 -3 0 331
 5 -1 -3 189
 55 1 -3 8
 5 -4 0 76
 55 -3 3 96
 55 1 4 161
 55 -3 1 103
 5 0 4 228
 5 3 -2 48
 5 3 1 192
 5 -3 2 162
 "contig-ratio-green-core" 1
 "contig-ratio-red-core" 0.4375
 "a-count" 0
 "b-count" 16
 "c-color-count" 12
 "c-express-count" 12
 "d-color-count" 28
 "d-express-count" 28
 "cell-count" 56
 15 3 -1 346
 15 1 0 303
 15 -3 1 250
 15 -2 1 152
 15 -3 -1 186
 15 0 2 351
 15 -3 0 243
 15 2 0 47
 15 -1 2 131
 15 -1 3 69
 15 -2 3 315
 15 1 2 163
 15 -1 -2 116
 15 0 1 155
 15 -3 -2 8
 15 2 1 109
 15 4 0 279
 15 -2 0 17
 15 3 1 72
 15 3 0 264
 15 -2 -2 193
 15 -2 -1 325
 15 -3 -3 169
 15 -1 1 144
 15 -2 2 314
 15 -3 -4 32
 15 1 1 194
 15 4 1 222
 55 0 0 276
 5 2 3 73
 5 -3 3 210
 5 2 -1 165
 5 0 -2 72
 55 0 4 139
 5 4 -1 150
 55 -3 2 354
 5 -1 -3 104
 5 1 3 358
 5 3 -2 88
 5 2 -2 264
 55 1 -2 168
 5 -4 1 212
 55 0 -1 101
 55 -1 -1 206
 5 0 -3 215
 5 1 -3 322
 55 0 -4 353
 55 1 -1 181
 55 1 4 244
 5 3 -3 9
 5 -4 0 48
 55 -1 4 356
 55 -1 0 68
 5 2 2 5
 5 -4 -1 135
 55 -1 -4 192
 "contig-ratio-green-core" 1
 "contig-ratio-red-core" 0.2608695652173913
