 "a-count" 0
 "b-count" 17
 "c-color-count" 11
 "c-express-count" 11
 "d-color-count" 28
 "d-express-count" 28
 "cell-count" 56
 15 1 0 262
 15 0 1 99
 15 0 -2 316
 15 2 2 112
 15 1 3 194
 15 -1 3 351
 15 -1 -2 293
 15 -3 -1 210
 15 1 -2 186
 15 -4 0 331
 15 -4 -1 0
 15 3 2 294
 15 0 2 60
 15 2 0 104
 15 1 1 112
 15 4 1 303
 15 -3 0 193
 15 1 2 153
 15 2 1 27
 15 0 -3 164
 15 0 4 307
 15 1 -3 94
 15 0 3 151
 15 2 -1 297
 15 -3 1 9
 15 3 1 94
 15 -1 2 270
 15 1 -1 349
 5 -4 1 274
 5 2 4 216
 55 -2 2 15
 5 -2 0 4
 5 1 4 26
 5 -3 -3 101
 55 2 3 326
 55 -2 3 271
 5 3 -3 110
 5 -2 -2 50
 55 -1 -1 80
 5 4 2 164
 55 -2 1 112
 55 -1 1 293
 5 2 -2 334
 5 4 0 355
 55 3 -1 87
 5 2 -3 284
 55 -1 0 261
 5 -2 -3 1
 55 3 0 321
 55 0 -1 159
 5 3 -2 1
 55 -2 -1 257
 5 3 3 351
 5 -3 -2 236
 5 1 -4 144
 5 0 -4 33
 "contig-ratio-green-core" 1.3333333333333333
 "contig-ratio-red-core" 0.43478260869565216
 "a-count" 0
 "b-count" 16
 "c-color-count" 12
 "c-express-count" 12
 "d-color-count" 28
 "d-express-count" 28
 "cell-count" 56
 15 2 0 274
 15 -1 -4 336
 15 -2 -1 26
 15 0 3 155
 15 1 -2 7
 15 3 0 200
 15 -1 -3 110
 15 -2 -2 269
 15 -3 -2 40
 15 -2 0 349
 15 1 1 306
 15 -2 2 31
 15 -1 -1 42
 15 0 -2 263
 15 2 1 35
 15 0 2 25
 15 1 2 222
 15 -1 3 42
 15 -2 1 330
 15 0 -1 166
 15 -1 -2 105
 15 1 -1 31
 15 -1 2 225
 15 1 0 335
 15 2 2 186
 15 3 2 149
 15 -3 -1 201
 15 3 1 143
 5 -3 3 351
 5 4 1 52
 5 -4 -1 86
 5 -3 -3 188
 55 2 3 80
 5 -1 4 347
 55 0 0 133
 55 -3 0 70
 5 1 -4 275
 55 -1 0 61
 55 0 -3 180
 5 2 -2 127
 5 0 4 278
 55 1 3 230
 55 0 1 277
 55 2 -3 176
 55 3 -3 225
 5 -3 2 198
 5 2 -1 302
 5 1 4 174
 55 -1 1 335
 5 -4 0 290
 5 -4 1 286
 5 4 0 153
 55 1 -3 168
 5 3 -2 178
 55 -2 3 10
 5 -3 1 208
 "contig-ratio-green-core" 1.4166666666666667
 "contig-ratio-red-core" 0.45454545454545453
 "a-count" 0
 "b-count" 17
 "c-color-count" 11
 "c-express-count" 11
 "d-color-count" 28
 "d-express-count" 28
 "cell-count" 56
 15 1 -2 235
 15 -2 -2 44
 15 1 3 46
 15 3 1 151
 15 -1 -3 286
 15 0 2 289
 15 -1 -2 223
 15 2 1 192
 15 -3 -2 181
 15 -1 0 151
 15 1 -1 187
 15 1 0 264
 15 1 1 175
 15 0 3 138
 15 -3 -1 150
 15 4 1 57
 15 1 2 200
 15 0 0 116
 15 0 1 296
 15 -2 -1 56
 15 0 -1 131
 15 2 0 76
 15 -1 -1 309
 15 4 2 164
 15 -1 2 347
 15 -2 0 280
 15 0 -2 233
 15 -1 1 330
 5 -3 0 32
 5 1 -3 109
 5 4 -1 75
 5 3 -1 131
 55 0 -3 252
 5 -4 -1 152
 5 2 2 306
 5 2 -3 229
 55 -3 2 281
 5 -2 2 234
 55 3 -3 300
 5 2 -2 223
 5 -2 -3 235
 5 3 2 226
 5 2 -1 114
 55 -1 -4 39
 55 -4 0 107
 5 3 0 109
 55 0 -4 253
 55 -3 1 247
 5 -1 3 345
 55 -2 -4 345
 5 -2 1 219
 55 -3 3 189
 5 4 0 333
 55 3 -2 33
 5 1 -4 137
 55 -4 1 208
 "contig-ratio-green-core" 0.2222222222222222
 "contig-ratio-red-core" 0.11764705882352941
 "a-count" 0
 "b-count" 12
 "c-color-count" 16
 "c-express-count" 16
 "d-color-count" 28
 "d-express-count" 28
 "cell-count" 56
 15 1 0 328
 15 -3 1 151
 15 -2 1 229
 15 -1 -1 213
 15 0 -2 286
 15 -1 0 39
 15 -3 -2 348
 15 0 -3 36
 15 -2 -3 119
 15 -1 3 357
 15 1 2 326
 15 1 1 323
 15 -1 4 77
 15 0 1 11
 15 0 0 94
 15 -1 2 159
 15 0 2 10
 15 -1 -3 248
 15 1 3 4
 15 0 -1 155
 15 -1 -2 66
 15 -2 -2 35
 15 -1 1 96
 15 -2 2 286
 15 1 -1 21
 15 0 3 119
 15 2 3 170
 15 1 -2 115
 55 3 1 39
 55 3 -3 211
 55 0 -4 293
 55 3 -2 62
 55 2 1 318
 5 3 2 329
 55 -2 0 58
 55 2 2 229
 55 2 -3 342
 55 -2 -1 336
 5 -3 -3 107
 5 0 4 328
 5 -4 -1 333
 55 -3 -1 16
 5 -4 0 272
 5 2 0 37
 5 -2 3 237
 55 1 -4 141
 55 3 0 156
 5 -3 2 359
 5 2 -2 149
 55 -4 1 26
 55 4 0 46
 5 -1 -4 117
 5 -3 0 78
 55 -3 3 31
 55 1 -3 285
 5 2 -1 116
 "contig-ratio-green-core" 0.7333333333333333
 "contig-ratio-red-core" 0.4
