 "a-count" 0
 "b-count" 15
 "c-color-count" 13
 "c-express-count" 13
 "d-color-count" 28
 "d-express-count" 28
 "cell-count" 56
 15 -2 2 80
 15 1 0 120
 15 -1 0 239
 15 0 -2 146
 15 1 2 153
 15 -2 1 65
 15 -1 2 117
 15 1 1 266
 15 -2 -1 259
 15 2 1 109
 15 0 1 62
 15 -3 -2 82
 15 0 2 105
 15 4 1 209
 15 -2 0 131
 15 -1 1 256
 15 0 0 13
 15 3 0 196
 15 1 -2 136
 15 -3 -1 358
 15 -3 0 358
 15 0 -1 344
 15 -1 -1 292
 15 -2 3 86
 15 1 -1 31
 15 2 -1 296
 15 3 1 205
 15 2 0 56
 55 -1 -2 164
 55 3 2 62
 5 3 -1 53
 55 -1 -3 229
 55 -3 1 289
 5 0 -4 185
 55 -2 -2 300
 5 -4 -1 304
 5 3 3 72
 55 1 -3 255
 55 2 2 283
 55 0 4 329
 5 -3 3 96
 5 1 -4 245
 55 -3 2 299
 5 4 0 318
 5 1 3 186
 55 1 4 210
 5 2 -3 63
 5 4 -1 185
 55 0 -3 56
 5 2 -2 83
 5 2 3 347
 5 -3 -3 289
 5 0 3 331
 55 -2 -3 147
 55 -4 1 240
 5 -1 -4 86
 "contig-ratio-green-core" 0.9090909090909091
 "contig-ratio-red-core" 0.4444444444444444
 "a-count" 0
 "b-count" 14
 "c-color-count" 14
 "c-express-count" 14
 "d-color-count" 28
 "d-express-count" 28
 "cell-count" 56
 15 1 0 256
 15 0 -4 231
 15 1 -2 63
 15 -1 -1 64
 15 -1 1 69
 15 1 -3 186
 15 -1 0 203
 15 0 -1 128
 15 -2 -1 25
 15 0 1 217
 15 0 -2 208
 15 -1 -3 156
 15 -3 0 195
 15 0 -3 202
 15 1 -4 327
 15 2 1 152
 15 1 1 153
 15 2 -1 34
 15 3 1 232
 15 2 0 170
 15 1 -1 316
 15 -1 -2 275
 15 -2 0 6
 15 -2 -2 189
 15 3 0 7
 15 0 0 243
 15 -2 1 157
 15 -3 1 231
 5 -1 -4 123
 55 -2 2 203
 5 -3 3 354
 55 0 3 304
 55 -1 2 151
 5 3 -2 156
 5 0 4 123
 5 4 0 230
 5 -4 -1 37
 55 3 -3 336
 55 4 -3 160
 5 1 3 70
 5 2 3 331
 5 -4 1 13
 5 3 -1 247
 55 -1 4 184
 55 -3 -1 38
 55 -1 3 272
 55 4 -1 132
 5 2 -2 284
 5 0 2 213
 5 -4 0 179
 55 -1 5 75
 55 2 2 95
 5 -2 3 270
 55 1 2 15
 55 -3 2 272
 55 4 -2 14
 "contig-ratio-green-core" 0.5833333333333334
 "contig-ratio-red-core" 0.35294117647058826
 "a-count" 0
 "b-count" 13
 "c-color-count" 15
 "c-express-count" 15
 "d-color-count" 28
 "d-express-count" 28
 "cell-count" 56
 15 0 -2 244
 15 1 1 342
 15 1 0 284
 15 -4 0 93
 15 0 0 209
 15 -2 -3 24
 15 3 1 250
 15 -1 2 60
 15 -1 1 137
 15 2 1 284
 15 1 -1 129
 15 2 0 104
 15 -2 -2 43
 15 0 -1 282
 15 0 1 142
 15 -2 1 67
 15 -2 -1 113
 15 2 2 124
 15 0 2 227
 15 -2 0 326
 15 -1 -2 299
 15 -1 -3 45
 15 -3 0 213
 15 -1 0 125
 15 -1 -1 109
 15 -3 1 280
 15 2 3 78
 15 1 2 204
 5 -3 -2 257
 5 4 0 202
 5 3 -1 199
 5 -4 -1 90
 5 -2 3 302
 55 1 -3 131
 5 3 0 198
 5 -3 -1 127
 55 -1 -4 8
 55 0 4 254
 5 -3 -3 204
 55 -1 3 62
 55 0 3 272
 5 2 -1 79
 55 1 -2 313
 55 2 -2 73
 55 0 -4 130
 55 -2 2 316
 5 3 -3 0
 5 2 -3 170
 55 -3 2 186
 55 1 3 284
 5 4 1 52
 55 2 4 194
 55 1 -4 316
 55 1 4 188
 55 0 -3 78
 5 4 -1 320
 "contig-ratio-green-core" 0.6923076923076923
 "contig-ratio-red-core" 0.5294117647058824
 "a-count" 0
 "b-count" 13
 "c-color-count" 15
 "c-express-count" 15
 "d-color-count" 28
 "d-express-count" 28
 "cell-count" 56
 15 -2 1 44
 15 1 -1 306
 15 0 3 200
 15 0 -2 124
 15 0 2 16
 15 -1 2 86
 15 2 0 62
 15 -1 -2 295
 15 -1 -4 146
 15 -1 -1 148
 15 -3 0 273
 15 2 1 21
 15 1 3 41
 15 2 -2 204
 15 3 -4 140
 15 0 0 141
 15 -1 0 257
 15 1 0 99
 15 0 1 138
 15 -2 2 47
 15 -2 0 49
 15 1 1 291
 15 1 2 104
 15 0 -1 191
 15 -3 1 39
 15 -1 1 130
 15 4 -1 312
 15 1 -2 268
 55 -4 -1 209
 55 0 -3 271
 5 -3 -2 314
 5 0 -4 254
 5 -1 4 111
 55 3 0 343
 55 -3 -1 247
 55 3 -1 122
 5 1 4 309
 5 -4 1 292
 5 4 -2 15
 55 -2 -2 35
 55 2 -3 222
 55 3 -3 321
 55 2 2 151
 55 4 0 210
 55 3 2 223
 55 -2 -1 2
 5 -3 3 350
 5 1 -3 4
 55 3 -2 1
 5 -2 3 258
 5 0 4 121
 5 1 -4 176
 55 -1 -3 222
 5 -3 -3 350
 55 3 1 282
 5 3 3 272
 "contig-ratio-green-core" 1
 "contig-ratio-red-core" 0.625
