 "a-count" 0
 "b-count" 16
 "c-color-count" 12
 "c-express-count" 12
 "d-color-count" 28
 "d-express-count" 28
 "cell-count" 56
 15 0 1 359
 15 0 4 284
 15 -1 2 351
 15 -2 3 6
 15 1 1 239
 15 -3 -1 11
 15 4 1 314
 15 1 3 26
 15 1 0 230
 15 2 2 42
 15 0 2 358
 15 3 0 307
 15 2 -1 272
 15 -3 -2 329
 15 2 0 43
 15 -1 3 77
 15 0 0 106
 15 2 -2 81
 15 2 1 91
 15 -1 1 73
 15 0 3 283
 15 1 4 323
 15 3 -1 52
 15 -1 4 95
 15 -1 0 312
 15 1 2 169
 15 -3 -3 111
 15 3 1 323
 5 -2 1 99
 5 0 -2 260
 5 -2 -3 44
 55 -1 -4 189
 5 -4 -1 12
 5 0 -3 278
 55 -3 0 282
 5 -4 1 209
 55 -1 -1 134
 55 1 -4 283
 5 3 -2 175
 55 -3 2 261
 5 3 -3 320
 55 1 -3 276
 55 0 -4 117
 5 2 3 107
 5 1 -1 86
 5 -4 0 274
 55 -3 1 45
 55 -2 -1 132
 5 -2 -2 8
 5 3 2 250
 5 -2 2 212
 55 2 -3 151
 5 -1 -2 121
 5 -3 3 103
 55 0 -1 164
 55 3 3 287
 "contig-ratio-green-core" 0.3
 "contig-ratio-red-core" 0.2631578947368421
 "a-count" 0
 "b-count" 17
 "c-color-count" 11
 "c-express-count" 11
 "d-color-count" 28
 "d-express-count" 28
 "cell-count" 56
 15 2 1 68
 15 1 -1 154
 15 0 -2 65
 15 0 -1 98
 15 0 0 188
 15 -3 -1 331
 15 1 2 207
 15 -2 -2 105
 15 -1 1 42
 15 0 2 302
 15 3 1 66
 15 -2 0 11
 15 1 0 228
 15 -4 0 18
 15 -1 0 98
 15 1 1 202
 15 -1 -2 233
 15 3 0 285
 15 4 0 210
 15 -2 -1 146
 15 2 2 17
 15 2 0 339
 15 1 -2 175
 15 4 -1 276
 15 -1 -1 182
 15 3 -1 230
 15 0 1 318
 15 -3 0 84
 55 -2 3 286
 5 -3 -2 103
 5 -4 1 169
 5 -1 4 100
 5 -1 -4 166
 55 3 4 267
 55 2 -2 105
 5 0 3 180
 55 -4 -1 7
 55 -1 3 21
 55 1 4 345
 5 -1 2 289
 5 -2 -3 196
 5 1 -3 97
 5 3 2 24
 55 2 4 76
 5 0 -3 161
 5 -2 1 52
 55 -2 2 121
 55 2 -3 21
 55 3 -2 111
 5 1 3 194
 5 -3 2 340
 55 3 3 45
 5 -3 -3 83
 5 0 -4 314
 5 -3 1 74
 5 4 1 90
 "contig-ratio-green-core" 0.3333333333333333
 "contig-ratio-red-core" 0.16666666666666666
 "a-count" 0
 "b-count" 13
 "c-color-count" 15
 "c-express-count" 15
 "d-color-count" 28
 "d-express-count" 28
 "cell-count" 56
 15 -3 -1 122
 15 2 0 43
 15 2 -3 112
 15 -2 -3 47
 15 -2 1 90
 15 -1 3 351
 15 0 4 215
 15 0 2 196
 15 3 0 196
 15 -1 1 355
 15 -4 -1 284
 15 -3 -2 276
 15 2 1 204
 15 2 -1 165
 15 0 3 315
 15 1 0 279
 15 3 2 314
 15 -3 0 89
 15 -2 -2 223
 15 2 -2 216
 15 3 1 299
 15 1 3 122
 15 -2 2 255
 15 1 2 51
 15 0 1 195
 15 2 2 223
 15 -1 2 357
 15 -2 3 326
 5 3 -3 305
 55 -1 0 59
 5 0 -1 225
 55 1 -2 149
 5 -3 3 174
 55 -4 1 244
 55 -2 -1 226
 55 1 -1 104
 55 -3 1 293
 55 1 -3 92
 55 -1 -2 303
 5 3 3 143
 5 3 -1 24
 5 -1 -3 45
 5 -3 2 182
 5 4 1 191
 55 0 -2 173
 5 2 3 205
 5 4 -1 356
 5 4 0 288
 5 -3 -3 140
 55 0 0 39
 55 -1 -1 5
 55 -2 0 213
 5 -4 0 212
 55 -1 4 301
 55 -4 -2 122
 55 0 -3 355
 "contig-ratio-green-core" 0.9090909090909091
 "contig-ratio-red-core" 0.45454545454545453
