 "a-count" 0
 "b-count" 17
 "c-color-count" 11
 "c-express-count" 11
 "d-color-count" 28
 "d-express-count" 28
 "cell-count" 56
 15 2 3 67
 15 1 1 279
 15 0 3 145
 15 1 0 275
 15 -3 -1 306
 15 1 4 63
 15 0 -4 359
 15 0 2 18
 15 -4 0 243
 15 2 2 262
 15 -1 1 246
 15 1 -2 278
 15 3 2 54
 15 0 -2 110
 15 2 1 113
 15 -4 1 78
 15 2 -1 70
 15 -3 0 133
 15 -4 2 356
 15 -3 -2 139
 15 -1 -2 354
 15 0 -3 215
 15 1 3 99
 15 -2 -2 302
 15 2 0 70
 15 -2 -1 195
 15 1 -1 306
 15 0 1 313
 5 3 3 341
 5 -4 -1 196
 55 -1 -1 164
 5 3 -2 1
 5 4 0 157
 55 3 -1 201
 55 -1 -4 121
 5 -2 3 164
 55 0 -1 281
 5 1 -3 116
 55 -1 0 273
 55 0 0 98
 5 2 -3 68
 5 -3 2 188
 5 -2 -3 100
 5 4 -1 281
 55 -2 1 342
 55 -2 0 51
 5 -1 3 251
 5 1 -4 258
 5 -1 -3 359
 5 -3 1 254
 5 -2 2 290
 55 4 1 77
 5 -1 4 205
 55 3 1 39
 5 -3 3 68
 55 3 0 316
 "contig-ratio-green-core" 1.1818181818181819
 "contig-ratio-red-core" 0.4166666666666667
 "a-count" 0
 "b-count" 17
 "c-color-count" 11
 "c-express-count" 11
 "d-color-count" 28
 "d-express-count" 28
 "cell-count" 56
 15 3 1 88
 15 2 -2 116
 15 2 1 33
 15 -1 0 327
 15 1 3 312
 15 1 -2 163
 15 0 0 9
 15 -3 -1 289
 15 1 2 73
 15 -1 1 346
 15 -4 0 168
 15 -1 -2 348
 15 2 0 62
 15 0 -1 179
 15 -2 0 299
 15 0 -2 241
 15 1 0 204
 15 -3 1 240
 15 -2 1 87
 15 -2 -1 134
 15 1 1 193
 15 -1 -1 180
 15 3 0 302
 15 0 1 166
 15 -3 0 257
 15 2 -1 334
 15 -2 -2 0
 15 1 -1 204
 5 -4 1 324
 55 -1 -4 323
 5 -1 -3 78
 5 -4 -1 276
 55 2 -3 297
 5 3 -1 196
 5 -1 3 290
 5 -3 2 358
 55 1 -4 266
 55 0 -4 180
 5 3 3 327
 55 0 4 43
 5 3 -3 168
 55 0 3 57
 5 -2 -3 271
 5 -2 2 346
 55 -1 2 343
 5 -2 3 242
 5 -3 -2 208
 5 1 4 69
 5 -3 -3 100
 55 0 2 113
 5 4 -1 130
 55 4 0 83
 5 2 3 332
 55 4 1 256
 5 2 2 113
 55 1 -3 24
 "contig-ratio-green-core" 0.75
 "contig-ratio-red-core" 0.4375
 "a-count" 0
 "b-count" 13
 "c-color-count" 15
 "c-express-count" 15
 "d-color-count" 28
 "d-express-count" 28
 "cell-count" 56
 15 -1 -1 268
 15 1 1 34
 15 -2 2 126
 15 1 -3 127
 15 -1 1 212
 15 -3 -1 64
 15 2 -2 71
 15 1 0 152
 15 3 0 19
 15 -2 1 287
 15 -2 -2 11
 15 -3 -2 185
 15 -1 0 308
 15 2 0 226
 15 0 -1 321
 15 -1 -2 109
 15 1 -1 291
 15 2 -1 317
 15 0 0 246
 15 2 1 120
 15 0 1 359
 15 1 -4 94
 15 0 -2 173
 15 1 2 202
 15 -2 -1 315
 15 -2 0 289
 15 1 -2 166
 15 3 1 295
 55 -3 1 292
 5 0 -4 86
 5 0 4 280
 5 -4 0 141
 5 3 -3 120
 55 -2 -4 2
 5 1 3 232
 55 -4 1 30
 55 -1 2 146
 5 1 4 351
 55 -2 3 274
 55 -1 -4 168
 5 3 -2 139
 55 3 2 327
 55 0 2 19
 5 2 -3 112
 55 -2 -3 77
 5 0 -3 118
 5 -4 -1 182
 55 4 2 177
 5 -3 3 144
 55 0 3 280
 55 -1 3 323
 55 2 3 77
 5 -3 0 196
 55 -1 4 71
 55 3 3 41
 5 2 2 94
 "contig-ratio-green-core" 0.6363636363636364
 "contig-ratio-red-core" 0.35294117647058826
 "a-count" 0
 "b-count" 16
 "c-color-count" 12
 "c-express-count" 12
 "d-color-count" 28
 "d-express-count" 28
 "cell-count" 56
 15 -3 0 62
 15 -2 0 154
 15 4 2 82
 15 0 2 7
 15 1 -1 178
 15 0 0 332
 15 -2 1 225
 15 -4 0 98
 15 1 1 85
 15 -2 -1 244
 15 -1 -1 188
 15 -1 2 185
 15 -1 1 303
 15 2 1 42
 15 0 -4 349
 15 2 2 254
 15 -3 -1 178
 15 -3 1 150
 15 -1 -2 313
 15 3 1 58
 15 -2 2 221
 15 3 2 346
 15 0 -1 330
 15 0 -3 262
 15 -1 0 339
 15 1 2 196
 15 0 -2 291
 15 0 1 76
 5 -4 1 33
 5 -1 -4 94
 55 3 -2 121
 5 -2 -2 291
 55 2 0 160
 5 4 1 221
 55 -2 -3 81
 5 2 -2 203
 5 1 4 273
 55 -3 -2 319
 55 -2 4 274
 5 -4 -2 105
 55 3 0 79
 5 -4 -1 172
 5 -3 3 204
 55 -3 -3 220
 55 2 -1 334
 55 -1 3 82
 55 3 -1 22
 5 1 -2 15
 5 0 4 14
 5 2 3 329
 5 -1 -3 15
 5 4 0 320
 5 2 -3 234
 55 0 3 65
 55 -2 3 193
 5 -3 2 338
 "contig-ratio-green-core" 0.5454545454545454
 "contig-ratio-red-core" 0.3684210526315789
