 "a-count" 0
 "b-count" 17
 "c-color-count" 11
 "c-express-count" 11
 "d-color-count" 28
 "d-express-count" 28
 "cell-count" 56
 15 0 -1 302
 15 2 3 107
 15 -2 -3 8
 15 0 4 322
 15 -3 1 259
 15 -3 0 280
 15 0 1 256
 15 2 2 335
 15 2 1 16
 15 -2 2 197
 15 3 -3 109
 15 -1 0 64
 15 0 0 290
 15 1 0 323
 15 -2 1 254
 15 1 -1 159
 15 3 1 35
 15 -1 -2 64
 15 3 2 201
 15 1 2 69
 15 -2 -1 249
 15 -1 4 30
 15 -1 1 331
 15 0 -2 213
 15 1 1 286
 15 -1 -1 79
 15 -2 -2 212
 15 -2 0 253
 55 -3 -1 200
 5 -1 3 292
 5 -4 -1 233
 5 1 3 38
 5 -3 3 304
 5 0 -3 81
 5 -4 0 95
 5 2 -3 20
 5 -3 -2 88
 5 0 3 96
 55 3 -1 105
 55 4 1 284
 5 1 -2 250
 55 0 2 173
 55 2 -2 331
 5 1 4 159
 5 1 -3 89
 5 -3 2 15
 55 4 0 202
 55 2 -1 31
 5 4 -1 6
 55 -1 -3 256
 5 -3 -3 273
 5 3 -2 329
 55 -1 2 313
 55 -2 3 273
 5 -4 1 192
 55 3 0 296
 "contig-ratio-green-core" 1.25
 "contig-ratio-red-core" 0.42105263157894735
 "a-count" 0
 "b-count" 16
 "c-color-count" 12
 "c-express-count" 12
 "d-color-count" 28
 "d-express-count" 28
 "cell-count" 56
 15 -1 -1 335
 15 0 -2 83
 15 2 0 25
 15 0 0 309
 15 -2 0 38
 15 3 -1 358
 15 3 0 282
 15 -2 2 69
 15 0 -3 140
 15 -1 2 155
 15 1 1 332
 15 0 -1 338
 15 -2 -2 201
 15 3 3 25
 15 1 -1 208
 15 1 -3 138
 15 -2 -1 25
 15 1 0 38
 15 2 -1 351
 15 -1 3 54
 15 1 -2 27
 15 2 4 309
 15 -1 1 286
 15 -1 0 201
 15 3 4 331
 15 -2 1 96
 15 -1 -2 273
 15 0 1 302
 5 3 1 85
 55 0 -4 175
 5 -3 1 200
 55 0 -5 78
 5 1 -4 230
 5 0 2 148
 55 0 4 138
 55 0 3 93
 55 3 2 93
 5 4 1 288
 5 -3 3 274
 5 -3 -1 322
 5 -3 0 62
 55 1 3 281
 5 4 -1 109
 55 -3 -2 33
 5 -4 0 165
 55 1 2 10
 55 2 2 114
 55 -4 -3 85
 5 -2 3 143
 55 2 1 175
 5 3 -2 99
 5 -2 -3 123
 5 2 -3 317
 5 1 4 202
 5 4 0 137
 55 -3 -3 348
 "contig-ratio-green-core" 0.45454545454545453
 "contig-ratio-red-core" 0.3
 "a-count" 0
 "b-count" 19
 "c-color-count" 9
 "c-express-count" 9
 "d-color-count" 28
 "d-express-count" 28
 "cell-count" 56
 15 0 -1 18
 15 -1 -2 91
 15 -1 -1 240
 15 0 -2 353
 15 1 0 23
 15 0 4 95
 15 -2 0 209
 15 0 1 49
 15 0 0 314
 15 -2 2 76
 15 -1 2 284
 15 -3 0 212
 15 -1 0 306
 15 -2 3 163
 15 1 2 110
 15 -1 3 316
 15 2 2 245
 15 -3 -1 356
 15 1 3 288
 15 -1 1 326
 15 0 3 207
 15 1 -1 359
 15 -4 0 269
 15 -2 1 192
 15 0 2 336
 15 1 1 351
 15 2 1 132
 15 -2 -1 247
 5 3 -2 59
 5 2 -3 227
 5 0 -4 148
 5 3 3 250
 5 4 -1 82
 55 2 0 286
 55 1 -3 265
 5 -3 3 92
 5 -4 -1 258
 5 -3 -2 28
 55 3 0 109
 5 1 4 252
 5 -3 2 152
 5 -4 1 286
 55 3 1 37
 5 3 -1 230
 5 3 2 346
 55 2 -1 108
 5 3 -3 144
 5 4 1 67
 55 -3 1 259
 55 -1 4 234
 5 -1 -4 180
 5 2 3 254
 55 1 -2 227
 55 0 -3 102
 5 -2 -3 232
 5 -1 -3 124
 "contig-ratio-green-core" 0.75
 "contig-ratio-red-core" 0.4375
