 "a-count" 0
 "b-count" 19
 "c-color-count" 9
 "c-express-count" 9
 "d-color-count" 28
 "d-express-count" 28
 "cell-count" 56
 15 -2 -1 269
 15 0 -3 311
 15 0 2 265
 15 0 -2 358
 15 3 -1 169
 15 0 0 312
 15 -1 -2 26
 15 0 1 227
 15 -2 0 172
 15 -2 1 283
 15 2 -1 37
 15 -1 1 144
 15 -3 2 265
 15 -1 -3 301
 15 -1 -1 12
 15 -1 0 3
 15 1 -4 259
 15 -1 3 17
 15 1 0 182
 15 1 -1 106
 15 0 -1 334
 15 -2 3 287
 15 -2 2 335
 15 -1 2 179
 15 2 0 70
 15 1 -3 290
 15 1 1 351
 15 1 -2 181
 5 -2 -3 263
 5 2 -3 332
 55 -4 0 2
 5 2 3 259
 5 3 3 217
 55 -4 1 335
 5 -3 -1 11
 5 4 -1 8
 55 4 0 122
 5 0 -4 106
 5 4 1 297
 5 -3 3 33
 5 3 2 356
 55 1 3 127
 5 0 3 198
 55 -3 -3 38
 55 3 0 338
 5 -3 1 38
 55 -3 -2 256
 5 3 1 306
 55 1 2 147
 5 3 -2 126
 5 2 2 126
 5 -4 -1 199
 5 -1 4 309
 5 -2 -2 14
 5 1 4 351
 55 -3 0 103
 "contig-ratio-green-core" 0.625
 "contig-ratio-red-core" 0.17647058823529413
 "a-count" 0
 "b-count" 15
 "c-color-count" 13
 "c-express-count" 13
 "d-color-count" 28
 "d-express-count" 28
 "cell-count" 56
 15 -1 -4 41
 15 1 -1 208
 15 3 1 134
 15 0 2 297
 15 2 0 18
 15 -2 1 325
 15 -1 3 21
 15 2 1 133
 15 -2 -1 257
 15 1 2 69
 15 -1 -2 15
 15 -2 2 263
 15 -1 0 209
 15 2 2 13
 15 0 -1 213
 15 -1 1 55
 15 2 -1 307
 15 -1 -3 275
 15 -2 -2 306
 15 1 1 354
 15 1 0 194
 15 3 0 334
 15 0 0 260
 15 -4 0 108
 15 -2 0 85
 15 0 1 29
 15 -1 -1 253
 15 -1 2 163
 5 4 -1 68
 55 4 0 115
 55 4 1 111
 5 -3 2 165
 55 5 0 259
 5 2 3 12
 5 -2 3 254
 55 0 3 131
 5 0 -2 135
 55 1 -3 306
 55 -3 -1 295
 55 0 -3 116
 55 -3 1 323
 5 -3 3 60
 55 -4 1 252
 55 1 -2 93
 55 2 -2 202
 5 3 2 268
 5 3 -2 311
 5 -1 4 98
 5 3 -1 118
 5 3 3 82
 5 1 -4 263
 5 -2 -3 0
 55 -3 0 242
 55 1 3 173
 5 3 -3 46
 5 2 -3 71
 "contig-ratio-green-core" 1
 "contig-ratio-red-core" 0.5625
 "a-count" 0
 "b-count" 20
 "c-color-count" 8
 "c-express-count" 8
 "d-color-count" 28
 "d-express-count" 28
 "cell-count" 56
 15 0 -2 164
 15 -1 -2 4
 15 -2 0 9
 15 -2 2 139
 15 2 0 304
 15 -2 -1 22
 15 0 2 68
 15 -1 -3 154
 15 1 -2 325
 15 0 0 183
 15 -1 -1 261
 15 -3 -1 287
 15 1 2 121
 15 1 0 321
 15 -2 3 262
 15 2 -1 118
 15 4 0 75
 15 0 1 256
 15 1 1 294
 15 -2 4 40
 15 0 -1 170
 15 1 -1 130
 15 -2 1 16
 15 3 -1 155
 15 -1 0 37
 15 -1 2 118
 15 -1 1 81
 15 3 0 216
 5 -3 2 135
 5 2 3 272
 5 1 -3 290
 5 -3 -3 284
 55 3 3 202
 5 3 -3 245
 55 2 2 320
 5 -1 -4 188
 5 0 -4 333
 55 2 -3 104
 55 3 2 85
 5 -4 -1 255
 5 -2 -2 18
 55 2 -4 299
 55 2 -2 54
 55 4 2 317
 5 -3 0 151
 5 -3 -2 228
 5 0 4 186
 5 0 3 216
 5 2 1 170
 55 -3 1 31
 5 0 -3 112
 5 1 -4 97
 5 3 -2 328
 5 -3 3 110
 5 4 -1 125
 5 -4 1 158
 "contig-ratio-green-core" 0.5714285714285714
 "contig-ratio-red-core" 0.15789473684210525
 "a-count" 0
 "b-count" 11
 "c-color-count" 17
 "c-express-count" 17
 "d-color-count" 28
 "d-express-count" 28
 "cell-count" 56
 15 -2 2 307
 15 0 4 312
 15 -2 1 137
 15 -3 1 74
 15 0 -2 42
 15 -1 -1 9
 15 -3 2 32
 15 1 -1 49
 15 -3 0 312
 15 0 3 61
 15 -1 -3 120
 15 1 -3 342
 15 3 -1 115
 15 -1 -2 259
 15 0 -1 87
 15 2 -2 220
 15 0 -3 103
 15 0 -4 306
 15 1 -2 126
 15 2 -1 121
 15 -2 0 266
 15 -2 -1 42
 15 1 3 112
 15 5 -1 123
 15 -1 -4 155
 15 4 -1 28
 15 -2 -2 303
 15 -1 4 57
 55 2 1 333
 5 1 2 32
 55 -3 -2 315
 55 0 1 327
 5 3 0 137
 55 -4 1 189
 55 2 3 257
 5 1 4 305
 55 2 2 61
 5 -4 0 146
 55 2 4 85
 55 0 2 238
 5 3 -2 116
 55 3 -3 118
 5 -2 -3 155
 5 0 0 310
 55 -4 -2 87
 55 -1 1 281
 5 -2 3 294
 55 -1 0 273
 5 -3 -3 309
 55 1 0 153
 55 2 0 285
 55 -1 2 77
 5 -4 -1 350
 5 3 1 198
 55 -3 -1 137
 55 2 -3 107
 "contig-ratio-green-core" 0.8
 "contig-ratio-red-core" 0.5
