 "a-count" 0
 "b-count" 15
 "c-color-count" 13
 "c-express-count" 13
 "d-color-count" 28
 "d-express-count" 28
 "cell-count" 56
 15 -1 1 358
 15 3 1 97
 15 -2 -3 14
 15 -1 0 114
 15 -1 -1 89
 15 -1 2 196
 15 -2 0 128
 15 -2 2 73
 15 0 -1 121
 15 2 2 264
 15 0 2 9
 15 -4 2 349
 15 -1 -2 263
 15 1 0 305
 15 1 2 155
 15 3 0 316
 15 0 -2 63
 15 0 1 185
 15 1 1 38
 15 2 1 21
 15 -1 -3 62
 15 2 0 341
 15 -3 2 172
 15 1 -1 293
 15 0 0 70
 15 1 -2 69
 15 2 -1 221
 15 -2 1 355
 55 -3 1 95
 5 0 3 322
 55 4 1 274
 5 -4 1 41
 55 -3 0 316
 55 -2 -1 237
 5 0 -3 148
 5 2 -3 340
 55 -1 3 206
 5 1 3 167
 55 4 -1 314
 5 2 -2 227
 5 3 -2 339
 55 -1 4 4
 5 3 -1 85
 55 -2 -2 157
 55 3 2 142
 5 3 3 235
 55 -3 -1 272
 5 -4 -1 167
 5 -3 3 3
 5 -2 3 50
 5 -3 -2 201
 5 3 -3 167
 55 1 -3 54
 55 4 0 128
 55 0 4 160
 5 2 3 19
 "contig-ratio-green-core" 1
 "contig-ratio-red-core" 0.5294117647058824
 "a-count" 0
 "b-count" 15
 "c-color-count" 13
 "c-express-count" 13
 "d-color-count" 28
 "d-express-count" 28
 "cell-count" 56
 15 2 3 297
 15 0 2 33
 15 0 -2 121
 15 0 -1 236
 15 -3 -1 183
 15 1 -2 146
 15 1 -1 167
 15 1 1 265
 15 -2 1 330
 15 -1 -2 221
 15 -1 -1 346
 15 0 1 75
 15 -2 0 187
 15 2 0 40
 15 0 3 241
 15 2 -1 270
 15 0 0 89
 15 -1 0 47
 15 1 0 167
 15 2 2 253
 15 2 1 64
 15 1 2 156
 15 -2 -1 72
 15 0 4 41
 15 -3 0 261
 15 3 2 343
 15 -1 1 212
 15 1 3 190
 5 3 3 264
 55 -1 2 238
 55 1 -3 152
 5 4 0 130
 5 -3 2 152
 5 4 1 71
 55 3 -2 5
 5 -2 -2 103
 55 -2 2 346
 55 3 0 278
 5 -2 3 143
 5 1 4 135
 5 -3 3 60
 55 0 -4 348
 55 2 -3 66
 5 -3 1 338
 5 4 -1 145
 55 0 -3 308
 55 3 -1 137
 5 1 -4 173
 5 -1 -4 102
 55 3 -3 68
 5 2 -2 191
 55 -1 3 213
 55 3 1 342
 55 -1 -3 316
 5 -1 4 23
 5 -2 -3 26
 "contig-ratio-green-core" 0.8461538461538461
 "contig-ratio-red-core" 0.5294117647058824
 "a-count" 0
 "b-count" 14
 "c-color-count" 14
 "c-express-count" 14
 "d-color-count" 28
 "d-express-count" 28
 "cell-count" 56
 15 -3 0 45
 15 1 -1 84
 15 0 -2 354
 15 1 -2 338
 15 0 -4 354
 15 -1 -1 156
 15 -2 0 147
 15 0 -1 235
 15 0 -1 75
 15 2 -1 104
 15 -2 -2 268
 15 0 1 157
 15 -1 0 144
 15 0 0 56
 15 -1 0 98
 15 -2 -3 318
 15 -1 -1 238
 15 1 0 16
 15 -1 -2 185
 15 2 0 233
 15 -3 -1 312
 15 0 0 242
 15 -2 -1 156
 15 -1 2 112
 15 -1 1 339
 15 -1 -3 173
 15 -3 -2 136
 15 0 -3 217
 5 -2 1 313
 5 3 0 43
 55 -3 -3 150
 55 -1 3 190
 55 2 -2 289
 55 1 4 136
 5 2 -3 60
 5 2 1 348
 5 1 1 29
 55 -3 -2 356
 55 3 -2 176
 55 2 4 198
 5 2 2 268
 55 1 3 186
 5 -4 -1 141
 5 -2 2 128
 55 4 -2 312
 5 -3 1 189
 55 0 2 300
 55 -4 0 16
 55 0 3 129
 55 -1 4 238
 5 1 -4 330
 5 -4 1 19
 5 -4 -2 45
 5 -2 3 95
 55 -3 0 81
 5 0 4 244
 "contig-ratio-green-core" 0.8333333333333334
 "contig-ratio-red-core" 0.4666666666666667
 "a-count" 0
 "b-count" 18
 "c-color-count" 10
 "c-express-count" 10
 "d-color-count" 28
 "d-express-count" 28
 "cell-count" 56
 15 0 -2 64
 15 2 1 64
 15 -1 1 325
 15 -1 2 224
 15 2 2 199
 15 -2 1 29
 15 1 -1 120
 15 3 0 274
 15 -3 1 185
 15 2 0 105
 15 3 1 25
 15 3 -1 356
 15 0 -1 10
 15 -4 2 267
 15 -2 2 267
 15 1 0 357
 15 -1 -2 153
 15 -3 2 53
 15 0 -3 36
 15 1 -2 0
 15 1 1 333
 15 2 -2 282
 15 0 1 143
 15 2 -1 250
 15 1 -3 179
 15 -1 -1 132
 15 -1 0 104
 15 0 0 253
 55 0 3 98
 55 -3 -2 114
 55 -4 -1 146
 5 3 2 236
 5 -1 3 121
 5 1 3 336
 55 0 2 254
 55 1 4 311
 5 -2 -2 355
 5 -2 0 186
 5 -2 -1 281
 55 -5 -1 243
 5 -1 -3 152
 5 -1 -4 307
 5 -4 1 315
 5 -3 -3 182
 5 2 3 76
 5 0 -4 222
 5 1 -4 230
 55 -3 -1 290
 55 -1 4 260
 55 1 2 330
 5 -3 0 112
 55 0 4 295
 5 3 -2 270
 5 -4 0 9
 5 3 3 350
 5 -2 3 234
 "contig-ratio-green-core" 0.5
 "contig-ratio-red-core" 0.1111111111111111
