 "a-count" 0
 "b-count" 18
 "c-color-count" 10
 "c-express-count" 10
 "d-color-count" 28
 "d-express-count" 28
 "cell-count" 56
 15 3 0 68
 15 -4 1 54
 15 1 0 224
 15 0 -1 313
 15 -1 0 151
 15 0 0 307
 15 2 0 298
 15 2 -1 104
 15 -1 3 95
 15 -4 0 137
 15 1 -1 255
 15 -1 -1 210
 15 -1 1 299
 15 0 -3 242
 15 1 1 165
 15 1 2 153
 15 0 1 95
 15 -1 2 199
 15 1 -3 64
 15 1 -1 28
 15 2 -1 261
 15 3 -1 157
 15 0 3 314
 15 0 2 236
 15 0 -1 345
 15 0 -2 123
 15 2 -2 232
 15 1 -2 296
 55 4 0 157
 5 -2 -3 106
 5 -4 -1 39
 5 -1 -3 150
 5 1 -4 300
 5 2 1 316
 55 -2 1 123
 5 3 -2 34
 5 3 2 193
 5 2 3 115
 55 -3 0 209
 5 -3 -1 116
 55 -3 2 226
 5 -2 0 255
 55 4 -2 156
 5 -2 3 15
 55 4 1 299
 55 -1 -2 288
 55 -3 1 164
 55 4 -1 32
 5 -3 -3 28
 5 1 3 152
 55 -2 -2 289
 5 -3 -2 3
 5 -1 -4 298
 5 2 2 36
 5 -2 -1 11
 5 2 -3 200
 "contig-ratio-green-core" 0.7142857142857143
 "contig-ratio-red-core" 0.35294117647058826
 "a-count" 0
 "b-count" 11
 "c-color-count" 17
 "c-express-count" 17
 "d-color-count" 28
 "d-express-count" 28
 "cell-count" 56
 15 -1 -2 352
 15 0 -3 344
 15 2 -1 359
 15 1 2 316
 15 -2 -1 151
 15 -3 -2 190
 15 -1 -3 47
 15 4 0 287
 15 4 -1 354
 15 1 1 7
 15 3 0 125
 15 -1 -4 283
 15 2 0 63
 15 -2 1 164
 15 0 1 330
 15 3 -1 141
 15 0 3 269
 15 -4 -1 104
 15 1 3 103
 15 -2 0 318
 15 -1 1 266
 15 -1 2 135
 15 2 1 307
 15 -3 0 98
 15 0 2 138
 15 -2 -2 165
 15 1 0 94
 15 -3 -1 202
 5 -1 -1 261
 55 3 2 205
 55 -3 2 36
 55 1 -3 107
 5 2 -2 167
 5 -3 3 267
 5 1 -4 156
 5 -4 1 220
 55 1 -1 74
 55 -3 -3 154
 5 -1 0 20
 55 0 -1 352
 5 4 1 309
 55 1 -2 286
 55 -2 3 148
 5 2 -3 313
 55 -4 0 201
 5 2 3 204
 5 -1 4 312
 55 0 0 121
 55 -3 1 359
 55 0 4 67
 55 1 4 264
 55 0 -2 34
 55 2 2 242
 55 -1 3 173
 55 -2 2 192
 5 3 -3 122
 "contig-ratio-green-core" 1
 "contig-ratio-red-core" 0.5
 "a-count" 0
 "b-count" 18
 "c-color-count" 10
 "c-express-count" 10
 "d-color-count" 28
 "d-express-count" 28
 "cell-count" 56
 15 0 -1 144
 15 2 -1 46
 15 2 0 354
 15 -3 -1 98
 15 0 0 284
 15 -2 -2 293
 15 1 1 173
 15 0 1 290
 15 2 2 250
 15 3 2 259
 15 -4 0 181
 15 -2 2 217
 15 -1 -1 148
 15 1 -2 97
 15 2 -3 151
 15 1 -1 74
 15 -2 0 168
 15 -2 1 10
 15 -3 0 116
 15 -1 1 169
 15 -1 0 270
 15 -2 -1 19
 15 2 -2 118
 15 4 2 193
 15 3 1 235
 15 -3 1 75
 15 2 1 9
 15 1 0 72
 5 0 3 104
 55 4 -1 320
 5 1 -3 144
 5 -4 1 18
 55 5 -1 45
 55 0 2 111
 5 -3 2 141
 55 -1 -3 57
 5 -2 -3 275
 5 0 -3 223
 5 -1 3 189
 5 2 3 212
 55 5 0 26
 55 1 2 140
 5 -3 -2 296
 5 3 3 173
 55 0 -4 307
 5 1 4 339
 55 -1 2 340
 5 1 -4 104
 5 0 -2 260
 5 3 0 166
 55 1 3 298
 5 -1 4 193
 55 -1 -4 308
 5 0 4 43
 5 -2 3 230
 5 -3 3 193
 "contig-ratio-green-core" 0.5555555555555556
 "contig-ratio-red-core" 0.15789473684210525
