 "a-count" 0
 "b-count" 18
 "c-color-count" 10
 "c-express-count" 10
 "d-color-count" 28
 "d-express-count" 28
 "cell-count" 56
 15 0 -2 82
 15 1 -1 357
 15 0 2 0
 15 2 1 262
 15 1 2 150
 15 4 1 204
 15 -2 0 18
 15 2 2 325
 15 -1 -2 33
 15 2 -1 293
 15 0 -1 130
 15 1 -2 298
 15 -1 3 322
 15 -1 2 96
 15 -3 1 206
 15 0 0 235
 15 -1 -1 186
 15 -1 0 253
 15 -2 1 358
 15 3 0 336
 15 1 1 255
 15 -1 1 122
 15 2 0 163
 15 1 0 249
 15 0 -3 23
 15 3 2 126
 15 3 1 9
 15 0 1 188
 55 -3 -1 48
 5 2 3 333
 5 -2 -3 88
 55 1 3 68
 5 -4 -1 322
 55 0 3 264
 5 -1 -4 64
 5 -3 3 351
 55 -4 1 166
 55 3 3 151
 5 -3 -2 326
 5 4 2 154
 5 -1 4 103
 5 -2 -1 311
 5 3 -2 84
 55 4 0 101
 5 1 4 15
 5 -2 2 113
 5 -2 -2 172
 55 4 -2 3
 55 -4 0 294
 5 -3 2 141
 5 1 -3 30
 55 -3 0 294
 5 -2 3 272
 55 4 -1 334
 5 2 -2 233
 5 0 4 6
 "contig-ratio-green-core" 1
 "contig-ratio-red-core" 0.375
 "a-count" 0
 "b-count" 16
 "c-color-count" 12
 "c-express-count" 12
 "d-color-count" 28
 "d-express-count" 28
 "cell-count" 56
 15 -1 3 15
 15 0 1 160
 15 -4 -1 223
 15 3 -3 252
 15 0 3 156
 15 1 1 196
 15 -1 0 42
 15 -2 0 2
 15 -1 -2 297
 15 1 3 230
 15 -1 1 269
 15 1 -1 88
 15 2 3 211
 15 0 -2 233
 15 -1 -3 187
 15 -4 0 105
 15 -1 2 157
 15 -3 -1 236
 15 0 0 55
 15 -3 0 323
 15 1 2 344
 15 -2 -1 298
 15 -1 4 193
 15 0 2 290
 15 1 0 134
 15 -1 -1 65
 15 1 -2 206
 15 0 -1 104
 5 -3 2 312
 5 1 4 33
 5 2 2 35
 55 -2 -2 113
 5 2 -3 344
 5 -2 -3 7
 55 3 1 251
 5 -1 -4 322
 5 0 -4 136
 55 2 -1 14
 5 2 -2 331
 55 0 -3 9
 55 -3 -2 115
 5 -3 -3 349
 55 -2 1 246
 5 -2 3 52
 5 -2 2 54
 5 2 1 290
 5 2 0 247
 55 3 -1 181
 5 4 1 226
 5 1 -4 29
 5 -3 3 226
 55 -3 1 38
 55 -4 1 313
 55 1 -3 254
 55 3 0 151
 55 3 -2 337
 "contig-ratio-green-core" 1
 "contig-ratio-red-core" 0.38095238095238093
 "a-count" 0
 "b-count" 17
 "c-color-count" 11
 "c-express-count" 11
 "d-color-count" 28
 "d-express-count" 28
 "cell-count" 56
 15 3 0 174
 15 1 1 53
 15 0 0 191
 15 -1 1 230
 15 1 -1 302
 15 -2 3 266
 15 2 1 226
 15 2 2 175
 15 1 2 154
 15 -1 -1 101
 15 -3 3 256
 15 0 1 204
 15 3 1 58
 15 -1 -2 37
 15 1 -2 213
 15 1 -4 349
 15 -1 2 187
 15 -1 0 283
 15 0 2 38
 15 1 -3 250
 15 1 -5 119
 15 2 0 64
 15 2 3 59
 15 1 0 158
 15 0 -2 39
 15 -1 3 244
 15 0 -1 331
 15 2 -1 179
 55 3 -1 275
 5 0 4 132
 5 3 -3 136
 55 -2 -4 99
 5 2 -3 231
 5 1 4 190
 5 -2 -1 0
 55 4 0 345
 5 -4 0 212
 5 -3 0 172
 55 -2 1 2
 5 -1 -3 262
 55 -4 -2 198
 55 4 -1 9
 55 -2 2 160
 5 3 2 10
 5 0 3 127
 55 4 1 211
 5 0 -4 212
 55 3 -2 201
 5 1 3 299
 5 -2 -2 246
 55 -2 -3 44
 5 -3 2 252
 5 -1 4 207
 5 -2 0 182
 5 2 -2 188
 55 -4 -1 352
 "contig-ratio-green-core" 0.625
 "contig-ratio-red-core" 0.29411764705882354
