 "a-count" 0
 "b-count" 14
 "c-color-count" 14
 "c-express-count" 14
 "d-color-count" 28
 "d-express-count" 28
 "cell-count" 56
 15 -1 1 301
 15 -2 3 110
 15 2 -3 181
 15 -3 -2 114
 15 2 1 21
 15 1 1 156
 15 3 2 242
 15 -3 -3 52
 15 3 3 257
 15 4 1 285
 15 -3 -1 248
 15 4 0 330
 15 -4 1 162
 15 3 -1 170
 15 2 -1 37
 15 -2 2 289
 15 -4 0 166
 15 0 1 74
 15 -1 2 243
 15 2 0 192
 15 1 0 199
 15 -2 -2 208
 15 1 -1 26
 15 4 2 135
 15 3 1 183
 15 3 0 35
 15 0 -2 230
 15 -1 -2 128
 55 0 3 172
 55 0 -1 144
 55 -3 1 176
 55 1 3 168
 5 0 -4 310
 55 -2 -1 46
 5 1 -2 280
 5 2 3 182
 55 2 -2 284
 5 2 2 52
 55 -3 0 142
 5 0 4 114
 5 -3 2 51
 55 3 -2 158
 55 -2 1 229
 55 -1 0 150
 55 0 0 276
 55 -2 0 61
 5 -4 -1 176
 5 -4 -2 244
 5 1 -4 214
 5 0 -3 21
 5 -1 3 101
 5 1 4 50
 55 1 2 328
 55 -1 -1 159
 5 -2 -3 30
 5 -3 3 204
 "contig-ratio-green-core" 1.1818181818181819
 "contig-ratio-red-core" 0.47619047619047616
 "a-count" 0
 "b-count" 16
 "c-color-count" 12
 "c-express-count" 12
 "d-color-count" 28
 "d-express-count" 28
 "cell-count" 56
 15 -1 0 127
 15 0 3 19
 15 0 -1 278
 15 1 -1 216
 15 -2 2 2
 15 0 -2 190
 15 -1 -1 100
 15 2 2 133
 15 1 0 343
 15 -1 1 212
 15 -1 -2 5
 15 2 3 104
 15 1 1 222
 15 -2 1 325
 15 1 -4 312
 15 1 3 109
 15 1 2 174
 15 -1 3 80
 15 3 -2 172
 15 -2 -2 246
 15 -2 0 54
 15 2 0 113
 15 0 0 334
 15 -2 -1 337
 15 0 2 258
 15 -1 2 230
 15 2 1 31
 15 0 1 138
 5 -4 1 229
 55 0 -4 122
 5 -3 0 43
 5 -1 -4 344
 5 4 -1 139
 55 0 4 82
 5 -4 -1 24
 55 2 -2 77
 55 0 -3 3
 55 1 -2 125
 55 3 1 64
 5 -2 3 99
 5 4 0 148
 55 -1 -3 2
 5 -3 -3 257
 55 2 -1 174
 5 -3 -2 174
 5 2 -3 231
 5 3 -3 134
 55 1 -3 246
 5 1 4 90
 55 3 -1 330
 5 3 3 80
 55 -1 4 8
 5 -4 0 235
 55 3 0 314
 5 3 2 20
 5 4 1 343
 "contig-ratio-green-core" 0.7272727272727273
 "contig-ratio-red-core" 0.5333333333333333
 "a-count" 0
 "b-count" 17
 "c-color-count" 11
 "c-express-count" 11
 "d-color-count" 28
 "d-express-count" 28
 "cell-count" 56
 15 0 2 260
 15 -1 1 268
 15 -3 2 100
 15 -2 -1 333
 15 -4 0 103
 15 -1 3 199
 15 1 4 178
 15 2 -2 316
 15 2 -3 350
 15 3 -1 165
 15 -2 1 86
 15 0 3 88
 15 2 -4 292
 15 2 -1 31
 15 -2 0 322
 15 -1 2 76
 15 1 0 353
 15 1 -4 264
 15 -2 2 123
 15 -3 0 322
 15 1 -1 13
 15 0 1 93
 15 -3 1 182
 15 -3 -1 305
 15 3 -2 293
 15 1 3 132
 15 2 0 300
 15 0 4 351
 5 4 1 329
 5 2 3 95
 5 1 -3 305
 55 -1 -2 7
 5 -4 1 351
 5 2 1 110
 55 0 0 66
 5 -1 -3 314
 55 0 -2 29
 5 3 -3 129
 55 -1 0 240
 55 -2 -2 193
 5 4 -1 109
 55 3 0 203
 5 0 -3 302
 5 -2 -3 296
 55 0 -1 228
 5 -4 -1 48
 5 -3 -3 23
 55 1 1 108
 5 3 1 220
 5 2 2 33
 5 0 -4 134
 55 -1 -1 245
 5 1 -2 37
 5 -2 3 284
 55 4 0 279
 55 1 2 44
 "contig-ratio-green-core" 1.1111111111111112
 "contig-ratio-red-core" 0.36363636363636365
 "a-count" 0
 "b-count" 14
 "c-color-count" 14
 "c-express-count" 14
 "d-color-count" 28
 "d-express-count" 28
 "cell-count" 56
 15 -1 0 355
 15 1 2 350
 15 1 0 213
 15 2 -2 148
 15 2 -1 213
 15 1 -1 184
 15 0 1 160
 15 -1 2 47
 15 0 2 131
 15 2 0 31
 15 1 -3 331
 15 0 0 231
 15 -1 3 328
 15 0 -3 32
 15 2 1 164
 15 -2 -1 138
 15 -1 1 180
 15 1 -2 207
 15 0 -1 184
 15 -3 0 152
 15 -1 -1 335
 15 0 -2 30
 15 2 2 349
 15 -3 -2 122
 15 1 1 55
 15 0 3 144
 15 0 4 84
 15 -3 -1 10
 5 1 3 143
 5 3 -3 91
 5 1 4 183
 55 1 -4 327
 5 -3 -3 334
 55 -1 -3 305
 5 2 3 221
 55 -2 1 327
 5 4 1 234
 5 -2 -3 292
 5 -3 3 19
 55 4 -2 193
 55 4 0 5
 55 -3 1 174
 55 -4 -1 99
 55 3 3 110
 5 3 -1 323
 5 -4 1 11
 55 4 -1 208
 55 3 2 53
 55 -2 2 78
 5 -2 3 217
 5 0 -4 59
 5 3 1 255
 55 3 -2 167
 5 -1 -2 279
 55 -4 0 197
 55 -1 -4 76
 "contig-ratio-green-core" 0.5555555555555556
 "contig-ratio-red-core" 0.47368421052631576
