 "a-count" 8
 "b-count" 4
 "c-color-count" 24
 "c-express-count" 24
 "d-color-count" 21
 "d-express-count" 20
 "cell-count" 56
 15 3 2 52
 105 -4 -1 106
 15 -3 0 173
 15 -3 -1 239
 15 3 1 166
 15 3 -2 339
 15 2 3 94
 15 -2 3 167
 15 2 -3 277
 15 0 -3 324
 15 -4 0 5
 105 -1 -4 186
 105 -3 -2 92
 15 1 -4 268
 15 1 3 24
 15 0 3 278
 105 0 4 44
 15 -1 -2 149
 105 4 0 112
 15 3 0 123
 15 0 -4 117
 15 3 3 82
 105 1 4 151
 15 2 -2 265
 15 3 -1 283
 105 2 -1 195
 15 1 -3 229
 15 -1 -3 149
 55 -1 3 14
 5 2 -4 57
 55 0 0 352
 55 1 -2 89
 55 1 2 214
 55 -2 1 325
 55 1 1 29
 55 -1 0 147
 55 -2 2 344
 5 -1 1 141
 55 -1 2 267
 5 -3 -3 153
 55 1 0 189
 5 -3 3 162
 55 1 -1 294
 55 2 2 342
 55 0 2 203
 55 0 -2 299
 55 2 0 62
 55 -3 2 45
 55 0 -1 106
 55 2 1 54
 55 3 -3 195
 55 4 1 218
 55 -4 2 70
 55 -1 4 281
 55 -1 -1 119
 55 -2 0 161
 "contig-ratio-green-core" 0.6875
 "contig-ratio-red-core" 0.5294117647058824
 "a-count" 5
 "b-count" 5
 "c-color-count" 23
 "c-express-count" 23
 "d-color-count" 24
 "d-express-count" 23
 "cell-count" 56
 15 -2 -3 61
 15 -2 0 144
 105 2 2 341
 15 2 3 56
 15 -2 -2 326
 15 0 -3 321
 15 1 -3 311
 15 -3 3 23
 15 -1 -2 106
 15 3 -1 314
 15 3 2 1
 15 -1 3 301
 15 -2 4 6
 15 -2 3 342
 15 4 -2 219
 15 3 3 281
 15 4 -1 273
 15 -1 4 18
 15 0 3 273
 15 -1 -3 231
 15 3 -2 191
 105 1 -4 17
 15 0 -4 313
 105 -3 -2 335
 15 -3 -1 166
 15 -2 -1 163
 15 -2 2 112
 105 -3 2 188
 55 -1 -1 118
 55 1 1 120
 55 -1 -4 114
 55 1 -2 288
 5 3 0 184
 55 0 -2 213
 55 2 0 347
 55 -3 1 78
 55 -4 1 246
 55 2 -1 232
 55 0 0 163
 55 -1 0 28
 55 -4 0 250
 55 2 -2 156
 55 0 2 184
 55 0 -1 344
 55 3 1 121
 55 -1 2 77
 5 3 -3 352
 5 -3 -3 241
 55 1 2 297
 55 1 0 87
 55 -1 1 181
 55 2 1 86
 55 0 1 43
 5 2 -3 29
 5 -4 -1 102
 55 -2 1 213
 "contig-ratio-green-core" 0.75
 "contig-ratio-red-core" 0.5
 "a-count" 6
 "b-count" 8
 "c-color-count" 20
 "c-express-count" 20
 "d-color-count" 23
 "d-express-count" 22
 "cell-count" 56
 15 -4 -1 314
 15 2 -1 122
 15 3 3 207
 15 -1 -3 190
 15 -2 4 324
 15 2 2 250
 15 3 1 311
 105 -3 -3 274
 15 0 -2 245
 105 -2 -3 13
 15 1 -2 178
 15 -5 0 9
 15 -3 1 140
 15 -4 0 87
 15 3 2 84
 15 -4 1 285
 15 2 -2 257
 105 1 -4 201
 15 0 -3 108
 15 -1 4 85
 15 2 1 197
 15 2 0 243
 105 4 0 149
 15 3 -1 350
 15 -1 -4 209
 15 -5 1 111
 105 1 -1 314
 15 0 -4 347
 5 3 0 347
 55 -2 -2 67
 55 -3 0 219
 55 -2 1 160
 55 0 3 326
 55 1 1 195
 5 -1 -1 194
 55 -2 0 46
 55 0 -1 109
 55 1 4 324
 55 -2 2 278
 55 0 0 143
 55 -1 1 266
 5 -1 -2 30
 55 -1 0 273
 55 0 1 175
 55 -2 -1 321
 5 1 2 146
 55 1 0 275
 5 -3 -1 95
 5 -1 2 126
 55 1 3 184
 5 -3 3 152
 55 2 3 193
 55 0 2 334
 55 3 -2 340
 5 1 -3 64
 55 4 1 325
 "contig-ratio-green-core" 0.7
 "contig-ratio-red-core" 0.3333333333333333
 "a-count" 7
 "b-count" 5
 "c-color-count" 23
 "c-express-count" 23
 "d-color-count" 22
 "d-express-count" 21
 "cell-count" 56
 105 3 0 35
 15 3 -2 93
 15 -1 -4 129
 15 2 0 315
 15 3 2 258
 15 2 1 28
 15 1 1 277
 15 1 2 93
 15 3 -1 300
 15 0 -4 186
 15 -2 -4 109
 105 4 -1 90
 15 0 -3 318
 105 2 -3 321
 15 -2 3 313
 15 -2 2 231
 105 4 0 325
 15 -3 -3 274
 15 -3 2 275
 105 3 3 338
 15 3 1 160
 15 1 -3 46
 15 -2 1 280
 15 2 2 244
 15 -2 4 113
 15 -2 -3 161
 105 1 -4 117
 15 -1 4 93
 55 0 3 342
 55 -3 -2 226
 55 1 -2 233
 55 -2 0 71
 55 1 0 179
 5 -4 -1 83
 55 -2 -2 273
 55 0 2 22
 5 -3 1 135
 55 -1 0 127
 55 -1 2 95
 55 1 4 82
 55 -1 -1 150
 5 2 3 85
 55 0 1 354
 55 -1 1 121
 55 1 3 272
 55 2 -2 6
 55 4 1 77
 55 1 -1 179
 55 -1 3 191
 55 -2 -1 189
 55 2 -1 344
 55 0 -2 302
 55 -1 -2 179
 55 0 0 60
 5 -3 -1 265
 5 -4 0 338
 "contig-ratio-green-core" 0.631578947368421
 "contig-ratio-red-core" 0.7894736842105263
