 "a-count" 8
 "b-count" 4
 "c-color-count" 24
 "c-express-count" 24
 "d-color-count" 21
 "d-express-count" 20
 "cell-count" 56
 15 -4 2 284
 105 -2 2 251
 15 -4 1 270
 105 -3 1 241
 105 1 3 63
 15 4 1 5
 105 3 -3 299
 15 4 -1 37
 105 -4 -1 177
 15 0 4 212
 15 -4 3 277
 15 1 -3 314
 15 4 0 206
 15 1 -4 82
 15 3 1 122
 15 5 0 39
 15 3 3 172
 105 -3 2 140
 15 -1 -3 155
 15 -1 -4 24
 15 1 -5 252
 15 3 0 13
 15 2 3 57
 15 0 -4 18
 15 -1 4 200
 105 3 2 18
 15 -4 0 223
 15 1 4 337
 55 0 -2 82
 55 1 -1 314
 55 1 0 184
 55 -1 -1 191
 55 2 -1 14
 55 1 1 35
 55 0 0 168
 5 -3 -1 216
 5 -2 -2 230
 55 -1 -2 117
 55 1 2 283
 55 -1 2 339
 55 -2 0 4
 55 -1 1 53
 55 -2 -1 17
 55 0 1 125
 55 0 2 95
 55 2 0 309
 55 2 -2 335
 55 -2 1 74
 55 0 3 9
 5 2 2 299
 55 -1 0 222
 55 2 1 227
 55 0 -1 159
 55 0 -3 55
 5 -2 3 203
 55 1 -2 59
 "contig-ratio-green-core" 0.5
 "contig-ratio-red-core" 0.3125
 "a-count" 10
 "b-count" 8
 "c-color-count" 20
 "c-express-count" 20
 "d-color-count" 19
 "d-express-count" 18
 "cell-count" 56
 105 3 3 221
 15 -2 -2 212
 15 -2 2 33
 15 -2 -3 44
 15 -1 -3 85
 15 2 2 168
 15 1 -3 205
 15 -3 -2 283
 15 -3 -1 59
 105 2 -3 116
 15 -2 3 340
 15 -1 -2 300
 15 4 -1 163
 15 0 4 183
 15 -3 3 132
 15 3 1 108
 15 -4 -1 263
 15 4 0 209
 15 -1 4 265
 105 2 3 133
 15 0 -3 306
 105 0 -2 309
 105 1 2 245
 105 2 -1 75
 105 3 2 203
 105 3 -2 331
 15 4 1 150
 105 1 4 149
 55 1 -1 4
 5 -3 1 243
 5 -2 4 261
 55 -1 0 65
 55 3 0 125
 5 -3 -3 6
 55 -1 1 16
 55 0 -1 154
 55 -1 3 296
 5 3 -1 290
 5 -4 0 169
 55 2 1 177
 55 -2 1 123
 55 2 0 236
 55 -2 -1 317
 55 0 2 215
 55 0 0 243
 55 -2 0 315
 55 -1 2 39
 55 1 -2 89
 55 1 1 226
 55 -1 -1 356
 5 -3 0 207
 5 2 -2 112
 55 1 0 285
 5 -3 2 199
 55 0 1 296
 55 0 3 166
 "contig-ratio-green-core" 0.7857142857142857
 "contig-ratio-red-core" 0.4375
 "a-count" 2
 "b-count" 5
 "c-color-count" 23
 "c-express-count" 23
 "d-color-count" 26
 "d-express-count" 26
 "cell-count" 56
 15 1 -2 255
 15 -3 -3 126
 105 -3 2 26
 15 0 -2 115
 15 1 2 296
 15 3 -3 158
 105 2 3 87
 15 1 3 270
 15 -3 0 26
 15 0 -3 222
 15 -1 3 86
 15 2 2 241
 15 0 2 20
 15 2 -3 95
 15 -4 0 188
 15 -3 1 13
 15 1 -3 309
 15 2 -2 41
 15 -1 -3 314
 15 -1 -4 179
 15 0 1 314
 15 0 3 141
 15 -4 1 99
 15 -1 4 33
 15 0 4 150
 15 -4 -1 85
 15 -2 -3 332
 15 3 -2 197
 55 -2 3 317
 55 -1 0 309
 5 2 -4 348
 55 -1 1 236
 55 1 0 76
 55 2 -1 143
 55 4 -1 4
 55 2 1 0
 5 0 -4 172
 55 -2 4 326
 55 -3 -1 199
 55 -2 2 191
 55 0 0 148
 55 0 -1 47
 55 3 -1 205
 5 4 1 27
 55 2 0 303
 55 4 0 304
 5 1 -4 150
 55 3 1 223
 55 -2 -1 314
 55 -2 0 225
 55 -1 -2 200
 55 -2 1 301
 5 -3 -2 249
 55 1 -1 165
 55 3 0 348
 55 -1 -1 248
 "contig-ratio-green-core" 0.6470588235294118
 "contig-ratio-red-core" 0.5416666666666666
 "a-count" 5
 "b-count" 3
 "c-color-count" 25
 "c-express-count" 25
 "d-color-count" 24
 "d-express-count" 23
 "cell-count" 56
 15 3 -3 259
 15 2 2 111
 15 2 -3 43
 15 -1 -4 202
 15 1 3 222
 15 3 1 136
 15 -3 -2 250
 15 0 3 61
 15 -4 -1 264
 15 -4 1 310
 15 1 -2 92
 15 0 -4 95
 105 -3 -3 11
 15 -3 1 39
 15 3 3 65
 15 2 3 191
 15 -4 -2 205
 105 1 -3 337
 15 -4 0 4
 15 1 2 203
 15 -3 2 353
 105 0 -3 316
 15 1 -4 252
 15 0 4 341
 105 -1 -3 144
 15 4 -1 30
 15 2 -2 203
 15 0 -2 341
 55 -1 -1 245
 55 -2 3 290
 55 -2 -2 314
 55 1 0 224
 55 4 0 123
 5 -1 3 301
 55 3 0 70
 55 0 0 99
 5 -2 -3 45
 5 -1 2 333
 55 -2 -1 103
 55 -2 1 75
 55 -2 0 152
 55 1 -1 151
 55 -1 -2 157
 55 -1 1 337
 55 -2 2 198
 55 0 -1 34
 55 -1 0 215
 55 0 2 53
 55 -3 0 28
 55 2 -1 23
 55 2 1 140
 55 3 -1 36
 55 1 1 209
 55 1 4 60
 55 2 0 86
 55 0 1 25
 "contig-ratio-green-core" 0.75
 "contig-ratio-red-core" 0.6
