 "a-count" 3
 "b-count" 2
 "c-color-count" 26
 "c-express-count" 26
 "d-color-count" 26
 "d-express-count" 25
 "cell-count" 56
 15 2 -2 176
 15 -2 2 215
 15 4 -2 128
 15 -3 1 43
 15 3 2 2
 15 2 -3 210
 15 0 4 356
 15 -2 -3 307
 15 -1 4 320
 15 -3 3 117
 15 -3 0 135
 15 -2 0 156
 15 -2 1 66
 15 0 -2 232
 15 -4 -1 315
 15 4 3 4
 15 1 3 345
 15 3 -3 235
 15 1 -2 188
 105 0 -4 8
 15 2 3 263
 15 -3 -2 305
 105 -3 -3 180
 15 1 2 1
 15 4 1 99
 15 -3 -1 161
 15 4 2 10
 15 1 -3 234
 55 3 0 189
 55 -2 3 157
 55 1 0 65
 55 4 0 4
 55 -1 -1 152
 55 1 1 183
 5 -3 2 260
 55 0 -1 11
 55 2 1 118
 55 3 1 5
 55 2 -1 288
 55 -1 1 304
 5 -1 -3 264
 55 2 0 48
 55 4 -1 54
 55 3 -2 272
 55 1 -4 68
 55 -2 -2 205
 55 0 1 146
 55 -1 3 287
 55 1 -1 97
 55 -1 0 11
 55 0 0 252
 55 -4 1 25
 55 3 -1 191
 55 0 3 135
 55 -1 2 64
 55 -1 -2 329
 "contig-ratio-green-core" 0.9444444444444444
 "contig-ratio-red-core" 0.7391304347826086
 "a-count" 8
 "b-count" 3
 "c-color-count" 25
 "c-express-count" 25
 "d-color-count" 21
 "d-express-count" 20
 "cell-count" 56
 15 -2 3 311
 105 4 0 236
 15 3 3 135
 15 -3 -1 144
 105 -1 -4 153
 15 2 2 165
 15 0 3 240
 15 -3 3 53
 105 -1 4 161
 105 4 -1 34
 105 -3 2 24
 105 4 1 60
 15 -1 3 214
 15 3 -1 167
 15 1 -4 357
 15 -2 -1 227
 15 -1 -3 36
 15 3 1 251
 15 -3 -2 212
 15 3 0 116
 15 -1 -2 215
 15 -2 -3 74
 15 -2 2 41
 15 1 -3 152
 15 -2 -2 33
 15 1 3 230
 15 3 -2 355
 105 0 -4 106
 55 1 -2 323
 55 -4 0 220
 55 0 0 336
 55 0 -2 184
 55 2 0 301
 55 2 1 319
 55 -3 0 194
 55 -1 -1 293
 55 0 2 148
 55 -1 0 197
 55 2 -1 112
 55 2 3 37
 5 1 4 139
 55 0 4 250
 55 -2 0 309
 55 2 -2 182
 55 1 0 70
 55 1 2 309
 55 -1 2 41
 55 1 -1 89
 55 0 1 52
 55 0 -1 316
 55 -2 1 52
 5 2 -3 184
 5 -3 -3 116
 55 3 2 218
 55 -1 1 297
 55 1 1 288
 "contig-ratio-green-core" 0.8571428571428571
 "contig-ratio-red-core" 0.8235294117647058
 "a-count" 6
 "b-count" 3
 "c-color-count" 25
 "c-express-count" 25
 "d-color-count" 22
 "d-express-count" 22
 "cell-count" 56
 15 1 4 24
 15 -1 2 106
 15 -1 -3 155
 15 -2 2 121
 15 -3 3 329
 15 2 -1 281
 105 -4 -1 183
 15 -1 3 245
 15 2 -2 33
 15 2 0 303
 15 3 0 217
 15 -4 0 292
 15 -3 1 344
 15 -3 -3 146
 105 4 -1 179
 105 1 -3 323
 15 -2 3 213
 15 3 -1 223
 15 3 -2 58
 15 -2 -3 152
 15 -3 0 199
 15 2 1 196
 15 0 -3 97
 105 0 -4 94
 15 1 -2 201
 105 3 1 77
 15 -3 2 13
 105 -1 -4 330
 55 1 0 281
 55 1 3 228
 55 -4 1 184
 55 0 -1 14
 55 -3 -2 306
 55 0 1 93
 55 4 0 74
 55 -1 0 314
 55 -3 -1 270
 55 -1 -1 44
 55 2 3 168
 55 3 3 160
 55 0 3 40
 55 -2 -1 13
 55 0 0 340
 5 -1 4 171
 55 -2 -2 296
 55 -2 1 342
 5 3 2 306
 5 4 1 225
 55 0 2 285
 55 0 4 245
 55 -2 0 172
 55 1 1 163
 55 0 -2 189
 55 -1 1 209
 55 -1 -2 49
 55 1 2 255
 "contig-ratio-green-core" 0.7777777777777778
 "contig-ratio-red-core" 0.7222222222222222
 "a-count" 9
 "b-count" 0
 "c-color-count" 28
 "c-express-count" 28
 "d-color-count" 20
 "d-express-count" 19
 "cell-count" 56
 15 -3 -1 302
 105 -2 -3 56
 15 -3 1 317
 15 4 0 118
 105 -2 -1 338
 15 3 -3 201
 15 1 4 39
 15 -2 -4 2
 15 2 -3 349
 105 -3 3 295
 105 -1 4 21
 105 -2 1 223
 15 3 2 264
 15 2 -2 291
 15 3 0 322
 15 4 1 204
 15 -3 2 59
 15 -1 -3 290
 15 -1 -4 158
 15 0 -4 39
 15 -3 0 229
 15 3 3 240
 15 3 -1 346
 15 0 4 50
 15 -3 -2 283
 105 3 -2 211
 105 -3 -3 220
 105 -2 3 266
 55 2 -1 119
 55 0 0 358
 55 -1 -1 217
 55 -4 0 260
 55 -2 2 190
 55 0 -3 226
 55 -1 -2 126
 55 1 -2 23
 55 1 -1 249
 55 -1 1 349
 55 2 1 48
 55 -1 0 103
 55 0 3 146
 55 2 0 215
 55 1 0 147
 55 -4 1 150
 55 0 1 54
 55 3 1 240
 55 0 -1 274
 55 1 3 71
 55 1 -3 174
 55 1 2 61
 55 1 1 218
 55 0 -2 106
 55 -1 2 48
 55 0 2 269
 55 2 2 27
 55 1 -4 226
 "contig-ratio-green-core" 0.7222222222222222
 "contig-ratio-red-core" 0.7333333333333333
