 "a-count" 6
 "b-count" 6
 "c-color-count" 23
 "c-express-count" 22
 "d-color-count" 23
 "d-express-count" 22
 "cell-count" 56
 15 3 1 111
 15 1 -3 32
 15 -1 4 213
 105 -4 0 314
 15 -1 -3 152
 15 -4 1 25
 15 -4 2 325
 15 4 0 74
 105 3 -3 352
 15 -3 1 338
 105 0 -4 195
 15 -1 -4 288
 15 3 0 251
 15 -1 -2 152
 15 -1 2 39
 15 1 -2 1
 15 0 -3 71
 15 2 1 114
 15 -1 3 26
 15 2 2 116
 15 -2 3 252
 15 2 -3 137
 15 -2 2 200
 15 3 -1 83
 105 -4 -1 30
 15 2 3 29
 15 -2 1 80
 105 3 3 41
 55 -2 -1 97
 55 -1 0 318
 55 -2 0 270
 55 -3 0 171
 5 3 2 28
 5 -3 -3 315
 55 0 0 129
 55 0 -1 354
 55 1 0 292
 55 3 -2 161
 5 -3 2 127
 55 -2 -3 122
 55 -2 -4 81
 55 2 0 281
 55 4 1 261
 55 -1 -1 332
 55 0 2 87
 5 1 4 275
 55 0 4 172
 55 1 1 234
 55 0 1 316
 55 -2 -2 146
 55 0 3 260
 55 1 -1 43
 55 2 -2 155
 5 -3 -2 233
 55 -1 1 82
 55 2 -1 30
 "contig-ratio-green-core" 0.75
 "contig-ratio-red-core" 0.8
 "a-count" 3
 "b-count" 4
 "c-color-count" 25
 "c-express-count" 24
 "d-color-count" 25
 "d-express-count" 25
 "cell-count" 56
 15 -3 0 11
 15 1 -4 328
 15 -4 0 274
 105 -2 3 324
 15 -1 1 152
 15 -2 -4 104
 15 -2 -3 306
 105 3 3 0
 15 -4 1 338
 105 -3 1 167
 15 4 0 307
 15 4 -1 265
 15 0 -4 269
 15 -1 -4 175
 15 -1 2 33
 15 -2 0 248
 15 2 -2 357
 15 -4 -2 5
 15 1 -2 209
 15 2 3 349
 15 -2 -2 136
 15 1 3 103
 15 -2 2 80
 15 -3 -1 295
 15 -2 -1 299
 15 1 -3 217
 15 -3 -2 114
 15 -2 1 266
 55 2 1 243
 55 1 -1 167
 55 3 -3 335
 55 0 -3 31
 5 4 1 3
 55 2 2 145
 55 1 1 32
 55 3 -2 207
 55 3 1 147
 55 0 1 96
 55 2 0 52
 55 2 -1 312
 55 0 3 358
 55 -1 -2 44
 55 3 2 257
 55 -1 0 37
 55 -1 -3 165
 55 0 -2 5
 55 0 4 294
 55 0 0 267
 5 2 -3 300
 5 1 2 202
 55 -3 2 269
 55 -1 -1 188
 55 3 -1 224
 55 1 0 264
 55 0 -1 153
 55 -1 3 208
 "contig-ratio-green-core" 0.7777777777777778
 "contig-ratio-red-core" 0.6666666666666666
 "a-count" 6
 "b-count" 5
 "c-color-count" 25
 "c-express-count" 23
 "d-color-count" 23
 "d-express-count" 22
 "cell-count" 56
 15 -1 -2 56
 15 -3 1 17
 15 1 4 51
 15 0 -3 319
 15 -2 3 276
 15 2 -1 105
 105 4 0 260
 15 2 0 52
 15 -3 2 63
 15 -4 -1 248
 15 -4 0 124
 15 3 3 130
 15 3 0 174
 15 -1 -3 356
 15 4 -1 339
 15 3 2 7
 105 2 -2 49
 15 -4 1 105
 15 2 1 118
 15 -3 0 323
 15 3 -1 256
 15 3 1 186
 105 -3 -3 20
 15 2 3 60
 15 -2 -2 139
 15 -3 3 318
 105 2 -3 173
 105 -3 -2 331
 55 1 2 147
 55 -2 -1 227
 55 1 -1 142
 55 -2 1 99
 55 2 2 191
 55 -1 1 156
 5 -2 0 224
 55 -3 -1 192
 55 1 -2 111
 55 -2 2 282
 55 -1 -4 146
 55 -1 3 287
 55 1 1 202
 55 -1 4 166
 55 -1 2 43
 55 0 0 184
 55 0 2 180
 55 0 4 173
 5 3 -3 241
 55 -1 0 157
 55 -1 -1 322
 55 0 1 109
 55 1 0 17
 55 0 -1 258
 55 1 -4 20
 5 3 -2 222
 55 0 3 20
 55 1 3 21
 "contig-ratio-green-core" 0.8666666666666667
 "contig-ratio-red-core" 0.6111111111111112
 "a-count" 4
 "b-count" 4
 "c-color-count" 24
 "c-express-count" 24
 "d-color-count" 25
 "d-express-count" 24
 "cell-count" 56
 15 -2 -2 123
 15 -2 3 52
 15 -3 -1 267
 15 3 -2 141
 15 -3 2 174
 105 -1 -3 155
 15 -1 2 127
 15 0 4 89
 15 1 -3 95
 15 4 -1 234
 15 -2 2 309
 15 0 -4 147
 105 -3 -3 178
 15 1 -4 60
 15 -2 -3 75
 105 -2 4 339
 15 2 4 109
 15 3 -1 345
 15 -1 3 148
 15 -3 3 329
 15 -4 0 1
 15 1 4 183
 15 -1 -2 171
 15 -1 4 22
 15 -2 -1 221
 15 4 0 318
 15 2 -2 299
 15 0 -3 160
 55 2 -1 143
 55 -3 0 55
 55 1 -2 196
 55 2 1 17
 55 0 2 69
 55 1 -1 147
 5 2 -3 212
 5 3 -3 47
 55 3 0 183
 55 1 0 98
 55 -1 0 323
 55 2 2 317
 55 1 2 328
 5 -4 -1 129
 55 3 2 124
 55 -1 1 340
 55 0 -1 330
 55 -2 1 283
 55 0 0 238
 5 2 0 192
 55 0 -2 40
 55 1 1 228
 55 0 3 219
 55 -2 0 253
 55 3 1 293
 55 0 1 295
 55 1 3 58
 55 -1 -1 308
 "contig-ratio-green-core" 0.9333333333333333
 "contig-ratio-red-core" 0.5238095238095238
