 "a-count" 8
 "b-count" 2
 "c-color-count" 26
 "c-express-count" 26
 "d-color-count" 21
 "d-express-count" 20
 "cell-count" 56
 15 -2 -3 82
 15 3 3 342
 105 -3 3 67
 15 0 -4 277
 15 2 -3 269
 15 3 -1 307
 105 -3 -2 66
 15 3 -2 83
 105 2 -2 83
 15 4 -1 193
 15 -2 2 183
 105 -1 4 186
 105 1 4 324
 15 1 3 40
 15 -3 -1 213
 15 -3 2 345
 15 -4 -2 285
 15 2 3 277
 105 3 2 246
 105 -1 -3 58
 15 1 -4 45
 15 4 0 0
 15 2 2 24
 15 -3 -3 242
 15 -2 -2 107
 15 0 3 288
 15 0 2 67
 15 4 1 247
 55 -2 0 226
 55 -1 2 185
 55 -4 0 163
 55 3 0 191
 55 0 1 230
 55 -1 1 74
 55 2 0 310
 55 -1 0 220
 55 1 -1 303
 55 -2 1 159
 55 0 -2 18
 55 2 -1 166
 5 -4 -1 237
 55 1 0 258
 55 0 -3 215
 55 -1 3 185
 55 0 0 307
 55 2 1 141
 55 -1 -2 309
 55 -2 -1 264
 55 -3 0 184
 55 -1 -1 338
 55 1 -3 221
 55 1 -2 17
 5 3 -3 208
 55 3 1 113
 55 0 -1 56
 55 1 1 170
 "contig-ratio-green-core" 0.8571428571428571
 "contig-ratio-red-core" 0.65
 "a-count" 5
 "b-count" 4
 "c-color-count" 24
 "c-express-count" 24
 "d-color-count" 23
 "d-express-count" 23
 "cell-count" 56
 15 -2 3 162
 15 2 4 99
 15 2 3 37
 15 -4 1 264
 15 -3 3 260
 15 4 0 4
 15 4 1 156
 15 1 -3 35
 105 3 1 289
 105 0 -4 349
 15 1 -4 21
 15 -3 -3 263
 105 2 -3 350
 15 3 -2 17
 15 3 -1 267
 105 4 -1 187
 15 -3 2 51
 15 -3 -2 77
 105 -2 2 86
 15 -4 -1 175
 15 -3 -1 197
 15 -3 0 7
 15 -3 1 46
 15 3 0 269
 15 -2 -3 277
 15 -2 -4 314
 15 3 3 38
 15 -4 2 141
 55 0 0 9
 5 1 1 148
 5 2 -2 323
 55 2 0 295
 55 -2 -2 269
 55 -1 0 212
 55 0 -2 37
 55 -1 1 77
 55 2 -1 4
 55 0 -3 78
 55 -2 1 238
 5 0 4 227
 55 0 1 182
 55 -1 3 4
 55 1 -1 268
 55 -1 -2 308
 5 -1 -1 82
 55 2 2 77
 55 -1 2 184
 55 0 2 3
 55 -2 -1 329
 55 1 0 356
 55 -2 0 251
 55 2 1 5
 55 0 -1 108
 55 0 3 53
 55 1 -2 239
 55 -1 -3 359
 "contig-ratio-green-core" 0.6666666666666666
 "contig-ratio-red-core" 0.5
 "a-count" 8
 "b-count" 3
 "c-color-count" 25
 "c-express-count" 25
 "d-color-count" 22
 "d-express-count" 20
 "cell-count" 56
 15 1 4 30
 15 3 0 272
 105 2 -2 156
 15 3 1 68
 15 2 0 238
 15 4 1 338
 15 -1 -3 135
 15 0 -4 206
 15 -2 4 37
 105 -4 1 236
 105 2 -1 99
 15 1 -2 209
 15 -4 0 172
 15 -3 0 302
 15 2 4 211
 15 3 2 181
 15 1 -3 83
 15 -3 -3 326
 15 -3 2 249
 15 4 0 73
 105 1 -4 296
 15 0 -3 334
 105 2 -3 83
 15 -3 4 345
 15 4 -1 96
 105 3 -2 350
 15 -2 -3 340
 15 -3 3 64
 55 -2 0 224
 55 0 0 283
 55 -1 -2 10
 55 2 3 99
 55 -2 1 69
 55 0 -2 83
 55 -2 -1 63
 55 -1 1 122
 55 -3 -1 289
 55 -1 -1 62
 55 -2 -2 297
 55 2 1 267
 5 -1 3 2
 55 3 -1 230
 55 -4 -1 86
 55 1 3 58
 55 -1 0 49
 55 -2 2 159
 55 1 -1 335
 5 -1 -4 118
 55 1 1 357
 55 1 0 181
 55 0 1 51
 55 2 2 320
 5 -2 3 158
 55 0 3 182
 55 0 -1 73
 55 1 2 53
 "contig-ratio-green-core" 0.7333333333333333
 "contig-ratio-red-core" 0.6666666666666666
 "a-count" 9
 "b-count" 3
 "c-color-count" 25
 "c-express-count" 25
 "d-color-count" 21
 "d-express-count" 19
 "cell-count" 56
 105 3 -2 234
 15 3 -3 100
 105 2 -3 202
 15 -2 -3 305
 15 -2 2 79
 15 2 1 347
 15 1 4 193
 15 2 2 165
 15 -2 -2 304
 15 3 2 117
 15 3 1 357
 15 4 1 272
 105 4 0 243
 15 -3 -1 332
 105 1 -4 13
 15 -2 -1 312
 15 -2 4 204
 15 3 0 160
 15 -4 0 29
 15 3 -1 222
 15 -1 -4 271
 15 -2 3 268
 15 -1 4 40
 15 0 4 353
 105 -4 -1 297
 105 -3 3 185
 105 1 -3 137
 15 -3 -2 85
 55 0 -2 337
 55 -3 2 94
 55 -2 1 29
 55 1 -1 235
 55 0 2 252
 55 1 2 290
 55 0 0 323
 55 -3 -3 126
 55 -3 0 80
 55 0 -3 88
 55 -1 3 113
 55 0 -1 178
 55 -1 1 265
 55 1 3 133
 5 -1 -1 211
 55 3 3 167
 55 -4 1 38
 55 2 -1 284
 55 -1 2 90
 55 1 1 205
 55 -2 0 151
 5 0 1 125
 55 -1 0 222
 55 -1 -2 222
 55 1 0 220
 5 -3 1 183
 55 2 3 296
 55 0 3 63
 "contig-ratio-green-core" 0.7222222222222222
 "contig-ratio-red-core" 0.875
