 "a-count" 9
 "b-count" 2
 "c-color-count" 26
 "c-express-count" 26
 "d-color-count" 22
 "d-express-count" 19
 "cell-count" 56
 15 -1 -3 349
 105 0 -4 298
 15 -2 2 339
 15 0 3 225
 15 -3 -3 178
 15 -3 3 251
 15 -1 3 345
 15 -1 -2 258
 105 2 3 194
 15 0 -2 148
 15 -2 -3 228
 15 0 2 124
 105 0 4 241
 105 4 0 144
 15 -1 -4 304
 105 -2 3 210
 15 -4 0 251
 15 4 -1 262
 15 0 -3 115
 15 2 -3 166
 15 -1 2 73
 15 1 3 6
 15 3 0 20
 15 1 -2 160
 15 4 1 249
 15 3 1 236
 105 3 3 187
 15 3 2 269
 55 -1 -1 69
 55 0 0 321
 55 1 1 5
 55 2 1 275
 55 -2 -1 157
 55 -2 0 321
 55 2 -2 178
 55 2 -1 142
 55 -2 1 359
 55 -1 0 204
 55 -3 2 108
 55 1 0 305
 55 2 2 190
 55 1 -1 17
 55 -2 -2 28
 55 3 -1 94
 55 -3 0 83
 5 -4 -1 130
 55 1 2 170
 55 2 0 307
 55 3 -2 160
 55 0 1 44
 55 -3 -2 169
 55 -3 -1 330
 55 -3 1 201
 55 0 -1 184
 5 -1 4 211
 55 -1 1 152
 "contig-ratio-green-core" 0.8888888888888888
 "contig-ratio-red-core" 0.9333333333333333
 "a-count" 13
 "b-count" 8
 "c-color-count" 20
 "c-express-count" 20
 "d-color-count" 17
 "d-express-count" 15
 "cell-count" 56
 105 -4 -1 147
 105 2 -3 125
 15 4 1 214
 15 -3 1 237
 105 -4 0 67
 15 -3 -1 270
 105 3 -1 60
 15 -1 3 325
 15 0 -2 243
 15 -3 2 21
 105 3 -2 296
 105 -1 4 143
 15 0 3 96
 105 1 -3 200
 15 -1 -3 146
 15 -1 -2 233
 15 0 -3 7
 105 3 -3 275
 15 1 -2 324
 105 4 -1 81
 15 3 0 69
 15 -3 -2 316
 15 2 2 284
 15 0 4 168
 105 2 3 46
 15 -3 0 196
 15 1 2 34
 105 3 2 64
 5 0 -4 8
 55 -2 -1 18
 55 2 0 177
 5 -1 -4 211
 5 -2 -3 241
 55 -3 3 277
 55 -1 -1 106
 55 -2 3 61
 5 -4 1 312
 55 -2 0 235
 55 0 2 219
 55 -2 -2 54
 55 -1 2 29
 5 -3 -3 83
 55 3 1 134
 55 0 -1 59
 55 1 1 81
 55 -2 2 20
 55 0 0 161
 5 1 0 155
 5 0 1 136
 55 2 -1 279
 55 1 -1 339
 55 2 1 235
 55 -1 1 169
 55 -1 0 18
 55 -2 1 278
 5 1 4 0
 "contig-ratio-green-core" 0.8125
 "contig-ratio-red-core" 1
