 "a-count" 6
 "b-count" 6
 "c-color-count" 23
 "c-express-count" 22
 "d-color-count" 24
 "d-express-count" 22
 "cell-count" 56
 15 -1 1 186
 15 -2 0 237
 15 -4 0 271
 15 -1 -1 68
 15 3 -1 221
 15 1 1 112
 15 1 0 179
 105 2 -1 167
 15 2 0 78
 15 -2 -3 285
 15 -3 2 7
 15 -3 -1 237
 15 3 3 110
 15 0 -3 211
 15 1 -1 322
 15 -2 -2 163
 15 3 0 48
 15 -1 0 200
 15 2 -2 219
 105 1 -4 130
 15 0 1 55
 15 0 -2 168
 15 1 -2 355
 15 -1 -3 167
 105 -1 -2 3
 105 -3 -3 244
 15 0 0 31
 15 0 -1 159
 55 -1 -4 330
 55 1 2 352
 55 -1 4 41
 55 3 2 330
 55 3 1 4
 55 2 -3 143
 55 -3 1 149
 55 -1 2 158
 55 0 2 158
 55 3 -2 69
 55 2 1 138
 5 -2 -1 291
 55 1 4 358
 5 -3 3 289
 55 -2 2 114
 55 3 -3 190
 55 0 4 103
 5 2 2 287
 55 4 1 84
 55 -4 -1 18
 5 -2 3 19
 55 1 -3 68
 55 0 3 234
 55 4 0 45
 55 -2 1 235
 5 0 -4 225
 55 -3 0 189
 55 1 3 26
 "contig-ratio-green-core" 0.75
 "contig-ratio-red-core" 0.8571428571428571
 "a-count" 9
 "b-count" 3
 "c-color-count" 25
 "c-express-count" 25
 "d-color-count" 19
 "d-express-count" 19
 "cell-count" 56
 15 2 -1 117
 15 3 1 305
 15 3 2 37
 105 4 0 107
 15 0 -2 315
 15 -2 4 276
 105 0 -4 0
 105 2 -3 323
 15 -1 -1 276
 105 2 -2 56
 15 0 4 191
 15 -2 -1 226
 105 1 -4 187
 15 2 3 154
 15 -1 4 132
 15 -3 2 160
 15 0 -3 79
 15 1 3 48
 15 3 -1 115
 105 -1 -2 190
 15 -2 0 312
 15 -3 3 225
 105 -4 1 165
 15 -3 3 45
 105 4 1 41
 105 -3 0 304
 15 -3 -1 194
 15 2 0 160
 55 2 2 155
 55 0 0 333
 55 -1 1 126
 55 -2 1 243
 55 -1 3 255
 55 1 1 9
 55 0 1 147
 55 0 -1 33
 55 0 2 32
 55 3 3 116
 5 3 0 117
 55 -1 2 11
 55 1 2 358
 5 -4 0 43
 55 1 -2 282
 55 -1 3 163
 5 3 -2 135
 55 -1 0 353
 55 -2 2 307
 55 -2 -3 115
 55 -2 3 311
 55 -1 2 192
 55 2 1 142
 55 -3 -2 263
 55 0 3 196
 55 -2 3 182
 55 1 -1 212
 55 1 0 129
 "contig-ratio-green-core" 1
 "contig-ratio-red-core" 0.8823529411764706
 "a-count" 8
 "b-count" 3
 "c-color-count" 26
 "c-express-count" 25
 "d-color-count" 21
 "d-express-count" 20
 "cell-count" 56
 105 4 -1 125
 15 4 1 6
 15 -2 2 170
 15 -4 -1 7
 15 2 -1 115
 15 1 -2 63
 15 3 1 270
 105 4 0 215
 15 2 1 162
 15 1 -1 301
 15 -1 -3 111
 15 0 -3 270
 15 -3 2 1
 105 -3 -3 214
 15 2 -3 134
 105 -1 4 212
 105 1 4 76
 15 2 0 27
 15 0 3 252
 15 2 -2 176
 105 3 2 102
 15 -3 1 148
 15 1 -3 221
 15 1 3 62
 15 -2 -3 291
 105 -1 -4 43
 15 3 3 163
 15 -2 1 225
 55 -1 -1 172
 55 1 1 130
 55 1 2 33
 55 -1 0 186
 55 -1 2 280
 55 -2 3 176
 55 2 3 217
 55 3 0 63
 5 3 -2 278
 55 -2 -2 102
 55 -4 1 337
 55 0 0 207
 55 2 2 282
 55 -2 -1 95
 55 0 1 282
 55 -1 3 332
 55 -3 -2 242
 55 0 -2 264
 55 -1 1 29
 55 -2 0 190
 55 0 -1 50
 55 1 0 157
 55 -3 -1 235
 55 -1 -2 115
 55 -4 0 223
 5 1 -4 242
 55 -3 0 185
 55 0 2 349
 "contig-ratio-green-core" 0.7
 "contig-ratio-red-core" 1
 "a-count" 6
 "b-count" 2
 "c-color-count" 26
 "c-express-count" 26
 "d-color-count" 22
 "d-express-count" 22
 "cell-count" 56
 15 3 2 42
 15 3 1 258
 15 4 1 154
 15 1 3 244
 15 1 4 170
 105 3 -3 338
 15 -2 3 250
 15 0 4 289
 105 -3 2 313
 15 -3 0 343
 15 -1 -3 237
 15 0 -4 257
 105 -1 4 168
 15 -1 2 191
 15 0 3 48
 15 -2 1 8
 15 -4 0 48
 105 1 -4 309
 15 3 -1 96
 15 -4 1 153
 105 -1 3 157
 15 -1 -2 208
 15 4 0 340
 15 -3 1 84
 15 1 -3 299
 15 3 0 87
 105 -2 -2 0
 15 0 -3 25
 55 -1 1 55
 55 2 3 309
 55 -2 -1 228
 55 1 0 258
 55 -1 -1 107
 55 2 0 112
 55 3 3 224
 5 -2 -3 204
 55 1 -2 255
 55 -1 -4 248
 55 0 -1 57
 55 1 1 177
 55 3 -2 252
 55 -2 0 204
 55 1 2 303
 55 2 -1 244
 55 2 2 283
 55 0 0 0
 55 0 1 66
 55 1 -1 231
 55 -1 0 328
 55 -4 -1 262
 55 0 2 98
 55 2 1 323
 55 0 -2 291
 55 -3 3 126
 5 -3 -3 328
 55 -3 -1 296
 "contig-ratio-green-core" 0.8666666666666667
 "contig-ratio-red-core" 0.8571428571428571
