 "a-count" 9
 "b-count" 2
 "c-color-count" 26
 "c-express-count" 26
 "d-color-count" 22
 "d-express-count" 19
 "cell-count" 56
 15 -2 -2 190
 15 -3 1 258
 15 -1 -1 117
 15 1 -2 153
 15 3 1 81
 15 1 4 92
 15 -1 0 204
 15 0 -2 244
 105 3 0 275
 105 0 4 273
 15 0 3 18
 15 -1 3 192
 105 -3 -3 287
 15 2 2 248
 15 0 4 28
 15 -2 0 145
 15 -2 -1 186
 15 1 2 68
 15 -2 2 99
 15 -3 0 82
 105 1 3 146
 105 -4 1 267
 15 -2 -3 208
 15 -3 -1 242
 15 -3 2 343
 105 2 3 179
 15 -1 -3 238
 15 -2 1 150
 5 3 3 108
 55 -3 -2 260
 55 2 -1 260
 55 -1 1 71
 55 0 0 359
 55 2 0 162
 5 4 -1 30
 55 1 -1 183
 55 4 1 306
 55 -1 4 206
 55 -4 -1 224
 55 0 2 77
 55 0 -1 122
 55 -1 2 28
 55 0 2 2
 55 -1 0 26
 55 0 1 87
 55 -1 -2 301
 55 3 2 314
 55 2 1 6
 55 2 4 233
 55 -3 3 156
 55 1 0 348
 55 1 5 266
 55 -2 3 170
 55 1 1 277
 55 2 -2 239
 55 2 0 262
 "contig-ratio-green-core" 0.8125
 "contig-ratio-red-core" 1.105263157894737
 "a-count" 8
 "b-count" 3
 "c-color-count" 25
 "c-express-count" 25
 "d-color-count" 21
 "d-express-count" 20
 "cell-count" 56
 105 -2 3 115
 15 3 -1 330
 15 3 1 194
 15 -1 -1 265
 105 3 -2 178
 15 0 4 22
 15 4 1 250
 15 -3 0 312
 15 -2 -1 299
 15 -2 -2 302
 15 1 -4 188
 105 1 4 242
 15 2 -3 268
 105 -4 -1 181
 15 4 0 210
 15 -3 -2 319
 15 -4 0 83
 15 -2 2 351
 15 3 0 182
 15 -1 -3 226
 105 3 3 138
 15 0 -2 195
 15 -2 0 177
 15 0 -3 172
 15 1 -3 51
 105 3 -3 121
 105 4 2 274
 15 -1 -2 265
 55 2 -2 66
 55 -2 1 127
 55 3 2 336
 55 2 1 326
 55 1 0 94
 55 2 3 183
 55 2 -1 114
 55 1 -2 73
 55 0 1 180
 55 1 3 111
 55 1 1 233
 5 -1 2 112
 55 0 0 226
 5 -3 2 286
 55 -1 0 313
 55 -1 -4 103
 55 1 -1 141
 55 0 2 346
 55 -3 -3 338
 55 1 2 326
 5 -1 4 283
 55 2 2 280
 55 2 0 192
 55 0 -4 338
 55 0 3 256
 55 -1 3 5
 55 -1 1 263
 55 0 -1 137
 "contig-ratio-green-core" 0.8666666666666667
 "contig-ratio-red-core" 0.6470588235294118
 "a-count" 6
 "b-count" 3
 "c-color-count" 26
 "c-express-count" 25
 "d-color-count" 22
 "d-express-count" 22
 "cell-count" 56
 15 2 2 222
 15 3 -1 119
 15 -3 2 193
 15 -3 3 333
 15 3 -2 123
 15 -3 0 305
 105 -3 -3 206
 15 -3 -1 79
 105 2 -3 108
 105 3 3 289
 15 0 4 143
 15 1 2 299
 15 -2 -2 257
 15 -1 -1 201
 105 3 1 77
 15 1 1 76
 15 -3 -2 147
 15 -1 4 135
 15 -4 0 9
 15 2 1 331
 15 -4 1 351
 15 3 0 246
 105 3 2 324
 15 0 -2 103
 15 4 0 322
 15 -1 -3 309
 15 -2 -1 224
 105 -1 -2 54
 5 1 -3 131
 55 -2 -3 56
 5 1 -4 157
 55 2 4 26
 55 1 0 273
 55 2 -2 8
 55 0 -4 243
 55 -1 2 149
 55 1 -2 221
 55 2 3 356
 55 0 -1 26
 55 2 -1 133
 55 -2 1 17
 55 -1 -4 63
 55 -2 0 1
 55 0 3 258
 55 -1 1 343
 55 2 0 93
 55 -1 3 231
 55 -2 3 19
 55 0 0 125
 55 0 2 155
 55 1 -1 347
 55 -1 0 30
 55 -2 2 216
 55 1 4 196
 55 1 3 216
 55 0 1 265
 "contig-ratio-green-core" 0.8
 "contig-ratio-red-core" 0.8571428571428571
