 "a-count" 11
 "b-count" 7
 "c-color-count" 22
 "c-express-count" 21
 "d-color-count" 18
 "d-express-count" 17
 "cell-count" 56
 15 1 -2 354
 105 -1 4 213
 105 4 0 29
 15 3 -1 82
 105 1 -1 256
 15 2 -1 38
 15 -3 -3 223
 15 -4 0 337
 15 0 -1 147
 15 0 1 175
 105 1 -4 173
 15 0 0 69
 105 0 4 98
 15 -4 -1 251
 105 3 2 348
 15 1 1 126
 15 0 -2 114
 15 -3 2 211
 105 1 0 136
 15 2 0 205
 15 2 1 342
 15 -2 2 173
 15 -2 -2 4
 15 -1 -2 1
 105 2 2 163
 15 -1 -3 61
 105 3 3 111
 105 3 0 317
 55 -1 3 334
 55 -1 0 93
 5 -3 3 335
 5 0 -4 318
 55 -1 1 48
 55 -3 1 347
 5 0 -3 102
 55 -3 -2 113
 5 -2 3 125
 55 3 -2 156
 55 2 -3 306
 55 1 2 273
 55 -2 -1 61
 5 -4 1 294
 55 -2 0 310
 55 3 1 297
 55 1 3 246
 55 -2 1 76
 55 -3 -1 85
 55 3 -3 29
 55 -1 -1 286
 55 -2 -3 149
 55 1 -3 342
 55 -1 2 313
 55 0 2 205
 55 0 3 81
 5 2 -2 317
 55 -3 0 46
 "contig-ratio-green-core" 0.6666666666666666
 "contig-ratio-red-core" 1
 "a-count" 8
 "b-count" 3
 "c-color-count" 26
 "c-express-count" 25
 "d-color-count" 20
 "d-express-count" 20
 "cell-count" 56
 105 -4 1 145
 15 -1 -3 72
 15 -1 4 297
 15 4 1 194
 15 3 -1 184
 15 -1 -2 43
 15 -3 1 76
 15 0 -3 44
 105 -4 0 11
 15 3 -2 214
 105 2 3 109
 15 -2 -1 199
 105 3 -3 11
 15 -2 1 30
 15 4 -1 197
 15 3 3 213
 15 -3 -1 184
 15 2 -3 105
 105 1 4 279
 15 1 -3 255
 15 -2 -2 120
 105 -1 -4 118
 15 -2 0 13
 15 3 0 121
 105 -3 0 186
 15 4 0 34
 15 3 1 257
 105 -3 3 59
 55 1 2 86
 55 -1 1 57
 55 1 -1 187
 55 0 -2 300
 55 -3 -3 145
 55 1 1 224
 55 1 3 213
 55 1 -4 284
 55 2 0 99
 55 1 0 224
 55 -1 -1 107
 55 -2 2 141
 55 1 -2 90
 5 -2 -3 33
 55 0 3 184
 55 3 2 215
 55 0 -1 256
 55 2 -2 229
 55 -2 3 317
 55 0 2 208
 55 2 2 333
 55 -1 3 267
 55 0 0 253
 55 2 1 114
 55 0 1 188
 55 2 -1 163
 55 -1 0 123
 5 0 -4 147
 "contig-ratio-green-core" 0.6666666666666666
 "contig-ratio-red-core" 0.6
 "a-count" 9
 "b-count" 6
 "c-color-count" 22
 "c-express-count" 22
 "d-color-count" 21
 "d-express-count" 19
 "cell-count" 56
 15 1 0 0
 15 3 1 286
 105 0 -3 323
 105 3 -3 34
 15 -4 1 247
 15 2 0 290
 15 -3 1 224
 105 -1 -4 267
 15 -2 0 287
 15 1 -1 354
 15 0 3 43
 105 4 1 219
 15 2 1 22
 15 -1 3 323
 15 3 3 154
 15 3 -1 176
 15 1 -2 225
 15 2 2 72
 15 -2 -1 78
 105 0 4 255
 15 1 1 225
 15 2 -1 292
 15 -2 -2 203
 105 -4 0 15
 15 -1 4 346
 15 3 0 300
 15 -3 -1 255
 105 2 -3 159
 55 0 -1 68
 55 -3 -2 128
 55 2 -2 316
 55 -2 2 117
 55 1 2 194
 5 -3 2 94
 55 -1 -2 137
 5 1 4 313
 55 0 0 169
 55 0 2 28
 55 0 -2 141
 5 3 -2 253
 55 -2 3 67
 55 -1 0 317
 55 2 3 12
 55 -2 1 247
 55 -1 2 297
 55 0 1 226
 55 0 -4 162
 55 4 -1 261
 55 -1 1 62
 55 -1 -1 66
 55 1 3 241
 5 -4 -1 248
 5 -3 -3 281
 55 1 -3 29
 5 -3 3 233
 55 -1 -3 50
 "contig-ratio-green-core" 0.8235294117647058
 "contig-ratio-red-core" 1
 "a-count" 5
 "b-count" 4
 "c-color-count" 24
 "c-express-count" 24
 "d-color-count" 23
 "d-express-count" 23
 "cell-count" 56
 15 -3 -2 313
 15 0 -4 206
 15 -4 -1 118
 15 2 -3 168
 15 2 -1 358
 15 2 0 185
 15 2 1 0
 15 -3 1 338
 105 -1 -4 18
 15 1 4 137
 15 -1 -2 345
 15 0 -1 216
 15 0 -2 67
 15 2 2 249
 105 0 4 356
 15 -4 1 309
 15 1 0 292
 15 -2 1 43
 15 -1 -3 104
 105 -4 0 175
 105 3 3 202
 105 3 -3 198
 15 -2 4 182
 15 1 1 196
 15 0 -3 115
 15 -1 4 30
 15 1 -1 81
 15 3 2 238
 55 -2 0 95
 55 -4 -2 330
 5 2 -2 181
 55 -1 0 350
 55 -3 0 227
 5 1 -3 29
 55 1 3 332
 55 1 2 186
 55 1 -4 9
 55 -1 2 86
 55 3 0 77
 55 -1 -1 171
 55 4 1 56
 55 0 0 276
 55 0 1 341
 55 2 3 66
 5 -3 2 196
 55 0 2 218
 55 -1 1 124
 55 -2 3 200
 5 -2 2 3
 55 -1 3 145
 55 -3 3 214
 55 4 0 139
 55 3 -1 345
 55 -2 -1 108
 55 -3 -1 34
 55 0 3 158
 "contig-ratio-green-core" 0.75
 "contig-ratio-red-core" 0.7
