 "a-count" 11
 "b-count" 2
 "c-color-count" 26
 "c-express-count" 26
 "d-color-count" 18
 "d-express-count" 17
 "cell-count" 56
 105 2 -3 78
 15 -3 1 156
 15 0 -4 331
 15 3 2 117
 105 0 4 244
 105 2 -1 35
 105 3 -3 110
 105 3 3 41
 15 4 2 352
 15 0 3 83
 15 -1 2 51
 15 1 -1 250
 15 -4 -2 91
 105 2 -2 58
 105 3 -2 271
 15 0 -3 83
 15 -1 3 228
 15 -2 1 335
 105 1 -4 19
 15 -1 -3 223
 15 1 3 120
 15 2 2 82
 15 -1 4 111
 15 -2 2 131
 15 1 4 255
 15 -3 -3 135
 105 -3 3 285
 105 1 -2 6
 55 -1 1 17
 55 -1 -2 127
 55 0 -2 43
 55 -2 0 207
 55 -2 -2 150
 55 2 3 278
 55 -1 0 211
 5 -2 3 64
 55 0 -1 161
 55 0 2 114
 55 -2 -1 248
 55 -3 -1 190
 55 2 0 86
 55 2 1 142
 55 1 0 127
 55 0 0 188
 55 -1 -1 95
 55 -4 0 64
 55 3 0 98
 55 4 -1 32
 55 -4 -1 321
 5 2 4 229
 55 -3 0 321
 55 4 0 292
 55 1 2 54
 55 1 1 303
 55 -3 -2 233
 55 0 1 87
 "contig-ratio-green-core" 0.6111111111111112
 "contig-ratio-red-core" 0.6875
 "a-count" 6
 "b-count" 3
 "c-color-count" 25
 "c-express-count" 25
 "d-color-count" 23
 "d-express-count" 22
 "cell-count" 56
 15 -3 -1 332
 15 1 -3 225
 105 1 -4 281
 15 1 -2 19
 15 -2 -1 156
 105 -3 -3 281
 15 3 -2 65
 15 -3 0 302
 15 3 2 356
 15 2 -2 240
 15 0 2 243
 15 1 2 273
 105 -2 3 148
 15 0 4 50
 15 2 3 115
 15 -3 3 225
 105 2 -3 340
 15 -2 -2 167
 105 1 4 358
 15 1 3 35
 15 0 -4 99
 15 3 -3 194
 15 -1 -4 188
 15 4 0 358
 15 3 1 131
 15 -1 3 112
 15 0 3 322
 15 4 1 78
 55 -2 1 220
 55 2 1 119
 55 0 -3 354
 55 3 0 110
 55 0 -2 161
 55 3 -1 130
 55 1 -1 264
 55 2 -1 327
 55 2 2 328
 55 -2 2 105
 55 -1 -3 267
 55 -2 0 320
 55 0 -1 117
 55 -3 1 185
 55 -1 -2 203
 55 2 0 105
 55 1 1 334
 5 -1 4 15
 55 3 3 309
 55 0 0 20
 5 -4 1 295
 55 -1 1 215
 5 4 -1 108
 55 -1 -1 251
 55 -2 -3 93
 55 -3 2 355
 55 0 1 242
 55 -1 2 358
 "contig-ratio-green-core" 0.8947368421052632
 "contig-ratio-red-core" 1
 "a-count" 8
 "b-count" 6
 "c-color-count" 23
 "c-express-count" 22
 "d-color-count" 21
 "d-express-count" 20
 "cell-count" 56
 105 1 -4 349
 15 -1 -2 45
 105 2 -3 15
 105 0 2 32
 15 0 3 163
 105 -2 3 262
 15 -2 2 309
 15 1 1 7
 15 -3 3 228
 15 0 1 124
 15 2 2 94
 15 -1 2 145
 15 -1 -3 219
 15 2 0 282
 15 -2 -2 21
 15 -1 3 296
 105 3 3 90
 15 2 -1 140
 15 -2 -1 171
 15 -1 -4 5
 15 1 2 100
 15 2 1 347
 105 0 4 291
 15 -3 -1 242
 15 -1 1 323
 15 1 3 84
 105 0 -4 42
 15 -1 -1 289
 55 3 1 101
 55 3 2 28
 55 0 0 196
 55 4 1 12
 55 -2 0 272
 55 1 -1 134
 55 -4 -1 51
 55 1 -3 295
 5 3 -3 245
 55 2 -2 17
 55 -2 -3 177
 5 3 0 278
 55 3 -2 148
 55 -4 1 158
 55 0 -2 100
 55 0 -1 231
 55 -3 2 227
 55 1 -2 12
 55 -1 4 23
 55 -3 1 122
 55 0 -3 279
 55 1 0 262
 5 2 3 355
 55 -3 0 301
 5 4 -1 356
 55 -2 1 220
 55 3 -1 349
 5 -3 -2 342
 "contig-ratio-green-core" 0.8235294117647058
 "contig-ratio-red-core" 1
 "a-count" 11
 "b-count" 5
 "c-color-count" 24
 "c-express-count" 23
 "d-color-count" 21
 "d-express-count" 17
 "cell-count" 56
 15 -1 -4 146
 15 -2 1 339
 15 2 2 7
 15 1 2 58
 105 1 -3 299
 15 0 2 235
 15 1 -2 285
 15 -1 -1 223
 105 -2 0 301
 15 -1 -2 347
 15 -3 -3 283
 15 -1 -3 27
 15 -2 -1 346
 105 -3 1 122
 15 -4 -1 173
 105 -4 1 339
 105 -3 0 294
 15 3 2 314
 15 2 -3 93
 15 0 -4 22
 15 -3 -2 352
 105 0 -3 274
 15 0 -2 257
 105 0 3 114
 15 -2 3 337
 15 -1 2 61
 15 -1 4 323
 15 -2 2 277
 55 -1 1 40
 55 1 -1 167
 55 -3 -1 125
 55 4 1 21
 5 3 -2 59
 55 3 1 181
 5 3 -3 239
 55 4 0 69
 5 2 3 27
 55 0 0 1
 55 0 1 57
 55 2 1 133
 55 1 4 87
 55 1 3 208
 55 2 0 302
 55 4 -1 18
 55 -2 -3 71
 55 0 4 216
 55 -1 0 134
 55 -3 3 119
 5 3 3 26
 55 -2 -2 278
 55 -4 0 204
 55 2 -2 178
 55 1 0 233
 55 0 -1 336
 55 3 0 87
 55 2 -1 359
 "contig-ratio-green-core" 0.8421052631578947
 "contig-ratio-red-core" 0.6875
