 "a-count" 9
 "b-count" 7
 "c-color-count" 21
 "c-express-count" 21
 "d-color-count" 20
 "d-express-count" 19
 "cell-count" 56
 105 1 -4 257
 15 -1 2 318
 15 2 2 51
 15 4 0 166
 105 4 1 319
 15 -4 0 195
 15 -1 3 69
 15 2 1 213
 105 2 -3 352
 105 0 4 62
 15 -1 -2 254
 15 3 2 337
 15 2 0 255
 15 -2 2 55
 15 1 4 253
 15 0 3 231
 105 -2 -3 35
 15 2 -2 4
 15 3 -1 59
 15 1 -2 223
 15 0 -2 221
 15 -2 3 26
 15 3 1 171
 15 2 -1 282
 105 -1 4 72
 105 -3 2 23
 105 -4 1 97
 15 3 0 78
 55 0 2 192
 55 1 1 32
 55 1 2 349
 5 -3 -2 205
 55 -1 -1 127
 55 -2 1 14
 55 0 -4 335
 55 0 1 276
 55 -3 -1 326
 55 2 3 231
 5 0 -3 297
 55 2 4 72
 55 -1 0 188
 5 -1 -3 194
 55 0 -1 94
 55 -1 1 133
 5 4 -1 112
 55 -2 -1 349
 5 -2 -2 240
 5 1 -3 86
 55 -3 0 182
 55 0 0 79
 55 -3 3 84
 55 -3 1 165
 55 1 -1 333
 5 -2 0 159
 55 1 0 23
 55 1 3 108
 "contig-ratio-green-core" 0.75
 "contig-ratio-red-core" 0.8666666666666667
 "a-count" 10
 "b-count" 2
 "c-color-count" 26
 "c-express-count" 26
 "d-color-count" 18
 "d-express-count" 18
 "cell-count" 56
 105 -3 -3 244
 15 4 0 105
 15 1 -2 264
 15 -1 1 153
 15 -1 -1 113
 15 3 2 249
 105 -2 -3 178
 105 -1 -3 155
 15 4 1 14
 15 4 0 203
 105 -2 0 169
 15 -3 -2 315
 15 -2 -2 65
 105 1 -4 289
 15 0 0 79
 15 -1 -2 157
 15 1 -1 238
 105 -4 -1 222
 105 -3 2 68
 15 -2 1 319
 105 0 -4 312
 15 -1 0 122
 105 4 2 304
 15 -2 -1 49
 15 0 -2 257
 15 0 -1 88
 15 3 3 162
 105 -1 -4 157
 55 3 1 138
 55 2 -2 10
 5 -3 1 119
 55 3 -1 119
 55 2 0 47
 55 -2 2 129
 55 2 1 113
 55 3 -2 89
 55 1 0 86
 55 1 1 194
 55 2 -1 12
 55 -1 2 289
 55 2 2 89
 55 -3 0 83
 55 2 -3 214
 55 -3 -1 40
 55 -2 3 30
 55 2 0 218
 55 -1 3 247
 55 -4 1 36
 55 1 -3 77
 55 4 -1 212
 55 -4 0 154
 55 -5 0 64
 55 -1 4 107
 55 3 0 116
 55 3 0 239
 5 -3 3 3
 "contig-ratio-green-core" 0.5
 "contig-ratio-red-core" 1
 "a-count" 5
 "b-count" 7
 "c-color-count" 21
 "c-express-count" 21
 "d-color-count" 23
 "d-express-count" 23
 "cell-count" 56
 15 -1 -2 302
 15 -2 -2 193
 15 2 2 253
 15 -3 -3 164
 15 -3 -1 27
 15 1 1 314
 15 -2 -1 150
 15 -2 1 245
 15 3 -2 242
 15 -2 0 307
 15 0 1 212
 15 3 2 92
 105 -1 0 343
 105 -3 -2 222
 15 1 2 296
 15 -1 3 214
 15 0 2 346
 15 0 -1 30
 105 2 -3 52
 15 0 0 92
 105 -1 -4 356
 15 4 0 25
 15 -1 -1 36
 15 1 0 159
 15 -1 2 265
 15 0 3 306
 105 4 -1 73
 15 -1 1 99
 5 -4 -1 315
 55 3 1 86
 55 1 -2 138
 5 2 3 280
 55 -3 2 262
 55 0 -4 148
 55 -3 1 157
 5 1 -4 28
 55 1 -3 169
 55 2 0 194
 55 2 1 275
 55 3 -1 186
 55 2 -1 236
 55 -3 0 111
 5 -4 0 126
 55 1 3 323
 55 0 -2 40
 5 -2 2 181
 55 2 -2 47
 55 1 -1 165
 5 -2 3 177
 5 3 3 264
 55 1 4 163
 55 0 -3 355
 55 -1 -3 40
 55 0 4 262
 55 3 0 267
 55 -2 -3 130
 "contig-ratio-green-core" 0.875
 "contig-ratio-red-core" 0.8
 "a-count" 5
 "b-count" 4
 "c-color-count" 25
 "c-express-count" 24
 "d-color-count" 23
 "d-express-count" 23
 "cell-count" 56
 15 4 -1 87
 105 0 -4 124
 105 1 4 281
 15 -3 -1 115
 15 3 1 216
 15 -1 4 291
 15 -2 2 87
 15 2 2 296
 15 0 -2 214
 15 -4 1 310
 15 -4 0 19
 15 1 -3 50
 15 -3 2 41
 15 -3 1 301
 15 -1 -2 132
 105 -2 3 212
 15 1 -2 280
 15 3 3 313
 105 4 1 194
 15 0 3 184
 15 1 3 112
 15 0 4 33
 15 3 2 136
 15 0 -3 177
 15 -2 -2 89
 15 -3 0 149
 15 2 -2 339
 105 2 3 134
 55 1 2 47
 55 2 1 253
 55 -2 1 216
 55 -1 0 199
 55 0 1 342
 55 0 0 296
 55 0 2 88
 55 2 0 28
 5 -3 -2 268
 55 2 -1 308
 55 -1 2 282
 55 4 3 150
 55 3 -1 315
 5 3 -3 213
 55 -1 1 83
 55 -1 -4 279
 55 -3 3 308
 55 1 0 195
 5 -2 -3 49
 55 -1 -1 43
 55 -2 -1 317
 55 0 -1 55
 55 -1 3 45
 55 1 1 349
 55 -2 0 219
 55 1 -1 315
 55 1 -4 324
 55 3 0 242
 "contig-ratio-green-core" 1.0714285714285714
 "contig-ratio-red-core" 0.7142857142857143
