 "a-count" 7
 "b-count" 6
 "c-color-count" 23
 "c-express-count" 22
 "d-color-count" 23
 "d-express-count" 21
 "cell-count" 56
 15 -1 -2 271
 105 -3 -3 179
 15 0 1 59
 15 2 3 134
 105 1 -3 134
 15 0 2 173
 15 4 -1 123
 15 1 2 64
 105 2 -3 64
 15 0 -1 301
 15 1 1 154
 105 -2 0 179
 15 -3 1 259
 15 -2 -1 340
 15 -1 0 339
 15 -1 -4 66
 15 -1 1 40
 15 4 0 253
 15 0 0 262
 15 -1 2 234
 105 -2 1 166
 15 1 0 283
 15 -3 0 178
 15 4 2 285
 15 -1 4 185
 15 -2 2 134
 15 3 3 29
 15 -3 2 248
 55 1 3 111
 55 2 -1 310
 55 -1 -3 142
 55 1 4 219
 55 2 0 36
 55 3 -1 150
 55 -3 -1 29
 55 -4 1 269
 55 -2 -2 297
 55 0 -2 274
 5 0 -4 90
 5 1 -4 279
 55 3 0 81
 55 3 -2 8
 55 3 2 320
 55 2 1 313
 5 -2 -3 313
 55 0 3 117
 55 1 -2 212
 55 2 -2 249
 55 1 -1 155
 55 2 2 356
 5 3 -3 159
 55 0 -3 259
 55 3 1 88
 55 -1 3 43
 55 -4 0 313
 5 -2 3 164
 "contig-ratio-green-core" 0.7222222222222222
 "contig-ratio-red-core" 0.9375
 "a-count" 6
 "b-count" 3
 "c-color-count" 25
 "c-express-count" 25
 "d-color-count" 24
 "d-express-count" 22
 "cell-count" 56
 15 -1 1 295
 15 -2 -1 240
 105 -4 1 13
 15 1 -4 208
 15 0 0 280
 15 1 0 182
 15 4 0 34
 15 -1 2 281
 15 0 3 197
 15 -2 2 110
 15 0 2 124
 15 -1 -1 30
 15 -3 -3 284
 15 -4 -1 310
 15 -2 3 230
 105 -1 3 54
 105 3 -3 228
 15 3 3 232
 15 -3 3 351
 15 -1 0 111
 15 3 2 37
 15 -2 0 142
 15 1 1 353
 15 0 1 130
 105 4 -1 55
 15 1 -3 78
 15 3 -2 35
 15 -2 -2 195
 55 -3 -2 240
 55 -3 -1 21
 55 -1 -3 205
 55 0 -2 95
 55 -3 0 131
 55 1 -2 72
 55 -1 4 116
 5 2 2 155
 55 0 4 138
 55 2 1 13
 55 1 -1 163
 55 -4 0 53
 55 3 -1 135
 55 -1 -2 286
 5 2 3 180
 55 4 1 213
 55 0 -1 210
 55 2 -2 235
 55 2 -3 97
 55 3 0 231
 55 3 1 69
 55 2 0 243
 55 2 -1 42
 5 -2 1 69
 55 -2 -3 217
 55 1 4 48
 55 0 -4 124
 55 -1 -4 88
 "contig-ratio-green-core" 0.5909090909090909
 "contig-ratio-red-core" 0.9473684210526315
 "a-count" 8
 "b-count" 6
 "c-color-count" 23
 "c-express-count" 22
 "d-color-count" 20
 "d-express-count" 20
 "cell-count" 56
 15 0 1 42
 15 -3 -1 254
 15 -1 -3 167
 15 2 2 342
 105 4 0 119
 15 -1 -2 339
 15 2 -3 27
 15 -2 2 242
 15 0 2 27
 105 -3 -2 73
 15 -1 2 13
 105 2 3 323
 105 3 -3 306
 105 -3 2 156
 15 1 -3 63
 15 1 3 44
 15 -2 -1 112
 105 3 0 280
 15 -1 1 99
 15 -2 0 39
 15 -3 1 283
 105 1 4 102
 15 -3 0 35
 15 1 2 335
 15 0 -2 156
 105 -1 4 54
 15 0 -3 104
 15 4 1 210
 55 -2 3 27
 55 -2 -3 342
 55 1 1 5
 55 0 4 150
 55 2 1 120
 55 0 -1 206
 55 -1 -1 41
 55 -1 3 343
 55 1 -2 351
 5 -1 -4 270
 55 0 -4 199
 55 -2 -2 258
 55 3 -1 128
 55 2 0 111
 55 1 -1 22
 5 3 3 79
 5 3 2 156
 55 -1 0 264
 55 3 -2 121
 55 1 0 164
 55 3 1 297
 5 -4 0 354
 55 -4 1 292
 55 0 3 8
 55 0 0 303
 5 -3 3 53
 55 2 -2 78
 55 1 -4 22
 "contig-ratio-green-core" 0.7777777777777778
 "contig-ratio-red-core" 0.8125
 "a-count" 6
 "b-count" 2
 "c-color-count" 26
 "c-express-count" 26
 "d-color-count" 23
 "d-express-count" 22
 "cell-count" 56
 15 4 0 2
 15 4 1 260
 15 1 -3 76
 15 -4 1 205
 15 -3 -2 262
 15 3 0 263
 105 1 2 282
 15 -1 4 219
 15 2 -3 200
 15 0 -3 294
 15 -4 -1 82
 105 2 3 113
 15 1 1 323
 15 -4 2 166
 105 3 3 311
 15 -1 3 340
 15 0 3 180
 15 3 -2 338
 15 3 2 26
 105 4 -1 106
 15 3 1 160
 15 3 -3 277
 15 2 -2 52
 105 -3 -3 209
 15 -1 -3 232
 15 0 -4 131
 15 2 1 133
 15 -4 0 291
 55 0 -2 45
 55 1 -2 179
 55 0 1 213
 55 -2 -2 312
 55 -2 0 7
 5 -3 3 204
 55 -2 3 36
 55 2 0 235
 55 -3 2 80
 55 -2 -3 65
 55 -2 1 140
 55 1 0 166
 55 -1 2 178
 55 -1 1 163
 55 0 2 229
 55 -1 -2 258
 55 -3 1 180
 55 2 -1 16
 55 0 -1 54
 55 -3 0 100
 55 -2 2 322
 55 1 -1 22
 55 0 0 349
 55 -3 -1 266
 55 3 -1 41
 55 -1 0 254
 5 -1 -4 18
 55 -1 -1 161
 "contig-ratio-green-core" 0.7894736842105263
 "contig-ratio-red-core" 0.8823529411764706
