 "a-count" 9
 "b-count" 4
 "c-color-count" 25
 "c-express-count" 24
 "d-color-count" 19
 "d-express-count" 19
 "cell-count" 56
 15 -1 -2 303
 15 -2 0 119
 15 2 3 226
 15 0 -2 257
 15 -1 -1 13
 15 3 2 218
 105 -2 -3 326
 15 3 1 281
 105 2 -3 221
 105 -3 0 121
 15 -4 0 319
 105 0 -3 101
 105 4 -1 107
 15 -2 1 263
 15 1 -1 94
 105 3 -1 68
 15 2 4 95
 15 -4 -1 312
 105 1 -4 62
 105 -3 2 339
 15 2 -1 141
 15 -2 2 0
 15 -1 -3 127
 15 1 -2 120
 15 -3 3 109
 15 0 -1 30
 105 4 0 174
 15 4 1 144
 55 -1 0 42
 55 0 0 18
 55 2 1 206
 55 1 2 54
 55 -1 4 137
 55 0 1 131
 55 -1 -4 293
 55 0 2 285
 55 1 1 301
 55 1 3 113
 55 -1 1 216
 55 -1 2 96
 55 -2 3 320
 5 1 4 329
 55 1 0 112
 55 -1 3 328
 55 2 2 133
 55 -3 -2 333
 55 2 0 332
 55 -3 -1 256
 55 3 3 257
 5 0 4 153
 55 2 -2 332
 55 -2 -1 308
 55 -2 -2 84
 55 -4 1 313
 5 0 3 141
 55 -2 4 319
 "contig-ratio-green-core" 0.8125
 "contig-ratio-red-core" 0.9375
 "a-count" 10
 "b-count" 1
 "c-color-count" 27
 "c-express-count" 27
 "d-color-count" 19
 "d-express-count" 18
 "cell-count" 56
 15 -2 2 343
 105 1 4 118
 15 2 -1 41
 15 -2 1 322
 105 -1 2 47
 15 -4 0 307
 105 -1 -4 55
 15 -3 -2 233
 15 -3 2 248
 105 3 -3 94
 105 3 -1 324
 15 0 2 248
 15 -3 0 173
 105 3 -2 229
 15 2 3 11
 15 2 -2 312
 15 -2 3 187
 15 2 -3 171
 105 4 0 41
 105 3 2 62
 15 1 3 136
 15 0 -4 356
 15 2 4 145
 15 4 1 307
 15 3 0 303
 15 -3 1 142
 15 -2 -1 264
 105 -3 -1 209
 55 3 1 245
 55 -1 0 174
 55 1 -4 163
 55 -1 -1 324
 55 -1 1 153
 55 -2 -2 346
 55 -3 -3 275
 55 1 -2 332
 55 0 -3 192
 55 0 1 281
 55 -1 -2 160
 55 0 0 343
 55 2 1 270
 55 2 0 245
 55 0 -2 82
 55 -4 2 98
 55 -1 -3 339
 55 1 0 168
 55 2 2 307
 55 -3 3 304
 55 1 -3 95
 55 1 2 213
 55 1 -1 150
 55 -4 1 330
 5 4 -1 52
 55 0 -1 107
 55 1 1 167
 55 -2 -3 87
 "contig-ratio-green-core" 0.7894736842105263
 "contig-ratio-red-core" 0.9444444444444444
 "a-count" 5
 "b-count" 4
 "c-color-count" 24
 "c-express-count" 24
 "d-color-count" 23
 "d-express-count" 23
 "cell-count" 56
 105 -3 -2 132
 105 -4 1 282
 15 -1 2 280
 15 3 -1 124
 15 -2 1 59
 15 -1 -1 205
 15 -1 1 278
 105 -3 1 189
 15 1 0 113
 15 -2 2 319
 15 -3 2 198
 15 -2 0 299
 15 2 0 168
 15 1 -3 23
 15 2 -2 162
 15 1 -1 214
 105 -4 0 130
 15 1 -2 197
 15 -1 3 73
 15 -2 -1 98
 15 -1 0 207
 15 0 -1 293
 15 3 1 146
 15 0 0 43
 15 3 0 62
 105 -3 0 309
 15 0 1 33
 15 2 -1 279
 5 -3 3 45
 5 3 -3 206
 55 0 -3 102
 55 -1 -4 251
 55 1 1 116
 55 1 -4 314
 55 3 -2 70
 55 0 4 345
 5 -2 -2 246
 55 1 2 330
 55 -2 -3 166
 55 2 2 185
 55 1 3 198
 55 -1 4 245
 55 -1 -3 50
 55 4 0 358
 55 -2 4 260
 55 0 3 310
 55 0 -4 170
 55 4 -1 276
 55 1 4 140
 5 -4 -1 102
 55 2 1 297
 55 -3 -1 204
 55 0 2 104
 55 -1 -2 118
 55 0 -2 339
 55 3 2 199
 "contig-ratio-green-core" 0.6666666666666666
 "contig-ratio-red-core" 0.875
