 "a-count" 2
 "b-count" 4
 "c-color-count" 24
 "c-express-count" 24
 "d-color-count" 26
 "d-express-count" 26
 "cell-count" 56
 15 1 2 273
 15 0 -4 71
 15 0 3 45
 105 3 -3 103
 105 -2 3 122
 15 3 2 137
 15 -2 2 84
 15 2 2 71
 15 -2 -3 119
 15 4 -1 150
 15 2 -3 79
 15 3 -2 235
 15 0 2 40
 15 1 3 141
 15 3 -1 326
 15 1 -3 146
 15 4 0 168
 15 -2 -2 36
 15 0 -3 55
 15 -1 4 264
 15 -1 3 102
 15 -4 -2 56
 15 -1 -3 323
 15 1 -4 261
 15 -1 2 88
 15 -3 -2 268
 15 2 -2 291
 15 2 3 88
 55 2 0 239
 5 -4 0 307
 55 1 4 146
 55 0 4 329
 55 1 0 62
 55 -3 0 131
 55 0 1 87
 55 2 1 150
 55 4 1 281
 55 4 2 184
 55 -1 -1 337
 55 -2 0 296
 55 1 1 359
 5 0 -1 186
 55 -2 1 213
 55 2 -1 283
 55 -2 -1 254
 55 -3 1 137
 55 0 0 247
 55 1 -1 229
 55 0 -2 106
 5 -4 -1 101
 55 -1 -4 80
 55 -1 -2 183
 55 1 -2 72
 55 -1 0 206
 55 -3 2 84
 5 -1 1 225
 "contig-ratio-green-core" 0.8823529411764706
 "contig-ratio-red-core" 0.6521739130434783
 "a-count" 1
 "b-count" 1
 "c-color-count" 27
 "c-express-count" 27
 "d-color-count" 27
 "d-express-count" 27
 "cell-count" 56
 15 -2 3 105
 15 -1 4 221
 15 3 0 134
 15 2 1 0
 15 0 3 265
 15 3 1 216
 105 3 3 33
 15 1 0 229
 15 4 0 253
 15 2 -1 80
 15 -2 2 252
 15 -3 3 330
 15 4 -1 1
 15 1 1 80
 15 -3 -2 193
 15 -1 -4 53
 15 -3 -3 24
 15 -1 2 42
 15 1 -4 46
 15 -1 3 56
 15 0 4 148
 15 3 2 213
 15 2 -2 126
 15 3 -1 301
 15 2 3 203
 15 1 4 331
 15 0 -4 54
 15 2 0 225
 55 -2 1 32
 55 -2 0 358
 55 0 0 193
 55 0 -3 174
 55 -1 1 81
 55 -3 0 46
 55 1 3 141
 55 -3 -1 196
 55 2 -3 130
 55 2 2 345
 55 -1 -2 328
 55 0 -1 330
 55 -3 2 322
 55 -4 0 99
 55 1 -3 44
 55 -1 -3 159
 55 -1 0 36
 55 -2 -2 217
 5 -2 -3 157
 55 1 2 154
 55 0 2 349
 55 4 1 128
 55 1 -2 6
 55 -3 1 91
 55 0 1 77
 55 -2 -1 11
 55 0 -2 337
 55 -1 -1 299
 "contig-ratio-green-core" 0.7894736842105263
 "contig-ratio-red-core" 0.7272727272727273
 "a-count" 1
 "b-count" 3
 "c-color-count" 25
 "c-express-count" 25
 "d-color-count" 27
 "d-express-count" 27
 "cell-count" 56
 15 -1 -4 325
 15 -4 -1 73
 15 3 1 50
 15 -2 -2 44
 15 3 -1 144
 15 -1 3 270
 15 3 0 188
 15 -4 0 266
 15 3 -3 225
 15 0 2 0
 15 0 -4 56
 15 1 2 304
 15 4 0 18
 105 4 -1 332
 15 -1 2 235
 15 3 -2 209
 15 -3 -2 253
 15 2 0 26
 15 2 -3 230
 15 2 -1 73
 15 1 3 260
 15 -4 -2 7
 15 -1 -3 23
 15 2 1 191
 15 -3 -1 143
 15 4 1 194
 15 -2 -1 224
 15 -2 -3 350
 5 -3 3 280
 55 1 -4 326
 55 -2 3 202
 55 1 -2 193
 55 2 3 3
 55 1 -1 25
 5 0 0 200
 55 -2 1 287
 55 1 -3 82
 55 -1 1 122
 55 -2 -4 307
 55 0 -1 165
 55 -3 -3 182
 55 -1 0 153
 55 1 0 206
 55 -2 2 148
 5 0 -2 136
 55 0 1 33
 55 1 1 336
 55 -4 1 271
 55 -1 -2 97
 55 -2 0 12
 55 -3 0 183
 55 -3 1 297
 55 0 -3 4
 55 3 3 296
 55 -4 2 281
 55 -1 -1 176
 "contig-ratio-green-core" 0.7894736842105263
 "contig-ratio-red-core" 0.7391304347826086
