 "a-count" 2
 "b-count" 2
 "c-color-count" 26
 "c-express-count" 26
 "d-color-count" 26
 "d-express-count" 26
 "cell-count" 56
 15 -2 -3 114
 15 -2 -4 81
 15 -4 -1 118
 15 -3 -3 300
 15 -3 2 86
 15 -4 1 154
 15 -2 -4 89
 105 -1 -2 287
 15 -1 3 346
 15 -1 4 352
 15 0 -2 77
 15 -1 -3 359
 105 -2 -1 219
 15 1 -2 70
 15 -3 -1 15
 15 0 -2 54
 15 -3 -2 290
 15 2 3 288
 15 3 2 248
 15 -1 -4 147
 15 1 -3 216
 15 -2 0 226
 15 -3 1 304
 15 0 4 127
 15 -2 3 89
 15 0 -3 5
 15 -3 0 320
 15 3 3 229
 55 0 2 134
 55 -3 3 281
 55 0 -1 270
 55 1 1 296
 55 -1 0 167
 55 0 1 357
 55 -1 -1 326
 55 1 0 197
 55 2 -2 135
 55 1 4 186
 55 3 0 78
 55 3 1 273
 55 -2 2 209
 55 1 -1 268
 5 3 -2 51
 55 2 1 243
 55 1 -1 312
 55 -2 1 263
 55 1 3 138
 55 1 2 168
 55 2 0 278
 55 2 -1 320
 55 4 1 338
 55 0 0 208
 55 0 3 263
 5 2 2 126
 55 -1 2 195
 55 -1 1 162
 "contig-ratio-green-core" 0.6875
 "contig-ratio-red-core" 0.5652173913043478
 "a-count" 2
 "b-count" 4
 "c-color-count" 24
 "c-express-count" 24
 "d-color-count" 26
 "d-express-count" 26
 "cell-count" 56
 15 -1 -3 75
 105 -3 3 77
 15 3 1 64
 15 2 3 79
 15 1 4 51
 15 -3 -1 301
 15 1 -3 58
 15 -4 0 313
 15 -1 -4 213
 15 -3 2 180
 15 -2 2 186
 15 3 0 244
 105 -4 -1 263
 15 -2 -3 195
 15 1 2 130
 15 -3 -3 262
 15 -3 0 251
 15 2 1 155
 15 0 -2 34
 15 1 3 2
 15 0 -3 61
 15 4 -1 263
 15 -3 -2 185
 15 2 2 285
 15 0 -4 284
 15 -2 3 42
 15 4 0 3
 15 -3 1 348
 55 -2 1 115
 5 -1 -4 121
 55 -1 -1 150
 55 -2 -2 161
 55 4 1 167
 55 -1 2 37
 55 -2 -1 104
 55 0 0 302
 55 0 1 272
 55 -1 1 265
 55 1 0 285
 55 0 -1 332
 55 -1 -2 117
 55 -2 0 91
 5 2 0 358
 55 2 -1 273
 55 -1 0 143
 55 1 1 167
 55 1 -1 230
 55 -4 1 132
 55 0 2 172
 55 -1 3 325
 5 3 3 344
 55 3 -1 340
 5 3 2 143
 55 2 -2 146
 55 0 4 220
 55 0 3 186
 "contig-ratio-green-core" 1
 "contig-ratio-red-core" 0.6666666666666666
 "a-count" 4
 "b-count" 1
 "c-color-count" 27
 "c-express-count" 27
 "d-color-count" 24
 "d-express-count" 24
 "cell-count" 56
 15 1 -2 3
 15 1 2 86
 15 -2 -3 134
 105 2 -3 225
 15 0 -2 220
 15 -1 4 284
 15 4 -1 13
 15 2 2 163
 15 0 4 25
 15 4 1 7
 15 3 -1 255
 15 -4 0 210
 15 0 2 125
 15 -2 -4 84
 15 -4 1 318
 15 3 -2 323
 15 -1 -4 267
 15 2 -2 173
 105 1 -4 248
 105 0 -3 226
 15 4 0 118
 105 3 -3 11
 15 0 -4 168
 15 1 3 297
 15 3 0 121
 15 -1 -3 99
 15 -4 -1 336
 15 1 -3 17
 55 0 3 124
 55 -1 1 62
 55 -2 2 265
 55 2 -1 108
 55 1 -1 248
 55 -2 1 247
 55 -3 -1 140
 55 -2 -2 242
 55 1 1 31
 55 -1 2 316
 55 -1 0 312
 55 -3 0 243
 55 -1 -2 339
 55 1 0 359
 55 -1 -1 99
 55 -3 -2 140
 55 -2 -1 258
 55 3 1 185
 55 0 -1 30
 55 -1 3 245
 55 0 1 261
 55 -3 2 287
 55 2 1 161
 55 -2 0 44
 55 0 0 33
 5 1 4 238
 55 2 0 343
 55 3 2 25
 "contig-ratio-green-core" 0.8
 "contig-ratio-red-core" 0.6818181818181818
