 "a-count" 0
 "b-count" 23
 "c-color-count" 5
 "c-express-count" 5
 "d-color-count" 28
 "d-express-count" 28
 "cell-count" 56
 15 1 0 147
 15 0 -2 356
 15 2 -1 263
 15 -3 0 159
 15 1 -2 317
 15 1 -1 140
 15 -1 -2 26
 15 2 0 16
 15 -1 -1 113
 15 0 0 342
 15 -2 1 237
 15 -1 0 1
 15 1 1 356
 15 -2 -2 76
 15 -3 1 146
 15 -3 -1 205
 15 -1 1 34
 15 0 -1 113
 15 3 0 52
 15 2 3 348
 15 -2 0 178
 15 -1 2 157
 15 2 1 126
 15 -4 0 4
 15 -2 -1 151
 15 3 -1 220
 15 2 2 263
 15 0 1 61
 5 0 3 107
 5 3 1 5
 55 -2 -3 29
 5 -1 3 109
 5 -3 -2 40
 5 -4 -1 251
 5 -1 4 249
 5 -2 3 220
 5 1 -4 186
 5 3 2 188
 5 0 -4 149
 5 -2 2 323
 5 2 -3 293
 5 4 0 140
 5 0 -3 248
 55 -4 1 227
 55 1 4 152
 5 1 3 173
 5 -3 3 236
 5 2 -2 123
 5 0 4 297
 5 1 2 8
 55 -1 -3 191
 55 4 1 88
 5 -1 -4 103
 5 3 -2 191
 5 3 -3 213
 5 0 2 111
 "contig-ratio-green-core" 0.5
 "contig-ratio-red-core" 0.1875
 "a-count" 0
 "b-count" 23
 "c-color-count" 5
 "c-express-count" 5
 "d-color-count" 28
 "d-express-count" 28
 "cell-count" 56
 15 1 2 109
 15 1 -2 149
 15 -3 0 336
 15 -2 1 26
 15 -1 3 25
 15 -1 0 189
 15 -1 -1 56
 15 3 0 313
 15 4 0 171
 15 3 -1 314
 15 2 -1 44
 15 -2 2 214
 15 4 1 27
 15 2 0 253
 15 0 -2 49
 15 0 3 215
 15 1 -1 209
 15 -1 -2 50
 15 -1 1 213
 15 1 0 243
 15 -2 -1 301
 15 0 1 5
 15 -2 0 125
 15 -1 2 309
 15 0 2 58
 15 0 -1 287
 15 0 0 132
 15 1 1 96
 5 1 -3 76
 5 3 -2 302
 5 -2 -2 89
 55 -3 -1 14
 5 0 -4 271
 5 0 4 207
 55 2 -3 266
 5 3 2 52
 5 -2 -3 85
 5 -4 1 33
 5 -1 -3 66
 5 -3 2 92
 55 2 2 252
 5 3 -3 154
 5 -3 -2 336
 55 3 1 25
 5 2 3 288
 5 0 -3 255
 5 -4 0 290
 5 1 3 81
 5 -1 -4 348
 5 -1 4 176
 5 1 -4 276
 5 3 3 105
 5 4 -1 137
 55 2 1 233
 5 -3 1 114
 5 -3 -3 79
 "contig-ratio-green-core" 1.75
 "contig-ratio-red-core" 0.23529411764705882
 "a-count" 0
 "b-count" 22
 "c-color-count" 6
 "c-express-count" 6
 "d-color-count" 28
 "d-express-count" 28
 "cell-count" 56
 15 1 0 240
 15 -3 -1 235
 15 -1 3 135
 15 -2 2 49
 15 -3 -2 359
 15 -2 0 21
 15 0 -2 54
 15 0 -1 39
 15 3 1 70
 15 0 3 118
 15 -3 2 170
 15 -1 -2 179
 15 0 1 100
 15 -2 -1 227
 15 0 2 230
 15 1 -1 232
 15 -1 2 160
 15 2 2 1
 15 -2 1 147
 15 1 2 234
 15 -1 0 36
 15 -1 1 10
 15 -1 -1 72
 15 2 1 170
 15 1 1 155
 15 0 0 139
 15 -2 -2 156
 15 -1 -3 12
 5 3 -1 107
 55 0 4 305
 5 3 3 338
 5 4 -1 60
 5 -4 1 84
 5 3 -3 66
 5 -1 -4 47
 5 4 0 4
 5 2 -1 112
 5 3 2 204
 55 -3 1 30
 5 2 3 20
 5 0 -3 92
 5 1 -3 184
 5 -4 0 66
 55 -3 0 165
 5 2 -3 334
 5 1 -4 152
 5 1 3 206
 55 3 -2 229
 5 4 1 92
 55 1 4 302
 55 2 -2 130
 5 2 0 227
 5 -2 -3 210
 5 -2 3 186
 5 0 -4 347
 5 3 0 6
 "contig-ratio-green-core" 0.8333333333333334
 "contig-ratio-red-core" 0.17647058823529413
