 "a-count" 1
 "b-count" 23
 "c-color-count" 5
 "c-express-count" 5
 "d-color-count" 27
 "d-express-count" 27
 "cell-count" 56
 15 -1 3 37
 15 2 1 145
 15 -2 3 75
 15 -2 1 52
 15 1 1 168
 15 -2 2 38
 15 -2 0 141
 15 0 2 292
 15 1 0 27
 15 2 0 271
 105 -1 2 315
 15 -1 0 306
 15 1 3 8
 15 -1 -1 101
 15 -3 0 295
 15 -1 1 21
 15 -1 -3 151
 15 0 -1 292
 15 1 -1 66
 15 2 2 241
 15 1 2 15
 15 0 0 176
 15 -4 1 198
 15 0 3 329
 15 -1 -2 12
 15 0 1 29
 15 0 -2 292
 15 -3 1 263
 5 4 0 302
 5 -3 2 86
 55 3 -1 283
 5 3 -2 287
 5 3 1 223
 5 -2 -1 193
 5 1 -4 237
 5 -2 -2 248
 5 1 4 257
 5 1 -2 352
 55 -3 3 19
 5 -3 -3 202
 55 -4 0 190
 5 -3 -2 57
 55 3 0 2
 5 -1 -4 296
 5 -2 -3 332
 5 1 -3 341
 5 2 3 241
 5 4 -1 357
 5 -4 -1 118
 55 2 -1 218
 5 0 -3 263
 5 2 -3 146
 5 4 1 300
 5 2 -2 12
 5 -3 -1 63
 5 3 -3 169
 "contig-ratio-green-core" 1.25
 "contig-ratio-red-core" 0.23529411764705882
 "a-count" 0
 "b-count" 20
 "c-color-count" 8
 "c-express-count" 8
 "d-color-count" 28
 "d-express-count" 28
 "cell-count" 56
 15 -2 3 144
 15 0 1 68
 15 0 2 88
 15 2 -1 2
 15 1 1 143
 15 1 2 62
 15 -2 2 86
 15 0 0 67
 15 2 0 8
 15 -1 -1 169
 15 -2 0 124
 15 1 -1 152
 15 -2 4 87
 15 0 -2 174
 15 -2 -1 200
 15 -3 1 221
 15 -1 -2 118
 15 -3 0 149
 15 -2 1 24
 15 2 2 72
 15 1 -2 301
 15 -1 2 84
 15 2 3 11
 15 2 1 146
 15 -1 0 192
 15 1 0 25
 15 2 -2 346
 15 0 -1 131
 5 -1 -3 25
 5 3 -3 352
 5 0 4 336
 5 -4 1 82
 55 4 1 131
 5 3 2 307
 55 -4 -1 354
 5 -3 -3 112
 55 -1 3 59
 5 3 1 68
 5 1 3 218
 5 0 3 104
 5 1 4 349
 5 1 -3 254
 5 3 3 141
 5 -3 -2 116
 5 -2 -2 247
 55 0 -4 333
 5 3 -1 127
 55 -4 0 330
 5 3 -2 355
 5 -3 -1 352
 55 4 0 308
 55 -1 4 127
 5 2 -3 320
 5 -3 2 208
 55 1 -4 211
 5 4 -1 163
 "contig-ratio-green-core" 0.5
 "contig-ratio-red-core" 0.10526315789473684
 "a-count" 0
 "b-count" 20
 "c-color-count" 8
 "c-express-count" 8
 "d-color-count" 28
 "d-express-count" 28
 "cell-count" 56
 15 0 3 59
 15 2 -1 175
 15 -1 -1 52
 15 1 -2 210
 15 0 -1 332
 15 1 0 295
 15 -2 0 85
 15 2 1 116
 15 2 2 265
 15 3 0 247
 15 -1 -2 78
 15 4 0 295
 15 1 -1 175
 15 1 3 188
 15 -2 -1 327
 15 0 0 250
 15 -3 -1 232
 15 1 2 170
 15 -2 1 158
 15 1 4 157
 15 3 -1 57
 15 1 1 65
 15 -1 0 290
 15 0 -2 119
 15 -2 2 72
 15 2 -2 267
 15 2 0 12
 15 3 1 142
 5 -3 -2 157
 5 -4 0 357
 5 4 1 208
 5 0 1 50
 5 3 3 229
 5 -1 1 48
 55 0 2 194
 55 1 -4 62
 5 -3 1 89
 55 -3 3 342
 5 -2 -3 55
 5 -4 -1 241
 5 3 -3 244
 55 0 -4 229
 5 1 -3 262
 55 3 2 284
 5 -1 3 32
 5 -1 -3 213
 5 -3 2 58
 5 2 3 224
 5 0 4 141
 55 -1 2 129
 5 -3 0 330
 5 -2 -2 343
 55 -2 3 138
 5 -1 -4 278
 5 2 -3 223
 55 0 -3 283
 "contig-ratio-green-core" 0.8571428571428571
 "contig-ratio-red-core" 0.2631578947368421
 "a-count" 0
 "b-count" 21
 "c-color-count" 7
 "c-express-count" 7
 "d-color-count" 28
 "d-express-count" 28
 "cell-count" 56
 15 -2 1 329
 15 -1 -2 71
 15 -3 1 203
 15 -2 -3 122
 15 -1 3 126
 15 0 1 272
 15 1 1 345
 15 -1 -1 133
 15 -3 0 35
 15 -1 -3 195
 15 1 -2 313
 15 0 -1 352
 15 1 -1 23
 15 -1 0 332
 15 2 0 154
 15 -1 2 178
 15 1 0 27
 15 1 2 351
 15 -1 1 215
 15 -1 4 239
 15 2 2 182
 15 0 0 19
 15 0 2 21
 15 2 -1 215
 15 0 -2 332
 15 2 1 60
 15 0 3 44
 15 -2 0 89
 5 3 1 163
 55 -4 1 178
 5 3 3 212
 5 3 0 114
 55 -2 -1 326
 5 4 -1 100
 5 4 1 283
 55 3 -3 341
 5 4 0 257
 55 3 -1 99
 5 2 -3 353
 5 2 -2 86
 5 1 3 22
 5 1 4 159
 5 -4 -1 272
 5 0 -4 210
 5 3 2 18
 5 -1 -4 266
 5 0 4 117
 5 -2 2 192
 5 -3 -1 288
 55 -2 -2 17
 55 3 -2 274
 55 -4 0 119
 5 -3 -2 284
 5 -3 -3 123
 5 0 -3 103
 5 2 3 288
 "contig-ratio-green-core" 1
 "contig-ratio-red-core" 0.2631578947368421
