 "a-count" 0
 "b-count" 20
 "c-color-count" 8
 "c-express-count" 8
 "d-color-count" 28
 "d-express-count" 28
 "cell-count" 56
 15 0 1 165
 15 3 1 16
 15 -2 1 321
 15 -1 -1 336
 15 -1 1 250
 15 -3 3 200
 15 -2 0 146
 15 3 2 284
 15 2 3 60
 15 1 2 219
 15 2 0 209
 15 1 0 359
 15 2 2 77
 15 2 1 233
 15 1 -2 343
 15 2 -2 189
 15 1 1 63
 15 0 -2 171
 15 3 0 51
 15 -1 0 14
 15 0 0 236
 15 4 1 148
 15 2 -1 179
 15 0 -1 2
 15 1 -1 80
 15 -3 0 170
 15 -1 -2 255
 15 3 -1 63
 55 0 -4 84
 55 -2 3 24
 55 -1 3 53
 5 0 2 268
 5 0 3 172
 55 -3 2 296
 5 0 4 128
 5 -4 -1 139
 5 -1 2 268
 5 -3 -2 264
 5 -2 2 63
 5 -3 -1 223
 5 -4 0 273
 5 -2 -3 266
 5 -3 -3 25
 5 -2 -1 253
 55 0 -5 284
 55 2 -4 11
 5 1 4 322
 5 -3 1 196
 5 -1 -3 245
 5 1 -3 279
 5 -2 -2 197
 5 1 3 311
 55 -1 4 52
 5 4 -1 112
 5 0 -3 86
 55 1 -4 95
 "contig-ratio-green-core" 0.14285714285714285
 "contig-ratio-red-core" 0
 "a-count" 1
 "b-count" 21
 "c-color-count" 7
 "c-express-count" 7
 "d-color-count" 27
 "d-express-count" 27
 "cell-count" 56
 15 -1 -1 37
 15 1 0 110
 15 2 2 50
 15 1 2 89
 15 0 -1 120
 15 -1 0 288
 15 0 -3 49
 15 -1 1 46
 15 2 3 61
 15 -2 0 354
 15 1 1 129
 15 -1 -3 34
 15 0 3 152
 15 -1 3 252
 15 0 0 106
 15 -1 2 158
 105 0 1 203
 15 0 -2 342
 15 1 3 24
 15 -2 2 25
 15 -2 -1 327
 15 -2 1 248
 15 0 2 118
 15 1 -2 184
 15 1 4 231
 15 0 4 124
 15 1 -1 258
 15 -1 -2 18
 5 4 0 206
 5 4 1 50
 5 -2 -2 105
 5 0 -4 76
 55 -4 1 9
 5 -1 -4 141
 55 2 -1 89
 5 3 -3 355
 55 3 1 346
 5 1 -3 299
 5 2 -2 13
 5 4 -1 312
 5 2 -3 313
 5 -3 3 284
 55 3 -1 281
 5 -3 1 307
 5 3 -2 55
 5 -2 3 208
 55 -5 1 22
 5 1 -4 255
 5 -3 -1 8
 55 3 0 170
 5 -3 0 226
 5 2 0 195
 5 -1 4 65
 55 2 1 251
 5 -3 2 174
 5 -3 -3 197
 "contig-ratio-green-core" 0.75
 "contig-ratio-red-core" 0.125
 "a-count" 1
 "b-count" 21
 "c-color-count" 7
 "c-express-count" 7
 "d-color-count" 27
 "d-express-count" 27
 "cell-count" 56
 15 2 0 227
 15 2 -2 331
 15 0 1 199
 15 1 0 282
 105 0 -1 324
 15 2 -1 93
 15 -2 0 230
 15 4 0 325
 15 -2 2 61
 15 0 -3 191
 15 -2 -2 292
 15 -2 -1 103
 15 -1 -2 162
 15 -1 0 238
 15 0 -2 19
 15 1 -1 136
 15 1 -2 72
 15 -3 0 30
 15 -1 -1 159
 15 3 0 73
 15 -1 1 106
 15 0 0 208
 15 2 1 3
 15 -1 -3 18
 15 3 -1 208
 15 1 1 319
 15 1 -3 321
 15 -2 1 74
 5 -3 2 296
 5 -1 4 321
 5 4 -2 17
 5 2 2 160
 5 -3 -2 175
 55 0 -4 179
 5 -1 2 244
 5 -3 -3 165
 5 2 3 284
 5 3 1 242
 5 3 -3 356
 55 1 3 150
 5 0 3 52
 5 -2 3 100
 5 1 2 40
 5 -3 3 97
 5 0 2 158
 5 0 4 95
 5 2 -3 242
 55 1 4 345
 55 4 -1 96
 5 -3 1 256
 5 -4 0 117
 5 3 -2 126
 55 -1 -4 218
 5 -1 3 200
 55 1 -4 330
 55 -2 -4 129
 "contig-ratio-green-core" 0.75
 "contig-ratio-red-core" 0.25
 "a-count" 0
 "b-count" 22
 "c-color-count" 6
 "c-express-count" 6
 "d-color-count" 28
 "d-express-count" 28
 "cell-count" 56
 15 2 1 201
 15 1 0 238
 15 1 -1 115
 15 2 -1 334
 15 -1 1 80
 15 -3 1 221
 15 2 2 352
 15 1 1 35
 15 1 -2 84
 15 -2 0 127
 15 2 0 235
 15 -1 2 220
 15 0 1 128
 15 -2 1 333
 15 -3 -1 58
 15 3 1 233
 15 1 0 197
 15 0 0 181
 15 1 2 230
 15 4 1 106
 15 -3 0 80
 15 -2 2 275
 15 0 0 9
 15 0 2 339
 15 3 -1 304
 15 2 3 211
 15 -1 0 143
 15 3 0 287
 5 -4 1 24
 55 1 4 124
 5 -3 2 1
 5 0 -3 96
 5 -1 -1 283
 5 2 -2 328
 5 0 -4 172
 5 -1 4 144
 5 -4 0 272
 5 0 4 281
 5 -3 -3 234
 5 0 -1 337
 5 3 -2 344
 55 -2 -2 68
 55 -2 -1 291
 5 2 -3 87
 55 -1 -2 261
 5 -1 -4 127
 5 -4 -1 315
 5 -1 3 113
 55 -2 -3 30
 5 0 3 48
 5 -3 -2 331
 5 -3 3 220
 5 -2 3 189
 5 0 -2 136
 5 -1 -3 39
 55 3 3 12
 "contig-ratio-green-core" 0.6666666666666666
 "contig-ratio-red-core" 0.1
