 "a-count" 0
 "b-count" 23
 "c-color-count" 5
 "c-express-count" 5
 "d-color-count" 28
 "d-express-count" 28
 "cell-count" 56
 15 -1 1 46
 15 0 -1 168
 15 -4 0 282
 15 2 2 191
 15 1 3 248
 15 1 1 341
 15 -3 0 118
 15 -4 -1 328
 15 -4 1 115
 15 0 1 53
 15 0 3 125
 15 0 2 108
 15 2 1 247
 15 0 0 328
 15 2 0 160
 15 -1 0 262
 15 -1 -1 263
 15 -2 0 11
 15 -3 -1 311
 15 -1 -2 42
 15 0 -2 288
 15 -2 -1 110
 15 1 -2 155
 15 -1 -3 309
 15 1 2 331
 15 1 -1 288
 15 1 0 114
 15 2 -1 189
 5 -2 2 314
 5 3 -1 273
 5 -2 -2 109
 5 0 -3 290
 5 2 -2 320
 55 -1 3 263
 5 4 -1 11
 55 -3 -2 17
 5 3 3 3
 5 2 3 42
 5 -2 -3 56
 5 -3 -3 148
 5 3 -3 289
 5 -2 1 225
 5 -3 3 119
 5 3 -2 16
 5 1 -3 134
 55 3 2 209
 5 4 0 265
 55 3 1 340
 55 3 0 66
 5 -3 2 186
 5 0 4 231
 5 4 1 242
 5 0 -4 292
 5 -1 2 277
 5 -3 1 83
 5 -1 -4 346
 "contig-ratio-green-core" 1
 "contig-ratio-red-core" 0.2631578947368421
 "a-count" 0
 "b-count" 21
 "c-color-count" 7
 "c-express-count" 7
 "d-color-count" 28
 "d-express-count" 28
 "cell-count" 56
 15 -2 2 74
 15 1 3 347
 15 -2 1 233
 15 -2 -1 297
 15 1 -2 257
 15 2 -2 132
 15 -3 1 261
 15 -1 0 217
 15 -2 0 161
 15 0 1 233
 15 -3 2 202
 15 -1 -1 108
 15 2 0 295
 15 2 1 283
 15 0 -2 242
 15 1 -1 92
 15 0 0 218
 15 1 0 340
 15 1 2 292
 15 -1 1 70
 15 0 2 305
 15 2 -1 35
 15 -1 2 353
 15 3 1 248
 15 2 2 349
 15 0 -1 174
 15 1 1 145
 15 -3 0 333
 55 -2 4 341
 5 -4 1 146
 5 2 -3 15
 55 3 0 354
 5 -1 3 234
 5 1 -3 224
 5 1 4 215
 5 -2 -2 58
 5 1 -4 358
 55 -4 -1 272
 5 0 3 138
 55 -1 4 30
 5 2 3 65
 5 -1 -2 179
 5 -3 -3 251
 55 -4 0 75
 5 3 -2 84
 5 -3 -2 345
 5 3 3 143
 5 3 -3 298
 5 -1 -3 19
 55 4 0 169
 55 3 -1 213
 5 0 -4 182
 5 4 -1 50
 5 -1 -4 358
 5 -3 -1 346
 5 -2 -3 160
 "contig-ratio-green-core" 0.5
 "contig-ratio-red-core" 0.1875
 "a-count" 0
 "b-count" 19
 "c-color-count" 9
 "c-express-count" 9
 "d-color-count" 28
 "d-express-count" 28
 "cell-count" 56
 15 -3 2 348
 15 0 -1 223
 15 -1 3 33
 15 1 3 271
 15 -2 -3 202
 15 -1 0 262
 15 0 1 332
 15 2 -1 191
 15 1 -1 230
 15 -2 3 96
 15 2 1 261
 15 2 0 65
 15 0 -2 237
 15 -1 -3 139
 15 1 0 302
 15 1 1 25
 15 -1 -1 293
 15 0 2 67
 15 -1 -2 108
 15 1 2 83
 15 -1 1 102
 15 -1 2 185
 15 2 2 85
 15 0 3 226
 15 -2 2 229
 15 0 4 295
 15 -2 -2 22
 15 0 0 333
 5 -4 0 152
 55 -3 3 130
 5 1 -4 280
 5 2 -3 80
 5 2 3 123
 5 -2 -1 184
 5 -4 1 216
 55 -4 -1 104
 5 -3 1 232
 5 4 0 50
 55 -3 -1 296
 5 -1 4 198
 5 -2 1 144
 5 1 -3 341
 5 3 -2 356
 55 -3 -2 85
 5 1 -2 168
 55 5 -1 199
 55 -2 0 210
 5 3 1 41
 5 -1 -4 351
 5 0 -3 346
 55 4 -1 163
 5 2 -2 359
 5 -3 -3 95
 5 4 1 84
 55 -3 0 219
 55 4 -2 54
 "contig-ratio-green-core" 0.2
 "contig-ratio-red-core" 0.16666666666666666
 "a-count" 0
 "b-count" 23
 "c-color-count" 5
 "c-express-count" 5
 "d-color-count" 28
 "d-express-count" 28
 "cell-count" 56
 15 -2 0 128
 15 0 1 86
 15 0 3 238
 15 0 2 154
 15 -3 1 2
 15 -1 2 232
 15 2 2 85
 15 -1 -1 66
 15 -2 -1 81
 15 0 -1 54
 15 0 0 38
 15 3 -3 194
 15 -1 0 31
 15 -2 -2 208
 15 2 1 217
 15 0 -2 12
 15 -3 0 309
 15 3 1 271
 15 -1 1 306
 15 2 -3 142
 15 1 1 275
 15 -2 -3 64
 15 -1 -2 186
 15 -2 1 82
 15 1 3 147
 15 1 2 24
 15 2 0 161
 15 1 0 71
 5 0 4 266
 5 -3 -3 331
 5 -1 4 282
 55 3 -1 272
 5 -1 -3 233
 5 3 -2 339
 5 2 3 233
 5 -1 3 308
 5 1 4 20
 5 -1 -4 92
 5 -3 2 207
 5 0 -3 338
 5 3 3 323
 5 1 -4 347
 5 3 2 327
 5 4 -1 29
 5 0 -4 30
 55 3 0 317
 5 4 1 66
 5 2 -1 202
 5 4 0 346
 5 1 -1 296
 55 -3 -1 117
 55 -2 3 341
 5 1 -2 73
 55 -2 2 69
 5 -4 -1 28
 5 1 -3 22
 "contig-ratio-green-core" 1.5
 "contig-ratio-red-core" 0.16666666666666666
