 "a-count" 0
 "b-count" 0
 "c-color-count" 28
 "c-express-count" 28
 "d-color-count" 28
 "d-express-count" 28
 "cell-count" 56
 15 -1 -4 69
 15 1 2 75
 15 -3 -2 69
 15 2 1 176
 15 3 -1 327
 15 3 0 43
 15 4 -1 183
 15 -2 3 218
 15 3 3 287
 15 2 -3 18
 15 -1 3 124
 15 -2 -3 188
 15 3 -2 116
 15 2 0 197
 15 -2 -2 97
 15 0 -4 33
 15 3 2 26
 15 3 1 99
 15 0 4 280
 15 1 -4 129
 15 -1 4 270
 15 -3 3 272
 15 3 -3 310
 15 -1 -3 331
 15 4 0 350
 15 1 1 349
 15 -1 -2 3
 15 2 2 130
 55 4 1 100
 55 1 -2 169
 55 2 -2 226
 55 0 1 238
 55 -2 -1 283
 55 -4 0 20
 55 2 -1 357
 55 -2 2 87
 55 1 -1 79
 55 1 -3 334
 55 -2 1 340
 55 -3 0 60
 55 1 3 197
 55 -3 2 32
 55 0 2 110
 55 0 3 139
 55 0 -1 235
 55 0 -2 121
 55 1 0 4
 55 -1 1 146
 55 -1 2 288
 55 -1 0 84
 55 1 4 273
 55 0 0 135
 55 -4 1 101
 55 -3 1 315
 55 -1 -1 5
 55 -2 0 94
 "contig-ratio-green-core" 0.7222222222222222
 "contig-ratio-red-core" 0.6521739130434783
 "a-count" 0
 "b-count" 0
 "c-color-count" 28
 "c-express-count" 28
 "d-color-count" 28
 "d-express-count" 28
 "cell-count" 56
 15 -2 -3 330
 15 -2 -2 70
 15 0 -2 192
 15 -4 -2 182
 15 0 4 222
 15 1 3 46
 15 -4 -1 0
 15 0 2 95
 15 3 -3 335
 15 -3 -3 3
 15 -2 3 20
 15 -1 3 284
 15 -1 -2 126
 15 -2 4 15
 15 3 3 31
 15 -1 -3 104
 15 0 -4 305
 15 -1 2 306
 15 0 -3 53
 15 -3 -2 280
 15 1 -3 38
 15 1 -2 38
 15 2 3 178
 15 1 2 284
 15 -1 -4 221
 15 2 -3 98
 15 1 4 335
 15 1 1 16
 55 2 1 223
 55 3 -2 199
 55 -2 1 159
 55 3 1 55
 55 -4 0 290
 55 1 -4 121
 55 1 -1 114
 55 2 -2 9
 55 -2 -1 181
 55 -1 -1 292
 55 -3 0 134
 55 0 -1 293
 55 3 0 326
 55 2 2 31
 55 2 0 242
 55 2 -1 331
 55 -1 0 292
 55 3 2 216
 55 -1 1 243
 55 0 0 4
 55 -3 1 200
 55 -4 2 6
 55 1 0 168
 55 -3 -1 319
 55 4 2 101
 55 3 -1 214
 55 -4 1 312
 55 -2 0 12
 "contig-ratio-green-core" 0.5909090909090909
 "contig-ratio-red-core" 0.6086956521739131
 "a-count" 0
 "b-count" 0
 "c-color-count" 28
 "c-express-count" 28
 "d-color-count" 28
 "d-express-count" 28
 "cell-count" 56
 15 -1 3 47
 15 -3 1 329
 15 -4 2 333
 15 -3 2 186
 15 2 -2 5
 15 3 -2 313
 15 -4 1 119
 15 4 1 128
 15 -1 -3 296
 15 2 3 351
 15 -2 -2 161
 15 0 -3 69
 15 -2 -3 8
 15 -4 0 278
 15 0 -4 214
 15 -3 -1 284
 15 -3 0 213
 15 1 -4 229
 15 -1 4 344
 15 -4 -1 12
 15 1 -2 286
 15 0 -2 228
 15 1 3 349
 15 0 3 128
 15 4 0 40
 15 -1 -1 155
 15 -2 -1 150
 15 1 -3 241
 55 3 1 241
 55 -1 0 48
 55 3 -1 310
 55 2 0 131
 55 1 2 305
 55 -2 2 181
 55 2 -3 286
 55 2 2 73
 55 1 0 49
 55 1 -1 146
 55 -1 -4 48
 55 -3 -3 32
 55 0 0 325
 55 -1 2 250
 55 2 0 3
 55 2 1 292
 55 3 0 187
 55 1 1 143
 55 0 -1 153
 55 2 1 104
 55 -2 3 206
 55 2 -1 203
 55 -2 0 203
 55 -2 1 169
 55 3 1 237
 55 0 1 101
 55 -1 1 255
 55 -3 -2 132
 "contig-ratio-green-core" 0.9444444444444444
 "contig-ratio-red-core" 0.7727272727272727
