 "a-count" 0
 "b-count" 0
 "c-color-count" 28
 "c-express-count" 28
 "d-color-count" 28
 "d-express-count" 28
 "cell-count" 56
 15 -3 2 320
 15 -1 -1 327
 15 4 -3 48
 15 2 -3 194
 15 0 -2 88
 15 1 -2 107
 15 3 -3 275
 15 2 2 280
 15 -1 4 24
 15 0 4 166
 15 -4 0 140
 15 -4 1 331
 15 1 -3 88
 15 -2 -1 16
 15 3 -2 90
 15 0 -3 322
 15 1 5 350
 15 2 -4 125
 15 -4 2 169
 15 -1 -3 205
 15 1 4 312
 15 1 2 282
 15 -1 -2 55
 15 -2 3 144
 15 -3 3 158
 15 -3 1 326
 15 1 3 212
 15 0 -2 309
 55 3 1 72
 55 -1 0 295
 55 -3 0 209
 55 -4 -2 205
 55 0 -1 151
 55 1 -1 264
 55 3 -1 25
 55 1 0 307
 55 -1 1 128
 55 4 -1 21
 55 2 1 236
 55 2 0 220
 55 3 0 62
 55 -2 1 267
 55 0 0 100
 55 0 3 272
 55 -2 2 251
 55 3 2 54
 55 -3 -2 11
 55 0 1 87
 55 4 1 214
 55 -3 -1 359
 55 2 -1 332
 55 -1 3 280
 55 -1 2 77
 55 -2 0 104
 55 0 2 248
 55 1 1 107
 "contig-ratio-green-core" 0.75
 "contig-ratio-red-core" 0.5384615384615384
 "a-count" 0
 "b-count" 0
 "c-color-count" 28
 "c-express-count" 28
 "d-color-count" 28
 "d-express-count" 28
 "cell-count" 56
 15 -2 2 81
 15 0 -3 139
 15 1 -4 147
 15 -4 -2 229
 15 2 2 338
 15 -4 2 299
 15 1 2 195
 15 3 -3 336
 15 4 -3 225
 15 2 -3 325
 15 3 1 94
 15 -1 -3 173
 15 0 3 195
 15 0 -4 271
 15 -4 -1 358
 15 4 0 272
 15 1 3 320
 15 0 2 85
 15 2 3 129
 15 3 -1 101
 15 -3 2 82
 15 -1 3 193
 15 3 0 324
 15 -4 1 359
 15 -1 -4 136
 15 1 -3 73
 15 4 1 42
 15 -4 0 22
 55 1 0 157
 55 -3 1 242
 55 2 0 261
 55 3 2 344
 55 1 -2 123
 55 -2 -1 110
 55 2 -1 119
 55 -1 -1 175
 55 -1 4 352
 55 -3 -1 309
 55 0 -2 162
 55 -1 1 120
 55 3 3 33
 55 1 1 146
 55 -2 0 81
 55 -3 -2 129
 55 -2 -2 299
 55 2 1 137
 55 1 -1 125
 55 -1 0 109
 55 0 0 136
 55 -3 -3 176
 55 0 -1 322
 55 0 4 27
 55 0 1 357
 55 -1 -2 357
 55 -3 0 104
 55 -2 1 83
 "contig-ratio-green-core" 0.9
 "contig-ratio-red-core" 0.6363636363636364
 "a-count" 0
 "b-count" 0
 "c-color-count" 28
 "c-express-count" 28
 "d-color-count" 28
 "d-express-count" 28
 "cell-count" 56
 15 -3 2 91
 15 2 -3 70
 15 -4 0 351
 15 1 -4 348
 15 2 1 72
 15 1 2 5
 15 1 -3 228
 15 3 1 19
 15 -4 1 153
 15 4 1 315
 15 -4 -2 263
 15 0 -4 89
 15 -3 0 289
 15 2 2 23
 15 2 3 255
 15 -4 -2 135
 15 -1 -4 161
 15 -4 -1 257
 15 1 1 67
 15 3 -3 172
 15 -1 -3 73
 15 4 -1 170
 15 -3 0 153
 15 4 0 93
 15 -3 1 350
 15 2 0 328
 15 0 -3 61
 15 1 -3 294
 55 -3 -4 241
 55 -1 3 317
 55 1 -1 146
 55 -2 0 262
 55 -3 -3 149
 55 -4 -3 144
 55 -3 -2 132
 55 -2 -1 33
 55 3 -1 266
 55 -4 -3 304
 55 -2 -2 295
 55 -1 -1 36
 55 0 -2 47
 55 -3 -1 174
 55 -1 0 210
 55 0 -1 251
 55 1 -2 74
 55 2 -2 256
 55 0 1 239
 55 -2 -3 78
 55 0 3 109
 55 -1 -2 62
 55 -1 1 51
 55 1 0 140
 55 2 -1 359
 55 0 2 163
 55 -2 1 304
 55 0 0 18
 "contig-ratio-green-core" 0.7368421052631579
 "contig-ratio-red-core" 0.6521739130434783
 "a-count" 0
 "b-count" 0
 "c-color-count" 28
 "c-express-count" 28
 "d-color-count" 28
 "d-express-count" 28
 "cell-count" 56
 15 0 4 145
 15 -4 1 18
 15 2 -2 48
 15 3 -3 359
 15 -2 3 359
 15 4 -1 0
 15 0 -4 142
 15 -3 3 102
 15 -1 4 139
 15 -3 -2 178
 15 -3 -1 66
 15 2 -3 107
 15 0 -3 293
 15 -2 4 305
 15 1 4 13
 15 4 3 148
 15 0 3 259
 15 1 -3 157
 15 -1 -2 49
 15 0 -2 33
 15 -1 -3 233
 15 -4 0 284
 15 3 3 293
 15 1 -4 20
 15 -2 -2 33
 15 -1 -1 70
 15 1 -2 160
 15 -2 -1 112
 55 4 0 0
 55 0 -1 45
 55 1 -1 190
 55 0 0 251
 55 -2 1 279
 55 2 3 247
 55 -1 -4 29
 55 2 0 50
 55 2 2 346
 55 3 0 109
 55 2 -1 355
 55 -3 0 260
 55 1 2 61
 55 -1 2 305
 55 2 1 197
 55 3 1 121
 55 -1 0 161
 55 -2 2 13
 55 3 -2 158
 55 -2 0 296
 55 0 1 30
 55 -3 1 356
 55 4 1 157
 55 -3 2 289
 55 3 -1 123
 55 0 2 236
 55 1 0 173
 55 1 1 318
 "contig-ratio-green-core" 0.7368421052631579
 "contig-ratio-red-core" 0.5652173913043478
