 "a-count" 5
 "b-count" 3
 "c-color-count" 26
 "c-express-count" 25
 "d-color-count" 25
 "d-express-count" 23
 "cell-count" 56
 15 2 -2 270
 15 2 -3 178
 15 0 -2 256
 15 1 -4 300
 105 -2 3 249
 15 -3 1 145
 105 1 -2 252
 15 -1 -4 287
 15 4 1 243
 15 -3 2 221
 15 -3 0 269
 15 2 4 353
 15 -4 1 241
 15 2 3 193
 15 3 2 139
 15 -4 -1 76
 15 -3 -1 134
 15 -2 -3 303
 15 0 -4 39
 15 2 -1 101
 15 -1 -3 238
 15 3 3 328
 15 -4 0 161
 15 1 -1 155
 15 0 -3 71
 15 1 4 120
 105 -3 -2 37
 15 0 4 204
 5 -2 -1 120
 55 0 0 227
 5 2 0 182
 55 -1 3 51
 55 -2 0 319
 55 3 0 200
 55 -1 1 135
 55 1 0 252
 55 4 -1 302
 55 0 1 90
 55 -1 -2 109
 55 -1 0 204
 55 0 2 100
 55 -2 1 117
 55 -1 -1 241
 55 -1 2 189
 55 3 1 179
 55 1 2 72
 55 1 1 332
 55 1 3 138
 55 3 -2 335
 55 0 3 204
 55 3 -1 268
 55 4 0 230
 55 -2 -2 46
 55 -1 4 1
 55 2 1 5
 55 -3 -3 166
 "contig-ratio-green-core" 0.6842105263157895
 "contig-ratio-red-core" 0.5217391304347826
 "a-count" 13
 "b-count" 6
 "c-color-count" 22
 "c-express-count" 22
 "d-color-count" 20
 "d-express-count" 15
 "cell-count" 56
 15 -4 0 14
 15 -1 -4 212
 15 -1 -1 83
 15 2 3 216
 15 -3 2 239
 105 -1 1 70
 15 1 -3 229
 15 0 0 162
 15 1 1 352
 15 0 1 8
 105 3 0 109
 15 4 0 276
 15 4 -1 168
 15 -3 3 148
 105 0 -3 144
 105 -3 -2 321
 15 2 -1 294
 15 -1 0 34
 15 0 -1 357
 105 2 -3 249
 15 -4 1 147
 105 -4 -1 332
 105 3 -3 124
 15 1 0 313
 15 1 2 359
 15 0 -2 223
 15 1 3 2
 105 3 -1 239
 55 4 1 344
 5 -2 -2 37
 5 -2 -1 83
 55 -3 0 99
 55 -2 -3 229
 55 1 4 255
 55 -3 1 337
 55 3 2 30
 55 0 4 133
 55 1 -2 86
 5 -3 -3 27
 55 0 -4 306
 55 -1 -2 26
 55 -1 4 214
 55 -3 -1 87
 55 -2 0 182
 55 -2 2 170
 55 2 2 266
 55 -1 3 306
 5 -2 1 11
 55 2 1 310
 55 3 1 60
 55 -1 -3 243
 55 -1 2 330
 5 0 2 96
 55 2 0 220
 55 3 -2 91
 5 1 -4 99
 "contig-ratio-green-core" 0.7777777777777778
 "contig-ratio-red-core" 0.6428571428571429
 "a-count" 2
 "b-count" 2
 "c-color-count" 26
 "c-express-count" 26
 "d-color-count" 26
 "d-express-count" 26
 "cell-count" 56
 15 0 2 183
 15 -2 -1 72
 15 -2 -4 147
 15 3 2 118
 15 3 -3 158
 15 0 4 93
 15 2 -3 145
 15 -3 0 69
 15 -3 1 194
 15 0 0 137
 15 -2 1 305
 15 -1 -4 258
 15 -3 -1 13
 105 4 0 334
 15 1 2 300
 15 -4 1 206
 15 -1 1 75
 15 -1 2 286
 15 3 -1 325
 105 -4 0 3
 15 1 -3 358
 15 -2 0 267
 15 0 1 240
 15 -1 0 201
 15 3 -2 40
 15 0 3 170
 15 1 0 239
 15 1 3 301
 5 1 -4 82
 55 -2 3 91
 55 3 1 193
 55 0 -1 118
 55 0 -4 24
 55 2 2 156
 55 0 -3 187
 55 1 -2 79
 55 2 0 330
 55 -3 -2 141
 55 -1 -1 79
 55 4 1 253
 55 -3 2 215
 55 0 -2 39
 55 2 -1 29
 5 -1 -2 110
 55 -2 -2 145
 55 -3 -3 320
 55 -2 4 152
 55 2 3 27
 55 -1 -3 7
 55 -1 4 121
 55 3 0 126
 55 -2 -3 273
 55 -3 3 300
 55 2 1 320
 55 1 -1 25
 55 2 -2 105
 "contig-ratio-green-core" 0.625
 "contig-ratio-red-core" 0.8947368421052632
