 "a-count" 6
 "b-count" 6
 "c-color-count" 22
 "c-express-count" 22
 "d-color-count" 24
 "d-express-count" 22
 "cell-count" 56
 105 3 3 40
 15 -3 1 249
 15 1 -2 177
 15 2 -1 74
 15 -3 0 26
 15 1 -1 18
 15 3 1 208
 15 1 4 13
 15 1 -3 87
 15 -2 3 1
 15 -4 0 152
 15 0 -1 159
 15 -3 -3 289
 15 1 2 122
 15 1 0 98
 105 4 1 253
 105 -4 1 330
 15 -1 3 165
 105 2 3 38
 15 -3 -2 272
 15 0 0 134
 15 -1 4 267
 15 -3 -1 115
 15 2 1 184
 15 2 -2 47
 15 2 2 222
 15 1 1 157
 15 3 0 266
 55 -1 -3 206
 55 0 1 342
 55 -1 -1 166
 55 -3 2 37
 55 -2 0 340
 55 3 -3 50
 55 -1 -4 123
 5 -1 -2 4
 55 -1 1 338
 55 -2 -3 26
 55 1 3 264
 55 -1 0 284
 55 0 -2 279
 5 -4 -1 87
 5 -2 1 102
 55 2 -3 311
 55 -1 2 126
 55 3 -2 326
 55 1 -4 235
 55 3 -1 359
 55 0 3 18
 5 -3 3 26
 55 0 -3 353
 55 4 -2 174
 5 -2 2 113
 5 -2 -2 213
 55 0 2 326
 55 -2 -1 151
 "contig-ratio-green-core" 0.7894736842105263
 "contig-ratio-red-core" 0.8
 "a-count" 8
 "b-count" 5
 "c-color-count" 25
 "c-express-count" 23
 "d-color-count" 20
 "d-express-count" 20
 "cell-count" 56
 15 -4 0 218
 15 -2 -2 177
 15 -4 -1 338
 15 -2 -1 289
 105 3 3 14
 15 -2 1 114
 105 -3 -3 165
 105 -1 2 165
 15 1 -4 298
 15 -3 1 155
 105 3 -3 328
 105 2 -3 305
 15 0 3 198
 15 -3 -1 213
 15 -2 3 344
 15 5 0 343
 15 3 1 252
 15 -3 0 77
 15 4 -1 172
 15 4 0 275
 105 3 0 226
 15 -1 3 209
 105 -2 -3 308
 15 -2 2 316
 105 0 -4 147
 15 1 3 107
 15 -4 1 17
 15 -2 0 33
 55 5 1 220
 55 0 4 184
 55 1 -3 6
 55 1 2 348
 55 2 -1 348
 5 1 0 304
 55 0 1 255
 55 -1 -3 170
 5 3 2 40
 55 0 -2 221
 55 2 1 45
 55 2 0 6
 55 0 0 215
 55 -1 0 92
 55 -4 2 268
 55 -3 2 249
 55 0 -1 198
 5 3 -1 107
 55 1 -1 358
 55 2 2 304
 55 -1 -1 268
 55 3 -2 100
 55 -1 -2 8
 55 0 -3 103
 55 1 -2 217
 55 0 2 175
 55 -1 1 349
 55 1 1 77
 "contig-ratio-green-core" 0.6470588235294118
 "contig-ratio-red-core" 0.5294117647058824
 "a-count" 4
 "b-count" 2
 "c-color-count" 27
 "c-express-count" 26
 "d-color-count" 27
 "d-express-count" 24
 "cell-count" 56
 15 -4 0 326
 15 1 3 146
 15 -3 3 256
 15 3 -3 331
 15 1 -4 336
 15 0 -2 158
 15 0 0 5
 15 -2 -3 73
 15 4 -1 269
 15 -3 -3 160
 15 1 1 104
 15 3 2 224
 15 -3 3 313
 15 -1 -3 179
 15 -1 -4 72
 15 0 -4 50
 15 1 -3 74
 15 -1 4 96
 15 0 -1 316
 15 0 1 287
 15 0 -3 172
 15 -2 3 24
 105 -3 -2 324
 15 -4 1 97
 15 1 2 179
 15 -1 0 219
 15 -2 3 329
 15 1 -2 232
 5 2 3 268
 55 -2 1 2
 55 -3 1 64
 55 -3 -1 304
 55 3 1 191
 55 -1 2 335
 55 4 0 200
 55 -2 2 24
 55 -4 -2 67
 55 -3 2 230
 55 4 1 200
 55 3 -2 284
 55 2 -3 355
 55 -4 -1 53
 55 0 4 33
 55 -2 0 120
 55 3 -1 238
 55 -2 2 313
 55 2 1 133
 55 3 0 66
 55 -1 3 131
 55 0 3 101
 55 2 -1 150
 55 -3 0 73
 55 -2 3 69
 55 3 3 11
 55 -3 2 54
 55 -2 -1 49
 "contig-ratio-green-core" 0.52
 "contig-ratio-red-core" 0.6842105263157895
 "a-count" 8
 "b-count" 4
 "c-color-count" 24
 "c-express-count" 24
 "d-color-count" 21
 "d-express-count" 20
 "cell-count" 56
 15 -4 1 187
 15 -1 0 117
 15 1 -3 216
 15 1 -1 154
 15 1 1 64
 15 3 2 323
 105 3 -3 164
 15 -1 1 174
 15 -2 3 227
 15 -2 2 79
 15 -2 -4 7
 105 -1 -3 282
 105 -4 -2 186
 15 -2 1 158
 105 1 2 320
 15 1 0 238
 15 0 1 288
 15 -3 -3 272
 15 3 1 243
 15 2 1 105
 15 0 0 63
 15 0 2 118
 15 -3 1 168
 105 2 3 63
 105 1 4 256
 15 3 3 184
 105 -3 -2 308
 15 2 0 184
 55 -3 -2 18
 55 -1 -4 142
 55 0 -1 218
 55 -2 4 100
 55 -1 -1 125
 55 2 -3 41
 55 -1 4 80
 5 0 -2 329
 55 0 4 282
 55 -1 5 33
 55 2 -2 26
 55 4 0 173
 55 -4 -1 255
 55 0 3 61
 55 3 -2 173
 55 -2 -2 255
 5 -2 0 205
 55 3 -1 56
 55 1 3 319
 55 -1 -2 24
 55 -1 -5 230
 55 -2 -1 139
 55 -2 -3 330
 5 1 -2 250
 55 4 -1 11
 55 -3 -1 115
 55 -3 0 183
 5 2 -1 291
 "contig-ratio-green-core" 0.42857142857142855
 "contig-ratio-red-core" 0.3333333333333333
