 "a-count" 9
 "b-count" 3
 "c-color-count" 25
 "c-express-count" 25
 "d-color-count" 22
 "d-express-count" 19
 "cell-count" 56
 15 2 2 317
 105 3 -2 342
 15 -1 4 183
 15 2 3 192
 105 2 4 68
 15 -3 -2 34
 15 1 -2 17
 105 -3 -3 325
 15 -3 2 170
 15 -4 1 160
 15 2 0 308
 15 0 4 347
 105 3 -1 290
 105 1 -3 245
 15 4 0 186
 15 -1 -3 6
 105 4 -1 7
 15 -2 -2 47
 15 -2 3 133
 15 2 -1 174
 15 -4 0 236
 15 -1 -2 327
 15 -2 4 211
 15 1 -1 340
 15 3 0 12
 15 2 1 147
 15 3 3 355
 15 0 -2 252
 55 1 -4 4
 55 -3 -1 161
 5 -1 -1 189
 55 2 -3 85
 55 0 1 291
 55 -2 0 67
 55 0 -1 201
 55 1 2 257
 55 -2 -1 16
 55 4 1 282
 55 1 3 108
 55 -1 2 250
 5 -1 1 342
 55 1 0 266
 55 -2 2 312
 55 1 4 241
 5 -1 0 172
 55 1 1 43
 55 -3 0 354
 55 4 2 33
 55 0 3 114
 55 -2 1 93
 55 0 -4 286
 55 2 -2 229
 55 -3 1 194
 55 0 0 279
 55 0 2 119
 55 -1 3 102
 "contig-ratio-green-core" 0.8947368421052632
 "contig-ratio-red-core" 0.75
 "a-count" 10
 "b-count" 4
 "c-color-count" 25
 "c-express-count" 24
 "d-color-count" 21
 "d-express-count" 18
 "cell-count" 56
 105 3 0 221
 105 3 1 62
 15 -2 -2 292
 15 -4 1 105
 15 1 1 309
 15 -2 2 176
 15 -3 2 104
 15 2 -1 186
 105 -4 0 347
 15 2 2 80
 15 -1 -2 326
 15 2 -2 234
 15 0 -2 110
 15 2 1 280
 15 3 3 254
 15 -1 -1 115
 105 1 4 83
 15 2 0 222
 15 -1 -3 349
 15 1 0 133
 15 -2 -3 251
 105 0 0 64
 105 3 -2 259
 105 2 -3 79
 15 -2 3 279
 15 1 -1 203
 15 1 2 235
 15 -2 -1 207
 5 -1 4 230
 55 1 -4 311
 55 0 -4 326
 55 1 -3 72
 55 -3 -2 68
 55 -2 0 218
 55 -1 1 44
 55 0 3 329
 55 0 2 39
 55 -3 -1 319
 55 4 0 87
 55 0 4 255
 55 0 -3 152
 5 -3 3 39
 55 4 1 157
 55 -3 1 132
 55 -2 1 333
 55 -3 0 135
 5 -4 -1 9
 55 3 2 145
 55 0 1 147
 55 -1 -4 254
 55 1 3 87
 55 -2 -4 34
 55 -1 0 110
 55 2 3 158
 55 -1 2 128
 55 -1 3 175
 "contig-ratio-green-core" 0.7
 "contig-ratio-red-core" 1
 "a-count" 7
 "b-count" 5
 "c-color-count" 24
 "c-express-count" 23
 "d-color-count" 24
 "d-express-count" 21
 "cell-count" 56
 15 2 0 79
 15 -1 4 298
 15 1 2 15
 105 -4 -1 313
 105 2 -3 213
 15 -4 0 305
 15 0 -2 61
 15 1 1 272
 15 2 2 254
 105 4 0 285
 15 -4 1 133
 15 -1 -4 83
 15 3 2 308
 105 4 -1 221
 15 -2 -3 207
 15 4 1 270
 15 -1 -2 178
 15 1 0 209
 15 -2 2 188
 15 0 -3 106
 15 0 -4 193
 15 2 -1 228
 15 1 -2 147
 15 1 -1 68
 15 -1 -3 172
 15 1 -3 98
 15 -2 3 158
 15 2 1 37
 5 -3 3 30
 55 3 -1 233
 55 -1 2 202
 55 1 -4 178
 5 -3 -3 108
 55 -2 1 114
 55 3 -2 68
 5 0 2 87
 55 3 1 251
 55 -3 1 338
 55 -1 0 206
 55 0 3 84
 55 -2 -1 170
 55 3 0 91
 55 -2 0 312
 55 -1 -1 330
 55 -3 0 228
 55 2 3 204
 55 0 0 153
 55 0 1 278
 55 2 -2 194
 55 0 -1 151
 55 -1 1 53
 55 -3 -1 215
 5 0 4 290
 55 -1 3 9
 55 1 3 145
 55 -3 -2 11
 "contig-ratio-green-core" 1.0666666666666667
 "contig-ratio-red-core" 0.75
 "a-count" 7
 "b-count" 5
 "c-color-count" 23
 "c-express-count" 23
 "d-color-count" 23
 "d-express-count" 21
 "cell-count" 56
 15 4 -1 295
 15 1 2 34
 15 1 -3 273
 15 0 -1 101
 15 -2 -1 243
 15 -1 3 28
 15 1 0 315
 15 -4 0 31
 15 -4 1 53
 15 -3 -1 171
 15 1 1 182
 15 1 -1 184
 15 0 2 142
 15 0 3 289
 15 1 -2 359
 15 3 -3 333
 105 -1 4 139
 105 -3 3 282
 15 -2 -2 217
 105 0 -3 28
 15 -3 0 88
 105 2 1 230
 105 3 3 127
 15 -1 -1 271
 15 -3 -2 67
 15 -1 -2 358
 15 -1 -3 99
 15 0 -2 141
 55 0 1 165
 55 2 -1 38
 55 -2 1 334
 55 -1 0 357
 55 -1 -4 283
 55 3 -2 73
 5 -2 3 140
 55 2 2 114
 55 -1 1 0
 55 0 4 205
 55 1 4 270
 55 3 -1 148
 55 -2 0 80
 55 3 1 178
 55 4 0 93
 55 1 -4 41
 55 -3 1 343
 5 2 0 245
 55 3 2 86
 55 -2 2 248
 55 0 0 39
 55 4 1 267
 55 3 0 192
 5 -2 -3 78
 5 -3 -3 201
 55 0 -4 112
 5 2 3 80
 55 -4 -1 236
 "contig-ratio-green-core" 0.8333333333333334
 "contig-ratio-red-core" 0.6111111111111112
