 "a-count" 5
 "b-count" 8
 "c-color-count" 20
 "c-express-count" 20
 "d-color-count" 25
 "d-express-count" 23
 "cell-count" 56
 15 1 -4 113
 15 2 -3 256
 105 4 -1 67
 15 4 0 349
 15 -2 3 228
 15 1 3 170
 15 -1 3 3
 15 2 0 95
 15 -1 1 252
 15 1 -3 14
 15 1 2 91
 15 0 2 240
 15 0 3 49
 15 -3 -3 260
 15 -1 2 290
 15 3 0 331
 15 -2 1 74
 15 -3 0 239
 15 1 4 80
 15 2 -2 147
 105 3 -1 230
 15 -4 -1 47
 15 2 -1 180
 15 -3 1 85
 105 -4 0 246
 15 -2 2 161
 15 1 -2 175
 15 2 3 213
 5 -3 -1 92
 55 -1 -1 229
 55 -2 -3 137
 5 -1 -4 327
 55 2 2 45
 55 -3 2 252
 55 3 2 191
 5 3 -2 199
 55 2 1 119
 55 0 -1 122
 55 -3 -2 160
 55 3 1 276
 55 -1 -2 76
 55 -1 0 342
 5 0 1 18
 5 -1 4 326
 5 4 1 287
 5 1 -1 66
 5 0 -4 126
 55 1 1 352
 55 -2 -1 208
 55 0 -2 344
 55 0 0 201
 55 1 0 288
 55 0 -3 249
 55 -2 -2 65
 55 0 4 237
 55 -1 -3 150
 "contig-ratio-green-core" 0.7692307692307693
 "contig-ratio-red-core" 0.45454545454545453
 "a-count" 10
 "b-count" 5
 "c-color-count" 23
 "c-express-count" 23
 "d-color-count" 19
 "d-express-count" 18
 "cell-count" 56
 105 2 -1 54
 15 0 -3 168
 15 0 2 315
 15 -2 2 326
 105 -4 -1 350
 15 3 -1 289
 15 -1 -3 309
 15 1 4 7
 15 2 -2 349
 15 -2 -1 53
 105 -3 2 318
 15 -1 2 138
 105 1 -3 193
 105 2 -3 260
 15 3 -2 41
 15 -3 1 346
 105 4 0 183
 105 1 -2 274
 15 -2 1 283
 15 3 0 278
 15 2 0 249
 15 -3 0 126
 15 -4 0 240
 15 -2 0 226
 105 2 3 290
 15 -2 -2 294
 105 1 -4 307
 15 -1 1 224
 55 -2 -3 108
 55 0 4 323
 55 -1 -1 230
 55 2 2 349
 5 -3 3 27
 5 -1 3 106
 55 0 -1 337
 55 1 -1 316
 5 -1 4 193
 55 3 1 83
 55 2 1 244
 55 -1 -2 21
 55 1 2 240
 5 3 3 61
 55 -1 0 232
 55 0 -2 54
 55 4 1 9
 55 1 0 269
 55 0 0 198
 55 0 1 126
 55 3 2 123
 5 -1 -4 167
 55 0 -4 327
 55 -4 1 94
 55 -3 -3 11
 55 1 1 107
 55 0 3 196
 55 1 3 100
 "contig-ratio-green-core" 0.5263157894736842
 "contig-ratio-red-core" 0.7142857142857143
 "a-count" 5
 "b-count" 7
 "c-color-count" 21
 "c-express-count" 21
 "d-color-count" 23
 "d-express-count" 23
 "cell-count" 56
 15 -3 -2 68
 15 3 1 353
 15 -1 -1 164
 15 4 -1 279
 15 -1 4 43
 105 1 4 307
 15 0 -2 235
 15 -2 -1 94
 15 -2 -2 354
 15 -2 0 265
 15 3 -1 290
 15 -1 0 150
 15 -2 3 289
 15 0 -1 188
 15 -3 2 343
 105 4 0 83
 15 0 3 182
 15 1 -2 341
 105 1 -3 232
 15 0 -4 93
 105 3 0 250
 15 -1 3 42
 15 0 -3 333
 15 0 4 224
 15 -1 -2 255
 15 -4 -1 96
 105 3 2 101
 15 2 1 102
 55 -1 -4 31
 55 1 3 236
 5 -4 1 20
 55 2 -2 35
 55 -2 1 61
 5 -3 3 61
 5 2 3 188
 55 -3 0 149
 55 2 -1 109
 5 2 2 221
 55 0 0 213
 5 3 -3 184
 55 2 -3 275
 5 -3 -3 238
 55 1 0 43
 55 -3 -1 266
 55 1 2 212
 55 -1 1 133
 55 -2 2 309
 55 1 -1 122
 55 -3 1 47
 55 2 0 202
 5 -4 0 330
 55 -2 -3 258
 55 1 1 195
 55 0 2 32
 55 -1 2 62
 55 -1 -3 99
 "contig-ratio-green-core" 1.0666666666666667
 "contig-ratio-red-core" 0.8947368421052632
 "a-count" 7
 "b-count" 0
 "c-color-count" 28
 "c-express-count" 28
 "d-color-count" 22
 "d-express-count" 21
 "cell-count" 56
 15 3 -2 63
 15 -2 -2 173
 15 0 2 193
 15 -2 -3 70
 15 0 -4 345
 15 -1 3 149
 15 -1 -4 115
 15 -3 3 350
 15 1 -3 168
 105 -1 4 93
 15 -4 1 299
 15 0 3 278
 15 0 -2 77
 15 3 -3 165
 105 -1 2 93
 15 -1 -2 113
 105 -4 2 257
 15 4 -1 92
 15 1 -4 359
 105 -2 3 77
 105 2 3 310
 15 -3 2 264
 15 0 4 252
 15 -1 -3 275
 105 3 3 337
 15 4 1 75
 15 -3 1 64
 15 4 0 124
 55 3 -1 192
 55 -1 -1 261
 55 2 1 119
 55 -3 -1 284
 55 0 1 218
 55 0 -1 101
 55 -2 -1 132
 55 -4 -1 104
 55 2 0 67
 55 -3 0 136
 55 1 0 200
 55 1 1 326
 55 1 -1 259
 55 0 0 298
 55 -1 0 150
 55 -2 0 100
 55 -3 -2 135
 55 3 0 27
 55 1 2 120
 55 2 -3 60
 55 1 -2 61
 55 1 3 127
 55 2 -2 282
 55 3 1 108
 55 -3 -3 141
 55 2 -1 258
 55 -1 1 129
 55 -4 -2 226
 "contig-ratio-green-core" 0.6842105263157895
 "contig-ratio-red-core" 0.7368421052631579
