 "a-count" 6
 "b-count" 2
 "c-color-count" 26
 "c-express-count" 26
 "d-color-count" 23
 "d-express-count" 22
 "cell-count" 56
 105 1 4 320
 15 -3 -1 99
 15 4 -1 126
 15 -2 2 2
 15 4 0 269
 15 -2 3 47
 15 -2 -2 224
 15 3 -1 317
 15 3 0 2
 105 -1 4 250
 15 -3 0 47
 15 3 2 78
 15 3 1 11
 105 -4 1 127
 15 -2 -3 32
 15 0 3 253
 15 3 -2 238
 105 4 1 258
 15 -4 0 69
 15 -1 3 148
 15 -3 -2 168
 105 2 -1 99
 15 2 3 100
 15 1 3 210
 15 -1 -4 238
 15 -2 -1 354
 15 -3 3 341
 15 -1 -3 143
 55 -3 2 87
 55 2 0 5
 55 -2 0 68
 55 -3 1 177
 55 -3 -3 312
 55 -1 -2 27
 55 -2 1 269
 55 1 1 200
 55 1 -1 93
 55 3 3 136
 55 -1 1 43
 55 -1 0 26
 55 1 -2 218
 55 0 4 148
 55 0 -2 293
 55 0 -1 145
 55 1 0 85
 55 0 -4 313
 55 0 0 52
 55 1 2 82
 55 2 2 5
 55 0 2 142
 55 0 1 240
 55 -4 -1 157
 5 2 -3 40
 5 1 -3 297
 55 2 1 314
 55 0 -3 20
 "contig-ratio-green-core" 0.7647058823529411
 "contig-ratio-red-core" 0.6666666666666666
 "a-count" 6
 "b-count" 5
 "c-color-count" 24
 "c-express-count" 23
 "d-color-count" 23
 "d-express-count" 22
 "cell-count" 56
 15 3 3 355
 15 -2 3 328
 15 0 4 224
 15 -4 -1 261
 15 0 -2 176
 15 -3 -1 106
 15 1 -1 259
 105 -1 2 170
 15 -1 4 159
 15 1 4 212
 15 -1 -2 256
 15 2 0 173
 105 -2 -3 218
 15 2 -1 82
 15 3 2 255
 15 3 1 340
 105 -3 -3 337
 105 -4 1 287
 15 -1 3 163
 15 2 -2 250
 15 1 -2 201
 15 -1 -3 209
 15 1 0 328
 105 -2 2 166
 15 1 -3 308
 15 2 1 336
 15 -4 0 298
 15 0 -3 311
 55 -2 -2 278
 55 0 -4 303
 55 -2 1 282
 55 -3 0 298
 55 0 0 266
 55 0 3 108
 55 1 -4 258
 55 4 0 192
 55 1 3 285
 55 0 1 195
 55 -3 2 94
 5 2 3 75
 5 3 -2 338
 5 3 -3 190
 55 -1 -4 95
 55 3 -1 264
 55 0 2 305
 5 4 1 102
 55 -2 -1 123
 55 -2 0 168
 55 3 0 87
 55 1 2 129
 55 1 1 70
 55 0 -1 269
 55 -1 1 233
 55 -3 1 184
 55 -1 0 315
 55 -1 -1 35
 "contig-ratio-green-core" 0.7368421052631579
 "contig-ratio-red-core" 0.7368421052631579
 "a-count" 4
 "b-count" 5
 "c-color-count" 24
 "c-express-count" 23
 "d-color-count" 25
 "d-express-count" 24
 "cell-count" 56
 105 3 3 68
 15 3 1 129
 15 1 0 212
 15 -1 2 121
 15 0 2 260
 15 1 -2 225
 15 -2 2 271
 15 0 3 87
 15 -4 -1 149
 15 0 -2 166
 15 -1 1 138
 15 0 0 96
 15 2 -2 251
 15 0 -3 196
 15 2 0 358
 105 -1 -3 60
 15 4 -1 253
 15 0 1 63
 15 -1 3 240
 15 -1 -1 304
 105 3 0 30
 15 0 -1 77
 15 1 1 8
 15 2 1 21
 15 1 2 246
 15 -2 1 244
 15 -1 -2 252
 15 -1 0 38
 55 -3 -1 202
 55 -3 1 149
 55 3 -2 72
 55 0 -4 147
 55 -1 4 154
 55 2 3 185
 55 2 4 242
 5 1 -3 300
 55 3 -1 280
 55 4 0 199
 55 -4 2 293
 55 1 -4 228
 55 0 4 223
 55 -2 -1 87
 55 -4 0 122
 55 -2 -2 181
 55 -3 0 198
 55 1 4 237
 5 -2 3 295
 55 -3 -2 135
 5 -2 0 156
 55 -3 2 58
 5 4 1 173
 55 2 -3 289
 55 3 -3 53
 55 -3 -3 34
 55 -4 1 339
 55 -1 -4 337
 "contig-ratio-green-core" 0.3888888888888889
 "contig-ratio-red-core" 0.6
 "a-count" 5
 "b-count" 6
 "c-color-count" 22
 "c-express-count" 22
 "d-color-count" 23
 "d-express-count" 23
 "cell-count" 56
 15 0 0 295
 15 3 3 181
 15 1 -2 129
 15 -1 3 271
 15 1 -1 106
 15 0 -3 214
 15 -3 1 56
 105 2 -2 171
 15 1 0 327
 15 0 -2 314
 15 4 1 75
 15 -1 -1 331
 15 2 -1 314
 15 3 -1 165
 15 -3 2 111
 15 2 3 191
 15 -2 0 236
 15 -3 0 19
 105 2 -3 138
 15 -2 1 355
 15 -1 1 43
 15 0 1 136
 105 -1 0 79
 105 -2 3 153
 15 3 -2 171
 15 0 -1 50
 15 -4 1 128
 105 -3 -3 14
 55 2 2 197
 55 -1 2 178
 55 2 1 169
 55 -1 -2 166
 55 2 0 165
 55 3 1 194
 55 3 0 134
 55 -3 -2 155
 5 4 2 143
 55 1 2 262
 55 -2 -2 84
 55 -1 -3 71
 55 4 -1 345
 55 4 0 335
 5 1 3 127
 55 -4 -1 296
 5 -1 -4 11
 55 -3 -1 11
 5 -1 4 173
 5 1 1 183
 55 -2 2 106
 5 1 4 46
 55 1 -4 34
 55 0 4 111
 55 0 2 89
 55 -2 -1 287
 55 0 3 82
 55 3 2 5
 "contig-ratio-green-core" 0.8235294117647058
 "contig-ratio-red-core" 0.7222222222222222
