 "a-count" 8
 "b-count" 3
 "c-color-count" 25
 "c-express-count" 25
 "d-color-count" 23
 "d-express-count" 20
 "cell-count" 56
 15 1 1 140
 15 0 4 340
 15 0 2 75
 15 3 3 122
 15 2 -3 331
 15 -4 1 11
 15 3 -2 132
 15 -1 1 281
 15 4 -1 301
 15 1 2 335
 15 -4 -1 171
 15 -4 0 300
 15 4 0 135
 15 -1 3 81
 15 0 1 35
 105 -3 -3 238
 105 -2 -1 152
 15 0 3 96
 15 2 2 300
 105 -3 1 206
 15 -1 2 309
 15 -3 -1 181
 15 -3 0 205
 15 -2 -2 137
 15 -1 -4 108
 15 -3 2 197
 105 2 3 324
 105 1 3 312
 55 2 -2 179
 55 0 -4 188
 55 2 -1 83
 55 1 -2 101
 5 3 2 95
 55 1 -1 321
 55 -1 -2 184
 55 -2 0 94
 55 1 -3 304
 55 -1 -1 313
 55 3 1 315
 55 -3 3 202
 55 -1 -3 67
 55 0 0 61
 55 -2 1 292
 55 0 -3 296
 5 1 -4 343
 5 -2 3 230
 55 0 -2 67
 55 -1 0 100
 55 1 0 94
 55 0 -1 153
 55 -2 -3 249
 55 2 0 15
 55 3 0 230
 55 -2 2 266
 55 -1 4 306
 55 3 -1 326
 "contig-ratio-green-core" 0.7333333333333333
 "contig-ratio-red-core" 0.7058823529411765
 "a-count" 6
 "b-count" 2
 "c-color-count" 26
 "c-express-count" 26
 "d-color-count" 23
 "d-express-count" 22
 "cell-count" 56
 15 4 0 153
 15 -2 0 224
 15 2 -3 39
 15 0 3 306
 15 -2 2 132
 15 -1 3 268
 105 1 3 219
 105 0 -4 127
 15 -1 1 308
 15 -3 0 84
 15 0 2 336
 15 -1 4 202
 15 -3 2 253
 15 -3 1 14
 15 -2 -3 33
 15 -1 -3 233
 15 4 2 54
 15 3 -3 60
 15 -1 2 258
 105 1 4 276
 105 0 4 314
 15 2 -2 303
 105 -4 -1 334
 15 -1 0 70
 15 -3 -3 13
 15 -2 1 43
 15 4 -1 297
 15 0 -3 276
 55 2 -1 169
 55 1 1 357
 55 3 2 26
 55 3 1 349
 55 -2 -2 160
 5 1 -4 357
 55 1 -2 237
 55 0 1 185
 55 -3 -1 336
 55 1 -1 236
 55 4 1 164
 55 1 2 99
 5 3 -2 254
 55 1 0 310
 55 2 3 216
 55 3 0 32
 55 -4 1 132
 55 -1 -1 206
 55 0 -2 192
 55 0 0 89
 55 3 3 274
 55 0 -1 38
 55 2 0 146
 55 -3 3 174
 55 2 2 38
 55 -2 -1 130
 55 -4 0 166
 55 3 -1 296
 "contig-ratio-green-core" 0.5714285714285714
 "contig-ratio-red-core" 0.8823529411764706
 "a-count" 5
 "b-count" 3
 "c-color-count" 25
 "c-express-count" 25
 "d-color-count" 24
 "d-express-count" 23
 "cell-count" 56
 15 -2 -2 184
 105 2 1 108
 15 -1 -3 50
 15 3 0 326
 15 4 1 221
 15 2 3 272
 15 -2 -3 17
 15 3 2 341
 105 -2 3 310
 15 1 -1 282
 15 3 -2 60
 15 -3 -3 156
 15 -4 0 191
 15 0 -3 159
 15 -4 -1 318
 15 2 -1 66
 15 2 0 32
 105 3 3 108
 105 -3 0 3
 15 1 -4 131
 15 3 1 132
 15 1 -3 94
 15 1 -2 44
 15 -3 -1 231
 15 2 -2 286
 15 -3 3 256
 15 3 -1 9
 15 1 4 141
 55 0 -2 79
 5 -3 2 96
 55 4 -1 173
 55 -1 0 168
 55 -3 1 220
 55 0 1 102
 55 1 0 57
 55 -1 -1 347
 55 0 3 162
 55 0 -1 297
 55 -1 2 3
 55 1 3 99
 55 0 2 89
 55 1 1 13
 55 -1 3 151
 55 -2 -1 267
 55 2 -3 196
 55 -2 1 102
 55 0 0 305
 5 4 0 298
 55 -1 -2 12
 55 -2 0 219
 55 1 2 351
 5 0 4 122
 55 2 2 208
 55 4 -2 100
 55 -1 1 260
 55 0 -4 188
 "contig-ratio-green-core" 0.7857142857142857
 "contig-ratio-red-core" 0.6111111111111112
 "a-count" 3
 "b-count" 9
 "c-color-count" 19
 "c-express-count" 19
 "d-color-count" 26
 "d-express-count" 25
 "cell-count" 56
 15 1 4 144
 15 1 0 125
 15 -2 0 53
 15 -2 1 148
 15 2 -1 144
 15 3 3 293
 15 1 -2 340
 15 1 2 342
 15 4 -1 305
 105 0 4 71
 15 -1 0 61
 15 2 0 110
 15 0 2 221
 15 -3 1 64
 15 -3 0 186
 15 -2 -3 111
 15 1 -4 124
 15 -1 1 210
 15 1 1 289
 15 2 1 274
 15 0 0 60
 15 3 0 93
 15 0 -4 99
 15 1 -1 45
 15 3 1 235
 15 0 1 200
 105 4 -2 237
 15 1 -3 157
 55 4 1 313
 55 -1 3 2
 55 -2 -2 288
 55 -3 -1 332
 55 -3 -2 125
 55 -3 3 75
 55 -3 2 83
 55 -1 -3 316
 5 2 -4 174
 55 3 -2 25
 55 -1 -4 168
 55 2 3 228
 5 -3 -3 299
 5 2 -2 189
 55 2 2 248
 5 -4 1 306
 5 2 -3 316
 5 1 3 333
 55 -1 -2 137
 55 3 -1 61
 55 0 3 45
 55 3 2 245
 55 -2 3 283
 55 -4 -1 275
 55 4 0 148
 5 3 -3 240
 5 0 -2 122
 5 -4 -2 246
 "contig-ratio-green-core" 0.7692307692307693
 "contig-ratio-red-core" 0.5
