 "a-count" 2
 "b-count" 8
 "c-color-count" 20
 "c-express-count" 20
 "d-color-count" 27
 "d-express-count" 26
 "cell-count" 56
 15 -2 2 99
 15 -1 0 259
 15 -3 -2 337
 15 4 0 9
 15 -4 1 297
 105 -3 2 25
 15 3 -2 71
 15 1 2 338
 15 -2 0 157
 15 2 -1 15
 15 -1 2 2
 15 -2 1 81
 15 -3 0 3
 15 -3 -1 52
 15 -2 3 95
 15 -1 0 188
 15 -1 -1 84
 15 1 -3 353
 15 -2 -1 338
 15 -4 -3 249
 15 2 0 89
 15 2 -2 36
 15 -1 1 256
 15 0 2 294
 15 3 0 94
 15 2 3 82
 15 -3 3 41
 15 0 3 39
 55 1 1 70
 55 4 -1 254
 55 1 4 107
 5 -1 -4 295
 55 4 1 51
 55 0 -3 141
 55 -1 -3 17
 5 2 -3 292
 55 2 2 200
 55 1 -2 239
 55 -3 -3 174
 55 1 -1 131
 55 0 -1 207
 55 0 1 108
 55 -1 3 341
 5 -1 4 219
 55 3 1 96
 55 -2 -3 107
 55 -3 1 143
 5 2 1 294
 5 -1 -2 57
 55 1 3 282
 55 0 -2 187
 5 0 0 34
 5 -2 -2 287
 55 -4 -1 214
 5 1 -4 298
 55 -4 0 14
 "contig-ratio-green-core" 1.2142857142857142
 "contig-ratio-red-core" 0.6842105263157895
 "a-count" 6
 "b-count" 6
 "c-color-count" 22
 "c-express-count" 22
 "d-color-count" 25
 "d-express-count" 22
 "cell-count" 56
 15 0 2 185
 105 -2 2 85
 15 1 -4 255
 15 -1 2 208
 15 1 2 173
 15 -3 -1 207
 15 1 -3 347
 15 2 1 290
 15 2 0 231
 105 4 -1 295
 15 -3 2 263
 15 -2 1 57
 15 3 0 169
 15 -4 2 201
 15 0 -3 358
 15 -1 1 74
 15 2 -3 42
 15 3 -1 42
 15 -1 4 51
 15 -2 3 75
 15 1 1 345
 15 2 2 15
 15 4 0 72
 15 -1 -3 259
 15 -3 1 29
 15 0 -4 104
 15 -1 -4 277
 105 3 1 148
 55 -1 3 291
 5 -2 4 274
 55 2 -2 339
 55 2 3 102
 5 0 -1 335
 55 -1 -1 329
 55 -2 -1 268
 5 -3 3 255
 55 2 -1 314
 5 3 -3 68
 55 1 3 145
 5 -3 -2 323
 55 0 0 289
 55 1 0 235
 55 -1 -2 262
 55 -4 1 69
 55 3 2 59
 55 1 4 258
 55 0 4 224
 55 -4 0 25
 55 0 -2 60
 55 -1 0 281
 5 -3 0 8
 55 -2 -2 200
 55 1 -1 212
 55 3 3 202
 55 1 -2 35
 55 0 3 299
 "contig-ratio-green-core" 0.8947368421052632
 "contig-ratio-red-core" 0.6
 "a-count" 4
 "b-count" 5
 "c-color-count" 23
 "c-express-count" 23
 "d-color-count" 25
 "d-express-count" 24
 "cell-count" 56
 15 4 1 189
 15 -2 -2 290
 15 1 3 16
 15 2 2 29
 15 0 -4 149
 15 1 4 185
 15 0 2 314
 15 3 -2 173
 15 1 2 346
 105 -1 4 15
 15 -2 1 309
 15 -3 -1 16
 15 -1 -2 192
 15 0 -1 106
 15 0 -2 168
 15 0 3 46
 15 -2 0 74
 105 3 -3 318
 15 -1 3 91
 105 -4 0 37
 15 -1 -1 122
 15 -3 0 144
 15 -4 -1 48
 15 -2 -1 85
 15 -3 1 88
 15 -3 2 83
 15 -1 -3 97
 15 -3 -3 276
 55 3 2 212
 55 2 0 235
 55 -1 0 69
 55 0 -3 80
 55 2 3 143
 5 4 -1 58
 55 3 3 12
 55 3 -1 129
 55 1 0 95
 55 3 1 293
 55 1 -3 133
 55 -4 -2 286
 55 1 1 357
 55 0 1 96
 55 2 -1 112
 55 -1 1 257
 5 2 -3 81
 55 -3 -2 38
 5 -2 2 306
 55 0 0 137
 55 -2 3 141
 5 2 -2 95
 55 -4 1 202
 5 3 0 224
 55 -2 -3 318
 55 1 -1 93
 55 -3 3 186
 55 1 -4 231
 "contig-ratio-green-core" 1.0588235294117647
 "contig-ratio-red-core" 0.8421052631578947
 "a-count" 6
 "b-count" 2
 "c-color-count" 26
 "c-express-count" 26
 "d-color-count" 24
 "d-express-count" 22
 "cell-count" 56
 15 -3 1 335
 15 1 -1 33
 15 2 -2 281
 15 2 0 305
 15 -3 -3 249
 15 3 0 246
 15 0 -1 243
 15 -1 -3 24
 15 0 -4 9
 15 -3 3 257
 15 -1 -1 292
 15 2 2 304
 105 1 -2 57
 15 3 1 187
 105 -4 -1 5
 105 3 2 69
 15 0 -3 178
 15 -2 -2 216
 15 2 -1 164
 15 0 -2 81
 15 2 1 345
 15 -4 1 336
 15 1 3 151
 15 -2 -1 246
 15 1 4 317
 105 -1 -2 356
 15 -4 0 233
 15 -3 0 186
 55 1 1 226
 55 -2 -3 239
 55 -1 0 28
 55 -2 2 110
 5 4 -1 333
 55 -3 -1 60
 55 3 3 272
 55 0 0 304
 5 1 -4 358
 55 -1 3 321
 55 1 2 202
 55 -2 4 25
 55 0 2 40
 55 3 -1 201
 55 -1 -4 344
 55 -1 4 62
 55 0 3 236
 55 -2 0 104
 55 -1 2 275
 55 -2 3 11
 55 -1 1 120
 55 0 1 177
 55 1 -3 336
 55 -2 1 174
 55 2 -3 237
 55 -3 2 228
 55 0 4 253
 55 -3 -2 236
 "contig-ratio-green-core" 0.9411764705882353
 "contig-ratio-red-core" 0.7619047619047619
