 "a-count" 11
 "b-count" 7
 "c-color-count" 23
 "c-express-count" 21
 "d-color-count" 18
 "d-express-count" 17
 "cell-count" 56
 15 -4 -1 15
 15 2 -1 38
 15 2 0 237
 15 -3 -1 197
 105 -2 -2 11
 105 3 1 271
 15 -3 0 238
 105 -3 -3 206
 105 -3 -2 27
 15 0 -1 349
 105 -1 3 224
 15 0 -3 168
 105 4 1 61
 15 1 -2 197
 105 4 0 136
 15 1 -1 264
 15 -3 2 9
 105 -2 -3 172
 15 3 3 277
 15 0 -2 299
 15 -1 4 300
 105 3 -3 249
 15 1 -3 106
 15 -4 0 202
 15 -3 1 58
 105 -4 1 312
 15 1 0 14
 15 -2 3 248
 5 -3 3 195
 55 2 1 206
 55 0 2 12
 55 3 -1 98
 55 3 -2 41
 55 0 3 136
 55 -2 -1 219
 55 -2 2 233
 55 1 1 324
 55 1 2 230
 55 0 0 203
 55 -2 0 22
 5 -1 -4 0
 55 -2 1 82
 55 -1 -1 227
 55 2 -2 86
 55 1 3 321
 55 0 1 317
 55 -1 2 55
 5 3 0 209
 55 4 -1 285
 55 -1 1 187
 55 2 2 353
 5 -1 -2 17
 55 0 4 339
 55 2 -3 66
 55 -1 0 201
 5 -1 -3 177
 "contig-ratio-green-core" 0.6666666666666666
 "contig-ratio-red-core" 0.75
 "a-count" 5
 "b-count" 2
 "c-color-count" 28
 "c-express-count" 26
 "d-color-count" 23
 "d-express-count" 23
 "cell-count" 56
 15 1 -2 200
 15 -4 0 2
 15 2 -2 184
 15 0 2 147
 15 -4 -1 22
 15 1 -3 167
 15 1 -4 136
 15 4 1 166
 15 0 -3 233
 15 4 0 160
 15 -1 4 309
 15 1 4 314
 105 0 3 168
 15 0 4 15
 105 -1 -2 21
 15 1 3 178
 15 3 1 232
 105 -3 -3 114
 105 -3 -2 240
 15 -3 3 113
 15 2 1 0
 15 -4 2 230
 15 4 -1 91
 15 2 2 132
 15 0 -2 349
 15 -4 1 320
 15 1 2 198
 105 0 -4 0
 55 3 -3 351
 55 -2 -2 293
 55 -3 2 104
 55 3 -2 346
 55 0 -1 146
 55 0 0 52
 55 -2 2 131
 55 1 1 184
 55 -3 1 330
 55 2 0 70
 55 -1 3 223
 55 -1 -1 108
 55 2 4 202
 55 3 -1 182
 55 -2 1 256
 55 -1 1 133
 55 -1 2 286
 55 -2 0 289
 55 -1 0 317
 55 1 0 18
 55 -2 -1 5
 55 -3 -1 358
 55 -3 0 355
 55 2 3 205
 55 0 1 181
 55 2 -1 131
 55 1 -1 84
 55 -2 3 263
 "contig-ratio-green-core" 0.8421052631578947
 "contig-ratio-red-core" 0.7777777777777778
 "a-count" 4
 "b-count" 7
 "c-color-count" 22
 "c-express-count" 21
 "d-color-count" 25
 "d-express-count" 24
 "cell-count" 56
 15 -1 -3 183
 15 -1 2 191
 15 2 0 200
 15 1 2 138
 15 2 3 46
 15 0 2 75
 105 -3 3 222
 15 3 1 97
 15 -1 1 250
 15 1 1 299
 15 1 -2 193
 15 1 0 262
 15 1 -3 256
 15 -2 -3 312
 15 1 3 45
 15 -1 4 172
 15 4 1 291
 15 -3 2 219
 15 3 -3 178
 15 0 -3 59
 105 -3 1 209
 15 0 1 177
 15 1 -1 41
 15 2 -1 80
 15 0 0 245
 15 -4 -1 106
 105 2 1 165
 15 -4 0 168
 55 -1 3 272
 5 -1 -1 358
 55 5 0 14
 55 -3 0 278
 5 1 4 183
 55 -2 -2 76
 55 -2 2 84
 55 -1 0 322
 5 2 -3 25
 55 3 3 352
 55 -1 -2 271
 55 0 -4 174
 5 3 0 201
 55 0 3 121
 55 0 -2 161
 55 -2 1 108
 55 -4 1 130
 55 4 -1 136
 55 -3 -1 339
 55 3 -1 286
 55 3 -2 215
 55 4 0 291
 55 0 -1 263
 5 -3 -2 134
 5 -3 -3 59
 55 -2 0 80
 55 4 -2 327
 55 -2 -1 18
 "contig-ratio-green-core" 1.0625
 "contig-ratio-red-core" 0.8666666666666667
