 "a-count" 6
 "b-count" 3
 "c-color-count" 25
 "c-express-count" 25
 "d-color-count" 22
 "d-express-count" 22
 "cell-count" 56
 15 2 1 98
 15 0 -4 340
 15 1 -3 49
 105 -3 -3 303
 15 4 0 329
 15 -3 -2 67
 15 -2 -2 358
 15 3 2 287
 15 -2 -4 154
 105 2 -2 257
 105 -3 3 106
 105 2 -3 189
 15 -1 -3 229
 15 4 1 197
 15 4 -1 16
 15 -3 -1 73
 15 -1 4 19
 15 0 4 44
 105 -4 0 274
 15 2 3 7
 15 0 3 213
 105 3 1 104
 15 0 -3 57
 15 -1 3 258
 15 -1 -4 351
 15 2 2 125
 15 1 3 157
 15 -2 -3 64
 55 -1 2 354
 55 0 1 50
 55 3 -2 281
 55 1 -1 331
 55 3 3 268
 55 0 -1 305
 55 0 2 254
 55 1 -2 5
 55 1 1 264
 55 -3 1 340
 55 3 -1 256
 55 -3 0 58
 55 -2 -1 85
 5 1 -4 118
 55 -1 1 98
 55 -2 1 320
 55 0 0 48
 5 2 -1 256
 55 3 0 132
 55 -2 2 60
 55 -2 0 181
 5 1 4 217
 55 2 0 19
 55 -1 -2 161
 55 -1 -1 74
 55 1 0 19
 55 -1 0 101
 55 0 -2 259
 "contig-ratio-green-core" 0.7142857142857143
 "contig-ratio-red-core" 0.5555555555555556
 "a-count" 10
 "b-count" 4
 "c-color-count" 24
 "c-express-count" 24
 "d-color-count" 19
 "d-express-count" 18
 "cell-count" 56
 15 0 -2 111
 15 0 3 193
 15 -3 3 354
 15 1 -1 75
 15 -2 -3 156
 15 0 -3 287
 105 1 -4 232
 15 1 3 310
 105 4 0 0
 15 -3 -1 343
 15 -2 2 39
 105 -3 2 159
 15 1 -2 167
 15 1 -3 150
 15 3 3 91
 15 0 -1 90
 105 -1 -4 67
 15 1 4 74
 105 -2 -1 287
 15 2 -3 208
 15 2 -2 171
 105 3 2 355
 15 -2 3 254
 15 -1 3 19
 105 0 -4 328
 105 -3 -3 0
 15 0 4 123
 105 -1 4 195
 55 -1 1 42
 55 0 1 9
 55 0 0 84
 55 3 -2 222
 55 4 1 208
 55 2 -1 43
 55 1 0 235
 5 4 -1 219
 55 -4 1 203
 55 3 0 217
 55 2 1 156
 55 3 -1 351
 55 -3 0 52
 55 1 2 162
 5 3 1 147
 55 1 1 79
 5 -4 -1 51
 55 -1 2 46
 5 2 0 305
 55 -1 0 336
 55 -1 -2 167
 55 0 2 260
 55 -1 -3 182
 55 2 2 324
 55 2 3 139
 55 -1 -1 329
 55 -4 0 129
 55 -2 0 22
 "contig-ratio-green-core" 0.6666666666666666
 "contig-ratio-red-core" 0.7058823529411765
 "a-count" 4
 "b-count" 6
 "c-color-count" 22
 "c-express-count" 22
 "d-color-count" 26
 "d-express-count" 24
 "cell-count" 56
 105 4 1 47
 15 0 2 62
 15 -3 0 139
 15 1 -4 64
 15 3 -2 94
 15 0 -4 99
 15 -4 1 281
 15 4 0 321
 15 -3 1 327
 15 -1 2 255
 15 4 -1 51
 15 1 2 280
 15 3 1 65
 15 -3 2 242
 15 -1 -4 192
 15 3 -1 52
 15 -1 -3 165
 15 -2 2 348
 15 -3 -2 329
 15 -4 -1 29
 15 2 2 152
 15 -3 -1 253
 15 -2 -3 173
 105 2 3 284
 15 3 0 173
 15 -2 0 341
 15 -2 1 252
 15 -4 0 291
 55 0 -3 131
 55 1 1 149
 5 3 -3 89
 55 1 -3 214
 5 -2 3 109
 55 1 4 187
 5 -1 3 221
 5 3 3 217
 5 -2 -2 149
 55 -2 -1 344
 55 0 -1 340
 55 1 -1 350
 55 0 -2 322
 55 0 4 176
 55 0 0 111
 55 2 0 317
 55 -1 4 141
 55 -1 -2 292
 55 2 1 162
 55 2 -3 62
 55 -1 1 335
 55 2 -1 97
 55 -1 0 304
 55 2 -2 111
 5 1 3 340
 55 1 0 325
 55 0 1 256
 55 -1 -1 312
 "contig-ratio-green-core" 0.8
 "contig-ratio-red-core" 0.5
 "a-count" 12
 "b-count" 3
 "c-color-count" 25
 "c-express-count" 25
 "d-color-count" 17
 "d-express-count" 16
 "cell-count" 56
 105 3 2 357
 15 0 -4 130
 15 2 -3 160
 105 -4 -1 348
 15 -1 5 177
 15 0 4 351
 15 1 -4 152
 15 -2 3 215
 15 4 1 162
 105 1 4 305
 105 -3 3 235
 15 -3 -1 38
 15 -3 0 109
 105 -3 -2 333
 15 4 0 300
 15 4 2 105
 105 3 3 71
 15 -1 3 279
 105 0 2 314
 15 3 -3 199
 105 0 -3 78
 105 1 -2 347
 15 -1 -4 190
 15 1 -3 347
 15 -1 4 160
 15 -4 0 157
 105 -1 -3 184
 105 1 3 32
 55 2 0 276
 55 3 0 148
 55 -1 -1 8
 55 0 0 137
 5 -2 1 197
 55 -2 0 162
 55 0 -2 275
 55 -2 -2 346
 5 -4 2 112
 55 2 1 293
 55 -2 2 158
 55 -3 1 126
 55 2 -1 139
 55 -4 1 119
 55 -1 -2 175
 55 -1 2 59
 55 2 2 167
 55 3 -1 206
 55 0 -1 126
 55 -1 0 228
 55 -1 1 197
 55 1 -1 76
 55 0 1 290
 55 1 1 129
 5 -2 -3 89
 55 -3 2 277
 55 1 0 245
 55 -2 -1 207
 "contig-ratio-green-core" 0.3333333333333333
 "contig-ratio-red-core" 0.5
