 "a-count" 11
 "b-count" 6
 "c-color-count" 24
 "c-express-count" 22
 "d-color-count" 18
 "d-express-count" 17
 "cell-count" 56
 15 -1 1 31
 15 3 -1 153
 15 0 3 249
 15 -2 1 219
 15 3 0 91
 105 -3 -2 53
 15 -2 2 182
 105 3 -3 347
 105 -2 3 256
 15 0 -3 74
 15 0 -2 209
 15 2 -2 152
 105 2 3 263
 105 3 -2 125
 105 1 3 59
 15 -1 2 150
 15 -3 0 283
 15 0 2 248
 105 1 -4 151
 15 1 2 350
 15 -1 -4 227
 15 -2 0 45
 15 1 -2 160
 105 1 -3 348
 105 0 4 188
 105 4 1 194
 15 -3 1 202
 15 2 2 284
 55 -4 0 38
 55 -2 -2 187
 5 0 -4 143
 5 3 3 169
 55 -1 0 74
 55 3 1 299
 55 1 1 55
 55 2 -3 195
 55 -4 1 55
 55 1 0 164
 55 2 -1 169
 55 -2 -1 230
 55 1 4 93
 55 -1 3 261
 55 0 0 119
 55 -1 -2 175
 55 2 0 20
 55 -3 -3 16
 5 4 -1 97
 5 -3 -1 203
 55 -1 -3 120
 55 -1 -1 49
 55 -4 2 341
 55 0 -1 71
 55 3 2 255
 55 2 1 330
 55 4 0 61
 55 1 -1 156
 "contig-ratio-green-core" 0.75
 "contig-ratio-red-core" 1.0714285714285714
 "a-count" 4
 "b-count" 2
 "c-color-count" 26
 "c-express-count" 26
 "d-color-count" 25
 "d-express-count" 24
 "cell-count" 56
 15 -3 3 292
 15 -2 -2 93
 15 2 3 281
 15 4 1 140
 105 3 3 108
 15 -2 0 119
 15 2 -3 4
 15 -3 -2 154
 15 -2 3 25
 15 0 -4 60
 15 0 4 339
 15 -2 -1 122
 15 2 -1 220
 15 -3 0 55
 15 2 2 43
 15 -1 3 245
 15 -3 -1 128
 15 0 -3 198
 15 -1 4 209
 105 3 -2 63
 105 -1 -3 50
 15 1 3 149
 15 -4 2 230
 15 3 2 191
 15 -4 1 96
 15 -1 -2 185
 15 1 4 323
 15 2 -2 210
 55 -2 1 143
 5 4 -1 149
 55 3 0 161
 55 2 1 70
 55 0 2 355
 55 -3 2 64
 55 -1 1 123
 55 -3 1 244
 55 2 0 265
 55 1 -2 320
 55 -4 -1 195
 55 1 0 270
 55 1 1 109
 55 1 2 73
 5 -1 -4 176
 55 -2 2 137
 55 0 -1 92
 55 4 0 223
 55 -1 2 89
 55 -3 -3 107
 55 0 1 261
 55 -4 0 121
 55 -4 -2 311
 55 3 1 225
 55 0 -2 155
 55 -1 0 237
 55 -1 -1 292
 55 1 -1 100
 "contig-ratio-green-core" 0.8095238095238095
 "contig-ratio-red-core" 0.7727272727272727
 "a-count" 11
 "b-count" 4
 "c-color-count" 25
 "c-express-count" 24
 "d-color-count" 18
 "d-express-count" 17
 "cell-count" 56
 15 -3 1 163
 15 0 3 32
 15 -3 -2 335
 105 3 -1 163
 105 0 -4 220
 105 4 -1 236
 15 2 -1 159
 15 0 -3 90
 15 -3 0 133
 15 0 -2 280
 15 3 1 164
 15 1 -2 228
 15 -3 -1 2
 15 -1 4 158
 105 0 4 358
 105 -3 3 283
 15 2 0 320
 105 3 2 159
 105 4 1 267
 105 1 -3 81
 15 1 3 350
 15 2 -2 61
 105 1 -4 284
 15 3 0 319
 15 3 -2 302
 15 -4 0 202
 15 -4 -1 185
 105 3 3 274
 55 -2 -2 235
 5 -2 3 187
 55 3 -3 51
 55 1 4 286
 55 1 2 127
 5 -3 2 103
 55 1 1 101
 55 -2 2 66
 55 -2 -1 331
 55 1 -1 239
 55 2 2 247
 5 -4 1 260
 55 -1 -3 99
 55 2 1 220
 55 0 1 309
 55 0 0 28
 55 -2 0 314
 55 0 -1 299
 55 -1 -2 108
 55 -1 -1 88
 55 -2 1 22
 55 0 2 84
 55 -1 0 303
 55 -1 2 82
 55 -2 -3 135
 55 1 0 325
 55 -1 1 24
 55 -1 3 359
 "contig-ratio-green-core" 0.8666666666666667
 "contig-ratio-red-core" 0.8333333333333334
