 "a-count" 6
 "b-count" 2
 "c-color-count" 26
 "c-express-count" 26
 "d-color-count" 22
 "d-express-count" 22
 "cell-count" 56
 105 0 -4 306
 15 2 1 129
 15 4 -2 287
 105 2 -3 3
 15 -3 1 357
 15 2 2 41
 15 2 -2 287
 15 1 1 1
 105 -3 2 7
 15 3 -2 67
 15 -2 -3 185
 15 -2 1 151
 15 0 1 349
 15 -3 -3 50
 15 -4 -1 175
 15 3 2 0
 15 -1 1 341
 15 1 -2 230
 105 -1 2 95
 15 -1 3 223
 15 -2 2 350
 15 1 2 6
 15 -1 -3 2
 15 1 -3 97
 105 3 -3 354
 15 -1 -4 217
 15 -2 3 313
 105 0 -3 308
 55 -1 -2 46
 55 1 4 201
 55 -1 -1 255
 55 2 4 300
 55 -3 0 186
 55 1 -1 99
 55 -1 0 155
 55 2 0 104
 55 3 -1 76
 5 -3 3 282
 55 4 0 138
 55 1 3 130
 55 0 -2 49
 55 3 0 234
 55 -3 -2 109
 55 0 0 236
 5 3 3 35
 55 -3 -1 206
 55 -2 -1 153
 55 0 -1 211
 55 2 -1 82
 55 -2 -2 41
 55 -2 0 245
 55 4 -1 105
 55 3 1 197
 55 1 0 103
 55 0 3 213
 55 -4 1 57
 "contig-ratio-green-core" 0.8095238095238095
 "contig-ratio-red-core" 0.8888888888888888
 "a-count" 6
 "b-count" 3
 "c-color-count" 25
 "c-express-count" 25
 "d-color-count" 22
 "d-express-count" 22
 "cell-count" 56
 15 -1 4 216
 105 1 3 262
 15 -2 -2 205
 15 -1 -3 302
 15 4 0 251
 15 1 2 183
 15 2 2 246
 15 0 3 318
 15 1 -2 258
 105 -3 2 72
 15 2 -3 158
 15 1 4 215
 105 2 -4 6
 15 1 -3 152
 15 0 2 337
 105 -2 1 260
 15 3 2 258
 15 0 4 59
 15 0 -3 92
 15 -1 -4 122
 15 -1 3 172
 15 0 -4 105
 105 -4 0 238
 105 -3 3 349
 15 4 1 316
 15 3 -3 160
 15 -1 -2 175
 15 3 3 259
 55 3 -2 154
 55 -2 3 107
 55 -1 0 298
 55 0 -1 187
 55 -2 4 163
 55 -3 -1 142
 55 1 1 9
 55 2 1 272
 5 -3 1 351
 55 3 0 238
 55 -1 1 25
 55 -1 -1 24
 55 0 1 17
 55 2 -2 227
 55 -3 0 219
 55 -2 -1 154
 55 1 -1 134
 55 1 -4 46
 5 -3 -3 1
 55 4 2 197
 55 3 1 255
 55 -3 -2 181
 5 1 0 175
 55 -1 2 76
 55 -2 0 96
 55 3 -1 129
 55 2 0 26
 55 0 0 316
 "contig-ratio-green-core" 0.6842105263157895
 "contig-ratio-red-core" 0.75
 "a-count" 7
 "b-count" 5
 "c-color-count" 25
 "c-express-count" 23
 "d-color-count" 22
 "d-express-count" 21
 "cell-count" 56
 15 -2 -1 259
 15 4 2 335
 105 4 0 180
 15 4 1 184
 15 1 -1 293
 15 3 3 258
 15 0 -1 147
 105 -4 1 255
 105 -4 -1 77
 15 -2 2 208
 15 2 -1 135
 15 3 0 303
 15 1 0 193
 15 3 -1 72
 15 -1 -2 347
 15 -2 -3 79
 15 -1 -1 35
 105 1 -2 79
 15 -2 -2 220
 15 -3 2 189
 15 -3 -3 256
 15 -1 -3 191
 105 2 -2 94
 15 0 -2 272
 105 -1 -4 205
 15 2 0 285
 15 -1 2 198
 15 -1 3 290
 55 1 -3 318
 55 3 -3 73
 55 -2 0 164
 55 0 2 45
 55 -3 1 341
 55 2 1 216
 55 -3 -1 147
 55 2 3 36
 55 3 2 80
 55 -1 1 127
 55 0 1 196
 55 1 3 140
 55 0 3 183
 55 3 1 46
 55 -1 0 29
 55 -3 0 189
 55 1 1 170
 55 0 -4 222
 55 2 2 238
 5 1 4 74
 5 3 -2 24
 55 -3 -2 98
 55 0 -3 75
 55 1 2 5
 55 2 -3 173
 55 0 0 182
 55 -2 1 43
 5 -2 3 213
 "contig-ratio-green-core" 0.9444444444444444
 "contig-ratio-red-core" 0.875
 "a-count" 3
 "b-count" 1
 "c-color-count" 27
 "c-express-count" 27
 "d-color-count" 25
 "d-express-count" 25
 "cell-count" 56
 15 -3 3 90
 105 1 -4 33
 15 -1 -2 129
 15 -1 -3 9
 15 1 -2 89
 15 -2 1 64
 15 -2 2 287
 15 -4 -1 289
 15 -2 -3 217
 15 1 1 358
 105 3 3 308
 15 4 2 274
 15 0 -2 116
 15 0 2 223
 15 1 3 333
 15 2 2 78
 15 -1 3 154
 15 2 1 21
 15 0 1 292
 105 4 -1 275
 15 -1 1 237
 15 -4 0 297
 15 0 -4 116
 15 -1 2 172
 15 1 -3 311
 15 0 -3 264
 15 1 2 157
 15 0 3 50
 55 2 -1 334
 55 -3 -1 73
 55 -3 -2 227
 55 -1 4 352
 55 2 0 176
 55 4 1 40
 55 0 0 251
 55 3 -2 132
 5 3 -3 257
 55 -1 -4 151
 55 -4 1 33
 55 -2 0 220
 55 2 -2 259
 55 4 0 294
 55 -3 2 45
 55 0 4 251
 55 0 -1 190
 55 1 4 56
 55 2 -3 294
 55 -1 0 275
 55 3 0 234
 55 3 -1 312
 55 -3 0 211
 55 -2 -2 1
 55 -2 -1 263
 55 1 -1 2
 55 2 3 291
 55 -1 -1 92
 "contig-ratio-green-core" 0.7368421052631579
 "contig-ratio-red-core" 1
