 "a-count" 11
 "b-count" 4
 "c-color-count" 24
 "c-express-count" 24
 "d-color-count" 17
 "d-express-count" 17
 "cell-count" 56
 15 0 2 311
 15 -3 0 283
 15 1 2 199
 105 0 3 22
 15 -1 2 116
 15 -4 1 14
 15 -3 1 92
 15 0 -4 232
 15 -1 -4 318
 15 2 -1 328
 105 3 -2 186
 105 -4 0 71
 15 0 4 101
 15 3 0 162
 105 4 -1 322
 105 3 -3 90
 15 -2 -3 211
 15 2 0 323
 105 2 2 164
 105 3 2 247
 105 2 -3 291
 15 3 1 205
 15 -2 2 316
 105 1 4 54
 105 1 3 188
 15 1 -3 109
 105 2 -2 336
 15 -1 3 72
 55 1 -1 222
 55 -1 -3 111
 55 -2 1 190
 5 4 0 353
 55 -2 -2 184
 55 -1 -1 54
 55 0 0 29
 55 -2 -1 242
 55 -1 1 13
 5 -3 -2 132
 55 0 -3 246
 55 -1 -2 240
 55 1 0 19
 55 0 -2 250
 55 3 3 59
 55 1 -2 181
 55 -3 3 203
 55 -2 0 350
 55 1 1 51
 5 -1 4 43
 55 -3 2 286
 55 2 3 101
 55 0 1 91
 55 -2 3 79
 55 -1 0 143
 55 0 -1 65
 5 3 -1 263
 55 2 1 40
 "contig-ratio-green-core" 0.7777777777777778
 "contig-ratio-red-core" 0.8571428571428571
 "a-count" 12
 "b-count" 3
 "c-color-count" 25
 "c-express-count" 25
 "d-color-count" 18
 "d-express-count" 16
 "cell-count" 56
 15 -2 1 350
 15 4 0 57
 15 2 1 359
 105 -3 2 208
 105 3 -2 86
 105 4 1 171
 15 3 0 35
 105 3 1 30
 15 2 3 298
 15 0 -4 342
 105 -3 -3 207
 15 2 -3 259
 15 -2 -3 78
 105 -4 1 307
 105 -4 -1 249
 105 -3 1 80
 15 -1 2 74
 105 3 2 18
 15 0 3 253
 15 4 -1 0
 15 0 4 30
 15 -1 -3 181
 15 2 -2 151
 15 -4 0 170
 15 -3 -2 283
 105 1 4 345
 15 -1 3 210
 15 2 2 29
 55 0 -1 160
 55 -2 -2 118
 55 0 2 340
 55 1 2 348
 55 1 -2 166
 55 2 -1 325
 55 -3 -1 91
 55 -2 0 245
 55 -1 -1 222
 55 1 -1 305
 55 -1 4 263
 55 2 0 202
 55 3 3 288
 55 -1 -2 164
 55 3 -1 261
 55 0 0 70
 5 1 -4 350
 55 -1 0 94
 55 1 0 229
 55 -3 0 258
 55 1 -3 263
 5 3 -3 193
 55 -2 -1 7
 55 -1 1 199
 55 0 -3 192
 55 0 -2 167
 5 -3 3 35
 55 1 1 343
 "contig-ratio-green-core" 0.9333333333333333
 "contig-ratio-red-core" 1.0666666666666667
 "a-count" 10
 "b-count" 7
 "c-color-count" 21
 "c-express-count" 21
 "d-color-count" 19
 "d-express-count" 18
 "cell-count" 56
 105 1 -3 346
 105 4 1 289
 15 -1 4 12
 15 -2 -3 106
 105 3 2 193
 105 0 3 60
 15 2 1 84
 15 -2 1 106
 15 3 -3 189
 105 3 3 357
 15 -1 -2 358
 15 1 2 21
 105 0 -3 268
 15 -2 2 343
 105 0 -4 167
 15 1 -2 33
 15 3 1 127
 15 1 -1 192
 15 0 -2 25
 105 2 -3 255
 15 -2 -2 95
 105 -1 -4 177
 15 0 2 140
 15 -1 2 43
 15 1 0 354
 15 1 1 20
 15 3 -2 70
 15 2 0 74
 55 2 -2 22
 55 -1 -1 288
 5 -3 1 188
 55 0 1 68
 5 3 0 156
 55 -3 3 73
 5 -4 1 73
 55 -4 0 98
 55 -2 -1 5
 55 -3 -1 246
 55 0 -1 61
 55 -1 0 61
 55 -2 0 35
 55 -3 -2 121
 55 2 2 22
 55 2 3 208
 55 -4 -1 240
 55 -2 3 162
 5 -3 -3 164
 55 0 0 197
 55 -1 1 154
 5 1 4 77
 55 3 -1 282
 55 -3 0 234
 55 0 4 40
 5 4 0 268
 5 1 -4 23
 55 1 3 134
 "contig-ratio-green-core" 0.875
 "contig-ratio-red-core" 0.8
 "a-count" 10
 "b-count" 7
 "c-color-count" 21
 "c-express-count" 21
 "d-color-count" 20
 "d-express-count" 18
 "cell-count" 56
 15 0 -2 175
 105 3 3 82
 15 -3 0 0
 15 -2 -1 263
 15 3 0 194
 15 2 0 117
 105 0 -4 86
 15 -3 -2 235
 15 -3 2 78
 105 2 -1 162
 15 3 1 159
 15 1 -3 266
 15 -1 -1 31
 105 3 -2 319
 105 4 -1 249
 15 -2 -2 328
 15 3 -3 234
 15 3 2 193
 105 -3 -3 290
 15 0 -1 329
 105 -1 -2 94
 15 1 0 85
 105 2 -3 172
 15 -3 -1 250
 15 -3 1 14
 15 0 0 21
 15 1 -1 220
 15 2 3 311
 55 1 1 238
 55 1 2 44
 5 -2 4 85
 55 -2 -3 230
 55 -3 3 215
 5 -1 4 277
 5 -1 -3 230
 55 -2 3 326
 5 0 4 13
 55 1 4 259
 55 -1 0 127
 5 -4 -1 39
 55 0 -3 160
 55 1 3 192
 55 2 2 122
 55 -2 2 248
 55 0 2 70
 55 -2 1 230
 55 -4 0 1
 55 -1 2 295
 5 -4 1 201
 55 2 1 326
 55 0 1 108
 55 -1 1 46
 55 -2 0 249
 55 3 -1 119
 5 -1 3 127
 55 0 3 159
 "contig-ratio-green-core" 1.0769230769230769
 "contig-ratio-red-core" 0.8
