 "a-count" 6
 "b-count" 4
 "c-color-count" 24
 "c-express-count" 24
 "d-color-count" 24
 "d-express-count" 22
 "cell-count" 56
 15 -1 1 332
 105 1 -2 222
 15 2 3 298
 15 -3 -3 36
 105 -2 -3 119
 15 -3 -1 113
 15 1 2 34
 15 -2 0 265
 15 -1 -3 7
 15 4 1 5
 15 3 -1 223
 15 -3 0 343
 15 0 1 278
 105 1 3 299
 15 0 2 338
 15 1 4 188
 15 4 0 272
 15 0 4 273
 15 -2 -1 59
 15 0 -2 32
 15 1 1 261
 15 -1 2 311
 15 3 -2 185
 15 3 0 147
 15 2 -3 106
 15 -1 3 319
 15 3 3 285
 105 1 -4 320
 55 -3 3 133
 55 -2 1 258
 5 -3 2 4
 55 -1 -1 244
 55 2 -1 283
 55 -2 2 29
 55 2 0 200
 55 3 2 130
 55 -1 -2 8
 5 1 -3 214
 55 -3 4 291
 55 -4 0 170
 55 -3 -2 326
 55 -2 3 158
 55 3 -3 154
 55 0 0 347
 55 0 -1 343
 55 1 -1 173
 5 -1 -4 278
 55 -2 -2 102
 55 2 2 261
 55 -4 -1 296
 55 -1 4 46
 5 4 -1 153
 55 -1 0 252
 55 3 1 4
 55 2 -2 168
 55 2 1 72
 "contig-ratio-green-core" 1.0526315789473684
 "contig-ratio-red-core" 0.9523809523809523
 "a-count" 8
 "b-count" 3
 "c-color-count" 26
 "c-express-count" 25
 "d-color-count" 22
 "d-express-count" 20
 "cell-count" 56
 15 3 1 69
 15 -4 0 242
 15 -2 2 49
 15 -2 -3 254
 15 0 2 269
 15 2 0 41
 15 -1 -3 149
 105 -1 3 280
 105 3 -2 354
 105 0 3 125
 15 2 -3 338
 15 -4 -1 220
 15 1 0 87
 105 3 -3 283
 15 -3 3 87
 15 0 -3 271
 15 -1 1 53
 15 3 0 255
 15 1 -3 68
 15 2 1 294
 15 0 1 42
 15 1 1 214
 15 2 2 123
 15 -1 0 192
 105 1 4 132
 15 0 0 107
 15 1 2 99
 105 -2 3 58
 5 4 -1 241
 55 1 -1 60
 55 -1 -1 140
 5 -1 -4 101
 55 1 -4 123
 55 -2 -2 316
 55 4 1 52
 55 2 -2 340
 55 -2 1 323
 55 -2 0 324
 55 1 -2 60
 55 -3 -1 108
 55 -1 4 102
 55 -3 2 250
 55 -4 2 162
 55 -4 1 282
 55 2 3 152
 55 0 -2 325
 55 -3 1 346
 55 2 -1 166
 55 0 -1 35
 55 -3 -2 119
 55 3 2 136
 55 -1 -2 200
 55 3 3 349
 55 0 4 122
 55 1 3 243
 55 -2 -1 226
 "contig-ratio-green-core" 0.8095238095238095
 "contig-ratio-red-core" 0.9333333333333333
 "a-count" 5
 "b-count" 5
 "c-color-count" 23
 "c-express-count" 23
 "d-color-count" 24
 "d-express-count" 23
 "cell-count" 56
 15 -1 -4 333
 15 3 2 253
 15 -1 0 36
 15 0 4 228
 15 1 3 18
 15 2 -2 204
 15 -3 2 231
 15 1 0 158
 15 4 1 13
 15 4 0 96
 105 2 3 229
 15 2 2 102
 15 -3 -2 44
 15 -1 4 115
 15 -2 1 210
 15 -1 -3 355
 105 1 -2 232
 15 0 -2 242
 15 -4 2 351
 15 3 -1 173
 15 -2 -3 34
 15 -2 0 52
 15 -1 1 106
 15 0 3 297
 105 1 4 359
 15 2 -3 290
 15 -2 4 100
 105 0 -4 156
 5 -3 3 154
 55 3 -2 189
 55 -3 1 277
 55 -2 -2 320
 55 -1 -2 321
 55 -2 -1 340
 5 1 -4 279
 55 -4 0 146
 55 1 -1 2
 55 -4 1 247
 55 -1 -1 342
 55 1 -3 267
 55 1 1 287
 55 -2 2 191
 55 2 1 221
 55 3 0 41
 55 0 -1 288
 5 -1 2 318
 55 3 1 91
 55 0 1 230
 55 -1 3 297
 55 0 0 242
 5 3 -3 259
 55 1 2 95
 5 -3 -1 242
 55 0 2 175
 55 -2 3 192
 55 -4 -1 253
 "contig-ratio-green-core" 1.1
 "contig-ratio-red-core" 0.95
 "a-count" 9
 "b-count" 3
 "c-color-count" 25
 "c-express-count" 25
 "d-color-count" 22
 "d-express-count" 19
 "cell-count" 56
 105 0 4 316
 105 -2 -3 355
 15 1 -4 218
 15 1 3 192
 15 0 3 29
 15 0 -3 327
 15 0 -2 14
 15 3 2 119
 15 1 1 219
 15 4 1 164
 15 -3 -3 55
 15 3 -3 98
 15 -3 -1 274
 15 -3 0 151
 15 -3 2 85
 15 2 1 224
 15 -3 1 355
 15 1 2 167
 105 -4 -1 202
 105 -1 -4 220
 105 2 2 228
 15 -1 3 222
 15 -2 3 265
 15 -1 -2 10
 15 1 -3 211
 15 3 1 212
 15 -3 3 68
 105 -1 4 314
 55 -1 2 223
 55 -1 1 3
 55 -2 0 344
 55 -4 0 212
 55 1 -1 31
 55 1 0 137
 55 3 0 114
 55 3 -1 65
 55 2 -2 122
 55 2 -1 164
 55 0 1 8
 55 4 0 73
 55 -2 -1 327
 5 3 3 341
 55 1 4 15
 5 -2 -2 59
 55 0 2 6
 55 3 -2 205
 55 -1 -1 172
 55 -2 1 114
 55 0 0 73
 55 -1 0 245
 55 0 -1 29
 55 1 -2 78
 55 2 3 193
 55 -2 2 55
 55 4 -1 220
 5 0 -4 225
 "contig-ratio-green-core" 0.8888888888888888
 "contig-ratio-red-core" 0.7058823529411765
