 "a-count" 8
 "b-count" 4
 "c-color-count" 24
 "c-express-count" 24
 "d-color-count" 22
 "d-express-count" 20
 "cell-count" 56
 105 3 3 151
 15 -1 4 181
 15 -2 -1 68
 105 4 -1 247
 15 -2 -3 9
 105 -3 -3 120
 105 3 -1 254
 15 -2 3 174
 15 1 -3 114
 15 1 -1 315
 105 4 0 130
 15 -4 -1 224
 15 -2 -2 192
 15 -1 -4 4
 15 2 -2 232
 15 3 1 246
 105 4 1 41
 15 -3 0 107
 15 3 -3 247
 15 0 4 66
 15 -3 1 59
 15 1 0 161
 15 3 0 306
 15 2 3 171
 15 2 -3 318
 15 2 -1 290
 15 2 0 106
 15 -4 1 1
 55 2 1 160
 55 0 2 167
 55 1 3 72
 55 0 3 23
 55 -1 -1 352
 55 1 -4 212
 55 0 -4 130
 55 1 1 287
 55 0 0 358
 55 3 -2 325
 55 1 2 1
 5 1 4 129
 55 -1 -2 226
 55 -3 2 42
 5 -2 2 19
 55 0 -3 16
 55 3 2 278
 5 -3 -1 195
 55 0 -1 241
 55 2 2 335
 5 -2 1 102
 55 -1 2 263
 55 0 1 86
 55 0 -2 126
 55 -1 -3 272
 55 -1 0 178
 55 -2 0 153
 55 -1 3 186
 "contig-ratio-green-core" 0.7142857142857143
 "contig-ratio-red-core" 1.0666666666666667
 "a-count" 7
 "b-count" 3
 "c-color-count" 25
 "c-express-count" 25
 "d-color-count" 22
 "d-express-count" 21
 "cell-count" 56
 15 2 3 183
 105 3 -2 310
 15 -1 -1 136
 15 -2 -1 229
 15 0 0 155
 15 0 -1 82
 15 2 0 41
 15 3 2 242
 15 1 0 81
 15 0 4 85
 15 -4 1 125
 15 1 1 283
 15 3 -1 350
 105 4 -1 231
 105 -4 0 212
 105 1 4 322
 15 2 1 231
 15 1 -4 256
 15 2 2 111
 15 -1 0 230
 15 1 2 217
 105 -4 -1 116
 15 -2 0 214
 15 0 2 75
 15 0 1 172
 15 -3 -3 166
 15 -1 1 282
 105 2 -3 296
 55 0 -2 326
 55 -1 -3 149
 5 0 -3 222
 55 2 -2 89
 55 -1 -2 200
 55 -3 -1 177
 55 -1 3 22
 55 1 -1 329
 55 -1 5 99
 55 -3 0 345
 55 -2 -3 25
 55 0 3 157
 55 -1 4 320
 55 -3 -2 162
 55 1 -3 307
 55 -1 -4 80
 55 1 -2 338
 55 3 0 350
 55 -2 3 159
 55 2 -1 135
 5 -2 2 188
 55 3 3 315
 5 4 0 13
 55 -3 1 260
 55 -1 2 14
 55 1 3 209
 55 4 1 202
 55 3 1 205
 "contig-ratio-green-core" 0.8235294117647058
 "contig-ratio-red-core" 0.9333333333333333
 "a-count" 7
 "b-count" 3
 "c-color-count" 25
 "c-express-count" 25
 "d-color-count" 22
 "d-express-count" 21
 "cell-count" 56
 105 1 2 271
 15 1 0 132
 15 -2 2 24
 15 -1 -4 128
 15 -3 1 170
 15 3 -3 320
 15 -1 0 297
 15 2 3 84
 15 -3 2 90
 105 -3 -2 228
 15 3 -2 195
 15 -2 -2 77
 15 -1 2 342
 15 4 -1 328
 15 4 0 52
 15 4 1 88
 15 -1 -1 211
 15 0 -1 40
 105 -2 -3 64
 15 2 2 233
 105 1 -4 52
 15 3 2 186
 105 0 0 267
 15 1 1 223
 15 3 -1 187
 105 -1 1 95
 15 1 3 212
 15 0 3 354
 55 2 -3 258
 55 -3 0 263
 55 4 2 148
 55 -2 -1 343
 55 -3 -1 339
 55 -4 -1 243
 5 0 4 94
 55 -1 3 4
 55 3 1 38
 55 2 -1 322
 55 0 -3 194
 55 2 0 252
 55 2 1 87
 55 -1 4 262
 55 1 -1 46
 55 1 -2 359
 55 1 4 265
 55 3 0 276
 5 -3 -3 345
 55 -4 2 138
 55 0 -2 93
 55 2 -2 354
 55 -4 1 291
 55 -1 -2 17
 5 -4 0 84
 55 -2 3 19
 55 2 4 125
 55 -1 -3 122
 "contig-ratio-green-core" 0.8636363636363636
 "contig-ratio-red-core" 1
 "a-count" 7
 "b-count" 1
 "c-color-count" 27
 "c-express-count" 27
 "d-color-count" 22
 "d-express-count" 21
 "cell-count" 56
 15 3 3 176
 15 0 2 124
 15 -4 0 292
 15 -3 1 20
 15 -2 3 310
 15 0 1 38
 15 3 0 170
 15 2 0 70
 15 -2 0 195
 15 -1 3 290
 15 2 1 319
 15 1 -4 124
 105 -3 -2 301
 15 -2 2 278
 15 -1 1 104
 15 -3 0 326
 15 0 -4 33
 15 -2 -1 36
 105 -4 -1 41
 105 -1 -4 65
 15 3 -2 144
 15 1 1 352
 105 2 -3 152
 15 1 2 253
 15 -1 2 294
 15 -2 1 164
 105 -3 2 146
 105 -3 -3 73
 55 -1 4 159
 55 3 1 310
 55 2 -2 359
 55 1 3 328
 55 2 -1 215
 55 -4 1 1
 55 0 -2 193
 5 3 -3 180
 55 -1 -3 341
 55 0 0 166
 55 -2 -3 101
 55 1 4 61
 55 1 0 200
 55 -3 3 103
 55 4 0 58
 55 -1 -1 116
 55 1 -1 141
 55 4 1 126
 55 1 -3 347
 55 2 2 210
 55 4 -1 153
 55 1 -2 41
 55 0 -3 308
 55 3 2 29
 55 -1 -2 209
 55 -1 0 13
 55 2 3 324
 55 0 -1 124
 "contig-ratio-green-core" 0.6842105263157895
 "contig-ratio-red-core" 0.8125
