 "a-count" 8
 "b-count" 3
 "c-color-count" 25
 "c-express-count" 25
 "d-color-count" 20
 "d-express-count" 20
 "cell-count" 56
 15 -1 0 241
 15 1 4 257
 105 -3 -2 167
 105 -4 1 169
 15 -1 -3 20
 15 -2 2 74
 105 3 2 303
 105 -3 2 263
 105 -2 1 102
 105 -2 0 8
 15 2 1 2
 15 0 -3 347
 15 4 0 145
 15 -2 3 93
 15 -1 4 18
 15 -1 -1 58
 15 1 -3 329
 105 -2 -3 256
 15 -3 0 199
 15 3 1 302
 15 0 -4 57
 105 -3 1 19
 15 4 1 303
 15 2 3 311
 15 0 4 235
 15 -2 -1 221
 15 0 -2 40
 15 -1 -2 205
 55 3 0 77
 55 0 2 251
 55 2 -1 46
 55 -4 -1 339
 55 2 -2 119
 5 3 -2 131
 55 -4 0 275
 55 1 2 70
 55 2 -3 41
 55 -1 3 161
 55 -3 -1 107
 55 -3 3 196
 55 1 -1 353
 55 0 1 296
 5 -2 -2 149
 55 2 0 135
 5 3 -1 160
 55 -1 -4 231
 55 0 0 351
 55 4 -1 1
 55 1 -2 168
 55 1 0 250
 55 -1 1 167
 55 1 -4 139
 55 0 3 117
 55 -1 2 157
 55 1 3 331
 55 1 1 45
 "contig-ratio-green-core" 0.8235294117647058
 "contig-ratio-red-core" 0.9411764705882353
 "a-count" 4
 "b-count" 2
 "c-color-count" 26
 "c-express-count" 26
 "d-color-count" 25
 "d-express-count" 24
 "cell-count" 56
 15 0 2 332
 15 0 0 220
 15 -1 0 109
 15 1 4 26
 15 1 2 7
 15 0 -3 229
 15 2 -3 54
 15 1 -4 325
 15 -3 -1 284
 15 -2 0 313
 15 4 2 303
 15 -4 -1 359
 105 0 3 63
 15 -1 1 332
 15 2 2 15
 105 -1 3 182
 15 0 -4 167
 15 -4 0 87
 15 1 3 37
 15 -2 1 91
 15 3 2 69
 15 0 1 354
 15 -2 -1 330
 105 3 3 259
 15 -3 3 347
 15 -3 1 358
 15 0 4 214
 15 3 1 98
 55 2 3 37
 55 1 0 42
 55 -1 -1 228
 55 2 0 192
 55 -1 -3 175
 55 3 0 67
 55 4 1 103
 55 1 -2 160
 55 1 1 98
 5 4 0 162
 55 -2 2 111
 55 2 -1 299
 55 -3 -3 99
 55 3 -1 181
 55 4 -1 225
 55 -1 -2 61
 55 -1 4 201
 55 -3 -2 126
 55 -3 2 63
 5 3 -2 203
 55 2 -2 67
 55 0 -1 124
 55 0 -2 167
 55 -4 1 311
 55 -2 -3 338
 55 1 -1 66
 55 -1 -4 12
 55 3 -3 349
 "contig-ratio-green-core" 0.7368421052631579
 "contig-ratio-red-core" 0.7
 "a-count" 5
 "b-count" 4
 "c-color-count" 24
 "c-express-count" 24
 "d-color-count" 24
 "d-express-count" 23
 "cell-count" 56
 15 -3 1 39
 15 2 2 59
 105 0 -3 239
 15 0 -1 38
 15 2 0 109
 15 -4 1 210
 105 0 -2 45
 15 2 1 207
 15 4 0 206
 15 2 -2 9
 15 -2 1 23
 105 3 1 348
 15 0 -4 225
 15 1 -3 157
 15 -1 -3 41
 15 -3 -1 142
 15 -3 0 342
 15 -1 0 188
 15 -2 -2 279
 15 -2 0 256
 15 -1 4 70
 15 3 0 64
 15 -2 4 213
 15 -1 -1 9
 15 2 -1 62
 15 3 2 296
 15 -1 -2 76
 105 -4 2 192
 55 1 3 343
 55 -4 -1 81
 55 0 2 313
 55 -3 -2 328
 55 -1 2 23
 55 2 3 286
 55 -1 3 202
 55 1 -1 355
 55 -2 2 201
 55 2 -3 309
 55 0 0 230
 55 3 -2 92
 55 1 1 122
 55 3 -1 193
 5 0 4 339
 5 -3 3 92
 55 -3 2 118
 55 1 0 1
 55 3 3 352
 55 1 2 58
 55 0 1 30
 55 -1 1 98
 55 -4 0 14
 5 4 1 290
 55 -2 -3 350
 55 3 -3 41
 5 -1 -4 113
 55 -2 3 297
 "contig-ratio-green-core" 0.9444444444444444
 "contig-ratio-red-core" 0.8636363636363636
