 "a-count" 7
 "b-count" 5
 "c-color-count" 25
 "c-express-count" 23
 "d-color-count" 24
 "d-express-count" 21
 "cell-count" 56
 15 -2 0 330
 15 2 -3 336
 15 2 -1 193
 15 0 -4 290
 105 2 3 177
 105 4 -1 21
 15 0 -2 326
 15 1 2 82
 15 3 1 204
 15 -1 0 179
 15 -1 1 305
 15 0 0 241
 15 -1 -1 101
 15 -2 1 247
 105 3 3 277
 15 3 0 354
 15 0 -1 295
 15 -1 2 351
 15 -2 2 268
 15 -2 -1 322
 15 1 3 131
 105 3 -3 64
 15 -3 3 137
 15 1 -4 36
 15 -3 2 93
 15 -2 -2 171
 15 1 -2 164
 15 -4 -1 205
 55 -1 3 68
 55 3 2 324
 55 -1 4 276
 55 1 0 80
 55 0 1 355
 55 -2 -3 221
 55 1 -1 28
 55 -4 0 307
 55 -4 1 212
 55 3 -2 281
 55 -3 1 121
 55 4 0 195
 55 -3 -1 139
 55 0 -3 66
 55 1 1 209
 5 4 1 173
 55 1 -3 273
 55 0 3 124
 55 -1 -4 285
 55 -3 0 188
 55 1 4 67
 55 2 1 89
 5 3 -1 122
 55 0 4 204
 55 -3 -3 94
 5 -3 -2 6
 55 2 0 91
 55 -1 -3 61
 "contig-ratio-green-core" 0.8095238095238095
 "contig-ratio-red-core" 0.8571428571428571
 "a-count" 10
 "b-count" 5
 "c-color-count" 24
 "c-express-count" 23
 "d-color-count" 19
 "d-express-count" 18
 "cell-count" 56
 15 -1 3 311
 105 4 -1 144
 15 -1 -4 111
 15 1 -3 122
 15 0 4 68
 15 1 2 121
 105 -2 1 161
 15 3 1 299
 105 2 3 325
 15 -1 0 332
 15 -2 -1 6
 105 -3 -1 293
 15 0 2 99
 105 -3 -2 5
 15 2 -1 114
 15 0 -4 58
 15 3 -1 110
 105 1 -4 134
 15 2 0 186
 15 2 -2 340
 15 0 3 57
 15 -4 0 82
 15 -1 -1 61
 15 -2 0 330
 105 -3 -3 52
 105 -3 2 202
 15 -1 1 74
 105 -3 0 154
 55 0 -2 62
 5 3 -3 12
 55 -2 -3 325
 55 -3 1 195
 55 0 -3 130
 5 1 3 226
 55 -2 -2 352
 55 3 2 56
 55 3 3 49
 55 -1 -3 317
 55 -2 3 124
 55 1 1 244
 5 3 -2 143
 55 -4 -1 348
 55 1 -1 5
 55 0 -1 88
 55 -1 4 354
 55 3 0 80
 55 1 0 322
 55 4 0 258
 55 1 -2 123
 55 1 4 162
 55 0 0 111
 55 2 1 302
 55 0 1 171
 55 2 2 356
 55 -1 2 105
 5 -3 3 251
 "contig-ratio-green-core" 0.7894736842105263
 "contig-ratio-red-core" 1.2
 "a-count" 7
 "b-count" 4
 "c-color-count" 24
 "c-express-count" 24
 "d-color-count" 23
 "d-express-count" 21
 "cell-count" 56
 15 2 -2 221
 15 0 4 150
 15 1 3 177
 15 1 -3 333
 15 0 -4 65
 105 -2 -3 277
 15 0 3 242
 15 -2 -2 202
 15 1 4 220
 105 4 -1 24
 15 -3 -2 310
 15 -2 0 302
 15 -3 0 265
 105 -3 2 209
 15 -3 1 156
 15 1 1 103
 105 2 2 282
 15 -1 3 174
 15 0 1 214
 15 2 1 140
 15 1 -4 226
 15 -1 2 253
 15 4 0 309
 15 1 2 114
 105 -3 -3 166
 15 -4 -1 244
 15 0 2 357
 15 3 -2 313
 55 2 0 31
 5 2 -3 312
 55 4 1 83
 55 -4 1 235
 55 -2 1 218
 55 3 2 86
 5 -3 3 183
 55 -2 3 272
 55 -1 1 69
 55 -1 -2 12
 55 2 -1 159
 55 1 0 39
 55 -2 2 63
 55 0 -2 78
 55 3 0 173
 55 0 0 177
 55 3 1 59
 55 1 -2 225
 5 -1 -4 299
 5 3 -3 116
 55 -3 -1 4
 55 0 -1 47
 55 -1 -1 153
 55 1 -1 114
 55 0 -3 33
 55 -4 0 210
 55 -1 0 195
 55 3 -1 54
 "contig-ratio-green-core" 0.7894736842105263
 "contig-ratio-red-core" 1
 "a-count" 7
 "b-count" 3
 "c-color-count" 26
 "c-express-count" 25
 "d-color-count" 21
 "d-express-count" 21
 "cell-count" 56
 15 1 4 213
 15 2 -3 38
 15 2 -2 234
 15 1 1 339
 15 0 -3 6
 15 -4 1 290
 15 -3 -1 75
 105 -1 4 327
 15 -3 0 170
 15 2 0 117
 15 3 -1 211
 105 0 -4 186
 15 1 -3 291
 15 1 3 302
 105 -1 3 178
 15 0 1 58
 105 1 2 67
 15 4 1 271
 15 0 4 274
 105 -2 3 351
 15 -1 2 275
 15 -1 1 42
 15 3 -2 103
 15 4 0 305
 105 -3 -2 50
 15 -2 -2 320
 105 4 -1 89
 15 -2 -4 233
 55 -2 -3 291
 55 -4 -1 90
 55 2 -1 25
 55 3 1 318
 55 -1 0 123
 5 -1 -4 185
 55 -1 -3 303
 55 2 3 31
 55 -2 1 270
 55 2 2 121
 55 -2 -1 47
 55 -1 -2 288
 55 1 -2 333
 55 3 3 236
 55 2 1 294
 55 3 2 181
 55 1 0 92
 55 -4 0 245
 55 -3 3 43
 55 0 -2 34
 55 0 0 285
 55 0 -1 57
 5 4 2 108
 55 3 0 211
 55 -1 -1 278
 55 1 -1 242
 55 0 2 96
 55 -3 1 72
 "contig-ratio-green-core" 0.8
 "contig-ratio-red-core" 1.3636363636363635
