 "a-count" 7
 "b-count" 4
 "c-color-count" 25
 "c-express-count" 24
 "d-color-count" 22
 "d-express-count" 21
 "cell-count" 56
 15 -3 0 56
 15 1 0 40
 15 -1 1 146
 15 2 1 274
 15 -3 -2 262
 15 -3 1 212
 15 0 -1 190
 105 -1 -4 338
 15 2 0 2
 105 3 -2 107
 105 -2 1 275
 15 3 2 104
 105 -4 -1 277
 105 2 -3 301
 15 1 1 232
 15 -2 0 201
 15 -1 0 290
 15 1 -1 291
 15 -3 -3 354
 15 1 -2 159
 15 -4 1 33
 15 -4 0 102
 15 -1 2 219
 15 4 -1 54
 15 0 1 222
 15 3 -3 182
 105 -2 2 169
 15 -3 -1 319
 55 1 -3 303
 55 -2 3 200
 55 1 4 298
 55 3 0 96
 55 0 -2 283
 55 -2 -1 204
 55 -1 -3 74
 55 0 -3 49
 55 4 1 232
 55 0 3 262
 55 3 -1 295
 55 4 0 123
 55 3 1 158
 55 -3 3 110
 55 -1 3 345
 55 0 2 107
 5 2 3 242
 55 -1 -2 322
 55 1 3 167
 5 -1 4 163
 55 -2 -3 32
 55 0 4 183
 55 2 -1 258
 55 -2 -2 53
 55 1 -4 216
 55 -1 -1 155
 55 1 2 182
 5 3 3 302
 "contig-ratio-green-core" 0.7142857142857143
 "contig-ratio-red-core" 0.6875
 "a-count" 9
 "b-count" 6
 "c-color-count" 22
 "c-express-count" 22
 "d-color-count" 21
 "d-express-count" 19
 "cell-count" 56
 15 -2 -2 116
 15 -1 4 359
 15 2 1 339
 15 1 -3 25
 15 1 2 109
 15 -2 -1 251
 15 -1 -3 282
 15 -1 -4 305
 105 3 1 213
 15 0 3 80
 15 3 -1 306
 15 4 0 103
 105 3 -3 239
 15 2 2 281
 15 -3 0 199
 15 -3 -1 72
 105 3 -2 201
 105 2 -3 126
 15 1 1 344
 15 3 3 13
 105 4 1 317
 105 0 -3 284
 15 -1 3 349
 15 0 2 44
 15 -3 -2 244
 15 3 0 215
 15 1 -4 122
 105 3 2 126
 5 -4 -1 222
 5 -3 2 257
 5 -2 -3 27
 5 2 -2 30
 55 0 0 4
 55 2 0 149
 5 -4 1 91
 55 1 4 151
 55 -3 1 110
 55 -1 -1 317
 55 -1 -2 6
 55 2 3 1
 55 -2 1 58
 55 1 -1 159
 55 -2 0 299
 55 1 3 5
 55 -1 0 309
 55 0 -1 349
 55 0 1 290
 55 -1 1 116
 55 -1 2 246
 55 1 -2 61
 55 -3 -3 175
 55 -2 2 303
 5 -2 3 278
 55 1 0 65
 55 2 -1 73
 55 0 -2 187
 "contig-ratio-green-core" 1.0666666666666667
 "contig-ratio-red-core" 0.6
 "a-count" 6
 "b-count" 4
 "c-color-count" 24
 "c-express-count" 24
 "d-color-count" 23
 "d-express-count" 22
 "cell-count" 56
 15 1 -3 226
 15 -2 2 260
 15 -3 -1 171
 15 -3 1 99
 105 4 -1 10
 15 2 1 252
 15 3 2 107
 15 1 -2 74
 15 -4 0 1
 105 -2 -3 84
 15 3 1 236
 15 -3 0 36
 105 2 -2 351
 15 -4 -1 113
 15 0 -4 266
 105 4 0 126
 15 1 -1 0
 15 2 -1 108
 15 -1 3 199
 15 3 3 165
 15 2 0 115
 15 3 0 103
 15 -4 1 259
 15 -1 -3 254
 105 3 -3 183
 15 1 -4 293
 15 0 -3 254
 15 -3 -2 230
 55 -3 -3 240
 55 3 -1 96
 55 0 -2 23
 55 1 3 356
 55 -1 -1 253
 55 2 3 174
 55 -2 -2 29
 55 0 1 34
 55 2 -3 150
 55 0 0 50
 55 -2 1 56
 55 1 1 116
 55 0 3 142
 55 -1 -2 83
 55 1 0 133
 55 0 4 191
 55 1 2 78
 55 -2 0 265
 55 0 -1 194
 55 -2 -1 144
 55 -1 2 341
 55 0 2 223
 55 2 2 21
 5 -1 -4 291
 5 -1 1 14
 5 -2 3 19
 55 -1 0 90
 5 -3 3 236
 "contig-ratio-green-core" 0.9333333333333333
 "contig-ratio-red-core" 0.6842105263157895
 "a-count" 6
 "b-count" 2
 "c-color-count" 26
 "c-express-count" 26
 "d-color-count" 22
 "d-express-count" 22
 "cell-count" 56
 15 0 -2 29
 15 2 1 206
 15 -1 -2 13
 15 1 -1 96
 105 3 0 217
 15 -2 -3 197
 15 2 0 273
 15 2 -2 58
 15 0 0 266
 15 -1 -3 136
 15 4 0 167
 15 1 -2 52
 105 0 -1 73
 105 4 -1 125
 15 -1 0 287
 15 -1 -1 358
 105 -3 3 333
 15 1 0 29
 15 -4 1 281
 15 3 1 165
 15 0 4 229
 15 3 -2 182
 105 -3 2 200
 15 1 4 50
 105 -3 -3 355
 15 -2 2 350
 15 -4 0 120
 15 2 -1 55
 55 -3 -2 16
 55 4 1 10
 55 1 1 322
 55 -2 0 349
 5 -1 4 259
 55 2 2 320
 55 3 2 73
 55 2 -3 206
 55 2 3 194
 5 0 -3 136
 55 0 2 271
 55 -2 1 81
 55 -2 -1 328
 55 -1 3 342
 55 1 -4 290
 55 -3 1 50
 55 1 2 291
 55 1 3 129
 55 -1 1 156
 55 3 -3 66
 55 -1 2 192
 55 -3 0 186
 55 3 3 147
 55 -3 -1 79
 55 -2 -2 23
 55 0 3 95
 55 -1 -4 34
 55 0 -4 193
 "contig-ratio-green-core" 0.625
 "contig-ratio-red-core" 0.8947368421052632
