 "a-count" 9
 "b-count" 3
 "c-color-count" 26
 "c-express-count" 25
 "d-color-count" 20
 "d-express-count" 19
 "cell-count" 56
 105 3 -2 51
 15 -2 2 189
 15 -2 -2 339
 15 -1 4 274
 15 3 -1 131
 105 -1 -2 242
 15 -2 -1 74
 15 -1 3 177
 15 -4 0 356
 105 -2 3 42
 15 3 0 25
 105 2 -3 89
 15 -3 2 353
 15 2 4 239
 105 -3 3 133
 105 1 -4 85
 15 -1 -1 212
 15 0 -3 10
 15 2 -2 122
 105 -4 -1 157
 105 3 -3 280
 15 -3 0 273
 15 4 0 37
 15 0 4 197
 15 0 -1 29
 15 -3 -3 266
 15 -3 -1 236
 15 0 -4 278
 55 -1 1 97
 55 0 0 39
 55 1 1 335
 55 2 0 287
 55 1 0 265
 55 2 1 107
 55 1 -1 265
 55 0 3 87
 55 0 -2 207
 55 1 -2 178
 55 1 3 198
 55 1 2 282
 55 -2 0 80
 5 3 3 40
 55 0 1 190
 55 -3 -2 274
 55 -1 2 73
 55 2 2 8
 5 -1 -4 192
 55 2 3 112
 55 0 2 144
 55 -3 1 184
 55 3 1 8
 55 -2 -3 102
 55 -1 0 268
 55 -2 1 320
 55 2 -1 163
 55 1 -3 293
 "contig-ratio-green-core" 0.7647058823529411
 "contig-ratio-red-core" 0.9411764705882353
 "a-count" 8
 "b-count" 4
 "c-color-count" 24
 "c-express-count" 24
 "d-color-count" 22
 "d-express-count" 20
 "cell-count" 56
 105 -2 3 284
 105 -3 3 33
 15 0 4 255
 15 2 1 178
 15 -1 3 88
 15 -2 -3 100
 105 0 1 98
 15 -4 -3 108
 15 1 3 124
 15 -2 1 163
 15 -1 -3 168
 15 -1 2 280
 15 -2 0 298
 15 4 -1 146
 105 -3 -1 5
 15 1 1 236
 15 -3 -2 328
 15 0 0 66
 15 -1 0 265
 15 3 -3 218
 105 -4 1 293
 15 -1 -1 149
 15 -4 -1 58
 15 3 -2 190
 105 0 2 17
 15 -1 1 336
 15 3 -1 98
 15 -2 -2 274
 5 -1 4 88
 55 0 -2 190
 55 4 0 298
 55 -2 2 10
 55 2 -2 105
 55 1 4 343
 55 1 -1 346
 5 2 2 48
 55 0 -3 8
 55 1 -2 150
 55 4 1 341
 55 2 0 127
 55 1 0 323
 55 1 -3 266
 55 3 1 63
 55 -3 1 32
 55 -4 0 271
 55 3 2 292
 55 1 -4 203
 55 -1 -4 9
 55 2 -1 171
 55 -3 -3 259
 55 -1 -2 159
 5 0 -4 85
 55 2 3 214
 5 3 3 91
 55 -3 0 119
 55 2 -3 263
 "contig-ratio-green-core" 0.7368421052631579
 "contig-ratio-red-core" 0.9333333333333333
 "a-count" 9
 "b-count" 5
 "c-color-count" 23
 "c-express-count" 23
 "d-color-count" 19
 "d-express-count" 19
 "cell-count" 56
 15 -2 1 258
 105 1 4 176
 15 -2 -1 129
 105 -1 -4 125
 15 -1 3 332
 105 0 -4 89
 15 2 2 317
 15 3 1 336
 15 2 -2 346
 105 4 0 82
 15 2 1 207
 15 3 -1 173
 15 2 -3 76
 15 4 1 20
 15 -3 -3 182
 15 0 -1 80
 105 1 -4 169
 105 3 2 352
 15 0 -3 209
 15 1 -2 182
 15 3 0 277
 15 -1 -2 22
 15 -2 0 16
 15 0 -2 265
 105 4 -1 299
 105 1 -3 159
 105 3 -3 273
 15 -1 -1 79
 55 0 0 267
 55 0 3 84
 55 1 -1 190
 55 0 1 296
 5 -3 1 301
 55 -4 -1 60
 5 0 4 233
 55 2 0 311
 55 -3 2 139
 55 1 0 279
 55 -1 1 309
 55 2 3 6
 55 0 2 71
 55 -1 -3 306
 5 3 3 235
 55 -2 -2 210
 55 2 -1 183
 5 -1 4 22
 55 -4 0 170
 55 1 1 180
 55 -1 2 220
 5 -2 3 59
 55 1 3 25
 55 -2 2 23
 55 -3 0 299
 55 -3 -2 254
 55 1 2 31
 55 -1 0 170
 "contig-ratio-green-core" 0.7777777777777778
 "contig-ratio-red-core" 0.8571428571428571
 "a-count" 11
 "b-count" 4
 "c-color-count" 24
 "c-express-count" 24
 "d-color-count" 21
 "d-express-count" 17
 "cell-count" 56
 105 0 0 171
 15 -1 -1 131
 105 -2 3 46
 15 -4 1 190
 15 2 3 277
 15 1 3 128
 15 -1 -4 14
 15 1 -1 146
 15 0 -4 308
 15 0 -1 197
 15 2 -1 91
 15 -2 2 354
 15 -3 -3 317
 15 -1 0 149
 15 2 1 351
 15 1 2 185
 15 2 0 11
 105 3 0 239
 105 3 -2 197
 15 0 3 73
 15 0 2 239
 105 2 -3 114
 15 1 1 121
 15 -1 1 187
 15 1 0 150
 105 3 -3 64
 105 -3 2 72
 15 -4 -2 243
 55 -2 0 353
 55 3 1 50
 55 -2 -1 351
 5 -3 1 132
 5 1 4 18
 5 -2 -3 182
 55 1 -2 159
 55 -4 -1 213
 55 -1 2 242
 55 4 1 312
 55 -2 -2 163
 55 2 -2 88
 55 0 -3 135
 55 3 2 350
 55 -1 -3 62
 55 1 -3 8
 55 -3 0 9
 55 4 -1 76
 55 -1 3 74
 5 2 2 244
 55 0 -2 207
 55 0 4 140
 55 4 0 283
 55 -4 0 26
 55 -3 -2 144
 55 -2 1 53
 55 -3 -1 113
 55 1 -4 175
 "contig-ratio-green-core" 0.7
 "contig-ratio-red-core" 0.8125
