 "a-count" 9
 "b-count" 4
 "c-color-count" 24
 "c-express-count" 24
 "d-color-count" 22
 "d-express-count" 19
 "cell-count" 56
 15 4 -1 156
 15 -2 0 164
 105 -2 2 283
 15 0 4 181
 15 4 0 236
 15 0 1 242
 15 -2 4 336
 15 -3 -1 24
 15 -1 0 159
 105 -1 3 167
 15 -2 1 3
 15 0 -1 199
 15 0 2 13
 105 -2 3 79
 15 -1 -3 166
 15 1 4 1
 15 -1 2 213
 15 2 -1 241
 105 2 -2 239
 15 0 -4 32
 15 -1 4 296
 15 0 0 32
 15 -2 -1 30
 15 -1 -2 57
 15 1 -4 352
 105 -4 -1 343
 15 -3 2 83
 105 1 -1 109
 55 1 1 138
 55 1 0 119
 55 0 -2 133
 55 3 0 161
 55 1 -3 49
 55 -3 0 114
 55 -4 1 40
 55 4 1 140
 5 3 -3 329
 55 3 -1 281
 55 1 3 104
 5 -3 -2 302
 55 -3 1 310
 5 3 -2 302
 55 2 0 27
 55 2 1 265
 55 2 3 324
 55 1 -2 92
 5 3 2 322
 55 3 3 194
 55 1 2 21
 55 -4 0 45
 55 -1 -4 304
 55 -2 -3 43
 55 2 2 7
 55 3 1 249
 55 2 4 226
 55 -2 -2 292
 "contig-ratio-green-core" 0.8333333333333334
 "contig-ratio-red-core" 0.8823529411764706
 "a-count" 6
 "b-count" 4
 "c-color-count" 24
 "c-express-count" 24
 "d-color-count" 24
 "d-express-count" 22
 "cell-count" 56
 15 3 1 129
 15 -2 -2 104
 15 1 -2 263
 15 1 3 187
 15 1 2 334
 15 1 -1 199
 15 2 1 212
 15 0 -1 312
 15 2 3 2
 15 -3 -1 59
 15 1 -3 359
 15 4 0 302
 105 -1 4 119
 15 -1 -1 356
 15 -2 -1 279
 15 -2 2 195
 15 1 -4 6
 105 0 -3 214
 105 -3 2 121
 15 2 2 129
 15 -1 0 109
 15 -2 1 235
 15 4 -1 299
 15 -3 0 79
 15 0 -2 319
 15 -3 1 182
 15 -2 0 247
 105 -2 -3 264
 5 -4 -1 9
 55 -1 2 35
 55 -1 1 277
 55 2 -3 334
 55 1 0 280
 55 1 1 161
 55 3 0 338
 55 3 2 207
 5 3 3 32
 55 0 -4 299
 55 -2 3 337
 55 -4 1 211
 55 -1 -4 90
 55 2 -1 54
 55 3 -1 292
 55 2 -2 12
 55 3 -2 122
 5 -3 3 67
 55 0 2 40
 55 -1 3 62
 5 3 -3 38
 55 4 1 296
 55 0 1 6
 55 -4 -2 243
 55 -4 0 307
 55 2 0 352
 55 0 3 84
 55 -3 -2 176
 "contig-ratio-green-core" 0.8095238095238095
 "contig-ratio-red-core" 0.9047619047619048
 "a-count" 6
 "b-count" 4
 "c-color-count" 24
 "c-express-count" 24
 "d-color-count" 24
 "d-express-count" 22
 "cell-count" 56
 15 -1 2 25
 15 -1 1 217
 15 -2 1 269
 15 3 0 8
 15 0 0 187
 15 2 0 171
 15 -4 0 102
 105 0 2 288
 15 0 -4 144
 15 1 2 145
 15 -3 -3 309
 15 -4 1 14
 15 1 -4 57
 15 0 3 92
 105 0 4 67
 15 2 1 138
 15 3 -3 113
 15 -3 1 38
 15 1 0 145
 105 -3 3 34
 15 -2 -3 344
 15 -1 3 63
 15 1 3 33
 105 1 1 301
 15 -4 -1 30
 15 2 2 224
 15 3 -1 201
 15 0 1 182
 55 4 1 24
 55 0 -1 247
 5 -3 2 16
 5 -3 -2 246
 55 3 2 263
 55 3 3 160
 55 -2 0 153
 55 -1 -1 199
 55 0 -3 30
 55 2 -3 55
 55 2 -1 110
 55 -1 -3 238
 55 -2 3 17
 55 0 -2 270
 55 -1 -2 344
 55 2 -2 340
 55 -3 -1 192
 55 -1 -4 280
 55 4 0 163
 55 2 3 179
 55 -1 0 308
 55 1 -1 224
 55 1 -3 193
 55 -2 -1 159
 5 -2 2 303
 55 3 1 14
 5 1 -2 91
 55 3 -2 86
 "contig-ratio-green-core" 0.8
 "contig-ratio-red-core" 0.8823529411764706
