 "a-count" 7
 "b-count" 3
 "c-color-count" 25
 "c-express-count" 25
 "d-color-count" 23
 "d-express-count" 21
 "cell-count" 56
 15 4 1 259
 15 0 2 312
 15 3 -1 49
 15 1 -3 110
 15 -1 2 285
 15 -2 -2 358
 15 -2 1 341
 15 -2 2 334
 15 3 0 36
 15 -1 -3 246
 15 1 2 100
 15 0 3 309
 15 3 1 10
 15 -1 1 176
 15 -3 -2 275
 105 4 -1 109
 15 -4 1 48
 15 0 -4 274
 15 0 -3 91
 105 1 3 47
 15 -3 1 37
 15 -1 4 297
 15 -1 -2 178
 105 2 -3 197
 105 -3 3 278
 15 -1 3 42
 105 3 -3 218
 15 3 -2 31
 55 0 1 306
 55 -2 3 224
 55 1 1 27
 55 2 0 282
 55 2 2 130
 5 -3 2 158
 55 -3 -1 214
 55 1 0 280
 55 -2 -1 69
 55 3 2 3
 55 1 -2 288
 55 2 1 121
 55 -3 0 41
 55 2 -1 15
 55 3 3 42
 55 0 0 15
 55 -1 -1 117
 55 -2 0 198
 5 -4 -1 35
 55 -4 0 248
 55 2 -2 359
 55 0 -1 93
 55 0 -2 301
 55 1 -1 110
 55 -1 0 144
 55 -1 -4 210
 55 2 3 95
 5 4 0 330
 "contig-ratio-green-core" 0.7894736842105263
 "contig-ratio-red-core" 0.8235294117647058
 "a-count" 7
 "b-count" 4
 "c-color-count" 24
 "c-express-count" 24
 "d-color-count" 22
 "d-express-count" 21
 "cell-count" 56
 15 0 3 243
 15 2 -1 299
 105 -1 4 17
 15 -1 -3 21
 15 3 -1 322
 105 0 4 190
 15 -3 2 32
 15 1 -2 252
 15 1 3 219
 105 -1 -4 146
 15 4 1 118
 15 -1 3 59
 15 -1 -2 33
 15 -2 2 2
 15 2 1 236
 15 3 1 275
 15 -3 1 98
 105 1 -3 268
 15 -2 -3 39
 15 3 -2 169
 15 2 0 296
 105 0 -3 114
 15 2 2 290
 15 -4 -1 116
 105 3 -3 235
 15 0 -4 307
 15 3 0 238
 15 2 3 36
 55 -1 0 201
 55 -1 1 357
 55 0 2 277
 55 -4 0 202
 55 3 3 246
 55 1 4 240
 55 2 -2 164
 55 -2 0 278
 55 1 -1 260
 55 -1 2 41
 5 -3 -3 160
 55 -3 0 162
 55 1 1 234
 5 -3 3 9
 55 -2 -2 201
 55 4 0 310
 55 0 0 352
 55 -2 1 267
 5 -3 -1 321
 55 -2 -1 157
 55 0 1 63
 55 1 -4 39
 5 -4 1 350
 55 4 -1 127
 55 1 0 189
 55 -1 -1 132
 55 1 2 316
 55 0 -1 257
 "contig-ratio-green-core" 1.1428571428571428
 "contig-ratio-red-core" 0.8235294117647058
 "a-count" 12
 "b-count" 1
 "c-color-count" 27
 "c-express-count" 27
 "d-color-count" 17
 "d-express-count" 16
 "cell-count" 56
 15 -1 4 224
 105 3 2 118
 15 -1 2 212
 105 -4 1 238
 105 -3 -2 127
 105 2 3 132
 15 3 -1 5
 105 -3 -1 64
 15 1 -2 152
 15 -1 -3 147
 105 -1 -4 312
 15 -1 3 148
 15 -1 1 118
 105 -4 -1 296
 15 1 -4 160
 15 -2 1 0
 105 0 -3 123
 15 -2 0 72
 15 -3 0 302
 15 -2 -2 153
 105 -3 3 221
 15 -4 0 170
 15 -2 -1 174
 15 4 1 10
 15 1 -3 26
 15 2 -3 93
 105 3 -3 211
 105 -3 2 96
 5 3 -2 348
 55 0 -1 265
 55 4 0 7
 55 1 3 257
 55 2 -1 38
 55 -1 -2 242
 55 0 2 252
 55 -3 -3 255
 55 1 0 350
 55 0 3 67
 55 0 -2 351
 55 2 2 74
 55 -2 2 300
 55 -1 0 242
 55 -1 -1 261
 55 2 0 185
 55 3 1 209
 55 1 1 264
 55 0 0 62
 55 -2 -3 340
 55 1 -1 278
 55 0 4 120
 55 2 1 336
 55 1 2 310
 55 3 3 154
 55 2 -2 163
 55 3 0 114
 55 1 4 86
 "contig-ratio-green-core" 0.6
 "contig-ratio-red-core" 0.8181818181818182
 "a-count" 7
 "b-count" 3
 "c-color-count" 25
 "c-express-count" 25
 "d-color-count" 21
 "d-express-count" 21
 "cell-count" 56
 15 -4 1 71
 15 -1 0 86
 105 -3 -1 216
 15 0 -1 117
 15 0 1 150
 15 -2 1 113
 15 0 0 234
 105 4 1 69
 105 -3 0 167
 15 -4 0 36
 15 -1 1 57
 15 -3 2 107
 15 -2 -1 232
 105 -2 -3 295
 105 -3 -2 356
 105 -3 -3 20
 15 -2 0 105
 15 -1 -3 131
 15 3 2 143
 15 3 1 124
 105 -2 -2 208
 15 -2 3 115
 15 -1 -1 35
 15 -3 1 150
 15 -1 -2 255
 15 3 -3 29
 15 -2 2 71
 15 1 -4 221
 55 -5 1 10
 55 2 1 353
 5 -3 3 111
 55 0 3 82
 55 2 0 111
 5 -1 2 137
 55 2 2 210
 5 0 -3 207
 55 2 -1 301
 55 1 3 319
 55 1 -1 313
 55 0 -4 184
 55 1 2 186
 55 3 -2 54
 55 -1 -4 29
 55 0 -2 255
 55 -1 3 8
 55 3 0 291
 55 2 3 147
 55 1 0 13
 55 1 4 88
 55 3 -1 28
 55 1 -2 2
 55 4 -1 344
 55 4 0 90
 55 1 1 99
 55 2 -2 52
 55 0 4 159
 "contig-ratio-green-core" 0.5
 "contig-ratio-red-core" 0.7692307692307693
