 "a-count" 8
 "b-count" 1
 "c-color-count" 27
 "c-express-count" 27
 "d-color-count" 22
 "d-express-count" 20
 "cell-count" 56
 15 0 -3 62
 15 2 2 267
 15 -1 4 277
 15 -3 1 296
 15 1 1 276
 15 3 1 98
 15 -4 1 359
 15 1 3 343
 15 1 -3 28
 105 -2 -3 235
 15 -3 -3 316
 15 0 4 224
 15 -2 0 162
 105 0 -4 345
 15 1 2 251
 15 2 0 285
 15 -4 0 100
 15 -3 -1 84
 15 3 -1 98
 105 2 1 352
 15 -2 1 54
 105 3 -2 310
 15 -1 3 268
 15 3 2 78
 15 0 3 258
 105 -4 -1 42
 105 3 0 80
 15 2 -1 133
 55 2 -2 108
 55 -1 -3 74
 55 -3 2 34
 55 3 -3 277
 55 -3 -2 344
 5 -3 3 16
 55 1 0 4
 55 -1 -1 31
 55 2 4 296
 55 -2 -2 90
 55 -1 -2 289
 55 -1 0 223
 55 -1 2 308
 55 0 0 54
 55 -2 2 346
 55 -2 -1 330
 55 0 2 179
 55 2 -3 8
 55 -1 1 130
 55 1 -1 90
 55 2 3 102
 55 3 3 301
 55 0 -1 59
 55 4 1 300
 55 1 -2 162
 55 -2 3 354
 55 1 4 249
 55 0 -2 332
 "contig-ratio-green-core" 0.7727272727272727
 "contig-ratio-red-core" 0.95
 "a-count" 10
 "b-count" 6
 "c-color-count" 22
 "c-express-count" 22
 "d-color-count" 19
 "d-express-count" 18
 "cell-count" 56
 105 -1 -4 208
 15 -1 0 219
 105 0 4 313
 15 -1 1 273
 15 4 0 157
 15 -2 -2 140
 15 -2 -1 173
 15 1 1 352
 15 1 2 39
 105 3 2 154
 105 3 -3 74
 15 1 -3 298
 15 0 0 106
 15 2 3 307
 105 2 2 239
 15 -2 1 212
 15 0 2 114
 15 -2 3 218
 15 -1 2 276
 15 -3 0 29
 105 -3 -2 37
 105 -2 2 289
 105 1 4 133
 15 2 1 58
 15 0 1 93
 15 4 -1 52
 105 4 1 206
 15 3 1 51
 5 -1 4 27
 55 3 3 283
 55 -2 -3 320
 55 0 3 130
 55 3 0 161
 55 -1 -2 212
 55 -3 2 242
 5 0 -4 180
 5 -3 -3 212
 5 1 -4 331
 55 1 0 224
 55 2 -2 59
 55 0 -1 127
 55 -1 -3 46
 55 0 -2 72
 55 -1 -1 201
 55 1 3 4
 55 3 -1 126
 5 -4 1 347
 55 0 -3 189
 55 3 -2 159
 55 -1 3 120
 55 2 -1 203
 55 1 -1 337
 55 1 -2 103
 5 -4 -1 282
 55 2 0 211
 55 -3 1 14
 "contig-ratio-green-core" 1
 "contig-ratio-red-core" 0.9285714285714286
 "a-count" 5
 "b-count" 8
 "c-color-count" 21
 "c-express-count" 20
 "d-color-count" 23
 "d-express-count" 23
 "cell-count" 56
 15 2 2 335
 15 0 1 143
 15 0 -1 16
 105 0 -4 106
 15 -4 0 321
 15 -1 3 269
 15 -3 -3 44
 15 1 -1 188
 105 3 -3 315
 15 1 1 180
 15 1 3 257
 15 1 2 162
 105 -1 -4 121
 15 1 0 139
 15 1 -2 1
 15 2 1 258
 15 2 3 139
 15 3 1 300
 15 2 0 332
 15 -2 3 199
 15 2 -1 218
 15 0 2 207
 105 -4 -1 64
 15 -2 2 325
 15 -4 1 201
 105 4 -1 213
 15 0 0 44
 15 0 -2 164
 55 -1 -1 123
 55 0 4 18
 55 3 -2 111
 55 3 2 272
 55 -2 1 129
 5 -1 4 338
 55 -2 -1 92
 55 1 -3 13
 5 2 -3 4
 55 -3 -1 235
 55 -3 3 184
 55 -1 1 248
 55 -3 0 59
 55 -1 0 344
 55 3 -1 161
 5 3 0 164
 55 -3 1 334
 55 4 0 328
 5 -2 -2 300
 55 -2 0 3
 55 1 -4 155
 55 1 4 211
 5 3 3 319
 55 -3 -2 246
 5 -1 2 82
 5 -1 -2 104
 55 2 4 62
 55 4 1 179
 "contig-ratio-green-core" 0.7333333333333333
 "contig-ratio-red-core" 0.75
 "a-count" 7
 "b-count" 4
 "c-color-count" 24
 "c-express-count" 24
 "d-color-count" 21
 "d-express-count" 21
 "cell-count" 56
 15 -1 -2 97
 105 3 3 141
 15 3 1 254
 15 -2 2 27
 15 1 -2 174
 15 0 -3 136
 15 -4 1 202
 15 2 -1 202
 105 -2 -2 85
 105 3 -3 13
 15 0 -1 65
 15 -2 1 346
 15 2 0 122
 15 -1 -1 220
 105 1 2 249
 15 0 -4 50
 105 1 -3 253
 15 4 1 31
 15 3 -1 94
 105 2 -3 78
 15 -2 -1 241
 15 2 -2 265
 15 -3 0 346
 15 -2 0 54
 105 -3 2 333
 15 3 0 44
 15 0 -2 92
 15 1 -1 13
 5 2 2 36
 55 -4 -1 166
 55 0 3 75
 55 2 1 88
 55 0 4 236
 55 4 0 251
 55 1 0 334
 55 0 0 188
 55 0 1 341
 55 -1 2 78
 55 1 4 205
 55 -3 -2 16
 55 -2 3 117
 55 1 1 239
 5 -1 -4 187
 55 -3 3 273
 55 3 2 155
 55 1 3 25
 55 -3 -1 75
 55 -4 0 222
 55 4 -1 207
 55 -1 3 342
 55 1 -4 127
 55 0 2 159
 5 -3 -3 196
 5 -1 -3 60
 55 -1 1 331
 55 3 -2 240
 "contig-ratio-green-core" 0.6666666666666666
 "contig-ratio-red-core" 0.75
