 "a-count" 7
 "b-count" 2
 "c-color-count" 26
 "c-express-count" 26
 "d-color-count" 21
 "d-express-count" 21
 "cell-count" 56
 15 0 2 119
 15 1 -3 113
 15 -1 2 217
 105 4 -1 247
 15 -1 -3 224
 15 -1 -2 38
 15 -1 4 202
 105 2 -3 18
 15 -2 3 351
 105 2 3 119
 15 0 4 119
 15 1 -2 158
 15 2 2 4
 15 3 0 32
 15 -3 -1 73
 105 4 1 227
 15 1 3 127
 15 0 3 295
 15 2 -2 222
 105 -4 -1 214
 15 3 1 34
 15 1 -4 225
 15 0 -2 11
 105 3 -3 170
 15 -1 3 253
 15 1 2 311
 15 -2 2 132
 105 -2 -3 192
 55 2 0 213
 55 0 0 189
 55 -1 0 47
 55 -1 1 47
 55 -1 -1 53
 55 -2 0 27
 55 -4 0 43
 55 3 3 236
 55 1 -1 320
 55 0 1 17
 55 -2 1 14
 55 2 1 59
 55 0 -4 80
 5 -3 -2 224
 55 -2 -1 336
 55 1 1 90
 55 -3 1 299
 55 1 0 266
 55 0 -1 238
 55 1 4 311
 55 -3 0 354
 55 4 0 166
 5 -3 3 206
 55 -3 2 60
 55 3 -2 251
 55 -2 -2 153
 55 -1 -4 42
 55 3 2 42
 "contig-ratio-green-core" 0.7222222222222222
 "contig-ratio-red-core" 1
 "a-count" 9
 "b-count" 9
 "c-color-count" 21
 "c-express-count" 19
 "d-color-count" 21
 "d-express-count" 19
 "cell-count" 56
 15 -1 4 297
 15 1 1 160
 15 1 2 163
 15 0 -1 339
 105 4 -1 51
 15 -1 -2 165
 15 -1 -3 222
 15 0 4 168
 15 1 4 286
 105 1 -2 211
 15 1 0 188
 105 4 1 345
 15 -2 3 171
 15 -4 0 77
 15 3 1 46
 15 -2 1 254
 15 3 -1 93
 15 0 -3 44
 15 2 1 125
 105 3 3 62
 105 3 -2 344
 15 2 0 347
 105 0 -2 312
 105 2 -3 83
 15 3 0 328
 15 2 2 203
 15 -1 -1 120
 15 -2 -2 77
 55 4 0 287
 5 1 -1 239
 5 -2 -3 80
 55 -2 0 64
 55 -3 2 275
 55 -3 -1 170
 5 -3 3 228
 55 -2 2 181
 55 -3 -3 152
 55 -1 0 149
 55 1 -3 35
 55 0 -4 238
 55 -3 0 215
 55 -1 1 184
 55 0 3 346
 55 -1 3 223
 5 2 -2 55
 5 -1 -4 301
 55 0 0 6
 55 1 -4 303
 55 2 3 274
 55 0 1 348
 55 0 2 161
 55 1 3 15
 5 -3 1 268
 55 -3 -2 340
 5 2 -1 164
 55 -1 2 273
 "contig-ratio-green-core" 0.9230769230769231
 "contig-ratio-red-core" 0.7333333333333333
 "a-count" 8
 "b-count" 6
 "c-color-count" 24
 "c-express-count" 22
 "d-color-count" 23
 "d-express-count" 20
 "cell-count" 56
 15 0 -3 240
 15 3 3 36
 15 -3 -3 326
 15 3 0 252
 105 1 -3 355
 15 -3 -1 132
 15 -4 -1 19
 15 0 -2 31
 15 -3 1 264
 15 -2 1 344
 15 0 2 4
 15 -1 -3 95
 15 -1 2 226
 15 -1 3 188
 105 3 -3 308
 15 -3 0 54
 15 -1 4 149
 15 3 -1 195
 15 1 -2 244
 15 4 1 288
 105 1 -4 263
 105 -2 -2 155
 15 0 1 94
 15 -2 -1 93
 15 -3 2 250
 15 -1 1 127
 15 3 1 164
 105 2 -3 208
 55 -4 1 282
 5 2 -2 265
 55 1 2 280
 55 1 -1 321
 55 -4 0 91
 55 -3 -2 324
 55 -1 -4 249
 5 -2 2 337
 55 -2 -3 289
 55 -3 3 302
 55 2 2 148
 55 2 3 108
 5 4 0 315
 55 2 -1 106
 55 1 0 145
 55 0 4 178
 55 3 2 128
 55 0 0 119
 55 -1 -1 22
 55 0 -1 151
 55 2 0 34
 55 1 4 252
 55 -1 0 229
 55 2 1 87
 55 -2 3 28
 55 -1 -2 209
 55 1 1 32
 5 4 -1 150
 "contig-ratio-green-core" 0.8947368421052632
 "contig-ratio-red-core" 1.0588235294117647
 "a-count" 10
 "b-count" 7
 "c-color-count" 21
 "c-express-count" 21
 "d-color-count" 19
 "d-express-count" 18
 "cell-count" 56
 15 -2 4 297
 15 -1 1 332
 105 -3 3 192
 15 3 0 205
 105 3 -2 125
 15 0 4 289
 15 -2 -2 169
 15 -2 1 252
 15 0 -2 227
 15 3 3 5
 105 -3 0 312
 15 1 -3 338
 15 -1 -2 72
 15 2 2 179
 15 2 1 345
 15 -3 -2 149
 15 -3 1 208
 105 -1 4 16
 105 -4 1 330
 105 -4 -1 245
 15 -3 2 159
 105 -3 -1 40
 15 -2 -1 69
 15 4 -1 80
 15 4 0 147
 105 -3 -3 224
 105 -4 0 202
 15 -2 -3 311
 55 -1 -3 232
 55 2 -1 132
 55 0 2 33
 55 0 0 65
 55 -2 -4 102
 5 2 -3 123
 55 -1 -1 89
 55 -2 2 121
 5 1 -4 337
 5 2 -2 131
 55 -1 3 51
 5 1 -2 302
 55 2 0 31
 55 2 3 102
 5 -1 -4 334
 55 1 4 49
 55 1 2 305
 55 0 3 209
 55 0 1 129
 55 -2 3 277
 55 0 -4 173
 5 4 1 192
 55 1 3 51
 5 3 1 222
 55 0 -1 293
 55 1 1 163
 55 1 0 146
 55 -1 0 349
 "contig-ratio-green-core" 0.8125
 "contig-ratio-red-core" 1.0833333333333333
