 "a-count" 4
 "b-count" 5
 "c-color-count" 23
 "c-express-count" 23
 "d-color-count" 26
 "d-express-count" 24
 "cell-count" 56
 15 0 3 204
 15 1 2 280
 15 4 1 289
 105 3 3 355
 15 -3 2 202
 15 -4 0 13
 15 0 4 113
 15 2 -2 12
 15 0 -2 43
 15 -1 2 216
 15 2 2 118
 15 3 1 135
 15 -2 2 232
 15 -1 4 249
 15 -3 1 91
 15 -2 3 200
 15 2 3 330
 15 -2 -3 246
 15 -1 -3 273
 15 -1 -2 254
 105 -4 1 328
 15 -3 0 203
 15 1 -2 176
 15 1 3 145
 15 -1 -4 294
 15 -3 -3 294
 15 1 4 285
 15 2 -3 194
 55 0 -1 135
 5 0 -3 319
 55 3 0 46
 55 3 -2 316
 55 -1 1 84
 55 2 -1 293
 55 -3 3 15
 55 2 0 352
 55 -2 0 88
 55 1 -4 7
 55 3 -1 291
 55 -1 0 197
 55 0 0 155
 55 -1 -1 269
 5 3 -3 348
 55 -2 1 177
 55 1 0 295
 5 3 2 153
 55 0 2 318
 5 -4 -1 228
 55 1 -1 165
 55 2 1 356
 55 1 1 190
 55 -2 -1 351
 55 1 -3 265
 55 0 -4 299
 5 -1 3 160
 55 0 1 72
 "contig-ratio-green-core" 0.875
 "contig-ratio-red-core" 0.5909090909090909
 "a-count" 6
 "b-count" 1
 "c-color-count" 27
 "c-express-count" 27
 "d-color-count" 22
 "d-express-count" 22
 "cell-count" 56
 15 2 0 22
 15 1 0 60
 15 2 1 286
 15 -2 1 322
 15 1 -1 166
 15 2 -1 153
 15 -1 -3 27
 105 1 4 124
 105 -2 2 192
 15 1 -4 210
 15 -2 -2 21
 105 2 -3 307
 15 -3 -2 26
 105 -1 3 97
 15 2 2 298
 105 -3 2 250
 15 -3 3 108
 15 1 -3 35
 15 -1 2 194
 15 3 -3 76
 105 3 0 346
 15 -2 3 315
 15 -3 -3 191
 15 3 -2 232
 15 3 2 192
 15 -3 1 0
 15 -1 -4 264
 15 0 -4 104
 55 1 -2 208
 55 0 1 176
 55 4 1 296
 55 0 -3 187
 55 0 0 173
 55 0 -2 122
 55 0 2 73
 55 -1 4 158
 55 0 4 149
 55 -2 0 188
 55 -3 0 241
 55 2 3 105
 55 0 -1 283
 5 -1 -2 160
 55 1 2 118
 55 3 -1 340
 55 -4 0 151
 55 4 0 259
 55 -4 1 267
 55 -4 -1 4
 55 0 3 292
 55 1 3 97
 55 -1 0 138
 55 -3 -1 74
 55 -1 -1 162
 55 4 -1 222
 55 -2 -1 324
 55 1 1 308
 "contig-ratio-green-core" 0.5833333333333334
 "contig-ratio-red-core" 0.7368421052631579
 "a-count" 6
 "b-count" 2
 "c-color-count" 26
 "c-express-count" 26
 "d-color-count" 24
 "d-express-count" 22
 "cell-count" 56
 105 -2 -1 247
 15 3 3 59
 15 3 -1 25
 15 4 1 81
 15 0 -4 97
 105 -2 -2 314
 15 3 -2 95
 15 4 -1 294
 15 -3 2 347
 15 2 -3 280
 15 -1 -3 100
 15 -3 3 95
 15 1 4 132
 15 4 0 172
 15 -4 -1 262
 15 -3 -2 276
 15 1 2 0
 15 3 -3 132
 15 2 -1 15
 15 -2 -3 72
 15 2 3 108
 15 1 -4 64
 15 3 1 146
 105 -4 1 143
 105 -1 -4 333
 15 -3 0 159
 15 1 -3 288
 15 -1 4 213
 55 1 -2 232
 55 -2 0 307
 55 -3 -3 284
 55 -1 -2 30
 55 2 2 337
 55 -2 3 297
 5 -3 -1 91
 55 3 2 5
 55 0 0 251
 5 2 1 52
 55 0 3 40
 55 -2 1 349
 55 -1 1 346
 55 0 -2 192
 55 -1 3 110
 55 0 2 162
 55 1 3 29
 55 0 4 229
 55 0 1 305
 55 1 -1 120
 55 -3 1 287
 55 1 1 174
 55 -1 -1 205
 55 0 -3 357
 55 1 0 345
 55 -1 0 302
 55 -1 2 173
 55 0 -1 245
 "contig-ratio-green-core" 0.7222222222222222
 "contig-ratio-red-core" 0.6666666666666666
 "a-count" 4
 "b-count" 7
 "c-color-count" 21
 "c-express-count" 21
 "d-color-count" 24
 "d-express-count" 24
 "cell-count" 56
 105 1 -4 48
 15 -4 0 33
 15 -3 1 333
 15 -1 4 318
 15 3 -2 71
 15 3 2 306
 15 -3 -2 223
 15 0 -3 230
 15 -4 1 218
 15 -2 3 59
 15 -1 3 185
 15 4 0 92
 15 -3 -1 327
 15 -2 -3 3
 15 -1 -4 57
 15 3 -1 83
 105 -2 -2 207
 15 2 -2 70
 15 -1 2 346
 15 3 1 36
 15 0 -4 16
 15 1 4 301
 105 2 3 199
 15 -2 2 5
 15 0 -2 199
 105 2 -1 52
 15 -4 -1 225
 15 1 -3 12
 5 0 4 88
 55 -1 0 142
 55 3 0 100
 5 3 3 120
 55 2 1 271
 55 -2 1 322
 55 1 3 100
 55 0 2 276
 55 1 0 155
 55 2 0 295
 55 0 0 269
 55 1 1 274
 55 1 -2 263
 55 -3 0 341
 55 0 3 215
 5 0 -1 296
 55 -2 0 203
 55 -1 1 343
 5 -3 2 303
 5 3 -3 227
 55 0 1 329
 55 1 2 70
 5 4 1 21
 55 2 2 42
 55 -2 -1 105
 5 1 -1 154
 55 -1 -2 0
 55 -1 -1 188
 "contig-ratio-green-core" 1.0769230769230769
 "contig-ratio-red-core" 0.5238095238095238
