 "a-count" 4
 "b-count" 3
 "c-color-count" 25
 "c-express-count" 25
 "d-color-count" 26
 "d-express-count" 24
 "cell-count" 56
 15 -1 0 98
 15 3 -1 138
 105 -3 -1 53
 15 3 1 293
 15 -2 -2 302
 15 2 -1 271
 105 1 -4 178
 15 2 0 343
 15 -3 0 286
 15 -3 1 213
 15 4 0 310
 15 0 -4 80
 15 2 -2 120
 15 2 -3 98
 15 -4 -1 68
 15 2 2 204
 15 3 2 332
 15 4 1 337
 15 4 -1 341
 15 -2 3 113
 15 0 -3 42
 15 -3 -3 188
 15 -1 -4 226
 15 -3 -2 89
 15 3 3 161
 15 3 -3 219
 15 1 4 208
 15 -3 3 75
 55 3 -2 155
 55 1 1 262
 55 -2 0 258
 55 -1 -3 39
 5 -1 4 38
 55 1 0 8
 55 0 2 232
 55 0 4 176
 55 0 1 157
 55 3 0 260
 55 -2 1 106
 55 0 0 285
 5 1 -3 264
 55 2 1 234
 55 1 2 41
 55 -1 3 111
 55 -1 -2 350
 55 0 -2 20
 55 0 3 348
 55 -4 1 50
 5 -1 1 72
 55 0 -1 94
 55 2 3 210
 55 -2 -1 263
 55 1 -1 31
 55 1 3 110
 55 -2 2 326
 55 -1 2 152
 "contig-ratio-green-core" 0.75
 "contig-ratio-red-core" 0.75
 "a-count" 8
 "b-count" 5
 "c-color-count" 26
 "c-express-count" 23
 "d-color-count" 23
 "d-express-count" 20
 "cell-count" 56
 15 2 -3 37
 15 -2 2 288
 15 -1 -4 182
 15 0 -4 200
 15 -3 1 309
 15 -3 -1 264
 15 3 3 183
 105 2 0 238
 15 1 -3 13
 15 -3 0 274
 15 1 3 263
 105 3 -3 180
 15 3 0 240
 15 2 1 8
 15 1 -2 305
 105 -3 2 309
 15 1 -1 9
 105 2 -1 281
 15 1 -4 84
 105 2 -2 81
 15 3 1 161
 15 4 -1 295
 15 4 0 357
 15 0 4 6
 15 -4 0 202
 15 1 4 323
 15 -3 -3 209
 15 -2 -3 290
 55 2 2 208
 55 0 -2 86
 55 -2 0 248
 55 3 2 144
 55 -1 -2 34
 55 -2 1 291
 55 -3 3 339
 55 -2 -1 90
 55 -1 3 299
 55 0 1 125
 55 1 2 205
 55 3 -2 233
 55 -1 0 97
 55 1 1 291
 5 -1 4 65
 55 1 0 204
 55 0 2 60
 55 -1 2 79
 55 0 -1 289
 55 -1 -1 12
 55 2 3 25
 55 0 -3 18
 55 -1 1 25
 55 -2 -2 117
 55 -2 3 172
 55 0 0 157
 5 0 3 117
 55 -1 -3 231
 "contig-ratio-green-core" 0.875
 "contig-ratio-red-core" 0.8
 "a-count" 5
 "b-count" 6
 "c-color-count" 22
 "c-express-count" 22
 "d-color-count" 25
 "d-express-count" 23
 "cell-count" 56
 15 -4 -1 2
 15 -2 3 282
 105 4 -1 100
 15 -4 1 2
 15 4 1 152
 15 -3 -3 58
 105 1 -4 353
 15 0 4 247
 15 3 -3 41
 15 3 3 357
 15 -1 4 183
 15 -1 2 302
 105 -1 -4 33
 15 2 -1 147
 15 -3 3 127
 15 1 0 312
 15 3 0 82
 15 2 -2 212
 15 -3 -1 354
 15 -3 2 315
 15 -4 0 172
 15 4 0 186
 15 -1 -3 48
 15 3 -2 272
 15 -3 -2 17
 15 0 -3 57
 15 3 -1 19
 15 0 2 199
 55 -2 -1 352
 55 -2 -3 223
 5 -3 0 79
 55 2 2 172
 55 -1 3 60
 5 1 -2 178
 55 -1 -1 142
 55 3 2 134
 55 2 1 106
 55 1 2 344
 55 -2 0 246
 55 2 -3 166
 55 -1 0 297
 55 2 0 8
 55 3 1 261
 55 0 -4 154
 5 0 1 179
 55 0 -2 0
 55 -1 -2 94
 5 1 4 191
 5 -1 1 33
 5 1 1 83
 55 2 3 304
 55 1 3 153
 55 0 -1 45
 55 1 -3 12
 55 0 0 299
 55 -2 -2 19
 "contig-ratio-green-core" 0.8125
 "contig-ratio-red-core" 0.55
 "a-count" 6
 "b-count" 5
 "c-color-count" 23
 "c-express-count" 23
 "d-color-count" 24
 "d-express-count" 22
 "cell-count" 56
 15 0 1 203
 15 -1 -3 143
 15 2 -1 11
 15 -3 -1 15
 15 -2 2 108
 15 1 -2 181
 15 3 -1 160
 15 2 3 186
 105 -1 1 257
 15 3 3 333
 105 1 -4 29
 15 0 0 80
 15 -4 -1 183
 15 -3 0 263
 15 0 -3 348
 15 1 -3 54
 15 -1 -2 283
 15 2 2 1
 15 -3 -2 103
 15 -2 -2 52
 15 -3 3 203
 15 -1 4 131
 15 -2 3 0
 15 3 1 70
 105 2 -2 18
 15 4 0 99
 15 2 -3 321
 105 -1 0 198
 55 -2 -1 178
 55 0 -1 218
 55 -1 -4 157
 55 1 -1 253
 55 0 -4 137
 55 0 2 270
 55 0 4 61
 55 1 3 329
 55 -2 0 56
 55 1 2 287
 5 2 1 161
 55 4 -1 179
 55 0 -2 77
 5 4 1 49
 5 -3 2 222
 55 -2 1 174
 55 1 0 232
 55 -2 -3 273
 5 -1 3 275
 55 -4 1 78
 55 1 1 92
 55 2 0 32
 55 -1 -1 135
 5 3 -2 137
 55 0 3 177
 55 -1 2 199
 55 3 0 82
 55 -4 0 301
 "contig-ratio-green-core" 1
 "contig-ratio-red-core" 1.0555555555555556
