 "a-count" 5
 "b-count" 4
 "c-color-count" 26
 "c-express-count" 24
 "d-color-count" 26
 "d-express-count" 23
 "cell-count" 56
 15 -3 2 22
 15 -1 4 70
 15 2 0 292
 15 -2 3 25
 15 2 1 355
 15 -3 1 255
 15 -3 -3 104
 15 -1 3 17
 15 -2 2 311
 15 2 -3 73
 105 -4 -1 177
 15 1 2 35
 15 0 2 230
 15 1 -1 45
 15 -2 -3 167
 15 4 1 335
 15 -1 -4 60
 15 3 1 267
 105 3 2 260
 15 4 0 35
 15 1 0 199
 15 0 1 310
 15 0 3 113
 15 -4 1 249
 15 -3 3 17
 15 0 -1 212
 15 2 -1 45
 15 1 -3 24
 55 -2 0 258
 55 1 -2 73
 55 2 -2 11
 55 1 4 137
 55 0 -2 288
 55 -2 1 273
 55 -1 -2 263
 55 0 -3 307
 55 -1 2 119
 55 1 3 339
 55 -3 -1 263
 55 -3 -2 148
 55 -4 0 4
 55 3 -1 316
 55 2 2 225
 5 3 0 101
 55 3 -3 332
 55 0 -4 108
 55 -1 1 284
 55 -1 -1 112
 55 3 3 168
 55 2 3 48
 55 -3 0 65
 55 0 0 289
 5 4 -1 48
 55 -2 -2 222
 55 -1 -3 290
 55 3 -2 350
 "contig-ratio-green-core" 0.8
 "contig-ratio-red-core" 0.72
 "a-count" 6
 "b-count" 2
 "c-color-count" 26
 "c-express-count" 26
 "d-color-count" 23
 "d-express-count" 22
 "cell-count" 56
 15 2 1 209
 15 2 2 6
 105 4 -1 267
 15 -3 1 20
 105 -3 -1 83
 15 1 1 238
 15 -3 -3 66
 15 -1 3 31
 15 1 -2 43
 15 1 4 79
 15 -4 1 258
 15 -3 -2 101
 15 1 3 109
 15 3 -1 129
 15 -2 -1 155
 15 2 3 218
 105 3 3 338
 15 -3 2 18
 15 0 3 136
 15 0 2 279
 15 4 0 289
 15 -2 -2 210
 15 0 4 145
 15 -1 -4 49
 105 1 -3 59
 105 1 2 106
 15 2 -2 180
 15 -3 3 331
 55 3 0 40
 55 -2 1 165
 55 1 -1 110
 55 4 1 122
 55 3 1 324
 5 -4 -1 266
 55 3 -3 293
 55 -2 0 200
 55 2 0 275
 55 -1 0 357
 55 0 1 300
 55 2 -1 34
 55 -3 0 343
 55 0 -2 54
 55 0 -4 202
 55 1 0 225
 55 2 -3 6
 55 -2 3 141
 55 0 -1 12
 5 0 0 279
 55 -2 -3 36
 55 3 2 250
 55 -1 2 289
 55 0 -3 263
 55 -2 2 225
 55 -1 -1 79
 55 -1 -2 214
 55 -1 -3 45
 "contig-ratio-green-core" 0.6666666666666666
 "contig-ratio-red-core" 1
 "a-count" 6
 "b-count" 3
 "c-color-count" 25
 "c-express-count" 25
 "d-color-count" 24
 "d-express-count" 22
 "cell-count" 56
 15 3 0 159
 105 2 2 174
 15 3 3 343
 15 -3 -2 222
 15 1 3 336
 15 -3 2 120
 105 -4 0 356
 15 4 1 153
 15 2 -1 355
 15 1 2 318
 15 1 4 77
 15 2 3 297
 15 -3 -3 329
 15 4 -1 286
 15 -3 3 32
 15 -2 2 163
 15 -4 1 103
 15 -2 3 5
 15 -3 -1 164
 105 3 1 148
 15 3 -2 353
 15 2 -2 307
 105 2 -3 136
 15 -1 -2 38
 15 1 -2 54
 15 1 -3 300
 15 -3 0 93
 15 -2 -1 66
 55 -2 4 109
 55 -1 4 177
 55 -1 1 6
 5 0 -4 185
 55 2 0 77
 55 -1 3 276
 55 -4 -1 140
 55 3 2 196
 55 -1 -3 61
 55 0 -2 29
 55 0 -3 34
 55 1 1 204
 55 2 1 312
 5 -2 -3 10
 55 -1 -4 157
 55 -2 1 210
 55 1 -1 352
 55 3 -1 242
 55 0 0 187
 55 0 3 52
 55 1 0 173
 55 -2 0 324
 55 0 1 29
 55 0 -1 78
 55 0 2 67
 55 0 4 151
 5 -1 0 89
 55 -1 2 207
 "contig-ratio-green-core" 0.7058823529411765
 "contig-ratio-red-core" 0.8
