 "a-count" 0
 "b-count" 20
 "c-color-count" 8
 "c-express-count" 8
 "d-color-count" 28
 "d-express-count" 28
 "cell-count" 56
 15 -2 1 117
 15 1 -2 205
 15 1 3 39
 15 -3 0 231
 15 1 0 85
 15 -3 -1 160
 15 0 2 29
 15 -3 -2 68
 15 0 -1 312
 15 -1 1 125
 15 -3 -3 99
 15 0 1 186
 15 2 1 322
 15 -2 -1 324
 15 3 -1 155
 15 -1 -4 177
 15 3 0 9
 15 0 0 51
 15 2 -1 199
 15 2 -3 120
 15 -1 0 143
 15 1 1 303
 15 2 -2 173
 15 -1 -1 278
 15 1 2 196
 15 2 0 271
 15 -2 0 255
 15 1 -1 127
 5 3 -3 56
 5 -4 0 62
 5 -2 -2 116
 55 -4 -1 295
 5 -1 3 265
 55 -2 -3 225
 55 0 -3 4
 5 3 1 251
 55 -1 -3 343
 5 2 3 83
 5 0 -4 321
 5 4 0 239
 5 3 3 343
 55 1 -3 240
 55 3 2 206
 5 -1 4 187
 5 -1 2 184
 5 -4 1 302
 55 0 -2 156
 5 0 4 147
 5 -1 -2 297
 55 1 -4 332
 5 -2 2 348
 5 4 -1 337
 5 0 3 339
 5 -3 1 298
 5 -3 3 250
 5 -2 3 311
 "contig-ratio-green-core" 1
 "contig-ratio-red-core" 0.23529411764705882
 "a-count" 0
 "b-count" 19
 "c-color-count" 9
 "c-express-count" 9
 "d-color-count" 28
 "d-express-count" 28
 "cell-count" 56
 15 3 2 303
 15 1 2 35
 15 3 0 119
 15 3 1 324
 15 -2 0 117
 15 -1 2 44
 15 -2 -3 65
 15 -2 -2 283
 15 2 2 346
 15 -2 2 255
 15 -1 -3 136
 15 0 1 3
 15 -2 1 144
 15 -2 -1 348
 15 -1 -2 354
 15 -3 -2 230
 15 0 0 255
 15 -1 -1 210
 15 -1 1 125
 15 -3 0 76
 15 1 1 83
 15 4 0 161
 15 -3 -1 65
 15 0 -1 328
 15 -4 0 210
 15 0 2 13
 15 2 1 222
 15 -1 0 277
 5 -1 -4 153
 5 1 -4 200
 5 0 -3 69
 5 0 3 319
 55 0 4 327
 5 -3 1 335
 5 0 -2 196
 5 1 -1 113
 55 -1 3 125
 5 1 3 198
 5 3 -1 199
 5 2 0 137
 55 -2 3 246
 5 2 -1 37
 55 -3 3 43
 55 -1 4 284
 5 3 3 27
 55 3 -2 139
 55 3 -4 85
 5 1 -3 149
 5 2 -3 341
 5 2 -2 226
 5 1 0 206
 55 3 -3 266
 5 -4 1 97
 5 4 -1 25
 5 -4 -1 255
 55 1 4 230
 "contig-ratio-green-core" 0.125
 "contig-ratio-red-core" 0.09523809523809523
 "a-count" 0
 "b-count" 22
 "c-color-count" 6
 "c-express-count" 6
 "d-color-count" 28
 "d-express-count" 28
 "cell-count" 56
 15 -2 2 71
 15 -2 -1 236
 15 -2 1 202
 15 0 0 337
 15 2 2 86
 15 1 0 208
 15 -1 1 245
 15 0 2 218
 15 -1 -1 39
 15 0 -2 335
 15 -1 0 180
 15 0 -4 33
 15 1 -1 43
 15 0 1 31
 15 1 3 43
 15 0 3 176
 15 2 1 228
 15 -3 -1 298
 15 2 -1 259
 15 -2 -2 348
 15 1 1 124
 15 -1 2 123
 15 0 -1 267
 15 -1 -2 32
 15 -2 0 272
 15 0 -3 98
 15 2 0 172
 15 1 2 62
 55 -3 0 69
 5 -2 3 149
 5 1 -4 9
 5 4 1 136
 5 3 0 266
 5 3 1 26
 5 3 -3 12
 5 -1 -3 185
 55 -3 1 150
 55 -1 -4 245
 5 2 -3 284
 5 -4 -1 72
 5 1 4 281
 5 1 -3 159
 55 3 -2 252
 5 4 0 330
 5 3 -1 64
 5 -3 2 201
 5 4 -1 13
 5 -3 3 307
 55 2 -2 122
 5 -2 -3 29
 55 -3 -3 81
 5 3 2 192
 5 -3 -2 216
 5 1 -2 42
 5 -4 1 148
 5 -1 3 162
 "contig-ratio-green-core" 0.8333333333333334
 "contig-ratio-red-core" 0.25
