 "a-count" 0
 "b-count" 0
 "c-color-count" 28
 "c-express-count" 28
 "d-color-count" 28
 "d-express-count" 28
 "cell-count" 56
 15 2 0 356
 15 2 -3 164
 15 3 2 170
 15 -3 3 247
 15 -2 -4 218
 15 -4 1 322
 15 -2 -3 125
 15 -1 -3 223
 15 0 -4 158
 15 -3 1 33
 15 2 -2 266
 15 -1 3 327
 15 3 1 288
 15 2 -1 97
 15 -2 3 248
 15 -3 -2 98
 15 4 0 76
 15 3 0 317
 15 1 -3 128
 15 2 -4 263
 15 -2 -2 268
 15 1 -4 43
 15 3 -1 34
 15 0 -3 99
 15 4 1 211
 15 0 3 42
 15 1 3 62
 15 1 4 119
 55 0 2 19
 55 -2 0 312
 55 0 -2 288
 55 -4 -1 101
 55 0 4 110
 55 -2 1 273
 55 -2 2 196
 55 2 2 141
 55 1 -2 351
 55 0 -1 96
 55 1 0 300
 55 -1 -1 210
 55 2 3 126
 55 -3 0 37
 55 0 1 125
 55 1 2 323
 55 1 1 114
 55 -3 -1 209
 55 0 0 14
 55 -1 -2 54
 55 2 1 22
 55 -1 1 255
 55 1 -1 149
 55 -1 2 330
 55 -1 0 352
 55 3 3 148
 55 -4 0 137
 55 -2 -1 220
 "contig-ratio-green-core" 0.8421052631578947
 "contig-ratio-red-core" 0.7272727272727273
 "a-count" 0
 "b-count" 0
 "c-color-count" 28
 "c-express-count" 28
 "d-color-count" 28
 "d-express-count" 28
 "cell-count" 56
 15 -3 -2 355
 15 4 1 287
 15 2 3 93
 15 4 -2 196
 15 -3 2 306
 15 1 -3 14
 15 2 -2 224
 15 -4 -1 70
 15 -4 3 147
 15 -4 -2 125
 15 -2 3 198
 15 -4 0 75
 15 -3 3 166
 15 -3 4 240
 15 -2 2 159
 15 1 -4 151
 15 2 -3 219
 15 -2 -3 5
 15 -3 1 264
 15 2 2 61
 15 2 -4 148
 15 -2 -4 158
 15 -1 -4 167
 15 0 -4 189
 15 3 -2 229
 15 4 2 136
 15 -4 1 294
 15 3 2 49
 55 0 3 356
 55 3 0 80
 55 1 1 152
 55 -2 -1 17
 55 -1 -3 256
 55 1 0 203
 55 2 1 303
 55 -2 1 17
 55 -2 -2 113
 55 -1 -2 347
 55 -3 -1 15
 55 2 0 265
 55 3 -1 230
 55 0 0 6
 55 -1 2 109
 55 1 2 285
 55 3 1 250
 55 -1 1 163
 55 0 1 178
 55 -3 0 145
 55 1 -1 120
 55 0 -2 355
 55 0 -1 161
 55 -1 -1 86
 55 -2 0 339
 55 4 0 188
 55 0 2 113
 55 -1 0 351
 "contig-ratio-green-core" 0.7333333333333333
 "contig-ratio-red-core" 0.47619047619047616
 "a-count" 0
 "b-count" 0
 "c-color-count" 28
 "c-express-count" 28
 "d-color-count" 28
 "d-express-count" 28
 "cell-count" 56
 15 -2 2 352
 15 -2 -2 7
 15 -2 3 295
 15 -3 -1 301
 15 1 4 194
 15 -1 3 177
 15 1 3 46
 15 -2 -3 266
 15 -3 -2 167
 15 -3 3 305
 15 -1 2 198
 15 2 -1 238
 15 2 -2 8
 15 4 1 123
 15 -1 -3 68
 15 -4 -1 170
 15 3 -1 273
 15 3 0 312
 15 -1 -2 140
 15 4 -1 3
 15 0 4 353
 15 2 3 63
 15 -2 -2 294
 15 4 0 35
 15 2 0 249
 15 -1 -2 151
 15 -1 4 335
 15 0 3 240
 55 0 2 306
 55 -1 1 133
 55 -2 -1 225
 55 0 1 13
 55 -1 -1 0
 55 2 1 191
 55 -3 2 192
 55 1 1 86
 55 1 -2 27
 55 -2 0 275
 55 1 -3 262
 55 -2 1 305
 55 1 0 14
 55 -3 0 320
 55 0 -2 349
 55 1 -1 61
 55 0 0 7
 55 -4 2 339
 55 0 -1 332
 55 0 -1 52
 55 3 1 123
 55 2 2 84
 55 -1 0 138
 55 0 -3 100
 55 0 -2 295
 55 1 2 142
 55 3 2 25
 55 -4 0 10
 "contig-ratio-green-core" 0.9
 "contig-ratio-red-core" 0.6666666666666666
 "a-count" 0
 "b-count" 0
 "c-color-count" 28
 "c-express-count" 28
 "d-color-count" 28
 "d-express-count" 28
 "cell-count" 56
 15 2 3 184
 15 -2 -2 42
 15 2 -2 151
 15 3 0 356
 15 3 3 344
 15 -2 4 236
 15 2 4 190
 15 4 -1 210
 15 0 -4 1
 15 -1 4 248
 15 0 3 186
 15 -3 -3 293
 15 -4 0 118
 15 3 4 31
 15 3 -1 275
 15 -4 1 264
 15 1 -4 30
 15 -1 3 13
 15 0 4 293
 15 3 -2 127
 15 1 3 49
 15 2 -1 112
 15 -3 -2 79
 15 1 -3 79
 15 4 1 57
 15 1 4 354
 15 -2 -3 182
 15 4 0 40
 55 -1 -3 157
 55 -2 3 342
 55 0 -3 219
 55 -1 -1 79
 55 0 1 123
 55 -1 1 71
 55 -3 2 358
 55 0 2 359
 55 -1 0 20
 55 -2 0 328
 55 1 0 56
 55 -2 2 282
 55 -3 1 128
 55 -2 1 189
 55 -3 -1 126
 55 2 0 172
 55 1 2 336
 55 1 1 82
 55 3 1 156
 55 1 -1 119
 55 -1 -2 343
 55 1 -2 49
 55 0 -2 149
 55 2 1 342
 55 -2 -1 170
 55 2 2 45
 55 -3 0 84
 55 0 -1 154
 "contig-ratio-green-core" 0.7272727272727273
 "contig-ratio-red-core" 0.5555555555555556
