 "a-count" 0
 "b-count" 0
 "c-color-count" 28
 "c-express-count" 28
 "d-color-count" 28
 "d-express-count" 28
 "cell-count" 56
 15 -2 -1 62
 15 0 -4 152
 15 3 2 211
 15 -4 -3 213
 15 0 2 252
 15 2 -3 108
 15 1 3 240
 15 -1 -4 107
 15 -2 -2 17
 15 -3 -1 315
 15 4 0 244
 15 -3 -3 197
 15 -1 4 115
 15 -2 0 206
 15 3 3 34
 15 -4 -1 316
 15 3 -3 266
 15 1 -4 258
 15 1 2 112
 15 -3 0 252
 15 2 -1 17
 15 4 -1 308
 15 2 -4 224
 15 -3 -2 151
 15 3 -1 81
 15 0 3 202
 15 4 1 62
 15 2 3 74
 55 -1 -3 95
 55 -2 -3 314
 55 0 1 69
 55 -1 0 327
 55 1 1 44
 55 -1 2 263
 55 1 -1 267
 55 3 0 36
 55 0 -2 157
 55 1 0 102
 55 3 1 201
 55 -1 -1 105
 55 1 -3 18
 55 1 -2 163
 55 0 4 16
 55 1 4 259
 55 -1 3 139
 55 4 2 151
 55 0 -3 102
 55 -2 2 174
 55 -1 1 316
 55 2 0 195
 55 0 -1 40
 55 -3 2 21
 55 2 1 155
 55 -2 3 341
 55 -1 -2 288
 55 0 0 33
 "contig-ratio-green-core" 0.782608695652174
 "contig-ratio-red-core" 0.7619047619047619
 "a-count" 0
 "b-count" 0
 "c-color-count" 28
 "c-express-count" 28
 "d-color-count" 28
 "d-express-count" 28
 "cell-count" 56
 15 1 -4 127
 15 3 2 137
 15 1 4 222
 15 3 3 192
 15 -3 -2 165
 15 0 2 164
 15 -1 -4 266
 15 -2 -3 226
 15 2 -3 73
 15 1 3 193
 15 2 4 4
 15 1 -3 344
 15 2 3 124
 15 3 -1 322
 15 -3 -3 264
 15 -4 0 297
 15 -1 -3 121
 15 1 2 160
 15 3 -3 69
 15 3 -2 116
 15 2 2 30
 15 0 -4 204
 15 0 -3 97
 15 -4 1 114
 15 -4 -1 328
 15 -3 -1 103
 15 0 4 337
 15 0 3 108
 55 2 0 250
 55 -2 1 288
 55 -2 -2 130
 55 -3 1 239
 55 -1 2 247
 55 -1 -2 160
 55 -3 0 186
 55 2 1 99
 55 -2 2 93
 55 0 -2 163
 55 -1 -1 42
 55 2 -1 291
 55 -2 0 298
 55 1 0 71
 55 0 1 22
 55 3 0 6
 55 -3 2 341
 55 -1 0 320
 55 -1 3 27
 55 0 0 322
 55 0 -1 286
 55 1 -1 13
 55 3 1 341
 55 1 -2 82
 55 -2 3 312
 55 1 1 249
 55 -4 2 30
 55 -1 1 8
 "contig-ratio-green-core" 0.7368421052631579
 "contig-ratio-red-core" 0.6666666666666666
 "a-count" 0
 "b-count" 0
 "c-color-count" 28
 "c-express-count" 28
 "d-color-count" 28
 "d-express-count" 28
 "cell-count" 56
 15 -3 0 241
 15 2 4 138
 15 -3 1 1
 15 -4 0 32
 15 -3 -2 87
 15 -1 -4 335
 15 2 3 307
 15 1 -3 122
 15 3 1 11
 15 2 -3 147
 15 2 -2 260
 15 1 3 12
 15 0 -3 27
 15 -3 2 170
 15 -2 -2 112
 15 0 -4 215
 15 -3 -1 190
 15 -4 2 359
 15 -4 1 199
 15 -4 3 159
 15 4 1 187
 15 -4 -1 246
 15 3 -2 5
 15 0 3 105
 15 -2 -1 248
 15 -2 -3 29
 15 -4 -2 313
 15 1 -4 153
 55 0 2 202
 55 -2 1 237
 55 -2 2 241
 55 0 0 167
 55 -1 2 208
 55 -3 3 326
 55 1 1 124
 55 -2 0 210
 55 0 -2 321
 55 0 -1 330
 55 -1 -1 303
 55 1 2 78
 55 0 1 179
 55 -2 4 235
 55 1 -2 238
 55 2 -1 66
 55 -1 4 273
 55 2 0 177
 55 -1 3 324
 55 -2 3 246
 55 1 -1 229
 55 -1 -2 45
 55 3 0 279
 55 -1 1 141
 55 1 0 223
 55 2 1 138
 55 -1 0 37
 55 3 -1 52
 "contig-ratio-green-core" 0.7647058823529411
 "contig-ratio-red-core" 0.5384615384615384
