 "a-count" 0
 "b-count" 0
 "c-color-count" 28
 "c-express-count" 28
 "d-color-count" 28
 "d-express-count" 28
 "cell-count" 56
 15 3 -1 318
 15 3 2 180
 15 -2 -3 197
 15 3 -4 54
 15 -2 4 70
 15 4 -1 250
 15 2 0 99
 15 -2 -1 152
 15 -1 4 316
 15 -4 1 258
 15 3 0 45
 15 -3 0 304
 15 3 -2 161
 15 -2 -2 162
 15 4 0 1
 15 -3 -1 320
 15 -1 -3 71
 15 -3 1 53
 15 -3 2 337
 15 -4 -1 150
 15 -1 -4 93
 15 -3 -2 215
 15 0 4 55
 15 -4 -2 206
 15 3 1 160
 15 2 -1 75
 15 -4 0 156
 15 3 -3 201
 55 1 -1 271
 55 1 -2 326
 55 2 3 42
 55 2 2 211
 55 0 0 17
 55 -1 -1 224
 55 0 3 345
 55 -1 2 161
 55 1 2 59
 55 1 2 130
 55 -2 0 91
 55 2 4 86
 55 0 -1 337
 55 -2 1 103
 55 4 1 175
 55 -3 -3 45
 55 0 1 352
 55 1 3 352
 55 0 0 132
 55 -1 3 118
 55 -2 -4 44
 55 0 0 218
 55 1 0 144
 55 1 1 124
 55 0 2 17
 55 -1 1 120
 55 -2 2 15
 55 1 4 55
 "contig-ratio-green-core" 0.47368421052631576
 "contig-ratio-red-core" 0.5714285714285714
 "a-count" 0
 "b-count" 0
 "c-color-count" 28
 "c-express-count" 28
 "d-color-count" 28
 "d-express-count" 28
 "cell-count" 56
 15 -2 -3 18
 15 -3 2 57
 15 3 -2 69
 15 3 4 57
 15 -1 3 144
 15 3 2 355
 15 4 -1 21
 15 -4 2 200
 15 0 -4 66
 15 -1 -3 332
 15 -4 0 159
 15 -1 -4 69
 15 4 0 209
 15 1 -2 195
 15 4 -2 300
 15 -4 1 96
 15 -1 4 188
 15 -3 3 89
 15 0 -3 56
 15 3 -1 131
 15 -3 1 151
 15 1 -4 131
 15 -4 -1 221
 15 0 4 303
 15 2 -3 279
 15 3 3 46
 15 1 -3 126
 15 2 -2 48
 55 0 -1 199
 55 -2 2 24
 55 -1 2 87
 55 -2 -1 278
 55 2 -1 156
 55 0 0 248
 55 -3 -1 207
 55 -3 -2 81
 55 0 1 266
 55 -1 0 196
 55 -1 1 24
 55 -3 0 91
 55 2 0 211
 55 3 1 106
 55 1 2 213
 55 1 0 50
 55 -1 -2 338
 55 3 -3 89
 55 -1 -1 187
 55 0 -2 305
 55 1 -1 117
 55 1 1 14
 55 -2 1 242
 55 3 0 324
 55 -2 -2 309
 55 -2 0 46
 55 0 2 290
 55 1 3 333
 "contig-ratio-green-core" 0.7222222222222222
 "contig-ratio-red-core" 0.52
 "a-count" 0
 "b-count" 0
 "c-color-count" 28
 "c-express-count" 28
 "d-color-count" 28
 "d-express-count" 28
 "cell-count" 56
 15 0 4 309
 15 2 1 218
 15 0 3 92
 15 3 0 284
 15 -1 2 236
 15 0 -4 299
 15 4 1 100
 15 1 3 266
 15 -3 -3 59
 15 -2 2 107
 15 -4 -1 206
 15 3 -1 16
 15 -2 -3 280
 15 4 -1 92
 15 2 0 225
 15 -1 4 290
 15 3 1 194
 15 0 2 89
 15 4 0 145
 15 -4 0 328
 15 -1 -4 15
 15 -2 3 270
 15 -3 -2 324
 15 1 2 62
 15 -2 -4 12
 15 -1 3 153
 15 2 -1 261
 15 2 -2 353
 55 -2 -2 330
 55 -3 1 334
 55 -2 -1 125
 55 0 -2 139
 55 0 1 180
 55 -4 2 291
 55 -4 1 259
 55 -1 -2 178
 55 0 0 234
 55 -3 0 270
 55 1 -4 301
 55 -2 1 28
 55 -1 -1 293
 55 -1 -3 296
 55 1 1 64
 55 1 0 73
 55 -4 -2 70
 55 -1 1 336
 55 -1 0 210
 55 -2 0 233
 55 0 -1 95
 55 1 -3 137
 55 0 -3 163
 55 1 -1 168
 55 3 3 53
 55 -3 2 231
 55 -3 -1 267
 55 3 2 56
 "contig-ratio-green-core" 0.7368421052631579
 "contig-ratio-red-core" 0.6666666666666666
 "a-count" 0
 "b-count" 0
 "c-color-count" 28
 "c-express-count" 28
 "d-color-count" 28
 "d-express-count" 28
 "cell-count" 56
 15 0 2 196
 15 4 0 264
 15 -2 3 206
 15 1 3 216
 15 3 2 349
 15 -3 3 259
 15 -1 -4 146
 15 3 -2 160
 15 3 -1 264
 15 -3 2 139
 15 -1 -2 176
 15 2 3 351
 15 -1 3 94
 15 -2 -2 298
 15 0 3 307
 15 -3 -1 113
 15 4 2 37
 15 -2 -3 158
 15 -3 -3 46
 15 -1 -3 247
 15 0 4 13
 15 -3 -2 47
 15 4 1 137
 15 -3 0 295
 15 1 4 42
 15 -3 1 254
 15 -2 2 245
 15 -1 2 139
 55 0 1 193
 55 0 -3 94
 55 3 0 220
 55 1 2 141
 55 -2 1 222
 55 2 -3 316
 55 3 3 216
 55 -1 1 63
 55 -2 -1 359
 55 -4 0 269
 55 2 0 226
 55 0 -2 122
 55 1 -3 148
 55 1 -1 49
 55 2 -2 253
 55 2 -1 138
 55 0 0 85
 55 -2 0 230
 55 -1 -1 253
 55 -1 0 355
 55 -1 4 133
 55 1 1 337
 55 1 -2 52
 55 1 0 305
 55 2 2 87
 55 2 1 102
 55 0 -1 14
 55 3 1 107
 "contig-ratio-green-core" 1
 "contig-ratio-red-core" 0.6521739130434783
