 "a-count" 0
 "b-count" 0
 "c-color-count" 28
 "c-express-count" 28
 "d-color-count" 28
 "d-express-count" 28
 "cell-count" 56
 15 0 3 299
 15 2 -3 341
 15 -1 -2 51
 15 1 -4 237
 15 -1 3 228
 15 1 -3 80
 15 -3 0 1
 15 2 -4 188
 15 1 -2 138
 15 -4 -1 249
 15 -3 -1 177
 15 2 -2 145
 15 -4 0 351
 15 -2 0 177
 15 0 -3 356
 15 0 -2 314
 15 4 -1 359
 15 -1 4 141
 15 -1 -4 243
 15 0 4 71
 15 0 -4 306
 15 -3 -3 191
 15 -3 1 230
 15 1 3 337
 15 4 0 20
 15 3 -2 262
 15 3 3 43
 15 -2 1 338
 55 3 -3 294
 55 1 1 111
 55 -1 0 159
 55 2 3 124
 55 0 2 172
 55 -2 -2 66
 55 1 0 1
 55 4 -2 64
 55 4 1 258
 55 -1 1 87
 55 3 2 325
 55 2 2 210
 55 -3 -2 243
 55 -2 2 47
 55 2 -1 183
 55 3 -1 301
 55 0 1 276
 55 0 -1 231
 55 3 0 182
 55 -1 2 144
 55 -2 -3 123
 55 2 1 336
 55 2 0 342
 55 1 -1 299
 55 -1 -1 120
 55 3 1 240
 55 -2 -1 57
 55 0 0 278
 "contig-ratio-green-core" 0.75
 "contig-ratio-red-core" 0.75
 "a-count" 0
 "b-count" 0
 "c-color-count" 28
 "c-express-count" 28
 "d-color-count" 28
 "d-express-count" 28
 "cell-count" 56
 15 -3 -3 148
 15 -2 -3 336
 15 3 1 258
 15 1 -4 46
 15 3 -1 334
 15 -4 -2 152
 15 -3 -2 205
 15 2 -2 193
 15 0 -4 64
 15 1 4 233
 15 1 3 329
 15 2 1 313
 15 1 -3 164
 15 2 2 280
 15 -2 -2 304
 15 2 3 343
 15 3 -2 173
 15 2 -3 42
 15 4 -1 190
 15 -4 -1 219
 15 -4 0 271
 15 2 -1 43
 15 3 0 142
 15 0 4 280
 15 -2 -4 79
 15 0 3 124
 15 2 0 204
 15 4 -2 295
 55 1 -1 60
 55 0 -3 233
 55 -1 -3 207
 55 -3 3 265
 55 1 -2 357
 55 3 -3 263
 55 -3 2 336
 55 0 -2 120
 55 1 1 274
 55 0 -1 99
 55 -3 0 53
 55 -1 -2 232
 55 -2 0 81
 55 1 0 104
 55 -1 1 325
 55 -4 1 323
 55 1 2 144
 55 -4 2 298
 55 0 1 154
 55 3 2 49
 55 -3 1 295
 55 0 0 54
 55 -2 2 188
 55 -1 2 137
 55 0 2 349
 55 -1 0 168
 55 -1 -1 280
 55 -3 -1 195
 "contig-ratio-green-core" 0.7777777777777778
 "contig-ratio-red-core" 0.56
 "a-count" 0
 "b-count" 0
 "c-color-count" 28
 "c-express-count" 28
 "d-color-count" 28
 "d-express-count" 28
 "cell-count" 56
 15 -3 2 79
 15 0 3 268
 15 -3 1 289
 15 4 0 162
 15 3 -3 47
 15 -1 4 162
 15 -1 3 103
 15 0 -2 6
 15 -2 2 196
 15 0 -4 340
 15 0 4 293
 15 1 -2 49
 15 3 2 214
 15 0 5 145
 15 0 -3 334
 15 3 1 129
 15 1 2 233
 15 1 -4 158
 15 1 4 6
 15 -1 -3 147
 15 -2 3 156
 15 2 3 256
 15 -3 -3 158
 15 4 1 285
 15 -2 1 168
 15 2 2 178
 15 2 -3 293
 15 1 -3 224
 55 1 -1 131
 55 -3 -1 285
 55 -1 -1 81
 55 0 1 154
 55 2 -1 256
 55 -2 -3 28
 55 4 -1 110
 55 -4 -1 321
 55 -1 0 269
 55 -3 0 48
 55 0 -1 247
 55 0 2 97
 55 3 0 275
 55 -1 -2 195
 55 3 3 149
 55 -2 0 119
 55 2 0 32
 55 -2 -1 5
 55 -3 -2 151
 55 -1 1 281
 55 -1 2 128
 55 3 -1 244
 55 1 1 347
 55 1 0 69
 55 -3 3 49
 55 3 -2 305
 55 -2 -2 69
 55 2 1 359
 "contig-ratio-green-core" 0.7368421052631579
 "contig-ratio-red-core" 0.6956521739130435
