 "a-count" 0
 "b-count" 0
 "c-color-count" 28
 "c-express-count" 28
 "d-color-count" 28
 "d-express-count" 28
 "cell-count" 56
 15 -3 -2 244
 15 -4 0 214
 15 0 -4 34
 15 4 -1 92
 15 4 0 322
 15 0 3 96
 15 1 1 101
 15 1 -4 122
 15 -1 -4 348
 15 -2 -3 239
 15 -4 -1 349
 15 2 0 247
 15 -2 -2 27
 15 3 0 351
 15 0 1 285
 15 3 -3 344
 15 2 1 118
 15 1 0 87
 15 1 3 122
 15 -4 1 309
 15 0 2 264
 15 -3 1 359
 15 3 -1 0
 15 0 4 108
 15 -1 4 269
 15 -3 0 245
 15 1 4 279
 15 -3 -1 79
 55 -2 -1 345
 55 -3 2 56
 55 2 -1 289
 55 -1 3 283
 55 2 2 187
 55 1 -2 117
 55 3 -2 323
 55 -3 -3 65
 55 -1 -3 255
 55 0 -1 185
 55 1 -1 144
 55 -1 0 244
 55 2 -2 91
 55 2 3 248
 55 3 1 269
 55 -2 2 226
 55 -1 1 252
 55 1 -3 163
 55 -1 2 56
 55 4 1 220
 55 0 0 228
 55 0 -3 137
 55 -2 0 218
 55 3 2 102
 55 0 -2 41
 55 -1 -2 346
 55 -2 1 2
 55 -1 -1 229
 "contig-ratio-green-core" 0.9090909090909091
 "contig-ratio-red-core" 0.72
 "a-count" 0
 "b-count" 0
 "c-color-count" 28
 "c-express-count" 28
 "d-color-count" 28
 "d-express-count" 28
 "cell-count" 56
 15 -1 3 15
 15 -2 -3 210
 15 -1 -3 128
 15 0 -4 228
 15 -1 2 105
 15 2 -3 341
 15 0 -3 182
 15 -4 1 42
 15 1 -3 328
 15 4 2 28
 15 4 -2 263
 15 -2 3 272
 15 3 1 324
 15 1 4 332
 15 1 -2 4
 15 3 2 139
 15 2 -2 282
 15 4 1 317
 15 -2 2 43
 15 -3 -3 301
 15 0 -2 248
 15 -3 3 316
 15 3 -2 23
 15 -1 1 326
 15 -2 1 106
 15 3 1 3
 15 0 -5 339
 15 -3 1 351
 55 -3 0 156
 55 1 0 265
 55 0 0 216
 55 -1 -2 149
 55 2 2 118
 55 0 3 237
 55 -3 -1 159
 55 3 -1 44
 55 -2 0 36
 55 1 3 79
 55 0 2 119
 55 -1 -1 75
 55 3 0 195
 55 2 1 124
 55 1 -1 69
 55 -4 -1 99
 55 -1 0 151
 55 -2 -1 196
 55 4 -1 250
 55 2 0 189
 55 4 0 312
 55 -2 -2 87
 55 2 -1 142
 55 1 2 154
 55 0 -1 41
 55 -4 0 28
 55 1 0 311
 55 1 1 16
 "contig-ratio-green-core" 0.8181818181818182
 "contig-ratio-red-core" 0.6666666666666666
 "a-count" 0
 "b-count" 0
 "c-color-count" 28
 "c-express-count" 28
 "d-color-count" 28
 "d-express-count" 28
 "cell-count" 56
 15 0 -3 185
 15 2 -1 207
 15 1 -3 27
 15 3 -2 49
 15 1 3 196
 15 -3 -1 33
 15 -4 1 74
 15 2 4 311
 15 -4 2 297
 15 1 4 32
 15 4 -2 333
 15 1 -2 258
 15 0 4 225
 15 -4 -3 176
 15 -3 -3 327
 15 3 -1 146
 15 -3 -2 188
 15 -2 -2 69
 15 2 -2 33
 15 -4 0 121
 15 -4 -1 52
 15 -1 4 216
 15 -2 -1 307
 15 0 3 53
 15 -3 1 263
 15 -3 0 82
 15 4 -1 184
 15 2 3 84
 55 3 0 165
 55 3 1 36
 55 -3 3 176
 55 -2 0 215
 55 4 1 215
 55 0 -2 3
 55 -1 -3 216
 55 -1 3 273
 55 0 -1 187
 55 0 1 297
 55 3 2 267
 55 1 1 7
 55 -3 2 343
 55 1 2 305
 55 -1 -1 9
 55 -1 0 84
 55 -1 1 45
 55 -1 2 135
 55 0 0 90
 55 2 2 322
 55 2 0 240
 55 -4 3 226
 55 -2 1 321
 55 1 0 156
 55 2 1 58
 55 1 -1 93
 55 -1 -2 352
 55 0 2 281
 "contig-ratio-green-core" 0.6842105263157895
 "contig-ratio-red-core" 0.5555555555555556
 "a-count" 0
 "b-count" 0
 "c-color-count" 28
 "c-express-count" 28
 "d-color-count" 28
 "d-express-count" 28
 "cell-count" 56
 15 -1 -2 57
 15 0 -5 125
 15 -2 -4 15
 15 -2 -3 273
 15 3 -3 206
 15 2 -3 253
 15 -1 4 197
 15 -2 2 6
 15 0 -4 137
 15 -2 3 29
 15 2 3 253
 15 2 4 246
 15 -2 4 311
 15 -4 0 132
 15 -3 -2 325
 15 0 4 223
 15 3 -2 344
 15 -1 -4 280
 15 1 4 155
 15 -3 -1 350
 15 0 -3 189
 15 -1 -3 89
 15 3 3 32
 15 -4 1 342
 15 -2 -2 43
 15 1 -3 120
 15 -4 -1 225
 15 2 -2 226
 55 1 3 15
 55 1 -2 310
 55 2 0 72
 55 3 1 87
 55 1 2 170
 55 -3 -3 56
 55 -1 1 311
 55 1 1 236
 55 0 -1 172
 55 -1 2 303
 55 3 2 281
 55 1 -4 189
 55 0 2 133
 55 -1 0 347
 55 -2 -1 109
 55 2 1 68
 55 -1 3 75
 55 1 0 197
 55 0 3 108
 55 0 0 95
 55 0 -2 153
 55 0 1 25
 55 -1 -1 277
 55 3 0 113
 55 2 -1 91
 55 -2 1 195
 55 1 -1 149
 55 -2 0 287
 "contig-ratio-green-core" 0.8125
 "contig-ratio-red-core" 0.5238095238095238
