 "a-count" 0
 "b-count" 0
 "c-color-count" 28
 "c-express-count" 28
 "d-color-count" 28
 "d-express-count" 28
 "cell-count" 56
 15 -2 1 204
 15 1 -3 207
 15 4 1 159
 15 1 -2 139
 15 -1 4 275
 15 1 3 268
 15 2 -2 61
 15 3 2 21
 15 -3 -2 60
 15 -1 1 179
 15 -1 3 35
 15 2 2 98
 15 -3 -3 229
 15 -2 2 284
 15 2 4 3
 15 -2 4 187
 15 -4 -2 181
 15 2 -3 3
 15 2 3 11
 15 -3 -2 356
 15 0 -3 218
 15 -2 -3 291
 15 1 4 328
 15 0 4 119
 15 0 3 327
 15 4 0 237
 15 -1 -3 241
 15 -2 -2 257
 55 2 -1 284
 55 3 -2 245
 55 3 -1 307
 55 -3 1 157
 55 -4 1 284
 55 -3 -1 261
 55 0 1 250
 55 0 -1 339
 55 -4 0 246
 55 2 0 317
 55 1 -1 79
 55 1 2 107
 55 -2 0 15
 55 -1 -1 183
 55 1 0 326
 55 -1 0 147
 55 1 1 83
 55 0 -2 352
 55 3 0 210
 55 -3 0 236
 55 -4 -1 176
 55 0 -2 296
 55 0 2 352
 55 2 1 80
 55 -1 -2 239
 55 -2 -1 105
 55 -1 -2 160
 55 3 1 103
 "contig-ratio-green-core" 0.6666666666666666
 "contig-ratio-red-core" 0.7307692307692307
 "a-count" 0
 "b-count" 0
 "c-color-count" 28
 "c-express-count" 28
 "d-color-count" 28
 "d-express-count" 28
 "cell-count" 56
 15 1 -3 57
 15 1 4 307
 15 -1 -3 281
 15 2 -1 324
 15 2 -4 29
 15 0 4 216
 15 -4 0 72
 15 -4 1 180
 15 1 3 100
 15 0 -3 1
 15 -4 2 301
 15 0 -2 253
 15 3 -3 349
 15 -3 0 133
 15 0 3 247
 15 4 -1 152
 15 1 -4 37
 15 -3 1 299
 15 1 -2 19
 15 3 1 117
 15 3 3 268
 15 3 2 332
 15 2 -2 336
 15 4 0 319
 15 2 -3 94
 15 3 0 199
 15 -3 -1 16
 15 -3 -2 17
 55 0 0 190
 55 1 -1 196
 55 -2 2 61
 55 -1 4 184
 55 -2 -3 212
 55 -2 -1 305
 55 3 -1 352
 55 2 2 194
 55 0 2 41
 55 1 2 55
 55 -3 2 344
 55 -2 4 46
 55 -2 3 174
 55 -1 0 267
 55 -1 1 324
 55 -1 2 331
 55 2 1 134
 55 -1 3 337
 55 -1 -1 198
 55 1 1 133
 55 0 -1 77
 55 -2 1 158
 55 -1 -2 74
 55 1 0 6
 55 2 0 208
 55 0 1 116
 55 -2 0 44
 55 -2 -2 208
 "contig-ratio-green-core" 0.8333333333333334
 "contig-ratio-red-core" 0.6086956521739131
 "a-count" 0
 "b-count" 0
 "c-color-count" 28
 "c-express-count" 28
 "d-color-count" 28
 "d-express-count" 28
 "cell-count" 56
 15 -4 1 276
 15 1 -4 356
 15 1 -2 68
 15 -3 1 262
 15 3 -1 246
 15 1 -3 126
 15 -2 2 113
 15 -1 3 99
 15 -1 -4 102
 15 -1 2 304
 15 3 0 141
 15 -2 3 54
 15 -1 1 46
 15 -3 0 61
 15 0 -3 260
 15 -2 1 16
 15 -2 -4 316
 15 -2 0 281
 15 2 -3 58
 15 0 -4 319
 15 3 3 288
 15 1 4 109
 15 0 -2 170
 15 -1 -3 37
 15 -3 2 69
 15 2 4 73
 15 2 -1 329
 15 2 -2 350
 55 -3 3 278
 55 1 -1 344
 55 4 1 169
 55 2 3 130
 55 1 1 10
 55 0 1 126
 55 0 0 32
 55 -1 -1 347
 55 0 4 147
 55 1 3 200
 55 2 2 115
 55 2 1 60
 55 0 3 318
 55 3 1 323
 55 -1 0 308
 55 -3 -1 278
 55 0 2 248
 55 2 0 351
 55 0 -1 330
 55 3 2 320
 55 -3 -2 231
 55 -2 -1 355
 55 1 2 74
 55 -4 -2 66
 55 -1 -2 330
 55 1 0 296
 55 -2 -2 49
 55 -2 -3 347
 "contig-ratio-green-core" 0.7368421052631579
 "contig-ratio-red-core" 0.7272727272727273
