 "a-count" 0
 "b-count" 0
 "c-color-count" 28
 "c-express-count" 28
 "d-color-count" 28
 "d-express-count" 28
 "cell-count" 56
 15 2 2 320
 15 -3 -3 113
 15 1 2 160
 15 2 3 188
 15 -4 2 190
 15 0 4 319
 15 4 -1 158
 15 -5 -1 122
 15 3 0 86
 15 -4 0 105
 15 -3 3 332
 15 -3 -1 136
 15 -1 4 118
 15 -4 -1 345
 15 -3 0 179
 15 3 -2 344
 15 -3 -2 181
 15 1 3 90
 15 -2 3 135
 15 3 1 243
 15 -2 4 110
 15 -4 1 123
 15 -2 -4 248
 15 -3 -4 237
 15 3 -3 274
 15 2 4 272
 15 3 -1 35
 15 2 -3 353
 55 -2 -1 12
 55 -1 1 65
 55 2 -2 345
 55 0 3 249
 55 0 1 217
 55 0 2 346
 55 -1 3 264
 55 0 -2 101
 55 -1 -1 267
 55 2 0 15
 55 0 0 188
 55 1 -4 93
 55 -2 1 207
 55 2 1 349
 55 1 1 157
 55 2 -1 21
 55 1 -1 304
 55 4 1 103
 55 -1 2 330
 55 1 -3 316
 55 -1 0 350
 55 0 -3 349
 55 -1 -2 211
 55 1 0 148
 55 0 -1 126
 55 1 -2 327
 55 -2 0 207
 55 -2 2 131
 "contig-ratio-green-core" 0.8125
 "contig-ratio-red-core" 0.5454545454545454
 "a-count" 0
 "b-count" 0
 "c-color-count" 28
 "c-express-count" 28
 "d-color-count" 28
 "d-express-count" 28
 "cell-count" 56
 15 -4 0 39
 15 -2 -1 271
 15 2 1 95
 15 3 -3 32
 15 -2 3 65
 15 0 -3 35
 15 1 -3 319
 15 -2 2 10
 15 4 1 53
 15 -1 -3 290
 15 0 3 9
 15 -1 4 184
 15 1 4 87
 15 2 -4 292
 15 0 -4 217
 15 1 3 18
 15 -1 3 110
 15 -2 -2 334
 15 -3 3 334
 15 4 0 68
 15 1 -4 67
 15 -1 -4 335
 15 0 4 34
 15 -3 -1 333
 15 2 2 66
 15 -3 0 342
 15 3 1 61
 15 -2 -3 144
 55 -2 1 184
 55 0 1 73
 55 -2 0 235
 55 0 0 252
 55 2 -3 208
 55 -1 0 193
 55 1 0 54
 55 0 -1 167
 55 -3 1 22
 55 2 -2 13
 55 0 -1 200
 55 2 0 324
 55 -2 0 57
 55 -1 1 23
 55 -1 2 264
 55 -4 -1 37
 55 1 -2 180
 55 3 0 307
 55 0 0 106
 55 -1 -1 326
 55 3 -2 101
 55 0 2 98
 55 0 -2 328
 55 0 1 48
 55 2 -1 278
 55 1 1 200
 55 3 -1 118
 55 1 -1 115
 "contig-ratio-green-core" 0.8
 "contig-ratio-red-core" 0.56
 "a-count" 0
 "b-count" 0
 "c-color-count" 28
 "c-express-count" 28
 "d-color-count" 28
 "d-express-count" 28
 "cell-count" 56
 15 1 4 155
 15 1 -3 19
 15 3 -1 80
 15 1 3 30
 15 -1 -4 111
 15 2 -3 163
 15 -4 -2 227
 15 -3 2 310
 15 4 0 255
 15 5 0 120
 15 -1 3 300
 15 -2 2 74
 15 2 4 288
 15 -1 -3 151
 15 -2 -1 322
 15 3 -2 162
 15 -2 -2 59
 15 3 0 151
 15 -4 2 171
 15 -1 4 266
 15 -3 -2 84
 15 -2 3 249
 15 -4 0 93
 15 -3 -1 195
 15 0 -3 117
 15 4 1 229
 15 -2 -3 197
 15 -4 -1 14
 55 2 0 146
 55 4 -1 357
 55 -1 -2 188
 55 1 1 297
 55 1 -1 183
 55 -1 -1 28
 55 -3 -3 163
 55 -1 0 128
 55 -1 2 172
 55 0 2 107
 55 0 -2 169
 55 2 2 180
 55 -3 1 6
 55 -2 1 274
 55 2 -1 187
 55 2 3 171
 55 -2 0 255
 55 1 0 202
 55 -3 0 334
 55 2 1 115
 55 2 -2 66
 55 -3 3 140
 55 0 1 313
 55 1 -2 228
 55 0 0 58
 55 1 2 352
 55 -1 1 79
 55 0 -1 319
 "contig-ratio-green-core" 0.9411764705882353
 "contig-ratio-red-core" 0.5416666666666666
 "a-count" 0
 "b-count" 0
 "c-color-count" 28
 "c-express-count" 28
 "d-color-count" 28
 "d-express-count" 28
 "cell-count" 56
 15 -2 3 303
 15 -4 -2 208
 15 4 1 32
 15 -5 0 91
 15 -5 -1 306
 15 0 -3 331
 15 1 3 105
 15 -1 -2 98
 15 0 4 125
 15 0 3 6
 15 -2 -2 100
 15 3 -2 36
 15 2 -3 34
 15 1 -4 351
 15 -1 -3 126
 15 -2 2 138
 15 1 4 275
 15 -1 3 6
 15 -3 2 47
 15 4 0 148
 15 -1 4 282
 15 1 -3 26
 15 -4 0 243
 15 -4 -1 108
 15 3 3 288
 15 -1 2 286
 15 -1 -4 267
 15 0 -2 48
 55 3 0 156
 55 1 -2 262
 55 -1 0 5
 55 2 2 286
 55 2 1 53
 55 0 0 252
 55 3 2 162
 55 0 2 169
 55 2 3 167
 55 -1 -1 81
 55 0 -1 302
 55 1 1 27
 55 3 1 233
 55 2 0 311
 55 -3 1 56
 55 3 -1 8
 55 -3 0 56
 55 -2 -1 43
 55 1 2 193
 55 1 -1 335
 55 -3 -1 88
 55 2 -2 196
 55 -2 0 189
 55 0 1 150
 55 1 0 228
 55 -1 1 295
 55 1 -1 272
 55 2 -1 357
 "contig-ratio-green-core" 0.8823529411764706
 "contig-ratio-red-core" 0.56
