 "a-count" 5
 "b-count" 4
 "c-color-count" 25
 "c-express-count" 24
 "d-color-count" 25
 "d-express-count" 23
 "cell-count" 56
 15 1 2 347
 15 0 -3 222
 105 -1 0 243
 15 -3 0 135
 15 1 3 359
 15 -1 2 10
 15 -1 -1 67
 105 -4 1 19
 15 0 0 346
 15 -2 -2 330
 15 0 -1 298
 105 2 0 201
 15 0 1 212
 15 -1 3 245
 15 1 -3 64
 15 1 1 167
 15 0 2 103
 15 -2 0 352
 15 2 -1 189
 15 1 0 357
 15 -2 2 178
 15 -1 1 65
 15 0 3 137
 15 0 -2 6
 15 1 -1 138
 15 -4 0 252
 15 2 1 135
 15 2 2 72
 55 -2 -1 314
 55 2 -2 126
 55 -1 -3 351
 55 0 4 186
 55 -4 -1 128
 55 -2 3 211
 55 3 0 100
 55 -2 4 217
 55 3 1 312
 55 -4 -2 129
 55 2 -3 246
 55 -3 1 352
 55 1 -4 97
 55 4 0 150
 55 -1 -4 227
 55 -3 -2 321
 55 3 -2 29
 55 0 -4 282
 5 4 -1 242
 55 -3 2 292
 55 3 -1 57
 55 3 -3 352
 5 1 -2 14
 55 -3 3 9
 55 2 3 335
 55 3 2 301
 5 -2 1 83
 55 1 4 203
 "contig-ratio-green-core" 0.55
 "contig-ratio-red-core" 1.1538461538461537
 "a-count" 9
 "b-count" 6
 "c-color-count" 22
 "c-express-count" 22
 "d-color-count" 21
 "d-express-count" 19
 "cell-count" 56
 15 2 1 19
 15 -3 3 159
 105 3 3 241
 105 0 2 198
 105 -1 1 187
 15 4 1 173
 15 1 3 80
 15 -2 0 141
 15 -4 0 67
 105 3 1 117
 15 -2 1 75
 15 0 3 296
 15 1 4 45
 15 0 -4 231
 15 -1 0 167
 15 -3 1 149
 15 2 2 114
 15 -2 -1 44
 105 -4 1 216
 105 -1 -4 35
 105 3 2 329
 15 -1 3 326
 15 -3 0 265
 15 0 1 225
 15 -2 2 90
 15 2 0 28
 15 1 1 218
 15 1 2 115
 55 0 0 15
 55 1 -4 95
 55 0 -1 301
 55 -4 -2 211
 55 -1 4 128
 55 0 4 259
 55 2 -1 240
 55 -3 -3 344
 55 -4 -1 112
 55 -1 -2 238
 55 1 -3 248
 55 1 0 152
 55 0 -3 322
 5 3 -2 301
 55 -3 -2 258
 55 -3 2 111
 55 1 -1 314
 55 -3 -1 33
 5 2 -3 176
 55 4 -1 352
 55 0 -2 312
 55 1 -2 217
 5 -2 -3 163
 5 2 -2 27
 5 3 -1 171
 55 4 0 146
 55 -1 -1 80
 5 3 -3 94
 "contig-ratio-green-core" 0.75
 "contig-ratio-red-core" 0.75
 "a-count" 8
 "b-count" 4
 "c-color-count" 25
 "c-express-count" 24
 "d-color-count" 21
 "d-express-count" 20
 "cell-count" 56
 15 1 2 287
 15 0 0 359
 105 -2 1 213
 15 2 2 271
 15 -1 3 176
 15 -1 5 44
 15 1 -3 169
 15 1 1 223
 15 -1 4 332
 15 0 -4 104
 15 -2 3 130
 105 2 -3 94
 105 -3 -3 342
 105 -3 -1 217
 105 1 -2 221
 15 2 0 139
 105 4 0 49
 15 2 1 261
 15 3 1 2
 15 -1 -4 81
 15 2 2 103
 15 2 -1 25
 15 3 0 92
 105 0 -3 220
 15 3 2 144
 15 1 0 346
 15 -1 0 63
 15 1 2 234
 55 0 3 35
 55 3 -2 137
 55 -1 2 235
 5 -2 2 344
 55 -1 3 315
 55 -1 -2 10
 55 1 4 61
 55 -3 -2 172
 55 -2 0 356
 55 -1 1 252
 55 0 2 298
 55 2 3 204
 55 3 3 272
 55 2 -2 279
 55 1 4 85
 55 0 5 303
 55 1 3 68
 5 4 1 118
 55 2 4 357
 55 3 -1 88
 55 1 3 295
 55 3 2 116
 55 0 4 160
 55 -2 -2 347
 55 3 3 218
 55 0 2 122
 55 0 3 91
 5 -4 -1 210
 "contig-ratio-green-core" 0.6190476190476191
 "contig-ratio-red-core" 1
 "a-count" 5
 "b-count" 1
 "c-color-count" 27
 "c-express-count" 27
 "d-color-count" 24
 "d-express-count" 23
 "cell-count" 56
 15 0 -1 224
 15 0 -2 148
 15 -1 -2 237
 15 1 -2 92
 15 0 2 170
 105 -1 -3 145
 15 1 -1 344
 15 -4 -1 147
 15 3 -3 48
 15 -1 1 188
 15 4 -1 90
 15 0 0 334
 105 1 -4 97
 15 -1 4 273
 15 2 2 136
 15 1 0 348
 15 4 0 67
 15 -1 0 208
 15 -1 3 248
 15 0 -3 339
 15 0 -4 209
 105 -2 3 353
 15 -2 -3 127
 15 2 3 193
 105 3 3 40
 15 1 2 10
 15 1 1 345
 15 -1 -1 310
 55 -4 0 18
 55 -3 1 137
 55 -2 -1 277
 55 3 1 103
 55 2 -1 84
 55 3 -1 48
 55 3 -2 118
 55 2 1 185
 5 3 2 357
 55 0 4 233
 55 0 3 101
 55 -3 -3 146
 55 -2 -2 323
 55 -1 -4 186
 55 4 1 30
 55 2 -2 346
 55 2 -3 71
 55 2 0 30
 55 3 0 316
 55 -2 1 35
 55 1 -3 164
 55 -2 0 168
 55 1 3 261
 55 1 4 312
 55 -3 2 70
 55 -3 0 82
 55 -3 -2 161
 55 -3 -1 70
 "contig-ratio-green-core" 0.8333333333333334
 "contig-ratio-red-core" 0.8947368421052632
