 "a-count" 7
 "b-count" 7
 "c-color-count" 21
 "c-express-count" 21
 "d-color-count" 22
 "d-express-count" 21
 "cell-count" 56
 105 2 -4 265
 15 1 1 225
 15 1 -1 340
 105 -4 1 334
 15 -1 -2 35
 105 -2 -1 80
 15 0 -2 119
 15 3 4 350
 15 3 -1 64
 15 4 2 220
 15 0 -1 321
 15 -1 -1 32
 15 -1 0 199
 105 -2 1 47
 15 1 2 317
 105 -3 -2 62
 105 -2 -2 229
 15 0 2 321
 15 -2 3 259
 15 -3 1 61
 15 1 0 116
 15 2 1 176
 15 -3 3 145
 15 -1 2 330
 15 2 0 328
 15 -1 1 165
 15 0 1 96
 15 0 0 295
 55 3 1 76
 5 2 2 47
 55 3 2 181
 5 4 -1 11
 55 -1 -3 53
 55 -3 -1 277
 55 1 4 298
 55 4 0 268
 55 1 -2 73
 55 4 1 162
 55 0 -4 326
 5 3 -2 251
 55 2 4 314
 5 2 3 261
 55 0 3 193
 55 3 0 134
 55 1 -3 272
 55 -1 -4 206
 55 -2 2 311
 55 -1 3 98
 5 1 -4 204
 5 -2 -3 347
 55 2 -3 147
 5 1 3 299
 55 3 -3 237
 55 0 -3 108
 55 -3 0 269
 55 3 3 293
 "contig-ratio-green-core" 0.6470588235294118
 "contig-ratio-red-core" 0.7272727272727273
 "a-count" 10
 "b-count" 6
 "c-color-count" 23
 "c-express-count" 22
 "d-color-count" 20
 "d-express-count" 18
 "cell-count" 56
 15 -1 3 71
 105 1 -4 49
 15 -1 -3 172
 15 -2 2 215
 105 4 0 256
 105 4 1 322
 15 2 -1 276
 105 -3 3 100
 105 -3 2 40
 15 1 1 176
 105 1 4 342
 15 3 -1 214
 15 0 -4 263
 15 -1 1 40
 15 2 3 46
 15 0 -3 94
 15 -3 -2 220
 15 0 1 158
 15 2 2 289
 105 -2 -3 315
 15 2 0 192
 15 0 2 92
 105 -4 0 308
 15 1 0 73
 15 -4 1 284
 15 1 2 56
 15 -1 2 279
 15 -2 -2 9
 5 3 -3 338
 55 -1 -1 266
 55 -4 -1 142
 55 0 0 170
 55 -2 -1 192
 55 3 -2 350
 55 3 2 300
 55 -1 4 72
 55 0 -1 283
 55 0 4 27
 55 -3 -1 36
 55 -1 0 128
 55 1 -1 344
 55 1 3 232
 5 -3 -3 121
 55 -2 1 58
 55 -2 0 311
 55 1 -3 149
 5 -1 -4 296
 55 -1 -2 196
 5 2 1 53
 55 1 -2 101
 55 2 -2 2
 55 3 3 175
 5 0 3 331
 55 -2 3 50
 55 2 -3 228
 55 0 -2 273
 "contig-ratio-green-core" 0.7222222222222222
 "contig-ratio-red-core" 0.9411764705882353
 "a-count" 4
 "b-count" 7
 "c-color-count" 22
 "c-express-count" 21
 "d-color-count" 26
 "d-express-count" 24
 "cell-count" 56
 15 -2 0 259
 15 1 2 293
 15 1 -1 338
 15 2 1 163
 15 -1 -1 238
 15 2 2 69
 15 3 2 0
 105 1 4 41
 15 0 -3 96
 15 0 2 283
 15 0 3 190
 15 1 3 174
 15 -1 -2 353
 15 -3 -3 206
 15 1 0 222
 15 -1 0 51
 105 0 0 283
 15 -1 2 182
 15 0 -1 218
 15 -2 1 64
 15 2 0 257
 15 3 1 206
 15 3 -3 232
 15 2 -1 221
 15 0 1 84
 15 -1 3 59
 15 2 -2 272
 15 -1 1 197
 55 -3 2 87
 55 -3 1 83
 55 -2 2 162
 5 -2 -1 145
 55 -4 0 161
 55 0 4 63
 55 1 -2 261
 55 -2 3 78
 55 2 3 318
 5 -2 4 249
 5 -3 3 325
 55 0 -2 224
 55 -3 -1 13
 5 4 0 232
 55 -2 -3 122
 55 1 -3 140
 5 4 -1 354
 55 3 -1 124
 55 -1 4 10
 55 -4 2 275
 5 -2 -2 330
 55 3 3 103
 55 -1 -4 219
 55 3 -2 207
 55 4 1 88
 55 -3 0 348
 55 -4 -1 101
 55 0 -4 46
 "contig-ratio-green-core" 0.8947368421052632
 "contig-ratio-red-core" 0.65
 "a-count" 3
 "b-count" 3
 "c-color-count" 25
 "c-express-count" 25
 "d-color-count" 25
 "d-express-count" 25
 "cell-count" 56
 15 -3 -3 96
 15 -3 -1 331
 15 3 1 73
 15 -1 4 240
 15 -3 2 31
 15 2 1 287
 15 -3 -2 146
 15 2 -2 226
 105 -2 4 247
 105 3 3 242
 15 0 -4 208
 15 1 -1 12
 15 1 0 79
 15 1 2 336
 15 2 -1 346
 15 -2 -2 84
 15 2 0 194
 15 0 0 163
 15 -1 -1 297
 15 -1 3 247
 15 -2 3 305
 15 -1 0 200
 15 2 2 258
 15 -3 1 184
 15 1 1 332
 15 0 -1 109
 105 -1 -4 310
 15 -2 -1 20
 5 0 -2 236
 55 3 0 190
 55 -3 3 25
 55 3 -3 46
 55 0 -3 25
 55 -1 2 123
 55 3 2 350
 55 1 -2 270
 55 -2 2 74
 55 4 0 77
 55 1 -3 30
 55 1 3 317
 55 3 -2 27
 55 1 4 76
 55 -2 1 104
 55 -1 1 44
 55 -2 0 160
 55 4 1 237
 55 -4 -1 259
 55 0 4 313
 55 0 1 46
 55 1 -4 40
 5 -4 0 170
 55 0 2 196
 55 -1 -3 71
 55 -2 -3 18
 5 -1 -2 137
 55 0 3 95
 "contig-ratio-green-core" 0.782608695652174
 "contig-ratio-red-core" 0.8695652173913043
