 "a-count" 5
 "b-count" 4
 "c-color-count" 24
 "c-express-count" 24
 "d-color-count" 23
 "d-express-count" 23
 "cell-count" 56
 15 4 0 149
 15 2 0 269
 15 3 1 277
 15 -1 -2 181
 15 0 -1 134
 15 -4 2 306
 15 0 0 129
 15 -2 -2 240
 105 3 -2 53
 15 2 2 26
 105 1 -4 155
 105 3 -3 51
 15 -3 0 267
 15 2 4 190
 15 0 1 331
 105 3 2 11
 15 1 1 299
 15 1 -3 238
 15 1 2 53
 15 -1 4 173
 15 -2 0 319
 15 -1 1 280
 15 1 0 36
 15 -2 -4 251
 15 -3 -2 12
 15 2 1 108
 105 2 3 166
 15 1 -1 54
 55 -3 -3 299
 55 4 -1 69
 55 -1 -3 279
 55 0 4 41
 55 0 -2 193
 55 0 -4 198
 55 1 -2 31
 55 -1 3 190
 5 -4 1 104
 55 2 -1 200
 55 1 4 217
 5 0 2 45
 55 3 0 197
 55 -1 -1 141
 55 2 -3 154
 55 0 3 90
 55 4 1 326
 55 2 -2 192
 55 -4 -1 45
 5 -2 3 80
 55 -2 -3 247
 55 -3 2 332
 55 -1 -4 235
 55 1 3 95
 55 0 -3 168
 55 3 -1 57
 5 -1 0 248
 55 -2 1 85
 "contig-ratio-green-core" 0.75
 "contig-ratio-red-core" 0.9285714285714286
 "a-count" 6
 "b-count" 2
 "c-color-count" 26
 "c-express-count" 26
 "d-color-count" 22
 "d-express-count" 22
 "cell-count" 56
 15 3 1 289
 15 -2 1 216
 15 -1 2 206
 105 0 -2 37
 15 1 -2 242
 105 -2 -2 45
 15 -2 0 136
 15 -2 3 66
 15 -3 -3 238
 15 3 3 109
 15 2 0 277
 15 1 -1 239
 15 0 -1 92
 15 -2 2 3
 105 3 0 244
 15 -1 -1 334
 15 3 2 192
 15 3 -1 134
 105 -3 1 63
 15 -3 3 4
 105 -2 -3 56
 15 2 1 10
 15 -2 -1 37
 105 -3 -2 270
 15 -1 3 277
 15 2 -3 105
 15 -3 -1 243
 15 2 -1 178
 55 1 4 91
 5 0 4 50
 55 -4 1 263
 55 -4 -1 228
 55 0 -3 10
 55 2 3 18
 55 1 -3 224
 55 4 0 240
 55 -4 0 94
 55 2 2 148
 55 -1 0 333
 55 0 2 294
 55 2 -2 274
 55 4 1 115
 55 1 0 48
 55 0 0 257
 55 1 -4 125
 55 0 -4 286
 55 -1 1 348
 55 0 1 140
 55 0 3 172
 55 3 -2 307
 55 1 1 325
 55 2 4 342
 55 1 3 192
 55 3 -3 316
 55 1 2 74
 5 -1 -2 212
 "contig-ratio-green-core" 0.7727272727272727
 "contig-ratio-red-core" 0.7647058823529411
 "a-count" 7
 "b-count" 8
 "c-color-count" 20
 "c-express-count" 20
 "d-color-count" 22
 "d-express-count" 21
 "cell-count" 56
 15 4 0 164
 105 -2 3 256
 15 -2 4 95
 15 0 0 194
 15 2 0 322
 15 0 3 187
 15 -1 -3 243
 15 3 0 199
 105 0 -4 178
 15 3 1 296
 15 -1 -4 300
 15 1 0 9
 15 0 -2 299
 105 -2 -2 91
 105 -4 -1 222
 15 1 1 344
 15 -3 0 29
 15 -1 3 18
 15 0 4 241
 15 -3 1 191
 15 -2 -1 1
 15 2 1 237
 105 -1 4 339
 105 2 -2 171
 15 2 2 246
 15 0 1 145
 15 3 -1 340
 15 1 -2 294
 55 2 3 113
 55 -2 -3 293
 5 -4 1 132
 55 1 4 53
 55 0 2 332
 5 2 -3 103
 55 1 3 196
 55 2 4 27
 55 1 2 334
 55 -1 -1 224
 55 -2 0 259
 55 1 -4 176
 5 -2 2 173
 5 -4 0 74
 55 -1 0 36
 55 -2 1 90
 55 1 -3 177
 5 -3 3 264
 55 -1 1 279
 55 3 2 325
 55 -1 -2 25
 55 4 1 95
 55 1 -1 67
 5 -3 -1 314
 5 3 3 243
 55 -1 2 88
 5 -3 -2 322
 55 -3 2 320
 "contig-ratio-green-core" 0.9333333333333333
 "contig-ratio-red-core" 0.8947368421052632
