 "a-count" 6
 "b-count" 1
 "c-color-count" 27
 "c-express-count" 27
 "d-color-count" 22
 "d-express-count" 22
 "cell-count" 56
 105 2 -1 174
 15 3 1 16
 15 0 -1 261
 15 0 4 9
 105 3 -1 286
 15 -3 0 39
 15 3 0 323
 15 2 0 332
 15 -3 -3 134
 105 2 -2 127
 15 1 -1 255
 15 1 1 222
 15 3 3 323
 15 0 3 317
 15 -1 3 192
 15 -1 -1 149
 105 3 -2 67
 15 -3 -1 117
 15 1 -3 133
 15 2 2 118
 105 -1 4 348
 15 -2 1 153
 15 -2 4 95
 15 -3 -2 355
 15 -2 0 218
 15 1 0 174
 15 2 1 194
 105 -4 -1 332
 55 0 2 175
 55 -1 -2 173
 55 -1 1 3
 55 -3 2 87
 55 -4 0 249
 55 -2 2 187
 55 4 0 14
 55 0 0 346
 55 -2 -1 115
 55 -2 3 233
 55 0 -4 46
 55 2 3 357
 55 -1 -3 32
 55 -1 -4 125
 55 -4 2 116
 55 -1 2 272
 5 2 -3 33
 55 0 -3 303
 55 1 4 198
 55 -1 0 51
 55 1 3 57
 55 -2 -2 314
 55 0 1 63
 55 0 2 261
 55 4 -1 48
 55 3 2 255
 55 -1 2 28
 55 -3 1 175
 "contig-ratio-green-core" 0.68
 "contig-ratio-red-core" 1.1875
 "a-count" 9
 "b-count" 5
 "c-color-count" 24
 "c-express-count" 23
 "d-color-count" 19
 "d-express-count" 19
 "cell-count" 56
 15 2 2 302
 15 1 -1 350
 15 2 1 13
 15 -2 2 227
 15 -1 2 345
 15 -4 1 193
 105 -3 1 318
 15 3 3 103
 15 -3 0 221
 15 -2 3 117
 105 0 -1 32
 105 -3 2 246
 105 -1 0 344
 15 1 0 227
 105 -2 -2 66
 15 0 2 328
 105 -2 1 345
 15 0 0 313
 105 -3 3 339
 15 -2 -1 118
 15 1 2 30
 15 1 1 314
 15 0 1 25
 105 1 4 91
 15 -1 1 349
 15 0 -2 194
 105 0 -4 294
 15 -1 -1 273
 55 2 -3 252
 55 -1 -3 217
 55 1 3 331
 55 4 2 235
 55 1 -4 243
 55 3 2 335
 5 3 -2 62
 55 -1 3 160
 55 2 3 141
 55 0 -3 127
 55 2 -1 122
 5 3 -1 58
 55 1 -2 188
 55 1 -3 8
 55 4 1 34
 55 -3 -1 166
 5 3 -3 36
 55 4 0 79
 55 3 0 155
 55 -4 -1 31
 55 2 0 135
 5 -1 -2 348
 55 -3 -3 18
 55 -2 -3 280
 55 0 4 11
 55 3 1 159
 55 -4 0 277
 55 0 3 28
 "contig-ratio-green-core" 0.6666666666666666
 "contig-ratio-red-core" 0.9230769230769231
 "a-count" 8
 "b-count" 3
 "c-color-count" 25
 "c-express-count" 25
 "d-color-count" 22
 "d-express-count" 20
 "cell-count" 56
 15 2 2 353
 15 0 1 103
 15 2 -2 34
 15 0 -3 350
 105 0 0 357
 15 -2 1 163
 15 1 -1 181
 15 -3 0 346
 15 -3 2 307
 15 2 -1 294
 105 3 3 227
 15 1 2 277
 15 2 1 354
 15 0 2 37
 105 -3 -3 329
 15 -1 1 168
 15 -1 0 90
 15 3 1 1
 105 -2 -3 195
 15 -1 -3 258
 105 3 2 284
 15 -4 -1 295
 15 1 0 110
 15 2 0 266
 105 -3 3 181
 15 0 3 330
 15 -3 1 261
 15 -2 0 84
 55 -1 3 60
 55 2 -4 335
 55 3 -1 239
 55 -4 0 199
 55 -4 1 78
 55 0 4 173
 55 3 -3 257
 5 0 -4 21
 55 -2 -2 29
 55 -3 -1 77
 55 3 -2 205
 55 -3 -2 97
 55 1 3 99
 55 -1 -1 10
 55 1 -4 271
 55 2 3 149
 55 1 -3 117
 55 1 -2 243
 55 -1 -2 254
 55 -1 2 30
 55 0 -1 162
 55 -2 2 319
 55 -1 4 150
 5 4 -1 205
 55 3 0 56
 5 -1 -4 278
 55 0 -2 226
 55 -2 -1 322
 "contig-ratio-green-core" 0.8636363636363636
 "contig-ratio-red-core" 1
 "a-count" 6
 "b-count" 2
 "c-color-count" 26
 "c-express-count" 26
 "d-color-count" 22
 "d-express-count" 22
 "cell-count" 56
 15 -1 -1 256
 15 0 0 117
 15 3 2 258
 105 -4 0 245
 15 -1 4 26
 15 2 1 210
 105 -4 -1 129
 15 -1 -3 55
 15 1 -1 26
 15 1 0 3
 15 -2 3 322
 105 -2 -3 235
 15 -3 -1 305
 15 -2 2 93
 15 1 1 177
 15 1 2 130
 15 2 2 149
 105 3 3 168
 105 2 3 240
 15 0 -4 25
 15 3 1 31
 15 0 -1 145
 15 -3 3 46
 15 -3 2 65
 105 1 -4 282
 15 -1 0 24
 15 -3 1 35
 15 -1 -2 72
 55 4 0 165
 55 4 -1 155
 55 1 -3 12
 55 -3 0 243
 5 3 -3 220
 55 -1 2 73
 55 0 -3 148
 55 3 -1 273
 55 -2 -2 348
 55 -1 3 36
 55 0 2 162
 55 0 1 169
 55 2 -2 104
 55 3 0 131
 55 -2 1 345
 55 1 -2 192
 55 2 -1 22
 5 -1 -4 66
 55 4 1 92
 55 -1 1 52
 55 1 4 122
 55 -2 -1 75
 55 0 3 301
 55 0 -2 233
 55 -2 0 255
 55 3 -2 239
 55 2 0 155
 55 1 3 131
 "contig-ratio-green-core" 0.7083333333333334
 "contig-ratio-red-core" 0.8947368421052632
