 "a-count" 3
 "b-count" 2
 "c-color-count" 26
 "c-express-count" 26
 "d-color-count" 26
 "d-express-count" 25
 "cell-count" 56
 15 -4 -1 345
 15 1 1 28
 15 2 -2 117
 15 0 0 158
 15 0 1 62
 15 0 -1 338
 105 -2 -3 101
 15 -1 2 204
 15 -4 0 267
 15 -1 -2 69
 15 -1 0 263
 15 0 2 350
 15 -1 -1 165
 15 4 1 222
 105 2 0 211
 15 2 -1 6
 15 -2 -2 244
 15 3 2 356
 15 2 1 47
 15 -1 3 326
 15 3 0 140
 15 3 1 22
 15 2 -3 44
 15 0 -2 192
 15 -3 2 20
 15 1 -1 285
 15 2 2 176
 15 -1 1 159
 55 -1 -4 85
 55 1 2 194
 55 -2 -1 294
 5 1 3 4
 55 3 -3 149
 55 4 0 72
 55 -3 -2 15
 55 0 -3 60
 55 1 4 324
 55 -1 4 316
 55 0 3 31
 55 1 -4 345
 5 -1 -3 276
 55 3 -1 357
 55 3 -2 276
 55 1 -3 113
 55 -4 1 236
 55 -3 1 117
 55 -2 0 347
 55 -3 -1 111
 55 0 4 302
 55 -3 3 108
 55 -3 0 186
 55 0 -4 216
 55 -2 2 322
 55 4 -1 242
 55 -2 3 301
 55 -2 1 343
 "contig-ratio-green-core" 0.6666666666666666
 "contig-ratio-red-core" 0.9444444444444444
 "a-count" 11
 "b-count" 4
 "c-color-count" 24
 "c-express-count" 24
 "d-color-count" 20
 "d-express-count" 17
 "cell-count" 56
 15 -1 0 146
 15 -2 0 348
 105 0 3 257
 15 4 1 145
 105 1 -3 241
 105 -3 -1 280
 15 2 -2 225
 15 1 0 175
 15 -4 -1 39
 15 -2 -2 142
 105 2 -1 125
 15 1 3 138
 15 -2 1 342
 15 0 -1 286
 15 1 -2 359
 15 0 -3 343
 15 1 1 326
 15 -1 3 276
 105 -4 0 250
 105 -2 2 317
 15 -1 2 303
 105 -3 -2 13
 105 2 0 102
 15 0 2 298
 15 -1 1 25
 15 0 1 2
 15 1 2 11
 15 0 0 189
 55 1 -4 39
 55 3 0 13
 55 -2 3 77
 55 -1 4 90
 55 0 4 347
 55 -3 1 311
 5 3 2 268
 55 4 0 107
 55 0 -4 236
 55 -3 0 90
 55 -4 1 15
 55 3 -2 77
 55 -1 -3 257
 55 0 -2 136
 55 -1 -4 91
 55 3 -1 172
 55 -2 -3 42
 55 1 4 81
 5 2 3 51
 55 2 1 205
 55 -2 -1 119
 5 -3 3 138
 55 4 -1 18
 55 -1 -1 91
 55 -1 -2 294
 55 3 1 180
 55 -2 -4 351
 5 2 2 27
 "contig-ratio-green-core" 0.5454545454545454
 "contig-ratio-red-core" 1
 "a-count" 6
 "b-count" 8
 "c-color-count" 20
 "c-express-count" 20
 "d-color-count" 22
 "d-express-count" 22
 "cell-count" 56
 15 1 4 93
 15 -1 1 50
 15 0 -4 155
 15 -2 -1 138
 105 2 0 348
 105 -2 3 5
 105 3 0 359
 15 0 1 70
 15 1 1 100
 15 -1 0 150
 15 1 2 276
 15 2 -3 310
 105 4 -1 171
 15 3 -2 279
 15 3 2 334
 15 -2 1 15
 15 3 1 71
 15 2 1 68
 15 3 -1 88
 15 -1 2 330
 105 4 0 102
 15 -2 2 10
 15 4 1 90
 15 -3 1 230
 15 -2 0 8
 15 -1 -1 4
 15 1 -3 79
 105 1 -4 18
 5 0 3 144
 55 2 -2 94
 55 1 3 287
 55 -3 2 224
 5 -2 -3 84
 55 2 3 334
 55 -1 -4 267
 55 1 0 253
 55 0 0 147
 5 3 3 234
 5 -3 3 4
 5 -3 -3 69
 5 -1 4 87
 55 -2 -2 302
 55 -3 0 219
 55 0 -1 146
 5 -4 1 340
 55 -1 -2 330
 5 3 -3 62
 55 1 -2 299
 55 2 2 109
 55 -1 3 260
 55 -3 -2 45
 55 1 -1 257
 55 0 -2 287
 55 -3 -1 127
 55 -1 -3 203
 55 2 -1 79
 "contig-ratio-green-core" 1
 "contig-ratio-red-core" 0.8823529411764706
 "a-count" 4
 "b-count" 6
 "c-color-count" 22
 "c-express-count" 22
 "d-color-count" 24
 "d-express-count" 24
 "cell-count" 56
 15 -2 -1 114
 15 -1 -2 115
 15 1 3 157
 105 1 -4 2
 15 -1 -1 18
 105 2 3 122
 15 0 -2 162
 15 0 1 238
 15 1 0 310
 15 -2 -2 114
 15 -4 0 152
 15 -3 0 276
 15 0 -1 319
 15 -3 -3 350
 105 2 -3 304
 15 1 4 210
 15 -1 1 65
 15 1 1 154
 105 0 0 277
 15 4 -1 160
 15 -2 2 272
 15 -3 1 269
 15 0 2 80
 15 -2 0 113
 15 1 -2 259
 15 -2 1 86
 15 0 -4 191
 15 1 -1 23
 55 -2 3 211
 55 1 -3 291
 55 -2 -3 329
 5 3 -3 211
 55 3 2 211
 55 0 3 196
 55 -3 -1 359
 5 0 4 239
 5 -1 2 111
 55 2 0 97
 5 0 -3 292
 55 2 -2 235
 55 2 -1 232
 55 3 1 93
 55 2 2 283
 55 1 2 206
 5 3 -2 114
 55 3 0 165
 55 -3 -2 99
 55 3 -1 229
 55 3 3 102
 55 -1 -3 52
 55 -4 -1 11
 55 2 1 78
 5 -1 -4 301
 55 4 0 189
 55 -1 3 173
 55 -3 2 3
 "contig-ratio-green-core" 0.7
 "contig-ratio-red-core" 0.7777777777777778
