 "a-count" 3
 "b-count" 4
 "c-color-count" 25
 "c-express-count" 24
 "d-color-count" 26
 "d-express-count" 25
 "cell-count" 56
 15 3 1 338
 15 -1 -1 173
 15 1 2 151
 15 1 1 236
 15 -2 1 335
 15 2 -2 160
 15 3 0 50
 15 2 0 300
 15 1 -2 305
 105 1 3 29
 15 -3 -2 344
 15 -1 2 218
 15 3 -1 26
 15 2 1 23
 105 -2 2 303
 15 0 -2 359
 15 1 -1 277
 15 0 4 226
 15 3 -2 176
 15 -1 1 352
 15 0 1 1
 15 0 0 152
 15 2 -1 57
 15 0 -1 24
 15 -3 -3 211
 15 0 2 240
 15 -4 -1 272
 15 -1 0 67
 55 4 1 291
 55 -1 -3 150
 5 3 2 110
 55 -3 1 229
 55 3 -3 201
 55 -4 1 247
 55 2 3 134
 55 -2 -3 29
 5 0 -4 75
 55 -4 0 3
 55 -2 3 323
 55 -2 -2 18
 55 1 -3 347
 55 1 -4 163
 55 4 -1 340
 55 -2 -1 27
 55 -3 2 86
 55 2 -3 217
 55 0 3 174
 55 -1 -2 351
 55 -3 -1 83
 55 4 -3 223
 55 4 0 306
 55 -2 0 55
 55 4 -2 193
 5 0 -3 92
 55 -1 3 40
 55 2 2 261
 "contig-ratio-green-core" 0.6842105263157895
 "contig-ratio-red-core" 0.85
 "a-count" 5
 "b-count" 5
 "c-color-count" 23
 "c-express-count" 23
 "d-color-count" 24
 "d-express-count" 23
 "cell-count" 56
 15 3 3 33
 15 1 -3 355
 15 -1 1 271
 15 2 0 356
 15 3 2 286
 15 0 -2 157
 15 -4 1 334
 105 1 3 254
 15 -3 0 78
 15 -2 -2 206
 105 3 -3 349
 15 2 1 347
 105 -3 -3 27
 15 -2 1 184
 15 -1 -3 293
 15 -3 2 105
 15 1 -2 237
 105 4 1 248
 15 1 2 216
 15 0 -3 262
 15 -1 -1 48
 15 -1 -2 290
 15 3 0 295
 15 1 1 293
 15 -3 -1 195
 15 3 1 182
 15 -2 0 204
 15 2 2 182
 5 -2 2 70
 55 -1 0 51
 55 -1 3 96
 55 3 -1 94
 55 2 4 109
 55 -3 3 80
 5 4 -1 45
 55 0 3 7
 55 0 -1 82
 55 0 1 260
 55 1 -4 148
 5 -1 4 215
 55 -2 3 149
 55 1 -1 295
 5 -3 1 322
 55 0 -4 144
 55 0 0 353
 55 2 -2 74
 55 2 3 224
 55 2 -1 290
 55 -1 -4 6
 55 3 -2 32
 55 -4 -1 199
 55 1 4 290
 55 -4 0 192
 55 -3 -2 90
 55 2 -3 159
 5 -2 -3 283
 "contig-ratio-green-core" 0.8
 "contig-ratio-red-core" 0.7894736842105263
 "a-count" 8
 "b-count" 4
 "c-color-count" 25
 "c-express-count" 24
 "d-color-count" 21
 "d-express-count" 20
 "cell-count" 56
 15 0 -2 232
 15 1 3 27
 105 -3 2 195
 15 -2 -2 170
 15 -3 3 215
 15 1 -2 57
 15 -3 1 326
 15 3 1 169
 15 1 4 36
 15 0 3 295
 105 3 -3 196
 15 -2 1 167
 105 1 -4 244
 15 -1 -2 176
 15 -2 -1 98
 15 -1 -3 284
 15 -2 0 286
 105 2 -3 235
 15 2 3 174
 15 -1 -4 52
 15 -1 -1 265
 105 4 1 23
 15 0 2 25
 15 1 2 87
 105 -3 0 197
 105 0 -3 44
 15 -3 -1 351
 15 4 0 85
 55 1 -3 346
 55 1 0 270
 55 2 -1 109
 5 -3 -2 93
 55 -4 0 27
 55 3 3 216
 55 4 -1 134
 55 2 2 352
 55 0 -4 213
 55 2 0 138
 55 -1 2 187
 55 0 1 294
 55 3 -1 192
 55 0 4 14
 5 -1 4 133
 55 -2 2 59
 55 2 -2 96
 55 0 0 78
 55 3 0 108
 5 3 2 352
 55 -2 -3 182
 55 1 1 175
 55 -4 -1 54
 55 1 -1 177
 55 -1 1 333
 55 2 1 277
 55 0 -1 320
 55 -3 -3 218
 "contig-ratio-green-core" 0.7
 "contig-ratio-red-core" 1
 "a-count" 7
 "b-count" 3
 "c-color-count" 25
 "c-express-count" 25
 "d-color-count" 21
 "d-express-count" 21
 "cell-count" 56
 105 1 -2 299
 15 0 1 351
 15 1 1 177
 105 3 -3 89
 105 0 -2 339
 15 2 2 251
 15 0 -4 233
 15 -3 -1 1
 105 3 3 328
 15 4 1 145
 15 0 4 82
 105 -1 5 151
 15 3 4 45
 105 -2 -1 305
 15 -4 -2 241
 15 3 2 7
 15 1 2 276
 105 1 0 70
 15 -2 1 117
 15 -1 0 274
 15 3 -2 223
 15 -4 1 331
 15 -1 4 267
 15 -3 0 198
 15 0 4 328
 15 -4 0 348
 15 -1 -2 234
 15 2 3 24
 55 -2 -2 33
 55 3 -1 339
 55 -1 2 326
 55 0 2 184
 55 -1 3 168
 55 2 4 274
 55 -3 -2 262
 55 0 4 177
 55 4 0 135
 5 -3 2 335
 55 0 3 57
 55 -1 -3 309
 55 -1 1 173
 55 1 3 332
 55 1 3 28
 55 1 4 173
 55 -2 -3 39
 55 -1 4 273
 55 -3 1 108
 55 0 3 109
 55 -2 2 223
 55 1 -4 245
 55 -4 -1 260
 55 2 -1 189
 5 -3 3 55
 5 -2 3 13
 55 4 -1 345
 55 1 3 260
 "contig-ratio-green-core" 0.75
 "contig-ratio-red-core" 1.125
