 "a-count" 10
 "b-count" 5
 "c-color-count" 24
 "c-express-count" 23
 "d-color-count" 22
 "d-express-count" 18
 "cell-count" 56
 105 -2 -2 311
 15 -1 2 321
 15 0 2 7
 105 0 4 123
 15 3 1 238
 15 3 0 5
 15 -4 1 164
 15 0 -2 193
 105 4 2 162
 15 4 -1 148
 15 -2 3 286
 15 0 1 9
 15 1 1 225
 15 -2 -3 293
 15 2 0 195
 15 1 0 313
 15 0 0 126
 105 -2 -1 33
 15 1 -1 196
 105 3 3 93
 15 1 -4 52
 15 3 0 23
 15 -1 1 177
 15 -4 -1 357
 15 2 -1 119
 15 1 -2 1
 15 3 -1 42
 105 -3 -2 199
 55 3 2 225
 55 -3 2 294
 55 2 3 275
 5 -1 -1 26
 55 4 1 277
 55 -1 -4 246
 5 -1 0 62
 55 -3 -1 184
 55 2 -3 47
 5 -3 3 267
 55 4 0 283
 55 -2 1 221
 55 2 -2 324
 55 3 -3 28
 55 0 -4 175
 55 -1 3 343
 55 -3 0 1
 55 2 1 268
 55 1 2 232
 55 4 -2 17
 55 0 -1 258
 55 3 -2 156
 55 -1 -5 263
 55 1 3 231
 55 -3 1 301
 55 2 2 257
 55 0 3 45
 5 -1 -2 172
 "contig-ratio-green-core" 0.95
 "contig-ratio-red-core" 0.75
 "a-count" 7
 "b-count" 5
 "c-color-count" 23
 "c-express-count" 23
 "d-color-count" 22
 "d-express-count" 21
 "cell-count" 56
 15 1 1 242
 15 -1 -1 40
 15 -1 1 325
 15 -2 0 55
 15 1 0 92
 105 3 3 302
 15 0 2 246
 15 0 0 335
 15 2 1 180
 105 1 2 133
 15 0 1 88
 15 -2 -3 102
 15 -1 2 187
 15 -2 -1 311
 15 1 4 61
 15 -3 -2 341
 15 2 -1 175
 105 -1 -4 300
 15 1 3 39
 15 -2 -2 203
 15 0 -1 202
 15 4 2 185
 105 4 0 40
 15 1 -1 231
 15 2 0 143
 105 -3 -3 356
 15 3 -2 359
 105 2 3 219
 55 0 3 210
 55 3 -3 48
 55 -2 1 89
 55 -1 3 161
 55 -1 -3 194
 5 2 2 305
 5 -1 4 147
 55 2 -3 321
 55 -3 -1 347
 55 3 2 273
 55 -3 1 241
 5 0 -3 214
 55 -1 -2 72
 55 1 -4 225
 55 3 0 145
 55 4 1 56
 55 -2 2 161
 55 -3 3 219
 55 0 -2 156
 55 -2 3 217
 5 -3 0 6
 55 1 -3 284
 55 3 -1 148
 55 1 -2 111
 55 -2 4 143
 55 3 1 41
 5 0 4 27
 55 0 -4 85
 "contig-ratio-green-core" 0.8888888888888888
 "contig-ratio-red-core" 0.75
 "a-count" 4
 "b-count" 8
 "c-color-count" 21
 "c-express-count" 20
 "d-color-count" 24
 "d-express-count" 24
 "cell-count" 56
 105 -3 -3 148
 15 0 0 243
 105 3 3 237
 15 -1 1 280
 15 0 1 310
 15 2 3 104
 15 -1 3 13
 15 1 -1 212
 15 2 0 100
 15 -1 -2 169
 105 0 4 7
 15 -1 -3 239
 15 -2 3 54
 105 -4 0 19
 15 0 3 329
 15 1 0 185
 15 0 -3 264
 15 2 -1 170
 15 -1 -1 65
 15 1 2 138
 15 1 -2 88
 15 1 1 298
 15 -2 -2 315
 15 -1 0 212
 15 -2 -3 38
 15 0 2 169
 15 -1 2 164
 15 0 -2 260
 55 3 2 338
 5 -4 1 154
 55 0 -4 37
 55 -3 -1 297
 55 3 -2 254
 55 1 -3 22
 55 -2 -1 239
 55 2 1 124
 55 -3 1 274
 55 4 1 188
 55 -1 -4 152
 5 2 -3 4
 55 3 0 49
 55 -2 1 46
 55 4 -1 18
 55 3 1 226
 55 -3 0 233
 5 -3 -2 315
 55 -1 4 137
 55 3 -1 210
 55 2 2 114
 5 -3 2 191
 5 3 -3 352
 55 -2 0 142
 55 -2 2 21
 5 -3 3 42
 5 1 -4 279
 55 4 0 253
 "contig-ratio-green-core" 0.875
 "contig-ratio-red-core" 0.631578947368421
