 "a-count" 9
 "b-count" 5
 "c-color-count" 23
 "c-express-count" 23
 "d-color-count" 20
 "d-express-count" 19
 "cell-count" 56
 15 -2 -1 93
 15 2 0 245
 15 -4 0 278
 15 -3 1 31
 15 1 -2 5
 105 0 0 286
 105 3 -3 257
 15 3 1 141
 105 -1 -2 307
 15 -4 1 112
 105 -2 -3 77
 15 1 0 88
 15 0 -2 134
 15 -1 -1 19
 15 -3 -1 5
 15 -3 2 150
 15 -3 0 89
 15 3 0 57
 105 4 1 202
 105 -2 3 124
 15 2 -1 230
 15 4 -1 115
 15 3 -1 263
 105 -3 -2 116
 15 -1 3 113
 15 1 -1 71
 15 2 -2 13
 105 -2 -2 255
 55 -1 1 154
 55 1 1 204
 5 1 4 104
 55 1 -3 157
 55 -2 0 261
 55 -1 2 25
 55 -1 0 22
 55 -2 -4 18
 55 2 -3 276
 55 3 2 289
 5 -1 4 55
 55 0 -4 144
 55 0 2 256
 55 0 1 288
 5 3 3 168
 55 2 2 213
 55 -1 -4 128
 5 -3 -3 347
 55 1 2 348
 55 -2 2 228
 55 0 4 226
 55 1 3 130
 55 0 3 77
 55 1 -4 231
 55 0 -3 153
 55 2 1 168
 5 2 3 41
 55 -2 1 260
 "contig-ratio-green-core" 0.7058823529411765
 "contig-ratio-red-core" 0.6111111111111112
 "a-count" 1
 "b-count" 5
 "c-color-count" 23
 "c-express-count" 23
 "d-color-count" 28
 "d-express-count" 27
 "cell-count" 56
 15 0 1 132
 15 3 2 79
 15 -1 -4 264
 15 -2 2 262
 15 1 -1 267
 15 -1 2 34
 15 4 1 207
 15 -1 1 322
 15 -1 3 99
 15 0 -2 279
 15 1 0 293
 15 0 0 257
 15 -3 3 0
 15 -2 1 210
 15 1 -2 123
 15 -2 3 37
 15 -2 0 226
 15 -1 0 278
 15 -1 -1 215
 15 1 4 243
 15 -1 -3 258
 15 2 -1 86
 15 2 3 186
 15 -4 0 36
 15 0 -1 108
 15 -2 -1 230
 15 3 3 93
 15 2 -2 185
 55 -3 -3 280
 55 2 0 311
 55 0 -4 73
 55 2 2 19
 55 -3 1 225
 5 2 -3 235
 55 3 -2 279
 55 1 3 159
 55 -3 -1 112
 55 3 0 108
 55 1 -4 55
 55 -3 2 176
 55 -3 0 174
 55 -2 -2 197
 55 -3 -2 73
 55 0 2 180
 55 3 -1 267
 55 1 1 92
 55 1 2 59
 55 0 3 190
 5 -1 4 235
 55 2 1 5
 55 3 1 57
 55 1 -3 234
 55 -4 -1 298
 5 4 -1 76
 5 4 0 187
 5 0 -3 247
 "contig-ratio-green-core" 0.8888888888888888
 "contig-ratio-red-core" 0.8
 "a-count" 1
 "b-count" 4
 "c-color-count" 24
 "c-express-count" 24
 "d-color-count" 27
 "d-express-count" 27
 "cell-count" 56
 15 -1 -4 228
 15 -2 -2 96
 15 -3 3 148
 15 4 1 340
 15 -1 -3 239
 15 -3 -1 274
 15 -1 4 117
 15 -4 0 96
 15 0 -3 40
 15 1 4 80
 15 -1 -3 267
 15 -1 -2 303
 15 2 -1 72
 15 2 3 77
 15 4 2 320
 105 4 -1 355
 15 3 -1 80
 15 3 1 77
 15 0 -2 129
 15 1 -2 12
 15 -2 -1 343
 15 -4 -1 174
 15 1 1 138
 15 -3 4 40
 15 2 -2 241
 15 -2 4 98
 15 0 4 111
 15 3 2 208
 55 -1 0 293
 55 -4 1 298
 55 3 0 75
 55 -3 0 110
 5 -1 3 322
 55 -3 -3 323
 55 0 3 133
 5 -3 -2 194
 55 -2 1 117
 55 1 0 32
 5 1 -1 16
 55 0 0 109
 55 2 -3 1
 55 1 2 229
 55 0 2 166
 55 -2 -3 91
 55 -1 -1 75
 55 3 3 244
 55 2 1 104
 55 3 -2 51
 55 0 -1 258
 55 -2 0 228
 55 -2 2 310
 55 1 3 191
 55 0 1 45
 55 -3 1 88
 55 2 2 145
 5 -1 2 11
 "contig-ratio-green-core" 0.8235294117647058
 "contig-ratio-red-core" 0.6842105263157895
 "a-count" 6
 "b-count" 4
 "c-color-count" 25
 "c-express-count" 24
 "d-color-count" 23
 "d-express-count" 22
 "cell-count" 56
 15 -2 3 92
 105 3 3 44
 15 0 3 29
 15 0 -2 334
 15 -1 -3 12
 105 3 -1 194
 15 0 -3 234
 15 -4 2 72
 15 1 3 84
 15 3 -3 307
 105 2 -2 149
 15 -2 -3 145
 15 4 -1 39
 15 -1 2 211
 15 4 1 347
 15 -2 2 10
 15 -1 3 335
 15 0 -1 52
 15 -1 4 123
 15 -3 2 105
 15 4 0 136
 105 -4 0 273
 15 -2 -1 100
 15 -3 -3 139
 15 -1 -1 184
 15 0 4 238
 15 -4 1 64
 105 -2 -2 125
 55 -3 -1 305
 55 2 -1 74
 55 1 0 37
 55 2 1 275
 55 -3 0 60
 5 2 2 263
 55 -1 0 114
 55 -2 4 91
 55 -1 -4 332
 5 1 1 358
 55 1 -4 349
 55 -4 -1 250
 55 3 1 108
 55 -2 0 289
 55 0 0 7
 55 3 0 31
 55 0 2 34
 55 -2 -4 17
 55 2 0 83
 55 -3 1 23
 55 1 -2 338
 55 1 -3 28
 5 2 3 333
 55 -1 1 171
 55 1 -1 95
 55 0 -4 200
 55 -3 3 49
 55 0 1 7
 "contig-ratio-green-core" 0.7142857142857143
 "contig-ratio-red-core" 0.8
