 "a-count" 4
 "b-count" 6
 "c-color-count" 22
 "c-express-count" 22
 "d-color-count" 25
 "d-express-count" 24
 "cell-count" 56
 15 3 0 232
 15 -3 -3 27
 15 -1 -3 93
 15 3 -3 268
 15 4 1 199
 15 -1 2 351
 105 -1 4 197
 15 0 0 103
 15 -1 1 288
 15 1 4 307
 15 -1 -1 30
 15 -2 2 96
 15 0 2 94
 15 1 1 336
 15 1 0 285
 15 2 0 79
 105 2 -3 13
 15 -3 3 135
 15 3 3 146
 15 -2 3 357
 15 0 -1 295
 15 0 1 33
 15 2 2 16
 15 1 -1 32
 15 3 -1 334
 105 2 1 330
 15 2 -1 309
 15 1 2 338
 55 -1 -2 293
 55 0 4 0
 5 4 -1 258
 55 3 2 164
 55 1 3 242
 55 3 1 142
 55 0 -2 351
 55 3 -2 25
 55 -1 3 230
 55 -2 -1 196
 55 -3 -1 34
 5 -4 1 228
 5 -3 -2 187
 5 -3 2 31
 55 2 -2 205
 55 1 -3 207
 5 -2 -2 335
 55 0 3 239
 55 1 -2 88
 55 -4 -1 2
 55 0 -4 284
 55 4 0 211
 55 -3 0 63
 55 -2 1 62
 5 -2 -3 154
 55 -2 0 219
 55 0 -3 304
 55 2 3 146
 "contig-ratio-green-core" 0.8888888888888888
 "contig-ratio-red-core" 0.875
 "a-count" 4
 "b-count" 3
 "c-color-count" 25
 "c-express-count" 25
 "d-color-count" 24
 "d-express-count" 24
 "cell-count" 56
 15 2 2 118
 15 1 -4 46
 15 -2 2 6
 15 -3 0 177
 15 3 -3 309
 15 3 0 216
 15 -1 -3 317
 15 1 3 225
 15 3 1 201
 15 2 -3 334
 15 0 -4 8
 15 0 -3 176
 15 0 4 47
 15 0 3 69
 105 -1 2 184
 15 -1 4 173
 105 1 4 14
 15 -2 -3 118
 15 4 0 242
 15 -3 -2 84
 15 4 -1 36
 15 -4 -1 132
 15 1 -3 52
 15 -2 1 90
 105 3 -1 252
 105 3 2 324
 15 -3 -1 220
 15 4 1 339
 55 3 3 142
 55 0 -1 303
 55 1 0 65
 55 2 0 82
 55 0 2 211
 55 -2 -1 9
 55 2 -1 202
 55 2 1 59
 55 -4 2 17
 55 -2 -2 45
 55 -4 1 170
 55 1 -2 100
 55 1 1 272
 55 -1 0 127
 55 0 -2 157
 5 -3 3 229
 5 2 3 318
 55 0 0 184
 55 -1 -4 274
 5 -3 1 67
 55 1 -1 335
 55 1 2 254
 55 2 -2 250
 55 -3 2 251
 55 -2 0 36
 55 0 1 310
 55 -1 -2 153
 55 -1 -1 263
 "contig-ratio-green-core" 0.8333333333333334
 "contig-ratio-red-core" 0.5
 "a-count" 6
 "b-count" 6
 "c-color-count" 22
 "c-express-count" 22
 "d-color-count" 23
 "d-express-count" 22
 "cell-count" 56
 15 -1 2 284
 15 0 3 63
 105 -2 3 82
 15 -1 4 285
 15 0 -3 197
 15 1 3 124
 15 -4 1 105
 15 1 -1 95
 15 4 1 288
 15 2 -1 94
 15 -2 -3 116
 15 0 -4 323
 15 -1 -4 273
 15 1 4 3
 15 -1 3 223
 105 1 -3 28
 15 1 -2 26
 15 3 0 340
 105 0 4 127
 105 -1 -2 330
 15 0 -1 178
 15 -1 -3 245
 105 2 -2 80
 15 -2 2 159
 15 0 -2 28
 15 -2 -2 327
 15 2 0 305
 15 3 1 26
 55 2 3 174
 5 -1 0 60
 55 1 2 97
 55 -4 0 215
 5 3 3 34
 55 2 1 199
 55 -3 -1 223
 55 -2 1 103
 55 -3 1 9
 5 -4 -1 180
 55 1 1 223
 55 0 2 246
 55 -1 1 295
 5 3 -3 147
 55 2 2 256
 55 -1 -1 52
 55 -2 0 268
 55 -3 2 315
 55 4 -1 346
 5 2 -3 6
 55 -1 -5 100
 55 1 0 197
 55 0 1 41
 55 3 2 143
 5 3 -1 250
 55 -3 0 189
 55 0 0 175
 55 -2 -1 172
 "contig-ratio-green-core" 0.625
 "contig-ratio-red-core" 0.7647058823529411
 "a-count" 6
 "b-count" 4
 "c-color-count" 24
 "c-express-count" 24
 "d-color-count" 22
 "d-express-count" 22
 "cell-count" 56
 105 2 -1 306
 15 4 0 245
 15 2 0 211
 105 1 -4 47
 15 -2 -2 203
 15 3 -2 219
 15 1 4 175
 105 4 -1 285
 15 -3 2 67
 15 3 0 324
 105 -2 -3 23
 15 -1 3 220
 15 -1 -4 29
 15 -2 2 253
 15 -4 -1 319
 15 3 3 25
 15 -3 -2 349
 15 0 -2 167
 15 3 2 318
 15 3 1 130
 15 -1 -2 265
 15 -1 -3 297
 15 -4 1 230
 15 -4 0 330
 15 0 -3 275
 15 3 -1 16
 105 2 3 32
 105 2 -3 353
 55 1 2 294
 5 1 -3 148
 55 -2 1 37
 5 -2 3 121
 55 -1 4 54
 55 1 -1 226
 5 4 1 79
 55 0 -1 27
 55 -3 0 175
 55 0 2 118
 55 -3 -1 122
 55 -1 1 281
 55 0 4 289
 55 1 1 359
 5 1 3 151
 55 -1 -1 296
 55 0 1 289
 55 0 0 293
 55 -2 0 314
 55 2 2 212
 55 -1 2 111
 55 -2 -1 31
 55 -1 0 260
 55 2 1 282
 55 -3 1 346
 55 1 -2 259
 55 0 3 167
 55 1 0 142
 "contig-ratio-green-core" 0.9333333333333333
 "contig-ratio-red-core" 0.7142857142857143
