 "a-count" 2
 "b-count" 3
 "c-color-count" 25
 "c-express-count" 25
 "d-color-count" 26
 "d-express-count" 26
 "cell-count" 56
 15 3 -1 90
 15 -1 -3 339
 15 1 2 194
 15 1 -4 78
 15 0 -3 213
 15 0 4 130
 15 2 -1 137
 105 -1 4 267
 105 -4 -1 24
 15 0 1 320
 15 -3 -2 219
 15 -3 3 247
 15 -1 2 254
 15 2 1 129
 15 2 2 110
 15 2 0 348
 15 3 1 292
 15 0 3 341
 15 2 -2 71
 15 3 0 341
 15 -1 -4 320
 15 -2 1 1
 15 0 -4 13
 15 1 1 177
 15 1 3 297
 15 -1 1 350
 15 -3 -1 288
 15 0 2 270
 55 1 0 340
 55 2 3 284
 55 -3 1 349
 55 -4 0 2
 55 -1 0 61
 55 4 0 333
 55 1 -2 2
 55 1 -1 167
 55 0 0 298
 55 3 2 32
 5 -1 3 46
 55 -2 2 69
 55 3 3 169
 5 3 -3 55
 55 1 4 300
 55 -1 -1 139
 55 -3 0 276
 55 0 -1 133
 55 -3 2 117
 55 4 1 41
 55 4 -1 63
 5 -2 3 109
 55 -2 -3 214
 55 0 -2 33
 55 -3 -3 235
 55 -4 1 53
 55 -2 -1 61
 55 1 -3 51
 "contig-ratio-green-core" 0.8181818181818182
 "contig-ratio-red-core" 0.8636363636363636
 "a-count" 4
 "b-count" 8
 "c-color-count" 22
 "c-express-count" 20
 "d-color-count" 25
 "d-express-count" 24
 "cell-count" 56
 15 -1 2 201
 105 -3 -3 53
 15 1 2 153
 15 0 -3 174
 15 1 -4 194
 15 2 1 20
 15 -2 2 57
 15 3 0 58
 15 0 2 305
 15 -2 -2 12
 105 2 0 161
 15 3 -2 74
 15 -3 0 271
 15 -2 0 222
 15 -1 -2 29
 15 2 -1 91
 15 1 -3 209
 15 3 -1 174
 15 0 0 20
 15 -1 1 283
 105 1 4 354
 15 1 1 333
 15 -1 0 223
 15 0 1 180
 15 -2 1 2
 15 1 0 212
 15 -1 -1 215
 15 -2 -1 17
 55 1 -1 199
 55 3 1 27
 5 3 -3 107
 55 -1 4 6
 55 -1 -3 91
 55 0 -4 160
 55 0 4 139
 5 -3 -2 344
 55 4 1 97
 55 1 -2 253
 55 -1 3 2
 55 -2 3 171
 5 -3 1 16
 55 0 -2 54
 55 3 3 93
 55 0 3 310
 55 2 -2 180
 5 -1 -4 351
 55 -4 1 84
 55 2 2 291
 5 -4 0 334
 55 -2 -3 201
 55 0 -1 199
 5 -4 -1 301
 55 1 3 344
 55 2 -3 29
 55 3 2 29
 55 -3 -1 321
 "contig-ratio-green-core" 0.8181818181818182
 "contig-ratio-red-core" 0.8
 "a-count" 7
 "b-count" 4
 "c-color-count" 24
 "c-express-count" 24
 "d-color-count" 24
 "d-express-count" 21
 "cell-count" 56
 15 -3 -2 8
 15 3 2 29
 15 2 -1 111
 15 -2 0 172
 15 2 -3 285
 15 3 0 305
 15 3 1 63
 15 0 -4 266
 105 -3 -3 175
 15 -4 -1 190
 15 -1 1 225
 15 -1 -4 229
 15 3 3 231
 105 4 0 302
 15 -1 2 357
 15 -3 0 207
 15 -4 0 268
 15 -3 2 127
 15 1 -2 89
 15 0 2 166
 15 2 -2 283
 15 -3 -1 188
 105 4 -1 7
 15 0 1 156
 105 -2 -3 299
 15 -2 -2 114
 15 -2 1 81
 15 -2 -1 240
 55 -1 4 177
 55 -1 -3 33
 55 0 0 12
 55 -2 3 80
 55 1 3 75
 55 0 3 41
 55 -1 3 316
 55 2 1 277
 55 -4 1 60
 55 1 0 114
 55 1 1 240
 5 2 3 7
 55 0 -1 132
 55 -4 2 347
 55 -1 -2 338
 55 -2 4 33
 55 0 -2 294
 55 -1 -1 9
 55 1 -1 74
 5 1 -3 48
 55 1 2 103
 55 0 4 37
 55 0 -3 224
 55 1 4 80
 55 -1 0 133
 55 -3 1 352
 5 2 2 112
 5 3 -1 342
 "contig-ratio-green-core" 0.7272727272727273
 "contig-ratio-red-core" 0.7
 "a-count" 9
 "b-count" 4
 "c-color-count" 24
 "c-express-count" 24
 "d-color-count" 22
 "d-express-count" 19
 "cell-count" 56
 15 -1 -3 324
 15 -2 -3 355
 105 -1 3 157
 15 -4 -1 204
 15 4 0 152
 15 2 2 90
 15 -3 -1 222
 15 2 -3 232
 15 3 -2 131
 15 3 0 100
 15 3 1 58
 15 4 1 84
 105 1 -4 132
 15 -1 2 329
 15 -1 -4 327
 15 2 -1 199
 15 1 3 239
 15 0 4 313
 105 -2 3 97
 105 -3 3 299
 15 0 3 223
 15 4 -1 301
 105 -4 0 38
 15 2 -2 57
 15 -4 1 339
 15 3 -1 97
 15 -3 0 36
 105 1 4 212
 55 -3 2 128
 55 1 2 276
 5 2 0 90
 55 1 -2 336
 55 -2 1 281
 55 -3 1 61
 55 -3 -2 185
 55 -1 -2 57
 55 1 -3 72
 55 -2 0 264
 55 -1 -1 330
 55 -2 -1 115
 55 1 -1 51
 55 -1 0 263
 55 2 1 310
 55 0 0 301
 55 3 -3 208
 55 0 2 225
 55 0 1 46
 5 3 2 82
 5 3 3 337
 55 1 0 229
 55 0 -2 324
 55 -1 1 336
 55 0 -1 268
 55 -2 -2 143
 5 2 3 8
 55 1 1 212
 "contig-ratio-green-core" 0.8125
 "contig-ratio-red-core" 0.7
