 "a-count" 8
 "b-count" 9
 "c-color-count" 19
 "c-express-count" 19
 "d-color-count" 22
 "d-express-count" 20
 "cell-count" 56
 15 3 -3 318
 15 -1 2 343
 15 0 -4 57
 15 1 3 82
 15 2 -2 261
 15 3 1 88
 15 0 3 258
 15 -3 -1 103
 15 -2 0 1
 15 0 0 37
 15 0 2 279
 15 -1 3 104
 105 3 -2 173
 15 -1 1 272
 15 -3 -3 43
 15 4 1 276
 105 4 0 31
 105 3 3 19
 15 2 2 264
 105 -3 3 335
 15 -1 0 59
 15 0 -3 333
 15 3 2 316
 15 -3 0 118
 15 1 2 104
 105 -3 -2 64
 105 1 -2 320
 15 -1 -4 157
 55 -1 -2 145
 5 -4 -1 267
 5 -3 1 66
 55 -2 -1 133
 55 2 0 9
 55 2 1 90
 5 -2 3 270
 55 2 -1 9
 5 -2 2 322
 5 2 -3 283
 55 1 0 16
 55 -4 1 223
 55 1 -3 222
 55 1 1 39
 55 0 -2 216
 5 -3 2 303
 55 0 4 271
 55 3 0 308
 55 -2 -2 125
 5 4 -1 137
 55 1 4 93
 55 1 -1 276
 5 -1 4 303
 55 -4 0 354
 5 0 -1 310
 55 -1 -1 27
 55 -2 -3 294
 55 3 -1 94
 "contig-ratio-green-core" 0.6875
 "contig-ratio-red-core" 0.6470588235294118
 "a-count" 2
 "b-count" 6
 "c-color-count" 22
 "c-express-count" 22
 "d-color-count" 26
 "d-express-count" 26
 "cell-count" 56
 15 2 3 263
 15 1 -1 280
 15 -3 1 171
 15 1 -3 266
 105 -3 -3 270
 15 -3 -2 310
 15 2 2 304
 15 -3 0 34
 15 -1 -4 137
 15 0 -3 147
 15 2 -3 149
 15 3 -2 313
 105 3 -3 26
 15 0 -2 269
 15 -2 -1 246
 15 -3 -1 24
 15 2 -1 230
 15 0 4 245
 15 2 -2 22
 15 -1 -1 352
 15 -1 4 34
 15 1 2 6
 15 -2 1 91
 15 -4 0 291
 15 -2 -2 70
 15 1 -2 284
 15 -2 0 185
 15 -1 -2 112
 5 4 -1 115
 55 -1 1 298
 5 4 0 101
 55 1 -4 206
 55 -2 2 88
 55 3 0 286
 55 1 4 177
 55 -1 0 289
 55 3 2 154
 55 0 -4 356
 5 1 3 326
 55 4 1 199
 55 0 0 329
 55 2 0 282
 5 0 1 170
 55 0 2 27
 5 0 3 48
 5 -1 3 349
 55 4 2 239
 55 -1 2 114
 55 3 1 30
 55 2 1 83
 55 -3 2 70
 55 -1 -3 247
 55 -4 1 40
 55 1 0 186
 55 1 1 75
 55 -2 -3 329
 "contig-ratio-green-core" 0.7777777777777778
 "contig-ratio-red-core" 0.7619047619047619
 "a-count" 7
 "b-count" 6
 "c-color-count" 23
 "c-express-count" 22
 "d-color-count" 21
 "d-express-count" 21
 "cell-count" 56
 15 2 0 230
 15 2 -3 72
 15 0 1 293
 105 3 0 119
 15 0 3 104
 15 -4 1 89
 15 -4 -1 279
 15 -3 -2 68
 15 1 2 166
 105 3 2 105
 15 1 -3 257
 15 0 2 48
 15 3 -2 151
 15 1 1 265
 15 -4 0 91
 15 -1 4 234
 105 -3 -1 258
 105 1 -4 220
 105 2 2 117
 15 -1 2 85
 15 -1 3 40
 15 0 -3 327
 15 -1 1 141
 105 -2 -3 110
 15 1 3 55
 15 2 1 233
 105 4 0 81
 15 -2 3 64
 55 -3 1 35
 55 -4 2 58
 55 0 4 332
 55 3 -3 182
 55 4 1 227
 55 -1 0 334
 55 0 0 152
 5 0 -2 172
 55 2 -1 34
 55 1 -2 330
 55 2 -2 79
 55 -3 0 112
 55 0 -1 190
 55 4 -1 91
 55 -1 -3 278
 55 1 -1 1
 55 -2 0 348
 55 -3 2 17
 5 -2 1 91
 55 -2 -2 226
 55 -1 -2 31
 5 1 0 35
 5 -3 3 78
 55 -1 -4 159
 5 1 4 24
 55 3 1 122
 55 -2 -1 51
 55 -2 2 283
 "contig-ratio-green-core" 0.8666666666666667
 "contig-ratio-red-core" 0.8125
 "a-count" 9
 "b-count" 3
 "c-color-count" 25
 "c-express-count" 25
 "d-color-count" 21
 "d-express-count" 19
 "cell-count" 56
 15 3 -2 91
 15 -3 2 326
 15 2 -1 135
 15 -1 -3 81
 105 4 0 58
 15 3 1 151
 15 2 -2 41
 15 1 -4 182
 105 0 -3 68
 15 -3 1 233
 15 4 1 184
 15 -1 3 176
 105 -1 4 21
 15 1 3 149
 105 4 -1 303
 15 -1 2 138
 15 0 -4 182
 105 3 -3 37
 15 3 2 283
 15 3 0 8
 15 -4 -1 65
 15 -3 -3 145
 105 3 -1 78
 15 0 4 186
 15 -2 2 151
 105 0 3 334
 15 -2 1 166
 15 2 0 52
 55 -2 -2 190
 55 3 3 191
 55 2 3 170
 55 -1 1 180
 55 -1 -1 289
 5 1 4 147
 55 1 -1 110
 55 -3 0 79
 55 -2 -1 109
 55 0 1 189
 55 -3 -1 208
 55 -3 3 44
 55 2 2 216
 55 -2 0 21
 5 -4 1 352
 55 1 2 112
 55 0 -2 342
 55 -1 -2 333
 55 0 -1 308
 55 -3 -2 2
 55 1 1 276
 55 1 0 201
 55 0 0 138
 55 -2 3 236
 55 -1 0 38
 55 -2 -3 340
 55 -4 0 113
 5 0 2 191
 "contig-ratio-green-core" 0.7222222222222222
 "contig-ratio-red-core" 0.7222222222222222
