 "a-count" 0
 "b-count" 0
 "c-color-count" 28
 "c-express-count" 28
 "d-color-count" 28
 "d-express-count" 28
 "cell-count" 56
 15 3 -3 161
 15 0 3 140
 15 4 1 47
 15 1 2 169
 15 -3 -2 164
 15 2 2 277
 15 1 4 98
 15 -4 1 98
 15 3 -1 264
 15 -4 -1 246
 15 -3 -1 147
 15 -4 0 23
 15 1 -4 327
 15 3 0 134
 15 0 -3 65
 15 -2 -2 203
 15 2 -3 160
 15 0 2 124
 15 4 0 119
 15 -1 -3 248
 15 -3 3 92
 15 -1 -2 1
 15 1 3 140
 15 0 -4 195
 15 4 -1 171
 15 1 -3 156
 15 2 3 94
 15 -2 -1 122
 55 1 0 107
 55 1 -2 73
 55 0 0 109
 55 -1 -4 156
 55 3 2 337
 55 2 0 128
 55 -3 1 347
 55 -3 2 242
 55 -1 3 133
 55 3 1 151
 55 -1 -5 261
 55 2 1 325
 55 2 -1 57
 55 -2 0 178
 55 -2 2 99
 55 0 1 152
 55 -1 0 305
 55 -1 2 66
 55 -2 3 335
 55 1 -1 245
 55 0 -2 11
 55 2 -2 299
 55 -3 0 6
 55 0 -1 297
 55 1 1 24
 55 -2 1 213
 55 -1 1 178
 55 3 3 246
 "contig-ratio-green-core" 0.9047619047619048
 "contig-ratio-red-core" 0.6666666666666666
 "a-count" 0
 "b-count" 0
 "c-color-count" 28
 "c-express-count" 28
 "d-color-count" 28
 "d-express-count" 28
 "cell-count" 56
 15 0 2 328
 15 0 -4 326
 15 -2 2 153
 15 -1 -2 128
 15 3 1 130
 15 0 4 294
 15 2 0 333
 15 1 -3 92
 15 -2 3 244
 15 -5 0 170
 15 -4 2 80
 15 -3 2 103
 15 -1 4 311
 15 -4 1 193
 15 1 -2 36
 15 2 1 294
 15 3 -1 15
 15 3 0 246
 15 -5 -1 148
 15 0 -2 99
 15 2 -1 248
 15 0 -3 43
 15 -1 3 281
 15 -4 0 138
 15 1 -4 115
 15 3 -2 109
 15 -2 4 188
 15 0 3 250
 55 4 2 299
 55 0 -1 221
 55 -4 -2 239
 55 -3 -1 177
 55 -1 0 139
 55 2 2 113
 55 -2 -3 335
 55 -2 -1 209
 55 -3 -2 56
 55 1 1 132
 55 1 -1 8
 55 -2 1 41
 55 0 1 89
 55 -1 2 279
 55 2 4 69
 55 3 4 339
 55 4 1 116
 55 1 0 49
 55 -2 -2 216
 55 3 2 144
 55 -2 0 259
 55 3 3 45
 55 -1 1 83
 55 0 0 173
 55 4 3 205
 55 -1 -1 269
 55 -3 -3 156
 55 -2 -4 233
 "contig-ratio-green-core" 0.43478260869565216
 "contig-ratio-red-core" 0.46153846153846156
 "a-count" 0
 "b-count" 0
 "c-color-count" 28
 "c-express-count" 28
 "d-color-count" 28
 "d-express-count" 28
 "cell-count" 56
 15 5 -1 64
 15 0 -4 351
 15 4 1 77
 15 -2 -3 4
 15 -3 -2 353
 15 3 2 313
 15 -1 -4 262
 15 1 4 173
 15 2 3 169
 15 4 -1 346
 15 0 3 68
 15 4 2 305
 15 3 0 66
 15 2 1 56
 15 3 -1 44
 15 2 3 126
 15 0 4 4
 15 -3 2 269
 15 -2 -2 221
 15 -1 -3 145
 15 2 4 207
 15 1 -4 174
 15 3 -2 128
 15 1 3 29
 15 3 3 17
 15 2 2 74
 15 3 1 109
 15 -3 -1 311
 55 1 -3 303
 55 0 2 334
 55 1 0 195
 55 1 -1 234
 55 -4 0 118
 55 -4 1 160
 55 2 0 236
 55 -2 3 250
 55 1 -2 35
 55 0 0 163
 55 0 -2 150
 55 2 -2 129
 55 1 1 182
 55 -1 0 305
 55 -2 0 311
 55 0 -3 336
 55 0 -1 63
 55 0 1 224
 55 2 -1 195
 55 -2 1 322
 55 -1 -1 242
 55 1 2 236
 55 -2 2 306
 55 -3 0 341
 55 -1 3 126
 55 -1 2 95
 55 -1 1 238
 55 -2 -1 158
 "contig-ratio-green-core" 0.7647058823529411
 "contig-ratio-red-core" 0.55
