 "a-count" 0
 "b-count" 0
 "c-color-count" 28
 "c-express-count" 28
 "d-color-count" 28
 "d-express-count" 28
 "cell-count" 56
 15 -1 -4 126
 15 2 -3 1
 15 -2 0 234
 15 -2 -3 4
 15 5 0 192
 15 -2 2 93
 15 2 2 126
 15 0 4 107
 15 -3 -1 262
 15 0 -4 274
 15 3 2 23
 15 -1 4 197
 15 0 -3 214
 15 -4 1 197
 15 -4 0 135
 15 -3 2 312
 15 -2 1 55
 15 -2 4 156
 15 3 0 57
 15 1 -4 3
 15 4 1 41
 15 -2 3 355
 15 -1 -3 335
 15 -4 -1 206
 15 1 4 45
 15 -3 1 48
 15 1 -3 248
 15 4 0 300
 55 -1 -2 203
 55 2 3 214
 55 -2 -1 203
 55 -1 0 143
 55 1 -1 355
 55 -3 -2 96
 55 3 -1 352
 55 4 -1 244
 55 2 -1 350
 55 1 -2 154
 55 -1 -1 241
 55 0 0 32
 55 2 0 159
 55 -1 1 103
 55 1 3 267
 55 0 3 3
 55 -2 -2 169
 55 1 0 348
 55 1 1 114
 55 3 -2 48
 55 1 2 53
 55 0 -2 148
 55 0 -1 327
 55 -5 0 216
 55 0 1 182
 55 3 1 245
 55 0 2 89
 55 -1 3 332
 "contig-ratio-green-core" 0.7
 "contig-ratio-red-core" 0.625
 "a-count" 0
 "b-count" 0
 "c-color-count" 28
 "c-express-count" 28
 "d-color-count" 28
 "d-express-count" 28
 "cell-count" 56
 15 -1 1 174
 15 -1 2 92
 15 -2 -3 207
 15 2 2 228
 15 0 1 359
 15 -4 2 92
 15 0 -3 186
 15 0 2 310
 15 3 2 75
 15 1 2 180
 15 -3 -2 76
 15 4 0 337
 15 2 -3 282
 15 -3 2 102
 15 0 4 204
 15 0 3 13
 15 4 -1 207
 15 0 -4 95
 15 -1 -3 336
 15 -2 2 278
 15 -3 3 18
 15 -1 -4 284
 15 1 -3 284
 15 1 1 68
 15 -2 3 141
 15 1 3 254
 15 2 3 94
 15 -2 -2 109
 55 3 3 239
 55 -2 1 63
 55 -3 -1 157
 55 1 -1 71
 55 -3 0 38
 55 -4 0 329
 55 -1 -1 69
 55 -2 0 353
 55 2 1 273
 55 1 0 262
 55 1 4 171
 55 2 0 312
 55 0 0 251
 55 -4 1 135
 55 4 1 101
 55 0 -1 58
 55 2 -1 19
 55 0 -2 358
 55 -1 -2 135
 55 -4 -1 29
 55 3 -1 68
 55 3 1 334
 55 -1 0 161
 55 -3 1 162
 55 -2 -1 239
 55 -3 -3 129
 55 1 -2 327
 55 3 0 3
 "contig-ratio-green-core" 0.7894736842105263
 "contig-ratio-red-core" 0.72
 "a-count" 0
 "b-count" 0
 "c-color-count" 28
 "c-express-count" 28
 "d-color-count" 28
 "d-express-count" 28
 "cell-count" 56
 15 3 -2 105
 15 0 2 162
 15 -4 -2 78
 15 0 4 66
 15 1 -3 175
 15 4 -1 63
 15 2 2 111
 15 4 -2 91
 15 4 0 353
 15 -1 2 157
 15 2 -2 212
 15 -4 -1 224
 15 -3 1 293
 15 0 3 158
 15 2 3 258
 15 -4 0 0
 15 2 2 302
 15 1 3 72
 15 -3 0 190
 15 -3 -2 95
 15 2 4 322
 15 2 -3 227
 15 1 2 29
 15 2 -1 333
 15 3 -1 238
 15 -3 -1 39
 15 1 -2 155
 15 -2 -4 66
 55 0 1 276
 55 1 0 340
 55 4 1 52
 55 -2 -2 170
 55 1 -1 55
 55 -1 -4 27
 55 -2 1 109
 55 -1 -1 300
 55 0 -1 197
 55 3 1 189
 55 2 0 211
 55 2 1 55
 55 -1 1 38
 55 0 -3 189
 55 -2 0 206
 55 4 2 191
 55 -2 -3 181
 55 -1 0 127
 55 -3 -3 110
 55 1 1 147
 55 3 3 34
 55 0 -4 78
 55 0 -2 189
 55 -1 -2 297
 55 0 0 207
 55 -1 -3 196
 55 3 2 175
 55 -2 -1 217
 "contig-ratio-green-core" 0.7142857142857143
 "contig-ratio-red-core" 0.6153846153846154
 "a-count" 0
 "b-count" 0
 "c-color-count" 28
 "c-express-count" 28
 "d-color-count" 28
 "d-express-count" 28
 "cell-count" 56
 15 3 0 165
 15 2 2 205
 15 1 3 165
 15 -4 2 297
 15 1 1 128
 15 2 -3 288
 15 -4 1 343
 15 -3 1 54
 15 3 1 152
 15 0 -2 32
 15 -3 0 86
 15 2 3 226
 15 -3 2 180
 15 1 -2 308
 15 -1 -3 146
 15 2 -1 185
 15 2 -2 249
 15 1 2 55
 15 1 -3 271
 15 2 1 71
 15 0 4 145
 15 3 -2 233
 15 3 -1 127
 15 2 0 342
 15 -1 4 311
 15 3 2 130
 15 -1 -4 233
 15 0 -3 134
 55 -1 0 302
 55 4 -1 228
 55 1 4 264
 55 0 2 339
 55 -1 1 241
 55 4 -2 93
 55 1 -4 94
 55 0 -1 69
 55 -3 -1 226
 55 -2 2 107
 55 -2 -1 234
 55 1 -1 220
 55 1 0 125
 55 3 3 196
 55 -2 -2 308
 55 -2 -3 278
 55 4 0 329
 55 0 3 80
 55 -1 -1 74
 55 -2 0 137
 55 0 0 318
 55 -2 1 133
 55 -1 3 191
 55 -1 2 9
 55 0 1 139
 55 -3 -2 33
 55 4 1 54
 55 -1 -2 127
 "contig-ratio-green-core" 0.9375
 "contig-ratio-red-core" 0.8
