 "a-count" 0
 "b-count" 0
 "c-color-count" 28
 "c-express-count" 28
 "d-color-count" 28
 "d-express-count" 28
 "cell-count" 56
 15 -3 -2 323
 15 -2 0 269
 15 -2 -2 60
 15 -2 -1 49
 15 2 2 106
 15 -3 1 318
 15 0 0 230
 15 3 -2 353
 15 -2 1 163
 15 3 2 350
 15 3 -3 34
 15 0 -2 342
 15 -4 -1 316
 15 2 -3 138
 15 1 -1 61
 15 -1 -1 179
 15 1 -2 348
 15 1 2 202
 15 1 3 104
 15 -3 0 180
 15 -1 0 329
 15 0 -1 235
 15 -1 1 241
 15 -4 0 313
 15 1 -3 82
 15 0 4 291
 15 1 4 107
 15 -3 -1 243
 55 -1 -3 107
 55 4 1 316
 55 -2 3 289
 55 4 -1 68
 55 4 0 284
 55 2 -1 183
 55 -1 -4 121
 55 -2 -4 203
 55 2 1 240
 55 1 -4 130
 55 -1 3 241
 55 -2 4 160
 55 -1 2 46
 55 0 3 29
 55 2 0 56
 55 -2 2 148
 55 -2 -3 88
 55 0 -3 10
 55 1 0 209
 55 -3 -3 232
 55 0 1 354
 55 1 1 42
 55 3 -1 135
 55 0 2 215
 55 -1 4 27
 55 3 1 341
 55 3 0 234
 55 0 -4 196
 "contig-ratio-green-core" 0.56
 "contig-ratio-red-core" 0.7894736842105263
 "a-count" 0
 "b-count" 0
 "c-color-count" 28
 "c-express-count" 28
 "d-color-count" 28
 "d-express-count" 28
 "cell-count" 56
 15 3 1 241
 15 -3 2 230
 15 -2 0 326
 15 3 2 30
 15 -2 -1 136
 15 -1 0 258
 15 2 4 325
 15 1 -1 56
 15 4 2 145
 15 0 -2 287
 15 -3 1 352
 15 2 3 332
 15 -1 -2 191
 15 0 1 241
 15 -2 -3 154
 15 -3 0 136
 15 0 -3 146
 15 0 -1 264
 15 2 2 175
 15 2 0 170
 15 1 1 307
 15 2 1 47
 15 -1 -3 175
 15 1 0 312
 15 4 1 99
 15 -2 -2 118
 15 -1 -1 114
 15 0 0 332
 55 4 0 245
 55 4 -2 194
 55 -1 3 77
 55 2 -1 214
 55 1 4 39
 55 -1 2 85
 55 0 -4 312
 55 -1 4 93
 55 3 -1 264
 55 0 4 291
 55 1 -3 12
 55 -4 0 320
 55 4 -1 356
 55 -4 -1 153
 55 3 3 168
 55 1 2 64
 55 1 3 143
 55 1 -2 158
 55 -2 1 277
 55 2 -3 107
 55 -5 0 244
 55 2 -2 11
 55 1 -4 40
 55 -2 2 70
 55 3 -3 69
 55 -1 1 156
 55 0 3 155
 55 0 2 310
 "contig-ratio-green-core" 0.625
 "contig-ratio-red-core" 0.65
