 "a-count" 0
 "b-count" 0
 "c-color-count" 28
 "c-express-count" 28
 "d-color-count" 28
 "d-express-count" 28
 "cell-count" 56
 15 -1 3 300
 15 0 4 204
 15 -4 2 278
 15 -1 -1 294
 15 -2 3 134
 15 -4 1 356
 15 2 -1 33
 15 0 0 159
 15 1 -1 103
 15 3 -2 51
 15 3 -1 346
 15 0 4 122
 15 -3 -3 49
 15 -3 1 214
 15 1 0 181
 15 -1 4 21
 15 2 -2 350
 15 -2 -2 59
 15 -1 -2 214
 15 3 -3 348
 15 -2 -3 157
 15 0 -1 28
 15 3 0 65
 15 3 1 42
 15 0 -2 292
 15 -1 -3 359
 15 -3 2 252
 15 2 -3 290
 55 -3 3 83
 55 1 4 30
 55 1 -2 130
 55 1 3 70
 55 2 3 352
 55 1 2 279
 55 1 2 311
 55 2 4 184
 55 -1 0 353
 55 0 -3 297
 55 2 1 181
 55 4 1 125
 55 2 0 337
 55 -2 2 35
 55 2 2 261
 55 2 2 130
 55 -1 2 244
 55 0 1 10
 55 1 -3 100
 55 4 0 78
 55 1 4 18
 55 -1 1 244
 55 0 2 306
 55 -1 1 0
 55 0 3 195
 55 -2 1 149
 55 1 3 12
 55 4 -1 226
 "contig-ratio-green-core" 0.9
 "contig-ratio-red-core" 0.64
 "a-count" 0
 "b-count" 0
 "c-color-count" 28
 "c-express-count" 28
 "d-color-count" 28
 "d-express-count" 28
 "cell-count" 56
 15 2 2 352
 15 0 3 198
 15 2 -3 298
 15 0 2 257
 15 3 2 1
 15 0 -2 79
 15 4 -1 72
 15 1 -2 75
 15 -4 -2 282
 15 -1 -2 95
 15 2 0 211
 15 1 4 192
 15 -4 0 311
 15 0 -4 321
 15 -4 1 87
 15 1 1 204
 15 2 1 192
 15 -3 -2 302
 15 0 -3 83
 15 1 3 240
 15 3 0 269
 15 4 1 43
 15 1 2 251
 15 -4 -1 60
 15 4 0 191
 15 3 1 178
 15 1 -3 7
 15 -1 -4 138
 55 -1 -1 122
 55 -1 1 202
 55 0 1 214
 55 2 -2 30
 55 3 -1 10
 55 -2 0 152
 55 -3 0 315
 55 -1 3 253
 55 -3 -1 332
 55 -3 1 329
 55 2 -1 38
 55 3 -2 257
 55 -2 2 167
 55 -2 -1 205
 55 -1 0 60
 55 1 -4 239
 55 3 -3 185
 55 1 0 58
 55 1 -1 196
 55 -3 2 234
 55 0 -1 308
 55 -2 3 52
 55 0 0 230
 55 2 3 221
 55 -2 1 112
 55 3 3 195
 55 -1 2 143
 55 4 2 155
 "contig-ratio-green-core" 0.85
 "contig-ratio-red-core" 0.7391304347826086
