 "a-count" 10
 "b-count" 1
 "c-color-count" 27
 "c-express-count" 27
 "d-color-count" 18
 "d-express-count" 18
 "cell-count" 56
 15 3 1 315
 15 -2 -3 24
 15 -4 0 102
 105 -1 -4 226
 15 2 -3 351
 15 -3 1 67
 15 -2 2 343
 105 -3 -2 207
 105 1 -3 326
 105 4 0 204
 15 3 0 331
 105 -3 -1 234
 105 -4 1 347
 105 4 1 110
 15 3 -1 58
 105 -2 1 59
 15 2 -1 10
 15 3 2 282
 15 -2 -1 260
 15 -2 0 272
 15 -3 3 132
 15 -3 0 80
 105 3 -3 173
 15 2 -2 153
 15 3 -2 169
 15 -2 -2 30
 105 -2 3 296
 15 4 -1 181
 55 0 -2 269
 55 1 -2 229
 55 1 -1 161
 55 0 4 157
 55 0 1 258
 55 1 2 328
 55 -1 1 177
 55 -1 -1 46
 55 -1 2 235
 55 0 3 221
 55 1 0 18
 55 1 3 311
 55 0 2 213
 55 -1 4 344
 55 0 -4 98
 55 0 -3 195
 55 0 -1 151
 5 1 4 194
 55 -1 -3 40
 55 0 0 115
 55 -3 2 257
 55 -1 3 60
 55 -1 -2 166
 55 1 1 26
 55 2 2 33
 55 2 1 38
 55 2 0 38
 55 -1 0 276
 "contig-ratio-green-core" 0.5882352941176471
 "contig-ratio-red-core" 0.6666666666666666
 "a-count" 10
 "b-count" 0
 "c-color-count" 28
 "c-express-count" 28
 "d-color-count" 19
 "d-express-count" 18
 "cell-count" 56
 15 -2 3 215
 15 3 2 348
 15 1 2 22
 105 -3 -2 355
 15 2 1 225
 15 2 -3 224
 15 -4 0 256
 15 2 -2 308
 105 3 -3 46
 105 -1 4 13
 15 -1 -4 308
 15 2 -1 128
 15 -1 3 166
 15 2 2 108
 105 4 0 7
 15 -3 -3 267
 105 4 -1 81
 105 -3 3 153
 15 3 0 314
 15 1 1 330
 15 -2 2 185
 15 1 -4 61
 105 3 -1 79
 105 -2 -3 187
 15 0 -4 187
 15 2 0 206
 15 -3 2 126
 105 4 1 344
 55 3 3 284
 55 -3 1 281
 55 -1 -1 163
 55 -1 1 45
 55 2 3 325
 55 -1 -3 152
 55 1 0 155
 55 -2 0 231
 55 -1 2 287
 55 1 -1 311
 55 -2 1 290
 55 0 -3 20
 55 1 3 293
 55 0 3 273
 55 -4 -1 319
 55 -3 -1 332
 55 -1 -2 4
 55 -2 -1 296
 55 0 0 48
 55 -3 0 320
 55 0 -1 219
 55 1 -2 327
 55 1 -3 78
 55 0 -2 214
 55 0 2 233
 55 1 4 223
 55 0 1 338
 55 -1 0 184
 "contig-ratio-green-core" 0.7
 "contig-ratio-red-core" 0.8125
 "a-count" 6
 "b-count" 1
 "c-color-count" 27
 "c-express-count" 27
 "d-color-count" 22
 "d-express-count" 22
 "cell-count" 56
 15 -2 -3 116
 15 2 -2 21
 15 2 3 315
 105 0 -4 8
 15 -1 -2 54
 15 -4 1 339
 105 -2 -2 124
 15 -2 3 24
 15 0 -2 355
 105 3 -1 148
 15 -2 2 331
 15 -3 1 251
 15 1 -2 191
 15 0 4 282
 105 3 -3 238
 15 0 -3 278
 15 -1 -3 334
 15 -1 3 95
 15 -1 4 73
 15 1 4 161
 15 3 2 147
 15 2 -1 75
 15 -3 2 297
 15 1 -3 254
 15 -3 3 100
 15 1 -4 160
 105 3 3 154
 105 3 -2 12
 55 0 -1 88
 55 -2 0 28
 55 -1 -1 179
 5 -3 -3 214
 55 -1 0 284
 55 0 3 39
 55 1 3 222
 55 3 1 132
 55 4 1 89
 55 2 2 125
 55 1 2 168
 55 -1 2 80
 55 -1 1 26
 55 1 0 74
 55 -2 -1 92
 55 0 1 277
 55 3 0 127
 55 -3 -1 318
 55 -2 1 152
 55 1 -1 321
 55 -3 -2 209
 55 1 1 216
 55 2 1 351
 55 2 0 43
 55 0 0 15
 55 0 2 336
 55 4 0 225
 55 -3 0 228
 "contig-ratio-green-core" 0.6875
 "contig-ratio-red-core" 0.55
