 "a-count" 9
 "b-count" 2
 "c-color-count" 26
 "c-express-count" 26
 "d-color-count" 19
 "d-express-count" 19
 "cell-count" 56
 15 -3 3 164
 15 2 3 174
 105 2 -3 182
 15 1 4 125
 15 -3 0 133
 105 -3 1 60
 15 3 -2 177
 105 0 3 269
 15 3 0 93
 15 -2 0 328
 15 -2 1 162
 15 4 1 9
 15 3 -1 279
 15 -2 -1 123
 15 -3 -1 223
 15 4 0 110
 15 0 -3 67
 15 -1 4 322
 105 4 -1 166
 105 0 -4 270
 15 -4 -1 140
 15 0 4 314
 105 -3 -2 350
 15 1 3 66
 105 -4 0 200
 105 -4 1 351
 105 2 -2 200
 15 -1 -3 299
 55 3 1 19
 55 -2 -3 156
 55 -2 3 241
 55 1 -2 126
 55 0 2 135
 55 -2 2 162
 55 2 1 35
 55 -1 -1 4
 55 3 2 349
 55 1 1 326
 55 2 2 164
 55 0 -1 67
 55 -1 3 200
 55 -1 -2 171
 5 -1 0 42
 55 0 1 152
 5 -2 -2 81
 55 2 0 240
 55 0 0 93
 55 0 -2 46
 55 1 -1 34
 55 1 2 356
 55 -1 2 258
 55 2 -1 6
 55 -1 1 42
 55 1 -3 103
 55 1 0 282
 55 -3 -3 189
 "contig-ratio-green-core" 0.6111111111111112
 "contig-ratio-red-core" 0.8125
 "a-count" 9
 "b-count" 2
 "c-color-count" 26
 "c-express-count" 26
 "d-color-count" 19
 "d-express-count" 19
 "cell-count" 56
 105 0 -3 210
 15 -3 -1 140
 105 -3 1 273
 15 2 2 64
 15 2 -3 302
 105 0 -4 333
 15 -2 -2 243
 15 4 1 194
 15 4 0 335
 105 -2 -3 329
 15 -4 1 75
 15 -4 2 148
 15 1 4 66
 105 3 3 40
 15 2 -2 190
 105 1 -3 1
 15 -3 -2 11
 105 2 3 274
 15 3 -2 289
 15 -1 3 330
 105 0 4 269
 15 0 3 264
 15 3 1 41
 105 4 -1 18
 15 3 2 233
 15 -4 0 186
 15 -1 4 108
 15 -5 1 347
 55 -1 2 147
 55 1 3 207
 55 1 -1 212
 55 0 2 340
 55 3 0 82
 55 1 0 259
 55 1 -2 235
 55 -2 -1 105
 55 -2 2 165
 55 -1 -1 331
 55 0 -2 241
 55 -3 0 216
 55 -2 3 189
 5 3 -3 197
 55 -1 1 73
 55 0 1 80
 5 2 -1 336
 55 0 0 197
 55 -1 -2 5
 55 1 2 20
 55 1 1 60
 55 -2 0 343
 55 0 -1 264
 55 -2 1 133
 55 3 -1 209
 55 2 0 203
 55 2 1 139
 55 -1 0 78
 "contig-ratio-green-core" 0.7333333333333333
 "contig-ratio-red-core" 0.7058823529411765
 "a-count" 9
 "b-count" 0
 "c-color-count" 28
 "c-express-count" 28
 "d-color-count" 19
 "d-express-count" 19
 "cell-count" 56
 15 4 0 329
 15 3 3 66
 15 -5 0 68
 15 -1 3 262
 105 -3 -2 354
 105 3 2 155
 105 -3 -1 289
 15 -5 1 339
 105 0 4 38
 15 -4 -1 330
 105 -4 1 353
 15 0 3 321
 105 1 3 313
 15 2 2 194
 15 3 0 252
 105 1 4 61
 105 -1 -4 0
 15 -5 -1 41
 15 1 2 212
 15 -2 3 144
 15 -1 4 189
 15 4 1 351
 15 2 -3 265
 15 3 -3 99
 15 2 1 225
 15 -2 -3 284
 105 3 1 94
 15 2 3 225
 55 1 0 291
 55 -1 2 275
 55 -2 1 36
 55 0 -3 238
 55 0 -1 123
 55 -2 -1 281
 55 0 -4 285
 55 1 1 55
 55 1 -2 294
 55 -1 1 37
 55 -1 0 327
 55 -3 1 67
 55 -2 2 258
 55 -1 -2 161
 55 1 -3 320
 55 0 2 324
 55 2 -1 48
 55 0 1 99
 55 4 -2 18
 55 2 0 121
 55 3 -2 54
 55 1 -1 254
 55 -2 -2 304
 55 0 -2 312
 55 -1 -1 69
 55 0 0 358
 55 2 -2 348
 55 -2 0 90
 "contig-ratio-green-core" 0.5
 "contig-ratio-red-core" 0.5333333333333333
 "a-count" 10
 "b-count" 2
 "c-color-count" 26
 "c-express-count" 26
 "d-color-count" 18
 "d-express-count" 18
 "cell-count" 56
 15 0 -3 119
 105 3 -3 244
 15 -3 -1 102
 105 3 -2 129
 15 -2 -3 91
 105 3 1 57
 15 -3 0 149
 15 -1 -3 353
 15 -3 1 355
 105 -4 1 23
 105 3 -1 205
 105 2 0 198
 105 4 -1 351
 15 2 -3 7
 15 3 3 217
 105 0 -4 243
 15 4 0 168
 15 -3 3 86
 15 -2 3 59
 15 -3 2 5
 15 0 -2 165
 15 1 -3 89
 15 1 -2 296
 15 4 1 138
 15 -3 -2 292
 105 2 -1 249
 105 3 0 153
 15 -4 0 28
 55 1 1 66
 55 -1 2 82
 5 -4 -1 254
 55 -2 2 261
 55 1 -1 212
 55 2 1 258
 55 1 2 79
 55 0 -1 353
 55 -2 -2 55
 55 -2 1 297
 5 -1 0 47
 55 0 1 346
 55 1 0 325
 55 2 2 57
 55 -2 0 245
 55 -1 -1 16
 55 -3 -4 263
 55 1 4 14
 55 1 3 191
 55 -2 -1 76
 55 0 3 125
 55 -1 -2 269
 55 -3 -3 234
 55 0 2 313
 55 -1 1 184
 55 0 0 76
 55 -1 3 211
 55 2 3 272
 "contig-ratio-green-core" 0.6470588235294118
 "contig-ratio-red-core" 0.75
