 "a-count" 8
 "b-count" 0
 "c-color-count" 28
 "c-express-count" 28
 "d-color-count" 21
 "d-express-count" 20
 "cell-count" 56
 15 2 -3 135
 15 1 3 253
 105 -2 -2 161
 15 3 3 344
 15 0 4 184
 105 3 -3 253
 15 3 -2 46
 15 -2 1 245
 105 -4 -1 10
 15 1 4 78
 15 -1 4 9
 15 -3 1 120
 15 1 -3 77
 15 2 3 21
 105 -2 -3 93
 15 3 2 50
 105 -3 -3 136
 15 -2 2 232
 15 -4 0 88
 15 1 -2 132
 15 0 -3 342
 105 -3 2 326
 15 -1 -3 357
 15 -3 -2 89
 15 -3 3 119
 15 0 -2 197
 15 -1 -2 350
 105 4 0 262
 55 -2 3 225
 55 -2 -1 250
 55 2 0 289
 55 -3 -1 160
 55 2 2 153
 55 0 3 241
 55 -1 3 183
 55 -1 1 302
 55 1 1 170
 55 0 -4 274
 55 -4 1 345
 55 0 2 350
 55 -3 0 247
 55 -1 -4 43
 55 2 1 134
 55 0 0 284
 55 1 0 282
 55 0 -1 139
 55 3 -1 274
 55 1 -1 172
 55 3 0 86
 55 -1 2 188
 55 1 2 54
 55 3 1 340
 55 -2 0 21
 55 -1 -1 246
 55 -1 0 310
 55 2 -1 269
 "contig-ratio-green-core" 0.7727272727272727
 "contig-ratio-red-core" 1
 "a-count" 12
 "b-count" 0
 "c-color-count" 28
 "c-express-count" 28
 "d-color-count" 18
 "d-express-count" 16
 "cell-count" 56
 105 1 -4 159
 105 3 0 91
 15 4 2 139
 15 -2 2 208
 15 4 1 328
 15 -1 4 36
 15 -2 -3 44
 15 2 -3 346
 105 3 2 251
 15 2 -2 142
 15 3 -3 114
 105 0 -4 220
 105 -1 -4 328
 15 -1 -3 193
 15 3 -2 352
 15 2 2 224
 105 -3 0 355
 15 -1 3 73
 15 1 4 195
 15 -3 2 341
 15 -4 -1 64
 105 3 1 269
 15 4 0 324
 15 -3 1 198
 105 -2 3 4
 15 0 4 57
 105 -3 3 260
 105 -4 1 320
 55 0 3 75
 55 -2 -2 154
 55 0 0 39
 55 1 0 36
 55 -2 0 44
 55 0 -1 276
 55 -2 -1 127
 55 -1 -1 75
 55 1 -1 100
 55 0 -2 269
 55 1 2 333
 55 0 -3 113
 55 1 1 237
 55 -3 -1 112
 55 -1 -2 34
 55 -3 -2 99
 55 2 -1 355
 55 -1 0 198
 55 0 1 20
 55 1 -2 109
 55 0 2 140
 55 -1 1 335
 55 2 0 91
 55 1 -3 319
 55 -1 2 135
 55 -2 1 91
 55 1 3 55
 55 2 1 256
 "contig-ratio-green-core" 0.6875
 "contig-ratio-red-core" 0.75
 "a-count" 10
 "b-count" 0
 "c-color-count" 28
 "c-express-count" 28
 "d-color-count" 18
 "d-express-count" 18
 "cell-count" 56
 105 -3 -2 338
 15 -1 -2 343
 15 -1 -3 106
 15 -3 3 273
 15 1 -3 125
 105 -1 4 202
 15 1 -2 148
 105 1 3 266
 15 -4 1 228
 15 0 -2 358
 105 -3 2 94
 15 -4 0 350
 15 2 3 138
 15 3 -1 32
 15 4 1 250
 15 -2 -2 52
 15 0 -4 41
 105 3 1 57
 15 3 2 175
 15 2 -3 106
 105 3 -2 234
 105 1 -4 216
 15 2 2 144
 15 0 -3 291
 105 4 -1 325
 15 -5 0 63
 105 -2 -3 354
 105 3 3 116
 55 -2 2 287
 55 1 2 133
 55 -3 1 211
 55 0 2 152
 55 0 1 264
 55 0 0 341
 55 0 3 45
 55 -2 1 139
 55 2 0 304
 55 -4 -1 166
 55 -1 1 219
 55 2 1 345
 55 -3 -1 230
 55 -2 0 323
 55 -1 3 330
 55 -1 0 197
 55 2 -2 120
 55 1 0 272
 55 0 -1 127
 55 -2 -1 57
 55 3 0 319
 55 2 -1 146
 55 1 1 268
 55 -1 2 17
 55 -3 0 89
 55 1 -1 272
 55 -1 -4 88
 55 -1 -1 73
 "contig-ratio-green-core" 0.5625
 "contig-ratio-red-core" 0.8125
 "a-count" 11
 "b-count" 0
 "c-color-count" 28
 "c-express-count" 28
 "d-color-count" 17
 "d-express-count" 17
 "cell-count" 56
 15 -3 0 312
 15 3 -2 298
 15 2 2 321
 105 -2 -3 93
 105 3 3 232
 15 3 1 122
 105 2 -3 30
 15 1 -3 61
 105 0 -3 46
 15 1 -4 172
 15 -2 0 250
 105 4 1 26
 15 1 3 196
 15 3 -1 48
 15 2 -2 124
 105 -3 -2 21
 15 -2 -1 308
 15 2 3 312
 105 -1 -3 3
 15 3 0 254
 15 -3 1 34
 105 4 -1 349
 105 -1 -4 114
 15 -3 -1 294
 15 -2 3 99
 105 4 0 64
 15 -2 -2 202
 105 3 -3 246
 55 -1 4 309
 55 -1 -2 81
 55 -1 1 224
 55 1 1 115
 55 1 0 222
 55 0 4 100
 55 0 -2 302
 55 1 -2 249
 55 -1 2 133
 55 2 0 221
 55 -1 -1 232
 55 -4 -1 57
 55 -4 0 144
 55 -2 1 34
 55 2 -1 34
 55 1 2 85
 55 -1 3 135
 55 1 -1 320
 55 -2 2 320
 55 0 2 315
 55 3 2 134
 55 0 -1 295
 55 0 1 348
 55 -1 0 60
 55 2 1 139
 55 0 3 233
 55 0 0 139
 55 -3 2 85
 "contig-ratio-green-core" 0.7777777777777778
 "contig-ratio-red-core" 0.875
