 "a-count" 6
 "b-count" 2
 "c-color-count" 27
 "c-express-count" 26
 "d-color-count" 22
 "d-express-count" 22
 "cell-count" 56
 105 0 -2 30
 15 -4 -1 52
 15 1 -4 106
 15 -4 0 222
 15 -1 2 269
 15 -3 2 23
 15 1 -3 226
 15 -3 -3 213
 15 -4 1 241
 15 0 -4 294
 105 -1 -2 328
 15 1 3 37
 15 4 0 319
 105 3 -3 356
 15 1 -2 15
 15 5 0 347
 15 4 -1 192
 105 3 1 304
 15 0 3 168
 105 2 -3 10
 15 0 -3 116
 15 2 -2 54
 15 -4 -2 305
 15 -2 3 47
 15 -2 2 324
 105 0 4 8
 15 -3 1 318
 15 3 -1 296
 55 1 4 281
 55 -2 -2 344
 55 2 2 258
 55 -3 -2 178
 55 -1 0 255
 55 -2 0 168
 5 1 0 266
 55 2 -1 146
 55 3 -2 173
 55 3 3 31
 55 1 1 23
 55 -2 -1 153
 55 2 0 193
 55 -1 1 44
 55 -3 -1 208
 55 0 2 132
 55 0 -1 356
 55 -3 0 29
 55 -2 1 348
 55 0 0 57
 55 2 1 90
 55 0 1 56
 55 -2 -3 171
 55 -1 3 251
 55 3 2 223
 55 -1 -1 161
 55 1 -1 290
 55 1 2 210
 "contig-ratio-green-core" 0.6666666666666666
 "contig-ratio-red-core" 0.6111111111111112
 "a-count" 4
 "b-count" 0
 "c-color-count" 28
 "c-express-count" 28
 "d-color-count" 25
 "d-express-count" 24
 "cell-count" 56
 15 4 -1 250
 15 0 3 294
 15 1 4 219
 15 1 3 266
 15 -2 -2 356
 15 -1 3 96
 15 0 4 321
 15 -3 1 89
 15 4 1 183
 15 5 0 86
 15 3 -1 135
 15 -3 2 86
 15 -1 4 79
 105 -2 3 343
 15 -4 1 106
 15 -2 -3 332
 15 -2 2 45
 15 4 0 337
 15 2 3 206
 15 -4 -1 24
 105 3 -2 338
 15 -3 3 246
 15 3 2 172
 105 3 3 39
 15 -3 0 261
 15 2 -3 232
 15 -1 -3 49
 15 -4 0 186
 55 -1 -1 327
 55 2 1 97
 55 -2 -1 53
 55 -1 2 226
 55 1 1 280
 55 -1 -2 179
 55 0 1 357
 55 0 -2 316
 55 -3 -1 184
 55 1 0 273
 55 -1 1 57
 55 0 -3 6
 55 0 -1 254
 55 3 1 295
 55 1 -3 245
 55 2 -1 142
 55 0 2 38
 55 2 2 17
 55 -2 0 188
 55 1 2 76
 55 0 0 332
 55 2 0 193
 55 -2 1 278
 55 0 -4 20
 55 1 -2 145
 55 3 0 327
 55 1 -1 117
 55 -1 0 250
 "contig-ratio-green-core" 0.9375
 "contig-ratio-red-core" 0.5652173913043478
 "a-count" 5
 "b-count" 0
 "c-color-count" 28
 "c-express-count" 28
 "d-color-count" 24
 "d-express-count" 23
 "cell-count" 56
 15 2 -3 73
 15 -3 3 32
 105 -2 2 158
 15 1 -3 269
 15 3 -3 298
 15 -2 -2 258
 15 -1 3 157
 15 -3 2 140
 15 -2 -3 276
 15 3 -2 197
 105 -3 1 179
 15 3 3 201
 15 -2 3 159
 15 2 -1 42
 15 2 -2 306
 15 1 4 220
 15 -3 -2 243
 105 1 -4 30
 15 3 -1 108
 15 0 -4 352
 15 2 3 191
 15 0 4 30
 15 -1 4 36
 15 3 0 114
 15 -1 -4 279
 105 -3 -3 139
 15 4 0 252
 15 4 1 265
 55 1 -2 77
 55 1 -1 337
 55 -4 0 64
 55 0 0 186
 55 1 2 332
 55 -1 -2 333
 55 -1 -1 110
 55 1 3 285
 55 -1 -3 101
 55 1 0 231
 55 -3 -1 203
 55 -1 1 206
 55 0 -2 357
 55 2 2 359
 55 2 1 199
 55 -2 0 279
 55 0 -3 30
 55 1 1 103
 55 -1 0 127
 55 0 2 40
 55 -2 -1 198
 55 -3 0 287
 55 0 1 295
 55 3 1 310
 55 -1 2 344
 55 0 -1 24
 55 0 3 68
 55 2 0 241
 "contig-ratio-green-core" 0.8235294117647058
 "contig-ratio-red-core" 0.5909090909090909
 "a-count" 7
 "b-count" 2
 "c-color-count" 26
 "c-express-count" 26
 "d-color-count" 21
 "d-express-count" 21
 "cell-count" 56
 15 3 2 30
 15 3 1 13
 15 4 1 295
 15 3 -2 9
 15 -3 -3 344
 105 -4 1 259
 15 -3 1 147
 15 -4 -1 194
 15 3 3 112
 105 2 -3 174
 15 -1 -3 77
 15 0 4 313
 15 3 -1 178
 15 1 4 285
 105 -3 -1 223
 15 -3 0 252
 15 -4 0 259
 15 0 -3 163
 15 3 0 149
 105 4 0 11
 105 2 -2 319
 105 2 3 115
 15 2 2 189
 105 1 -2 31
 15 -1 -4 152
 15 0 -4 173
 15 1 -4 332
 15 3 -3 82
 55 1 1 212
 55 -2 2 266
 55 -2 -2 190
 55 2 1 343
 5 -2 3 271
 55 -1 2 194
 55 0 -2 234
 55 1 0 157
 55 2 -1 214
 55 -2 1 304
 55 1 2 254
 55 2 0 274
 55 0 3 180
 55 1 3 218
 55 -2 -3 47
 55 -1 3 178
 55 -3 2 103
 55 -2 -1 196
 55 -1 -2 129
 55 0 -1 73
 5 -1 0 346
 55 -1 1 153
 55 0 2 164
 55 -2 0 276
 55 1 -1 211
 55 0 1 144
 55 0 0 186
 55 -1 -1 154
 "contig-ratio-green-core" 0.6875
 "contig-ratio-red-core" 0.5789473684210527
