 "a-count" 9
 "b-count" 3
 "c-color-count" 25
 "c-express-count" 25
 "d-color-count" 21
 "d-express-count" 19
 "cell-count" 56
 15 -1 1 34
 15 2 -2 112
 105 1 -4 309
 15 2 4 166
 15 3 0 259
 105 0 -4 257
 15 -3 2 52
 15 3 1 306
 15 -3 3 345
 105 -2 -3 92
 15 -1 2 119
 15 3 -1 177
 15 -3 -3 126
 15 0 2 275
 105 -3 -2 78
 15 3 2 141
 105 3 -2 254
 15 -2 -2 40
 105 4 0 309
 15 4 -1 33
 15 0 -3 286
 15 0 1 135
 15 2 -1 193
 15 0 3 78
 15 1 -3 348
 15 -1 3 102
 105 2 -3 83
 15 -1 -3 157
 5 -1 -4 134
 55 1 2 219
 55 1 4 2
 55 -2 3 19
 55 2 1 200
 55 -1 0 195
 55 -2 4 201
 55 2 3 157
 55 -1 -1 111
 55 -3 -1 94
 55 -2 0 193
 55 2 0 315
 55 -2 -1 29
 55 -1 -2 331
 55 0 0 45
 55 1 0 155
 55 1 3 20
 5 -4 -1 136
 55 1 -2 228
 55 -3 1 202
 55 1 -1 24
 55 0 -1 172
 55 0 -2 321
 55 -2 1 341
 55 2 2 145
 55 3 -3 88
 5 -4 1 301
 55 -3 0 270
 "contig-ratio-green-core" 0.8
 "contig-ratio-red-core" 0.8235294117647058
 "a-count" 10
 "b-count" 4
 "c-color-count" 26
 "c-express-count" 24
 "d-color-count" 20
 "d-express-count" 18
 "cell-count" 56
 105 -4 -1 145
 15 0 3 309
 15 1 3 181
 15 3 1 44
 105 -4 1 337
 15 2 2 182
 15 4 0 213
 15 2 -1 347
 15 1 -3 215
 15 3 0 339
 15 4 1 313
 15 0 2 0
 105 -3 -2 256
 15 -1 2 44
 15 0 -4 61
 15 0 -3 105
 105 3 -1 344
 15 1 4 66
 15 -3 0 112
 15 1 -4 291
 15 1 2 120
 105 2 3 81
 15 -1 3 260
 15 3 3 292
 15 -2 3 88
 105 3 -3 148
 105 -4 0 160
 105 2 -3 24
 55 1 -1 357
 5 -1 -4 222
 55 -3 2 261
 55 -1 -2 114
 55 -1 1 93
 55 -3 -1 166
 55 -2 0 61
 55 1 0 270
 55 -2 -1 181
 55 0 4 352
 55 -2 2 140
 55 -2 -2 254
 55 0 -1 173
 55 2 1 115
 55 2 -2 228
 55 -1 4 348
 55 0 0 148
 55 -1 0 356
 55 1 1 238
 5 -3 3 307
 55 3 2 88
 55 -2 1 286
 55 1 -2 138
 55 -1 -3 166
 55 -2 -3 240
 55 2 0 344
 55 0 1 310
 55 0 -2 115
 "contig-ratio-green-core" 0.6086956521739131
 "contig-ratio-red-core" 0.8421052631578947
 "a-count" 5
 "b-count" 6
 "c-color-count" 22
 "c-express-count" 22
 "d-color-count" 23
 "d-express-count" 23
 "cell-count" 56
 15 -1 -3 270
 15 0 2 290
 15 -2 0 320
 15 2 2 146
 15 1 4 300
 15 2 -3 230
 15 -1 -2 210
 15 0 -3 246
 15 -1 1 193
 105 -3 0 278
 15 0 -2 134
 15 -4 0 74
 15 -2 -1 173
 105 3 -3 139
 105 -3 -2 105
 15 1 -2 104
 15 -1 -1 123
 15 -2 -3 17
 15 4 1 34
 15 -1 0 260
 105 -2 3 64
 15 2 -2 248
 15 -2 -2 284
 105 -4 1 56
 15 -2 1 123
 15 -3 2 153
 15 1 3 198
 15 1 -3 353
 55 -2 2 131
 5 1 2 305
 55 -1 2 268
 5 -3 -3 316
 55 2 -1 238
 5 1 -4 123
 55 0 1 152
 55 3 0 308
 55 0 -4 192
 55 4 0 347
 55 1 0 340
 55 3 -2 29
 5 4 -1 350
 55 1 -1 237
 55 -3 -1 176
 5 0 3 199
 55 0 0 79
 55 -2 -4 245
 55 2 0 83
 55 2 1 8
 5 -3 3 149
 55 3 -1 283
 55 -1 -4 160
 55 3 3 216
 55 3 2 299
 55 -4 -1 276
 55 3 1 41
 55 1 1 185
 "contig-ratio-green-core" 0.8571428571428571
 "contig-ratio-red-core" 0.75
