 "a-count" 8
 "b-count" 4
 "c-color-count" 24
 "c-express-count" 24
 "d-color-count" 21
 "d-express-count" 20
 "cell-count" 56
 15 -3 1 342
 15 0 -4 120
 15 2 3 319
 105 1 -3 167
 15 3 -1 358
 105 2 -2 119
 15 4 0 83
 105 2 -3 299
 15 4 1 259
 15 2 2 303
 15 2 1 245
 15 0 -3 204
 105 1 -4 96
 15 -1 5 153
 15 -2 -1 76
 15 -2 -2 196
 15 -3 -1 208
 15 -2 4 201
 105 0 4 38
 15 -1 -2 54
 15 3 1 209
 105 -2 -3 359
 15 -3 0 311
 15 -1 4 214
 15 3 0 128
 15 -4 0 190
 15 -4 1 56
 105 3 -2 49
 55 0 -2 38
 5 1 4 32
 5 -3 3 251
 55 1 1 15
 55 -1 3 155
 55 2 0 242
 55 -1 1 234
 55 3 2 140
 55 -1 2 210
 55 -1 -1 260
 55 0 3 322
 55 0 -1 347
 55 -2 2 116
 55 -3 2 217
 55 -4 -1 241
 5 3 3 356
 55 1 2 203
 55 1 0 263
 5 -3 -2 97
 55 -2 0 44
 55 -2 3 4
 55 -2 1 104
 55 1 -2 239
 55 0 1 244
 55 0 2 151
 55 2 -1 238
 55 -1 0 163
 55 1 -1 148
 "contig-ratio-green-core" 0.6666666666666666
 "contig-ratio-red-core" 0.5789473684210527
 "a-count" 8
 "b-count" 3
 "c-color-count" 25
 "c-express-count" 25
 "d-color-count" 20
 "d-express-count" 20
 "cell-count" 56
 15 3 -1 257
 15 -2 4 57
 105 -1 -4 329
 105 3 -3 188
 105 -4 0 358
 15 0 4 322
 15 -3 1 341
 105 -3 -2 20
 15 1 -3 240
 15 -1 4 53
 15 -2 0 280
 105 1 4 265
 15 -2 -2 92
 105 -2 -3 237
 15 3 2 257
 15 -3 -1 345
 15 -2 -1 143
 15 -1 -3 40
 105 -4 -1 226
 15 3 -2 25
 15 1 3 190
 15 4 1 123
 15 4 0 84
 15 0 -3 195
 15 -2 1 97
 15 0 3 136
 105 -3 0 271
 15 3 0 135
 55 1 2 155
 55 1 1 324
 55 2 0 177
 55 -1 3 169
 55 -1 1 51
 55 -3 2 198
 5 -3 3 187
 55 -1 0 163
 55 0 -1 25
 55 0 0 113
 55 0 2 78
 55 2 2 112
 55 -3 -3 114
 55 2 -2 84
 55 -2 2 39
 55 -1 2 41
 5 2 -3 32
 55 -1 -1 221
 55 -1 -2 108
 55 1 0 80
 55 -2 3 16
 5 1 -4 309
 55 2 -1 14
 55 1 -2 93
 55 0 1 78
 55 2 3 251
 55 1 -1 230
 55 0 -2 121
 "contig-ratio-green-core" 0.8888888888888888
 "contig-ratio-red-core" 0.9285714285714286
 "a-count" 5
 "b-count" 5
 "c-color-count" 24
 "c-express-count" 23
 "d-color-count" 24
 "d-express-count" 23
 "cell-count" 56
 15 -1 -3 131
 15 3 2 126
 15 -3 0 129
 15 -1 2 252
 15 2 1 122
 15 2 -3 356
 15 -3 -1 0
 15 4 0 134
 15 0 2 290
 105 3 -3 84
 15 -2 2 290
 15 -2 3 78
 105 3 -2 167
 15 -2 1 230
 15 2 2 194
 15 3 -1 212
 15 -3 2 77
 15 4 1 336
 15 -2 0 118
 105 1 3 26
 105 3 1 115
 15 3 0 312
 15 2 -2 287
 15 1 -4 264
 15 -2 -1 35
 15 -3 1 89
 15 4 2 45
 15 -3 -2 129
 55 -1 0 160
 55 2 3 7
 55 0 1 179
 55 -4 0 305
 5 -2 -3 210
 55 0 -1 258
 5 -1 -4 244
 55 -1 4 186
 55 0 -3 170
 55 2 -1 171
 55 0 0 109
 55 2 0 340
 55 -4 1 265
 55 -2 4 69
 5 -3 -3 301
 55 -2 -2 293
 55 1 -2 158
 55 0 -4 18
 55 -1 -1 338
 55 1 -1 263
 55 1 0 330
 55 -1 1 247
 5 -4 -1 238
 55 1 1 6
 55 1 -3 282
 55 0 4 55
 55 0 -2 51
 55 -1 -2 328
 "contig-ratio-green-core" 0.9375
 "contig-ratio-red-core" 0.7368421052631579
 "a-count" 6
 "b-count" 4
 "c-color-count" 24
 "c-express-count" 24
 "d-color-count" 23
 "d-express-count" 22
 "cell-count" 56
 15 -2 -2 200
 15 1 2 41
 15 1 -4 178
 15 -4 1 3
 15 1 4 348
 15 2 2 16
 15 -1 2 320
 15 3 3 260
 15 2 0 190
 105 0 1 155
 15 4 0 272
 15 2 1 247
 15 -3 -1 92
 15 -2 2 337
 15 -2 1 206
 15 2 -1 134
 105 -3 -2 53
 15 0 0 197
 15 0 2 350
 15 0 -4 322
 15 1 -1 218
 105 4 -1 177
 15 -1 1 356
 15 1 0 66
 105 3 -3 249
 15 1 3 126
 15 2 3 148
 105 3 0 264
 55 2 -3 96
 55 2 -2 119
 55 0 -3 203
 55 4 1 285
 55 -3 1 15
 55 0 3 246
 55 -1 4 3
 55 0 4 323
 5 -3 -3 297
 55 -1 3 164
 55 0 -2 353
 55 -3 0 311
 55 -1 0 318
 55 -2 0 12
 55 3 -2 296
 55 3 -1 182
 5 -2 3 86
 5 -4 0 258
 55 1 -2 22
 55 1 -3 183
 55 0 -1 340
 55 5 1 353
 55 -1 -2 342
 55 -1 -3 188
 55 -1 -1 201
 5 -3 3 23
 55 -2 -1 145
 55 -1 -4 274
 "contig-ratio-green-core" 0.6818181818181818
 "contig-ratio-red-core" 0.85
