 "a-count" 10
 "b-count" 3
 "c-color-count" 27
 "c-express-count" 25
 "d-color-count" 19
 "d-express-count" 18
 "cell-count" 56
 15 1 3 65
 15 0 -5 73
 105 4 0 201
 15 1 -3 275
 15 3 2 245
 105 3 -2 310
 15 -1 3 231
 15 -3 2 357
 15 2 2 16
 15 0 -3 22
 15 0 -4 201
 15 2 -3 22
 15 -4 0 65
 15 4 -1 193
 105 3 3 332
 15 -3 -1 272
 15 0 3 323
 105 3 1 297
 15 1 2 30
 15 -2 -1 132
 105 4 1 241
 15 2 -2 130
 105 -1 4 275
 105 0 4 291
 105 -4 -1 246
 15 1 4 248
 15 3 0 154
 105 -3 -2 233
 55 3 -3 215
 55 -1 0 253
 55 0 0 264
 55 0 -1 180
 55 -1 -3 258
 55 2 -1 181
 55 3 -1 166
 55 -1 2 269
 55 2 0 204
 55 -2 -2 297
 55 0 2 336
 55 1 1 40
 55 0 1 354
 55 2 3 55
 55 1 -2 290
 55 -3 3 252
 55 0 -2 346
 55 -1 -1 315
 55 -3 1 109
 55 -1 1 54
 55 2 1 81
 5 -2 -3 82
 55 1 -1 2
 55 -3 0 212
 55 1 0 65
 55 -2 1 181
 55 -2 0 230
 55 -1 -2 207
 "contig-ratio-green-core" 0.8125
 "contig-ratio-red-core" 1
 "a-count" 10
 "b-count" 6
 "c-color-count" 23
 "c-express-count" 22
 "d-color-count" 20
 "d-express-count" 18
 "cell-count" 56
 15 2 0 349
 105 -3 1 309
 15 -1 0 191
 105 3 -1 28
 105 -3 2 109
 15 4 0 314
 105 4 -1 203
 15 0 -4 61
 15 1 1 20
 105 -3 0 293
 15 1 -4 143
 15 -1 1 66
 105 -4 0 248
 15 -2 1 130
 15 -2 -1 314
 15 1 2 236
 15 0 1 262
 15 1 0 43
 15 2 -2 249
 15 0 0 283
 15 -3 -2 41
 15 -2 0 134
 15 -1 -1 334
 15 0 2 162
 105 2 -1 15
 15 2 1 272
 105 -4 1 99
 15 -3 -3 73
 55 -2 -4 93
 55 -2 2 154
 55 1 4 239
 55 -1 3 31
 55 -1 2 340
 55 0 -2 342
 55 3 0 344
 55 3 -3 174
 55 0 -3 212
 55 1 -1 278
 55 -2 -2 310
 55 -1 4 12
 55 1 -2 321
 55 3 2 238
 5 2 2 252
 55 -1 -3 210
 55 1 -3 286
 55 -1 -2 39
 5 2 -3 110
 55 -1 -4 116
 55 0 3 296
 55 0 4 48
 5 3 3 237
 5 3 -2 35
 55 0 -1 253
 5 2 3 160
 55 4 1 257
 55 3 1 239
 "contig-ratio-green-core" 0.6363636363636364
 "contig-ratio-red-core" 0.875
 "a-count" 5
 "b-count" 7
 "c-color-count" 22
 "c-express-count" 21
 "d-color-count" 24
 "d-express-count" 23
 "cell-count" 56
 15 3 -1 186
 15 2 0 44
 105 3 -3 205
 15 -4 -1 127
 15 -1 4 108
 15 -2 -2 284
 15 -2 2 135
 15 -1 -2 352
 15 3 1 107
 15 1 3 242
 15 1 -2 267
 15 2 2 187
 15 0 -2 90
 15 -1 3 58
 15 2 -1 58
 15 0 4 195
 15 0 3 155
 15 2 -2 176
 15 4 1 19
 105 0 -3 202
 15 3 0 248
 15 -1 2 101
 105 3 2 146
 105 2 -3 216
 15 -3 2 107
 15 -1 -3 221
 15 2 1 52
 15 -4 1 319
 55 3 -2 11
 55 0 -1 60
 5 4 2 26
 5 -3 -3 87
 55 4 0 269
 5 -2 -3 86
 55 -1 0 137
 55 -1 -1 66
 55 -1 -4 67
 55 -2 0 218
 55 4 -1 229
 55 0 0 347
 55 0 1 98
 55 2 3 75
 55 -2 -1 31
 55 -2 1 193
 55 0 2 337
 55 1 0 76
 55 -1 1 238
 5 -3 3 209
 55 1 1 274
 55 -3 0 260
 55 4 -2 228
 5 0 -4 290
 55 -3 -1 316
 55 1 2 152
 55 1 -1 184
 5 3 3 80
 "contig-ratio-green-core" 1.0588235294117647
 "contig-ratio-red-core" 0.7368421052631579
