 "a-count" 2
 "b-count" 1
 "c-color-count" 27
 "c-express-count" 27
 "d-color-count" 26
 "d-express-count" 26
 "cell-count" 56
 15 -1 4 248
 15 -1 -4 323
 15 2 -3 62
 15 -2 2 136
 105 2 3 296
 15 1 2 79
 15 2 -2 287
 15 -1 3 65
 15 -2 -3 156
 15 1 -4 185
 15 -3 -2 31
 15 3 3 131
 15 4 -3 128
 15 -3 -3 198
 15 3 -3 263
 15 -2 3 143
 15 0 -3 339
 15 0 3 347
 15 1 3 359
 15 -4 -1 80
 15 -4 0 215
 15 -1 -3 60
 15 0 4 342
 15 2 2 298
 15 0 -4 155
 15 3 0 127
 15 3 -1 7
 105 1 4 150
 55 -3 1 259
 55 -2 1 95
 55 -1 1 7
 55 -2 -2 229
 55 -2 -4 206
 55 0 0 256
 55 2 -1 293
 55 -1 2 272
 55 4 1 158
 55 -1 -1 64
 55 -2 -1 133
 55 0 2 156
 55 -1 0 268
 55 3 1 309
 55 0 -1 1
 55 1 1 254
 55 -1 -2 319
 55 -3 -1 107
 55 1 -1 29
 55 2 1 337
 55 3 2 272
 55 0 -2 227
 55 2 0 297
 55 0 1 155
 55 -2 0 337
 5 -4 1 350
 55 1 0 302
 55 -3 0 327
 "contig-ratio-green-core" 0.8823529411764706
 "contig-ratio-red-core" 0.6521739130434783
 "a-count" 1
 "b-count" 2
 "c-color-count" 26
 "c-express-count" 26
 "d-color-count" 27
 "d-express-count" 27
 "cell-count" 56
 105 2 -3 239
 15 3 0 257
 15 -1 2 132
 15 4 0 340
 15 -1 -3 158
 15 -3 0 42
 15 0 -3 274
 15 1 -3 343
 15 -1 -4 61
 15 3 2 265
 15 -2 2 302
 15 -2 1 152
 15 4 1 310
 15 -3 -1 200
 15 -3 -2 211
 15 -3 2 139
 15 -4 0 135
 15 2 1 144
 15 -4 1 223
 15 0 -4 152
 15 4 0 7
 15 2 2 218
 15 3 1 114
 15 -3 1 52
 15 3 0 192
 15 5 0 40
 15 -2 -3 177
 15 -4 -1 268
 55 0 -1 334
 55 4 -2 107
 55 -1 0 43
 55 -3 3 154
 55 3 -2 273
 55 1 1 115
 55 0 -2 322
 55 1 2 353
 55 -2 -2 308
 55 -2 -1 286
 55 2 -2 304
 55 0 1 201
 55 2 -1 34
 55 1 3 35
 55 -1 -2 197
 55 1 -2 87
 55 -2 3 46
 55 -1 -1 317
 5 -1 3 327
 55 0 2 15
 55 1 -1 172
 55 -3 -3 297
 55 -2 0 317
 5 0 3 348
 55 -1 1 6
 55 1 0 118
 55 0 0 78
 55 2 0 167
 "contig-ratio-green-core" 0.875
 "contig-ratio-red-core" 0.5416666666666666
