 "a-count" 1
 "b-count" 5
 "c-color-count" 23
 "c-express-count" 23
 "d-color-count" 27
 "d-express-count" 27
 "cell-count" 56
 15 1 3 86
 15 0 -2 299
 15 4 -1 71
 15 -2 2 315
 15 -2 3 214
 15 2 -2 172
 15 -2 -3 109
 15 2 3 10
 15 1 -3 134
 15 1 -1 63
 15 -1 -3 260
 15 -2 -2 45
 15 2 -3 158
 15 -3 -3 43
 15 -1 3 141
 15 -3 -2 88
 15 2 -1 332
 15 -1 4 32
 15 0 -3 174
 15 0 3 270
 15 3 -1 342
 15 -3 2 76
 15 -3 -1 26
 15 0 4 287
 15 -4 -1 237
 15 -1 -2 286
 105 1 4 167
 15 -1 2 72
 55 3 1 214
 55 3 -2 2
 55 -1 0 92
 55 -1 -1 351
 55 1 2 218
 55 2 2 84
 55 2 1 170
 55 2 0 62
 55 -2 1 320
 55 -2 0 141
 55 -3 1 223
 55 4 0 224
 5 1 0 218
 55 -3 -3 107
 5 0 -4 185
 55 -4 0 200
 5 1 -4 22
 55 1 1 107
 55 0 0 2
 55 3 0 242
 55 -1 1 185
 55 0 -1 2
 55 -3 0 286
 55 0 2 36
 55 -2 -1 329
 5 -4 1 284
 5 -3 3 55
 55 0 1 134
 "contig-ratio-green-core" 1
 "contig-ratio-red-core" 0.6086956521739131
 "a-count" 6
 "b-count" 6
 "c-color-count" 22
 "c-express-count" 22
 "d-color-count" 22
 "d-express-count" 22
 "cell-count" 56
 15 -2 -3 101
 15 -1 -3 158
 15 0 -1 235
 15 4 0 41
 15 2 2 304
 15 0 -3 2
 15 0 -4 73
 105 3 -3 210
 105 1 -2 186
 15 2 4 203
 15 -3 2 343
 15 2 -3 116
 105 3 3 211
 15 2 -1 272
 15 1 -1 199
 15 3 2 257
 15 -2 3 307
 15 0 -2 269
 15 -1 -2 317
 15 4 1 171
 105 2 -2 340
 105 3 -2 246
 15 1 -3 161
 15 2 3 145
 15 -1 -4 262
 15 -1 3 173
 15 3 -1 293
 105 4 -1 265
 55 2 0 342
 55 -1 -1 103
 5 1 3 147
 55 0 0 263
 55 3 1 219
 55 -2 0 227
 55 0 2 137
 55 1 0 296
 55 -3 -1 252
 55 -2 2 43
 55 1 1 261
 55 0 1 2
 55 2 1 90
 55 -2 -1 85
 55 -4 0 177
 55 -1 1 215
 5 -1 4 197
 55 -3 0 142
 55 -2 -2 104
 5 1 -4 264
 55 -1 0 208
 55 -1 2 251
 55 3 0 108
 5 -3 -2 148
 5 -4 1 21
 55 0 3 37
 55 -2 1 178
 5 0 4 17
 "contig-ratio-green-core" 0.7647058823529411
 "contig-ratio-red-core" 0.6470588235294118
