 "a-count" 1
 "b-count" 2
 "c-color-count" 26
 "c-express-count" 26
 "d-color-count" 27
 "d-express-count" 27
 "cell-count" 56
 15 2 0 161
 15 0 -1 1
 15 2 -3 64
 15 1 -4 113
 15 3 1 345
 105 2 -2 130
 15 -1 -3 238
 15 -1 3 209
 15 3 3 37
 15 -1 4 212
 15 0 -4 268
 15 1 -1 283
 15 -1 -2 8
 15 2 -1 88
 15 3 -1 170
 15 0 -3 235
 15 1 -2 250
 15 3 0 186
 15 -2 -2 216
 15 3 -2 343
 15 0 -2 9
 15 -2 -3 87
 15 1 -3 276
 15 -1 -1 267
 15 -2 -1 67
 15 4 1 21
 15 -3 -1 344
 15 2 1 75
 55 -2 0 86
 55 3 -3 184
 5 -2 2 239
 55 1 0 348
 55 0 0 300
 55 3 2 265
 55 -3 2 33
 55 1 2 73
 55 0 1 12
 55 -1 0 129
 55 4 0 268
 55 -3 1 282
 55 -1 2 154
 55 2 3 87
 55 1 0 108
 55 0 3 177
 55 -4 0 209
 55 -2 1 171
 55 -4 1 216
 5 -1 -4 140
 55 2 2 247
 55 0 2 303
 55 -1 1 118
 55 1 3 283
 55 1 1 283
 55 4 -1 17
 55 -3 3 33
 55 0 4 115
 "contig-ratio-green-core" 0.65
 "contig-ratio-red-core" 0.7
 "a-count" 3
 "b-count" 2
 "c-color-count" 26
 "c-express-count" 26
 "d-color-count" 25
 "d-express-count" 25
 "cell-count" 56
 15 1 -3 215
 15 0 -4 26
 15 -2 -3 124
 105 1 -4 103
 15 0 3 278
 15 -3 0 207
 15 1 2 210
 15 1 4 291
 15 -2 -2 72
 15 -3 2 340
 15 4 -1 240
 105 -1 4 277
 15 -2 3 233
 15 0 -3 186
 15 -3 1 272
 15 -1 3 150
 15 -1 -4 347
 15 3 0 199
 15 3 -2 268
 105 -2 2 229
 15 -4 0 354
 15 -1 -3 148
 15 3 -1 13
 15 -3 -1 325
 15 -1 2 192
 15 1 3 159
 15 0 2 100
 15 -4 1 139
 55 1 -1 347
 55 2 -2 5
 5 4 0 318
 55 1 0 84
 55 -2 0 168
 55 1 1 344
 55 -2 1 314
 55 0 -1 8
 55 2 2 118
 55 2 -1 174
 55 3 3 203
 55 -1 -1 183
 55 0 0 198
 55 1 -2 206
 55 4 1 297
 5 -3 -2 230
 55 0 -2 243
 55 -1 1 118
 55 -1 -2 352
 55 0 1 98
 55 -3 -3 197
 55 2 1 126
 55 3 1 238
 55 -2 -1 157
 55 -1 0 193
 55 2 0 105
 55 -4 -1 285
 55 3 2 317
 "contig-ratio-green-core" 0.7777777777777778
 "contig-ratio-red-core" 0.6666666666666666
 "a-count" 1
 "b-count" 2
 "c-color-count" 26
 "c-express-count" 26
 "d-color-count" 27
 "d-express-count" 27
 "cell-count" 56
 15 4 1 304
 15 3 -2 18
 15 -4 1 308
 15 2 4 291
 15 2 -3 102
 15 -4 -1 130
 15 0 4 281
 15 2 3 319
 15 -2 -2 112
 15 1 -2 28
 15 1 -3 326
 15 1 4 14
 15 -2 -3 29
 15 2 -2 277
 15 -3 -3 252
 15 -3 -1 308
 15 -1 -3 225
 15 -1 -2 238
 15 4 -2 341
 15 -3 0 65
 15 4 -1 119
 105 -4 0 152
 15 1 -4 337
 15 -1 4 243
 15 -2 -1 238
 15 0 -2 313
 15 0 -3 349
 15 0 -1 12
 55 -2 3 130
 55 0 2 119
 55 2 2 315
 55 3 1 88
 55 0 -4 100
 55 -3 1 148
 55 2 1 193
 55 -2 0 195
 5 1 -1 156
 55 0 0 300
 55 1 2 213
 55 0 1 80
 55 -2 1 200
 5 1 0 313
 55 -2 2 91
 55 -1 -4 93
 55 -3 2 34
 55 3 -1 72
 55 2 -1 297
 55 3 0 348
 55 -1 1 330
 55 1 1 310
 55 0 3 56
 55 3 -3 335
 55 -1 3 324
 55 -1 2 110
 55 2 0 342
 55 -1 0 340
 "contig-ratio-green-core" 0.875
 "contig-ratio-red-core" 0.47619047619047616
