 "a-count" 1
 "b-count" 2
 "c-color-count" 26
 "c-express-count" 26
 "d-color-count" 27
 "d-express-count" 27
 "cell-count" 56
 15 -2 0 33
 15 -1 -4 167
 15 4 2 236
 15 -2 -1 157
 15 0 -3 300
 15 4 1 209
 15 -4 -1 135
 15 -2 -1 101
 105 3 1 168
 15 -2 1 29
 15 -3 -2 2
 15 -3 -1 354
 15 3 -2 31
 15 2 1 144
 15 -3 3 135
 15 2 3 103
 15 3 2 242
 15 -3 0 38
 15 3 -1 24
 15 -1 -3 161
 15 1 -3 7
 15 1 4 70
 15 3 0 26
 15 0 4 79
 15 -3 1 315
 15 2 2 235
 15 -4 0 356
 15 0 -4 210
 55 -1 -2 206
 55 -3 2 316
 55 0 -1 171
 55 -1 3 340
 5 -2 -3 236
 55 -3 -3 19
 55 -1 2 48
 55 2 -2 91
 55 1 -2 110
 55 -2 3 90
 5 1 2 125
 55 1 -2 226
 55 2 -1 135
 55 0 0 296
 55 -1 -1 29
 55 0 -2 232
 55 -2 -2 167
 55 -1 -2 134
 55 0 1 320
 55 0 -2 108
 55 1 0 198
 55 1 -1 74
 55 -2 -2 172
 55 -1 0 308
 55 -1 1 343
 55 2 0 187
 55 0 2 250
 55 -2 2 73
 "contig-ratio-green-core" 0.6363636363636364
 "contig-ratio-red-core" 0.7272727272727273
 "a-count" 1
 "b-count" 7
 "c-color-count" 21
 "c-express-count" 21
 "d-color-count" 27
 "d-express-count" 27
 "cell-count" 56
 15 2 2 79
 15 -3 0 294
 15 -3 2 302
 15 -3 -2 199
 105 -2 0 16
 15 -4 2 223
 15 1 1 278
 15 -1 4 135
 15 -3 1 272
 15 0 1 2
 15 3 1 108
 15 -1 0 113
 15 -3 -1 331
 15 -3 -3 237
 15 0 2 257
 15 2 0 249
 15 2 1 204
 15 -3 3 345
 15 2 4 136
 15 -2 -1 282
 15 2 3 176
 15 2 -1 25
 15 3 0 185
 15 3 2 313
 15 -1 1 312
 15 1 2 110
 15 -2 1 32
 15 3 -1 337
 5 -2 -3 223
 55 -1 3 19
 55 0 -3 37
 55 2 -3 164
 55 1 -1 189
 55 -1 -2 109
 55 -1 -1 191
 55 1 -2 141
 5 -4 -1 161
 5 2 -2 70
 5 3 -2 118
 5 0 -1 281
 55 -4 0 41
 55 -4 1 236
 55 -1 2 286
 5 -1 -4 26
 55 1 -3 150
 55 0 -2 112
 55 -2 3 124
 5 1 -4 243
 55 1 3 312
 55 1 0 340
 55 0 4 165
 55 -2 -2 30
 55 0 3 55
 55 0 -4 29
 55 0 0 69
 55 -2 2 91
 "contig-ratio-green-core" 1
 "contig-ratio-red-core" 0.5454545454545454
 "a-count" 2
 "b-count" 7
 "c-color-count" 21
 "c-express-count" 21
 "d-color-count" 26
 "d-express-count" 26
 "cell-count" 56
 15 -2 -2 146
 105 4 1 89
 15 -4 0 151
 15 2 -3 83
 105 4 0 353
 15 -3 3 148
 15 -1 -3 284
 15 -2 2 9
 15 2 2 297
 15 3 -1 218
 15 -3 -1 126
 15 -3 0 292
 15 0 -3 238
 15 -2 1 237
 15 -3 1 76
 15 0 -4 273
 15 1 -3 144
 15 -4 -1 245
 15 -1 3 200
 15 3 -3 316
 15 -1 4 109
 15 3 2 64
 15 3 1 171
 15 3 0 236
 15 -2 -3 61
 15 -4 1 307
 15 2 -2 310
 15 3 -2 263
 55 0 1 87
 5 2 -1 60
 55 1 -2 87
 55 1 1 157
 5 2 1 88
 55 -1 0 134
 55 -1 1 326
 55 0 4 301
 5 2 3 152
 55 1 -4 318
 55 0 2 219
 55 -1 -1 243
 55 0 0 219
 55 3 3 140
 55 1 -1 118
 55 -3 2 234
 55 -1 -2 125
 55 1 0 336
 5 -2 3 239
 5 -3 -3 130
 55 -1 2 148
 55 0 3 231
 55 0 -1 133
 5 1 3 131
 5 1 4 267
 55 0 -2 171
 55 -2 -1 70
 55 1 2 236
 "contig-ratio-green-core" 1
 "contig-ratio-red-core" 0.5454545454545454
