 "a-count" 2
 "b-count" 0
 "c-color-count" 28
 "c-express-count" 28
 "d-color-count" 26
 "d-express-count" 26
 "cell-count" 56
 15 -1 -3 208
 15 3 -2 160
 15 -2 -3 263
 15 -2 -2 0
 15 2 -3 18
 15 2 -2 11
 15 2 3 69
 15 -2 3 88
 15 -4 0 177
 15 0 -3 229
 15 4 0 148
 15 4 -1 222
 15 -4 -1 3
 15 -3 1 203
 15 -3 0 69
 15 3 0 226
 15 -3 4 227
 15 4 1 262
 105 0 -4 51
 105 1 -4 239
 15 -3 -1 198
 15 -4 1 181
 15 1 -3 55
 15 3 -1 142
 15 3 1 159
 15 -2 4 19
 15 -3 2 330
 15 -3 -2 21
 55 1 -1 173
 55 2 1 319
 55 3 2 351
 55 2 0 264
 55 -1 -1 228
 55 0 -2 153
 55 -2 1 119
 55 1 3 158
 55 1 0 42
 55 2 2 179
 55 -4 -2 121
 55 1 1 335
 55 -1 1 331
 55 0 0 298
 55 1 2 60
 55 0 1 81
 55 -2 -1 2
 55 1 4 325
 55 4 2 1
 55 0 2 39
 55 -2 2 111
 55 -2 0 12
 55 0 -1 260
 55 1 -2 111
 55 -1 0 158
 55 -3 -3 351
 55 -1 -2 103
 55 -1 2 206
 "contig-ratio-green-core" 0.9333333333333333
 "contig-ratio-red-core" 0.5416666666666666
 "a-count" 5
 "b-count" 3
 "c-color-count" 25
 "c-express-count" 25
 "d-color-count" 24
 "d-express-count" 23
 "cell-count" 56
 15 -1 -3 48
 105 1 4 327
 105 3 -3 260
 15 -3 0 314
 105 0 -4 338
 15 0 -2 202
 15 -2 3 337
 15 1 -3 83
 15 -3 1 164
 15 3 2 7
 15 -1 2 115
 15 -1 1 243
 15 1 3 244
 15 0 -3 256
 105 -1 -4 131
 15 4 0 197
 15 0 4 117
 15 4 -1 263
 15 -2 1 76
 15 1 -2 179
 15 0 3 22
 15 -4 -1 312
 15 -3 -1 199
 15 -2 2 337
 15 2 -3 172
 15 -4 0 350
 15 -1 3 196
 15 -1 -2 223
 55 -1 0 351
 5 -3 -3 162
 55 2 2 147
 55 0 2 283
 55 -3 3 230
 55 1 1 217
 55 1 0 325
 55 -2 -2 44
 55 0 1 252
 55 2 1 92
 55 0 0 309
 55 1 2 247
 55 2 0 30
 55 0 -1 168
 5 3 -1 242
 55 -2 -1 95
 55 -2 -3 264
 55 -1 4 49
 55 2 -1 235
 55 1 -1 122
 55 3 1 132
 55 2 3 261
 55 4 1 255
 5 3 3 303
 55 -2 0 198
 55 2 -2 232
 55 -3 2 258
 55 -1 -1 92
 "contig-ratio-green-core" 1
 "contig-ratio-red-core" 0.8095238095238095
 "a-count" 2
 "b-count" 6
 "c-color-count" 22
 "c-express-count" 22
 "d-color-count" 26
 "d-express-count" 26
 "cell-count" 56
 15 -2 -1 192
 15 3 1 293
 15 -2 2 206
 15 -1 -1 11
 15 -1 -2 231
 15 2 -1 353
 15 2 -3 150
 105 4 -1 247
 15 -3 1 71
 15 3 0 202
 15 -1 0 117
 15 -1 -3 221
 15 -1 -4 18
 15 -4 1 93
 15 2 3 211
 15 -3 2 207
 15 -3 0 302
 15 -2 0 306
 15 2 -2 275
 15 -2 -2 152
 15 2 2 242
 15 3 2 197
 15 3 -1 179
 105 4 0 354
 15 2 0 282
 15 -1 4 13
 15 2 1 9
 15 -2 1 356
 55 0 1 220
 5 3 -3 161
 55 1 3 354
 55 1 -2 94
 55 -4 -1 78
 55 0 4 270
 55 0 -1 351
 55 -1 2 305
 55 1 -3 201
 55 -2 3 53
 55 -1 3 192
 55 0 3 43
 55 1 -1 305
 5 -4 0 50
 55 0 2 165
 55 1 2 60
 55 2 4 221
 55 -4 -2 187
 55 0 0 307
 5 3 3 323
 55 0 -3 311
 55 1 4 143
 5 -3 3 281
 5 -1 1 83
 5 -3 -2 253
 55 1 0 266
 55 0 -2 284
 55 1 1 126
 "contig-ratio-green-core" 0.7647058823529411
 "contig-ratio-red-core" 0.6
 "a-count" 2
 "b-count" 3
 "c-color-count" 25
 "c-express-count" 25
 "d-color-count" 26
 "d-express-count" 26
 "cell-count" 56
 15 -2 -2 76
 15 -3 -1 259
 105 2 3 162
 15 -3 3 98
 15 0 -2 81
 15 1 3 218
 15 -4 0 43
 15 3 2 194
 15 -2 -1 240
 15 3 -1 137
 15 -1 -2 194
 15 -3 0 240
 15 0 4 213
 15 2 -3 191
 15 1 -2 233
 15 2 -1 251
 15 3 -2 316
 15 1 -3 341
 15 -1 3 211
 15 -3 2 257
 15 -2 3 258
 15 -3 1 151
 105 -1 4 210
 15 -1 -1 183
 15 0 3 324
 15 2 -2 320
 15 -1 -3 76
 15 0 -3 117
 55 -4 -1 257
 5 -3 -3 260
 55 0 -4 140
 55 -2 0 207
 55 0 2 324
 5 -4 1 355
 55 1 0 184
 55 4 0 166
 55 3 1 51
 55 -3 -2 344
 55 -1 2 289
 55 0 1 192
 55 2 1 79
 55 1 1 84
 55 -2 2 320
 55 -2 -3 254
 55 1 -1 354
 55 0 0 86
 55 -1 -4 330
 5 2 2 295
 55 1 2 265
 55 2 0 359
 55 -2 -4 173
 55 -1 0 284
 55 -1 1 284
 55 -2 1 287
 55 3 0 301
 55 0 -1 138
 "contig-ratio-green-core" 1.0588235294117647
 "contig-ratio-red-core" 0.6842105263157895
