 "a-count" 0
 "b-count" 7
 "c-color-count" 21
 "c-express-count" 21
 "d-color-count" 28
 "d-express-count" 28
 "cell-count" 56
 15 -3 3 137
 15 -1 2 144
 15 1 3 337
 15 1 -3 169
 15 -1 -4 93
 15 0 2 341
 15 1 0 150
 15 -2 0 218
 15 -2 3 86
 15 -3 1 257
 15 1 1 34
 15 -2 -4 278
 15 -1 0 306
 15 1 -4 290
 15 0 -4 59
 15 -1 3 158
 15 -2 1 10
 15 0 1 222
 15 -2 -3 334
 15 1 2 94
 15 -2 2 209
 15 2 3 16
 15 -1 4 11
 15 -1 1 329
 15 -3 0 243
 15 0 0 192
 15 3 -1 159
 15 0 -3 148
 55 -2 -2 43
 55 -4 -2 199
 55 -3 2 295
 55 -3 -1 259
 55 3 2 168
 55 -4 -1 116
 5 -3 -3 144
 55 2 0 168
 55 0 4 134
 55 3 1 185
 55 -1 -1 90
 55 2 -1 309
 5 3 -3 191
 55 4 0 323
 55 0 -2 291
 5 -3 -2 242
 5 4 -1 96
 55 2 1 168
 5 2 2 134
 5 2 -3 137
 55 2 -2 45
 55 1 4 275
 5 -4 1 210
 55 1 -2 22
 55 3 0 166
 55 1 -1 176
 55 -1 -2 140
 55 0 -1 140
 "contig-ratio-green-core" 0.5263157894736842
 "contig-ratio-red-core" 0.5454545454545454
 "a-count" 1
 "b-count" 6
 "c-color-count" 22
 "c-express-count" 22
 "d-color-count" 27
 "d-express-count" 27
 "cell-count" 56
 15 -2 -2 331
 15 -2 0 296
 105 4 -1 69
 15 1 -2 17
 15 -2 -1 113
 15 -4 1 112
 15 -2 -3 229
 15 -3 0 257
 15 3 -1 206
 15 0 -3 210
 15 -1 -3 200
 15 -1 3 107
 15 -2 -2 63
 15 1 3 229
 15 3 -2 115
 15 0 3 71
 15 4 1 191
 15 2 -1 161
 15 4 0 29
 15 2 -2 30
 15 -1 4 77
 15 -2 -1 346
 15 1 -3 264
 15 2 3 190
 15 3 0 269
 15 -3 1 66
 15 -1 3 347
 15 -2 0 356
 55 -3 3 38
 5 -1 0 333
 55 -1 1 51
 55 0 1 191
 55 1 2 115
 55 -1 -2 228
 55 0 -4 314
 55 2 -3 18
 55 -1 -1 57
 55 -1 2 307
 55 0 -1 27
 55 0 0 29
 5 -3 -3 212
 5 -3 -2 55
 55 -2 2 72
 55 0 2 113
 55 -2 1 140
 5 -2 3 43
 5 -4 0 2
 55 0 -2 187
 55 -2 1 45
 5 -4 -1 215
 55 -3 2 327
 55 -3 -1 191
 55 1 1 244
 55 2 2 60
 55 1 0 311
 55 0 1 71
 "contig-ratio-green-core" 1.0666666666666667
 "contig-ratio-red-core" 0.4444444444444444
 "a-count" 1
 "b-count" 3
 "c-color-count" 25
 "c-express-count" 25
 "d-color-count" 27
 "d-express-count" 27
 "cell-count" 56
 15 -2 2 4
 105 4 -1 11
 15 3 3 16
 15 0 -3 61
 15 3 0 198
 15 3 -1 18
 15 -3 1 154
 15 4 1 94
 15 2 3 99
 15 -2 0 91
 15 3 1 359
 15 -2 -3 135
 15 -4 0 15
 15 -2 1 320
 15 4 0 201
 15 1 -3 158
 15 0 -4 37
 15 -3 2 142
 15 -3 0 104
 15 3 -2 128
 15 1 4 34
 15 3 2 322
 15 -1 3 230
 15 -1 2 62
 15 2 -4 108
 15 -1 -3 78
 15 -1 1 97
 15 -4 -1 99
 5 3 -3 222
 55 2 1 243
 55 -3 -1 101
 55 0 3 83
 55 0 2 31
 55 2 0 65
 55 -2 -2 101
 55 2 -3 332
 55 1 -1 254
 55 2 -2 194
 55 1 3 176
 55 -1 0 245
 55 -1 -2 100
 55 2 -1 270
 55 0 4 267
 55 0 1 79
 55 1 2 96
 55 2 -1 313
 55 1 0 72
 55 1 -2 120
 55 1 -4 278
 55 0 0 341
 5 -1 -4 130
 5 -1 -1 225
 55 0 -2 28
 55 2 -2 173
 55 -2 -1 7
 55 2 2 188
 "contig-ratio-green-core" 0.7619047619047619
 "contig-ratio-red-core" 0.8636363636363636
