 "a-count" 8
 "b-count" 6
 "c-color-count" 23
 "c-express-count" 22
 "d-color-count" 22
 "d-express-count" 20
 "cell-count" 56
 15 3 0 80
 15 2 0 278
 105 1 -3 331
 15 -3 1 162
 15 -1 -1 26
 15 -1 -2 69
 15 1 4 256
 15 -1 3 293
 15 1 0 108
 105 3 -2 254
 15 1 -1 314
 15 2 -3 353
 15 3 2 340
 15 4 0 120
 15 -1 4 286
 105 -2 -1 73
 105 0 -4 216
 15 4 1 96
 15 2 3 264
 15 0 3 33
 15 2 -1 46
 105 3 -1 258
 15 -2 3 193
 15 -3 2 174
 105 1 -4 8
 15 -3 -3 233
 15 -1 -4 321
 15 3 -3 295
 55 -2 0 179
 55 -2 1 190
 55 0 2 103
 55 -3 -2 124
 55 2 2 211
 55 1 2 262
 55 -3 -1 305
 5 -4 0 127
 55 -2 -3 284
 55 0 -2 186
 55 -1 0 313
 55 0 -1 354
 55 1 3 15
 5 0 4 248
 55 3 1 186
 55 -1 1 142
 5 -4 -1 228
 5 3 3 312
 5 1 -2 312
 55 -1 -3 189
 55 0 1 15
 55 2 -2 231
 55 -1 2 153
 55 0 -3 264
 55 -3 0 260
 55 2 1 66
 55 -2 2 279
 55 0 0 212
 "contig-ratio-green-core" 0.85
 "contig-ratio-red-core" 0.8235294117647058
 "a-count" 10
 "b-count" 3
 "c-color-count" 25
 "c-express-count" 25
 "d-color-count" 18
 "d-express-count" 18
 "cell-count" 56
 15 1 3 193
 105 -2 2 172
 15 1 -4 281
 15 0 -4 243
 105 -3 0 73
 15 -2 0 224
 15 3 -2 222
 105 1 4 165
 105 -1 -4 243
 105 4 -1 37
 15 2 3 105
 15 2 -3 132
 15 -2 3 103
 15 2 2 67
 105 -3 1 131
 15 4 1 288
 15 -3 -3 175
 105 -1 2 295
 15 -2 -3 31
 15 -2 1 10
 15 3 2 105
 105 -1 4 74
 105 -4 1 348
 15 0 4 253
 15 3 -1 173
 15 -3 3 175
 15 1 -3 341
 105 -4 0 179
 5 3 -3 22
 55 -1 -1 219
 55 -1 0 318
 55 2 1 152
 55 1 -2 203
 55 0 0 333
 55 1 1 15
 55 3 0 125
 55 -2 -1 239
 55 -1 -2 88
 55 0 2 263
 55 3 1 21
 5 3 3 161
 55 4 0 130
 55 0 3 32
 55 0 1 316
 55 0 -2 80
 55 -1 -3 87
 55 0 -1 54
 55 1 2 224
 55 2 -1 182
 55 -1 1 15
 55 0 -3 245
 55 1 0 182
 55 -3 -1 61
 55 1 -1 104
 5 -2 -2 218
 55 2 0 157
 "contig-ratio-green-core" 0.7333333333333333
 "contig-ratio-red-core" 0.8
 "a-count" 11
 "b-count" 5
 "c-color-count" 24
 "c-express-count" 23
 "d-color-count" 18
 "d-express-count" 17
 "cell-count" 56
 15 0 -3 332
 15 -1 2 38
 15 1 -2 213
 105 4 0 116
 15 -2 -2 117
 15 2 -2 110
 15 -1 4 222
 105 4 1 127
 105 -4 -1 109
 105 -2 3 219
 105 2 -3 234
 15 -3 1 252
 15 2 -1 334
 15 -2 -3 73
 15 0 -4 7
 15 -1 -2 343
 105 -4 1 115
 15 1 4 341
 15 -3 -1 161
 15 0 4 88
 15 3 0 275
 105 1 -3 145
 15 -4 0 259
 15 3 -2 202
 105 -1 -3 29
 105 1 -4 301
 15 -1 3 283
 105 3 1 152
 5 -3 2 328
 55 -3 0 133
 55 1 1 258
 55 1 2 332
 55 -1 1 280
 55 1 -1 4
 55 0 -2 25
 55 -2 1 28
 55 0 0 174
 55 0 1 162
 55 2 0 223
 55 -2 0 238
 55 0 -1 125
 55 0 3 54
 5 -2 2 248
 55 0 2 220
 55 1 3 142
 55 4 -1 34
 5 -3 -2 146
 55 1 0 1
 55 -1 -1 240
 55 -1 0 127
 55 -2 -1 44
 5 3 3 274
 55 2 3 163
 55 2 1 199
 55 -3 -3 89
 55 -3 3 179
 "contig-ratio-green-core" 0.9333333333333333
 "contig-ratio-red-core" 0.8
 "a-count" 8
 "b-count" 3
 "c-color-count" 25
 "c-express-count" 25
 "d-color-count" 22
 "d-express-count" 20
 "cell-count" 56
 15 0 -4 107
 15 -2 -1 119
 15 0 4 53
 15 1 4 96
 15 3 -2 132
 15 4 1 268
 15 1 2 208
 105 3 3 105
 105 3 -3 268
 15 -4 1 350
 15 2 2 283
 15 2 -3 227
 15 -3 -3 200
 105 2 3 207
 15 -3 -1 195
 15 -1 3 356
 105 -2 -3 196
 15 1 3 141
 105 -2 2 237
 15 -2 1 258
 15 -2 -2 351
 15 -1 -3 209
 15 3 -1 221
 15 -4 -1 282
 15 -3 1 9
 105 -1 4 322
 15 3 2 34
 15 1 -3 319
 55 1 0 92
 55 -3 2 342
 55 3 1 302
 55 -1 0 133
 55 -1 -1 308
 55 2 1 73
 55 0 3 70
 55 1 -1 253
 55 0 -1 52
 55 0 0 257
 55 3 0 258
 55 0 -2 164
 55 1 1 322
 55 0 1 169
 55 2 -1 74
 55 -2 0 141
 55 4 0 21
 55 -1 -2 207
 55 0 -3 172
 55 0 2 265
 5 -3 0 57
 55 -1 2 329
 5 -1 -4 355
 5 -3 3 75
 55 -1 1 37
 55 4 -1 210
 55 2 -2 129
 55 2 0 33
 "contig-ratio-green-core" 0.9444444444444444
 "contig-ratio-red-core" 1
