 "a-count" 5
 "b-count" 7
 "c-color-count" 21
 "c-express-count" 21
 "d-color-count" 24
 "d-express-count" 23
 "cell-count" 56
 105 1 3 151
 15 -2 2 181
 15 4 1 37
 15 2 -1 50
 15 -1 -4 324
 15 2 -2 113
 15 3 1 96
 15 -4 0 212
 15 -3 -3 85
 15 -2 -2 316
 15 -1 4 286
 15 -3 -1 288
 15 -4 -1 303
 15 -2 1 259
 15 -2 -1 168
 15 2 2 140
 15 2 3 231
 15 -1 -3 258
 15 0 -4 94
 15 0 3 48
 15 0 2 323
 15 1 2 22
 105 3 2 278
 15 1 4 352
 15 -1 3 131
 105 -3 1 111
 105 3 -3 171
 15 2 -3 134
 55 0 -1 58
 55 0 -2 357
 55 4 0 30
 5 -2 -3 48
 55 1 1 186
 55 0 1 283
 55 0 -3 119
 55 -1 1 328
 55 2 0 123
 55 -2 0 272
 55 -1 -2 328
 55 -3 0 99
 5 -3 2 285
 55 -1 2 107
 55 1 -1 299
 5 3 -1 210
 5 1 -3 349
 55 0 0 11
 55 3 0 180
 55 2 1 49
 5 -3 3 248
 5 -3 -2 156
 55 0 4 209
 5 -4 1 299
 55 1 0 138
 55 1 -2 338
 55 -1 0 156
 55 -1 -1 34
 "contig-ratio-green-core" 1.1428571428571428
 "contig-ratio-red-core" 0.7142857142857143
 "a-count" 8
 "b-count" 5
 "c-color-count" 23
 "c-express-count" 23
 "d-color-count" 21
 "d-express-count" 20
 "cell-count" 56
 15 -4 -1 204
 105 -1 4 90
 105 1 4 9
 15 -1 2 266
 15 3 -1 196
 105 3 -2 320
 15 -2 -2 156
 15 -3 -1 101
 15 4 0 95
 105 -2 -3 251
 15 -2 2 119
 15 -3 2 21
 15 4 1 124
 15 -1 -4 336
 15 -1 -3 207
 15 0 3 156
 15 3 2 135
 15 -2 1 269
 15 3 0 65
 15 3 1 346
 15 1 -3 231
 105 1 -4 123
 105 0 -4 88
 15 1 3 154
 105 -2 3 313
 15 2 -2 124
 15 -1 1 186
 15 2 3 30
 55 2 -1 51
 55 0 -3 223
 55 -1 0 286
 55 -2 0 328
 55 -4 0 204
 55 -1 -2 286
 5 -3 -3 25
 55 -3 0 118
 55 2 0 221
 55 0 0 287
 55 2 1 299
 55 1 -1 281
 5 4 -1 29
 55 0 -2 119
 5 -1 3 5
 55 -2 -1 148
 55 1 -2 146
 55 1 1 248
 55 0 1 142
 5 3 -3 307
 55 0 -1 245
 55 1 0 333
 55 -3 1 110
 55 1 2 269
 55 0 2 321
 55 2 2 283
 55 -1 -1 83
 5 -4 1 84
 "contig-ratio-green-core" 1.0625
 "contig-ratio-red-core" 0.8421052631578947
 "a-count" 3
 "b-count" 3
 "c-color-count" 25
 "c-express-count" 25
 "d-color-count" 25
 "d-express-count" 25
 "cell-count" 56
 15 3 2 317
 15 2 3 109
 15 4 1 94
 15 -1 3 160
 15 -4 0 240
 15 2 -1 160
 15 -3 -3 10
 15 1 4 213
 15 -2 3 186
 15 -1 -3 325
 15 2 -2 3
 105 3 3 79
 15 -3 -1 244
 15 0 3 277
 105 3 -3 246
 105 -3 2 318
 15 -2 2 204
 15 -2 -2 268
 15 0 -3 352
 15 4 -1 207
 15 -4 1 324
 15 0 4 287
 15 -1 -2 320
 15 1 -3 206
 15 3 -1 74
 15 2 2 13
 15 -1 4 271
 15 -3 1 305
 55 3 1 90
 55 1 1 202
 55 3 0 312
 55 -1 2 326
 55 4 0 55
 5 1 -4 235
 55 1 0 149
 55 0 -2 274
 55 1 3 73
 55 3 -2 145
 55 -2 1 9
 55 1 -1 15
 55 -2 0 260
 55 -3 0 240
 55 1 -2 284
 55 -2 -1 258
 55 2 0 114
 55 -1 0 75
 55 1 2 324
 55 2 1 142
 55 0 1 76
 55 0 0 264
 55 -1 1 289
 5 -1 -4 265
 5 -3 -2 41
 55 0 -1 333
 55 -1 -1 288
 55 0 2 104
 "contig-ratio-green-core" 1.1875
 "contig-ratio-red-core" 0.8
 "a-count" 8
 "b-count" 4
 "c-color-count" 24
 "c-express-count" 24
 "d-color-count" 22
 "d-express-count" 20
 "cell-count" 56
 15 3 1 331
 15 -1 -4 291
 105 2 -3 276
 15 -3 3 359
 105 1 4 332
 15 -1 -3 28
 15 -3 -2 117
 15 4 -1 135
 15 1 -4 69
 15 2 0 103
 15 -3 0 237
 15 -1 2 54
 15 2 3 4
 15 1 -3 67
 15 0 4 171
 105 -4 -1 300
 105 3 0 118
 15 -1 1 18
 15 2 -2 27
 105 -2 2 161
 15 3 2 283
 15 -2 3 283
 15 -3 -1 271
 105 -4 1 118
 15 4 1 185
 15 -3 1 277
 15 3 -3 290
 15 1 3 194
 55 0 -3 316
 55 1 1 282
 55 -1 3 106
 5 -1 4 13
 55 4 0 297
 55 -1 0 28
 55 -2 -1 188
 55 0 0 327
 55 0 1 146
 55 3 3 142
 55 -2 0 200
 55 2 2 24
 55 0 -4 81
 5 3 -1 104
 55 -1 -1 304
 55 0 3 315
 5 -3 -3 352
 5 -3 2 275
 55 0 -1 79
 55 -2 1 30
 55 1 -1 147
 55 1 0 60
 55 1 -2 302
 55 0 -2 241
 55 -1 -2 111
 55 0 2 115
 55 -2 -2 254
 55 1 2 257
 "contig-ratio-green-core" 1
 "contig-ratio-red-core" 0.85
