 "a-count" 10
 "b-count" 4
 "c-color-count" 24
 "c-express-count" 24
 "d-color-count" 18
 "d-express-count" 18
 "cell-count" 56
 105 4 1 214
 15 1 -2 29
 15 2 -1 72
 105 3 -2 203
 15 1 2 56
 15 -1 -3 292
 15 2 0 222
 15 -2 -2 263
 15 2 2 86
 105 3 1 68
 15 1 3 49
 15 4 -1 62
 15 -4 -1 189
 15 4 2 258
 15 1 4 233
 15 3 -1 211
 15 -3 -1 230
 105 4 0 280
 105 3 0 129
 105 2 -3 16
 15 1 -3 222
 15 -2 2 331
 105 2 -2 183
 15 -1 3 36
 105 1 -4 203
 105 -4 1 70
 15 2 3 118
 105 -1 4 316
 55 0 0 64
 55 -2 0 163
 55 -1 -1 293
 5 -3 2 271
 55 0 -2 243
 55 0 4 84
 55 0 1 286
 55 -3 1 358
 55 3 2 138
 55 -1 2 114
 55 1 1 276
 55 -1 0 157
 55 0 3 37
 55 -3 0 49
 5 -1 -4 53
 55 1 0 57
 55 -1 1 138
 55 0 -3 58
 5 -2 -3 330
 5 -3 -3 15
 55 3 3 271
 55 0 -4 156
 55 -2 -1 299
 55 0 -1 3
 55 -4 0 64
 55 -2 1 3
 55 0 2 15
 55 1 -1 243
 "contig-ratio-green-core" 0.8666666666666667
 "contig-ratio-red-core" 1
 "a-count" 7
 "b-count" 2
 "c-color-count" 26
 "c-express-count" 26
 "d-color-count" 21
 "d-express-count" 21
 "cell-count" 56
 105 3 -2 231
 15 1 -3 109
 105 -1 3 279
 105 -3 3 168
 15 -1 2 27
 15 2 -2 28
 15 2 3 173
 105 3 0 258
 15 -1 -2 172
 15 -2 -4 114
 105 -2 3 56
 15 -4 1 345
 15 2 0 208
 15 -2 1 35
 15 4 0 140
 15 2 -1 62
 15 4 1 297
 105 -2 2 117
 15 -3 -3 16
 15 -3 2 64
 15 -1 -4 154
 15 3 3 197
 15 0 2 324
 15 -4 -1 287
 15 3 1 109
 105 -1 4 102
 15 3 -3 118
 15 0 3 263
 55 -4 0 174
 55 1 -1 312
 55 0 -2 287
 5 3 -1 167
 55 2 2 272
 55 -2 -3 307
 55 1 1 290
 55 1 0 324
 55 -3 0 245
 55 0 -4 323
 55 0 1 261
 55 4 -1 173
 55 -3 -1 309
 55 -1 1 81
 55 -3 -2 306
 55 2 1 105
 55 0 -3 57
 55 -2 -1 235
 55 1 3 223
 55 0 -1 147
 55 1 2 162
 55 1 -2 122
 55 -1 -3 312
 55 -2 0 308
 55 -1 0 265
 55 0 4 6
 55 0 0 149
 5 1 4 168
 "contig-ratio-green-core" 0.7727272727272727
 "contig-ratio-red-core" 0.9333333333333333
 "a-count" 5
 "b-count" 5
 "c-color-count" 23
 "c-express-count" 23
 "d-color-count" 23
 "d-express-count" 23
 "cell-count" 56
 15 -1 -3 259
 15 1 -4 349
 15 -4 0 321
 15 -1 -4 190
 15 -2 1 210
 15 2 2 199
 15 4 0 210
 15 2 -3 202
 15 -1 1 244
 105 3 -3 29
 15 4 -2 248
 15 1 2 314
 15 0 -3 10
 15 -1 4 174
 15 0 3 347
 105 -2 -2 125
 15 4 -1 110
 15 -3 3 44
 15 3 -2 323
 105 -1 3 317
 15 4 1 274
 105 -4 -1 157
 15 -2 2 166
 15 -2 -3 346
 15 -2 -1 338
 15 1 -3 84
 15 -3 1 84
 105 -3 -1 11
 5 0 4 31
 55 0 1 42
 55 -4 1 29
 55 3 1 349
 55 0 -2 116
 5 -3 -2 133
 55 2 -3 230
 55 1 0 110
 55 1 -1 143
 55 2 -1 28
 5 1 4 342
 55 3 -1 269
 55 2 1 27
 55 -3 0 111
 5 -3 -3 6
 55 2 -2 0
 55 2 0 274
 55 1 -2 324
 55 0 0 254
 55 3 0 266
 55 1 1 77
 55 0 2 1
 55 -2 0 45
 55 -1 -2 125
 55 0 -1 103
 55 -1 -1 325
 55 -1 0 232
 5 -2 3 172
 "contig-ratio-green-core" 1
 "contig-ratio-red-core" 0.8333333333333334
 "a-count" 6
 "b-count" 4
 "c-color-count" 24
 "c-express-count" 24
 "d-color-count" 22
 "d-express-count" 22
 "cell-count" 56
 15 4 0 17
 15 -3 -1 228
 15 -1 -3 289
 105 -3 2 102
 15 -3 1 282
 105 -4 0 2
 15 3 2 60
 15 4 -1 234
 15 -1 4 298
 15 -2 2 110
 15 2 2 7
 15 -4 -1 85
 15 2 -2 157
 15 -2 -2 277
 15 0 -4 324
 15 0 4 287
 15 -2 3 242
 15 3 0 150
 15 3 -3 235
 15 2 3 78
 105 -2 -3 123
 105 -3 0 337
 15 -3 -3 192
 15 3 -2 152
 105 -2 4 194
 15 -1 -2 325
 105 3 1 60
 15 1 -2 88
 55 -2 -1 203
 55 0 -1 88
 55 -1 1 191
 55 1 -1 120
 55 0 1 269
 5 2 -3 130
 55 1 0 30
 55 -1 2 314
 55 0 2 39
 5 1 -3 343
 55 -1 3 242
 55 -2 0 138
 55 2 -1 40
 55 2 0 52
 5 -4 1 266
 55 0 3 232
 55 -1 -1 125
 55 1 3 291
 55 0 -3 103
 55 1 2 337
 55 -1 0 232
 5 -3 3 47
 55 -3 -2 161
 55 0 0 292
 55 -2 1 238
 55 3 -1 321
 55 1 1 196
 55 0 -2 189
 "contig-ratio-green-core" 1.1333333333333333
 "contig-ratio-red-core" 0.7647058823529411
