 "a-count" 3
 "b-count" 4
 "c-color-count" 24
 "c-express-count" 24
 "d-color-count" 25
 "d-express-count" 25
 "cell-count" 56
 15 -3 -2 70
 15 -3 1 199
 15 -1 -3 192
 15 3 1 63
 15 3 -2 106
 15 3 2 29
 15 -4 1 315
 15 -4 -1 176
 15 4 0 3
 15 -1 -2 201
 105 1 4 162
 105 4 1 88
 15 0 4 251
 15 1 3 326
 15 -1 1 193
 15 -2 -2 85
 15 -3 3 44
 15 3 -1 11
 15 3 -3 134
 15 0 -3 206
 15 2 3 285
 15 -2 1 97
 15 -4 0 143
 15 1 -4 341
 15 -2 3 76
 15 -1 2 82
 15 -2 -3 200
 105 -1 4 69
 55 -1 3 256
 55 2 0 214
 55 0 2 16
 55 0 1 14
 55 -2 -1 357
 55 0 0 301
 55 1 0 331
 55 0 -2 109
 55 1 2 122
 55 0 3 102
 55 2 1 12
 55 2 -2 221
 5 3 3 331
 55 1 -3 41
 5 -2 2 96
 55 2 2 321
 55 -1 -1 304
 55 -3 0 78
 55 0 -1 34
 5 0 -4 192
 55 1 -1 63
 55 -3 -1 322
 55 -2 0 148
 55 1 1 301
 55 2 -3 351
 55 2 -1 178
 5 1 -2 266
 55 -1 0 299
 "contig-ratio-green-core" 1.0526315789473684
 "contig-ratio-red-core" 0.7894736842105263
 "a-count" 9
 "b-count" 3
 "c-color-count" 26
 "c-express-count" 25
 "d-color-count" 20
 "d-express-count" 19
 "cell-count" 56
 15 2 -3 299
 15 -2 -3 270
 15 0 -4 120
 15 -2 2 12
 105 1 -4 26
 15 2 2 190
 15 1 3 64
 15 -3 1 221
 105 2 3 128
 105 -3 -2 285
 15 -4 -1 150
 105 -1 2 162
 15 1 -3 232
 105 -4 1 99
 105 -3 2 225
 15 2 1 175
 15 3 -1 298
 15 -4 0 246
 15 -3 3 209
 15 4 0 118
 15 1 4 104
 15 4 1 319
 15 -2 3 88
 15 -3 -1 210
 105 3 1 299
 15 -2 -1 194
 105 3 -2 133
 15 -2 -4 52
 5 3 2 162
 55 1 0 157
 55 -1 0 69
 55 -1 1 325
 55 0 1 161
 55 1 -2 147
 55 0 -3 133
 55 -1 -2 20
 55 0 2 299
 55 1 1 8
 55 0 3 56
 55 -2 0 329
 55 0 -1 158
 55 -3 0 24
 55 -1 3 113
 55 2 0 198
 55 2 -1 280
 55 1 -1 312
 55 -2 1 130
 55 -1 -4 326
 55 0 0 282
 55 -3 -3 235
 55 0 -2 221
 5 -2 -2 76
 55 -1 -3 191
 55 2 -2 135
 55 1 2 17
 55 -1 -1 284
 "contig-ratio-green-core" 0.8823529411764706
 "contig-ratio-red-core" 0.8888888888888888
 "a-count" 9
 "b-count" 5
 "c-color-count" 23
 "c-express-count" 23
 "d-color-count" 21
 "d-express-count" 19
 "cell-count" 56
 15 1 -3 33
 15 -1 3 250
 105 -4 1 202
 15 3 2 350
 15 -4 -2 158
 105 0 -3 90
 15 3 1 27
 105 1 -4 80
 15 3 0 199
 15 2 2 171
 15 2 -1 204
 105 2 -3 264
 15 0 4 261
 15 -2 -3 73
 105 -1 -3 210
 15 1 3 352
 105 -2 3 48
 15 0 -4 186
 15 -3 -3 106
 15 -2 2 193
 15 -1 4 162
 15 3 -2 341
 15 3 3 314
 15 -3 1 337
 105 -3 -2 324
 15 2 -2 33
 15 -2 -2 111
 15 1 2 168
 55 0 -1 28
 5 -4 0 276
 55 -1 0 250
 5 -3 2 37
 55 0 2 214
 55 -2 0 118
 5 3 -3 239
 55 1 0 54
 55 -3 0 278
 55 3 -1 186
 55 2 0 224
 55 1 -2 51
 55 -1 2 209
 55 -1 1 333
 55 0 1 224
 55 0 3 142
 55 -2 1 5
 5 4 0 164
 55 -1 -2 349
 55 0 -2 65
 55 1 1 37
 55 0 0 184
 55 -4 -1 229
 55 2 1 122
 5 1 4 188
 55 1 -1 120
 55 -3 -1 36
 55 -2 -1 352
 "contig-ratio-green-core" 0.8235294117647058
 "contig-ratio-red-core" 0.6842105263157895
 "a-count" 10
 "b-count" 5
 "c-color-count" 24
 "c-express-count" 23
 "d-color-count" 20
 "d-express-count" 18
 "cell-count" 56
 15 2 3 93
 15 2 2 99
 105 2 -3 74
 15 0 -2 335
 15 -1 4 163
 15 -4 1 146
 15 -1 3 99
 105 1 -4 83
 105 3 -2 107
 15 -2 2 292
 15 -1 -4 314
 105 -3 1 324
 15 0 -3 73
 105 -2 3 331
 15 -3 -2 3
 15 1 -2 329
 15 -2 1 351
 15 3 -1 352
 15 -3 -1 317
 15 4 1 212
 15 -4 0 342
 15 2 -1 74
 15 -1 -3 43
 105 1 -3 158
 105 -3 3 292
 15 0 4 171
 105 3 -3 244
 15 -3 -3 30
 55 -4 -1 82
 55 -1 2 291
 55 -1 1 312
 55 1 2 173
 55 -3 0 64
 5 -3 2 231
 5 0 -4 260
 55 -1 0 150
 55 4 -1 265
 55 1 1 321
 55 4 0 195
 55 3 0 320
 55 0 3 44
 55 1 0 81
 55 2 0 309
 55 0 -1 182
 55 2 1 217
 55 0 0 329
 55 -2 0 273
 55 0 2 284
 55 -1 -2 26
 5 3 2 125
 55 1 -1 289
 55 3 1 127
 5 -2 -1 256
 55 -1 -1 159
 55 -2 -3 114
 55 0 1 23
 "contig-ratio-green-core" 0.8666666666666667
 "contig-ratio-red-core" 0.8823529411764706
