 "a-count" 12
 "b-count" 6
 "c-color-count" 23
 "c-express-count" 22
 "d-color-count" 16
 "d-express-count" 16
 "cell-count" 56
 105 -4 -1 122
 105 2 -2 16
 15 -4 0 231
 105 3 3 71
 105 -2 1 201
 15 -2 -3 325
 105 -3 1 238
 105 -1 -2 36
 15 -3 -2 305
 105 -4 1 75
 105 2 -3 266
 105 0 -2 31
 15 -1 1 306
 15 3 -2 311
 15 2 3 89
 15 -2 3 134
 15 -2 -2 138
 15 3 -1 159
 15 0 4 52
 15 -2 2 247
 15 4 -1 15
 105 3 2 293
 105 -3 2 2
 15 0 -3 291
 15 -3 -1 171
 15 4 0 189
 105 1 -2 104
 15 0 -4 338
 5 -3 3 185
 55 2 -1 107
 55 1 3 42
 5 -3 -3 354
 55 -1 -4 87
 55 0 1 245
 55 0 2 236
 55 -3 0 343
 55 1 0 125
 55 2 2 52
 55 1 1 238
 5 3 1 11
 55 1 2 45
 5 -1 3 80
 55 -2 -1 220
 55 -2 0 248
 55 1 -3 192
 55 0 0 258
 5 4 1 224
 55 1 4 303
 55 2 1 281
 55 2 0 328
 55 -1 -1 344
 55 3 0 66
 55 0 -1 207
 55 1 -1 287
 55 -1 0 327
 55 0 3 29
 "contig-ratio-green-core" 0.5333333333333333
 "contig-ratio-red-core" 0.6923076923076923
 "a-count" 8
 "b-count" 3
 "c-color-count" 26
 "c-express-count" 25
 "d-color-count" 21
 "d-express-count" 20
 "cell-count" 56
 15 3 2 277
 15 -1 3 117
 15 2 -1 78
 105 0 4 39
 15 -3 1 56
 15 3 3 87
 15 -1 -4 191
 105 2 3 171
 15 2 -3 97
 15 4 2 163
 15 1 -3 222
 15 0 2 167
 15 2 2 44
 15 3 -1 193
 15 1 2 123
 15 2 -2 83
 15 -2 -2 307
 105 1 4 180
 105 1 3 233
 15 0 3 12
 15 -4 1 114
 15 -2 1 218
 15 -2 -3 40
 105 -3 2 292
 15 -1 2 195
 105 3 -3 144
 105 -4 -1 82
 15 -2 2 97
 55 3 1 318
 55 -4 0 227
 55 -3 0 354
 55 4 1 332
 55 0 0 327
 55 -1 -2 87
 55 -1 0 259
 55 0 1 40
 55 3 0 282
 55 -2 0 301
 55 -1 1 95
 5 1 -4 188
 55 -3 -1 273
 55 -1 -3 171
 55 2 1 144
 55 -3 -3 147
 55 1 1 141
 55 0 -3 45
 55 -2 -1 321
 55 1 -2 5
 55 4 -1 201
 55 2 0 12
 55 1 -1 12
 55 -2 3 53
 55 3 -2 313
 55 4 0 324
 55 1 0 245
 5 0 -1 350
 "contig-ratio-green-core" 0.7619047619047619
 "contig-ratio-red-core" 1.1666666666666667
 "a-count" 8
 "b-count" 6
 "c-color-count" 22
 "c-express-count" 22
 "d-color-count" 20
 "d-express-count" 20
 "cell-count" 56
 15 2 2 354
 105 2 -3 212
 15 -2 1 304
 15 1 -3 279
 15 -1 -3 161
 15 1 -2 187
 105 0 4 153
 15 -1 -2 100
 15 -2 -2 121
 15 -3 3 27
 15 2 3 202
 15 1 4 43
 15 -3 0 44
 105 -4 1 26
 15 3 3 183
 15 -3 1 230
 105 -2 -3 62
 15 -3 -3 29
 15 -1 4 44
 105 -3 -2 82
 15 -4 0 173
 105 3 -1 190
 15 0 -4 16
 105 -3 2 193
 15 3 1 86
 15 0 -3 340
 15 4 0 68
 105 -2 2 149
 5 1 -4 324
 55 0 -1 56
 55 2 -2 146
 5 3 -3 222
 55 -1 -1 21
 55 1 2 359
 55 -1 2 315
 55 0 0 1
 55 -1 0 49
 55 2 0 227
 55 1 0 5
 5 3 2 41
 55 1 -1 343
 55 1 1 102
 55 -2 -1 198
 5 4 -1 0
 55 3 0 241
 55 1 3 32
 55 0 1 320
 55 -2 3 6
 5 0 2 98
 55 -1 3 122
 55 0 -2 104
 55 2 1 269
 55 -1 1 324
 55 2 -1 199
 5 0 3 273
 55 -2 0 69
 "contig-ratio-green-core" 0.8666666666666667
 "contig-ratio-red-core" 0.7058823529411765
 "a-count" 6
 "b-count" 6
 "c-color-count" 23
 "c-express-count" 22
 "d-color-count" 22
 "d-express-count" 22
 "cell-count" 56
 15 1 -2 190
 105 3 2 353
 15 1 -4 120
 105 3 3 262
 15 -2 -2 243
 15 0 3 202
 15 -1 2 45
 15 -3 3 207
 15 2 2 20
 105 -2 3 293
 15 -3 -2 1
 15 -1 4 303
 15 3 -1 45
 105 2 3 308
 15 -3 -1 300
 15 -2 2 107
 15 3 1 169
 15 0 4 163
 15 1 3 337
 15 -2 -3 48
 15 -1 -3 313
 15 4 1 17
 105 1 -3 241
 15 -3 1 249
 15 2 -2 79
 15 1 4 332
 105 2 -3 17
 15 -3 0 343
 55 0 2 19
 55 -1 0 346
 55 1 -1 275
 55 -2 -1 236
 5 4 0 29
 55 3 0 23
 55 0 1 10
 55 -1 -2 343
 5 -4 -1 8
 55 -2 0 0
 55 0 0 202
 55 0 -3 87
 55 0 -4 149
 55 -1 -1 219
 55 0 -2 126
 5 4 -1 329
 55 2 0 326
 55 1 2 105
 55 1 0 211
 55 -1 1 174
 55 0 -1 209
 55 -2 1 100
 55 2 1 348
 55 1 1 110
 55 2 -1 306
 5 3 -2 321
 55 -3 2 324
 5 -1 -4 76
 "contig-ratio-green-core" 1.25
 "contig-ratio-red-core" 0.7368421052631579
