 "a-count" 14
 "b-count" 4
 "c-color-count" 25
 "c-express-count" 24
 "d-color-count" 16
 "d-express-count" 14
 "cell-count" 56
 15 2 0 123
 105 3 -1 344
 15 -3 3 278
 15 -3 2 12
 15 4 -1 63
 15 -1 -2 229
 105 2 3 180
 105 3 -2 268
 105 3 -3 211
 15 -1 4 113
 15 3 2 52
 15 -1 -3 59
 105 4 0 184
 105 2 -2 263
 15 -3 -2 303
 15 1 3 265
 15 -1 -4 291
 105 -2 -3 82
 105 -3 -3 173
 15 2 -3 295
 105 0 4 99
 15 1 -1 40
 105 -3 -1 7
 15 -2 -2 151
 15 0 3 10
 105 1 4 216
 15 -4 1 143
 105 0 -3 121
 55 -1 -1 320
 55 1 -2 159
 55 -2 0 243
 55 0 1 83
 55 1 2 331
 55 0 0 126
 55 -1 1 184
 55 0 -2 353
 55 3 0 285
 55 2 2 107
 55 1 -3 306
 55 0 2 74
 55 -2 2 71
 55 -2 -1 89
 55 1 1 304
 5 3 1 184
 55 0 1 170
 55 0 -4 97
 55 1 0 277
 55 0 -1 241
 55 -2 1 281
 55 2 1 190
 55 -2 3 315
 5 4 1 249
 55 -3 1 201
 5 1 -4 281
 55 -1 2 210
 55 -1 0 151
 "contig-ratio-green-core" 0.6470588235294118
 "contig-ratio-red-core" 0.9090909090909091
 "a-count" 7
 "b-count" 2
 "c-color-count" 26
 "c-express-count" 26
 "d-color-count" 22
 "d-express-count" 21
 "cell-count" 56
 15 2 -2 99
 15 -4 -1 145
 105 -2 3 111
 105 0 -4 65
 105 3 -2 45
 105 0 3 292
 15 0 -2 112
 105 2 -3 66
 15 -1 2 215
 15 -1 -3 147
 15 1 -2 296
 15 -4 0 142
 15 4 0 298
 15 -2 2 240
 15 4 1 223
 15 2 4 333
 105 0 -3 43
 15 -3 3 344
 15 -2 -2 268
 15 -3 2 216
 15 -3 -3 67
 15 -2 -3 167
 15 1 4 173
 15 0 4 8
 15 3 -1 151
 15 -3 1 305
 15 -1 4 296
 15 1 -4 200
 5 4 -1 349
 55 -2 1 236
 55 0 -1 316
 55 3 3 285
 55 2 -1 157
 55 2 0 188
 55 2 3 260
 55 -3 -1 326
 55 3 1 211
 55 1 0 25
 55 3 0 130
 55 -2 -1 354
 5 -4 1 83
 55 -1 1 274
 55 0 1 30
 55 1 1 57
 55 4 2 237
 55 -2 0 214
 55 -1 0 180
 55 1 -1 72
 55 3 2 193
 55 0 2 266
 55 -3 0 141
 55 1 3 178
 55 -1 -2 303
 55 0 0 72
 55 2 1 77
 55 1 2 68
 "contig-ratio-green-core" 0.7222222222222222
 "contig-ratio-red-core" 0.6842105263157895
 "a-count" 4
 "b-count" 2
 "c-color-count" 26
 "c-express-count" 26
 "d-color-count" 24
 "d-express-count" 24
 "cell-count" 56
 105 3 -3 120
 15 3 2 276
 15 -1 3 11
 15 -3 1 113
 15 2 -2 30
 15 1 4 120
 15 -1 -4 88
 15 -2 -2 212
 15 -2 2 28
 15 -4 -1 41
 15 2 -1 318
 105 -3 -3 203
 15 0 -4 111
 15 4 1 43
 15 1 -4 66
 15 0 3 68
 15 4 -1 29
 15 2 0 11
 15 -3 0 221
 15 -4 1 99
 15 2 3 311
 15 -1 -3 117
 105 4 0 130
 15 -2 -3 71
 15 3 0 353
 105 -1 4 155
 15 3 -1 90
 15 -3 -2 97
 55 0 1 166
 55 -1 0 103
 55 -1 -1 42
 55 -3 -1 269
 55 -2 1 336
 55 1 3 342
 55 3 1 269
 55 -1 1 129
 55 0 0 181
 55 0 -2 293
 55 1 -1 337
 55 -2 -1 50
 5 3 3 197
 55 1 -2 353
 55 2 1 318
 55 1 0 34
 55 -2 0 77
 55 0 -3 235
 55 0 2 257
 55 -1 2 322
 55 2 2 251
 55 1 2 293
 55 -3 2 177
 55 1 -3 54
 55 0 -1 216
 5 2 -3 293
 55 -1 -2 295
 55 1 1 260
 "contig-ratio-green-core" 1.1875
 "contig-ratio-red-core" 0.8888888888888888
 "a-count" 11
 "b-count" 5
 "c-color-count" 25
 "c-express-count" 23
 "d-color-count" 19
 "d-express-count" 17
 "cell-count" 56
 15 0 -3 55
 105 0 4 308
 15 -3 3 89
 15 3 3 66
 105 -2 3 22
 15 2 3 199
 15 -3 2 266
 15 -1 -3 18
 105 2 -3 306
 15 4 1 197
 15 -3 0 259
 15 -2 2 264
 105 1 4 215
 15 1 -3 250
 105 -2 -2 192
 15 -2 -1 194
 15 -4 0 320
 15 -1 2 49
 105 3 -2 157
 105 1 3 145
 15 1 -4 262
 15 4 -1 114
 105 -1 4 59
 15 4 0 236
 15 3 2 318
 105 -3 -1 339
 15 1 -2 79
 15 -3 -3 160
 55 -4 1 301
 55 -1 1 284
 55 0 -2 239
 55 -3 -2 112
 55 0 0 231
 55 1 2 169
 55 2 1 197
 55 1 0 189
 55 -2 0 139
 55 -1 -1 105
 55 -2 1 170
 55 -3 1 295
 55 0 2 247
 5 3 -1 289
 55 -1 0 245
 5 -1 -4 39
 55 2 2 304
 55 1 -1 290
 55 0 -1 327
 55 0 1 234
 55 -4 -1 219
 55 2 0 145
 55 1 1 11
 5 0 3 226
 55 2 -2 128
 55 2 -1 226
 55 3 1 155
 55 -1 -2 296
 "contig-ratio-green-core" 0.7857142857142857
 "contig-ratio-red-core" 1
