 "a-count" 6
 "b-count" 5
 "c-color-count" 23
 "c-express-count" 23
 "d-color-count" 23
 "d-express-count" 22
 "cell-count" 56
 15 1 -2 341
 15 -2 -3 84
 105 -4 1 357
 105 1 -3 291
 15 -3 3 10
 15 0 1 302
 15 -1 -4 108
 15 3 -1 229
 15 0 2 257
 105 3 2 168
 105 -3 -3 197
 15 -2 -2 349
 15 4 1 138
 15 2 -2 75
 15 -2 2 221
 15 2 2 89
 15 -4 0 250
 15 1 -4 13
 15 -1 1 233
 105 -4 -1 312
 15 3 -2 181
 15 1 1 79
 15 3 1 318
 15 -3 -1 132
 15 -2 -1 173
 15 2 3 147
 15 1 2 202
 15 -3 1 42
 55 0 -1 61
 55 -1 -2 121
 55 0 3 63
 55 -1 -3 116
 55 1 0 44
 55 0 -4 63
 5 4 -1 170
 55 -1 -1 199
 55 0 -3 135
 55 -1 3 27
 55 1 3 246
 55 -3 0 347
 5 2 -3 78
 55 2 -1 204
 55 0 -2 221
 55 -1 4 351
 55 2 0 73
 55 1 -1 246
 55 -2 0 314
 5 1 4 358
 5 -1 2 319
 55 4 0 341
 5 -3 2 1
 55 2 1 168
 55 -2 1 9
 55 0 0 211
 55 0 4 341
 55 -1 0 322
 "contig-ratio-green-core" 0.9545454545454546
 "contig-ratio-red-core" 1
