 "a-count" 13
 "b-count" 0
 "c-color-count" 28
 "c-express-count" 28
 "d-color-count" 15
 "d-express-count" 15
 "cell-count" 56
 15 1 3 118
 105 3 -2 350
 105 -1 3 59
 105 2 0 246
 105 3 0 74
 15 0 -4 169
 105 3 -3 251
 105 1 2 261
 105 -2 3 143
 15 0 4 142
 15 1 -4 191
 105 4 1 87
 105 -3 2 73
 15 -2 4 338
 15 2 -1 311
 15 -1 4 21
 15 -4 1 292
 15 -1 -4 259
 15 4 -1 325
 15 3 -1 229
 105 -3 3 358
 15 1 4 330
 15 -4 0 145
 15 0 3 300
 15 2 3 232
 105 3 3 122
 105 2 -3 147
 105 -2 -3 337
 55 1 -1 107
 55 -2 -1 210
 55 1 0 72
 55 0 2 60
 55 0 -1 302
 55 1 1 199
 55 -1 0 35
 55 0 1 353
 55 -3 1 58
 55 3 1 286
 55 -4 -1 140
 55 -1 -3 178
 55 -1 2 81
 55 1 -3 254
 55 -1 1 353
 55 1 -2 186
 55 2 1 252
 55 -2 -2 292
 55 3 2 218
 55 -3 0 3
 55 0 -2 234
 55 0 0 173
 55 -3 -1 344
 55 -1 -2 38
 55 -2 1 182
 55 -2 0 134
 55 -1 -1 172
 55 0 -3 327
 "contig-ratio-green-core" 0.4117647058823529
 "contig-ratio-red-core" 0.6363636363636364
 "a-count" 10
 "b-count" 0
 "c-color-count" 28
 "c-express-count" 28
 "d-color-count" 19
 "d-express-count" 18
 "cell-count" 56
 15 2 -3 324
 15 -3 2 293
 15 2 -2 62
 105 1 -4 356
 105 -3 -2 215
 105 -1 -4 7
 105 3 -2 49
 105 3 -3 58
 15 -3 -1 11
 105 -3 -3 336
 15 1 -2 23
 105 -3 0 15
 15 -1 -3 171
 15 2 3 33
 15 0 -3 66
 105 4 0 68
 15 3 -1 257
 15 1 -3 185
 105 3 2 11
 15 -4 -1 41
 15 -4 1 86
 15 0 -4 211
 15 -2 -3 335
 15 -4 2 271
 15 0 -2 220
 15 0 -1 298
 15 2 -1 319
 15 1 -1 122
 55 -1 0 209
 55 -2 -1 195
 55 -2 2 323
 55 0 3 216
 55 -2 -2 271
 55 0 2 78
 55 3 0 204
 55 -2 1 76
 55 0 1 191
 55 2 1 185
 55 1 1 358
 55 -1 2 343
 55 -2 0 225
 55 -1 1 59
 55 0 4 290
 55 -2 3 145
 55 0 0 344
 55 -1 3 271
 55 1 0 90
 55 3 1 67
 55 4 1 347
 55 1 2 338
 55 -1 4 315
 55 -1 -1 196
 55 2 0 351
 55 2 2 64
 55 -1 -2 12
 55 1 3 176
 "contig-ratio-green-core" 0.5555555555555556
 "contig-ratio-red-core" 0.6153846153846154
 "a-count" 4
 "b-count" 1
 "c-color-count" 27
 "c-express-count" 27
 "d-color-count" 25
 "d-express-count" 24
 "cell-count" 56
 15 -2 4 298
 15 -4 0 108
 15 2 3 313
 15 4 1 12
 15 -1 4 248
 15 1 -2 317
 15 3 -1 261
 15 -2 2 50
 15 3 3 323
 15 1 -3 296
 15 0 -3 291
 15 3 0 208
 15 3 -2 216
 15 -2 3 328
 15 0 -4 70
 105 4 -1 267
 15 2 -1 74
 15 -2 -3 337
 15 2 -2 79
 15 0 4 134
 15 -3 -3 26
 105 -4 1 1
 15 1 3 95
 15 1 4 101
 15 4 0 69
 15 -1 -4 211
 105 1 -4 173
 15 -4 -1 88
 55 -2 -1 271
 55 -1 2 349
 55 -3 1 250
 55 2 -3 94
 55 -3 0 224
 55 2 1 156
 55 1 0 178
 55 2 0 12
 55 3 1 124
 55 -2 1 76
 55 0 0 12
 5 -1 -1 136
 55 -2 -2 304
 55 0 1 158
 55 -3 -2 184
 55 -1 1 131
 55 0 -2 337
 55 -1 -2 266
 55 -1 0 209
 55 3 2 173
 55 1 1 343
 55 0 2 48
 55 1 -1 230
 55 -3 -1 206
 55 -2 0 305
 55 -1 3 117
 55 1 2 333
 55 0 -1 24
 "contig-ratio-green-core" 0.8235294117647058
 "contig-ratio-red-core" 0.631578947368421
 "a-count" 1
 "b-count" 0
 "c-color-count" 28
 "c-express-count" 28
 "d-color-count" 27
 "d-express-count" 27
 "cell-count" 56
 15 3 -3 226
 15 3 0 17
 15 3 -2 166
 15 3 -1 241
 15 2 3 12
 15 -1 3 74
 15 4 0 84
 15 1 3 257
 15 -1 2 264
 15 2 -3 348
 15 -3 -3 305
 15 4 -3 299
 15 -2 3 41
 15 -3 3 226
 15 -3 -1 144
 15 -1 -3 189
 15 -4 0 294
 15 -2 -2 189
 15 2 2 327
 15 3 1 176
 15 -2 2 261
 15 -4 1 34
 105 -4 -1 345
 15 -2 -3 65
 15 3 2 287
 15 0 3 299
 15 -3 -2 184
 15 0 4 287
 55 2 -1 327
 55 -2 1 187
 55 -3 1 30
 55 -1 -2 235
 55 0 -3 275
 55 0 0 70
 55 1 1 306
 55 2 1 304
 55 1 4 292
 55 1 -3 355
 55 -1 -1 297
 55 0 2 97
 55 1 2 210
 55 -3 2 148
 55 -3 0 208
 55 1 0 192
 55 -1 1 218
 55 0 -1 122
 55 3 3 280
 55 1 -1 153
 55 -2 -1 258
 55 1 -2 93
 55 -2 0 192
 55 -1 0 210
 55 -1 4 352
 55 0 1 195
 55 2 0 53
 55 0 -2 244
 "contig-ratio-green-core" 1
 "contig-ratio-red-core" 0.7272727272727273
