 "a-count" 4
 "b-count" 0
 "c-color-count" 28
 "c-express-count" 28
 "d-color-count" 24
 "d-express-count" 24
 "cell-count" 56
 15 -2 3 239
 15 -4 -1 236
 15 -1 4 93
 15 3 -2 202
 15 4 2 141
 15 3 2 351
 15 3 3 129
 105 2 -3 23
 15 5 1 86
 15 -3 -3 259
 15 3 -4 349
 15 1 3 101
 15 3 -1 125
 15 3 -3 135
 15 -2 -3 173
 15 4 1 182
 15 -1 -3 19
 105 -1 -4 102
 15 -3 0 28
 15 2 2 263
 15 2 -2 302
 15 -2 4 204
 105 1 -4 308
 15 -4 0 17
 15 2 3 177
 15 1 4 119
 105 -3 -1 233
 15 -4 1 132
 55 -2 0 191
 55 0 0 56
 55 -1 -2 102
 55 1 -1 223
 55 2 0 226
 55 3 0 262
 55 1 0 331
 55 -2 2 289
 55 0 2 258
 55 0 1 299
 55 0 -2 348
 55 -1 1 2
 55 0 -1 35
 55 1 2 344
 55 1 -3 89
 55 -2 -2 32
 55 -1 3 111
 55 -1 -1 88
 55 -3 1 124
 55 0 -3 281
 55 1 -2 158
 55 1 1 21
 55 2 1 61
 55 -1 2 167
 55 -1 0 225
 55 -2 1 282
 55 -2 -1 281
 55 0 3 187
 "contig-ratio-green-core" 0.625
 "contig-ratio-red-core" 0.4782608695652174
 "a-count" 5
 "b-count" 0
 "c-color-count" 28
 "c-express-count" 28
 "d-color-count" 23
 "d-express-count" 23
 "cell-count" 56
 15 3 -3 305
 15 1 4 43
 15 4 0 345
 105 0 -3 97
 15 -1 -3 155
 15 -3 0 212
 15 -1 -4 159
 15 -3 3 230
 15 3 0 47
 15 -2 3 167
 105 -3 1 188
 15 2 -3 47
 15 0 -4 88
 15 -2 -4 124
 15 1 3 80
 15 4 2 312
 15 -3 4 110
 105 -4 1 12
 15 0 4 355
 15 -3 2 331
 15 -2 -3 235
 15 4 1 222
 105 -4 0 357
 105 1 -4 356
 15 2 -2 222
 15 2 3 91
 15 -1 4 158
 15 1 -3 241
 55 -1 3 151
 55 2 2 287
 55 -1 0 30
 55 0 -2 40
 55 -2 -2 320
 55 0 3 318
 55 -2 2 45
 55 -1 2 45
 55 -1 1 330
 55 3 1 260
 55 0 -1 17
 55 1 0 36
 55 1 -2 291
 55 2 0 2
 55 -2 1 74
 55 0 2 219
 55 0 1 109
 55 1 -1 329
 55 2 1 139
 55 1 2 196
 55 -2 0 353
 55 2 -1 344
 55 -1 -2 60
 55 0 0 200
 55 1 1 63
 55 -3 -2 113
 55 -2 -1 11
 55 -1 -1 268
 "contig-ratio-green-core" 0.8125
 "contig-ratio-red-core" 0.6
 "a-count" 4
 "b-count" 0
 "c-color-count" 28
 "c-express-count" 28
 "d-color-count" 25
 "d-express-count" 24
 "cell-count" 56
 15 -3 3 263
 105 2 -3 6
 15 -3 -1 42
 15 0 -3 185
 15 1 -3 156
 15 -3 2 7
 15 2 -2 31
 15 3 -1 105
 105 -2 -2 242
 15 3 0 112
 15 -4 1 193
 15 4 -1 217
 15 0 -4 335
 15 4 0 335
 15 1 -4 62
 15 3 -2 13
 15 3 1 199
 15 -4 0 337
 15 -3 1 163
 15 -2 2 298
 15 -4 -1 202
 15 3 -3 179
 15 -3 -2 263
 15 -1 -4 106
 15 3 3 83
 105 4 1 182
 15 -4 2 135
 15 -3 0 343
 55 1 4 200
 55 0 -2 32
 55 0 3 208
 55 2 0 315
 55 1 -1 331
 55 2 1 53
 55 0 0 207
 55 -1 1 312
 55 -2 3 304
 55 2 2 347
 55 -1 -2 81
 55 -2 -1 248
 55 1 0 202
 55 3 2 289
 55 -1 -3 133
 55 0 1 87
 55 -1 -1 19
 55 -1 2 293
 55 1 1 93
 55 -2 0 289
 55 1 2 27
 55 0 4 184
 55 1 -2 291
 55 1 3 289
 55 0 2 332
 55 0 -1 11
 55 -1 3 95
 55 -1 0 142
 "contig-ratio-green-core" 0.6111111111111112
 "contig-ratio-red-core" 0.43478260869565216
 "a-count" 4
 "b-count" 0
 "c-color-count" 28
 "c-express-count" 28
 "d-color-count" 24
 "d-express-count" 24
 "cell-count" 56
 15 0 4 340
 15 1 -3 146
 15 -2 3 159
 15 -4 0 89
 105 2 -3 188
 105 4 -1 45
 105 1 -2 109
 15 0 -4 79
 15 1 4 286
 15 0 3 14
 15 4 1 46
 15 -1 3 167
 15 3 -3 169
 15 -3 -3 93
 15 -3 0 127
 15 -3 -2 104
 15 2 3 82
 15 -1 4 291
 15 -2 -2 124
 15 -4 1 101
 15 -1 -4 264
 15 -3 -1 249
 15 3 0 2
 15 4 0 286
 15 3 -2 210
 15 1 -4 57
 105 3 -1 263
 15 2 -2 284
 55 -1 -1 218
 55 0 2 356
 55 -2 0 11
 55 -2 -1 323
 55 -3 1 304
 55 -1 -3 322
 55 0 0 272
 55 2 1 60
 55 -1 0 230
 55 3 2 37
 55 1 1 224
 55 -1 -2 64
 55 1 0 256
 55 -2 2 64
 55 2 0 212
 55 0 -2 16
 55 0 -1 53
 55 1 -1 60
 55 -2 1 299
 55 2 2 351
 55 1 2 93
 55 -1 2 283
 55 0 -3 187
 55 1 3 312
 55 3 1 336
 55 0 1 31
 55 2 -1 308
 55 -1 1 358
 "contig-ratio-green-core" 0.8823529411764706
 "contig-ratio-red-core" 0.6190476190476191
