 "a-count" 11
 "b-count" 1
 "c-color-count" 27
 "c-express-count" 27
 "d-color-count" 18
 "d-express-count" 17
 "cell-count" 56
 15 -1 -3 170
 105 4 1 337
 105 0 -4 146
 15 0 -2 103
 15 -1 3 333
 15 2 3 161
 15 0 -3 96
 15 -2 -1 87
 15 2 1 243
 15 3 -2 245
 105 -3 -3 217
 15 -2 3 87
 105 0 3 342
 15 3 2 134
 15 1 2 268
 105 2 -3 349
 15 3 -3 109
 15 -1 -2 193
 105 0 4 102
 105 1 4 330
 15 3 1 330
 15 -2 -3 61
 105 -4 -1 134
 105 1 -4 266
 15 1 -3 25
 105 -1 4 28
 15 -1 -1 323
 15 2 2 175
 55 2 -1 297
 55 -1 1 328
 55 -3 -2 68
 55 2 0 9
 55 1 1 268
 55 0 2 206
 55 3 0 10
 55 -2 2 68
 55 -3 1 204
 55 1 -1 12
 55 0 0 204
 55 -1 0 70
 55 3 -1 30
 55 -3 -1 191
 5 4 -1 307
 55 1 -2 46
 55 -2 0 162
 55 -3 3 18
 55 -3 2 215
 55 1 0 102
 55 4 0 354
 55 -1 2 197
 55 -3 0 118
 55 -2 1 91
 55 2 -2 177
 55 0 -1 342
 55 0 1 282
 55 -1 -4 347
 "contig-ratio-green-core" 0.5555555555555556
 "contig-ratio-red-core" 1
 "a-count" 9
 "b-count" 0
 "c-color-count" 28
 "c-express-count" 28
 "d-color-count" 19
 "d-express-count" 19
 "cell-count" 56
 105 -3 1 356
 105 2 -3 161
 15 -2 0 58
 15 0 -5 142
 15 -2 1 294
 15 0 4 295
 15 1 -4 167
 15 0 -2 132
 15 0 3 219
 105 -1 3 158
 15 1 -3 104
 15 -1 1 211
 105 0 -3 265
 15 3 3 90
 105 -2 3 359
 105 -1 -3 229
 15 -2 2 37
 15 3 -1 226
 15 0 -4 103
 15 4 0 309
 105 3 -2 355
 15 4 -1 349
 15 -1 0 123
 105 -3 -2 328
 15 -2 -3 231
 15 1 3 214
 15 -3 0 85
 105 -3 -1 91
 55 2 1 156
 55 1 -1 150
 55 -1 -2 262
 55 2 -2 80
 55 0 1 79
 55 0 0 274
 55 2 -1 357
 55 2 1 262
 55 3 0 20
 55 1 2 172
 55 1 1 299
 55 -1 2 63
 55 3 2 205
 55 0 -1 165
 55 1 2 34
 55 2 0 212
 55 2 2 232
 55 0 2 339
 55 1 2 203
 55 -1 -1 46
 55 5 1 142
 55 1 0 143
 55 3 1 84
 55 2 3 89
 55 4 1 187
 55 -2 -1 130
 55 1 4 122
 55 2 2 252
 "contig-ratio-green-core" 0.5555555555555556
 "contig-ratio-red-core" 1
 "a-count" 2
 "b-count" 1
 "c-color-count" 27
 "c-express-count" 27
 "d-color-count" 26
 "d-express-count" 26
 "cell-count" 56
 15 4 0 323
 15 -3 1 145
 15 -1 -3 122
 105 1 -2 84
 15 -1 -4 289
 15 -3 3 337
 15 -2 -3 337
 15 4 3 122
 15 1 -3 336
 15 -2 3 183
 105 3 -2 155
 15 0 4 358
 15 1 -4 144
 15 2 -2 194
 15 -4 1 42
 15 0 3 319
 15 1 4 302
 15 -3 2 139
 15 2 -3 298
 15 0 -3 118
 15 2 -4 119
 15 -2 2 46
 15 -1 4 4
 15 0 -4 104
 15 2 2 142
 15 3 3 94
 15 4 -1 257
 15 3 2 354
 55 1 1 128
 55 -2 0 359
 55 -1 -2 127
 55 2 1 49
 55 0 -1 284
 55 -3 -1 151
 55 -2 1 336
 55 -4 -1 157
 55 1 2 226
 55 -1 2 240
 55 3 0 100
 55 0 1 45
 55 -4 0 354
 55 2 0 342
 5 -1 0 226
 55 0 0 4
 55 2 -1 161
 55 3 1 293
 55 -1 1 197
 55 0 -2 260
 55 -1 -1 244
 55 -3 0 128
 55 1 0 3
 55 -2 -2 348
 55 -3 -2 77
 55 -2 -1 208
 55 0 2 322
 55 1 -1 121
 "contig-ratio-green-core" 0.6875
 "contig-ratio-red-core" 0.52
 "a-count" 10
 "b-count" 0
 "c-color-count" 28
 "c-express-count" 28
 "d-color-count" 19
 "d-express-count" 18
 "cell-count" 56
 15 -2 -1 240
 15 2 3 129
 105 1 3 121
 15 -3 -1 238
 15 3 1 31
 105 1 4 156
 105 3 -2 358
 105 -2 1 53
 15 0 -4 312
 105 2 -3 167
 105 4 1 13
 15 -3 0 225
 15 -1 -4 212
 15 -4 -1 322
 105 -4 1 278
 15 3 3 227
 15 -2 2 168
 15 -2 -2 1
 15 2 2 136
 15 3 2 318
 15 3 -3 340
 15 -2 3 166
 15 -4 0 58
 105 -3 2 211
 15 4 0 318
 105 -3 1 5
 15 -3 -2 186
 15 4 -1 297
 55 2 0 284
 55 -1 3 301
 55 2 1 230
 55 -1 -1 155
 55 -1 -3 303
 55 -1 2 138
 55 3 0 45
 55 0 1 86
 55 3 -1 24
 55 0 3 121
 55 0 -3 206
 55 0 -1 326
 55 -1 -2 218
 55 2 -1 144
 55 1 2 246
 55 1 -2 287
 55 -1 1 294
 55 0 4 22
 55 -1 0 30
 55 2 -2 43
 55 -2 -3 6
 55 0 2 12
 55 1 -1 32
 55 0 0 327
 55 0 -2 242
 55 -3 -3 122
 55 1 1 331
 55 1 0 181
 "contig-ratio-green-core" 0.6470588235294118
 "contig-ratio-red-core" 0.7058823529411765
