 "a-count" 3
 "b-count" 10
 "c-color-count" 19
 "c-express-count" 18
 "d-color-count" 26
 "d-express-count" 25
 "cell-count" 56
 15 1 -3 52
 15 1 0 325
 15 0 -2 189
 15 -3 0 51
 15 -3 1 213
 15 4 -1 310
 105 1 -4 100
 15 0 -1 31
 105 0 -4 103
 15 -2 -2 292
 15 3 1 126
 15 3 0 96
 15 1 1 131
 15 -3 2 282
 15 4 0 26
 15 -1 -2 37
 15 1 2 223
 15 2 1 275
 15 -4 0 272
 15 1 3 51
 15 -3 -3 81
 15 1 -1 161
 15 2 0 258
 15 -1 -1 265
 15 -4 1 234
 15 2 3 259
 15 0 -3 354
 15 1 -2 194
 5 3 -3 154
 55 3 -2 273
 55 2 -2 165
 55 -2 -3 307
 5 -1 3 149
 55 3 3 246
 5 2 -1 162
 55 3 2 286
 55 -4 -1 84
 5 -2 1 47
 55 -1 0 274
 5 4 1 198
 5 -3 3 198
 55 2 -3 228
 55 -2 0 194
 55 -1 2 289
 5 -1 4 214
 5 -2 2 359
 55 -3 -1 61
 55 3 -1 229
 55 0 0 229
 55 0 3 82
 55 0 4 172
 55 -1 1 298
 55 0 1 62
 5 -2 3 236
 55 -2 -1 36
 55 0 2 283
 "contig-ratio-green-core" 1
 "contig-ratio-red-core" 0.6086956521739131
 "a-count" 2
 "b-count" 8
 "c-color-count" 20
 "c-express-count" 20
 "d-color-count" 26
 "d-express-count" 26
 "cell-count" 56
 15 -3 -2 193
 15 3 1 228
 15 1 3 85
 15 0 -2 1
 105 2 -3 248
 15 2 -2 314
 15 4 0 322
 15 1 -2 209
 15 0 2 143
 15 4 1 146
 15 -2 -2 219
 15 -3 -1 116
 15 -1 2 225
 15 -1 3 233
 105 -3 3 307
 15 3 0 146
 15 -2 2 245
 15 2 2 307
 15 1 -3 99
 15 -3 2 165
 15 1 4 40
 15 1 2 90
 15 -4 -1 98
 15 0 3 216
 15 -1 -2 68
 15 0 -3 72
 15 -1 -3 112
 15 2 1 262
 55 -1 0 51
 55 3 -2 189
 55 1 -1 262
 55 0 1 334
 55 2 0 355
 55 2 -1 325
 55 -1 4 137
 55 -4 0 147
 5 -3 0 263
 5 3 -3 213
 5 -2 1 283
 55 -2 -3 317
 55 0 -1 123
 5 3 2 159
 55 -1 -1 13
 55 -1 1 135
 55 3 -1 308
 5 -4 1 38
 55 2 3 88
 55 4 -1 143
 55 -2 0 156
 5 -3 1 99
 55 -2 -1 202
 55 1 0 67
 55 0 0 193
 5 0 4 78
 55 1 1 330
 5 3 3 87
 "contig-ratio-green-core" 1.1428571428571428
 "contig-ratio-red-core" 0.6666666666666666
 "a-count" 4
 "b-count" 11
 "c-color-count" 17
 "c-express-count" 17
 "d-color-count" 24
 "d-express-count" 24
 "cell-count" 56
 105 1 3 144
 15 0 4 199
 15 0 3 276
 15 1 -3 54
 15 1 2 290
 15 2 -2 290
 15 2 2 68
 15 1 -2 47
 15 -1 -2 13
 105 -3 1 247
 15 -2 -2 245
 15 2 3 217
 105 1 4 163
 15 3 -2 283
 105 -2 -3 261
 15 2 -3 0
 15 0 -2 124
 15 3 0 54
 15 1 -4 84
 15 0 -1 1
 15 -1 2 292
 15 3 -1 348
 15 0 2 54
 15 -1 3 171
 15 -1 -1 127
 15 4 0 204
 15 -2 -1 215
 15 -3 0 223
 55 1 -1 52
 55 0 -3 347
 5 -4 -1 291
 5 -3 -2 187
 55 1 0 87
 5 2 -1 36
 55 2 1 30
 55 -1 1 67
 5 4 1 148
 5 -2 3 243
 55 0 0 90
 55 -1 0 146
 5 -3 3 27
 55 3 2 135
 55 2 0 229
 55 3 1 140
 55 -2 0 233
 5 4 -1 125
 5 -4 0 183
 55 -2 1 314
 55 1 1 118
 5 -3 -3 109
 5 -4 1 188
 55 -1 -4 100
 55 -2 2 44
 55 0 1 201
 5 -3 -1 101
 55 -1 -3 228
 "contig-ratio-green-core" 0.8666666666666667
 "contig-ratio-red-core" 0.6363636363636364
