 "a-count" 2
 "b-count" 13
 "c-color-count" 15
 "c-express-count" 15
 "d-color-count" 26
 "d-express-count" 26
 "cell-count" 56
 15 4 1 230
 15 -1 -1 359
 15 -1 0 354
 15 0 1 230
 15 1 4 161
 15 -1 -3 138
 15 0 -2 167
 15 3 3 229
 15 2 0 295
 15 -3 -1 83
 105 -3 2 180
 15 1 1 80
 15 -2 1 266
 15 0 4 298
 15 2 -3 143
 15 1 0 205
 15 3 2 101
 15 0 0 124
 15 -2 0 165
 15 3 1 221
 15 -1 -2 118
 15 0 -1 20
 15 2 1 192
 105 -1 1 73
 15 -2 -1 302
 15 -3 0 310
 15 3 0 64
 15 -4 0 185
 55 1 -1 253
 5 0 -4 88
 5 -1 -4 76
 55 2 -2 53
 55 0 2 354
 55 -2 2 37
 5 -3 -2 234
 5 -3 -3 203
 55 1 -3 99
 5 1 -4 102
 55 2 2 248
 5 -3 3 137
 5 0 -3 106
 55 1 2 26
 5 -3 1 337
 55 -2 3 152
 55 -2 -3 284
 5 -1 4 195
 55 -1 2 88
 55 1 3 74
 55 0 3 61
 5 -1 3 103
 55 1 -2 226
 5 3 -1 226
 5 -2 -2 3
 5 2 -1 257
 55 2 3 109
 55 3 -2 134
 "contig-ratio-green-core" 0.8666666666666667
 "contig-ratio-red-core" 0.5263157894736842
 "a-count" 4
 "b-count" 4
 "c-color-count" 24
 "c-express-count" 24
 "d-color-count" 24
 "d-express-count" 24
 "cell-count" 56
 15 3 2 296
 105 3 3 218
 15 4 0 40
 15 -3 -1 119
 15 -2 -2 48
 15 1 -3 343
 15 -2 -1 44
 15 1 -4 157
 15 0 -4 240
 105 -1 4 137
 15 0 3 284
 15 -3 0 319
 15 -4 1 138
 15 -3 -2 243
 15 -4 0 173
 15 -1 -4 80
 15 3 0 117
 15 -2 -3 254
 15 1 3 78
 15 2 3 310
 15 3 -1 336
 15 3 1 176
 15 4 -1 53
 105 1 4 194
 105 4 1 338
 15 -1 3 341
 15 0 4 30
 15 -2 0 56
 55 -1 -1 102
 5 -2 1 195
 55 1 1 338
 55 2 -1 258
 5 2 -2 84
 55 0 -1 221
 55 0 0 158
 55 -1 2 110
 55 -3 -3 170
 55 0 -2 229
 55 -2 2 72
 55 2 1 212
 55 -2 3 339
 55 2 0 200
 55 0 1 129
 55 -3 3 90
 5 -4 -1 159
 55 1 0 2
 55 2 2 184
 55 -1 -3 288
 5 -3 2 148
 55 1 2 349
 55 0 2 206
 55 1 -2 234
 55 -1 1 357
 55 -1 -2 344
 55 1 -1 266
 55 -1 0 21
 "contig-ratio-green-core" 0.9333333333333333
 "contig-ratio-red-core" 0.6190476190476191
 "a-count" 5
 "b-count" 6
 "c-color-count" 22
 "c-express-count" 22
 "d-color-count" 25
 "d-express-count" 23
 "cell-count" 56
 105 0 -1 205
 15 2 0 128
 15 0 -3 180
 15 2 3 56
 15 2 -2 143
 15 2 -1 116
 15 -2 -2 206
 15 3 1 166
 105 -1 -3 237
 15 0 -2 205
 15 1 -2 74
 15 -3 -2 10
 15 1 -1 131
 105 -2 -3 99
 15 -1 4 236
 15 0 3 254
 15 2 2 130
 15 0 0 63
 15 3 2 7
 15 -1 3 236
 15 1 0 349
 15 1 2 70
 15 1 1 334
 15 0 4 17
 15 -1 -2 0
 15 -1 -1 114
 15 1 3 298
 15 -5 1 34
 55 1 4 219
 55 -3 0 195
 5 -1 2 111
 55 -4 0 54
 55 2 -3 177
 55 -2 2 109
 5 3 -1 321
 5 0 2 60
 55 -4 1 97
 55 -2 3 267
 55 3 0 262
 55 -1 -4 352
 5 -4 -1 249
 55 -3 2 11
 5 -2 -1 342
 55 -4 1 317
 55 -3 3 5
 55 -4 2 149
 55 -4 -1 27
 55 -4 0 331
 55 -1 0 198
 5 -1 1 115
 55 -4 -1 239
 55 -2 0 129
 55 -3 -1 295
 55 0 -4 133
 55 -4 0 36
 55 -2 1 150
 "contig-ratio-green-core" 0.4375
 "contig-ratio-red-core" 0.3684210526315789
 "a-count" 3
 "b-count" 6
 "c-color-count" 22
 "c-express-count" 22
 "d-color-count" 26
 "d-express-count" 25
 "cell-count" 56
 15 -1 -3 302
 15 2 1 67
 15 4 0 311
 15 -3 3 143
 15 3 1 118
 15 2 -1 268
 15 0 -4 225
 15 3 0 160
 15 0 3 278
 15 -2 2 183
 15 -4 0 110
 105 -1 -4 358
 15 2 0 312
 15 -4 1 234
 15 -1 3 130
 105 -4 -1 175
 15 1 3 138
 15 2 -2 174
 15 1 -2 84
 15 0 -2 350
 15 -2 -2 198
 15 0 -3 276
 15 -1 -2 219
 15 2 3 76
 15 3 2 198
 15 3 -3 125
 15 -1 2 22
 15 -2 3 308
 55 0 0 72
 55 1 4 255
 55 -1 -1 164
 5 0 4 334
 55 -3 2 235
 55 1 -4 43
 5 -3 -1 3
 5 2 -3 263
 55 -3 1 302
 55 -2 -1 26
 55 -3 -3 307
 55 0 -1 108
 55 -3 0 36
 55 -1 1 129
 55 -1 4 187
 55 1 0 280
 55 1 2 69
 55 0 1 29
 5 -3 -2 139
 55 1 1 293
 5 -2 -3 122
 55 1 -1 3
 5 4 -1 23
 55 -2 0 89
 55 -2 1 8
 55 3 -1 97
 55 -1 0 297
 55 0 2 170
 "contig-ratio-green-core" 0.9411764705882353
 "contig-ratio-red-core" 0.65
