 "a-count" 2
 "b-count" 16
 "c-color-count" 12
 "c-express-count" 12
 "d-color-count" 26
 "d-express-count" 26
 "cell-count" 56
 15 -3 3 226
 15 -2 2 151
 105 1 -4 184
 15 2 0 273
 15 3 1 46
 15 1 1 49
 15 3 -1 38
 15 2 -1 144
 15 4 0 132
 15 3 3 72
 105 4 -1 295
 15 0 1 129
 15 0 -4 325
 15 1 -2 298
 15 0 2 70
 15 -1 2 124
 15 -3 -2 194
 15 2 1 191
 15 0 -2 198
 15 1 0 263
 15 3 0 153
 15 -3 1 160
 15 -2 -2 282
 15 0 -3 246
 15 -1 3 323
 15 -1 -2 333
 15 0 3 280
 15 2 -2 47
 55 -2 3 195
 55 -1 0 238
 55 -3 -1 132
 55 1 4 64
 5 0 4 20
 55 -1 1 209
 5 -3 2 207
 55 -2 -1 246
 5 -2 1 118
 5 2 -3 247
 55 3 2 50
 5 1 2 275
 5 -2 0 47
 5 2 3 120
 5 -2 -3 162
 55 -1 -3 351
 5 -4 0 311
 55 0 -1 170
 5 -4 -1 164
 55 -1 -1 222
 5 -3 0 319
 55 0 0 190
 5 1 3 14
 55 2 2 244
 5 1 -3 138
 5 -3 -3 40
 5 -1 4 46
 5 -4 1 119
 "contig-ratio-green-core" 1.1
 "contig-ratio-red-core" 0.4117647058823529
 "a-count" 4
 "b-count" 11
 "c-color-count" 17
 "c-express-count" 17
 "d-color-count" 24
 "d-express-count" 24
 "cell-count" 56
 15 -3 2 231
 15 -3 1 199
 105 3 -2 96
 15 2 -1 324
 15 0 -3 127
 15 1 -2 60
 15 -1 2 347
 15 -4 0 145
 15 2 -2 152
 15 -3 0 172
 15 -1 4 239
 15 -2 2 179
 15 0 -1 69
 15 3 -1 198
 15 1 -1 161
 15 -1 -2 107
 15 4 0 237
 15 -3 -1 350
 105 1 -3 180
 15 -1 3 106
 15 -2 -1 164
 15 -1 -1 107
 15 0 -2 206
 15 -2 3 25
 15 4 1 111
 15 2 -3 226
 105 -2 -2 346
 105 4 -1 197
 55 2 1 65
 5 3 3 265
 5 2 3 163
 55 -3 3 253
 55 -1 1 28
 55 0 0 331
 55 1 0 101
 55 2 0 252
 55 0 2 308
 5 1 2 210
 5 -3 -2 324
 5 2 2 49
 55 -2 0 276
 5 3 0 107
 55 -4 -1 175
 55 1 1 349
 55 -1 -5 38
 55 0 1 143
 55 3 1 10
 55 -2 1 264
 55 -1 -4 357
 5 -4 1 261
 5 3 2 184
 5 -1 -3 258
 5 0 4 324
 55 0 3 35
 5 1 3 233
 55 -1 0 23
 "contig-ratio-green-core" 1
 "contig-ratio-red-core" 0.631578947368421
 "a-count" 3
 "b-count" 12
 "c-color-count" 16
 "c-express-count" 16
 "d-color-count" 26
 "d-express-count" 25
 "cell-count" 56
 15 -1 1 228
 15 0 1 117
 15 0 -1 338
 15 3 -1 220
 15 3 -2 149
 15 1 1 104
 15 -1 -1 127
 15 4 1 175
 15 -2 -1 72
 15 1 0 320
 15 -2 -2 108
 15 1 -4 71
 15 -1 -2 354
 15 0 0 37
 15 2 -3 271
 15 -2 1 262
 15 -3 0 155
 105 -3 -3 86
 15 -3 1 261
 15 1 3 271
 105 -3 -2 103
 15 -4 0 270
 15 1 2 60
 15 -2 1 208
 15 -3 -1 216
 15 -2 0 340
 15 -1 0 275
 15 1 4 127
 5 -2 -3 216
 5 0 -3 314
 55 3 2 10
 55 3 1 58
 55 2 -1 240
 55 -4 -1 190
 5 1 -3 290
 55 -1 2 194
 5 3 -3 103
 5 4 0 140
 55 -1 -4 34
 5 0 3 108
 55 1 -1 155
 5 2 2 84
 55 2 -2 241
 5 2 1 33
 55 3 0 309
 55 0 -2 90
 55 -2 2 288
 55 0 2 332
 55 2 0 169
 5 -3 2 162
 55 1 -1 300
 5 4 -1 263
 5 -1 -3 267
 5 2 3 108
 55 0 -4 235
 55 1 -2 218
 "contig-ratio-green-core" 0.8333333333333334
 "contig-ratio-red-core" 0.7333333333333333
