 "a-count" 6
 "b-count" 7
 "c-color-count" 22
 "c-express-count" 21
 "d-color-count" 22
 "d-express-count" 22
 "cell-count" 56
 15 -1 -3 22
 15 -1 3 26
 15 2 -2 358
 15 -2 -2 46
 15 -2 -1 95
 15 -2 3 277
 15 4 0 12
 105 -1 2 345
 105 1 -4 54
 105 0 4 139
 15 3 1 179
 15 -4 0 102
 15 0 2 292
 15 1 2 153
 15 2 3 148
 15 3 -1 49
 15 0 3 249
 15 0 -3 153
 15 3 0 251
 15 1 3 58
 105 -4 -1 30
 15 -3 -2 182
 105 -3 3 106
 15 2 2 278
 105 -1 -4 32
 15 -3 -1 305
 15 3 -2 275
 15 -3 2 277
 55 -3 0 294
 55 0 -4 97
 55 0 1 113
 55 2 -1 231
 55 -1 1 216
 55 3 2 16
 5 4 1 199
 5 1 -3 164
 55 -1 -2 276
 55 4 -1 94
 5 2 1 184
 55 1 1 318
 55 0 -2 293
 55 -1 0 74
 55 -3 1 296
 5 0 0 354
 55 2 0 96
 55 3 3 326
 55 -2 2 134
 55 0 -1 320
 55 -2 1 303
 55 1 -2 89
 5 -4 1 344
 5 -1 -1 261
 55 2 -3 176
 55 1 0 36
 55 -2 0 17
 55 1 -1 170
 "contig-ratio-green-core" 1.0666666666666667
 "contig-ratio-red-core" 0.8421052631578947
 "a-count" 0
 "b-count" 14
 "c-color-count" 14
 "c-express-count" 14
 "d-color-count" 28
 "d-express-count" 28
 "cell-count" 56
 15 0 3 330
 15 1 2 71
 15 0 4 284
 15 4 0 304
 15 2 -3 288
 15 -2 -3 122
 15 0 -2 148
 15 -1 -3 207
 15 -3 1 170
 15 -2 1 57
 15 3 -2 76
 15 -1 -2 225
 15 2 2 98
 15 -2 2 214
 15 3 1 32
 15 4 -1 331
 15 3 0 207
 15 -3 0 221
 15 -3 -1 315
 15 1 -3 18
 15 -1 3 74
 15 1 3 62
 15 -2 0 109
 15 -1 2 106
 15 0 2 203
 15 0 -3 271
 15 2 1 242
 15 3 -1 260
 55 -1 -1 347
 5 2 -2 46
 5 1 -4 22
 5 0 -4 87
 5 3 2 136
 5 2 0 201
 55 -1 1 283
 55 -2 -1 332
 5 -4 -1 244
 5 0 -1 328
 55 -3 3 261
 5 3 3 245
 55 1 -1 43
 55 -1 0 33
 55 1 1 24
 5 -3 2 357
 55 0 0 320
 5 -3 -2 63
 55 1 -2 184
 55 -3 -3 286
 55 0 1 302
 5 -2 3 120
 55 1 0 270
 5 4 1 190
 5 -4 1 292
 55 2 3 359
 55 1 4 268
 5 -2 -2 142
 "contig-ratio-green-core" 1.1818181818181819
 "contig-ratio-red-core" 0.38461538461538464
 "a-count" 3
 "b-count" 6
 "c-color-count" 22
 "c-express-count" 22
 "d-color-count" 25
 "d-express-count" 25
 "cell-count" 56
 15 0 -2 92
 15 0 4 90
 105 0 -4 272
 15 -1 4 194
 15 -2 1 324
 15 1 3 208
 15 -1 -2 341
 15 -3 -2 96
 105 -3 -3 30
 15 -2 0 274
 15 2 -2 320
 15 -1 -4 304
 15 3 1 104
 15 2 2 214
 15 1 2 183
 15 -4 0 100
 15 -3 0 121
 15 2 -3 4
 15 -1 -3 157
 15 1 -3 235
 15 -2 -1 297
 15 0 -3 22
 15 3 -2 54
 105 1 -4 3
 15 2 3 170
 15 1 4 193
 15 1 -2 213
 15 3 2 242
 55 1 1 242
 55 1 -1 269
 55 2 1 211
 55 -2 -2 178
 55 3 0 271
 55 1 0 330
 55 0 1 34
 55 -1 1 339
 5 -2 -3 133
 55 2 0 221
 55 -3 2 31
 55 0 0 277
 55 -1 2 334
 5 0 2 68
 55 -4 1 56
 55 -3 -1 348
 5 -4 -1 273
 55 2 -1 138
 55 0 -1 348
 55 -2 2 50
 5 -3 1 319
 55 3 -1 162
 5 -3 3 74
 55 0 3 184
 55 -1 -1 273
 55 -1 0 160
 5 4 0 43
 55 -1 3 242
 "contig-ratio-green-core" 1.0625
 "contig-ratio-red-core" 0.7619047619047619
 "a-count" 4
 "b-count" 10
 "c-color-count" 18
 "c-express-count" 18
 "d-color-count" 25
 "d-express-count" 24
 "cell-count" 56
 15 -1 2 277
 15 -1 -3 235
 15 0 -4 36
 15 -4 0 127
 15 1 -3 242
 15 0 -3 338
 15 2 -1 343
 15 3 1 52
 15 1 3 347
 15 1 -2 311
 15 -2 -1 275
 15 -2 1 213
 15 3 3 351
 105 2 -2 172
 15 3 0 184
 15 -3 -1 331
 15 0 4 58
 105 -1 3 181
 15 -2 0 216
 15 0 3 316
 105 2 -3 5
 15 -3 0 213
 15 -3 1 245
 15 3 -1 29
 15 2 0 79
 15 -2 2 341
 15 0 2 67
 15 -4 -1 260
 55 -2 -3 257
 5 -4 1 18
 55 0 0 9
 55 -1 1 102
 55 4 -1 160
 55 0 -2 11
 55 -3 -2 111
 55 -2 3 214
 55 2 1 79
 5 -1 -4 106
 55 -2 -2 135
 5 -1 -2 251
 55 -3 2 68
 5 4 1 81
 5 4 0 319
 55 1 0 101
 55 0 1 258
 5 3 -2 177
 55 -3 3 1
 55 -1 0 210
 55 1 -1 166
 5 -3 -3 224
 55 0 -1 344
 5 -1 4 59
 55 1 1 7
 5 2 3 281
 5 2 2 109
 55 -1 -1 48
 "contig-ratio-green-core" 0.9375
 "contig-ratio-red-core" 0.6363636363636364
