 "a-count" 4
 "b-count" 8
 "c-color-count" 20
 "c-express-count" 20
 "d-color-count" 24
 "d-express-count" 24
 "cell-count" 56
 15 -4 0 302
 15 3 1 312
 15 -1 2 123
 15 -2 -1 137
 15 2 -3 114
 15 -1 3 119
 15 0 3 302
 15 3 0 81
 15 3 2 97
 105 1 -4 350
 15 1 -3 280
 15 3 -2 274
 15 0 -3 159
 15 2 -2 194
 15 -2 2 106
 15 -3 0 218
 105 1 4 114
 15 -3 -1 60
 15 -2 1 180
 15 -3 -2 130
 105 -3 2 273
 15 -2 -2 7
 105 0 -4 24
 15 -4 -1 308
 15 0 4 342
 15 3 -1 86
 15 1 3 189
 15 -2 0 72
 55 0 2 331
 5 4 -1 357
 55 4 0 123
 5 1 0 47
 55 -2 -3 94
 55 -1 0 128
 55 0 1 77
 55 2 0 164
 55 0 -2 162
 55 0 0 9
 5 -1 4 235
 5 -1 -4 147
 55 1 2 177
 55 2 2 159
 55 2 1 72
 5 2 3 175
 55 -1 -3 170
 55 -1 -2 299
 55 1 -2 282
 5 -2 3 186
 5 4 1 44
 55 3 -3 308
 55 1 -1 41
 55 1 1 10
 55 -1 1 253
 55 0 -1 137
 55 2 -1 117
 5 -1 -1 301
 "contig-ratio-green-core" 1
 "contig-ratio-red-core" 0.631578947368421
 "a-count" 3
 "b-count" 11
 "c-color-count" 17
 "c-express-count" 17
 "d-color-count" 26
 "d-express-count" 25
 "cell-count" 56
 105 -4 0 184
 15 -2 3 194
 15 2 3 113
 15 4 1 322
 15 -2 0 347
 15 2 2 276
 105 -3 3 260
 15 3 1 225
 15 -3 -1 93
 15 2 -2 319
 15 2 -1 170
 15 0 -4 191
 15 -3 0 48
 15 0 -5 35
 15 -1 2 237
 15 -4 -1 20
 15 -1 -4 26
 15 -3 1 204
 15 2 1 162
 15 3 -2 113
 15 3 -1 104
 15 3 0 55
 15 2 -3 116
 15 -2 1 53
 15 -1 -5 78
 15 -3 -2 126
 15 -2 2 288
 15 2 0 334
 5 -2 -1 164
 55 -1 -2 79
 55 0 -3 123
 5 1 3 99
 5 1 2 51
 55 -2 -2 214
 55 -1 -1 47
 55 3 2 283
 5 -1 -3 288
 55 1 1 28
 55 -1 1 223
 5 -1 3 187
 5 -1 4 37
 5 -2 -3 309
 55 1 -1 14
 5 4 -1 183
 55 0 -1 182
 55 1 0 343
 55 0 0 226
 5 -4 1 85
 55 0 1 175
 55 1 -2 80
 5 1 -3 242
 55 0 2 37
 5 -3 -3 193
 55 0 3 57
 55 -1 0 176
 55 0 -2 51
 "contig-ratio-green-core" 0.9
 "contig-ratio-red-core" 0.4166666666666667
