 "a-count" 7
 "b-count" 12
 "c-color-count" 16
 "c-express-count" 16
 "d-color-count" 21
 "d-express-count" 21
 "cell-count" 56
 15 0 4 239
 105 -2 0 85
 15 -1 -2 156
 15 -1 -3 229
 105 -3 -2 249
 105 3 2 135
 15 3 -3 220
 15 3 -1 263
 15 2 0 189
 15 1 3 116
 15 -4 -1 309
 105 0 2 206
 15 -1 -2 242
 15 1 1 112
 15 1 -2 309
 15 3 1 227
 15 3 0 100
 105 -3 -1 145
 15 0 3 110
 15 -2 1 162
 105 3 3 9
 15 -2 2 164
 15 1 2 6
 15 -2 -3 34
 15 2 1 320
 15 0 -2 315
 15 2 -1 144
 105 -3 2 43
 55 -1 -1 232
 5 2 3 41
 55 -4 0 72
 5 -1 3 205
 5 -1 -4 119
 55 -2 3 357
 55 0 -1 222
 55 -1 0 19
 55 4 1 171
 5 3 -2 225
 5 2 -2 11
 55 0 0 345
 55 -1 1 316
 5 1 -4 155
 55 0 1 237
 55 1 -1 199
 5 -2 -2 119
 55 4 0 324
 55 4 -1 42
 55 0 0 8
 5 1 -3 272
 5 -1 2 303
 55 0 1 246
 5 2 -3 176
 55 0 -3 355
 55 -2 -1 13
 5 -3 0 68
 5 1 0 37
 "contig-ratio-green-core" 0.9230769230769231
 "contig-ratio-red-core" 0.5555555555555556
 "a-count" 6
 "b-count" 11
 "c-color-count" 17
 "c-express-count" 17
 "d-color-count" 22
 "d-express-count" 22
 "cell-count" 56
 105 -4 -1 50
 105 -2 -1 155
 15 0 -2 40
 15 1 3 185
 15 2 1 26
 15 1 -3 182
 15 -1 -1 157
 105 -3 -3 222
 15 -3 0 92
 15 -3 1 75
 15 1 -2 86
 15 1 4 338
 15 2 -3 55
 15 2 2 275
 15 1 -4 163
 15 1 2 324
 15 -3 2 125
 15 -2 0 244
 15 1 1 158
 105 0 -4 89
 15 0 -3 196
 15 -1 -2 53
 105 -3 -2 112
 15 0 2 219
 105 -3 -1 219
 15 0 3 244
 15 0 4 181
 15 -1 -3 32
 5 2 -1 338
 55 0 0 271
 5 -2 3 72
 55 -1 1 320
 55 -4 0 220
 5 3 1 154
 55 1 -1 173
 5 -2 -3 100
 55 3 -1 65
 55 0 -1 116
 55 2 0 185
 55 -2 2 189
 55 -2 1 201
 55 -1 3 126
 5 3 3 103
 55 4 0 322
 55 -1 -4 92
 5 3 -3 278
 55 -1 0 144
 5 4 1 333
 55 3 0 138
 55 0 1 294
 55 -1 2 73
 55 1 0 296
 5 -2 -2 244
 5 4 -1 340
 5 -4 1 27
 5 3 -2 32
 "contig-ratio-green-core" 0.9166666666666666
 "contig-ratio-red-core" 0.6666666666666666
 "a-count" 2
 "b-count" 12
 "c-color-count" 16
 "c-express-count" 16
 "d-color-count" 26
 "d-express-count" 26
 "cell-count" 56
 15 4 -1 74
 15 1 0 107
 15 0 -4 96
 105 3 -2 201
 15 1 -3 211
 15 -2 2 256
 15 2 0 345
 15 -1 2 67
 15 2 -2 351
 15 -3 2 218
 15 1 1 51
 15 0 -1 46
 15 1 -4 74
 15 -4 1 112
 15 2 1 300
 105 2 -1 202
 15 0 -3 201
 15 -1 -3 281
 15 -1 3 306
 15 3 0 296
 15 0 -2 276
 15 3 -1 36
 15 -5 1 259
 15 -2 3 76
 15 -1 4 30
 15 0 4 301
 15 1 -2 10
 15 1 -1 108
 5 3 3 67
 55 0 1 179
 5 1 4 80
 55 0 0 235
 55 -2 -1 219
 55 0 2 317
 5 -1 -4 247
 55 -2 0 279
 5 -3 -2 276
 5 -3 1 26
 5 -3 -1 27
 5 2 3 319
 55 3 -3 316
 5 3 2 96
 55 1 3 349
 55 0 3 94
 5 1 2 207
 55 -1 0 42
 5 -1 -2 193
 5 2 -3 260
 55 -1 1 267
 55 -2 1 280
 55 4 1 155
 55 -1 -1 194
 55 -2 -2 111
 55 4 0 229
 55 -3 0 248
 5 3 1 41
 "contig-ratio-green-core" 0.75
 "contig-ratio-red-core" 0.38095238095238093
 "a-count" 1
 "b-count" 11
 "c-color-count" 17
 "c-express-count" 17
 "d-color-count" 28
 "d-express-count" 27
 "cell-count" 56
 15 -2 -2 77
 15 -2 -1 117
 15 -2 3 94
 15 -3 0 317
 15 3 -3 215
 15 -1 3 134
 15 3 1 319
 15 -2 1 28
 15 1 4 134
 15 1 3 316
 15 0 3 299
 15 0 4 121
 15 2 -3 328
 15 -2 0 335
 15 4 1 20
 15 3 -2 264
 15 0 2 305
 15 3 0 94
 15 -1 1 212
 15 -1 -2 239
 15 -3 2 326
 15 1 -3 79
 15 3 -1 210
 15 -1 2 127
 15 2 -2 13
 15 -2 2 323
 15 -3 1 204
 15 2 -1 103
 55 0 -1 141
 55 1 2 309
 55 0 0 327
 55 0 -3 270
 55 0 -2 166
 5 -1 -3 262
 55 -1 4 184
 5 -2 -3 33
 55 2 1 190
 55 0 1 81
 55 1 1 0
 55 -1 0 22
 5 0 -4 262
 5 1 -1 142
 55 1 0 182
 5 -1 -4 98
 55 3 2 261
 55 2 0 182
 5 -3 -1 172
 55 2 2 148
 5 3 3 351
 55 -3 3 223
 55 -4 0 68
 5 -3 -2 160
 55 4 -1 91
 5 1 -2 237
 5 1 -4 58
 5 -3 -3 143
 "contig-ratio-green-core" 0.9
 "contig-ratio-red-core" 0.5454545454545454
