 "a-count" 4
 "b-count" 7
 "c-color-count" 21
 "c-express-count" 21
 "d-color-count" 24
 "d-express-count" 24
 "cell-count" 56
 15 2 3 319
 15 -4 0 183
 15 3 1 215
 15 3 2 10
 15 -3 2 73
 105 3 -2 105
 15 -3 1 342
 15 -2 3 148
 15 -2 1 228
 15 2 -1 216
 105 4 1 270
 15 4 0 209
 15 2 2 319
 15 3 -1 305
 15 2 1 142
 15 0 -4 95
 15 3 0 85
 15 2 0 348
 105 3 -3 148
 15 1 -2 58
 15 -1 -3 187
 15 1 -3 119
 15 1 -1 36
 15 -2 2 96
 15 0 -3 173
 15 -3 0 0
 105 -4 1 120
 15 1 3 67
 5 -1 -1 303
 55 -2 -3 36
 55 0 0 39
 55 -2 -1 158
 55 -1 2 237
 5 -1 -2 296
 5 1 4 308
 55 -3 -1 81
 55 -2 -2 43
 55 0 2 45
 55 0 -2 275
 55 -2 0 131
 5 -3 -3 220
 55 1 1 157
 55 0 -1 153
 5 -3 3 274
 55 1 2 87
 55 -1 -4 107
 55 3 3 268
 55 -1 0 92
 55 -1 1 3
 55 -1 3 43
 55 1 0 346
 55 0 1 270
 55 0 3 116
 5 2 -3 262
 55 -3 -2 308
 5 4 -1 274
 "contig-ratio-green-core" 0.9230769230769231
 "contig-ratio-red-core" 0.7
 "a-count" 0
 "b-count" 12
 "c-color-count" 16
 "c-express-count" 16
 "d-color-count" 28
 "d-express-count" 28
 "cell-count" 56
 15 3 -1 279
 15 -1 0 24
 15 2 -2 226
 15 4 1 13
 15 0 -4 317
 15 2 -1 191
 15 -2 0 348
 15 -3 -1 208
 15 1 4 132
 15 -2 1 336
 15 2 2 31
 15 0 4 31
 15 3 1 230
 15 -2 -2 353
 15 -4 0 204
 15 0 3 328
 15 1 3 352
 15 -1 1 110
 15 -1 2 63
 15 -3 0 180
 15 3 -2 137
 15 3 2 182
 15 2 1 20
 15 2 0 195
 15 -1 -1 278
 15 3 0 113
 15 -2 2 23
 15 -2 -1 233
 55 1 0 283
 55 0 1 180
 55 1 2 256
 55 0 -3 228
 55 1 1 265
 5 -1 -3 15
 5 1 -3 2
 55 0 -1 258
 55 -2 3 129
 5 2 -3 307
 5 -2 -3 0
 5 -3 1 252
 5 -4 1 72
 55 0 0 35
 5 -3 3 269
 55 4 0 103
 5 3 -3 217
 55 0 -2 179
 55 -1 -2 240
 55 0 2 266
 55 1 -2 86
 55 -3 -3 41
 5 -3 -2 137
 5 2 3 234
 55 1 -1 164
 5 3 3 27
 5 -4 -1 110
 55 -1 3 74
 "contig-ratio-green-core" 1
 "contig-ratio-red-core" 0.5416666666666666
 "a-count" 3
 "b-count" 8
 "c-color-count" 20
 "c-express-count" 20
 "d-color-count" 25
 "d-express-count" 25
 "cell-count" 56
 15 1 -2 240
 15 -2 -3 23
 15 -4 -1 254
 15 -2 -2 84
 15 4 0 201
 15 0 3 156
 15 3 1 175
 105 -3 -3 103
 15 0 2 335
 15 0 4 273
 15 0 -2 10
 15 1 -3 80
 15 1 4 216
 15 2 2 130
 15 0 -3 351
 105 1 3 182
 15 -1 4 306
 15 -1 -1 145
 15 -1 -2 195
 15 -2 -1 38
 15 3 0 84
 15 1 2 220
 105 -3 -2 329
 15 -1 -3 203
 15 -2 2 173
 15 2 1 122
 15 -1 3 303
 15 -1 2 236
 55 -1 1 97
 55 1 0 237
 55 1 -1 219
 55 2 3 339
 55 3 -1 91
 55 -2 1 66
 5 -3 1 120
 55 -2 0 310
 55 0 1 176
 55 3 -2 347
 55 2 -2 179
 55 -4 0 43
 5 3 3 69
 5 3 -3 224
 55 2 0 122
 55 0 -1 199
 5 -2 3 138
 5 4 -1 268
 55 0 0 47
 5 2 -3 29
 55 -3 -1 294
 55 -3 0 148
 5 -3 2 287
 5 -1 -4 183
 55 1 1 309
 55 2 -1 30
 55 -1 0 179
 55 1 -4 41
 "contig-ratio-green-core" 0.8
 "contig-ratio-red-core" 0.6666666666666666
 "a-count" 2
 "b-count" 7
 "c-color-count" 21
 "c-express-count" 21
 "d-color-count" 26
 "d-express-count" 26
 "cell-count" 56
 15 -1 4 217
 105 4 0 156
 15 3 0 16
 15 -2 -2 359
 15 -2 -3 72
 15 1 3 92
 15 -4 0 11
 15 -1 -3 324
 15 -2 -1 246
 15 -2 1 323
 15 3 -2 310
 15 -3 -1 83
 15 1 4 257
 15 1 -3 166
 15 -3 3 204
 15 0 -3 109
 15 0 3 186
 15 3 -1 169
 15 -3 0 63
 15 0 -2 123
 15 -1 -2 56
 15 -2 0 286
 15 0 -4 258
 15 2 3 10
 15 -1 -1 120
 15 1 2 122
 15 0 4 53
 105 -1 3 213
 55 2 -2 129
 55 -3 2 333
 55 3 3 122
 55 -1 0 215
 55 -2 2 130
 55 4 1 359
 55 0 0 68
 55 1 1 49
 55 1 -4 295
 5 -4 1 291
 5 2 -1 247
 55 1 -2 187
 55 -1 2 31
 55 4 -1 192
 5 3 1 319
 5 2 4 353
 55 0 -1 178
 5 2 2 346
 55 1 0 97
 55 2 0 101
 55 0 2 211
 5 3 2 59
 55 2 -3 316
 55 2 1 101
 55 0 1 148
 55 1 -1 97
 55 -1 1 274
 5 -1 -4 23
 "contig-ratio-green-core" 0.8461538461538461
 "contig-ratio-red-core" 0.6
