 "a-count" 3
 "b-count" 8
 "c-color-count" 20
 "c-express-count" 20
 "d-color-count" 25
 "d-express-count" 25
 "cell-count" 56
 15 3 -1 24
 15 -3 1 305
 15 1 -2 307
 15 4 0 235
 105 1 -4 262
 15 -3 0 342
 15 4 1 351
 105 3 3 144
 15 -3 -2 349
 15 -1 -4 73
 15 -2 2 318
 15 -2 1 308
 15 -1 -3 62
 15 0 4 201
 15 -2 0 39
 105 3 -3 270
 15 3 0 23
 15 -2 -1 13
 15 -1 -2 241
 15 0 3 303
 15 0 -2 255
 15 -1 3 218
 15 -2 -2 190
 15 0 -3 102
 15 1 3 214
 15 -1 -1 306
 15 -3 -1 186
 15 1 2 317
 55 -3 -3 278
 55 2 0 240
 5 0 -4 338
 55 0 -1 282
 5 -3 3 191
 55 -1 1 139
 5 -1 4 68
 55 3 1 31
 55 0 0 169
 5 3 -2 179
 55 1 -1 248
 5 1 4 297
 55 2 1 257
 55 -4 0 320
 5 2 2 59
 55 0 2 241
 55 -4 1 347
 55 -4 -1 191
 5 -2 3 195
 5 -2 -3 336
 55 2 -3 142
 55 1 0 123
 55 2 -2 172
 55 1 1 28
 55 2 -1 290
 55 0 1 215
 55 3 2 92
 55 -1 2 326
 "contig-ratio-green-core" 0.875
 "contig-ratio-red-core" 0.6086956521739131
 "a-count" 2
 "b-count" 8
 "c-color-count" 20
 "c-express-count" 20
 "d-color-count" 26
 "d-express-count" 26
 "cell-count" 56
 15 1 -4 229
 15 -2 3 242
 105 -3 -1 346
 15 -2 -1 34
 15 -2 -3 342
 15 3 -1 231
 15 1 -3 55
 15 2 -2 77
 15 0 4 23
 15 0 3 50
 15 -3 -2 127
 15 4 1 288
 15 -2 0 188
 15 -2 -2 257
 15 -1 -4 108
 15 -4 1 88
 15 3 1 128
 15 4 0 285
 105 -4 -1 298
 15 -1 4 208
 15 3 0 203
 15 4 -1 255
 15 -1 0 170
 15 -4 0 107
 15 2 -3 298
 15 0 -4 213
 15 1 3 148
 15 -3 0 84
 5 -3 3 90
 55 -1 2 210
 5 -3 1 344
 5 3 -3 126
 55 -2 2 100
 55 -2 1 40
 5 -3 -3 21
 55 2 1 157
 55 1 -2 111
 55 1 -1 208
 55 0 0 61
 55 2 -1 222
 55 0 1 173
 55 -1 -3 76
 55 0 -2 281
 55 2 0 244
 55 -1 1 116
 5 3 -2 269
 55 1 2 213
 55 0 -1 116
 55 1 0 278
 5 -1 3 317
 5 2 2 110
 5 2 3 94
 55 0 -3 210
 55 -1 -2 111
 55 0 2 139
 55 1 1 240
 "contig-ratio-green-core" 1
 "contig-ratio-red-core" 0.5
 "a-count" 5
 "b-count" 9
 "c-color-count" 19
 "c-express-count" 19
 "d-color-count" 23
 "d-express-count" 23
 "cell-count" 56
 15 -2 1 266
 15 -2 -1 105
 15 3 -2 292
 15 -2 -3 199
 15 -3 -1 106
 15 2 -1 247
 15 1 -1 346
 105 4 -1 295
 105 -2 2 87
 105 1 -3 262
 15 3 0 276
 15 -4 0 102
 105 -3 3 236
 15 -3 -2 64
 15 3 1 289
 15 1 4 303
 15 0 3 66
 15 4 0 155
 15 -3 0 312
 15 3 2 117
 15 1 -2 218
 15 4 1 47
 15 3 -1 334
 15 -2 0 222
 15 2 -2 192
 105 -4 1 217
 15 -3 -3 224
 15 1 3 102
 55 0 -3 200
 55 0 1 204
 55 1 1 136
 55 -1 -2 310
 55 -1 2 281
 55 2 0 35
 55 1 0 235
 55 -1 1 170
 55 0 -2 121
 55 0 2 280
 55 -2 3 41
 55 0 -1 244
 55 2 1 128
 55 -1 3 109
 5 3 3 185
 5 2 2 124
 5 -4 -1 314
 5 0 -4 244
 5 -1 -4 248
 55 1 2 75
 5 0 4 238
 5 -3 1 341
 5 1 -4 248
 5 -1 4 255
 55 -1 0 88
 55 -1 -1 203
 55 -1 -3 114
 55 0 0 100
 "contig-ratio-green-core" 0.6875
 "contig-ratio-red-core" 0.55
 "a-count" 3
 "b-count" 8
 "c-color-count" 20
 "c-express-count" 20
 "d-color-count" 26
 "d-express-count" 25
 "cell-count" 56
 15 0 -4 154
 15 1 -2 69
 15 3 -1 169
 15 2 -2 87
 15 -2 3 158
 15 -3 1 75
 15 4 0 117
 15 0 3 127
 15 4 -1 62
 15 0 -2 336
 15 -2 -1 256
 15 1 -3 163
 105 3 3 154
 15 -1 -1 280
 15 -2 -2 322
 15 2 -3 321
 15 2 2 322
 15 4 1 156
 15 1 4 39
 15 -2 0 292
 15 -1 3 298
 15 -3 -1 61
 15 -1 4 93
 15 -1 -2 9
 105 3 -2 255
 15 0 4 207
 15 0 -3 33
 15 -3 0 21
 5 -1 -3 263
 5 3 0 337
 55 0 -1 228
 55 -3 -2 273
 55 0 1 137
 55 0 2 213
 55 1 -1 318
 55 -1 1 236
 55 2 0 308
 55 1 0 292
 55 -2 2 180
 55 1 2 323
 55 1 1 72
 55 -2 1 192
 5 3 2 76
 55 2 1 6
 5 -2 -3 46
 5 1 -4 88
 5 -4 -1 292
 5 -4 1 67
 55 -1 2 189
 5 3 1 301
 55 -1 0 333
 55 -3 2 64
 55 2 -1 171
 55 -3 -3 53
 55 0 0 311
 55 1 3 55
 "contig-ratio-green-core" 1
 "contig-ratio-red-core" 0.4782608695652174
