 "a-count" 3
 "b-count" 7
 "c-color-count" 21
 "c-express-count" 21
 "d-color-count" 26
 "d-express-count" 25
 "cell-count" 56
 15 2 3 44
 15 -1 4 270
 15 -1 -1 350
 15 -2 -1 331
 15 -4 -1 178
 15 -1 -3 170
 15 3 -3 253
 15 3 -1 310
 15 3 0 78
 15 -1 -2 112
 15 -3 3 239
 15 -1 3 239
 105 -2 -3 316
 15 -2 -2 80
 15 -2 2 192
 15 3 1 213
 15 -3 -2 161
 15 0 -2 52
 15 0 3 173
 105 4 1 104
 15 3 2 344
 15 3 -2 333
 15 0 -3 320
 15 -3 -1 51
 15 1 4 210
 15 -1 2 269
 15 -2 3 265
 15 0 4 307
 5 3 3 270
 5 -3 2 214
 55 -1 1 35
 55 1 -2 107
 55 2 0 79
 55 -4 0 41
 55 0 0 240
 55 1 2 343
 55 -3 1 282
 55 1 -3 201
 55 0 1 100
 55 1 3 315
 5 1 -4 301
 5 4 0 55
 55 2 -2 29
 5 2 2 108
 55 2 1 152
 55 0 -1 38
 55 -3 0 14
 55 1 0 293
 55 -2 1 42
 55 0 2 280
 5 -4 1 174
 5 4 -1 304
 55 2 -1 351
 55 1 -1 339
 55 -2 0 238
 55 -1 0 121
 "contig-ratio-green-core" 0.8125
 "contig-ratio-red-core" 0.631578947368421
 "a-count" 2
 "b-count" 7
 "c-color-count" 21
 "c-express-count" 21
 "d-color-count" 26
 "d-express-count" 26
 "cell-count" 56
 15 0 1 283
 15 2 -2 44
 15 0 2 136
 15 -1 3 137
 105 -2 1 280
 15 -2 -3 217
 15 -1 2 195
 15 0 3 13
 15 0 -4 116
 15 3 -2 155
 15 -4 1 45
 15 -1 1 179
 15 -3 -2 6
 15 -1 -4 2
 105 -2 2 7
 15 -1 0 195
 15 3 -3 12
 15 1 2 106
 15 3 4 24
 15 1 -3 147
 15 2 3 41
 15 -2 -1 291
 15 -3 -1 123
 15 0 0 169
 15 -2 0 356
 15 1 4 214
 15 2 -3 126
 15 1 3 227
 5 3 1 258
 55 -2 -2 232
 5 3 -1 85
 55 2 1 64
 5 -3 1 262
 55 3 0 19
 55 0 -2 109
 55 -1 -2 176
 55 1 -4 323
 55 3 3 66
 5 2 0 79
 55 4 0 329
 5 -4 -1 227
 5 1 0 301
 55 1 -2 322
 55 0 -1 120
 55 1 1 37
 5 2 -1 91
 55 -1 -1 193
 55 -1 -3 61
 55 1 -1 57
 55 2 2 248
 55 0 4 158
 55 3 2 128
 55 -1 4 245
 55 -3 -3 133
 55 0 -3 262
 55 -3 0 92
 "contig-ratio-green-core" 1.2857142857142858
 "contig-ratio-red-core" 0.7368421052631579
 "a-count" 3
 "b-count" 17
 "c-color-count" 11
 "c-express-count" 11
 "d-color-count" 25
 "d-express-count" 25
 "cell-count" 56
 15 0 4 15
 15 4 0 228
 15 2 3 292
 15 3 1 29
 105 -2 3 218
 15 1 5 103
 15 -4 0 172
 15 -2 2 30
 105 -3 1 321
 15 1 1 294
 15 2 1 258
 15 -1 2 229
 15 1 4 353
 105 1 -1 102
 15 2 -3 72
 15 2 2 311
 15 1 2 104
 15 -4 -1 339
 15 2 0 204
 15 0 3 55
 15 1 0 226
 15 3 2 341
 15 -1 3 10
 15 0 2 14
 15 0 1 258
 15 1 3 207
 15 2 3 65
 15 2 -1 348
 5 -1 -4 157
 55 -1 -3 121
 5 -3 -3 323
 55 3 3 181
 5 1 -2 50
 5 4 -1 339
 55 1 -3 324
 5 -3 3 169
 5 -3 -1 355
 55 0 -2 44
 5 -2 -2 185
 55 0 -3 171
 55 -2 0 28
 55 -2 -1 108
 5 0 -1 68
 5 -1 1 148
 5 -3 2 115
 5 3 -1 259
 55 -1 -2 23
 55 -1 0 69
 55 -2 1 65
 5 0 0 182
 5 3 -2 17
 5 -2 -3 341
 5 2 4 122
 55 3 0 250
 5 2 -2 340
 5 4 1 40
 "contig-ratio-green-core" 0.625
 "contig-ratio-red-core" 0.1875
