 "a-count" 1
 "b-count" 13
 "c-color-count" 15
 "c-express-count" 15
 "d-color-count" 27
 "d-express-count" 27
 "cell-count" 56
 15 3 1 230
 15 1 -2 213
 15 2 -1 149
 15 0 -3 111
 15 0 4 321
 15 3 2 324
 15 1 4 71
 15 1 3 310
 15 2 0 118
 15 -1 -3 340
 15 -1 3 166
 15 -2 -2 225
 15 -1 4 350
 15 0 -1 226
 105 -1 -4 311
 15 3 0 164
 15 2 2 356
 15 2 -2 29
 15 4 1 359
 15 0 2 266
 15 -1 -2 337
 15 -2 3 74
 15 0 -2 335
 15 1 -1 213
 15 2 1 100
 15 0 3 315
 15 -1 -1 108
 15 1 2 4
 5 4 -1 247
 5 -4 0 147
 5 1 -4 354
 5 1 -3 317
 5 -3 3 219
 5 -4 1 154
 5 4 0 346
 55 0 1 276
 55 3 -2 18
 55 -3 -1 208
 55 -2 0 325
 55 -3 -2 97
 55 -3 0 68
 55 -2 1 143
 55 -2 -1 138
 55 1 1 321
 55 -2 2 299
 5 -3 2 235
 55 0 0 157
 55 -1 1 351
 5 -2 -3 207
 5 2 -3 164
 55 1 0 98
 55 -1 0 25
 55 -1 2 126
 5 0 -4 142
 5 3 3 318
 5 3 -1 134
 "contig-ratio-green-core" 0.8461538461538461
 "contig-ratio-red-core" 0.43478260869565216
 "a-count" 2
 "b-count" 12
 "c-color-count" 16
 "c-express-count" 16
 "d-color-count" 26
 "d-express-count" 26
 "cell-count" 56
 105 3 2 53
 15 1 -3 257
 15 2 -3 273
 15 4 0 224
 15 -2 1 257
 15 -1 -2 314
 15 0 -3 272
 15 0 4 199
 15 3 0 210
 15 -2 -3 217
 15 0 -4 56
 15 -3 2 222
 15 -2 3 167
 15 1 -1 331
 15 -1 -3 277
 15 1 4 180
 15 -2 2 202
 15 1 -2 337
 15 0 -2 196
 15 -1 1 311
 15 2 -2 203
 15 2 2 169
 15 4 1 43
 105 3 -1 135
 15 2 3 309
 15 3 1 154
 15 -1 2 253
 15 -1 3 178
 5 -4 -1 90
 5 -4 1 298
 55 1 1 199
 5 -3 1 303
 55 -3 -1 285
 5 4 -1 165
 55 1 3 109
 5 -3 -3 91
 55 -2 0 138
 5 3 3 89
 55 0 2 113
 55 3 -3 303
 5 2 -1 80
 55 -1 0 298
 55 2 0 9
 55 -1 -1 350
 55 0 0 345
 5 -1 4 320
 55 1 2 92
 55 0 1 221
 5 0 -1 355
 55 -3 0 194
 5 2 1 181
 55 0 3 223
 55 1 0 284
 5 -2 -2 298
 55 -2 -1 130
 5 -1 -4 188
 "contig-ratio-green-core" 0.9166666666666666
 "contig-ratio-red-core" 0.4782608695652174
 "a-count" 4
 "b-count" 10
 "c-color-count" 18
 "c-express-count" 18
 "d-color-count" 25
 "d-express-count" 24
 "cell-count" 56
 105 3 -2 281
 15 -2 -3 30
 15 3 1 59
 15 -4 0 160
 15 0 -2 21
 15 1 -2 41
 15 3 -3 136
 15 -4 -1 189
 15 -3 1 92
 15 -3 0 201
 15 -1 4 316
 15 0 4 209
 15 -3 -1 96
 15 4 1 183
 15 3 2 175
 15 1 -4 236
 15 2 0 191
 15 -3 -3 69
 15 2 -2 45
 105 4 -1 318
 15 3 -1 211
 15 1 4 236
 15 2 -1 217
 15 -1 -2 39
 15 3 0 28
 105 3 3 138
 15 -2 -2 339
 15 4 0 130
 5 -1 1 56
 55 -1 -4 214
 55 0 0 166
 55 1 2 315
 5 -2 3 282
 55 -2 -1 157
 55 1 1 325
 55 -2 0 138
 55 0 -4 315
 5 0 -3 104
 55 -1 3 165
 5 -3 2 303
 55 -1 -1 45
 55 -1 0 206
 5 2 -3 187
 55 0 1 279
 55 0 2 333
 5 -3 3 243
 5 -1 2 130
 55 0 3 137
 55 2 2 203
 5 -4 1 5
 55 2 1 279
 55 1 0 217
 5 -2 2 68
 5 2 3 21
 55 0 -1 154
 55 1 -1 163
 "contig-ratio-green-core" 1
 "contig-ratio-red-core" 0.35294117647058826
 "a-count" 1
 "b-count" 8
 "c-color-count" 20
 "c-express-count" 20
 "d-color-count" 27
 "d-express-count" 27
 "cell-count" 56
 15 -3 1 230
 15 0 -4 307
 15 1 -3 359
 15 -1 3 219
 15 -3 0 4
 105 -3 -3 207
 15 3 3 70
 15 1 3 172
 15 1 2 322
 15 0 3 252
 15 -4 1 206
 15 -1 -3 45
 15 -1 -2 102
 15 4 0 294
 15 0 -3 216
 15 1 -2 223
 15 2 3 188
 15 0 -2 270
 15 0 2 336
 15 1 4 307
 15 -4 2 154
 15 -4 0 7
 15 5 -1 332
 15 4 -1 235
 15 -2 -3 67
 15 -2 3 4
 15 2 -3 131
 15 -1 2 163
 55 0 -1 220
 55 -3 -1 317
 55 -2 1 288
 5 2 1 82
 55 -2 -1 202
 5 3 0 112
 55 -1 0 149
 55 0 1 207
 55 1 0 328
 55 1 1 31
 55 0 0 155
 55 2 -1 184
 55 -3 -2 174
 5 3 -1 27
 55 -1 -1 116
 5 -1 4 134
 5 3 2 272
 55 2 -2 341
 5 2 2 24
 55 1 -4 30
 55 -2 0 313
 55 0 4 69
 55 -1 1 215
 5 3 -3 65
 55 -2 2 130
 55 1 -1 39
 5 -3 2 30
 55 2 0 57
 "contig-ratio-green-core" 0.8571428571428571
 "contig-ratio-red-core" 0.5652173913043478
