 "a-count" 6
 "b-count" 5
 "c-color-count" 24
 "c-express-count" 23
 "d-color-count" 25
 "d-express-count" 22
 "cell-count" 56
 15 3 1 131
 15 2 3 232
 15 2 1 343
 15 -2 2 251
 15 1 -2 219
 15 -1 -3 10
 105 -3 -2 82
 15 3 -1 18
 15 -2 -2 4
 105 2 -2 54
 15 -2 1 212
 105 2 -3 316
 15 3 -3 76
 15 1 3 105
 15 4 1 304
 15 -4 -1 154
 15 1 -4 306
 15 1 -3 340
 15 -3 -3 238
 15 -2 -1 80
 15 -3 0 311
 15 1 4 76
 15 -1 3 245
 15 2 2 147
 15 -1 -4 279
 15 4 -1 82
 15 -1 4 359
 15 -2 3 295
 55 3 -2 263
 55 0 -1 276
 55 -1 1 17
 55 1 -1 261
 5 -4 1 87
 55 -2 0 218
 55 0 2 119
 55 0 1 173
 55 2 0 283
 55 1 1 203
 55 0 -2 52
 55 3 0 248
 55 0 -3 297
 55 3 3 125
 55 -1 2 13
 55 0 4 337
 55 -1 -2 359
 55 1 2 300
 55 0 0 225
 55 2 -1 24
 55 -1 -1 346
 55 0 -4 142
 55 0 3 117
 55 1 0 51
 55 -1 0 66
 5 -3 2 194
 5 3 2 307
 5 4 0 289
 "contig-ratio-green-core" 1.2142857142857142
 "contig-ratio-red-core" 0.9
 "a-count" 7
 "b-count" 3
 "c-color-count" 26
 "c-express-count" 25
 "d-color-count" 21
 "d-express-count" 21
 "cell-count" 56
 105 3 -3 143
 15 -4 -1 199
 15 2 3 147
 15 -1 3 328
 15 -1 4 350
 15 1 -3 85
 15 0 -4 192
 105 1 -4 126
 15 1 4 179
 15 -2 2 224
 15 -4 0 87
 15 -3 -3 278
 15 -3 2 343
 15 2 0 354
 15 3 3 184
 15 -3 -1 283
 15 -2 -3 44
 105 2 -3 323
 15 2 -2 278
 105 3 2 350
 105 -4 1 229
 105 2 -1 47
 15 -2 3 229
 15 -3 1 168
 15 -1 -3 298
 15 2 1 74
 105 -2 -2 353
 15 1 -2 329
 55 -1 1 204
 5 3 -2 14
 55 4 -1 117
 55 4 0 289
 55 -2 -1 153
 55 1 3 133
 5 -3 3 226
 55 0 1 317
 55 1 0 332
 55 -2 1 214
 55 3 0 281
 55 2 2 101
 55 -1 -2 359
 55 -2 0 308
 55 -3 0 17
 55 1 1 224
 55 0 4 45
 55 -1 2 53
 55 0 0 220
 55 0 -1 79
 55 1 2 83
 55 -1 0 224
 55 0 -2 50
 55 0 -3 96
 55 0 3 59
 55 0 2 211
 55 1 -1 135
 55 -1 -1 227
 "contig-ratio-green-core" 0.8235294117647058
 "contig-ratio-red-core" 0.7222222222222222
 "a-count" 8
 "b-count" 4
 "c-color-count" 25
 "c-express-count" 24
 "d-color-count" 21
 "d-express-count" 20
 "cell-count" 56
 15 -1 -2 227
 15 0 3 309
 15 -1 4 281
 15 1 -1 280
 105 3 3 225
 105 2 3 234
 15 1 4 58
 15 -1 -4 191
 105 1 -3 29
 15 3 2 214
 15 4 -1 224
 15 1 -2 92
 15 -3 2 321
 105 3 -3 350
 15 -3 -1 194
 15 -3 3 270
 15 0 -3 191
 15 -2 3 343
 105 2 -2 197
 15 2 2 189
 105 -1 -3 213
 15 -3 -2 0
 15 0 -4 107
 15 -4 0 105
 15 3 -2 77
 15 -3 1 301
 105 0 4 334
 15 4 0 105
 55 1 0 218
 55 0 -1 21
 55 2 -1 125
 55 -1 0 85
 55 -2 2 311
 5 1 -4 248
 55 0 1 182
 55 -3 0 255
 55 -2 -1 300
 55 1 2 151
 55 4 1 216
 55 0 0 16
 55 -2 0 182
 55 -1 -1 327
 5 -2 -2 167
 55 -1 2 291
 5 -4 1 128
 55 0 -2 222
 55 2 0 54
 55 -2 1 211
 55 3 0 246
 55 1 3 247
 55 -1 1 185
 55 3 1 292
 55 0 2 46
 55 2 1 43
 55 3 -1 147
 55 1 1 244
 "contig-ratio-green-core" 0.8888888888888888
 "contig-ratio-red-core" 0.8947368421052632
 "a-count" 9
 "b-count" 3
 "c-color-count" 25
 "c-express-count" 25
 "d-color-count" 19
 "d-express-count" 19
 "cell-count" 56
 15 2 2 256
 105 4 0 158
 15 3 0 329
 15 0 -2 339
 15 2 -1 69
 15 2 3 350
 15 -1 3 73
 105 -2 -3 234
 15 1 2 102
 15 2 1 87
 105 0 4 50
 15 0 3 69
 105 1 -2 118
 105 0 -4 41
 15 0 -3 62
 105 1 -3 289
 15 4 1 107
 15 -3 1 299
 15 2 -3 7
 15 -2 3 83
 105 3 -2 219
 15 -4 1 262
 15 4 2 262
 105 1 4 296
 15 -3 -2 287
 15 -1 -4 343
 15 -2 -2 322
 105 3 -1 1
 55 0 -1 205
 55 3 3 351
 55 -3 0 5
 5 -3 3 92
 55 3 2 49
 55 -2 0 69
 55 -1 -2 358
 55 -1 1 40
 55 -1 -3 355
 55 -1 2 43
 55 -4 0 311
 55 -3 -1 87
 55 0 1 260
 55 -2 2 109
 55 -2 -1 166
 55 2 0 315
 55 -1 -1 355
 55 1 -1 295
 55 -1 0 324
 55 0 0 229
 5 -3 2 256
 55 -2 1 170
 55 3 1 169
 55 -4 -1 145
 5 3 -3 256
 55 1 0 274
 55 0 2 228
 55 1 1 163
 "contig-ratio-green-core" 1
 "contig-ratio-red-core" 0.9411764705882353
