 "a-count" 5
 "b-count" 4
 "c-color-count" 26
 "c-express-count" 24
 "d-color-count" 25
 "d-express-count" 23
 "cell-count" 56
 15 -2 2 176
 15 0 3 165
 15 3 2 202
 15 3 -1 44
 15 -3 2 216
 15 -1 3 255
 15 2 2 344
 15 -1 -4 332
 15 -2 1 264
 15 -1 -2 185
 15 4 1 341
 15 -4 1 21
 15 -2 -2 305
 105 3 3 160
 15 -3 1 221
 15 -3 3 155
 15 -3 0 259
 15 4 -1 39
 105 -3 -2 34
 105 2 3 241
 15 2 -2 106
 15 1 -3 214
 15 3 -2 89
 15 -4 0 207
 15 1 -4 44
 15 3 1 77
 15 -2 -1 87
 15 -3 -1 308
 55 0 -3 162
 55 2 1 225
 5 0 4 212
 55 -4 2 116
 55 0 -2 307
 55 -1 -1 78
 55 -2 0 351
 55 1 4 35
 55 -4 -1 214
 55 4 0 197
 55 0 -1 71
 55 0 0 37
 55 -2 3 356
 55 0 1 303
 5 -1 4 130
 55 -1 1 50
 55 -2 -3 76
 55 1 -1 0
 55 0 2 33
 55 1 2 68
 55 1 0 132
 55 1 1 320
 55 -1 0 254
 55 0 -4 283
 55 1 -2 121
 55 2 0 205
 55 -1 2 267
 55 2 -1 98
 "contig-ratio-green-core" 1.0769230769230769
 "contig-ratio-red-core" 0.7391304347826086
 "a-count" 7
 "b-count" 5
 "c-color-count" 25
 "c-express-count" 23
 "d-color-count" 22
 "d-express-count" 21
 "cell-count" 56
 105 3 3 190
 15 -3 -3 338
 15 3 -2 234
 105 1 -3 275
 15 -3 2 82
 15 1 3 164
 15 -3 0 251
 15 2 3 120
 15 -1 0 290
 15 4 1 140
 15 1 -2 82
 15 -1 -1 299
 15 -2 -3 333
 15 -2 3 94
 15 3 2 123
 15 2 -3 328
 15 -2 -1 274
 105 3 -3 9
 15 1 4 97
 15 -1 3 116
 15 -1 -2 234
 15 4 0 42
 105 -3 1 206
 105 -2 -2 68
 15 -3 -2 117
 105 0 4 253
 15 0 3 239
 15 -1 -4 317
 5 -2 1 202
 55 2 -1 299
 55 -1 1 108
 55 -4 -1 249
 55 0 0 235
 55 -2 2 197
 55 2 0 68
 5 4 -1 260
 55 0 -1 45
 55 0 1 273
 55 0 -3 273
 55 3 -1 109
 55 3 0 295
 55 1 -1 246
 55 2 2 15
 55 -1 4 173
 55 0 -4 12
 55 0 -2 21
 55 0 2 15
 55 1 1 23
 55 1 0 138
 5 -4 1 122
 55 3 1 73
 55 2 1 33
 55 -3 -1 302
 55 -1 2 157
 55 1 2 301
 55 1 -4 132
 "contig-ratio-green-core" 1
 "contig-ratio-red-core" 0.7222222222222222
 "a-count" 8
 "b-count" 3
 "c-color-count" 25
 "c-express-count" 25
 "d-color-count" 22
 "d-express-count" 20
 "cell-count" 56
 15 3 -1 176
 105 0 3 332
 15 -1 -1 306
 15 -4 -1 90
 15 1 2 61
 15 3 3 183
 15 3 2 103
 105 -2 2 59
 15 0 -3 210
 15 -1 3 265
 15 3 -3 137
 15 4 1 301
 15 2 3 61
 15 1 4 244
 15 4 0 154
 15 -3 2 235
 15 1 -3 91
 15 -2 1 47
 15 0 2 264
 105 1 -4 20
 105 2 -3 184
 15 2 -2 220
 15 -2 -1 325
 15 -4 1 245
 105 1 3 168
 105 -2 -2 39
 15 -3 3 297
 15 -3 -2 280
 55 -3 -1 177
 55 3 0 24
 5 -1 4 350
 55 1 1 142
 55 -1 0 329
 55 1 -2 226
 55 0 1 28
 55 0 -1 314
 55 0 0 336
 55 1 -1 334
 55 2 1 135
 55 1 0 341
 55 3 1 253
 55 -1 1 39
 55 2 0 110
 55 -1 -4 254
 55 -2 0 175
 5 4 -1 211
 55 2 -1 166
 55 -2 3 340
 55 -3 0 160
 55 0 -2 34
 5 -3 -3 36
 55 -1 2 84
 55 0 4 198
 55 -1 -3 291
 55 2 2 149
 55 -4 0 351
 "contig-ratio-green-core" 1
 "contig-ratio-red-core" 0.9444444444444444
 "a-count" 8
 "b-count" 3
 "c-color-count" 26
 "c-express-count" 25
 "d-color-count" 20
 "d-express-count" 20
 "cell-count" 56
 105 -3 -3 339
 105 -3 2 321
 105 -4 1 161
 15 3 2 329
 15 4 0 266
 105 1 -3 141
 15 -4 -1 215
 105 1 4 326
 15 2 2 88
 15 1 -4 330
 15 -2 1 91
 15 -3 -1 91
 15 2 -2 48
 15 0 -4 311
 15 3 -2 66
 15 1 3 155
 105 -4 0 193
 15 -2 -3 84
 15 0 -2 303
 15 -3 -2 82
 15 0 4 229
 15 1 -2 195
 15 -2 2 287
 15 -1 3 40
 105 -2 3 81
 15 -3 1 358
 105 3 -3 29
 15 4 1 235
 5 4 -1 142
 55 -1 -2 293
 55 0 1 81
 55 -1 2 293
 55 2 0 215
 5 2 3 169
 55 0 2 277
 55 -2 -1 270
 55 1 1 132
 55 3 -1 325
 55 0 3 349
 55 -1 1 203
 55 1 2 163
 55 -1 0 241
 55 1 -1 277
 55 -2 -2 226
 55 3 1 50
 55 0 0 245
 55 -2 0 93
 55 2 1 60
 55 0 -3 357
 55 -1 -4 276
 55 1 0 206
 55 3 0 33
 55 -3 0 11
 55 2 -1 327
 55 -1 -1 226
 55 0 -1 138
 "contig-ratio-green-core" 1.0625
 "contig-ratio-red-core" 0.9444444444444444
