 "a-count" 7
 "b-count" 3
 "c-color-count" 26
 "c-express-count" 25
 "d-color-count" 22
 "d-express-count" 21
 "cell-count" 56
 15 -2 1 293
 15 -1 -3 34
 15 2 -1 317
 105 -3 3 229
 105 4 1 177
 15 -2 3 61
 15 3 0 65
 15 -4 0 77
 15 4 -2 346
 105 -3 -2 184
 15 1 -2 118
 15 0 4 153
 15 -2 -3 84
 15 3 -3 161
 15 -2 -2 264
 15 -1 -4 89
 15 3 1 355
 15 -2 2 287
 15 2 3 212
 15 -3 -1 235
 105 1 -3 240
 15 -1 4 184
 105 -3 1 75
 15 4 0 85
 15 3 -1 289
 105 -3 2 70
 15 1 3 334
 15 -4 -1 252
 55 1 2 173
 55 -1 0 336
 55 -1 1 53
 5 3 2 325
 55 1 1 159
 55 0 0 354
 55 0 -2 93
 55 0 2 285
 55 -1 3 226
 55 -3 0 90
 55 0 -1 115
 55 0 -3 50
 55 -1 2 138
 55 1 0 323
 55 2 2 212
 55 -2 -1 354
 55 1 -1 303
 55 0 1 98
 55 -1 -2 135
 5 2 -3 168
 55 2 1 160
 55 -1 -1 42
 55 2 0 142
 55 -2 0 112
 55 0 -4 216
 55 -4 1 184
 55 4 -1 52
 55 0 3 289
 "contig-ratio-green-core" 1.0666666666666667
 "contig-ratio-red-core" 0.9
 "a-count" 12
 "b-count" 5
 "c-color-count" 25
 "c-express-count" 23
 "d-color-count" 17
 "d-express-count" 16
 "cell-count" 56
 105 3 3 165
 15 1 -3 302
 15 -1 3 248
 105 -3 3 244
 15 2 0 349
 105 -1 -3 107
 15 -3 -3 92
 15 -2 -3 261
 15 3 1 315
 15 1 -2 85
 105 3 -3 247
 15 -3 1 247
 15 1 4 41
 15 3 0 299
 15 0 -4 316
 105 -4 -1 294
 15 -2 2 1
 105 -4 0 310
 15 2 2 171
 105 -3 -2 271
 105 2 -2 333
 15 2 1 36
 105 -4 1 54
 105 2 -1 282
 105 3 2 47
 15 -2 -1 312
 15 -1 -1 80
 15 -3 -1 121
 55 -2 -2 90
 55 -2 1 279
 55 -1 1 127
 55 2 3 10
 55 1 3 41
 55 -2 0 58
 5 3 -2 70
 5 -1 4 196
 55 -1 0 287
 5 2 -3 228
 55 0 1 337
 55 4 -1 114
 55 0 -3 75
 55 4 1 185
 55 -3 0 195
 55 1 0 302
 55 1 -1 209
 55 0 -1 32
 55 1 2 330
 55 -3 2 226
 55 4 0 4
 55 0 4 116
 55 0 0 53
 55 1 1 300
 55 -1 2 292
 55 0 3 139
 55 0 -2 101
 55 0 2 11
 "contig-ratio-green-core" 0.8235294117647058
 "contig-ratio-red-core" 1.2727272727272727
 "a-count" 10
 "b-count" 7
 "c-color-count" 22
 "c-express-count" 21
 "d-color-count" 18
 "d-express-count" 18
 "cell-count" 56
 105 -3 1 341
 15 0 3 125
 105 4 -1 154
 105 2 -2 224
 15 -1 3 354
 15 1 -2 254
 15 2 -1 63
 15 -3 2 178
 105 3 1 49
 15 1 -3 353
 105 3 -1 133
 15 -1 -4 4
 15 0 2 241
 105 -4 1 56
 105 1 -4 44
 15 1 3 287
 15 1 4 129
 15 0 -4 202
 15 3 0 318
 15 -1 2 212
 105 3 -3 221
 15 -3 -1 155
 15 -3 -2 12
 15 -2 3 261
 105 2 -3 194
 15 -2 -4 59
 105 4 0 125
 15 -3 0 314
 5 -1 -2 278
 55 -2 2 332
 55 -4 0 341
 55 -2 -3 132
 55 -2 -1 71
 5 -4 -1 281
 55 -2 -2 164
 55 -1 0 236
 55 1 0 217
 55 -2 1 147
 5 -3 3 257
 5 4 1 118
 55 -1 1 283
 55 1 1 314
 55 2 0 271
 55 -1 -3 268
 55 0 -1 16
 55 0 -3 165
 5 -1 4 128
 55 1 -1 62
 55 0 -2 154
 55 1 2 275
 5 2 3 181
 55 0 1 325
 55 2 1 190
 55 0 0 24
 55 0 4 323
 55 -2 0 49
 "contig-ratio-green-core" 0.8888888888888888
 "contig-ratio-red-core" 0.7857142857142857
 "a-count" 7
 "b-count" 8
 "c-color-count" 21
 "c-express-count" 20
 "d-color-count" 22
 "d-express-count" 21
 "cell-count" 56
 15 0 3 59
 15 -1 -3 2
 15 1 -3 191
 15 3 0 357
 15 -4 0 322
 105 0 4 102
 15 3 2 342
 15 1 2 128
 15 -3 3 16
 15 4 1 262
 15 0 -3 283
 105 3 -3 19
 15 -2 -1 49
 105 1 -4 35
 105 -1 4 111
 15 0 -4 126
 15 -1 -1 32
 105 -1 -2 152
 105 -4 -1 150
 15 -1 3 244
 15 4 -1 7
 15 1 3 300
 15 3 -1 28
 15 -2 -3 3
 15 4 0 98
 15 -3 1 242
 15 -2 2 202
 15 -3 -1 178
 5 1 0 312
 55 2 0 337
 55 1 -2 317
 55 -3 0 31
 55 -2 0 227
 5 3 -2 108
 55 -1 0 288
 5 -2 3 312
 55 0 -2 181
 55 0 0 287
 55 2 -1 237
 5 3 3 354
 5 2 -3 198
 55 1 4 42
 5 2 3 292
 55 -1 1 267
 55 1 1 125
 55 -1 -4 238
 55 2 1 339
 55 0 2 143
 55 0 -1 218
 5 -4 1 251
 55 -2 -4 340
 55 2 -2 338
 55 -1 2 55
 55 -2 1 165
 55 3 1 155
 55 0 1 134
 "contig-ratio-green-core" 1.2307692307692308
 "contig-ratio-red-core" 0.875
