 "a-count" 4
 "b-count" 0
 "c-color-count" 28
 "c-express-count" 28
 "d-color-count" 24
 "d-express-count" 24
 "cell-count" 56
 15 0 -4 24
 15 -2 2 289
 15 4 -1 337
 15 -1 2 69
 15 3 3 120
 15 -4 2 19
 105 2 -2 316
 15 4 1 80
 15 -2 3 328
 15 -4 1 3
 15 4 0 156
 15 3 0 355
 15 3 -2 348
 15 0 -3 330
 15 -3 2 316
 105 -1 -4 54
 105 -2 1 29
 15 3 2 77
 15 5 0 325
 15 3 -1 28
 105 3 -3 271
 15 1 -4 282
 15 -1 4 188
 15 -4 -1 309
 15 -1 -3 30
 15 -3 1 153
 15 -4 0 81
 15 -1 3 7
 55 2 -1 121
 55 2 0 261
 55 1 1 78
 55 -1 -1 2
 55 1 -1 136
 55 -2 -2 70
 55 1 -2 97
 55 0 3 161
 55 1 3 132
 55 -3 -2 97
 55 0 2 44
 55 -2 -1 233
 55 0 1 275
 55 -2 -3 182
 55 0 -2 320
 55 3 1 322
 55 -1 -2 17
 55 1 0 164
 55 1 2 196
 55 -1 1 12
 55 0 4 313
 55 1 -3 277
 55 -1 0 178
 55 0 0 77
 55 2 2 350
 55 2 1 155
 55 -2 0 325
 55 0 -1 56
 "contig-ratio-green-core" 0.5882352941176471
 "contig-ratio-red-core" 0.5714285714285714
 "a-count" 6
 "b-count" 0
 "c-color-count" 28
 "c-express-count" 28
 "d-color-count" 22
 "d-express-count" 22
 "cell-count" 56
 105 3 -2 118
 15 4 1 145
 15 3 2 327
 15 -1 -3 152
 105 -3 0 46
 15 1 -4 24
 15 2 -2 179
 15 -5 1 125
 15 -4 -1 39
 105 3 -1 32
 15 4 3 350
 105 1 4 327
 15 2 3 143
 105 -1 -4 12
 15 1 3 207
 15 -4 0 276
 15 2 -3 167
 15 -4 1 45
 15 2 -4 136
 15 0 -4 326
 15 3 -4 140
 15 1 -2 168
 15 1 -3 289
 15 -1 4 172
 15 3 3 11
 15 -2 -3 119
 105 1 2 266
 15 0 4 181
 55 -1 -1 237
 55 -2 2 327
 55 -1 0 253
 55 0 -2 325
 55 -2 -1 190
 55 2 1 7
 55 -3 2 291
 55 -2 -2 74
 55 -1 -2 68
 55 3 1 269
 55 -1 1 244
 55 -1 3 265
 55 1 0 275
 55 3 0 84
 55 4 0 76
 55 -2 0 12
 55 -3 -1 225
 55 1 1 104
 55 2 0 259
 55 -2 1 165
 55 0 3 302
 55 0 -1 149
 55 0 2 264
 55 1 -1 223
 55 2 -1 184
 55 0 0 210
 55 -1 2 99
 55 0 1 107
 "contig-ratio-green-core" 0.5555555555555556
 "contig-ratio-red-core" 0.5
 "a-count" 8
 "b-count" 0
 "c-color-count" 28
 "c-express-count" 28
 "d-color-count" 20
 "d-express-count" 20
 "cell-count" 56
 105 -1 -4 236
 105 2 2 356
 15 0 -4 39
 15 -1 3 21
 15 0 3 253
 105 3 3 291
 15 -2 -2 288
 15 -1 2 65
 105 -4 1 38
 15 0 2 218
 15 3 -2 72
 15 4 -1 106
 15 3 -3 273
 15 4 0 351
 15 0 -2 141
 15 -3 -2 309
 105 -1 -3 23
 15 0 -3 112
 105 2 3 149
 15 -2 2 196
 105 4 1 145
 15 -3 -3 306
 15 -3 -1 248
 15 -4 0 142
 105 0 4 138
 15 -1 -2 65
 15 -1 4 117
 15 1 2 299
 55 0 -1 109
 55 -3 1 74
 55 -3 2 250
 55 2 0 214
 55 -2 1 175
 55 3 2 236
 55 0 0 127
 55 3 0 67
 55 -1 0 13
 55 1 -3 0
 55 1 0 74
 55 -2 -1 353
 55 0 1 234
 55 -1 1 121
 55 2 -2 224
 55 2 -1 339
 55 -4 -1 113
 55 3 1 234
 55 3 -1 154
 55 -5 0 110
 55 2 -1 164
 55 -1 -1 226
 55 1 1 86
 55 2 1 298
 55 1 -2 191
 55 1 -1 338
 55 -2 0 30
 55 -3 0 163
 "contig-ratio-green-core" 0.7222222222222222
 "contig-ratio-red-core" 0.8235294117647058
 "a-count" 7
 "b-count" 0
 "c-color-count" 28
 "c-express-count" 28
 "d-color-count" 21
 "d-express-count" 21
 "cell-count" 56
 105 -3 -1 152
 105 -3 -2 313
 105 -3 1 327
 15 3 -3 280
 15 2 -3 63
 15 0 -3 212
 15 -2 0 266
 15 4 -1 246
 15 -1 -3 134
 15 1 4 240
 105 4 2 352
 15 1 3 113
 15 -1 -4 291
 15 -2 -4 84
 105 -3 2 73
 15 4 0 214
 15 -1 1 13
 15 3 2 263
 105 0 4 237
 15 4 1 75
 15 2 3 119
 15 -2 1 86
 15 -2 -1 156
 15 3 3 343
 15 0 -4 274
 105 -2 -2 25
 15 -2 2 5
 15 -2 3 22
 55 -1 0 300
 55 1 -1 314
 55 1 1 92
 55 2 1 248
 55 -1 4 37
 55 -1 3 85
 55 1 1 85
 55 1 0 132
 55 1 -2 50
 55 3 0 156
 55 3 1 266
 55 0 0 124
 55 3 0 153
 55 0 -2 102
 55 0 0 144
 55 -1 -2 85
 55 2 -2 87
 55 3 -2 40
 55 2 0 139
 55 1 2 299
 55 0 2 116
 55 0 3 261
 55 2 2 78
 55 0 1 321
 55 3 -1 74
 55 2 -1 82
 55 0 -1 269
 55 -1 -1 314
 "contig-ratio-green-core" 0.7777777777777778
 "contig-ratio-red-core" 0.8125
