 "a-count" 4
 "b-count" 0
 "c-color-count" 28
 "c-express-count" 28
 "d-color-count" 25
 "d-express-count" 24
 "cell-count" 56
 15 -3 -2 162
 15 2 3 311
 15 -2 -4 14
 105 3 -3 201
 105 4 1 275
 105 -1 3 330
 15 -3 -1 181
 15 -4 1 213
 15 -4 0 252
 15 -2 -1 82
 15 3 0 281
 15 2 2 167
 15 1 4 291
 15 -4 -1 209
 15 -1 4 301
 15 -3 0 342
 15 1 -3 320
 15 0 -4 202
 15 3 -1 323
 15 4 -1 138
 15 -3 2 144
 15 -3 -3 331
 15 0 4 267
 15 2 -3 45
 15 -2 -2 242
 15 2 -2 199
 15 1 -4 28
 15 3 3 18
 55 2 0 215
 55 1 -2 222
 55 2 -1 123
 55 1 -1 111
 55 0 3 153
 55 -1 -4 109
 55 1 2 349
 55 0 -1 141
 55 0 0 289
 55 0 2 15
 55 -2 2 5
 55 -2 -3 246
 55 -2 1 130
 55 -1 1 70
 55 3 1 152
 55 2 1 83
 55 0 -2 1
 55 -1 -3 103
 55 -1 2 160
 55 1 1 24
 55 -1 -2 196
 55 -2 0 351
 55 1 0 196
 55 0 -3 60
 55 1 3 313
 55 -1 -1 269
 55 -1 0 36
 55 0 1 140
 "contig-ratio-green-core" 0.8823529411764706
 "contig-ratio-red-core" 0.6190476190476191
