 "a-count" 6
 "b-count" 0
 "c-color-count" 28
 "c-express-count" 28
 "d-color-count" 25
 "d-express-count" 22
 "cell-count" 56
 15 -3 2 78
 15 0 -3 346
 15 -1 -4 345
 15 -3 3 288
 15 0 -4 227
 15 -3 -2 73
 105 3 3 185
 105 2 -3 347
 15 -1 -3 184
 15 2 -2 263
 105 3 2 105
 15 1 4 19
 15 3 -2 121
 15 1 -3 35
 15 2 3 252
 15 -3 -3 229
 15 1 -4 226
 15 -1 3 303
 15 4 0 214
 15 -3 -1 171
 15 3 1 87
 15 -2 3 104
 15 -2 -3 20
 15 4 -2 302
 15 3 -1 229
 15 4 -1 163
 15 -1 4 95
 15 4 1 96
 55 -1 -2 264
 55 -1 2 239
 55 1 0 320
 55 2 2 81
 55 -2 2 279
 55 2 -1 268
 55 -2 1 164
 55 -2 0 327
 55 -2 -2 208
 55 0 0 7
 55 0 -2 143
 55 0 3 106
 55 0 1 115
 55 0 4 72
 55 -4 0 321
 55 0 -1 29
 55 1 -1 125
 55 0 2 144
 55 2 0 44
 55 1 2 207
 55 1 1 41
 55 -3 0 161
 55 1 3 3
 55 2 1 288
 55 -1 -1 272
 55 -1 0 352
 55 -1 1 14
 55 -3 1 330
 "contig-ratio-green-core" 0.7777777777777778
 "contig-ratio-red-core" 0.6
 "a-count" 8
 "b-count" 0
 "c-color-count" 28
 "c-express-count" 28
 "d-color-count" 20
 "d-express-count" 20
 "cell-count" 56
 15 3 -2 195
 15 -1 -3 271
 15 0 2 318
 105 2 -3 23
 15 -1 -2 197
 15 -2 3 327
 105 -1 4 50
 15 1 3 300
 15 2 2 149
 105 2 -2 139
 15 2 1 129
 105 4 1 54
 105 4 -1 19
 15 0 -2 186
 15 -1 -4 53
 15 -2 -3 194
 15 3 0 93
 15 -2 2 305
 15 4 0 326
 15 3 -1 29
 105 2 0 80
 15 -1 2 208
 105 3 -3 177
 15 -2 -2 191
 15 -1 3 111
 15 1 2 224
 15 0 3 241
 105 0 -4 21
 55 -3 1 181
 55 -4 1 313
 55 1 1 101
 55 -1 0 299
 55 -4 0 51
 55 0 -1 191
 55 1 0 91
 55 -3 0 105
 55 1 -3 88
 55 0 4 175
 55 3 3 23
 55 0 1 307
 55 -3 -3 215
 55 -2 1 157
 55 1 -1 78
 55 -3 2 50
 55 1 -2 28
 55 -2 0 21
 55 3 2 233
 55 -1 -1 338
 55 -3 -1 331
 55 0 0 277
 55 -1 1 266
 55 -3 -2 58
 55 1 4 302
 55 -4 -1 145
 55 2 3 28
 55 -2 -1 147
 "contig-ratio-green-core" 0.6
 "contig-ratio-red-core" 0.8333333333333334
 "a-count" 7
 "b-count" 0
 "c-color-count" 28
 "c-express-count" 28
 "d-color-count" 21
 "d-express-count" 21
 "cell-count" 56
 15 2 -3 202
 15 -2 -3 220
 15 3 2 286
 105 2 3 161
 105 -3 2 86
 105 1 4 29
 105 -3 -3 141
 15 3 3 176
 15 3 -1 311
 15 0 3 284
 15 4 -2 14
 15 -4 -1 14
 15 2 2 181
 15 -3 0 351
 15 -1 4 139
 15 -3 -2 35
 15 -2 3 89
 15 -4 0 122
 15 3 -3 231
 15 -3 -1 294
 15 -3 1 33
 15 -1 -3 106
 105 -3 3 173
 15 -2 -2 71
 15 -1 3 150
 105 -4 1 238
 105 4 -1 16
 15 3 -2 91
 55 2 1 14
 55 3 1 342
 55 -1 2 32
 55 1 -1 48
 55 -2 1 110
 55 1 3 330
 55 -1 0 75
 55 2 -1 64
 55 2 0 48
 55 3 0 48
 55 0 -1 265
 55 -2 2 173
 55 1 0 68
 55 1 2 227
 55 0 -2 270
 55 0 -4 257
 55 -1 1 329
 55 -2 -1 265
 55 0 0 207
 55 -1 -2 287
 55 2 -2 257
 55 1 -4 279
 55 -1 -1 275
 55 0 2 297
 55 0 1 187
 55 1 -2 320
 55 -2 0 351
 55 1 1 63
 "contig-ratio-green-core" 0.7222222222222222
 "contig-ratio-red-core" 0.65
