 "a-count" 10
 "b-count" 4
 "c-color-count" 24
 "c-express-count" 24
 "d-color-count" 22
 "d-express-count" 18
 "cell-count" 56
 15 -1 -2 190
 105 -3 -3 22
 15 2 3 98
 15 0 4 175
 15 1 -3 197
 15 2 -2 251
 105 4 0 34
 15 2 -1 195
 15 -3 -1 89
 15 -3 -2 326
 15 -3 0 97
 15 3 2 350
 15 -3 3 246
 15 1 -2 198
 105 2 -3 195
 105 1 4 253
 15 -2 -2 34
 15 4 1 346
 15 3 1 113
 105 -4 0 138
 15 -1 4 177
 15 0 -2 178
 105 -1 -3 65
 15 3 -3 185
 15 0 -3 276
 15 1 3 7
 15 0 3 268
 15 -2 -1 102
 55 -1 1 42
 55 1 -1 87
 55 3 3 25
 55 -2 0 19
 55 -3 1 128
 55 1 1 81
 55 -2 4 273
 5 -4 1 252
 55 -2 1 71
 55 1 2 65
 55 0 1 136
 55 1 0 228
 55 2 2 239
 5 -2 3 318
 55 -1 0 90
 55 -2 2 265
 55 0 -1 40
 55 -1 -1 172
 55 -3 2 348
 55 2 1 250
 55 1 -4 149
 55 2 0 90
 55 0 2 66
 55 -1 3 341
 5 3 0 4
 55 -1 2 41
 5 -1 -4 302
 55 0 0 135
 "contig-ratio-green-core" 1
 "contig-ratio-red-core" 0.6666666666666666
 "a-count" 5
 "b-count" 0
 "c-color-count" 28
 "c-express-count" 28
 "d-color-count" 23
 "d-express-count" 23
 "cell-count" 56
 15 -3 0 279
 105 -4 -1 23
 105 0 -3 358
 15 -3 2 116
 15 -2 -3 150
 15 -3 -3 175
 15 0 3 282
 15 -1 -3 244
 15 3 -2 314
 15 1 -2 45
 105 2 -3 197
 15 1 3 342
 15 4 1 223
 15 1 4 117
 15 3 -1 7
 15 -2 -4 226
 15 -3 1 32
 15 -1 3 89
 15 2 -2 275
 15 -1 -4 130
 105 3 3 200
 15 2 -1 262
 15 2 3 191
 15 1 2 264
 105 1 -3 314
 15 2 2 232
 15 0 4 21
 15 4 0 22
 55 2 1 217
 55 -3 -1 151
 55 4 -1 248
 55 -2 1 7
 55 1 1 30
 55 3 0 344
 55 1 -1 334
 55 -3 3 210
 55 -2 0 347
 55 -4 1 151
 55 2 0 42
 55 1 -4 89
 55 2 4 340
 55 -3 -2 251
 55 3 1 184
 55 -1 1 354
 55 -2 -1 307
 55 -2 2 112
 55 0 0 65
 55 0 1 5
 55 -1 -1 253
 55 3 2 235
 55 -1 -2 203
 55 -1 0 289
 55 0 -1 71
 55 0 -2 313
 55 0 2 328
 55 -1 2 220
 "contig-ratio-green-core" 0.8235294117647058
 "contig-ratio-red-core" 0.9
 "a-count" 7
 "b-count" 6
 "c-color-count" 23
 "c-express-count" 22
 "d-color-count" 21
 "d-express-count" 21
 "cell-count" 56
 105 3 -3 50
 15 -3 -1 100
 15 0 -4 164
 15 -2 -3 260
 15 3 0 259
 15 1 -4 73
 15 -3 -3 338
 105 -3 2 232
 15 -1 2 194
 15 3 1 165
 105 -1 4 184
 15 -3 1 202
 15 3 3 337
 15 -2 0 307
 15 3 2 157
 105 3 -2 348
 15 -2 1 300
 15 2 -2 161
 105 4 1 250
 15 2 -1 10
 15 2 0 208
 105 2 -3 250
 15 4 0 315
 15 1 -2 155
 15 1 -3 329
 15 -3 0 282
 105 0 3 155
 15 3 -1 19
 55 -1 -4 10
 55 -1 -1 193
 55 0 -2 17
 55 2 2 355
 55 -1 0 278
 55 -1 1 265
 55 0 1 49
 55 0 -1 257
 55 1 1 126
 55 -3 3 66
 55 0 0 190
 55 0 -3 210
 55 4 -1 262
 5 -4 1 168
 55 -1 3 147
 55 1 2 314
 55 -1 -3 224
 5 -2 2 208
 5 -4 -1 313
 5 0 4 301
 55 0 2 158
 55 -1 -2 42
 55 -2 -2 85
 55 1 0 278
 55 -2 3 221
 55 -2 -1 240
 5 1 3 75
 55 1 -1 108
 "contig-ratio-green-core" 0.6875
 "contig-ratio-red-core" 0.6470588235294118
 "a-count" 9
 "b-count" 4
 "c-color-count" 25
 "c-express-count" 24
 "d-color-count" 19
 "d-express-count" 19
 "cell-count" 56
 15 2 -1 278
 15 1 -1 160
 15 -3 -3 209
 105 3 -3 45
 15 1 -3 12
 15 4 1 99
 15 2 2 70
 15 1 -2 163
 15 3 2 85
 15 -1 -3 217
 15 4 2 164
 15 4 0 356
 15 0 -3 223
 15 0 3 229
 15 -2 -3 44
 105 3 -1 50
 15 -4 -1 178
 105 3 -2 81
 15 -1 3 262
 105 2 -3 257
 15 -4 -2 117
 105 1 4 78
 105 3 3 17
 105 1 -4 136
 105 0 -4 26
 105 0 4 238
 15 1 3 140
 15 -2 2 176
 55 2 0 116
 55 0 1 186
 55 -1 1 334
 55 -3 0 168
 55 -1 0 31
 55 3 0 76
 55 -2 3 227
 55 1 2 45
 5 -3 3 278
 55 3 1 237
 55 -3 -2 281
 55 -1 -1 47
 5 -2 0 236
 55 -1 -2 42
 55 0 -2 299
 55 0 -1 243
 55 1 1 184
 55 0 2 172
 55 -1 2 128
 55 -2 -2 334
 55 -3 -1 190
 55 -4 1 63
 55 -2 -1 289
 55 -2 1 354
 55 1 0 20
 55 -4 0 79
 5 -3 2 7
 55 0 0 314
 "contig-ratio-green-core" 0.8888888888888888
 "contig-ratio-red-core" 1
