 "a-count" 5
 "b-count" 5
 "c-color-count" 24
 "c-express-count" 23
 "d-color-count" 25
 "d-express-count" 23
 "cell-count" 56
 15 0 -4 125
 15 1 3 27
 15 3 -1 129
 15 -3 -2 244
 105 3 -3 171
 15 -4 0 24
 15 -2 1 212
 15 -4 -2 16
 15 2 1 190
 15 3 2 341
 15 -3 -1 50
 15 -2 -2 194
 15 -3 2 77
 15 2 3 322
 15 1 -3 108
 15 -4 -1 68
 15 3 1 50
 15 -1 3 253
 15 0 2 282
 15 -1 -4 214
 105 0 4 90
 15 1 -4 146
 15 2 2 340
 105 -3 -3 237
 15 3 0 121
 15 1 3 62
 15 2 -2 309
 15 0 3 4
 55 -2 0 96
 55 4 0 91
 5 3 -2 229
 55 -1 1 244
 55 1 0 316
 55 4 1 9
 5 3 3 185
 55 4 -1 61
 55 2 -1 168
 55 1 2 238
 55 -3 0 137
 55 -3 1 323
 55 0 -1 293
 5 -4 1 277
 55 0 0 25
 55 0 -2 335
 55 1 -1 175
 55 -1 0 334
 55 0 1 93
 55 2 0 231
 55 -1 -1 359
 55 1 -2 37
 5 -2 2 241
 55 -1 -2 179
 55 -2 -1 308
 55 0 -3 138
 55 -1 -3 227
 55 1 1 216
 "contig-ratio-green-core" 1.0625
 "contig-ratio-red-core" 0.8125
 "a-count" 7
 "b-count" 4
 "c-color-count" 25
 "c-express-count" 24
 "d-color-count" 23
 "d-express-count" 21
 "cell-count" 56
 15 0 -4 358
 15 2 2 72
 15 1 -3 291
 15 -4 -1 184
 15 0 1 323
 15 -1 1 353
 15 -2 -3 357
 105 2 3 18
 15 1 3 49
 15 0 2 288
 15 2 -2 213
 15 -3 0 359
 15 -3 2 116
 15 0 3 211
 105 4 1 142
 15 2 -3 260
 15 -2 2 198
 105 -3 1 75
 105 3 3 130
 15 2 1 205
 15 1 4 11
 15 1 1 208
 15 -4 1 357
 105 -1 3 193
 15 -2 0 326
 15 -1 2 203
 15 -1 -4 233
 15 4 -2 212
 5 3 -2 233
 5 -2 3 335
 55 0 0 293
 55 -2 -2 95
 55 -1 -1 261
 55 -4 2 158
 55 1 -2 255
 55 -3 -1 125
 55 2 0 353
 55 -1 -2 143
 55 3 1 149
 55 -3 -2 351
 55 0 -2 149
 5 3 -1 131
 55 0 -1 208
 55 4 0 267
 55 3 2 7
 55 4 -1 75
 55 0 4 67
 55 -1 -3 136
 55 -1 0 162
 55 -1 4 225
 55 1 -1 249
 55 -2 -1 324
 55 1 0 16
 55 2 -1 21
 55 0 -3 286
 55 3 0 200
 "contig-ratio-green-core" 0.9411764705882353
 "contig-ratio-red-core" 0.75
 "a-count" 7
 "b-count" 6
 "c-color-count" 22
 "c-express-count" 22
 "d-color-count" 22
 "d-express-count" 21
 "cell-count" 56
 15 -2 -3 223
 15 -3 0 80
 15 4 1 243
 15 -1 -2 63
 15 1 -2 290
 15 3 -1 110
 15 3 2 171
 105 -4 1 211
 105 0 -3 95
 15 0 3 187
 15 0 -4 275
 15 0 -2 144
 105 -1 -3 310
 15 3 -3 321
 15 1 2 119
 105 -4 -1 43
 15 2 -2 77
 15 -2 -1 89
 15 -3 1 293
 15 2 3 309
 105 3 -2 72
 15 0 4 196
 15 2 -1 182
 15 -1 3 84
 15 -2 0 82
 15 1 4 212
 15 2 -3 21
 105 -2 -2 3
 5 -1 2 108
 55 1 0 220
 55 3 0 65
 55 4 0 182
 55 0 1 217
 55 -1 -1 174
 55 2 0 163
 55 0 0 297
 55 0 2 119
 55 1 3 176
 5 -3 -1 339
 55 -1 -4 266
 55 2 1 263
 5 4 -1 170
 5 5 1 151
 55 0 -1 272
 55 -1 -5 251
 5 -2 2 30
 55 -2 1 133
 55 2 0 276
 55 -3 2 161
 55 4 -1 18
 55 -1 4 73
 55 2 0 47
 55 1 -1 243
 5 2 2 348
 55 1 1 201
 55 3 1 83
 "contig-ratio-green-core" 0.7222222222222222
 "contig-ratio-red-core" 0.9333333333333333
 "a-count" 5
 "b-count" 4
 "c-color-count" 24
 "c-express-count" 24
 "d-color-count" 23
 "d-express-count" 23
 "cell-count" 56
 15 -4 0 241
 15 3 -1 134
 15 -4 1 229
 105 3 -2 118
 15 1 3 0
 105 4 -1 252
 15 -1 4 203
 15 -2 -3 204
 15 -1 3 98
 105 1 4 110
 15 -2 -2 246
 15 1 -2 113
 15 3 1 117
 15 2 3 286
 15 0 -4 46
 15 -1 -4 46
 15 -3 1 222
 15 -1 -2 339
 15 1 -3 287
 15 0 4 109
 15 0 -2 285
 15 3 0 302
 105 3 3 45
 15 2 -3 74
 105 -1 -3 260
 15 4 1 57
 15 -3 2 187
 15 0 3 19
 5 -3 -2 30
 5 -1 0 265
 55 2 2 147
 55 -2 0 251
 55 3 2 68
 55 2 0 290
 55 -2 1 67
 5 -4 -1 326
 5 -2 3 292
 55 0 2 248
 55 -3 0 337
 55 0 1 98
 55 1 0 248
 55 -2 2 138
 55 -3 -1 110
 55 1 2 0
 55 1 -1 39
 55 -2 -1 295
 55 1 1 60
 55 0 -1 346
 55 0 0 344
 55 -1 1 304
 55 2 1 300
 55 -2 -4 330
 55 -1 2 189
 55 2 -2 149
 55 -1 -1 347
 55 2 -1 244
 "contig-ratio-green-core" 0.9375
 "contig-ratio-red-core" 0.7
