 "a-count" 9
 "b-count" 2
 "c-color-count" 26
 "c-express-count" 26
 "d-color-count" 20
 "d-express-count" 19
 "cell-count" 56
 15 3 -1 273
 15 -1 -3 113
 105 -2 0 2
 15 4 1 0
 105 4 -1 164
 15 -1 0 126
 15 -1 -2 234
 15 2 -1 346
 15 -2 -2 142
 15 -1 1 168
 15 -2 -1 75
 15 -3 2 357
 105 -2 -3 190
 15 -3 1 211
 15 -1 4 152
 15 2 -2 52
 15 -2 1 8
 15 2 -3 54
 105 3 -2 308
 15 3 0 151
 15 2 2 297
 105 2 3 219
 15 -1 -1 88
 15 -4 0 265
 105 -3 -1 217
 105 3 3 355
 15 1 4 125
 105 0 4 38
 55 1 -1 72
 55 -1 2 303
 55 0 3 76
 55 -2 3 39
 55 0 -3 26
 55 0 -2 27
 5 -4 1 145
 55 -3 3 359
 55 1 0 187
 55 1 2 167
 55 2 0 199
 55 1 1 33
 55 3 1 88
 55 0 0 284
 55 -3 -2 99
 55 -2 2 230
 55 2 1 251
 5 3 2 85
 55 1 -2 233
 55 -1 3 318
 55 -2 4 180
 55 -3 -3 137
 55 1 3 314
 55 4 2 114
 55 0 -4 303
 55 1 -3 38
 55 0 -1 69
 55 0 2 297
 "contig-ratio-green-core" 0.6666666666666666
 "contig-ratio-red-core" 1.125
 "a-count" 6
 "b-count" 4
 "c-color-count" 24
 "c-express-count" 24
 "d-color-count" 23
 "d-express-count" 22
 "cell-count" 56
 15 -3 3 212
 15 -3 -1 122
 15 0 1 10
 15 3 2 94
 15 -2 2 227
 15 3 -2 145
 15 -2 1 203
 105 1 -3 132
 15 -1 1 160
 15 -1 -1 176
 105 3 -3 266
 15 0 3 165
 105 1 4 277
 15 -2 -1 82
 15 -1 -2 333
 15 -1 2 147
 15 2 3 250
 15 4 1 198
 15 1 3 281
 15 0 2 199
 105 -3 -2 332
 105 -1 -4 84
 15 -3 0 148
 15 -2 -3 276
 15 1 2 282
 15 -1 0 121
 15 2 -2 75
 15 -2 0 131
 55 1 -1 165
 55 -3 2 218
 55 -1 3 178
 55 1 -2 23
 55 1 1 228
 55 0 4 309
 55 0 -1 332
 55 2 2 132
 55 2 -1 260
 55 -3 1 68
 5 2 -3 168
 55 3 1 352
 55 0 -4 30
 55 4 -1 114
 55 3 -1 70
 55 3 0 213
 55 0 0 74
 55 0 -2 285
 55 -2 3 69
 5 4 0 54
 55 0 -3 194
 5 -1 4 326
 55 2 0 36
 55 1 0 35
 55 -4 -1 346
 55 2 1 228
 5 -4 1 280
 55 -1 -3 158
 "contig-ratio-green-core" 0.9444444444444444
 "contig-ratio-red-core" 1
 "a-count" 7
 "b-count" 2
 "c-color-count" 26
 "c-express-count" 26
 "d-color-count" 22
 "d-express-count" 21
 "cell-count" 56
 15 -2 -1 20
 105 1 -4 214
 15 -1 3 251
 15 0 2 33
 15 3 -2 323
 15 3 -1 350
 15 1 2 41
 105 1 -3 338
 15 0 -2 233
 15 0 3 183
 15 1 3 336
 15 -2 3 171
 105 3 3 53
 15 -3 -2 178
 105 2 -3 41
 15 0 1 23
 15 -3 0 119
 15 -4 1 232
 105 -4 -1 221
 15 -1 -5 235
 15 -2 -2 226
 15 -2 0 174
 15 1 1 324
 15 -1 4 230
 15 2 3 32
 105 2 -2 226
 15 0 -3 216
 15 -1 1 13
 5 -3 2 265
 5 1 4 1
 55 2 -1 20
 55 3 0 344
 55 3 2 200
 55 4 1 37
 55 2 2 186
 55 3 1 253
 55 1 0 299
 55 -1 -2 298
 55 -3 1 263
 55 -1 -1 265
 55 -2 -3 19
 55 -4 0 170
 55 0 -1 43
 55 2 1 188
 55 1 -1 349
 55 -2 1 78
 55 -2 2 284
 55 -1 -4 333
 55 -3 -3 73
 55 -1 -3 177
 55 -1 2 138
 55 4 -2 92
 55 4 0 184
 55 0 4 257
 55 2 0 228
 55 0 0 30
 "contig-ratio-green-core" 0.95
 "contig-ratio-red-core" 1
 "a-count" 8
 "b-count" 0
 "c-color-count" 28
 "c-express-count" 28
 "d-color-count" 21
 "d-express-count" 20
 "cell-count" 56
 105 -2 3 264
 15 -1 -4 292
 15 3 3 307
 105 0 -4 138
 15 -3 -3 244
 15 -3 2 325
 105 -3 -2 22
 15 -1 3 28
 15 2 1 137
 15 -2 -2 16
 15 1 1 257
 15 -2 -1 67
 105 1 4 315
 15 -4 0 98
 15 2 -3 132
 15 3 -2 210
 15 1 2 258
 15 -3 -1 343
 15 -2 2 193
 15 2 2 155
 15 4 0 280
 15 3 2 332
 15 4 -1 51
 15 -1 4 141
 105 1 3 206
 105 1 -4 222
 105 3 -3 256
 15 1 -3 355
 55 0 2 76
 55 -2 -4 348
 55 0 0 301
 55 2 0 308
 55 1 -1 359
 55 -1 2 55
 55 3 0 203
 55 0 -1 82
 55 1 0 273
 55 -1 -1 349
 55 -1 -3 108
 55 -1 1 7
 55 -1 -2 252
 55 0 -2 70
 55 2 -2 303
 55 -3 0 109
 55 2 -1 212
 55 -3 1 93
 55 0 -3 195
 55 0 1 92
 55 -2 1 329
 55 0 3 71
 55 3 -1 47
 55 -2 0 291
 55 -2 -3 46
 55 3 1 258
 55 1 -2 0
 55 -4 -1 80
 "contig-ratio-green-core" 0.782608695652174
 "contig-ratio-red-core" 1.1578947368421053
