 "a-count" 7
 "b-count" 5
 "c-color-count" 23
 "c-express-count" 23
 "d-color-count" 21
 "d-express-count" 21
 "cell-count" 56
 15 -1 2 317
 15 4 0 179
 105 3 3 225
 15 -3 3 95
 15 2 2 76
 105 -2 -2 318
 15 -2 2 41
 15 -1 1 91
 15 -1 -4 119
 105 -3 -2 79
 15 2 -2 136
 15 -2 3 106
 15 -3 0 236
 15 1 -2 18
 15 -3 1 204
 105 -1 3 333
 15 1 3 319
 15 -1 4 94
 15 -3 -1 103
 105 -2 -3 100
 15 -1 0 267
 15 -2 0 144
 15 3 -1 75
 105 3 -2 321
 15 0 3 221
 15 1 -3 225
 15 -2 -1 307
 105 0 -4 151
 5 3 2 57
 55 2 0 184
 55 1 2 128
 55 -2 4 328
 55 -4 0 98
 55 -3 2 303
 55 0 -3 229
 55 2 1 222
 55 0 2 246
 55 3 0 317
 55 -1 -2 94
 55 3 1 56
 55 0 1 190
 55 -1 -3 17
 55 -1 -1 92
 55 0 -1 206
 55 1 1 93
 55 -4 -1 227
 5 0 4 152
 5 3 -3 112
 55 -4 -2 186
 55 0 -2 190
 55 2 -1 110
 5 1 -4 24
 55 1 -1 312
 55 1 0 63
 5 -4 1 78
 55 0 0 302
 "contig-ratio-green-core" 0.8666666666666667
 "contig-ratio-red-core" 0.875
 "a-count" 9
 "b-count" 6
 "c-color-count" 23
 "c-express-count" 22
 "d-color-count" 20
 "d-express-count" 19
 "cell-count" 56
 105 -4 1 71
 105 -3 1 202
 15 2 3 24
 15 -1 -3 123
 105 3 -2 92
 105 2 -3 41
 15 0 4 25
 15 -2 0 241
 15 0 -4 253
 15 3 -1 98
 15 -3 -1 27
 15 1 4 69
 15 1 3 16
 105 1 -4 7
 15 2 2 138
 15 -2 -1 119
 15 -1 -1 281
 105 0 -3 158
 15 3 1 273
 15 -3 2 45
 15 1 4 203
 105 -4 0 106
 105 0 -2 275
 15 3 0 64
 15 2 -2 53
 15 -1 -4 342
 15 -1 -2 26
 15 1 -2 272
 55 4 0 151
 55 2 -1 194
 55 1 1 310
 55 -1 0 269
 5 4 1 334
 55 0 2 56
 55 -2 2 113
 55 -2 -3 25
 55 -1 1 46
 55 -3 -3 224
 55 -2 -2 263
 55 -3 -2 251
 55 0 3 17
 55 0 -1 8
 55 0 0 196
 55 0 1 234
 5 3 3 86
 5 -2 3 14
 55 1 -1 62
 5 3 2 267
 55 2 1 19
 55 2 0 136
 55 -3 3 248
 55 2 2 330
 55 2 1 43
 55 -1 2 279
 5 -1 3 24
 55 1 2 344
 "contig-ratio-green-core" 0.8333333333333334
 "contig-ratio-red-core" 0.7647058823529411
 "a-count" 9
 "b-count" 4
 "c-color-count" 25
 "c-express-count" 24
 "d-color-count" 19
 "d-express-count" 19
 "cell-count" 56
 105 2 3 105
 105 -4 -1 350
 15 -1 -4 60
 15 1 3 308
 15 0 -4 200
 15 -1 -3 232
 15 -2 -3 39
 15 -4 0 76
 15 -1 3 314
 105 3 -3 162
 15 0 3 202
 105 4 1 2
 15 3 -2 322
 105 -3 3 253
 15 0 -3 73
 105 4 -1 352
 15 -2 -2 287
 15 0 -2 191
 15 3 3 271
 15 0 4 172
 15 -1 -2 69
 15 1 -3 108
 15 -2 1 172
 15 -2 2 322
 105 1 4 115
 15 3 0 198
 105 3 2 259
 105 2 -3 189
 55 -3 1 255
 55 2 1 129
 55 -4 1 287
 55 1 1 35
 55 0 2 43
 5 3 1 285
 55 -1 2 88
 55 1 -1 186
 55 1 -4 111
 55 2 0 269
 55 -1 -1 308
 5 -2 3 102
 55 -3 0 107
 55 -2 0 154
 5 -3 -3 121
 55 0 1 228
 55 0 -1 247
 55 2 -1 231
 55 -1 1 9
 55 3 4 333
 55 3 -1 178
 55 -2 -1 139
 55 1 0 155
 55 -1 0 90
 55 0 0 17
 55 -3 -1 60
 55 -3 -2 306
 55 1 -2 54
 "contig-ratio-green-core" 0.6470588235294118
 "contig-ratio-red-core" 1
 "a-count" 5
 "b-count" 2
 "c-color-count" 26
 "c-express-count" 26
 "d-color-count" 24
 "d-express-count" 23
 "cell-count" 56
 15 3 2 180
 15 -2 -3 167
 105 3 -3 289
 15 4 -1 165
 105 0 4 232
 15 -1 -1 75
 15 -3 3 271
 15 0 3 147
 15 -3 -1 60
 15 0 2 167
 15 4 0 256
 15 -1 3 80
 15 1 3 104
 15 4 1 155
 15 1 2 1
 15 0 -4 263
 105 -3 0 248
 15 -3 -2 68
 15 -4 -1 337
 15 -2 -2 9
 15 4 -2 212
 15 -2 -1 54
 15 -3 1 266
 15 -4 1 91
 15 0 -2 37
 15 -2 0 45
 15 -1 4 264
 105 1 4 52
 55 2 -2 343
 55 3 0 229
 55 -1 2 330
 55 2 0 325
 55 1 -2 286
 55 1 1 284
 55 -4 2 137
 55 2 3 20
 55 -2 1 115
 55 1 -1 229
 55 3 1 43
 55 1 0 57
 55 -4 -2 268
 55 3 -1 199
 5 2 2 57
 55 1 -3 166
 55 -3 2 329
 55 0 0 288
 55 -1 -3 126
 55 -2 3 244
 55 0 -1 313
 55 -1 0 34
 55 2 -1 231
 5 0 -3 262
 55 2 1 59
 55 -1 1 285
 55 3 -2 79
 55 -2 2 0
 "contig-ratio-green-core" 0.8888888888888888
 "contig-ratio-red-core" 0.8666666666666667
