 "a-count" 10
 "b-count" 6
 "c-color-count" 23
 "c-express-count" 22
 "d-color-count" 18
 "d-express-count" 18
 "cell-count" 56
 15 3 2 29
 105 -3 -1 78
 15 -4 1 201
 105 -2 3 88
 15 -3 -3 298
 15 4 1 6
 105 -3 -4 345
 105 -3 2 78
 105 2 -2 86
 15 0 3 32
 105 0 4 355
 15 0 -4 234
 15 -2 1 87
 15 -1 -4 217
 15 -3 -2 265
 105 -3 3 323
 15 1 -1 23
 15 4 0 93
 105 3 3 13
 15 -2 0 164
 15 -3 1 344
 15 3 -1 276
 105 -1 3 26
 15 2 2 174
 15 -2 -1 359
 15 -4 -3 167
 15 1 -3 10
 105 3 -3 234
 55 1 3 354
 55 0 2 138
 55 1 -2 321
 55 -1 1 160
 55 2 1 62
 5 2 -1 232
 55 -1 0 318
 5 1 4 75
 55 0 -3 222
 55 3 1 170
 5 -4 0 279
 55 -2 -2 264
 55 0 0 257
 55 -2 -3 255
 5 2 3 336
 55 1 1 95
 55 0 1 52
 55 0 -1 63
 55 1 0 14
 5 -1 4 213
 55 -1 -3 257
 55 1 2 286
 55 -1 -2 249
 55 2 0 20
 55 -1 2 337
 55 4 -1 305
 55 -1 -1 146
 55 0 -2 264
 "contig-ratio-green-core" 0.7647058823529411
 "contig-ratio-red-core" 0.9230769230769231
 "a-count" 7
 "b-count" 5
 "c-color-count" 23
 "c-express-count" 23
 "d-color-count" 22
 "d-express-count" 21
 "cell-count" 56
 15 2 -1 259
 15 1 -2 352
 15 -1 -4 335
 15 2 -2 275
 15 -1 -3 241
 15 0 4 71
 15 3 1 199
 15 0 -3 195
 15 0 -2 298
 15 -2 -3 109
 15 -4 1 6
 15 0 2 102
 15 -1 2 224
 15 1 3 65
 15 1 2 138
 105 3 -3 32
 15 -4 -1 86
 15 -2 -4 18
 105 4 1 214
 15 -1 -2 103
 15 1 -1 123
 15 -1 3 243
 15 4 0 214
 105 0 -4 113
 105 3 3 303
 105 0 3 314
 15 -1 4 185
 105 2 2 335
 55 -3 3 159
 5 -2 1 203
 55 -3 -3 133
 55 0 0 359
 5 1 4 260
 55 0 -1 213
 55 3 0 164
 5 -2 2 187
 55 1 0 23
 55 -2 -1 269
 55 -2 3 133
 55 -2 0 290
 5 3 -2 60
 55 -3 0 187
 5 3 2 141
 55 -3 2 226
 55 -3 -1 218
 55 3 -1 247
 55 4 -1 41
 55 2 0 272
 55 -1 1 214
 55 -3 1 252
 55 -1 0 134
 55 -3 -2 262
 55 0 1 238
 55 -1 -1 328
 55 1 1 27
 55 2 1 134
 "contig-ratio-green-core" 0.6842105263157895
 "contig-ratio-red-core" 0.6842105263157895
 "a-count" 14
 "b-count" 3
 "c-color-count" 27
 "c-express-count" 25
 "d-color-count" 16
 "d-express-count" 14
 "cell-count" 56
 15 0 -2 155
 15 -1 -2 80
 15 2 3 141
 105 3 -3 11
 15 -2 -2 26
 15 2 2 49
 105 0 -3 358
 105 1 -2 172
 105 2 -1 76
 105 2 -3 28
 105 1 -3 8
 105 -2 -3 192
 105 4 1 30
 15 1 -1 137
 105 3 -2 20
 15 -3 2 78
 15 -1 -3 168
 15 -3 3 348
 15 -4 0 279
 105 3 -1 268
 15 3 0 279
 15 -2 4 99
 15 -3 0 312
 105 4 -1 80
 15 3 3 96
 105 3 2 126
 15 2 0 343
 15 0 -4 31
 55 -4 1 27
 55 -1 -1 101
 55 2 1 75
 55 1 -4 63
 55 -1 2 126
 55 0 0 258
 55 1 0 261
 55 2 4 36
 55 -1 0 56
 55 1 3 159
 55 -2 1 236
 55 -2 2 35
 55 -2 0 302
 55 3 1 200
 55 0 2 283
 55 0 -1 264
 55 -1 4 43
 5 0 4 43
 55 -2 3 353
 55 0 3 53
 55 1 1 264
 55 1 2 223
 55 1 4 118
 55 -1 3 223
 55 -1 1 352
 55 -2 -1 141
 55 -1 -4 45
 55 0 1 20
 "contig-ratio-green-core" 0.8571428571428571
 "contig-ratio-red-core" 1
 "a-count" 12
 "b-count" 4
 "c-color-count" 24
 "c-express-count" 24
 "d-color-count" 18
 "d-express-count" 16
 "cell-count" 56
 15 -3 -1 60
 15 1 -3 315
 15 1 3 120
 15 -4 1 325
 15 -1 -3 150
 15 -3 0 260
 105 4 1 298
 15 -3 -2 102
 15 -1 4 174
 15 1 2 43
 105 -3 2 254
 105 3 3 216
 15 1 -2 349
 105 -3 -3 111
 15 -2 2 58
 105 2 3 271
 105 -4 0 292
 15 2 1 128
 15 -1 -2 254
 105 0 -3 64
 15 2 2 287
 105 3 -2 210
 15 1 4 238
 15 -2 -2 331
 105 3 -3 113
 105 -2 3 33
 15 0 -2 100
 15 -2 1 29
 55 0 -4 106
 55 0 -1 102
 55 -4 -1 252
 55 1 0 115
 55 0 3 320
 55 1 -4 137
 55 -1 1 78
 55 -1 3 164
 55 0 2 272
 55 2 -1 108
 55 -2 -1 296
 55 3 0 249
 55 0 0 143
 55 1 1 244
 55 -1 -1 343
 55 0 1 36
 55 -1 2 237
 55 2 0 71
 55 2 -3 85
 55 1 -1 243
 5 3 1 91
 5 4 0 63
 55 -1 0 332
 55 2 -2 86
 5 4 -1 200
 55 -1 -4 234
 55 -2 0 357
 5 -3 1 358
 "contig-ratio-green-core" 0.8235294117647058
 "contig-ratio-red-core" 0.9333333333333333
