 "a-count" 9
 "b-count" 3
 "c-color-count" 26
 "c-express-count" 25
 "d-color-count" 19
 "d-express-count" 19
 "cell-count" 56
 15 -1 -3 12
 105 3 0 315
 15 0 2 116
 15 -1 2 187
 15 2 -3 56
 15 1 -4 106
 15 -2 -2 316
 15 -2 -3 275
 105 1 2 62
 15 -4 0 167
 15 0 -4 248
 15 -4 -1 52
 105 2 3 134
 15 3 -1 337
 15 -1 3 74
 15 0 1 324
 105 0 3 164
 15 2 2 215
 15 2 1 209
 15 3 -2 221
 105 4 1 200
 105 1 4 250
 15 -3 -1 306
 15 -1 -4 55
 15 1 1 243
 105 4 0 81
 105 3 3 250
 105 -2 3 57
 55 2 -1 234
 55 3 -3 223
 55 1 -1 13
 55 -2 2 281
 55 -1 4 327
 55 2 0 151
 55 -3 2 33
 55 0 0 191
 55 -3 0 91
 55 -2 0 45
 55 1 -3 207
 55 1 -2 104
 55 -2 -1 289
 55 -1 0 2
 55 0 -2 195
 55 2 -2 273
 5 -3 -3 292
 55 -2 -4 319
 55 -2 1 187
 55 0 -1 136
 55 1 0 187
 55 -1 -1 318
 55 -1 -2 255
 5 -4 1 63
 55 0 4 100
 55 0 -3 277
 55 -3 1 356
 55 -1 1 13
 "contig-ratio-green-core" 0.9333333333333333
 "contig-ratio-red-core" 0.9333333333333333
 "a-count" 7
 "b-count" 3
 "c-color-count" 25
 "c-express-count" 25
 "d-color-count" 23
 "d-express-count" 21
 "cell-count" 56
 15 -2 1 248
 105 -3 -1 174
 15 -2 2 75
 15 -4 0 243
 15 1 4 339
 105 -1 -4 139
 15 4 0 269
 15 3 -1 253
 105 -4 1 247
 15 -3 0 199
 15 3 -2 131
 105 -4 -1 157
 15 -2 0 91
 105 -3 2 358
 15 -2 -1 341
 15 4 -1 236
 15 -1 -1 281
 15 2 2 106
 15 -1 1 19
 15 -3 -3 285
 15 0 -4 287
 15 -1 0 274
 15 4 1 280
 15 -3 1 319
 15 3 2 79
 15 -2 3 115
 15 0 4 273
 15 -1 -2 40
 55 0 2 202
 55 2 -2 107
 55 1 -3 205
 55 3 1 147
 55 1 0 62
 55 0 -2 328
 55 2 -1 99
 55 2 3 243
 55 1 -1 133
 55 0 -3 37
 55 2 0 290
 55 0 1 152
 55 -2 -3 157
 55 -1 -3 200
 55 2 -1 102
 55 -1 2 64
 55 0 3 198
 5 1 -4 111
 55 -3 3 82
 55 0 0 182
 5 3 3 206
 55 1 -2 154
 5 -2 -2 333
 55 3 0 81
 55 2 1 208
 55 1 2 66
 55 0 -1 160
 55 1 1 243
 "contig-ratio-green-core" 0.8235294117647058
 "contig-ratio-red-core" 1
 "a-count" 10
 "b-count" 2
 "c-color-count" 26
 "c-express-count" 26
 "d-color-count" 19
 "d-express-count" 18
 "cell-count" 56
 15 -2 4 29
 15 1 4 5
 15 3 -1 3
 105 3 -3 289
 15 4 1 165
 105 0 -3 193
 15 2 0 102
 105 1 -4 105
 15 3 2 175
 15 2 -1 169
 15 1 3 104
 15 1 -1 5
 105 2 2 311
 15 0 -2 85
 15 -3 -3 137
 105 1 -3 96
 15 1 2 216
 15 3 0 134
 105 0 -4 40
 105 4 -1 172
 15 2 1 165
 105 3 -2 27
 15 -1 -3 235
 15 0 -1 134
 15 -2 3 24
 15 -3 2 320
 15 3 1 307
 105 2 -3 136
 5 -3 3 146
 55 -1 0 324
 55 -4 0 131
 55 3 3 241
 55 -1 2 28
 55 0 2 116
 55 -2 1 324
 55 -1 1 23
 55 -1 4 310
 55 -1 3 289
 5 -3 -2 86
 55 -4 -1 349
 55 -3 1 189
 55 0 0 309
 55 -1 -2 337
 55 -3 0 296
 55 0 3 241
 55 -2 -3 3
 55 -2 -1 42
 55 -1 -1 254
 55 -2 2 23
 55 1 1 339
 55 1 0 279
 55 -4 1 197
 55 0 1 280
 55 0 4 218
 55 -2 -2 54
 55 -2 0 233
 "contig-ratio-green-core" 0.7222222222222222
 "contig-ratio-red-core" 1
