 "a-count" 6
 "b-count" 3
 "c-color-count" 25
 "c-express-count" 25
 "d-color-count" 23
 "d-express-count" 22
 "cell-count" 56
 15 2 2 12
 15 1 1 156
 15 3 -3 282
 15 -3 -1 54
 105 3 3 51
 15 -4 0 312
 105 -4 2 269
 15 4 0 39
 15 -3 -2 179
 15 1 2 37
 15 2 1 355
 15 3 -2 288
 15 4 -1 175
 15 0 4 299
 15 -3 -3 1
 15 1 -4 37
 105 3 2 31
 15 1 -3 290
 105 4 1 319
 105 -1 -3 310
 15 0 -3 233
 15 -3 2 164
 15 -2 3 4
 15 3 0 339
 15 -3 0 326
 15 -3 1 275
 15 -1 4 330
 15 2 3 213
 5 -4 1 34
 55 -2 0 10
 55 0 3 275
 55 -1 0 193
 55 0 1 139
 55 -1 1 132
 55 3 -1 323
 5 -3 3 112
 55 0 -2 358
 55 1 -1 217
 5 -1 -4 155
 55 -2 3 339
 55 -1 2 60
 55 -1 3 175
 55 2 0 164
 55 0 0 300
 55 1 -2 113
 55 0 2 267
 55 -2 -1 130
 55 1 0 82
 55 -1 -1 209
 55 0 -1 342
 55 1 3 176
 55 -2 1 11
 55 -2 2 256
 55 2 -2 7
 55 -1 0 301
 55 -2 2 15
 "contig-ratio-green-core" 0.8333333333333334
 "contig-ratio-red-core" 0.7647058823529411
 "a-count" 8
 "b-count" 2
 "c-color-count" 27
 "c-express-count" 26
 "d-color-count" 22
 "d-express-count" 20
 "cell-count" 56
 105 -2 3 135
 15 -3 3 221
 15 -1 3 38
 15 2 -2 34
 15 0 3 46
 15 -2 -2 320
 15 -1 -2 175
 15 -4 -1 282
 15 1 -3 237
 15 -4 1 156
 105 0 -3 261
 15 2 3 343
 15 -1 -4 273
 105 -3 -3 154
 15 -1 -3 159
 15 2 -3 274
 15 4 -1 250
 15 -4 0 247
 15 1 3 96
 15 0 -2 337
 105 1 4 1
 15 -1 4 203
 15 1 -2 238
 105 -2 -3 354
 15 -3 -2 240
 15 2 2 197
 15 1 2 274
 105 0 4 91
 55 3 -2 269
 55 3 0 332
 55 -1 -1 123
 55 -3 -1 241
 55 2 1 211
 55 -2 2 4
 55 1 -1 351
 55 3 2 167
 55 -1 1 236
 55 0 -1 345
 55 1 0 315
 5 2 0 218
 55 -2 0 183
 55 0 2 60
 55 -1 2 117
 55 -3 1 88
 55 3 -1 190
 55 1 -4 206
 55 0 -4 37
 55 1 1 246
 55 0 0 168
 55 -2 1 344
 55 -2 -1 133
 55 -3 0 151
 55 0 1 232
 55 3 1 150
 55 2 -1 112
 55 -3 2 285
 "contig-ratio-green-core" 0.6956521739130435
 "contig-ratio-red-core" 0.8888888888888888
 "a-count" 7
 "b-count" 3
 "c-color-count" 25
 "c-express-count" 25
 "d-color-count" 24
 "d-express-count" 21
 "cell-count" 56
 15 -2 -3 37
 15 0 3 264
 15 2 -2 247
 15 4 1 226
 15 3 2 265
 15 -3 -2 268
 15 0 -4 344
 15 0 -3 152
 15 -4 1 115
 15 0 4 267
 15 -1 4 344
 15 1 3 88
 15 3 -3 241
 15 -4 -1 175
 15 -3 -1 281
 15 -1 -2 309
 15 3 1 151
 105 -1 -4 238
 105 1 -3 240
 15 0 -2 276
 105 -3 -3 61
 15 -3 2 177
 105 3 3 151
 15 4 0 16
 15 -1 -3 353
 15 -1 3 282
 15 1 -2 281
 15 2 2 163
 55 0 1 10
 55 -3 0 40
 55 2 -1 110
 55 -2 1 259
 55 1 -1 220
 55 1 2 327
 55 -1 2 212
 55 -3 1 41
 5 -3 3 77
 55 0 0 269
 55 -2 2 139
 55 1 1 41
 55 -2 -2 316
 55 1 0 136
 55 1 -4 213
 55 2 -4 165
 55 -1 1 45
 55 3 0 307
 55 2 1 37
 55 -2 -1 196
 55 0 -1 61
 55 -1 0 286
 5 2 -3 132
 5 3 -2 7
 55 -1 -1 342
 55 2 0 231
 55 -2 0 62
 55 0 2 60
 "contig-ratio-green-core" 1
 "contig-ratio-red-core" 0.7647058823529411
 "a-count" 6
 "b-count" 7
 "c-color-count" 22
 "c-express-count" 21
 "d-color-count" 22
 "d-express-count" 22
 "cell-count" 56
 15 1 3 282
 15 -2 0 23
 15 -2 2 44
 105 -2 -3 138
 15 -2 1 282
 15 -3 -1 128
 15 0 4 58
 15 3 0 137
 15 2 -2 123
 15 2 0 239
 15 0 3 36
 15 -3 2 293
 15 3 1 355
 15 3 -2 354
 105 -3 -3 283
 105 -4 -1 246
 105 2 -3 138
 15 -1 3 141
 15 -1 2 307
 15 -3 -2 208
 15 2 -1 234
 15 -1 4 196
 105 1 -4 157
 105 3 -3 145
 15 -1 0 7
 15 -2 3 111
 15 4 -1 296
 15 2 3 321
 55 0 2 112
 55 -1 -4 75
 55 0 1 6
 55 4 0 192
 55 -1 -2 341
 5 0 -1 88
 5 -1 -3 49
 55 -3 0 112
 55 2 1 1
 5 -3 3 354
 55 -3 1 104
 55 -2 -1 221
 55 2 2 345
 5 3 2 157
 55 0 -4 43
 5 4 1 160
 55 0 -3 199
 55 1 -1 133
 55 1 0 177
 55 1 2 302
 55 -2 -2 240
 55 -1 -1 167
 55 -2 4 68
 55 0 0 3
 55 1 1 217
 5 -4 1 244
 55 1 -3 263
 55 1 -2 228
 "contig-ratio-green-core" 0.7894736842105263
 "contig-ratio-red-core" 0.8
