 "a-count" 8
 "b-count" 4
 "c-color-count" 24
 "c-express-count" 24
 "d-color-count" 21
 "d-express-count" 20
 "cell-count" 56
 15 2 -1 151
 15 -3 2 282
 15 0 -3 152
 15 2 1 215
 105 -2 3 42
 15 -1 3 318
 15 -1 -3 245
 105 2 -3 130
 15 1 4 45
 15 0 -2 66
 15 2 0 184
 15 3 0 100
 105 1 -4 119
 15 0 4 276
 15 -1 2 42
 15 1 -2 82
 15 3 1 136
 15 2 -2 169
 105 -3 3 68
 105 1 -3 108
 15 0 2 28
 105 3 -3 331
 15 -1 4 286
 15 1 3 220
 15 -1 -4 230
 15 -3 1 180
 105 4 -1 28
 15 2 2 65
 55 -2 -2 116
 5 -3 -2 294
 55 -2 -1 191
 55 4 0 196
 55 3 2 190
 5 -2 -3 116
 5 3 -1 301
 55 1 1 224
 55 -2 1 334
 55 0 0 32
 55 -4 0 328
 55 -1 -1 111
 55 2 3 142
 55 -3 0 159
 55 -1 -2 9
 55 4 1 178
 55 -3 -1 86
 55 1 -1 168
 55 1 0 240
 5 -4 1 222
 55 -3 -3 49
 55 -2 0 91
 55 -1 1 250
 55 0 1 219
 55 -4 -1 291
 55 -2 2 163
 55 -1 0 167
 55 0 -1 54
 "contig-ratio-green-core" 0.8
 "contig-ratio-red-core" 0.7777777777777778
 "a-count" 13
 "b-count" 7
 "c-color-count" 23
 "c-express-count" 21
 "d-color-count" 18
 "d-express-count" 15
 "cell-count" 56
 105 -3 3 274
 15 2 0 287
 15 3 0 34
 105 -3 2 334
 15 3 -1 338
 105 -2 -3 334
 105 -3 1 334
 15 4 -1 155
 15 0 -4 173
 105 -3 -2 246
 15 -1 4 29
 15 -2 0 298
 15 4 0 166
 105 -2 3 186
 105 1 -4 160
 15 2 1 351
 105 2 3 138
 105 -4 -1 12
 15 -1 -3 22
 15 1 -3 69
 15 -3 -1 307
 105 -3 -3 100
 15 -2 -2 307
 15 2 -1 192
 15 -2 -1 315
 15 0 -3 157
 15 1 3 94
 15 -3 0 338
 55 1 -2 37
 55 0 -2 111
 55 0 2 337
 55 1 4 316
 55 1 -1 318
 55 1 0 359
 5 3 -2 70
 55 -1 -1 218
 55 3 1 161
 55 -1 3 274
 55 3 -3 56
 5 2 -2 11
 55 0 1 20
 55 0 3 305
 55 -1 -2 257
 5 3 3 242
 5 3 2 102
 55 0 -1 57
 55 -2 2 76
 55 1 2 272
 55 -2 1 54
 55 -1 1 320
 5 0 0 291
 55 -1 2 144
 55 -4 0 339
 55 -1 0 246
 55 1 1 266
 55 2 2 75
 "contig-ratio-green-core" 0.8
 "contig-ratio-red-core" 1
 "a-count" 11
 "b-count" 2
 "c-color-count" 26
 "c-express-count" 26
 "d-color-count" 18
 "d-express-count" 17
 "cell-count" 56
 15 3 1 340
 15 4 1 155
 105 1 4 258
 15 -3 1 153
 15 0 -4 333
 15 -2 -2 302
 105 -3 -1 334
 15 -3 0 164
 15 -2 2 15
 105 -2 3 41
 15 3 0 185
 15 4 0 212
 105 -2 -3 88
 105 3 -2 279
 15 0 3 329
 15 3 -1 222
 15 2 -1 230
 105 0 4 160
 15 -4 1 288
 15 -4 0 153
 15 1 3 350
 15 3 2 304
 105 2 -3 248
 15 2 -2 206
 15 1 -3 182
 105 -3 3 249
 105 1 -4 184
 105 -3 -3 66
 55 2 2 212
 55 -2 -1 289
 55 4 -1 321
 55 -1 -1 204
 55 -1 -3 247
 55 0 -1 240
 5 -3 2 341
 55 -2 0 355
 55 -1 -4 208
 55 1 -2 307
 55 1 2 212
 55 0 0 135
 5 2 3 64
 55 0 1 228
 55 2 1 74
 55 0 -3 219
 55 -2 1 129
 55 1 -1 302
 55 -1 2 95
 55 -1 1 210
 55 1 1 259
 55 -1 0 299
 55 -1 -2 227
 55 1 0 257
 55 0 2 171
 55 0 -2 309
 55 -1 4 127
 55 2 0 290
 "contig-ratio-green-core" 0.8666666666666667
 "contig-ratio-red-core" 0.8333333333333334
 "a-count" 10
 "b-count" 4
 "c-color-count" 24
 "c-express-count" 24
 "d-color-count" 20
 "d-express-count" 18
 "cell-count" 56
 105 -1 -4 16
 15 -2 -3 318
 105 1 -4 182
 15 0 1 96
 15 -3 1 25
 105 4 1 333
 15 -4 1 356
 15 0 2 171
 15 0 -3 250
 15 4 0 134
 105 1 4 62
 15 2 2 241
 15 -4 -2 253
 15 0 4 326
 15 3 2 28
 15 1 -3 216
 15 -1 2 319
 15 -3 -2 339
 15 -1 4 182
 15 -1 -3 305
 105 4 -1 281
 105 -3 2 53
 105 0 -4 346
 15 -2 -2 56
 15 -4 -1 94
 15 -2 2 132
 15 3 -2 138
 105 -2 -4 284
 55 -3 -1 186
 55 0 -2 167
 55 -1 -2 166
 55 -1 0 156
 55 2 3 129
 55 2 -2 143
 55 2 -1 52
 55 2 0 67
 55 1 0 79
 55 1 -1 315
 55 1 -2 241
 5 0 3 249
 55 -3 0 42
 55 -3 -3 66
 5 -3 3 206
 55 1 3 179
 55 3 0 271
 55 2 1 203
 55 -2 -1 141
 5 3 3 164
 55 2 -3 315
 55 -2 1 284
 55 0 -1 357
 55 1 1 11
 55 0 0 246
 5 3 -1 21
 55 -2 0 183
 55 3 1 310
 "contig-ratio-green-core" 0.8666666666666667
 "contig-ratio-red-core" 1
