 "a-count" 10
 "b-count" 4
 "c-color-count" 25
 "c-express-count" 24
 "d-color-count" 21
 "d-express-count" 18
 "cell-count" 56
 105 3 -2 309
 15 4 1 130
 105 1 -4 63
 15 -2 2 267
 15 -4 0 81
 105 3 2 75
 105 -3 2 300
 15 2 3 305
 15 2 0 169
 15 2 2 49
 15 -3 0 28
 15 -2 3 275
 15 1 -1 356
 15 2 1 157
 15 -3 1 260
 15 -2 -1 206
 15 -3 3 27
 105 3 1 73
 15 1 -2 330
 15 -2 -2 160
 105 3 -3 136
 15 1 3 135
 15 2 -1 9
 15 2 -2 231
 15 3 0 349
 15 -4 -1 93
 105 -4 1 35
 15 -3 -1 240
 55 0 0 88
 55 -2 -3 55
 55 -1 0 350
 55 0 2 95
 55 -1 1 233
 55 -1 -4 16
 55 -2 0 339
 55 0 -4 66
 55 0 -2 37
 55 1 2 308
 5 3 3 147
 5 -2 4 35
 55 0 1 187
 55 4 0 94
 55 -2 1 254
 55 0 4 147
 55 -1 3 125
 55 -1 -3 238
 55 1 0 295
 55 1 -3 33
 55 0 3 359
 55 -1 -2 349
 5 -1 4 110
 55 -1 2 181
 55 0 -1 90
 55 -1 -1 123
 55 0 -3 269
 55 1 1 12
 "contig-ratio-green-core" 0.7058823529411765
 "contig-ratio-red-core" 0.7142857142857143
 "a-count" 9
 "b-count" 3
 "c-color-count" 25
 "c-express-count" 25
 "d-color-count" 19
 "d-express-count" 19
 "cell-count" 56
 15 3 0 266
 15 1 3 264
 15 2 1 289
 105 3 -3 123
 15 -4 0 134
 15 0 -2 343
 105 -2 -3 265
 15 2 2 117
 105 -1 -4 220
 105 -3 -3 170
 15 -1 3 277
 105 0 -4 187
 15 -1 -2 200
 15 -3 3 12
 15 4 -1 148
 15 0 3 186
 105 3 -2 146
 15 1 -3 67
 105 -4 1 254
 15 -2 3 320
 15 2 -2 27
 105 -1 4 202
 15 1 -2 102
 105 2 -3 264
 15 3 1 149
 15 3 2 74
 15 -2 -2 271
 15 -1 -3 121
 55 0 -1 283
 55 -2 -1 71
 55 -3 -1 100
 55 1 -1 198
 55 1 4 258
 55 0 0 118
 55 -1 0 225
 55 1 1 201
 55 -2 2 176
 55 -2 1 39
 55 -2 0 312
 55 1 0 247
 55 -3 1 214
 55 2 0 112
 55 2 3 90
 55 0 1 91
 55 -1 -1 306
 5 1 -4 230
 55 0 2 94
 5 0 4 150
 55 2 -1 149
 55 3 -1 308
 5 3 3 139
 55 -1 2 119
 55 -3 0 295
 55 -1 1 263
 55 1 2 143
 55 -3 2 129
 "contig-ratio-green-core" 0.8333333333333334
 "contig-ratio-red-core" 0.8666666666666667
 "a-count" 10
 "b-count" 4
 "c-color-count" 24
 "c-express-count" 24
 "d-color-count" 19
 "d-express-count" 18
 "cell-count" 56
 105 -1 4 220
 105 0 -4 152
 15 -4 1 10
 105 3 0 36
 15 4 0 97
 105 2 -2 257
 15 0 -2 309
 15 2 -1 68
 15 -2 3 50
 15 -1 -2 253
 15 1 4 246
 15 -2 -1 203
 15 2 4 206
 105 2 -3 54
 15 1 -1 256
 105 -2 -2 145
 15 -1 3 265
 15 1 -3 31
 15 1 -2 251
 15 -4 0 323
 15 3 2 134
 15 0 -3 235
 105 -4 -1 148
 105 3 -2 89
 105 -3 -3 122
 15 -3 -1 25
 15 0 3 74
 15 1 3 107
 55 1 0 32
 5 1 -4 200
 5 3 -3 329
 55 -1 0 152
 55 -1 1 295
 55 -3 2 45
 55 -2 2 103
 55 -1 -1 259
 55 -2 -3 136
 55 2 0 262
 55 4 -1 123
 55 0 1 180
 55 0 2 36
 55 0 0 303
 55 2 2 326
 55 -2 1 201
 55 3 1 91
 55 -1 2 299
 55 -2 0 338
 55 2 1 136
 55 1 1 324
 5 -3 -2 241
 55 2 3 150
 55 0 -1 1
 55 1 2 107
 55 -3 3 82
 5 3 3 138
 55 -3 0 15
 "contig-ratio-green-core" 0.8125
 "contig-ratio-red-core" 0.8461538461538461
