 "a-count" 4
 "b-count" 6
 "c-color-count" 22
 "c-express-count" 22
 "d-color-count" 25
 "d-express-count" 24
 "cell-count" 56
 15 1 3 267
 15 2 1 100
 15 -3 -1 35
 15 0 3 26
 15 -4 1 67
 15 1 -3 61
 15 -1 1 317
 15 0 0 251
 15 2 2 237
 15 1 -1 288
 15 2 -1 280
 15 -1 0 45
 15 -1 2 201
 105 3 0 308
 105 -2 3 129
 15 0 2 315
 15 0 1 71
 15 -1 -3 55
 15 2 0 237
 15 -2 2 248
 105 4 -2 335
 15 1 2 102
 15 -2 -3 175
 15 1 0 314
 15 2 -2 107
 15 0 -3 19
 15 -1 -4 134
 15 1 1 67
 55 0 4 1
 5 1 -4 188
 55 -3 0 325
 55 3 -1 320
 55 -2 0 253
 55 -3 1 62
 55 -3 -2 106
 55 -4 0 318
 55 4 -1 45
 55 1 -2 149
 55 -1 -2 339
 55 2 3 322
 55 -2 -2 51
 5 3 -2 36
 5 3 3 348
 55 -1 -1 261
 55 0 -2 49
 55 -2 -1 326
 5 -4 -1 0
 55 3 2 195
 5 0 -4 41
 55 -1 4 255
 55 0 -1 54
 5 2 -3 118
 55 -2 1 239
 55 3 -3 224
 55 4 0 293
 55 -1 3 257
 "contig-ratio-green-core" 0.7727272727272727
 "contig-ratio-red-core" 0.75
 "a-count" 6
 "b-count" 5
 "c-color-count" 24
 "c-express-count" 23
 "d-color-count" 23
 "d-express-count" 22
 "cell-count" 56
 105 3 1 119
 15 1 -1 232
 15 -1 1 275
 15 -3 -3 182
 15 -1 2 338
 15 1 2 9
 15 3 -1 307
 15 2 0 99
 15 1 0 308
 15 -2 0 142
 105 4 -1 155
 15 -1 0 187
 15 1 1 189
 105 3 2 241
 15 -3 0 76
 15 0 1 155
 105 4 0 143
 15 -2 3 19
 105 -1 -4 343
 15 -2 -3 308
 15 -3 4 159
 15 -2 1 31
 15 0 -4 224
 15 2 1 209
 15 -3 2 70
 15 -2 2 26
 15 0 -1 119
 15 0 2 349
 55 -4 -1 194
 5 1 -4 162
 55 0 3 308
 55 0 -2 196
 55 2 -1 160
 55 1 -2 73
 5 3 3 7
 55 3 0 244
 55 0 4 359
 55 1 -3 205
 55 0 -3 213
 55 -1 -2 2
 55 3 -3 144
 55 -3 -2 289
 55 -1 -3 204
 55 -1 -1 188
 55 2 -3 9
 55 1 3 197
 55 -3 -1 221
 55 2 -2 59
 55 -1 4 28
 55 1 4 35
 55 -1 3 157
 55 -2 -1 328
 5 -4 -2 349
 5 -3 3 67
 55 -2 -2 141
 55 -4 0 306
 "contig-ratio-green-core" 0.6666666666666666
 "contig-ratio-red-core" 0.7894736842105263
 "a-count" 7
 "b-count" 2
 "c-color-count" 27
 "c-express-count" 26
 "d-color-count" 22
 "d-express-count" 21
 "cell-count" 56
 15 -1 3 62
 15 1 0 114
 15 -2 0 166
 15 -4 0 261
 15 0 -1 300
 105 -3 -3 122
 105 -3 0 216
 15 -2 -2 141
 15 0 1 269
 105 -3 2 43
 15 1 2 171
 15 0 5 264
 15 3 -1 59
 105 0 4 197
 105 -1 -4 29
 15 2 2 275
 15 0 -1 305
 15 2 -3 208
 15 2 3 22
 15 0 2 276
 105 1 4 237
 15 -1 4 343
 15 -1 1 170
 15 0 3 324
 15 1 3 82
 15 0 0 284
 15 -1 4 141
 15 1 1 109
 55 0 -2 63
 55 -2 4 191
 55 1 -2 267
 55 0 -4 251
 55 -3 3 289
 55 1 -1 249
 55 3 2 268
 55 4 -1 188
 55 -1 0 77
 55 -2 3 87
 55 -3 4 265
 55 2 -2 14
 55 -2 1 5
 55 -1 5 333
 5 3 3 76
 55 3 1 290
 55 4 0 181
 55 2 -1 149
 55 3 -3 151
 55 -2 -3 45
 55 -3 3 266
 55 3 0 85
 55 2 1 343
 55 -2 2 17
 55 -2 3 51
 55 -1 -2 2
 55 -4 1 51
 55 -3 -2 319
 "contig-ratio-green-core" 0.7647058823529411
 "contig-ratio-red-core" 0.7333333333333333
 "a-count" 6
 "b-count" 4
 "c-color-count" 24
 "c-express-count" 24
 "d-color-count" 22
 "d-express-count" 22
 "cell-count" 56
 15 -1 1 109
 105 0 -1 256
 15 3 2 172
 15 1 -1 167
 15 1 -2 296
 105 -1 0 40
 15 -1 -1 61
 15 3 -1 127
 15 0 -2 188
 105 4 -1 250
 15 -2 1 191
 15 2 0 348
 105 -1 -2 50
 15 2 1 53
 105 2 -3 4
 15 -3 2 168
 15 -3 -1 197
 15 -2 -1 182
 15 -3 3 31
 15 1 1 54
 15 -3 -2 68
 15 0 1 63
 15 -2 0 283
 15 2 -1 146
 15 0 -3 18
 105 -1 -3 104
 15 1 0 357
 15 1 4 329
 55 -1 -4 13
 55 -3 1 181
 55 0 2 82
 55 -4 -1 171
 55 -1 3 229
 5 3 3 11
 55 0 3 252
 5 3 -2 333
 5 -1 4 103
 55 1 3 137
 55 3 1 305
 55 -2 3 204
 55 2 -2 343
 55 1 2 186
 55 0 4 142
 55 1 -3 336
 55 3 0 153
 55 2 3 279
 55 2 2 137
 55 0 -4 299
 55 -4 -2 265
 55 -4 0 251
 55 -1 2 255
 55 1 -4 349
 5 -4 1 338
 55 -3 0 240
 55 4 0 269
 55 -2 2 322
 "contig-ratio-green-core" 0.85
 "contig-ratio-red-core" 0.9333333333333333
