 "a-count" 5
 "b-count" 2
 "c-color-count" 26
 "c-express-count" 26
 "d-color-count" 23
 "d-express-count" 23
 "cell-count" 56
 15 0 1 176
 15 2 0 107
 15 2 -1 353
 15 0 2 235
 15 0 -2 282
 15 1 0 157
 15 -2 3 147
 15 0 3 326
 15 1 -1 90
 15 -2 -1 251
 15 1 -2 199
 15 -1 -1 358
 15 0 -1 324
 105 2 2 255
 105 -2 -2 200
 15 -1 2 46
 15 -3 -1 159
 15 1 1 174
 105 0 -4 99
 15 3 2 254
 15 3 3 12
 105 -1 3 23
 15 -1 1 38
 15 2 1 223
 15 0 0 93
 105 2 -3 259
 15 3 1 100
 15 -1 0 172
 55 1 -3 328
 55 4 -2 208
 55 -2 2 260
 55 -3 3 150
 55 -3 0 298
 55 -1 4 65
 55 1 -4 143
 55 -4 0 149
 55 4 -1 301
 55 1 3 356
 55 2 3 172
 55 -3 1 85
 55 1 4 97
 55 -2 0 166
 5 -3 -2 206
 55 4 1 118
 55 -3 2 251
 55 3 -1 354
 55 3 0 162
 55 -1 -3 53
 55 3 -2 240
 55 4 0 134
 55 0 4 337
 55 -3 -3 146
 55 0 -3 309
 5 2 -2 220
 55 -2 -3 329
 55 -4 1 13
 "contig-ratio-green-core" 0.5
 "contig-ratio-red-core" 0.7058823529411765
 "a-count" 5
 "b-count" 5
 "c-color-count" 23
 "c-express-count" 23
 "d-color-count" 24
 "d-express-count" 23
 "cell-count" 56
 15 -1 1 306
 15 -2 0 117
 15 -1 0 293
 15 1 -2 159
 105 -2 -3 314
 15 -3 1 55
 105 2 2 83
 15 -1 -1 27
 15 1 1 31
 105 -4 -1 183
 15 1 -1 257
 15 2 1 250
 15 -3 0 235
 15 1 3 292
 15 1 2 220
 15 1 0 264
 15 0 -3 238
 15 1 -4 0
 15 -1 -2 140
 15 -2 -1 336
 15 -2 1 106
 15 -3 -1 126
 15 2 -1 329
 15 2 0 42
 15 0 -2 134
 15 0 0 328
 15 0 1 306
 105 3 2 216
 55 3 -3 336
 55 0 -4 33
 55 4 2 100
 55 -2 4 206
 55 -1 2 149
 55 3 -1 351
 55 -3 3 235
 55 -1 -4 94
 55 4 0 272
 5 4 -1 82
 55 1 -3 134
 5 -2 -2 140
 55 -1 4 295
 55 0 3 11
 55 0 2 312
 55 3 -2 186
 55 -3 -2 240
 5 3 3 144
 55 1 4 31
 55 -4 0 277
 5 -4 1 227
 55 -1 3 321
 55 0 4 312
 55 -1 -3 255
 55 -2 2 12
 5 -3 2 319
 55 -2 3 29
 55 4 1 231
 "contig-ratio-green-core" 0.6470588235294118
 "contig-ratio-red-core" 0.5789473684210527
 "a-count" 5
 "b-count" 7
 "c-color-count" 21
 "c-express-count" 21
 "d-color-count" 23
 "d-express-count" 23
 "cell-count" 56
 15 -1 1 48
 105 -2 3 182
 15 1 -2 299
 105 1 -4 12
 15 -2 -2 245
 15 1 -1 102
 15 0 1 130
 15 0 2 150
 15 -1 -3 190
 105 1 0 194
 15 2 1 81
 15 2 -1 327
 15 -1 -1 2
 15 1 2 80
 15 -2 0 83
 105 -4 -1 358
 15 0 -1 68
 15 1 1 29
 15 -1 2 255
 15 2 0 72
 15 0 0 256
 15 -4 1 324
 15 3 2 304
 15 -2 -1 55
 105 -3 -1 2
 15 -1 -2 268
 15 2 2 249
 15 -1 0 145
 5 1 3 209
 55 -2 1 6
 55 3 0 259
 5 3 3 61
 5 -3 -2 281
 55 -2 2 182
 55 -2 -3 168
 55 0 4 107
 55 4 -2 49
 55 -1 3 95
 55 4 -1 206
 55 -3 1 134
 55 3 -1 162
 5 4 0 39
 5 1 4 204
 55 -3 -3 139
 55 -1 4 332
 55 3 1 170
 55 -3 3 255
 55 2 3 358
 55 2 -2 351
 5 -3 2 30
 55 1 -3 70
 55 0 3 226
 55 -4 2 54
 5 3 -3 50
 55 4 1 329
 55 -1 -4 306
 "contig-ratio-green-core" 0.6470588235294118
 "contig-ratio-red-core" 0.8
 "a-count" 4
 "b-count" 5
 "c-color-count" 24
 "c-express-count" 23
 "d-color-count" 26
 "d-express-count" 24
 "cell-count" 56
 15 -1 2 271
 15 -1 3 215
 15 1 1 157
 15 1 0 332
 15 -1 1 118
 15 -3 0 216
 15 4 1 17
 15 3 2 172
 15 -2 -3 125
 105 -3 1 277
 15 2 1 348
 15 1 3 319
 105 0 1 108
 15 0 0 206
 15 -1 -1 102
 15 1 2 211
 15 1 -1 66
 15 -2 0 65
 15 0 3 214
 15 0 -1 255
 15 -2 -1 64
 15 2 2 276
 15 0 2 5
 15 3 -2 294
 15 -2 2 71
 15 -1 0 201
 15 -2 1 29
 15 -3 -1 238
 5 4 -1 11
 55 -1 4 203
 55 -4 1 278
 55 -1 -3 269
 5 2 3 337
 55 3 -1 145
 55 1 4 162
 55 1 -2 83
 55 -4 -1 248
 55 1 -4 269
 55 4 2 7
 55 2 -2 306
 55 2 0 232
 55 4 0 302
 55 0 -2 317
 55 2 -3 191
 55 3 1 317
 5 -2 -2 225
 55 3 0 28
 55 -4 0 0
 5 -3 2 309
 55 0 -3 215
 55 -3 -2 270
 55 -3 -3 337
 55 -2 3 36
 55 -3 3 333
 55 0 4 276
 55 3 3 207
 "contig-ratio-green-core" 0.6111111111111112
 "contig-ratio-red-core" 0.9285714285714286
