 "a-count" 4
 "b-count" 5
 "c-color-count" 24
 "c-express-count" 23
 "d-color-count" 25
 "d-express-count" 24
 "cell-count" 56
 15 -3 2 109
 15 -1 -1 27
 15 -2 1 94
 105 0 3 345
 15 4 1 73
 15 1 3 315
 15 -2 2 187
 105 1 -3 339
 15 -2 -1 350
 15 1 -4 199
 15 0 1 261
 15 2 0 252
 15 1 2 327
 15 3 -3 299
 15 -1 2 212
 15 2 1 247
 15 3 3 301
 15 -3 0 228
 15 -1 -3 49
 15 3 1 178
 15 0 -4 224
 15 2 -1 331
 15 0 -1 149
 15 -1 0 345
 105 -4 1 119
 15 0 -2 130
 15 -2 4 279
 15 -3 -2 174
 5 -3 -3 114
 55 -3 -1 161
 55 -2 0 299
 55 2 2 358
 55 2 -2 26
 5 -3 3 172
 55 -3 1 158
 55 0 2 172
 55 3 -1 31
 55 -1 1 320
 55 0 0 212
 55 1 1 184
 5 0 4 245
 55 2 3 136
 55 -1 -2 209
 55 3 2 46
 55 4 -1 52
 55 1 -1 356
 55 2 -4 2
 55 2 -3 224
 55 -2 -3 168
 55 3 0 282
 55 3 -2 239
 55 0 -3 38
 55 -2 3 265
 55 -1 4 354
 55 1 0 310
 5 4 0 131
 "contig-ratio-green-core" 0.9375
 "contig-ratio-red-core" 1
 "a-count" 1
 "b-count" 5
 "c-color-count" 23
 "c-express-count" 23
 "d-color-count" 27
 "d-express-count" 27
 "cell-count" 56
 15 0 0 328
 15 -3 1 113
 105 0 2 119
 15 -2 -3 289
 15 3 1 38
 15 -2 -2 16
 15 2 -3 221
 15 0 -3 50
 15 -4 1 9
 15 -2 3 266
 15 1 1 124
 15 -1 0 242
 15 -2 1 23
 15 -3 -3 270
 15 4 2 184
 15 -1 2 314
 15 4 0 344
 15 -1 4 5
 15 -2 2 176
 15 3 -2 237
 15 3 3 42
 15 -3 -1 60
 15 -1 -4 18
 15 -1 -1 233
 15 4 -2 162
 15 1 -2 219
 15 1 -4 246
 15 2 -1 175
 55 2 0 101
 55 -3 3 53
 5 -3 0 39
 55 -3 2 5
 55 0 4 210
 55 1 -3 81
 5 0 -4 87
 55 0 -1 255
 55 3 -3 221
 55 4 -1 162
 55 2 2 343
 55 -2 -1 254
 55 2 -2 261
 5 1 3 353
 55 3 -1 95
 55 -1 -3 204
 55 1 0 248
 55 -2 0 146
 55 3 2 75
 55 3 0 285
 55 0 -2 84
 55 1 -1 147
 55 -3 -2 109
 55 -1 3 28
 55 0 1 107
 5 2 3 11
 55 -4 0 228
 5 -4 2 311
 "contig-ratio-green-core" 1.4285714285714286
 "contig-ratio-red-core" 1.25
 "a-count" 8
 "b-count" 4
 "c-color-count" 24
 "c-express-count" 24
 "d-color-count" 23
 "d-express-count" 20
 "cell-count" 56
 15 3 -2 4
 15 0 1 131
 15 0 3 132
 105 3 3 334
 15 2 3 196
 15 0 -3 92
 15 -3 0 68
 105 0 -2 244
 15 -1 -1 36
 105 -2 -3 111
 15 -3 2 75
 15 0 -1 221
 15 -3 -1 31
 15 0 -4 6
 15 -1 0 162
 15 -1 -5 194
 15 2 1 18
 15 -1 2 310
 15 4 1 329
 15 1 -4 173
 105 -3 -3 191
 15 2 -3 308
 15 -1 4 60
 15 1 0 92
 105 1 3 177
 15 2 -1 117
 15 -2 0 198
 15 -2 2 8
 5 3 -3 111
 55 2 0 278
 55 3 1 46
 55 -2 4 317
 55 0 0 333
 55 -3 1 183
 55 4 -1 266
 55 -1 -2 120
 55 -2 -1 240
 55 -1 -4 237
 55 1 -2 88
 55 -4 0 239
 55 4 0 161
 55 -2 1 278
 5 -1 1 235
 55 1 -1 241
 55 -2 -2 353
 55 2 -2 207
 55 0 2 140
 55 1 1 61
 55 -1 -3 191
 55 2 2 347
 5 -3 3 70
 55 1 2 315
 5 -4 1 0
 55 -1 3 319
 55 0 4 6
 55 1 -3 108
 "contig-ratio-green-core" 1.2666666666666666
 "contig-ratio-red-core" 1.1
 "a-count" 3
 "b-count" 9
 "c-color-count" 19
 "c-express-count" 19
 "d-color-count" 25
 "d-express-count" 25
 "cell-count" 56
 15 1 -1 280
 15 -3 2 195
 15 2 0 188
 15 -2 0 85
 15 -1 0 281
 15 -2 -3 181
 15 3 0 227
 15 -1 -1 59
 15 -3 -1 314
 105 3 -2 91
 15 1 3 70
 15 1 -4 261
 105 -1 -3 298
 15 -1 3 266
 15 0 2 135
 15 1 0 324
 15 1 4 229
 15 0 1 249
 15 1 -2 195
 105 -4 1 307
 15 -2 2 92
 15 -3 0 152
 15 2 2 97
 15 -1 2 307
 15 3 3 65
 15 -1 5 80
 15 2 -3 127
 15 -2 -2 273
 55 2 -2 124
 5 3 2 299
 55 2 3 17
 55 -1 -2 157
 55 -3 -3 16
 55 1 2 34
 5 0 4 156
 55 -4 -1 351
 55 3 -1 340
 55 -3 1 287
 5 4 1 150
 55 2 -4 108
 55 2 -1 340
 55 -1 4 104
 5 0 -3 271
 5 0 -4 257
 55 2 1 325
 55 0 5 280
 55 -2 1 124
 55 -1 1 22
 5 3 1 341
 55 0 -1 200
 5 -4 0 104
 55 -2 -1 274
 55 4 0 320
 55 1 1 258
 5 -2 3 67
 5 0 -2 211
 "contig-ratio-green-core" 1.4615384615384615
 "contig-ratio-red-core" 0.875
