 "a-count" 7
 "b-count" 5
 "c-color-count" 24
 "c-express-count" 23
 "d-color-count" 24
 "d-express-count" 21
 "cell-count" 56
 15 3 -1 353
 105 3 0 180
 105 -4 -1 148
 15 1 0 111
 15 -1 3 207
 15 0 3 188
 15 3 -2 73
 15 2 0 113
 15 4 0 289
 15 -3 0 333
 15 -3 3 4
 15 0 -3 314
 15 1 4 279
 15 1 -2 307
 15 -2 0 158
 105 -1 -4 287
 15 2 3 108
 15 2 -4 49
 15 3 1 274
 15 -4 1 276
 15 -1 1 351
 15 1 2 112
 15 -1 -3 171
 105 -2 -2 278
 15 4 2 278
 15 0 -2 273
 15 -1 0 298
 15 -2 1 133
 55 -3 1 215
 55 3 2 129
 55 3 3 105
 55 0 0 317
 55 2 -3 171
 55 2 -2 302
 5 0 -4 106
 55 -1 4 80
 5 1 -4 283
 5 -3 -3 37
 55 0 1 285
 55 1 -1 139
 55 -2 -3 123
 55 -1 -2 44
 55 -1 -1 96
 55 1 1 34
 55 2 1 285
 55 2 -1 343
 55 1 -3 44
 5 4 -1 184
 55 -3 2 119
 55 1 3 317
 55 -4 0 187
 55 -1 2 58
 55 -3 -2 94
 55 -2 2 65
 55 0 -1 299
 55 0 2 84
 "contig-ratio-green-core" 1.2
 "contig-ratio-red-core" 1.2666666666666666
 "a-count" 7
 "b-count" 3
 "c-color-count" 25
 "c-express-count" 25
 "d-color-count" 23
 "d-express-count" 21
 "cell-count" 56
 15 0 3 355
 15 0 -2 25
 15 2 1 37
 15 1 3 89
 105 -1 -4 79
 105 3 -2 152
 15 -3 3 320
 15 -2 -3 58
 15 3 3 7
 105 3 0 49
 105 2 2 336
 15 -2 1 358
 15 4 1 349
 15 1 -1 49
 15 2 -3 95
 15 -3 1 355
 15 -1 0 265
 15 0 1 247
 15 0 -4 216
 15 0 -1 169
 15 -2 2 130
 15 0 -3 208
 15 -1 4 214
 15 3 2 137
 15 -2 -1 68
 15 1 0 52
 15 1 4 37
 105 2 -2 185
 55 -3 0 146
 5 3 -1 45
 55 -4 1 299
 55 -1 -2 64
 55 1 1 91
 55 -1 -3 210
 55 0 4 222
 55 3 -3 2
 55 4 0 185
 55 0 2 147
 55 -1 2 79
 55 1 -4 75
 55 2 0 21
 55 2 -1 105
 55 1 -3 174
 55 -1 1 60
 55 -3 -1 170
 55 -2 -2 267
 5 -3 -3 213
 55 -4 0 241
 55 -4 -1 341
 55 1 2 276
 55 -1 3 132
 55 -1 -1 254
 55 -2 3 310
 5 -2 0 343
 55 0 0 70
 55 4 -1 53
 "contig-ratio-green-core" 0.9523809523809523
 "contig-ratio-red-core" 1.2142857142857142
 "a-count" 8
 "b-count" 6
 "c-color-count" 22
 "c-express-count" 22
 "d-color-count" 22
 "d-express-count" 20
 "cell-count" 56
 105 4 1 164
 15 3 -3 173
 15 -2 -3 252
 105 3 1 159
 15 -1 1 95
 105 0 0 221
 105 1 4 295
 15 0 2 184
 15 3 0 219
 15 1 0 298
 15 1 -1 255
 15 -3 -1 314
 15 3 2 170
 15 0 -2 242
 15 -1 -3 90
 15 4 -1 112
 15 -2 0 27
 105 2 2 287
 15 -4 0 124
 15 -4 -2 165
 15 0 -3 195
 15 -1 4 348
 105 1 3 106
 15 -2 -2 348
 15 0 -4 24
 15 0 1 47
 15 -2 2 182
 15 -1 -1 196
 5 1 2 176
 55 -4 1 320
 55 -2 -1 12
 55 -2 3 172
 5 -3 2 142
 55 -4 -1 275
 55 1 -3 35
 5 1 -4 285
 5 -3 1 294
 55 3 -1 78
 55 0 -1 285
 5 1 1 265
 55 1 -2 147
 55 2 -3 242
 55 0 3 354
 5 2 -2 125
 55 2 0 300
 55 -1 3 204
 55 -1 2 237
 55 -2 1 119
 55 -1 0 103
 55 -3 0 35
 55 -3 3 94
 55 -1 -4 175
 55 -3 -3 96
 55 2 3 120
 55 -1 -2 33
 55 -3 -2 42
 "contig-ratio-green-core" 1.1666666666666667
 "contig-ratio-red-core" 1.1666666666666667
