 "a-count" 5
 "b-count" 5
 "c-color-count" 23
 "c-express-count" 23
 "d-color-count" 25
 "d-express-count" 23
 "cell-count" 56
 15 4 1 274
 15 -2 -2 195
 15 -3 3 99
 15 -1 -1 76
 15 -3 -3 334
 15 1 2 240
 15 -3 0 259
 15 0 1 219
 15 -4 2 359
 15 -1 -4 156
 15 2 1 131
 15 3 0 202
 15 2 -1 317
 15 -1 0 273
 15 2 4 315
 15 -4 1 103
 15 -1 3 255
 15 -1 1 68
 15 -3 -2 256
 15 1 0 88
 15 4 0 321
 105 3 -2 253
 105 3 3 155
 15 -2 2 247
 15 0 -4 129
 15 2 2 278
 105 -4 -1 23
 15 -2 -3 84
 55 1 3 92
 55 1 1 325
 5 -1 4 93
 55 -2 1 62
 55 3 -3 137
 55 2 -3 304
 55 0 0 264
 55 -1 -3 185
 55 2 3 310
 55 -1 2 267
 55 0 4 355
 55 3 1 305
 55 0 2 169
 5 1 -3 241
 55 -2 3 315
 5 -3 -1 8
 55 1 4 6
 55 0 -3 127
 55 1 -1 98
 55 2 0 127
 55 -2 -1 96
 55 4 -1 25
 5 0 3 351
 55 -1 -2 242
 55 -2 0 59
 55 -3 1 20
 5 0 -1 164
 55 -3 2 61
 "contig-ratio-green-core" 1.2
 "contig-ratio-red-core" 0.9411764705882353
 "a-count" 2
 "b-count" 2
 "c-color-count" 26
 "c-express-count" 26
 "d-color-count" 26
 "d-express-count" 26
 "cell-count" 56
 15 1 3 11
 15 -2 -3 214
 15 -3 0 349
 15 2 -4 146
 15 -3 1 68
 15 -2 1 228
 15 -2 3 106
 15 4 0 106
 15 -3 -2 134
 105 1 -2 123
 15 3 -3 259
 15 0 -1 125
 15 3 2 290
 15 -1 0 274
 15 3 -2 175
 15 1 -3 170
 15 1 0 38
 15 2 -1 253
 15 3 0 53
 15 0 2 355
 15 -1 3 157
 15 3 -1 156
 15 -2 -1 338
 15 1 1 290
 15 3 1 342
 15 0 4 77
 105 -3 -3 253
 15 0 -4 309
 55 1 2 98
 55 -3 3 96
 55 0 -2 162
 55 2 0 47
 55 -4 0 325
 55 0 -3 95
 55 -1 -2 201
 55 -3 2 338
 55 2 -3 127
 55 -2 2 162
 55 -1 1 349
 55 -1 4 8
 55 -1 -3 288
 55 -1 2 198
 55 -4 1 257
 55 -4 -1 286
 55 2 2 356
 55 -4 -2 16
 55 4 1 19
 55 -2 0 266
 55 0 1 314
 5 1 -4 83
 55 -1 -1 193
 5 -3 -1 91
 55 0 3 84
 55 4 -1 64
 55 -2 -2 258
 55 -4 2 90
 "contig-ratio-green-core" 1
 "contig-ratio-red-core" 1.3125
 "a-count" 2
 "b-count" 5
 "c-color-count" 23
 "c-express-count" 23
 "d-color-count" 27
 "d-express-count" 26
 "cell-count" 56
 15 1 4 92
 15 0 3 206
 15 2 -3 358
 15 -2 2 81
 15 0 2 348
 15 -3 1 233
 15 -2 -2 191
 15 0 -1 193
 15 -2 -4 60
 15 -3 -2 98
 15 2 0 75
 15 -2 0 165
 15 1 1 267
 15 -1 -1 96
 15 1 -2 121
 15 0 -4 64
 15 1 2 81
 15 -4 -3 312
 15 0 0 345
 105 4 -1 53
 15 2 -1 329
 15 2 -2 176
 15 3 2 257
 15 0 -3 160
 15 -1 1 50
 15 -3 3 204
 15 0 4 353
 15 2 2 147
 55 1 3 122
 55 1 -3 177
 55 -1 0 139
 55 3 -2 266
 55 3 3 208
 55 -1 -2 338
 55 0 -2 302
 55 3 -3 269
 55 -2 -1 141
 55 -3 0 319
 55 0 1 245
 55 3 -1 26
 55 1 -1 314
 5 3 0 103
 5 -3 -1 326
 55 3 1 252
 55 -4 1 76
 55 -4 0 303
 5 -1 3 353
 55 -1 -3 343
 55 -2 -3 41
 55 -3 -3 20
 5 -2 1 269
 55 -1 4 286
 55 2 1 105
 55 -1 2 173
 55 -2 3 353
 5 4 0 356
 "contig-ratio-green-core" 1.3571428571428572
 "contig-ratio-red-core" 1.0588235294117647
 "a-count" 9
 "b-count" 2
 "c-color-count" 26
 "c-express-count" 26
 "d-color-count" 22
 "d-express-count" 19
 "cell-count" 56
 15 -1 -4 86
 15 0 -3 177
 15 -4 0 197
 105 4 -1 300
 15 -1 -1 294
 15 0 -1 121
 15 1 -2 196
 105 2 1 328
 15 1 0 189
 15 3 -3 295
 15 -4 -2 174
 15 1 1 47
 105 -1 4 280
 105 -2 2 311
 15 4 0 105
 15 -2 -2 246
 15 4 2 278
 15 -3 2 88
 15 -2 3 90
 105 2 -1 98
 15 -3 1 240
 15 0 3 59
 15 0 1 240
 15 3 2 170
 15 1 -4 219
 15 -1 1 82
 105 3 3 46
 15 2 -2 148
 55 2 0 133
 55 2 2 150
 55 -3 0 273
 55 0 0 227
 55 3 0 154
 55 -4 1 294
 55 3 -2 316
 55 1 -3 118
 55 -2 1 261
 55 -1 0 130
 55 -3 -3 53
 55 -3 -2 59
 55 0 -4 126
 55 1 3 122
 5 0 4 94
 55 -3 3 8
 55 3 1 58
 55 -1 -2 180
 55 1 2 142
 55 1 -1 180
 55 4 1 29
 55 -1 -3 226
 55 2 3 205
 55 2 -3 105
 55 -2 -1 128
 5 -2 -3 168
 55 -1 3 131
 55 0 2 358
 "contig-ratio-green-core" 1.0588235294117647
 "contig-ratio-red-core" 1.4615384615384615
