 "a-count" 6
 "b-count" 3
 "c-color-count" 25
 "c-express-count" 25
 "d-color-count" 25
 "d-express-count" 22
 "cell-count" 56
 15 4 2 228
 15 1 0 329
 15 -3 1 226
 105 3 -3 306
 15 0 2 37
 15 4 0 109
 15 2 0 43
 15 -4 0 240
 15 0 -3 238
 15 -1 4 100
 15 -1 1 102
 15 2 -2 57
 15 -2 2 110
 15 -3 -1 120
 105 1 4 1
 15 -2 -4 161
 15 2 -1 202
 105 -2 0 142
 15 -1 3 44
 15 1 -4 6
 15 3 3 132
 15 2 2 87
 15 3 -1 188
 15 -1 -2 195
 15 1 1 44
 15 -1 -4 197
 15 -1 0 196
 15 0 -1 161
 55 -2 1 88
 55 2 3 87
 55 3 -2 17
 55 -1 -1 253
 5 4 -1 278
 5 -3 -3 252
 55 2 1 206
 55 0 3 229
 55 4 1 89
 55 -3 -2 77
 5 -3 3 43
 55 0 1 86
 55 -2 3 80
 55 0 0 201
 55 -2 -2 161
 55 -4 1 263
 55 1 -3 282
 55 1 -1 195
 55 -3 2 359
 55 -1 -3 151
 55 0 -4 141
 55 1 2 236
 55 3 0 82
 55 -3 0 101
 55 1 -2 165
 55 -1 2 131
 55 1 3 254
 55 -2 -3 6
 "contig-ratio-green-core" 1.2857142857142858
 "contig-ratio-red-core" 1.3333333333333333
 "a-count" 3
 "b-count" 4
 "c-color-count" 24
 "c-express-count" 24
 "d-color-count" 25
 "d-express-count" 25
 "cell-count" 56
 15 -1 1 190
 15 -4 1 53
 15 -1 -3 50
 15 -2 -1 206
 15 1 -3 291
 15 0 -2 333
 15 1 3 294
 105 0 -1 5
 15 0 0 135
 15 1 2 132
 15 -3 -2 100
 15 -1 -1 301
 15 -2 0 233
 15 -1 -2 195
 105 -2 1 216
 15 -2 2 206
 105 -1 -4 206
 15 0 3 353
 15 2 0 279
 15 -3 2 223
 15 -3 -3 59
 15 4 0 103
 15 2 2 153
 15 2 3 211
 15 -1 4 193
 15 1 4 137
 15 -1 3 210
 15 3 1 266
 5 -2 3 231
 55 4 1 163
 5 -4 0 104
 55 -2 -2 233
 55 0 -3 183
 55 -3 -1 205
 5 -4 -1 323
 55 1 -4 216
 55 2 -1 121
 55 1 1 242
 55 2 1 309
 55 2 -2 118
 55 -3 0 155
 55 0 1 351
 55 -1 0 225
 55 -4 2 327
 55 0 2 80
 55 2 4 159
 55 2 -3 193
 55 1 -2 237
 55 -2 -3 262
 55 3 3 23
 5 3 -2 63
 55 -1 2 183
 55 0 4 37
 55 -3 1 226
 55 3 0 80
 55 3 2 183
 "contig-ratio-green-core" 1.4285714285714286
 "contig-ratio-red-core" 1.0625
 "a-count" 5
 "b-count" 2
 "c-color-count" 26
 "c-express-count" 26
 "d-color-count" 26
 "d-express-count" 23
 "cell-count" 56
 15 1 0 111
 15 3 3 6
 15 -3 -2 278
 15 3 -2 21
 15 0 -3 74
 15 2 -2 318
 15 -2 -1 137
 15 4 1 190
 15 2 -3 62
 15 2 -1 249
 15 0 0 166
 15 -2 1 101
 15 0 -4 347
 15 -4 2 132
 105 -4 -1 329
 15 -3 -3 200
 15 0 1 21
 15 4 -1 324
 15 3 0 32
 15 -4 0 202
 105 3 -1 4
 15 1 4 12
 15 -1 2 6
 15 2 0 8
 15 2 4 245
 15 -3 3 66
 15 -2 3 298
 15 -1 -2 333
 55 -1 -4 259
 55 -2 0 169
 55 1 -1 356
 55 4 0 19
 55 -2 -2 48
 55 1 -3 12
 55 4 -2 24
 55 1 3 82
 55 0 4 123
 55 2 2 270
 55 2 -4 307
 5 0 2 191
 55 1 1 141
 55 0 -1 273
 55 -2 -3 70
 55 -3 -1 307
 55 -1 1 196
 55 -3 1 71
 55 2 3 143
 55 -2 2 55
 55 3 -3 26
 55 -1 -1 175
 55 -3 0 253
 55 -4 1 221
 55 -3 2 173
 55 2 1 352
 55 0 3 314
 5 1 -4 232
 "contig-ratio-green-core" 1.0555555555555556
 "contig-ratio-red-core" 1.1666666666666667
 "a-count" 3
 "b-count" 5
 "c-color-count" 24
 "c-express-count" 23
 "d-color-count" 25
 "d-express-count" 25
 "cell-count" 56
 15 -1 -2 251
 15 -2 -1 222
 105 -3 -1 124
 15 0 2 45
 15 3 -2 113
 15 -3 -3 26
 15 0 -1 278
 15 1 0 268
 15 0 -3 268
 15 3 1 356
 15 -3 3 112
 15 -2 0 194
 15 3 0 62
 15 -1 0 349
 15 4 1 243
 15 4 -1 236
 15 1 3 221
 15 1 1 341
 15 3 3 71
 15 -1 3 235
 15 -2 2 72
 15 -2 -3 235
 15 0 -4 22
 15 2 2 13
 15 -1 -3 232
 15 1 -2 116
 105 -4 -1 98
 105 2 -2 49
 55 3 -1 197
 55 -2 1 178
 55 -4 0 192
 55 1 -3 303
 55 0 1 296
 55 -3 0 184
 55 1 4 123
 55 0 0 82
 55 -1 -4 45
 55 1 2 353
 5 3 2 192
 55 -1 4 51
 55 4 0 269
 55 -2 3 44
 55 -1 2 175
 55 -1 -1 227
 55 -1 1 21
 5 2 -3 212
 55 2 3 60
 55 2 1 335
 55 -2 -2 24
 55 0 -2 260
 55 -3 1 299
 5 -3 -2 356
 5 2 0 347
 55 1 -1 92
 55 0 3 136
 55 -3 2 165
 "contig-ratio-green-core" 1.4545454545454546
 "contig-ratio-red-core" 1
