 "a-count" 5
 "b-count" 8
 "c-color-count" 20
 "c-express-count" 20
 "d-color-count" 23
 "d-express-count" 23
 "cell-count" 56
 15 1 4 99
 15 0 -2 62
 15 -1 -1 175
 15 2 1 15
 15 1 -1 55
 15 -1 0 108
 15 -3 2 113
 15 -2 -1 83
 15 -1 4 21
 105 -3 0 284
 15 -1 2 293
 105 3 0 47
 15 -2 2 277
 15 -1 -2 301
 15 1 2 244
 15 -3 -1 163
 15 0 -4 37
 15 -2 -3 321
 15 1 1 357
 105 -4 -1 50
 15 1 -3 312
 105 -4 0 111
 15 -2 0 192
 15 2 -1 94
 15 -3 1 235
 105 3 -2 348
 15 3 1 43
 15 0 3 141
 5 1 3 74
 5 2 -3 75
 55 0 4 145
 5 2 3 101
 5 -1 1 52
 5 2 -2 231
 55 -2 -2 70
 55 -4 1 186
 5 -3 -3 207
 55 2 2 203
 55 1 0 94
 55 -2 1 249
 55 0 0 18
 55 1 -2 44
 55 0 -1 250
 5 3 -1 223
 55 -1 3 317
 5 4 1 78
 55 -3 -2 354
 55 0 2 137
 55 -3 3 53
 55 4 -1 21
 55 3 2 227
 55 -1 -3 55
 55 -2 4 98
 55 0 -3 209
 55 1 -4 45
 55 2 0 112
 "contig-ratio-green-core" 1.4166666666666667
 "contig-ratio-red-core" 1.0714285714285714
 "a-count" 6
 "b-count" 1
 "c-color-count" 28
 "c-express-count" 27
 "d-color-count" 24
 "d-express-count" 22
 "cell-count" 56
 15 0 1 68
 15 3 1 4
 15 4 1 170
 15 0 -4 223
 105 3 -3 279
 15 -4 -2 53
 15 4 -2 288
 15 -1 4 251
 105 -4 0 173
 105 4 0 356
 15 3 3 298
 15 -2 3 191
 15 -2 2 121
 15 2 -1 64
 15 -3 -2 80
 15 -1 1 137
 15 3 -2 111
 15 1 4 169
 15 0 2 192
 15 1 2 302
 15 -1 2 127
 15 0 -1 135
 15 -2 -1 322
 15 -3 3 13
 15 3 -1 50
 105 -1 -3 162
 15 -3 0 238
 15 1 -3 308
 55 -4 -1 164
 55 1 -1 231
 55 1 -2 41
 55 -1 3 357
 55 1 -4 120
 55 3 0 191
 55 -2 1 73
 55 0 0 15
 55 -1 0 28
 55 1 3 96
 55 -1 -4 352
 55 -1 -1 347
 55 3 2 93
 55 2 2 99
 55 -3 1 312
 55 -2 -3 148
 55 4 -1 45
 55 -3 -1 133
 55 2 0 356
 55 1 1 171
 55 2 -3 73
 55 2 -2 275
 55 0 4 296
 55 0 3 241
 55 2 3 286
 55 0 -2 228
 55 -2 -2 81
 55 0 -3 125
 "contig-ratio-green-core" 0.9130434782608695
 "contig-ratio-red-core" 1.0588235294117647
 "a-count" 6
 "b-count" 6
 "c-color-count" 22
 "c-express-count" 22
 "d-color-count" 23
 "d-express-count" 22
 "cell-count" 56
 15 1 3 347
 15 1 -1 240
 105 2 2 55
 15 0 4 37
 15 -2 -2 22
 15 -3 2 359
 15 -3 -3 314
 105 3 -2 141
 15 3 4 122
 15 -2 2 121
 105 -4 1 189
 15 -1 -3 300
 15 -1 2 293
 15 -1 -1 195
 105 -2 0 123
 15 1 1 336
 15 -4 0 229
 15 1 -3 280
 15 4 1 133
 15 0 -4 123
 15 -3 -1 273
 15 -1 3 156
 15 3 1 231
 15 3 2 84
 15 2 1 233
 105 2 -3 242
 15 0 0 308
 15 0 1 221
 5 -4 -2 76
 55 1 -2 322
 5 3 -1 235
 5 1 0 163
 55 -1 4 58
 55 3 0 317
 55 1 -4 20
 55 4 2 172
 55 0 -3 278
 55 -2 -1 219
 55 -2 -3 100
 55 -3 -2 16
 55 2 0 325
 5 0 -2 353
 55 0 2 211
 55 -2 1 195
 55 1 2 216
 5 3 -3 342
 55 -4 -1 14
 55 -1 1 152
 55 -1 0 241
 55 2 3 2
 55 4 0 9
 55 4 -1 27
 5 0 -1 190
 55 3 3 228
 55 -2 3 224
 55 -1 -2 11
 "contig-ratio-green-core" 1.2666666666666666
 "contig-ratio-red-core" 1.2727272727272727
