 "a-count" 4
 "b-count" 6
 "c-color-count" 23
 "c-express-count" 22
 "d-color-count" 24
 "d-express-count" 24
 "cell-count" 56
 105 -2 2 4
 15 0 0 13
 15 0 -1 264
 105 -2 -3 295
 15 1 1 191
 15 -2 0 300
 15 0 0 93
 15 0 4 264
 105 0 -4 204
 15 2 1 22
 15 2 0 164
 15 -2 -1 65
 15 2 0 95
 15 0 3 112
 15 2 -1 166
 15 0 -1 78
 15 -1 -1 301
 15 1 -1 353
 15 -1 1 18
 15 0 -1 131
 15 -3 0 275
 15 1 3 23
 15 0 1 75
 15 -1 2 316
 15 0 -2 180
 15 -3 -1 138
 15 -1 -2 321
 105 -1 4 95
 55 -1 3 356
 55 2 2 64
 55 1 2 203
 55 3 -2 54
 55 1 -4 343
 55 4 1 100
 55 2 -2 136
 55 3 -1 251
 5 1 -3 300
 5 -3 2 271
 55 3 0 153
 55 2 -3 204
 55 1 -2 222
 55 -4 0 253
 55 2 1 328
 55 -3 -1 322
 55 -2 1 160
 55 -2 -2 20
 55 -4 0 240
 55 -1 -3 37
 55 1 4 82
 55 3 1 29
 5 -2 -2 79
 55 0 -3 105
 5 -3 -3 107
 55 2 3 346
 5 -3 -2 232
 55 -4 1 134
 "contig-ratio-green-core" 0.6470588235294118
 "contig-ratio-red-core" 1.0588235294117647
 "a-count" 9
 "b-count" 6
 "c-color-count" 24
 "c-express-count" 22
 "d-color-count" 21
 "d-express-count" 19
 "cell-count" 56
 15 -1 -1 229
 15 1 1 357
 15 1 -3 12
 15 3 -1 79
 15 2 -1 320
 15 0 -1 158
 105 -2 -3 200
 105 3 -3 258
 15 -2 4 27
 105 -1 -3 313
 15 0 0 225
 15 0 -3 254
 15 1 0 296
 15 1 -4 24
 15 2 -3 2
 15 -3 2 190
 105 -3 3 313
 15 2 1 196
 105 0 -2 21
 15 1 -1 198
 105 3 1 169
 15 -1 0 93
 105 3 3 172
 15 4 -1 69
 15 1 -2 318
 15 3 2 261
 15 0 1 271
 15 2 -2 54
 5 4 0 341
 55 -2 -1 351
 55 -3 1 115
 55 1 4 182
 55 -2 -2 203
 5 -3 -3 8
 55 3 -2 265
 55 -1 3 159
 55 -1 4 306
 55 0 3 126
 55 -3 -1 324
 55 2 3 132
 55 2 2 252
 55 -2 2 235
 55 0 -4 260
 5 -4 1 116
 55 -3 0 212
 55 -1 2 166
 55 -3 -2 210
 55 -1 1 293
 55 0 4 30
 55 4 1 184
 55 -2 1 257
 55 1 3 113
 55 -2 0 236
 55 -2 3 147
 5 -4 -1 270
 55 1 2 7
 "contig-ratio-green-core" 0.4444444444444444
 "contig-ratio-red-core" 0.6666666666666666
 "a-count" 0
 "b-count" 6
 "c-color-count" 22
 "c-express-count" 22
 "d-color-count" 28
 "d-express-count" 28
 "cell-count" 56
 15 0 0 88
 15 1 0 231
 15 0 1 348
 15 1 -4 98
 15 1 1 140
 15 -2 -2 307
 15 0 -2 186
 15 2 0 227
 15 -2 3 204
 15 0 -1 76
 15 -2 -1 160
 15 -1 2 177
 15 2 1 55
 15 -1 0 156
 15 -2 4 282
 15 1 2 226
 15 -3 -3 299
 15 -1 1 227
 15 2 -1 9
 15 1 -2 4
 15 -2 2 21
 15 -1 -1 289
 15 3 1 356
 15 2 4 208
 15 0 2 154
 15 -3 3 141
 15 3 0 119
 15 1 -1 76
 55 3 -1 257
 55 4 2 6
 55 -2 -3 270
 55 1 -3 277
 55 4 1 18
 55 -3 -1 41
 5 2 3 121
 55 1 4 303
 5 4 0 3
 5 -1 -4 177
 55 2 -3 218
 55 1 3 86
 55 -3 2 311
 55 -1 3 290
 55 -1 4 50
 55 0 -3 344
 55 4 -1 107
 5 3 -3 121
 55 0 3 309
 5 2 -2 187
 55 -4 -2 86
 55 -1 -3 289
 55 -3 -2 264
 55 0 -4 247
 55 -4 0 230
 55 -3 0 11
 5 0 4 246
 55 -3 1 146
 "contig-ratio-green-core" 0.7777777777777778
 "contig-ratio-red-core" 0.6666666666666666
 "a-count" 6
 "b-count" 5
 "c-color-count" 24
 "c-express-count" 23
 "d-color-count" 23
 "d-express-count" 22
 "cell-count" 56
 15 1 -2 337
 15 1 1 145
 15 -1 1 339
 15 2 -2 194
 105 4 -1 7
 15 0 1 72
 15 2 1 50
 15 -3 3 166
 15 1 -3 272
 105 2 -1 345
 15 2 0 189
 15 -2 -3 305
 15 0 -1 137
 15 -2 1 115
 15 -2 2 316
 15 1 0 355
 15 -3 2 234
 105 -4 1 264
 105 3 -1 308
 15 3 0 63
 15 -2 3 107
 15 -2 -1 39
 15 3 2 142
 15 -1 -1 41
 15 -1 0 283
 15 -2 0 7
 105 4 0 183
 15 -2 -2 58
 5 -1 4 88
 55 -4 -1 355
 55 -1 -2 280
 55 -1 2 100
 55 2 2 213
 55 0 4 157
 55 -4 -2 246
 55 0 3 144
 5 2 -3 337
 55 -4 0 200
 55 0 -2 331
 55 3 1 136
 5 3 -3 206
 55 1 2 231
 5 -3 -2 54
 55 -2 -4 236
 55 0 -3 295
 55 -3 0 331
 55 -1 3 124
 55 0 2 262
 55 1 4 289
 55 1 3 310
 55 1 -4 102
 55 2 3 268
 55 0 -4 221
 55 -1 -4 183
 55 3 -2 64
 55 -3 1 132
 "contig-ratio-green-core" 0.9444444444444444
 "contig-ratio-red-core" 0.6842105263157895
