 "a-count" 6
 "b-count" 3
 "c-color-count" 25
 "c-express-count" 25
 "d-color-count" 22
 "d-express-count" 22
 "cell-count" 56
 15 0 1 333
 15 0 0 82
 15 0 -1 294
 15 -2 0 194
 15 3 1 243
 15 2 1 45
 15 1 1 167
 15 4 0 77
 15 -3 2 91
 15 2 3 358
 105 -3 -3 264
 105 -2 -3 314
 105 3 -3 40
 105 3 2 282
 15 -2 1 79
 15 -1 -2 231
 105 -4 1 213
 15 -1 -3 127
 105 -3 -2 181
 15 0 -2 224
 15 2 2 318
 15 1 -1 232
 15 -1 1 169
 15 -2 -1 319
 15 -3 -1 36
 15 1 0 333
 15 -1 -1 30
 15 -1 0 129
 55 -3 0 182
 55 -1 3 312
 55 -4 0 90
 55 1 2 237
 5 0 2 140
 55 -2 3 102
 55 -1 4 115
 55 3 -1 279
 55 3 3 238
 55 0 -3 78
 55 2 -2 112
 55 -2 2 229
 55 3 -2 195
 55 2 -1 256
 55 0 -4 13
 55 1 3 233
 55 -3 1 0
 55 2 0 307
 5 4 1 22
 55 2 -3 63
 55 1 -4 125
 55 0 3 128
 55 3 0 254
 5 1 4 293
 55 4 -1 344
 55 0 4 102
 55 1 -3 356
 55 -1 2 37
 "contig-ratio-green-core" 0.7142857142857143
 "contig-ratio-red-core" 0.6875
 "a-count" 5
 "b-count" 5
 "c-color-count" 23
 "c-express-count" 23
 "d-color-count" 23
 "d-express-count" 23
 "cell-count" 56
 15 -3 1 221
 15 -1 -1 320
 15 2 1 343
 15 2 -1 263
 15 -1 2 150
 15 0 2 183
 105 0 0 174
 15 -2 1 200
 15 1 1 174
 15 3 0 208
 15 -1 1 248
 15 0 -1 234
 15 -3 -2 31
 15 -2 -2 308
 15 -1 -3 53
 105 -3 2 281
 15 1 0 102
 15 -1 -2 167
 15 -1 3 151
 105 -2 2 109
 105 3 -1 133
 15 -4 -1 331
 15 3 1 67
 15 -2 3 298
 15 1 -1 57
 15 2 -2 290
 105 0 1 275
 15 2 0 161
 55 -2 -1 197
 5 -4 1 79
 55 2 3 54
 55 2 -3 125
 55 1 -2 56
 55 1 3 75
 55 2 -4 98
 55 0 4 161
 55 4 -1 348
 55 4 0 74
 55 -3 0 185
 55 -3 3 115
 5 3 2 58
 55 -4 0 64
 55 0 3 48
 55 -3 -1 164
 55 -1 4 348
 55 0 -3 265
 55 1 -3 265
 5 3 3 302
 5 -2 -3 119
 55 2 2 297
 5 -1 -4 299
 55 3 -3 184
 55 0 -4 289
 55 1 2 137
 55 -2 0 246
 55 0 -2 261
 "contig-ratio-green-core" 0.7272727272727273
 "contig-ratio-red-core" 0.8235294117647058
 "a-count" 13
 "b-count" 3
 "c-color-count" 25
 "c-express-count" 25
 "d-color-count" 15
 "d-express-count" 15
 "cell-count" 56
 105 -4 0 218
 15 -1 3 355
 15 3 2 52
 15 0 -3 114
 105 -1 -2 157
 105 -1 -3 231
 105 2 -3 259
 15 2 2 99
 15 -3 -3 69
 15 -2 -2 294
 15 2 3 163
 15 -1 0 326
 15 0 4 188
 105 -3 -1 111
 105 1 -2 264
 15 1 -1 180
 105 -3 3 167
 105 -1 -1 191
 105 -2 -1 303
 15 2 -2 81
 15 0 -1 166
 15 -2 0 78
 105 0 -2 334
 105 1 -4 284
 105 -2 -3 282
 15 1 4 10
 105 -3 0 111
 15 -3 -2 184
 55 1 -3 79
 55 2 -1 304
 55 2 1 326
 55 3 -2 33
 55 -2 1 194
 55 -1 2 141
 55 -2 2 116
 55 0 2 145
 55 4 1 203
 55 -1 1 219
 55 -4 1 339
 55 1 3 7
 55 0 1 40
 55 -1 -4 235
 55 2 0 93
 55 3 1 22
 55 0 3 82
 55 1 2 258
 5 -2 3 182
 55 1 1 206
 55 3 0 344
 55 -3 1 342
 55 -3 2 20
 5 4 -1 272
 5 3 -1 9
 55 0 -4 208
 55 0 0 143
 55 1 0 110
 "contig-ratio-green-core" 0.631578947368421
 "contig-ratio-red-core" 1
 "a-count" 4
 "b-count" 5
 "c-color-count" 23
 "c-express-count" 23
 "d-color-count" 26
 "d-express-count" 24
 "cell-count" 56
 15 -2 1 127
 15 1 0 348
 15 2 -2 281
 15 0 -3 327
 15 -3 2 108
 15 -4 -1 283
 15 -3 3 36
 105 -1 4 347
 15 -3 0 225
 15 1 4 36
 15 -2 0 16
 15 -3 1 215
 15 3 -1 270
 15 2 0 27
 15 2 1 76
 15 1 1 228
 15 3 0 261
 15 -1 3 148
 105 0 4 79
 15 2 4 70
 15 3 1 241
 15 -1 2 40
 15 4 1 232
 15 1 -1 112
 15 -1 -3 317
 15 2 -1 184
 15 3 -3 258
 15 -1 -4 180
 5 3 3 224
 55 0 1 24
 5 4 -1 281
 55 -1 -2 220
 55 2 2 262
 5 1 -4 167
 55 3 2 193
 55 2 -3 185
 55 0 3 286
 55 0 -2 135
 55 -3 -2 151
 55 -4 1 111
 55 -4 0 274
 5 4 0 97
 55 -1 0 331
 55 2 3 349
 55 1 3 74
 55 -2 -2 185
 55 0 0 18
 5 -2 -3 148
 55 1 -3 258
 55 1 2 267
 55 0 -1 178
 55 3 -2 3
 55 -1 -1 265
 55 -2 -1 348
 55 0 2 249
 55 -1 1 39
 "contig-ratio-green-core" 0.9
 "contig-ratio-red-core" 0.9473684210526315
