 "a-count" 9
 "b-count" 7
 "c-color-count" 22
 "c-express-count" 21
 "d-color-count" 20
 "d-express-count" 19
 "cell-count" 56
 15 1 0 69
 105 3 -3 187
 15 0 1 319
 15 0 2 178
 15 1 -2 12
 15 -1 -2 247
 105 3 3 275
 15 -2 0 293
 15 2 1 133
 15 1 1 312
 105 -3 0 341
 105 -3 1 144
 15 -3 2 52
 15 -1 2 251
 105 -4 -1 352
 15 3 2 97
 15 -1 -1 333
 15 -1 1 143
 15 0 0 21
 15 -2 1 341
 15 -2 -1 160
 105 -3 -2 97
 15 -1 0 190
 15 1 -1 69
 15 -1 -4 65
 15 0 -2 330
 105 -3 -1 311
 105 0 -1 267
 55 -1 3 8
 55 2 3 268
 5 -2 2 150
 55 1 3 321
 55 3 -1 336
 55 0 4 239
 55 0 -3 248
 5 1 -3 283
 55 -2 3 209
 5 4 1 283
 55 -3 3 58
 55 2 0 142
 55 3 1 220
 55 -4 0 165
 55 2 -2 59
 55 -1 4 80
 55 0 -4 135
 55 1 4 234
 55 2 -1 327
 55 2 2 105
 55 3 0 210
 55 0 3 233
 55 3 -2 122
 5 4 0 166
 5 2 4 243
 5 1 -4 138
 55 2 -3 337
 55 -2 -3 343
 "contig-ratio-green-core" 0.5263157894736842
 "contig-ratio-red-core" 0.6923076923076923
 "a-count" 8
 "b-count" 6
 "c-color-count" 22
 "c-express-count" 22
 "d-color-count" 20
 "d-express-count" 20
 "cell-count" 56
 15 1 -1 320
 15 1 -3 230
 15 0 -3 145
 105 3 -1 156
 105 -3 3 227
 15 3 2 51
 15 -2 -2 131
 15 -2 -3 252
 15 3 1 54
 105 1 4 346
 105 -2 3 100
 15 -3 -1 105
 15 0 -4 128
 105 3 -3 87
 15 -2 2 76
 15 -3 0 37
 105 3 -2 344
 15 -3 1 303
 15 2 1 327
 15 0 4 270
 15 -4 1 289
 15 2 2 227
 15 2 -1 269
 15 1 -2 94
 15 2 0 153
 105 -4 0 276
 105 1 -4 271
 15 3 0 31
 55 0 0 266
 55 1 0 148
 5 -4 -1 103
 55 -1 3 207
 55 0 3 348
 55 -1 -2 14
 55 0 1 105
 55 -2 -1 204
 55 0 2 200
 55 -2 1 39
 55 3 3 355
 55 2 -2 202
 5 -1 -3 100
 5 2 -3 273
 55 -1 0 20
 55 -2 0 28
 5 -3 -2 272
 5 -1 -4 176
 55 -1 -1 332
 55 1 1 164
 55 -1 1 44
 55 0 -1 174
 55 -1 2 130
 55 1 3 286
 55 2 3 316
 55 0 -2 72
 5 4 0 144
 55 1 2 146
 "contig-ratio-green-core" 0.9333333333333333
 "contig-ratio-red-core" 0.7368421052631579
 "a-count" 4
 "b-count" 5
 "c-color-count" 24
 "c-express-count" 23
 "d-color-count" 25
 "d-express-count" 24
 "cell-count" 56
 15 -1 2 303
 15 -2 -1 217
 15 -1 0 286
 15 4 0 160
 15 0 2 224
 15 2 -3 102
 15 0 0 154
 105 3 3 244
 15 1 2 159
 105 -4 -1 235
 15 -1 -4 172
 15 -2 2 96
 105 3 -3 265
 15 -3 -1 292
 15 -1 1 215
 15 3 0 187
 15 -1 -1 297
 15 4 1 335
 15 -3 -2 165
 15 0 1 89
 15 3 -1 97
 15 0 -4 265
 15 2 1 342
 15 -4 0 33
 15 4 -1 32
 15 3 1 17
 15 2 2 328
 15 0 -1 203
 55 1 3 139
 55 -1 3 235
 5 -1 -2 7
 55 0 -2 127
 55 2 -1 319
 5 -1 -3 353
 55 2 0 327
 55 -2 -3 243
 55 1 -2 13
 55 0 -3 333
 55 -3 1 298
 5 -2 3 204
 55 1 -3 62
 55 -2 1 41
 55 1 -4 283
 55 -1 4 142
 55 3 -2 91
 55 -3 -3 312
 55 2 -2 289
 55 1 -1 332
 55 -2 0 193
 55 -4 1 358
 55 0 4 209
 55 0 3 312
 55 -3 0 358
 5 -3 2 219
 55 1 4 207
 55 -2 4 44
 "contig-ratio-green-core" 0.7619047619047619
 "contig-ratio-red-core" 0.6956521739130435
