 "a-count" 8
 "b-count" 4
 "c-color-count" 24
 "c-express-count" 24
 "d-color-count" 22
 "d-express-count" 20
 "cell-count" 56
 15 3 2 114
 15 -3 -1 109
 15 -4 1 267
 105 4 -1 272
 105 3 -1 102
 105 3 -3 36
 105 3 -2 171
 15 1 3 224
 15 -2 -2 237
 15 3 0 314
 15 1 -4 77
 15 0 -3 167
 15 2 -3 282
 15 -2 3 116
 15 -3 2 290
 15 2 -1 207
 15 -1 3 270
 15 1 -3 313
 15 1 4 317
 105 -3 3 100
 15 3 1 143
 15 0 -4 204
 15 -1 -3 119
 15 1 -2 154
 105 -1 4 19
 15 -2 -1 304
 15 2 0 222
 15 -3 -2 196
 55 -4 -1 80
 55 -1 2 310
 55 2 2 44
 55 1 0 343
 55 2 1 76
 55 0 2 265
 55 0 1 317
 55 -3 0 38
 5 3 3 199
 55 0 -2 277
 55 -3 1 254
 55 1 -1 164
 55 1 1 124
 55 2 3 112
 55 -1 -2 309
 55 -2 2 41
 55 -2 1 105
 55 0 -1 275
 55 1 2 359
 5 -3 -3 131
 55 -2 -3 4
 55 -1 0 295
 55 -2 0 96
 5 4 1 61
 55 -1 1 105
 5 4 0 165
 55 0 0 355
 55 -1 -1 321
 "contig-ratio-green-core" 0.9375
 "contig-ratio-red-core" 0.9411764705882353
 "a-count" 6
 "b-count" 7
 "c-color-count" 21
 "c-express-count" 21
 "d-color-count" 22
 "d-express-count" 22
 "cell-count" 56
 15 0 4 223
 15 -2 2 57
 15 -3 -3 98
 15 2 -1 34
 105 3 -1 237
 15 1 -1 94
 15 2 0 173
 15 1 1 16
 15 2 3 337
 15 -1 0 168
 15 0 -1 46
 15 0 3 22
 15 2 1 271
 105 -4 1 237
 15 0 0 254
 15 -1 3 221
 15 1 0 147
 15 2 2 328
 15 -1 1 200
 15 1 -2 172
 105 0 2 61
 15 1 2 344
 105 3 0 193
 15 -1 -1 190
 105 0 1 309
 15 0 -2 77
 15 1 3 189
 105 1 4 75
 55 -3 -2 183
 55 4 1 27
 5 3 -2 187
 55 0 -3 112
 55 -3 0 112
 55 3 2 252
 5 -3 3 351
 55 -1 -3 140
 5 1 -4 257
 55 3 3 117
 55 2 -4 126
 55 -2 -1 222
 55 -2 0 160
 5 0 -4 39
 55 3 -3 41
 55 1 -3 259
 5 3 1 266
 5 -3 -1 139
 55 4 0 105
 55 2 -3 89
 55 -3 1 173
 55 -2 1 122
 55 -1 4 187
 55 -2 -2 190
 55 -2 -3 22
 55 -4 -1 229
 55 -1 -2 139
 5 -3 2 285
 "contig-ratio-green-core" 0.4444444444444444
 "contig-ratio-red-core" 0.8181818181818182
 "a-count" 8
 "b-count" 4
 "c-color-count" 24
 "c-express-count" 24
 "d-color-count" 20
 "d-express-count" 20
 "cell-count" 56
 15 2 -1 143
 15 3 0 4
 15 -4 -1 88
 15 0 -3 210
 15 -2 1 47
 105 -3 3 253
 15 -1 3 245
 15 -4 0 337
 105 3 -2 187
 105 -2 3 69
 15 1 -3 300
 15 -1 0 64
 15 -1 4 319
 105 -1 -4 26
 15 -1 1 337
 15 3 -1 7
 15 0 -4 208
 15 1 2 305
 15 -1 2 244
 15 3 1 232
 15 0 2 96
 105 -4 1 222
 15 2 0 348
 105 -2 -2 169
 15 -3 -3 194
 105 -2 -3 164
 15 2 -2 287
 105 3 -3 225
 55 1 -1 259
 5 -3 2 130
 55 4 -1 228
 55 -3 -1 62
 55 3 2 175
 5 -3 1 257
 55 -2 -1 7
 55 1 1 355
 55 2 2 115
 55 0 -1 18
 5 1 4 183
 55 -2 0 251
 55 1 0 321
 55 1 -2 43
 55 0 -2 80
 55 -1 -2 50
 55 2 -3 87
 55 0 1 202
 55 -3 0 266
 55 -3 -2 157
 55 -1 -1 206
 55 2 1 187
 55 3 3 269
 55 2 3 66
 5 1 3 94
 55 -2 2 77
 55 4 0 255
 55 1 -4 62
 "contig-ratio-green-core" 0.8095238095238095
 "contig-ratio-red-core" 1
 "a-count" 6
 "b-count" 5
 "c-color-count" 23
 "c-express-count" 23
 "d-color-count" 22
 "d-express-count" 22
 "cell-count" 56
 15 -1 2 39
 15 3 1 94
 15 4 1 68
 15 -1 -3 57
 15 1 -3 80
 105 -4 -1 85
 15 -2 0 277
 15 -1 4 238
 105 -3 -1 128
 15 2 1 99
 15 -1 1 221
 15 3 0 92
 15 -3 0 159
 15 -3 1 163
 15 -2 -3 177
 15 3 -1 199
 15 2 -3 302
 15 -2 -1 36
 105 -3 -2 251
 105 -4 0 121
 15 2 -2 354
 15 -2 -2 118
 15 -2 1 49
 15 2 2 184
 15 -1 3 50
 105 1 2 226
 105 0 -3 156
 15 0 1 3
 55 -4 1 48
 55 2 4 159
 55 1 0 74
 5 -3 3 226
 55 2 0 155
 55 0 0 273
 55 2 3 137
 55 0 3 119
 55 2 -1 298
 55 3 -3 187
 55 -3 -3 78
 55 -1 -2 75
 55 1 3 61
 55 -3 2 276
 5 1 -4 74
 55 3 3 11
 55 3 2 313
 5 -2 3 264
 5 -1 -4 236
 55 -1 -1 220
 55 -1 0 219
 55 3 -2 179
 55 0 -2 137
 55 -2 2 155
 55 0 -1 290
 5 4 0 221
 55 1 -1 76
 55 1 -2 308
 "contig-ratio-green-core" 1
 "contig-ratio-red-core" 0.9375
