 "a-count" 2
 "b-count" 5
 "c-color-count" 25
 "c-express-count" 23
 "d-color-count" 26
 "d-express-count" 26
 "cell-count" 56
 15 -1 0 297
 15 0 2 250
 15 2 2 89
 15 2 1 184
 15 -3 -1 89
 15 -2 2 286
 15 3 1 337
 15 -3 -2 43
 15 1 3 34
 15 0 0 33
 105 -4 -1 353
 15 -2 -3 219
 15 2 -3 213
 15 2 -1 306
 15 -1 2 349
 15 1 -3 293
 15 3 0 138
 15 1 0 60
 15 3 -2 52
 15 1 2 184
 15 -2 -4 213
 15 2 -2 283
 15 3 -1 87
 15 2 3 311
 105 2 0 149
 15 -1 3 3
 15 -1 1 204
 15 1 1 2
 55 -1 -3 256
 55 -3 2 198
 55 0 -3 146
 55 -2 -2 303
 55 4 -1 280
 55 3 2 160
 55 -1 -1 182
 55 1 4 238
 55 4 0 212
 55 -3 0 351
 55 1 -2 52
 55 -2 -1 59
 55 -1 -2 238
 55 0 -2 64
 55 0 -1 9
 55 -1 -4 18
 5 4 1 103
 55 -1 4 352
 55 0 -4 62
 55 3 3 50
 5 -3 1 11
 55 -2 1 259
 55 1 -1 300
 55 3 -3 335
 5 1 -4 15
 55 4 -2 28
 55 -2 0 28
 55 0 4 16
 "contig-ratio-green-core" 0.9473684210526315
 "contig-ratio-red-core" 1
 "a-count" 5
 "b-count" 2
 "c-color-count" 26
 "c-express-count" 26
 "d-color-count" 24
 "d-express-count" 23
 "cell-count" 56
 105 -3 -2 203
 15 1 -4 11
 15 0 -4 316
 15 -1 3 269
 15 -2 0 264
 15 2 -3 230
 15 -2 -2 171
 15 -3 3 184
 15 -1 0 310
 15 1 2 190
 15 -1 1 132
 15 3 -2 189
 15 2 -2 157
 105 3 3 130
 15 0 1 29
 15 -2 -1 304
 15 0 2 231
 15 -2 3 162
 15 -1 -4 46
 15 1 3 287
 15 -1 -1 2
 105 -3 -3 166
 15 0 3 207
 105 -1 2 136
 15 -3 -1 251
 15 3 -1 166
 15 -2 1 63
 15 4 1 199
 55 2 3 268
 55 2 2 36
 55 -3 0 130
 55 -1 -3 180
 55 0 -1 149
 55 0 -3 48
 5 4 -1 213
 55 1 -1 203
 55 2 0 107
 55 1 1 313
 55 -3 2 21
 55 0 0 101
 55 2 1 227
 55 3 1 87
 55 -4 -1 114
 55 3 0 299
 55 -4 1 77
 55 1 -3 193
 55 0 -2 89
 5 -2 -3 113
 55 4 0 115
 55 -1 -2 270
 55 1 -2 162
 55 -4 0 147
 55 2 -1 99
 55 1 0 323
 55 0 4 304
 55 -3 1 246
 "contig-ratio-green-core" 0.8947368421052632
 "contig-ratio-red-core" 0.8888888888888888
 "a-count" 9
 "b-count" 4
 "c-color-count" 25
 "c-express-count" 24
 "d-color-count" 21
 "d-express-count" 19
 "cell-count" 56
 15 3 -1 71
 15 -3 -2 318
 15 3 -2 171
 15 1 -4 261
 15 1 2 6
 15 -3 0 194
 15 -2 1 316
 15 0 3 58
 15 3 -3 332
 15 4 -1 220
 15 -3 -1 167
 15 -1 2 165
 105 1 3 208
 15 -1 1 50
 15 -2 0 16
 105 2 -3 14
 15 1 -3 254
 15 -1 3 174
 15 -1 -4 53
 15 -1 0 128
 105 -3 1 127
 15 2 2 254
 15 0 -4 340
 105 2 3 307
 105 2 -4 30
 105 -1 4 122
 105 1 4 319
 15 0 1 14
 55 3 2 184
 5 -3 -3 6
 55 1 -1 197
 55 1 1 266
 55 2 0 119
 55 -3 3 0
 55 -2 -2 322
 55 3 0 251
 55 -2 -1 142
 55 -2 3 124
 55 0 0 289
 55 0 -1 286
 55 -1 -2 238
 55 -1 -3 54
 55 0 -3 297
 55 2 -1 296
 55 0 -2 68
 55 -2 2 2
 5 -4 -1 114
 55 -1 -1 26
 55 3 1 85
 55 2 1 247
 5 -4 1 28
 55 4 0 161
 55 1 -2 265
 55 1 0 279
 55 4 1 292
 55 2 -2 192
 "contig-ratio-green-core" 0.8888888888888888
 "contig-ratio-red-core" 1
