 "a-count" 6
 "b-count" 5
 "c-color-count" 23
 "c-express-count" 23
 "d-color-count" 24
 "d-express-count" 22
 "cell-count" 56
 15 1 4 7
 15 -3 -1 201
 105 4 1 353
 15 -3 0 87
 105 3 -2 175
 15 -3 1 22
 15 4 -1 330
 15 4 0 260
 15 -2 1 264
 15 0 -3 188
 15 1 -2 251
 15 2 3 281
 15 3 0 72
 105 -3 -3 95
 15 3 3 30
 15 -1 -2 144
 15 -1 2 325
 15 -1 4 71
 15 3 2 282
 15 -1 1 306
 15 2 -2 41
 15 0 4 239
 15 3 1 343
 15 2 -1 21
 15 -4 1 204
 15 0 -2 126
 15 -2 2 299
 105 -1 -3 70
 55 1 3 327
 55 1 -1 89
 55 0 0 16
 55 -1 -1 253
 5 -3 3 77
 5 0 -4 234
 55 2 2 45
 55 -3 2 130
 55 1 -3 103
 55 2 1 288
 55 -2 -1 182
 55 0 3 227
 55 0 2 60
 5 -2 -3 336
 5 1 -4 125
 55 -3 -2 51
 55 0 1 350
 55 -4 0 96
 55 1 0 193
 55 0 -1 51
 55 -1 0 153
 55 1 1 240
 55 -2 -2 80
 5 -2 3 282
 55 1 2 358
 55 2 0 98
 55 -5 1 335
 55 -1 3 111
 "contig-ratio-green-core" 1
 "contig-ratio-red-core" 0.9
 "a-count" 9
 "b-count" 6
 "c-color-count" 25
 "c-express-count" 22
 "d-color-count" 20
 "d-express-count" 19
 "cell-count" 56
 15 3 2 59
 15 -3 -3 22
 15 -1 4 323
 15 2 2 326
 105 2 -3 50
 15 -1 5 349
 15 -2 0 137
 15 -1 0 148
 15 3 3 221
 15 1 3 206
 15 3 -1 142
 15 -2 3 98
 15 -2 -2 11
 105 -4 0 230
 15 1 -2 142
 105 -4 -1 172
 105 3 -2 192
 105 -3 3 162
 15 -1 1 57
 15 -2 1 301
 15 4 1 136
 15 -3 -1 336
 15 -3 2 41
 105 1 4 335
 15 2 -1 44
 15 -1 -1 286
 105 -1 2 308
 105 -1 -4 315
 55 0 2 117
 55 -3 0 150
 55 0 -3 8
 55 4 -1 320
 55 4 0 274
 55 -2 -1 26
 55 1 0 157
 55 1 -4 87
 55 -1 3 280
 55 2 1 195
 55 0 4 279
 5 -2 -3 63
 55 -1 -3 200
 55 -3 -2 10
 55 3 1 328
 55 0 -1 248
 55 0 1 304
 55 -3 1 87
 55 1 1 333
 55 0 0 270
 55 2 0 211
 55 3 0 148
 55 0 -2 84
 55 1 -1 195
 55 0 -4 267
 5 2 -2 41
 5 1 -3 216
 55 1 2 319
 "contig-ratio-green-core" 0.875
 "contig-ratio-red-core" 1
 "a-count" 7
 "b-count" 6
 "c-color-count" 23
 "c-express-count" 22
 "d-color-count" 23
 "d-express-count" 21
 "cell-count" 56
 15 2 1 143
 15 0 -3 279
 15 3 -3 53
 15 0 4 49
 15 4 -1 191
 105 4 1 61
 15 1 1 86
 15 -2 -2 142
 15 -1 3 228
 15 -3 -1 38
 105 -3 0 8
 15 3 1 117
 15 -2 1 337
 15 1 -4 60
 15 4 0 303
 15 -4 -1 357
 15 -2 -3 38
 105 1 4 164
 15 1 2 342
 15 -1 -2 298
 15 -3 -2 15
 105 3 -2 219
 15 0 -2 266
 15 -3 1 240
 15 1 -3 324
 15 -2 2 220
 105 -1 -4 1
 15 2 2 86
 5 -3 3 323
 55 -1 2 98
 55 0 -1 112
 55 1 -2 83
 55 -1 1 354
 55 -1 0 137
 5 3 2 240
 55 0 1 96
 55 3 -1 176
 55 2 0 245
 55 3 0 144
 5 -2 3 31
 55 1 0 86
 55 0 0 145
 55 -4 1 141
 55 0 3 114
 55 -3 -3 19
 5 -1 4 163
 55 -4 0 74
 55 1 -1 149
 55 -2 -1 173
 55 0 2 167
 55 2 -1 13
 5 -3 2 81
 55 2 -2 111
 55 -2 0 94
 55 -1 -1 242
 55 1 3 305
 "contig-ratio-green-core" 0.9444444444444444
 "contig-ratio-red-core" 0.8421052631578947
 "a-count" 11
 "b-count" 5
 "c-color-count" 25
 "c-express-count" 23
 "d-color-count" 18
 "d-express-count" 17
 "cell-count" 56
 15 3 -3 125
 15 -2 2 290
 15 -1 -4 63
 105 2 -1 303
 105 1 4 148
 15 2 3 72
 15 -1 -2 115
 15 0 -2 91
 15 -1 -1 288
 15 0 -4 127
 15 0 4 312
 105 -1 4 194
 15 3 2 191
 15 1 -3 8
 105 -3 -3 78
 15 3 -2 30
 105 1 -2 342
 105 -1 -3 19
 15 0 -1 263
 15 0 -3 44
 105 2 -3 319
 15 -1 2 231
 15 -3 2 173
 105 4 -2 4
 15 1 -1 198
 105 3 3 117
 105 1 -4 316
 15 4 1 294
 55 2 2 315
 55 -2 -2 108
 55 -3 1 0
 5 -4 1 31
 55 2 0 50
 55 4 -1 163
 55 -3 3 191
 55 3 1 32
 55 3 -1 56
 55 1 3 127
 55 1 0 60
 55 -1 3 108
 55 0 1 111
 5 4 2 141
 55 1 1 182
 55 -3 -1 349
 55 0 2 99
 55 -1 1 99
 5 -3 0 307
 55 0 3 273
 55 0 0 68
 55 -1 0 229
 55 -4 -1 286
 55 2 1 86
 55 -2 -1 46
 55 -2 1 318
 55 3 0 100
 55 1 2 141
 "contig-ratio-green-core" 0.5789473684210527
 "contig-ratio-red-core" 1.1666666666666667
