 "a-count" 13
 "b-count" 6
 "c-color-count" 22
 "c-express-count" 22
 "d-color-count" 16
 "d-express-count" 15
 "cell-count" 56
 15 4 1 219
 105 -3 -3 103
 15 -1 -2 28
 105 -4 1 256
 105 -3 3 151
 15 -3 -1 151
 15 4 0 247
 15 5 1 146
 105 3 3 56
 105 -2 3 172
 15 -1 3 50
 105 -1 -4 146
 105 1 -4 216
 15 -2 1 88
 105 -3 1 357
 15 2 -2 69
 105 2 -3 166
 105 -3 2 354
 105 -3 -2 302
 15 1 3 141
 15 0 -2 115
 15 -2 0 102
 15 -1 4 335
 105 0 -4 215
 15 0 3 271
 15 3 -2 177
 15 1 -2 171
 15 -3 0 276
 5 1 4 233
 55 -4 0 141
 55 2 1 302
 55 2 2 329
 55 -1 -1 98
 55 2 3 321
 55 -2 -2 30
 55 0 2 145
 5 3 -1 243
 55 1 2 297
 5 -2 -3 120
 55 0 0 184
 55 1 1 353
 55 0 -1 349
 55 0 1 104
 55 4 -1 38
 55 -1 1 256
 55 2 0 280
 55 3 1 143
 55 -1 2 32
 5 1 -3 101
 55 1 0 152
 5 -4 -1 246
 5 3 -3 26
 55 -2 -1 189
 55 1 -1 280
 55 -1 0 320
 55 2 -1 78
 "contig-ratio-green-core" 0.8125
 "contig-ratio-red-core" 1
 "a-count" 8
 "b-count" 5
 "c-color-count" 23
 "c-express-count" 23
 "d-color-count" 21
 "d-express-count" 20
 "cell-count" 56
 15 2 3 325
 15 -1 -3 321
 15 -2 3 153
 105 -3 2 16
 105 -3 3 58
 15 0 -4 68
 105 -4 -1 203
 15 2 -1 246
 15 3 -1 334
 15 -2 0 324
 105 3 3 167
 15 -4 0 66
 15 -3 0 117
 105 -2 -3 208
 105 1 -3 302
 105 3 -2 82
 15 -2 2 36
 15 3 -3 279
 15 3 2 358
 15 -2 -1 24
 15 1 4 249
 15 -3 -3 174
 15 0 4 280
 15 1 -2 184
 15 -1 -2 175
 15 -2 1 133
 15 -1 -4 70
 15 -3 -1 329
 55 -1 0 289
 55 1 2 347
 55 0 1 17
 5 -3 -2 183
 55 -4 1 359
 55 0 0 180
 55 0 2 21
 55 0 -2 126
 55 -1 -1 268
 55 2 0 111
 55 0 3 305
 55 3 1 220
 55 2 2 249
 55 -1 2 160
 5 1 -4 137
 55 2 -3 194
 55 0 -1 350
 55 -1 3 322
 5 4 0 202
 55 -1 1 239
 5 -1 4 207
 55 1 1 17
 55 1 0 71
 5 2 -2 189
 55 1 -1 188
 55 2 1 295
 55 3 0 230
 55 1 3 96
 "contig-ratio-green-core" 1
 "contig-ratio-red-core" 0.7
 "a-count" 8
 "b-count" 5
 "c-color-count" 23
 "c-express-count" 23
 "d-color-count" 22
 "d-express-count" 20
 "cell-count" 56
 15 -1 4 273
 105 -1 -3 276
 15 -3 2 239
 15 -1 -2 338
 105 0 4 158
 15 -3 -2 149
 15 0 -2 324
 15 2 3 305
 15 1 -3 54
 105 -1 -4 139
 15 4 0 350
 105 3 -2 217
 15 3 1 196
 15 1 3 285
 15 0 -4 172
 105 1 -4 249
 15 -3 0 2
 15 -3 -3 257
 15 -3 1 284
 105 4 1 184
 15 0 3 295
 15 -2 -3 96
 15 -2 3 112
 15 0 -3 181
 15 2 -3 241
 15 3 0 235
 15 -1 3 111
 15 1 4 218
 55 3 3 341
 55 2 1 56
 5 -4 -1 22
 5 -4 0 201
 55 -2 1 249
 55 1 2 11
 5 3 2 181
 55 -1 1 244
 55 0 0 297
 55 1 1 88
 55 0 -1 131
 55 -2 -2 312
 55 1 -1 140
 55 -3 -1 144
 55 -1 -1 24
 55 -2 2 150
 55 1 -2 191
 55 -1 0 154
 55 0 2 238
 5 3 -3 198
 55 1 0 226
 55 -2 0 161
 55 -1 2 96
 55 3 -1 353
 5 2 4 85
 55 2 0 58
 55 -2 -1 325
 55 2 2 29
 "contig-ratio-green-core" 0.8235294117647058
 "contig-ratio-red-core" 0.7894736842105263
 "a-count" 9
 "b-count" 1
 "c-color-count" 27
 "c-express-count" 27
 "d-color-count" 20
 "d-express-count" 19
 "cell-count" 56
 15 2 3 181
 105 3 -2 170
 15 2 -1 307
 15 -1 4 258
 15 4 0 52
 15 2 2 353
 15 1 -4 338
 15 -3 2 119
 105 3 2 190
 15 -1 3 159
 105 -1 -4 359
 15 -2 -2 165
 15 1 -3 221
 15 -1 -3 4
 15 1 2 11
 15 -3 1 39
 15 0 2 332
 15 -2 3 205
 15 -2 -3 34
 15 2 -2 313
 105 4 -1 163
 105 3 -1 92
 15 0 -3 293
 15 0 3 148
 105 1 3 10
 15 -2 2 323
 105 -3 -2 287
 105 -3 -3 12
 55 -4 0 225
 55 -1 -1 351
 55 -3 -1 194
 55 3 -3 161
 55 -1 1 41
 5 2 -3 272
 55 -1 0 113
 55 0 -1 3
 55 1 -2 62
 55 0 1 131
 55 -3 0 272
 55 -1 -2 26
 55 -2 -1 342
 55 3 3 20
 55 2 0 197
 55 -2 0 36
 55 3 0 46
 55 0 0 21
 55 3 1 135
 55 1 4 9
 55 -3 3 291
 55 1 -1 23
 55 -2 1 229
 55 0 4 30
 55 4 1 259
 55 1 1 352
 55 1 0 271
 55 2 1 220
 "contig-ratio-green-core" 0.65
 "contig-ratio-red-core" 0.7894736842105263
