 "a-count" 4
 "b-count" 7
 "c-color-count" 21
 "c-express-count" 21
 "d-color-count" 25
 "d-express-count" 24
 "cell-count" 56
 15 -2 -2 153
 15 2 2 340
 15 -2 -1 79
 105 1 1 206
 15 -1 4 13
 15 -1 -4 297
 15 -2 2 24
 15 2 -2 37
 15 2 -1 44
 15 0 4 139
 15 -1 -3 128
 15 0 1 149
 15 3 -1 59
 15 0 -3 12
 105 -3 3 69
 15 2 1 32
 15 -1 1 110
 15 3 0 186
 15 -1 0 316
 15 2 3 1
 15 1 -1 70
 105 3 -3 23
 15 1 2 74
 15 2 0 77
 15 -2 3 291
 15 -4 1 175
 15 0 0 164
 15 -3 -1 342
 5 4 1 331
 55 -3 0 213
 55 -1 -1 47
 55 0 2 359
 55 1 -2 174
 55 1 3 7
 55 -1 -2 143
 5 3 2 325
 5 -3 -3 247
 55 3 -2 20
 55 2 -3 325
 55 -3 1 272
 55 -1 2 241
 55 1 -3 56
 55 -2 1 273
 55 0 -1 298
 5 -4 2 330
 5 -3 2 333
 55 0 -2 1
 55 0 3 280
 5 3 1 186
 55 4 0 178
 55 -2 -3 183
 5 4 -1 270
 55 1 -4 190
 55 1 4 250
 55 -1 3 286
 55 -4 0 248
 "contig-ratio-green-core" 0.9473684210526315
 "contig-ratio-red-core" 0.782608695652174
 "a-count" 6
 "b-count" 2
 "c-color-count" 26
 "c-express-count" 26
 "d-color-count" 23
 "d-express-count" 22
 "cell-count" 56
 15 2 -2 19
 15 -3 -2 309
 105 4 -1 171
 105 -2 -3 93
 15 1 -3 15
 15 3 -2 61
 15 2 -3 131
 15 2 2 29
 15 -3 2 82
 15 0 -4 296
 15 0 -3 184
 15 0 4 180
 15 -1 -3 58
 15 2 0 203
 15 -2 3 42
 15 -1 -4 124
 15 -1 3 86
 105 -2 2 219
 15 3 1 267
 105 1 -4 109
 15 -1 1 288
 15 -4 -2 85
 15 3 -1 8
 15 2 -1 269
 15 -4 0 250
 15 2 1 24
 15 4 1 261
 105 4 0 34
 55 2 3 185
 55 1 -2 253
 55 1 2 214
 55 0 3 159
 55 0 0 30
 55 0 -1 138
 55 4 2 237
 55 -4 1 184
 55 1 1 118
 55 1 0 248
 55 1 -1 310
 55 -1 -2 47
 55 3 -3 258
 55 -3 -1 217
 55 -1 0 48
 55 4 -2 9
 55 -1 -1 143
 55 1 3 189
 55 0 -2 246
 55 -2 0 45
 55 0 2 145
 5 -1 4 319
 55 -3 1 195
 5 2 -4 130
 55 -3 0 290
 55 -2 -2 285
 55 -4 2 142
 55 0 1 121
 "contig-ratio-green-core" 0.7
 "contig-ratio-red-core" 0.8333333333333334
 "a-count" 11
 "b-count" 4
 "c-color-count" 25
 "c-express-count" 24
 "d-color-count" 18
 "d-express-count" 17
 "cell-count" 56
 15 0 -2 183
 15 2 -3 138
 15 -1 3 89
 105 -3 -2 195
 105 -1 -4 8
 15 -2 -3 218
 15 0 2 237
 105 3 3 105
 105 -3 -1 159
 15 -2 2 177
 15 1 -2 274
 105 1 -4 197
 15 0 4 338
 15 -1 -2 22
 15 1 -3 194
 15 -4 0 39
 105 3 2 115
 105 0 -3 159
 15 -1 -3 317
 15 3 -1 48
 15 -1 2 269
 15 0 3 126
 15 4 0 336
 105 -2 -1 329
 15 2 -2 175
 105 0 -4 113
 105 4 -1 115
 15 -2 3 79
 55 1 3 344
 55 3 1 6
 55 0 0 78
 55 2 1 328
 55 -3 1 347
 55 1 0 150
 55 -2 1 36
 55 1 -1 5
 5 -3 2 58
 55 3 -3 22
 55 1 1 143
 55 0 -1 115
 55 -3 -3 331
 55 3 -2 229
 55 -2 0 127
 55 2 0 321
 55 -1 0 302
 55 -3 0 344
 55 -4 -1 188
 55 2 2 252
 55 2 -1 166
 55 -1 -1 249
 55 1 2 233
 55 -1 1 337
 5 -4 1 123
 55 3 0 127
 55 0 1 13
 5 -1 4 202
 "contig-ratio-green-core" 0.75
 "contig-ratio-red-core" 0.8666666666666667
