 "a-count" 8
 "b-count" 4
 "c-color-count" 25
 "c-express-count" 24
 "d-color-count" 21
 "d-express-count" 20
 "cell-count" 56
 105 3 -3 323
 15 1 -1 71
 15 3 0 273
 105 -3 2 353
 15 -1 0 243
 15 2 1 245
 15 -1 1 103
 15 1 0 78
 15 0 2 21
 15 -3 -2 200
 105 -4 -1 354
 15 -1 2 354
 15 2 -1 49
 15 2 0 90
 105 -1 4 9
 15 -2 -3 116
 15 -3 0 55
 15 -2 1 199
 15 2 2 344
 15 0 1 172
 15 1 1 316
 15 1 2 134
 15 0 -4 160
 105 2 -3 159
 15 -1 3 357
 15 -2 0 268
 105 -3 -3 302
 105 3 2 227
 55 -3 1 283
 5 -1 -4 5
 55 -1 -3 332
 55 -4 1 304
 55 0 -1 286
 55 -1 -1 10
 55 1 3 153
 55 1 4 279
 55 4 0 108
 55 0 -3 123
 55 -2 3 351
 55 4 -1 315
 5 3 1 347
 55 0 3 262
 55 1 -2 331
 55 -2 2 309
 55 0 4 39
 55 -2 -2 235
 55 2 -2 303
 55 3 -1 5
 55 -2 -1 174
 55 1 -3 163
 5 3 -2 236
 55 -1 -2 338
 55 2 3 36
 55 0 -2 240
 55 -3 -1 4
 55 -4 0 347
 "contig-ratio-green-core" 0.6818181818181818
 "contig-ratio-red-core" 1
 "a-count" 8
 "b-count" 5
 "c-color-count" 25
 "c-express-count" 23
 "d-color-count" 20
 "d-express-count" 20
 "cell-count" 56
 15 1 2 12
 15 -2 -2 246
 15 -2 0 286
 15 3 -1 216
 15 -3 1 122
 105 -3 -1 158
 15 2 2 237
 15 0 3 145
 15 4 0 29
 15 0 -4 27
 15 4 -1 129
 105 0 4 127
 15 2 -2 51
 105 1 4 217
 15 -1 3 24
 15 -1 -3 167
 105 -3 -2 84
 15 3 0 287
 15 0 2 164
 105 3 -3 300
 15 4 1 259
 15 -4 0 150
 105 -1 -4 353
 105 -4 1 141
 15 0 -3 147
 105 -3 0 85
 15 -2 -1 239
 15 1 3 117
 55 -2 -3 61
 55 1 -2 358
 55 3 1 171
 55 -1 2 80
 55 -1 4 251
 55 0 0 335
 5 3 -2 298
 55 1 1 230
 55 -3 -3 349
 55 0 -2 162
 55 1 -1 282
 55 -3 2 204
 55 -1 -2 54
 55 2 1 305
 5 3 3 330
 55 -2 2 230
 55 1 0 50
 55 -3 3 283
 55 -1 1 329
 55 3 2 301
 55 0 1 114
 55 2 0 269
 55 -2 1 339
 55 -1 -1 282
 55 -4 -1 62
 5 2 -3 143
 55 2 -1 273
 55 -1 0 149
 "contig-ratio-green-core" 0.6666666666666666
 "contig-ratio-red-core" 0.9444444444444444
 "a-count" 7
 "b-count" 4
 "c-color-count" 24
 "c-express-count" 24
 "d-color-count" 22
 "d-express-count" 21
 "cell-count" 56
 105 4 -1 287
 15 -1 -2 239
 105 3 -3 95
 15 2 0 239
 105 -1 -4 172
 15 0 -1 347
 15 -1 -1 177
 15 1 -1 22
 15 3 0 75
 15 2 2 273
 15 1 -2 184
 105 -4 -1 176
 105 -3 -3 110
 105 4 1 272
 15 2 -1 122
 15 0 -2 341
 15 3 3 81
 15 -2 3 258
 15 -2 -3 153
 15 3 1 135
 15 2 1 260
 15 0 -3 224
 15 -2 2 214
 15 -3 -2 192
 15 -2 -2 23
 15 -2 4 205
 15 2 -3 304
 15 3 -1 153
 55 0 2 87
 55 2 4 166
 55 1 2 335
 55 -1 0 142
 55 -4 0 148
 5 2 -2 55
 55 -1 1 34
 55 -1 3 97
 55 -3 0 106
 55 0 -4 39
 55 2 3 266
 55 1 4 284
 55 -3 1 13
 55 0 1 122
 55 -2 -1 215
 55 -3 -1 307
 55 1 -4 95
 55 3 -2 312
 55 1 0 273
 55 1 3 215
 55 1 1 290
 5 -1 4 83
 5 -3 3 57
 55 -1 2 5
 55 -2 1 151
 55 0 0 219
 55 -2 0 203
 5 -4 1 16
 "contig-ratio-green-core" 0.631578947368421
 "contig-ratio-red-core" 0.631578947368421
