 "a-count" 5
 "b-count" 6
 "c-color-count" 22
 "c-express-count" 22
 "d-color-count" 24
 "d-express-count" 23
 "cell-count" 56
 15 1 -2 270
 15 -4 0 84
 15 2 -2 219
 15 -1 -3 234
 15 0 1 135
 15 2 1 14
 105 4 -1 105
 15 2 2 331
 15 3 0 141
 15 2 0 139
 15 -4 -1 253
 15 -3 1 302
 15 1 1 138
 105 2 3 205
 15 0 -2 266
 15 1 3 153
 15 0 3 198
 15 -2 -3 197
 15 0 -3 218
 15 3 -1 171
 15 0 2 63
 105 -1 -4 303
 15 1 2 84
 105 3 -3 188
 15 4 1 206
 15 -1 4 100
 15 0 4 4
 15 2 -1 73
 55 3 1 56
 55 1 0 173
 55 -3 -1 334
 55 3 2 182
 5 -3 -3 44
 5 0 -4 221
 55 -2 1 266
 55 0 -1 106
 55 -2 -1 50
 55 -1 -1 325
 55 -3 -2 316
 55 -1 -2 267
 5 4 0 172
 55 1 -1 126
 55 -1 1 0
 55 0 0 51
 5 -2 2 52
 55 3 -2 267
 55 1 4 266
 5 -4 1 7
 55 -1 2 311
 55 -2 0 176
 5 -3 3 326
 55 -1 0 240
 55 -2 3 222
 55 -1 3 143
 55 -2 -2 126
 55 -3 0 295
 "contig-ratio-green-core" 1.125
 "contig-ratio-red-core" 0.75
 "a-count" 3
 "b-count" 6
 "c-color-count" 23
 "c-express-count" 22
 "d-color-count" 25
 "d-express-count" 25
 "cell-count" 56
 15 -3 0 128
 15 3 1 15
 15 3 0 209
 105 -3 -3 227
 15 -1 0 98
 15 0 -1 76
 15 -1 -2 294
 15 3 -1 161
 15 -2 0 70
 15 -2 1 49
 15 4 1 87
 15 0 0 267
 15 3 3 309
 15 2 1 37
 15 -2 3 170
 15 2 -2 243
 15 2 -1 102
 15 0 -2 158
 15 -3 3 47
 15 1 -2 197
 105 -2 -3 136
 105 1 1 259
 15 -1 -1 146
 15 3 2 209
 15 1 -1 219
 15 4 2 250
 15 2 0 239
 15 -2 -1 298
 5 -4 1 231
 5 2 -3 163
 5 -1 2 103
 55 -1 -4 172
 55 1 -4 225
 55 -2 -2 143
 55 1 3 283
 55 0 3 216
 55 4 0 267
 5 0 2 182
 55 0 -4 95
 55 1 4 38
 55 4 -1 38
 55 -4 0 120
 55 1 -3 270
 55 3 -2 52
 55 3 -3 229
 55 2 4 320
 55 -1 1 1
 55 -4 -1 34
 55 -1 4 153
 55 2 3 194
 55 -3 -2 356
 55 -1 -3 184
 5 2 -4 304
 55 0 -3 170
 55 -3 -1 97
 55 -1 3 37
 "contig-ratio-green-core" 0.5909090909090909
 "contig-ratio-red-core" 0.6
 "a-count" 12
 "b-count" 5
 "c-color-count" 23
 "c-express-count" 23
 "d-color-count" 19
 "d-express-count" 16
 "cell-count" 56
 105 2 3 298
 15 2 0 229
 105 3 -1 266
 15 2 -1 3
 15 0 3 286
 15 0 -3 193
 105 3 3 153
 105 3 -2 326
 15 -4 -1 294
 15 2 2 1
 15 2 -2 143
 105 -3 -3 155
 105 1 4 96
 105 -1 -4 348
 15 3 2 198
 15 3 1 283
 15 3 0 160
 15 -1 3 305
 15 -3 3 210
 15 -1 -3 220
 105 1 3 27
 15 2 1 120
 15 1 2 126
 15 0 2 85
 105 -3 -2 253
 15 -2 3 59
 15 -2 -2 71
 15 -1 2 341
 5 3 -3 201
 55 1 1 88
 55 4 0 97
 55 -1 1 236
 55 -3 2 6
 55 -2 2 169
 55 -3 1 50
 5 0 4 73
 55 0 1 237
 55 4 -1 348
 55 -1 -1 166
 55 -2 1 80
 5 0 -4 323
 55 1 -1 97
 55 1 -2 4
 55 -1 -2 352
 55 1 0 96
 55 -3 0 8
 55 -2 0 266
 55 4 -2 356
 55 -3 -1 256
 55 -2 -1 138
 5 -4 1 186
 55 0 -2 329
 55 0 0 336
 5 -4 0 29
 55 4 1 238
 55 0 -1 330
 "contig-ratio-green-core" 0.875
 "contig-ratio-red-core" 0.8125
 "a-count" 7
 "b-count" 4
 "c-color-count" 24
 "c-express-count" 24
 "d-color-count" 23
 "d-express-count" 21
 "cell-count" 56
 15 2 0 333
 15 0 -1 307
 15 0 2 12
 105 1 -4 108
 15 -2 -1 265
 15 -1 -1 71
 15 3 3 63
 15 0 -4 313
 15 -2 3 343
 105 -1 -2 75
 15 -3 -2 320
 15 -2 0 324
 15 0 0 149
 15 2 3 65
 15 4 -1 176
 15 1 -1 350
 105 0 -2 25
 15 1 2 185
 105 0 -3 190
 15 3 0 85
 15 3 -3 150
 15 2 1 228
 15 3 2 178
 15 2 2 39
 15 1 1 102
 15 -1 4 179
 15 1 0 290
 105 -3 -3 155
 55 -2 1 351
 55 -4 -1 123
 55 2 -2 281
 55 -1 -4 283
 55 -2 2 116
 55 2 -3 255
 5 2 4 282
 55 -3 1 48
 55 0 4 81
 55 1 4 37
 55 -4 0 266
 55 4 1 143
 55 3 -1 332
 55 -3 0 149
 55 2 -1 274
 5 -3 3 180
 55 -1 -3 4
 55 -1 2 59
 55 -2 -3 4
 55 -3 -1 338
 55 -4 1 5
 55 -1 3 248
 55 3 -2 217
 55 4 2 191
 5 -3 2 346
 5 -2 -2 237
 55 1 3 328
 55 0 3 355
 "contig-ratio-green-core" 0.6521739130434783
 "contig-ratio-red-core" 0.625
