 "a-count" 10
 "b-count" 7
 "c-color-count" 21
 "c-express-count" 21
 "d-color-count" 19
 "d-express-count" 18
 "cell-count" 56
 15 2 2 336
 15 2 3 301
 15 1 -3 278
 15 -2 0 182
 15 1 3 89
 105 -4 0 62
 15 2 -1 16
 105 3 -3 273
 15 -2 1 205
 15 4 0 28
 15 0 3 177
 15 2 -2 124
 105 -2 2 239
 15 -2 -4 343
 15 -1 -3 121
 15 -1 3 18
 15 0 -3 98
 105 -4 1 50
 15 1 2 73
 105 3 3 312
 15 -2 -1 309
 105 -1 -4 37
 15 1 4 206
 105 0 -4 6
 15 3 2 251
 105 -3 -1 306
 15 0 2 209
 105 4 -1 4
 55 -3 1 30
 55 -2 -3 200
 55 -2 -2 118
 55 1 -2 46
 55 -1 -2 313
 55 0 -1 153
 55 1 -1 349
 5 -2 3 8
 5 -4 -1 248
 55 1 0 148
 5 3 -1 78
 55 0 0 250
 55 -1 2 178
 55 -3 3 115
 55 -1 -1 36
 5 0 4 337
 5 -3 0 196
 55 1 1 324
 55 2 0 218
 55 0 -2 197
 5 1 -4 221
 5 -3 -2 222
 55 -1 0 238
 55 0 1 358
 55 3 0 34
 55 -1 1 267
 55 3 1 210
 55 2 1 272
 "contig-ratio-green-core" 0.8333333333333334
 "contig-ratio-red-core" 0.875
 "a-count" 6
 "b-count" 7
 "c-color-count" 22
 "c-express-count" 21
 "d-color-count" 23
 "d-express-count" 22
 "cell-count" 56
 105 1 -4 160
 15 0 -1 301
 15 -2 1 330
 15 -1 1 85
 15 0 1 343
 15 2 2 169
 105 -3 -2 241
 15 -1 -1 150
 15 -1 2 263
 15 0 -2 340
 15 -1 0 10
 15 1 1 333
 15 1 -2 172
 15 1 4 15
 15 2 1 188
 15 4 1 337
 15 3 1 34
 105 -3 -3 225
 105 3 2 72
 15 -2 2 249
 15 1 0 204
 15 -1 -3 73
 15 3 0 40
 105 0 0 240
 15 1 -1 55
 15 2 0 266
 15 -1 -2 280
 15 -4 -1 180
 5 0 -4 110
 55 0 4 65
 5 -2 -1 238
 55 4 0 316
 55 1 -3 82
 55 -4 0 348
 55 4 -1 200
 55 0 -3 89
 55 -2 0 16
 55 -3 -1 206
 55 1 2 352
 55 0 3 136
 5 3 3 328
 5 2 -3 263
 55 1 3 60
 55 2 -1 96
 55 3 -2 87
 55 -4 1 25
 55 0 2 124
 55 -2 -3 182
 55 3 -1 170
 55 -3 1 284
 5 -1 4 327
 5 -1 3 357
 55 2 -2 179
 55 -3 0 277
 55 -3 2 265
 55 2 3 298
 "contig-ratio-green-core" 0.9411764705882353
 "contig-ratio-red-core" 0.8125
 "a-count" 7
 "b-count" 5
 "c-color-count" 23
 "c-express-count" 23
 "d-color-count" 21
 "d-express-count" 21
 "cell-count" 56
 15 1 0 92
 15 -1 1 93
 15 3 -2 29
 15 -2 0 134
 15 2 1 152
 15 -1 -1 296
 105 1 2 286
 15 0 2 314
 15 2 3 5
 105 -2 -3 2
 105 -3 -3 46
 15 -3 -1 268
 15 -2 -2 290
 15 -2 -1 301
 15 -1 0 339
 15 -4 1 146
 15 0 1 101
 15 3 3 354
 105 4 -1 94
 105 -2 2 286
 105 1 -4 178
 15 0 -1 9
 15 -3 0 359
 15 3 2 330
 15 1 1 245
 15 0 0 135
 105 -3 2 160
 15 -2 1 222
 55 0 3 104
 55 3 -1 242
 55 1 -1 222
 55 -4 0 131
 55 -2 4 140
 55 4 1 93
 55 1 -2 207
 5 1 -3 58
 55 2 -1 251
 55 0 4 295
 55 2 -2 67
 55 3 -3 287
 5 -3 3 202
 55 -1 -2 83
 55 -1 -3 176
 5 0 -2 295
 55 -3 -2 248
 55 2 0 143
 55 3 0 219
 5 -4 -1 61
 55 0 -3 162
 55 -1 4 76
 55 1 4 322
 5 -1 3 55
 55 1 3 351
 55 -2 3 54
 55 3 1 169
 55 -1 -4 178
 "contig-ratio-green-core" 0.5789473684210527
 "contig-ratio-red-core" 0.6666666666666666
 "a-count" 11
 "b-count" 3
 "c-color-count" 25
 "c-express-count" 25
 "d-color-count" 17
 "d-express-count" 17
 "cell-count" 56
 15 4 1 126
 105 3 -3 63
 15 3 -1 9
 15 -3 3 219
 15 -2 1 53
 105 4 -1 7
 105 -3 1 194
 15 2 -2 89
 105 4 0 166
 15 -1 -3 46
 15 -2 2 69
 15 1 -2 321
 15 0 2 118
 105 -4 0 135
 15 1 4 252
 15 -1 3 171
 105 3 3 283
 105 1 -3 231
 15 2 3 127
 105 -1 4 162
 15 3 2 186
 15 -1 2 168
 15 0 -3 157
 15 -3 2 159
 105 0 -4 84
 105 -3 -2 191
 15 -1 -4 156
 105 1 -4 84
 55 3 1 107
 55 3 0 288
 55 2 2 68
 55 -2 -1 341
 55 -1 1 8
 55 1 -1 233
 55 0 0 349
 55 -2 0 324
 55 -2 -2 274
 55 1 1 312
 5 -3 0 211
 55 -1 -2 80
 55 1 0 256
 5 0 4 329
 55 -2 -3 18
 55 0 -2 357
 55 -5 -1 47
 55 2 1 72
 55 0 -1 116
 55 2 0 31
 55 -1 -1 19
 55 1 2 296
 55 -1 0 256
 5 -3 -1 122
 55 2 -1 139
 55 0 1 255
 55 -4 -1 339
 55 1 3 274
 "contig-ratio-green-core" 0.8
 "contig-ratio-red-core" 0.8666666666666667
