 "a-count" 9
 "b-count" 3
 "c-color-count" 25
 "c-express-count" 25
 "d-color-count" 19
 "d-express-count" 19
 "cell-count" 56
 15 3 0 139
 15 0 4 25
 105 -1 -4 282
 15 -2 3 36
 105 3 3 251
 105 0 -4 251
 15 -2 -1 52
 105 2 -2 237
 105 3 -3 202
 15 -1 -3 336
 15 -4 1 226
 15 -2 -3 290
 15 4 0 137
 15 3 1 251
 105 -1 4 36
 15 3 -1 132
 15 -2 0 109
 15 0 -3 269
 15 -1 3 83
 15 -2 -2 100
 15 -3 2 224
 105 -3 -1 265
 105 4 1 182
 15 2 -1 87
 15 1 -2 274
 15 2 0 65
 15 -3 1 140
 105 2 -3 70
 55 2 2 56
 55 1 4 355
 55 1 3 211
 5 -4 -1 137
 55 0 3 247
 55 -1 2 280
 55 1 0 179
 55 0 -2 280
 55 0 0 77
 55 0 2 45
 55 1 2 156
 55 -1 0 240
 55 2 3 146
 5 -3 3 236
 55 1 -1 143
 55 -1 1 188
 55 -1 -2 98
 55 -1 -1 20
 55 2 1 12
 55 -4 0 254
 55 -2 1 24
 5 1 -3 46
 55 0 -1 139
 55 1 1 284
 55 -2 2 224
 55 4 -1 280
 55 0 1 147
 55 -3 -3 276
 "contig-ratio-green-core" 1
 "contig-ratio-red-core" 0.8823529411764706
 "a-count" 5
 "b-count" 8
 "c-color-count" 20
 "c-express-count" 20
 "d-color-count" 24
 "d-express-count" 23
 "cell-count" 56
 15 -1 -2 122
 15 1 4 40
 15 2 -3 336
 105 -4 0 91
 15 1 0 322
 15 -3 0 284
 15 4 1 337
 15 -2 2 83
 15 -4 -1 285
 15 2 0 221
 105 3 1 199
 15 1 3 215
 15 2 3 205
 105 -1 -4 28
 15 2 2 313
 15 -3 -1 202
 15 0 -2 335
 15 1 2 97
 15 0 -1 277
 15 1 1 140
 15 -4 1 330
 15 2 1 276
 15 3 3 56
 15 0 -3 341
 15 1 -1 35
 15 -1 -3 246
 105 2 -2 147
 15 1 -2 82
 5 -2 3 358
 55 -2 -2 165
 55 4 0 155
 5 -3 -2 222
 5 -2 -3 222
 55 0 1 183
 5 -3 -3 176
 55 -1 -1 335
 55 4 -1 230
 55 1 -4 152
 55 0 0 39
 5 1 -3 237
 55 -1 0 220
 55 3 -2 56
 55 -3 1 238
 5 0 -4 346
 55 3 -1 317
 55 0 2 314
 55 -1 1 41
 5 -3 3 140
 5 3 -3 243
 55 -2 1 168
 55 -2 -1 85
 55 -1 2 66
 55 -1 3 146
 55 -1 4 263
 55 0 3 32
 55 -2 0 236
 "contig-ratio-green-core" 0.6875
 "contig-ratio-red-core" 0.47619047619047616
 "a-count" 4
 "b-count" 7
 "c-color-count" 22
 "c-express-count" 21
 "d-color-count" 24
 "d-express-count" 24
 "cell-count" 56
 15 3 -1 237
 15 1 2 206
 15 -1 0 76
 15 -2 1 188
 15 1 -4 204
 15 4 1 28
 15 0 1 96
 105 3 -3 321
 15 -1 1 17
 15 -3 -1 171
 15 -1 -3 129
 105 4 0 127
 15 3 2 287
 15 1 3 223
 15 2 1 192
 15 2 -3 16
 105 3 3 64
 15 -2 0 221
 15 -1 2 336
 15 3 -2 277
 15 0 2 214
 15 2 2 70
 15 -2 -1 337
 15 0 -4 71
 15 -3 3 213
 105 -3 -2 158
 15 3 0 79
 15 1 1 338
 55 -4 1 52
 55 0 -3 55
 55 -1 -1 182
 55 4 -1 59
 55 1 0 333
 55 -2 -2 347
 55 0 -1 124
 5 -4 -1 180
 55 2 0 90
 55 0 3 14
 55 -2 3 157
 55 1 -2 39
 55 2 -1 237
 55 2 -2 356
 5 -3 -3 341
 55 0 -2 2
 5 -3 1 345
 55 -4 0 227
 55 -1 -2 193
 55 -1 3 96
 5 2 3 233
 55 0 0 6
 55 -3 0 254
 5 -3 2 45
 5 3 1 215
 55 1 -3 238
 55 -2 2 17
 55 1 -1 269
 "contig-ratio-green-core" 1.1875
 "contig-ratio-red-core" 0.6666666666666666
 "a-count" 10
 "b-count" 1
 "c-color-count" 27
 "c-express-count" 27
 "d-color-count" 18
 "d-express-count" 18
 "cell-count" 56
 15 1 3 305
 15 2 -2 270
 15 -1 -3 138
 105 3 2 258
 15 -4 1 279
 15 1 -2 266
 15 3 0 282
 15 3 -1 157
 15 -4 0 186
 105 -3 3 316
 105 4 -1 14
 105 0 4 205
 15 1 -4 293
 15 -1 3 19
 15 3 1 309
 105 4 0 265
 15 3 -2 87
 15 0 3 264
 15 1 -3 246
 105 3 3 289
 105 -3 -3 139
 15 -2 -2 36
 105 -1 4 10
 105 -3 2 339
 15 -1 -2 336
 15 0 -2 353
 105 2 -3 216
 15 1 4 144
 55 2 -1 172
 55 -3 0 220
 55 -3 1 278
 55 2 1 32
 55 -2 2 106
 55 -1 0 312
 55 -1 1 155
 55 0 1 144
 55 2 3 349
 55 -2 1 270
 55 -2 0 265
 55 2 2 13
 55 0 2 170
 55 -1 2 143
 55 -3 -2 291
 55 -2 -1 265
 55 -1 -4 75
 55 2 0 291
 55 0 0 272
 55 1 -1 281
 55 0 -1 26
 55 -3 -1 201
 5 -2 -3 289
 55 -1 -1 260
 55 1 1 90
 55 1 0 23
 55 1 2 132
 55 0 -4 289
 "contig-ratio-green-core" 0.7894736842105263
 "contig-ratio-red-core" 0.875
