 "a-count" 6
 "b-count" 9
 "c-color-count" 22
 "c-express-count" 19
 "d-color-count" 22
 "d-express-count" 22
 "cell-count" 56
 105 3 -1 339
 15 0 2 49
 15 -2 0 203
 15 1 2 181
 105 -3 -3 301
 15 -3 2 201
 15 2 2 340
 15 -4 -2 130
 15 -1 2 82
 15 -1 3 326
 15 2 -4 101
 15 1 -4 45
 15 1 1 88
 15 2 1 314
 15 -1 1 153
 15 -1 -4 300
 15 -1 0 318
 105 3 0 221
 105 0 4 290
 15 0 -4 43
 105 3 3 294
 105 3 1 196
 15 1 3 174
 15 -2 1 268
 15 -2 2 189
 15 -3 1 324
 15 1 -3 359
 15 0 3 222
 55 -4 2 186
 5 -3 -1 164
 55 -4 0 99
 55 -2 -3 70
 5 -1 -2 76
 55 0 -2 29
 55 -3 -2 343
 55 0 -3 205
 55 2 -1 109
 55 1 -1 347
 55 1 -2 127
 55 -3 0 336
 5 2 3 89
 55 2 -2 170
 55 -1 -3 38
 55 0 -1 318
 55 1 0 301
 55 -1 4 122
 55 -4 1 164
 55 -2 -2 210
 5 -4 -1 143
 55 -2 4 124
 55 -2 -1 304
 55 4 0 24
 5 -1 -1 248
 5 4 1 203
 55 3 -3 92
 55 0 0 58
 "contig-ratio-green-core" 0.625
 "contig-ratio-red-core" 0.625
 "a-count" 8
 "b-count" 4
 "c-color-count" 26
 "c-express-count" 24
 "d-color-count" 20
 "d-express-count" 20
 "cell-count" 56
 15 1 2 82
 105 -4 -1 42
 15 0 -3 358
 105 -2 1 14
 15 2 1 208
 15 -4 1 63
 15 -3 0 306
 15 -3 -1 335
 15 0 -4 310
 15 0 3 161
 15 -1 3 288
 105 1 -4 300
 15 1 -3 74
 15 0 2 230
 105 2 3 279
 105 -3 3 222
 15 -3 1 226
 15 3 2 150
 15 2 2 201
 15 -2 0 297
 15 -1 2 59
 15 3 1 198
 105 2 -3 160
 15 -1 -4 12
 15 -2 3 219
 105 -3 -3 51
 15 -2 2 336
 105 1 3 297
 55 -2 4 340
 55 -3 -2 208
 55 1 -2 41
 55 -3 2 100
 5 2 -1 78
 55 -2 -3 228
 55 -1 0 202
 55 0 -1 259
 55 0 1 349
 55 0 -2 154
 55 -2 -1 44
 55 -1 -2 259
 55 3 -1 99
 55 2 0 148
 55 3 0 54
 55 1 -1 346
 55 0 4 334
 55 -1 -1 30
 55 -1 4 1
 55 4 0 61
 55 0 0 321
 55 4 -1 303
 55 -2 -2 137
 55 -1 1 323
 5 1 0 123
 55 3 -3 316
 55 1 1 269
 55 2 -2 223
 "contig-ratio-green-core" 0.6111111111111112
 "contig-ratio-red-core" 0.7368421052631579
 "a-count" 5
 "b-count" 5
 "c-color-count" 23
 "c-express-count" 23
 "d-color-count" 25
 "d-express-count" 23
 "cell-count" 56
 15 -1 -4 141
 15 0 4 320
 15 0 -3 25
 15 3 1 119
 15 1 -4 339
 15 -1 3 313
 15 1 -1 64
 105 0 -4 71
 15 -2 1 304
 15 -1 -1 127
 15 -1 -2 72
 15 3 2 65
 15 2 0 107
 15 -1 0 94
 15 2 -3 18
 15 0 -1 249
 15 2 1 153
 15 0 -2 83
 15 -1 -3 58
 15 -2 2 13
 15 -2 0 357
 105 -3 -2 332
 15 1 0 308
 15 3 -2 101
 105 3 0 199
 15 -1 4 306
 15 0 0 234
 15 -3 1 42
 5 -2 3 223
 55 -1 1 231
 55 4 -1 99
 55 2 -2 284
 55 2 2 77
 55 4 0 72
 55 -2 -2 227
 55 3 -3 226
 55 -1 2 111
 55 2 3 356
 55 0 3 149
 5 0 2 265
 55 1 -2 50
 55 -3 0 182
 5 -4 0 347
 55 1 3 35
 55 -4 -1 257
 55 -2 -1 38
 55 1 2 133
 55 3 -1 172
 5 -3 3 244
 55 0 1 32
 5 4 1 203
 55 -4 1 208
 55 1 4 229
 55 -3 -1 317
 55 -2 -3 102
 55 1 1 162
 "contig-ratio-green-core" 0.9444444444444444
 "contig-ratio-red-core" 0.5909090909090909
 "a-count" 4
 "b-count" 6
 "c-color-count" 22
 "c-express-count" 22
 "d-color-count" 26
 "d-express-count" 24
 "cell-count" 56
 15 1 -2 88
 15 0 1 111
 15 2 -1 295
 15 -1 -1 269
 15 0 -3 213
 15 0 0 92
 15 -2 2 280
 15 0 -3 298
 15 -3 0 64
 15 1 -1 46
 15 1 -3 345
 15 -2 -1 212
 105 -3 1 339
 15 1 0 274
 15 -2 1 35
 15 -1 1 359
 15 0 -1 123
 15 0 -2 139
 15 2 0 201
 105 -2 -2 305
 15 -1 0 266
 15 -1 -3 320
 15 -1 -2 160
 15 -1 -1 185
 15 4 0 340
 15 -1 0 57
 15 -2 0 244
 15 1 1 137
 55 1 2 118
 55 -2 3 208
 55 2 1 155
 55 -3 2 168
 55 -4 0 124
 55 3 -1 214
 55 -1 4 171
 55 2 -2 101
 55 0 3 204
 5 3 2 342
 55 2 3 257
 55 1 3 36
 55 1 -4 201
 5 -3 3 219
 5 -3 -2 252
 5 -3 -1 353
 55 3 -2 312
 5 -1 -4 133
 55 -1 3 41
 55 -3 -3 356
 55 0 2 355
 55 0 4 355
 55 0 -4 234
 55 2 2 7
 55 -1 2 308
 55 -4 -1 142
 55 -2 -3 140
 5 2 -3 279
 "contig-ratio-green-core" 0.5882352941176471
 "contig-ratio-red-core" 0.9230769230769231
