 "a-count" 10
 "b-count" 6
 "c-color-count" 23
 "c-express-count" 22
 "d-color-count" 21
 "d-express-count" 18
 "cell-count" 56
 15 0 -2 168
 15 0 3 179
 15 -3 1 94
 15 3 -2 352
 15 1 0 52
 15 0 -3 348
 105 4 -1 213
 105 3 2 292
 15 0 4 292
 15 3 1 267
 105 1 -3 338
 15 1 -1 108
 105 -1 4 58
 105 4 0 185
 105 -4 -1 27
 15 -1 3 92
 15 3 0 352
 15 1 3 193
 15 2 0 306
 15 -3 3 331
 15 -3 -1 166
 105 -4 1 104
 15 -3 0 272
 15 -2 3 210
 15 -2 -3 321
 15 -1 -3 319
 15 2 -3 267
 15 1 4 133
 55 2 3 74
 55 -1 0 16
 55 -1 2 297
 55 -1 -4 205
 5 3 -3 87
 55 -1 -2 109
 55 0 -1 94
 55 -3 -3 134
 55 3 -1 28
 55 0 0 253
 55 0 1 66
 5 4 1 319
 5 1 1 200
 5 -2 -2 4
 55 -3 -2 121
 55 2 -1 313
 55 1 2 118
 55 2 2 151
 5 -4 0 253
 55 -1 -1 344
 55 2 -2 323
 55 -1 1 334
 55 -2 2 217
 55 -2 0 109
 55 2 1 181
 55 0 -4 13
 55 -2 1 291
 55 0 2 356
 "contig-ratio-green-core" 0.9
 "contig-ratio-red-core" 0.9333333333333333
 "a-count" 6
 "b-count" 7
 "c-color-count" 22
 "c-express-count" 21
 "d-color-count" 23
 "d-express-count" 22
 "cell-count" 56
 15 1 -2 288
 15 -2 0 210
 105 -3 -1 213
 15 -4 0 353
 15 -3 0 213
 15 1 -4 70
 105 -2 -3 4
 105 -3 -2 158
 105 -3 3 250
 15 3 -2 26
 15 1 3 348
 15 -3 2 221
 15 0 3 329
 15 0 4 203
 15 1 -3 179
 15 1 1 146
 15 -3 1 148
 15 -2 2 304
 15 -2 -1 79
 105 -2 1 302
 15 1 2 76
 15 3 -3 292
 15 -1 3 288
 15 -1 4 72
 15 2 -3 236
 15 2 -2 341
 15 0 -3 336
 15 0 -4 213
 55 -1 1 114
 5 -1 -1 5
 55 1 0 270
 55 4 0 268
 5 2 1 167
 55 1 4 242
 55 0 -1 147
 55 -1 -4 191
 55 4 1 270
 5 2 -1 165
 55 0 0 274
 55 2 4 290
 55 -4 -1 235
 55 3 -1 204
 55 -1 0 272
 5 3 3 4
 55 -1 2 346
 55 -2 -2 300
 5 3 1 80
 5 -4 1 220
 55 -2 3 279
 55 3 0 351
 55 -1 -2 46
 55 -1 -3 152
 55 0 1 206
 55 1 -1 226
 55 0 2 172
 55 2 3 49
 "contig-ratio-green-core" 0.6666666666666666
 "contig-ratio-red-core" 0.7
 "a-count" 5
 "b-count" 7
 "c-color-count" 23
 "c-express-count" 21
 "d-color-count" 24
 "d-express-count" 23
 "cell-count" 56
 15 -1 1 246
 15 -2 -1 319
 105 -4 -1 6
 15 -1 -1 103
 15 0 1 237
 15 -1 -2 69
 15 1 -4 98
 15 3 1 211
 15 -2 3 153
 15 0 4 172
 105 -1 3 290
 105 2 1 310
 15 2 0 75
 15 1 1 122
 15 0 0 222
 15 4 -1 4
 15 1 2 307
 15 1 -2 275
 15 1 0 279
 15 -3 3 280
 105 -1 2 134
 15 0 -2 281
 15 0 -1 249
 15 3 3 194
 15 -3 -3 306
 15 0 2 201
 15 -2 0 118
 15 -1 0 354
 55 4 1 32
 55 -2 -3 53
 55 1 -3 58
 5 -2 1 184
 55 -1 4 270
 55 2 -3 352
 5 -2 2 211
 55 -4 1 276
 55 -1 -3 49
 55 4 0 58
 5 0 3 159
 55 -2 -2 155
 55 2 -2 298
 55 1 3 222
 55 2 2 142
 55 1 4 123
 55 -4 0 6
 55 2 3 176
 55 -3 0 241
 55 3 0 323
 55 -3 -2 117
 55 2 -1 276
 55 3 -1 321
 5 0 -4 196
 5 3 2 263
 55 -3 1 301
 55 -3 -1 115
 55 0 -3 43
 "contig-ratio-green-core" 0.6111111111111112
 "contig-ratio-red-core" 0.9230769230769231
 "a-count" 3
 "b-count" 6
 "c-color-count" 22
 "c-express-count" 22
 "d-color-count" 26
 "d-express-count" 25
 "cell-count" 56
 15 -1 -1 317
 15 0 -1 190
 15 3 0 14
 15 3 -3 17
 15 -2 1 90
 15 3 -1 251
 15 2 2 179
 15 2 -1 313
 15 4 1 308
 15 2 0 331
 15 0 0 309
 15 3 1 77
 15 2 3 37
 15 -1 -2 175
 15 -2 -2 116
 15 -2 -1 261
 15 1 -1 335
 105 -1 0 285
 105 -3 1 188
 15 -2 0 224
 15 1 0 51
 15 4 0 187
 15 -2 2 109
 15 -1 -3 52
 15 0 -3 345
 15 2 1 61
 15 -3 2 17
 15 0 -2 306
 5 -4 1 159
 55 1 2 62
 5 3 3 135
 55 -2 3 29
 55 0 1 44
 55 -3 -1 159
 55 0 4 7
 5 -4 0 11
 5 1 4 187
 55 4 -1 310
 55 -2 -4 121
 55 -3 0 315
 55 -1 2 232
 55 -1 4 100
 55 1 3 97
 55 0 2 128
 55 -1 3 314
 55 2 -2 206
 55 3 2 172
 55 -2 -3 177
 55 1 1 162
 55 2 -3 140
 55 -1 1 305
 5 -3 -3 315
 55 -4 -1 33
 55 3 -2 160
 5 -1 -4 124
 55 1 -2 53
 "contig-ratio-green-core" 0.8421052631578947
 "contig-ratio-red-core" 0.7368421052631579
