 "a-count" 5
 "b-count" 6
 "c-color-count" 22
 "c-express-count" 22
 "d-color-count" 25
 "d-express-count" 23
 "cell-count" 56
 15 4 -1 0
 15 0 1 50
 105 -3 -1 19
 15 2 0 182
 15 2 3 74
 15 1 0 147
 15 2 1 93
 15 -2 0 240
 15 2 -1 13
 15 1 -1 47
 15 0 4 311
 15 -3 3 347
 15 -1 -1 200
 15 0 -2 234
 15 -1 1 3
 15 -1 -2 239
 15 -1 0 265
 15 0 0 20
 15 0 -1 357
 15 1 1 117
 105 3 2 42
 15 3 3 161
 105 -2 -1 299
 15 -1 2 151
 15 -4 0 104
 15 0 -3 249
 15 -2 -3 348
 15 -2 -2 180
 55 4 1 241
 55 3 1 293
 55 -3 0 23
 55 -3 1 328
 55 -3 2 150
 55 1 2 100
 5 -2 1 105
 55 3 -3 4
 55 -1 -3 274
 55 3 -1 43
 5 -4 -1 31
 5 1 -3 293
 55 1 -2 212
 55 2 -2 100
 55 1 3 320
 55 -2 2 140
 55 1 4 177
 55 0 -4 20
 5 3 -2 35
 5 -3 -3 175
 55 -2 3 330
 55 3 0 167
 55 0 3 269
 55 -1 -4 125
 5 -3 -2 12
 55 -1 3 83
 55 2 -3 201
 55 0 2 23
 "contig-ratio-green-core" 0.7894736842105263
 "contig-ratio-red-core" 0.8125
 "a-count" 5
 "b-count" 3
 "c-color-count" 25
 "c-express-count" 25
 "d-color-count" 25
 "d-express-count" 23
 "cell-count" 56
 15 3 1 33
 15 0 -2 50
 15 1 -2 290
 15 0 -1 171
 15 2 2 186
 105 -3 3 21
 15 2 1 199
 15 4 1 162
 15 -1 3 185
 15 1 -1 176
 15 1 4 45
 15 1 0 292
 105 3 2 207
 15 -1 0 199
 15 -2 -2 211
 15 0 -3 337
 15 -4 1 156
 15 -4 -1 201
 105 1 -3 161
 15 0 4 91
 15 -1 4 209
 15 -1 -3 254
 15 1 3 302
 15 -1 -1 311
 15 -3 2 358
 15 -1 -2 307
 15 0 3 141
 15 2 -1 55
 55 2 -3 156
 55 -3 1 357
 55 0 1 130
 5 3 -3 130
 55 -2 0 41
 55 3 0 300
 55 -4 0 86
 55 4 -1 120
 55 0 -4 99
 55 -1 -4 204
 5 -2 -3 186
 55 3 -1 188
 55 -3 0 267
 5 1 -4 226
 55 1 1 208
 55 -3 -2 32
 55 2 3 106
 55 -1 2 70
 55 -3 -1 96
 55 -2 -1 244
 55 -2 3 316
 55 -2 2 345
 55 -2 1 35
 55 4 0 78
 55 1 2 88
 55 3 3 173
 55 -1 1 21
 55 0 2 83
 "contig-ratio-green-core" 0.7272727272727273
 "contig-ratio-red-core" 0.85
 "a-count" 5
 "b-count" 3
 "c-color-count" 25
 "c-express-count" 25
 "d-color-count" 23
 "d-express-count" 23
 "cell-count" 56
 15 -1 -3 247
 15 -2 -2 178
 15 3 -1 76
 15 -1 3 53
 15 4 1 344
 15 -2 2 171
 15 -1 2 179
 15 0 3 342
 15 1 -2 141
 15 0 -2 167
 15 0 -3 347
 15 3 1 38
 15 3 -2 197
 15 3 3 312
 105 4 0 280
 105 -3 1 24
 15 3 0 62
 105 -1 4 169
 15 -1 -2 296
 15 0 4 115
 105 -4 1 51
 15 -1 -4 334
 105 -4 -1 39
 15 2 0 90
 15 -2 -3 77
 15 0 -4 237
 15 0 -1 162
 15 -3 0 211
 55 -1 -1 148
 5 -2 3 234
 55 1 -3 97
 55 -1 0 289
 55 2 -3 301
 55 -3 -3 322
 55 -1 1 130
 55 2 -1 351
 55 4 2 208
 55 3 2 306
 55 1 2 171
 55 0 1 37
 5 1 3 345
 55 -2 1 158
 55 0 2 216
 55 -3 -2 68
 55 2 3 220
 55 -2 0 65
 55 2 2 23
 55 2 1 195
 55 1 1 193
 55 4 -1 221
 55 0 0 218
 55 2 -2 149
 55 -3 -1 355
 55 1 -1 52
 55 1 0 343
 5 3 -3 259
 "contig-ratio-green-core" 0.875
 "contig-ratio-red-core" 0.9444444444444444
