 "a-count" 7
 "b-count" 7
 "c-color-count" 22
 "c-express-count" 21
 "d-color-count" 23
 "d-express-count" 21
 "cell-count" 56
 15 -1 -3 158
 15 3 0 167
 15 -2 -1 153
 15 -2 3 72
 15 -2 2 323
 15 -1 2 20
 15 0 -4 127
 105 1 4 216
 15 1 3 308
 15 0 2 35
 15 2 -2 294
 15 3 1 49
 15 3 3 355
 15 4 0 171
 15 3 -1 254
 105 0 4 131
 15 2 -1 232
 15 -2 1 82
 105 -1 -4 131
 15 -1 3 165
 105 -4 0 296
 15 1 2 319
 105 -3 -2 243
 15 1 -4 105
 15 -2 0 12
 15 4 -1 300
 15 4 1 10
 15 0 -3 187
 55 -1 -1 104
 55 1 1 194
 55 3 2 304
 55 3 -3 262
 55 2 1 80
 55 0 -2 289
 5 2 -3 84
 55 -1 0 268
 5 3 -2 169
 55 1 -1 311
 55 -2 -3 161
 55 1 -2 178
 55 -3 2 26
 55 1 -3 238
 55 1 0 217
 5 -3 -1 168
 5 -3 1 127
 55 0 1 266
 55 -2 -2 202
 5 -3 -3 344
 55 -1 -2 226
 55 2 0 252
 55 -1 4 357
 55 0 -1 232
 55 -1 1 136
 5 -4 1 295
 55 2 2 51
 55 0 0 242
 "contig-ratio-green-core" 0.8333333333333334
 "contig-ratio-red-core" 0.8888888888888888
 "a-count" 10
 "b-count" 1
 "c-color-count" 28
 "c-express-count" 27
 "d-color-count" 19
 "d-express-count" 18
 "cell-count" 56
 105 -3 -1 182
 105 3 3 245
 15 2 3 249
 105 0 -4 167
 15 3 -3 115
 105 0 -3 273
 15 0 5 286
 105 -4 1 280
 105 4 -1 198
 105 -4 -1 88
 15 4 1 252
 15 -2 1 47
 15 3 2 355
 105 -4 0 195
 15 -2 2 17
 15 1 4 88
 15 3 -1 237
 15 -1 -2 343
 15 1 3 346
 15 -3 1 68
 15 -3 2 252
 15 -1 -1 223
 15 -2 -1 350
 105 -3 -2 34
 15 -3 3 267
 15 -1 0 83
 15 -2 3 278
 15 -2 -2 285
 55 0 1 84
 55 0 2 231
 55 1 1 162
 55 -1 2 261
 55 2 -1 342
 55 2 0 209
 55 2 -2 68
 55 1 -1 262
 55 3 1 58
 55 1 -2 188
 55 0 3 51
 55 0 4 10
 55 -1 3 323
 55 2 1 57
 55 -3 0 30
 55 2 2 292
 55 0 0 10
 55 -2 4 71
 55 -1 1 106
 55 1 2 336
 55 -1 4 88
 55 3 0 227
 55 1 0 226
 55 -1 3 274
 55 2 -3 51
 55 0 -2 30
 55 2 2 64
 55 1 -3 212
 "contig-ratio-green-core" 0.65
 "contig-ratio-red-core" 1.0666666666666667
 "a-count" 9
 "b-count" 3
 "c-color-count" 26
 "c-express-count" 25
 "d-color-count" 21
 "d-express-count" 19
 "cell-count" 56
 15 0 -4 54
 15 1 2 143
 105 1 -3 266
 15 -3 -2 264
 15 2 3 286
 15 -4 0 1
 15 -3 -1 129
 15 0 -3 214
 15 -2 -1 49
 15 3 3 259
 105 4 0 278
 105 3 0 47
 15 -2 1 151
 105 3 -2 71
 15 2 -3 338
 15 0 3 49
 15 2 1 307
 15 0 4 228
 15 1 3 185
 105 -4 1 53
 105 1 -4 152
 15 -3 0 82
 15 -2 0 120
 15 0 2 235
 15 -1 -4 203
 15 2 2 218
 15 -3 1 167
 105 1 4 354
 55 3 2 86
 55 0 -2 151
 55 -1 4 284
 55 -2 -3 66
 55 -1 3 224
 55 1 -1 273
 55 0 1 292
 55 1 -2 42
 55 -4 -1 199
 55 -1 2 219
 55 2 -1 221
 55 -1 -3 181
 55 0 -1 276
 55 -1 -1 34
 55 1 0 25
 55 -2 2 155
 55 -3 3 268
 55 -3 2 357
 55 1 1 114
 55 4 -1 51
 55 2 0 54
 55 -3 -3 243
 55 -1 -2 3
 5 3 -3 85
 55 -2 -2 306
 5 -2 3 13
 55 2 -2 87
 55 0 0 31
 "contig-ratio-green-core" 0.631578947368421
 "contig-ratio-red-core" 0.8421052631578947
 "a-count" 6
 "b-count" 4
 "c-color-count" 24
 "c-express-count" 24
 "d-color-count" 23
 "d-express-count" 22
 "cell-count" 56
 15 -1 -2 93
 105 2 -3 27
 15 -2 -3 39
 15 1 -2 87
 15 1 -4 28
 15 4 -1 212
 105 0 -4 291
 15 1 -3 245
 105 4 1 99
 15 3 2 245
 15 -3 1 290
 15 4 0 238
 15 3 -1 296
 105 -2 3 143
 15 -1 3 225
 15 2 -1 129
 15 2 -2 290
 15 0 -2 123
 15 3 1 42
 15 -1 -4 169
 15 -1 4 83
 15 0 4 47
 15 -2 2 120
 15 3 0 200
 15 3 3 215
 15 -2 -2 80
 105 0 -3 148
 15 -1 -3 55
 55 0 1 276
 55 1 4 137
 55 2 1 343
 55 1 0 254
 55 -2 1 56
 55 -1 -1 41
 55 -2 0 193
 55 -1 0 54
 5 3 -3 345
 5 -4 1 199
 55 0 0 322
 55 1 2 188
 55 0 3 263
 55 0 -1 239
 55 1 1 94
 5 -3 -2 198
 55 -2 -1 199
 55 2 2 349
 55 2 0 136
 55 0 2 116
 55 1 -1 197
 5 -4 0 49
 55 -1 1 73
 55 1 3 293
 55 -1 2 130
 55 -3 -1 239
 55 3 -2 32
 55 2 3 272
 "contig-ratio-green-core" 1
 "contig-ratio-red-core" 0.631578947368421
