 "a-count" 9
 "b-count" 3
 "c-color-count" 26
 "c-express-count" 25
 "d-color-count" 20
 "d-express-count" 19
 "cell-count" 56
 15 2 3 41
 15 5 1 341
 105 1 -3 328
 15 -3 1 190
 15 4 0 277
 15 -2 -1 237
 15 -3 0 21
 15 -3 2 83
 15 -1 -1 264
 15 2 -2 123
 105 3 -3 258
 105 3 3 324
 105 2 -3 205
 15 2 -1 252
 105 0 -4 104
 15 -1 -3 188
 15 4 1 51
 15 -1 4 352
 15 0 4 285
 105 -2 -2 260
 105 -4 -1 29
 15 3 2 297
 15 1 -2 241
 15 2 4 336
 15 -1 -2 191
 105 4 -1 69
 15 -3 -1 263
 15 1 4 74
 55 -2 0 168
 55 1 1 134
 55 0 3 81
 55 -3 3 204
 55 1 2 37
 55 0 0 345
 55 -2 4 57
 55 1 -4 95
 55 -1 1 346
 55 -3 -3 354
 55 0 -1 183
 55 2 0 340
 55 2 2 320
 55 1 3 341
 55 1 -1 204
 55 2 1 156
 55 0 1 357
 5 -2 -3 168
 55 3 0 155
 55 -1 3 78
 55 -2 3 79
 5 -1 2 14
 55 -2 2 277
 55 -1 0 62
 55 3 1 16
 55 0 2 326
 55 1 0 156
 55 -2 1 325
 "contig-ratio-green-core" 0.875
 "contig-ratio-red-core" 0.8
 "a-count" 10
 "b-count" 2
 "c-color-count" 26
 "c-express-count" 26
 "d-color-count" 19
 "d-express-count" 18
 "cell-count" 56
 105 -1 -4 253
 15 -1 -1 203
 15 -3 -3 351
 15 3 -2 301
 105 2 -3 226
 105 0 -4 288
 15 3 -1 25
 15 -3 -2 258
 15 2 3 264
 15 -3 1 120
 105 3 -3 13
 15 -3 -1 131
 15 -2 -1 256
 105 3 2 1
 15 3 1 335
 15 -1 0 235
 15 3 0 84
 15 -2 0 43
 15 -3 0 314
 15 -4 0 287
 15 2 2 241
 15 1 -3 331
 105 -1 4 99
 105 -4 -1 352
 15 -2 -2 245
 105 4 1 331
 105 1 -4 120
 15 2 -2 282
 55 -1 1 265
 55 -1 3 161
 55 0 3 65
 55 0 0 333
 55 -2 3 246
 55 1 2 40
 55 1 3 324
 55 -1 -2 99
 55 -2 -3 331
 55 -2 1 298
 55 1 -1 271
 55 2 0 312
 55 -1 2 350
 55 0 -1 27
 55 -1 -3 307
 55 0 1 311
 55 1 0 138
 5 0 4 280
 55 -2 2 6
 55 2 -1 46
 55 2 1 191
 55 1 1 69
 5 -3 3 243
 55 0 -3 323
 55 0 -2 7
 55 4 -1 355
 55 1 -2 19
 55 0 2 320
 "contig-ratio-green-core" 0.7647058823529411
 "contig-ratio-red-core" 0.8571428571428571
 "a-count" 7
 "b-count" 1
 "c-color-count" 27
 "c-express-count" 27
 "d-color-count" 22
 "d-express-count" 21
 "cell-count" 56
 15 3 -1 59
 15 3 2 166
 15 2 -2 96
 105 2 -3 17
 15 -2 -3 271
 15 0 3 261
 15 0 -4 19
 15 1 -1 299
 15 -3 -1 328
 15 1 -3 124
 105 1 -4 93
 105 1 3 108
 15 2 3 166
 105 -3 -3 154
 15 2 -1 143
 15 -2 2 38
 15 3 1 222
 15 -4 0 150
 105 -1 4 42
 15 3 0 254
 15 1 -2 91
 15 -2 3 141
 15 2 0 318
 105 -4 1 312
 15 0 4 188
 15 -1 -4 326
 15 -3 -2 303
 15 -1 2 185
 55 0 -2 30
 55 4 0 71
 55 0 -3 352
 55 -2 -2 185
 55 -1 -3 261
 5 -4 -1 31
 55 0 0 212
 55 0 -1 319
 55 -1 1 264
 55 -3 3 236
 55 2 2 116
 55 2 1 290
 55 4 -1 114
 55 -2 1 289
 55 -2 -1 19
 55 1 2 276
 55 -2 0 173
 55 -1 0 274
 55 -1 -1 9
 55 -3 1 1
 55 0 1 128
 55 3 -2 6
 55 -3 2 279
 55 -3 0 222
 55 -1 -2 280
 55 0 2 66
 55 1 1 224
 55 1 0 247
 "contig-ratio-green-core" 1.0555555555555556
 "contig-ratio-red-core" 1
 "a-count" 11
 "b-count" 3
 "c-color-count" 26
 "c-express-count" 25
 "d-color-count" 18
 "d-express-count" 17
 "cell-count" 56
 105 1 4 321
 15 1 3 210
 105 0 -4 131
 15 3 0 175
 105 -1 -4 134
 15 -2 -2 8
 15 3 1 50
 15 -1 -1 297
 15 -4 -1 285
 105 3 -3 114
 15 3 -1 278
 15 4 -1 162
 105 -2 3 255
 15 0 2 86
 15 0 4 236
 15 -3 -2 309
 105 1 -4 346
 15 2 3 48
 15 -1 -2 21
 15 -1 3 38
 15 1 -2 243
 105 0 3 38
 105 2 -3 315
 15 0 -2 92
 105 3 3 199
 105 0 -3 168
 15 -2 -1 163
 15 -1 2 260
 55 -1 1 352
 5 -3 3 241
 55 0 0 336
 55 0 1 67
 5 -3 -3 253
 55 1 1 104
 55 2 -2 155
 55 -1 4 99
 55 -2 -3 119
 55 -2 0 357
 55 2 0 123
 55 1 -1 97
 55 -2 1 312
 55 1 2 12
 55 2 1 340
 55 3 2 21
 55 -1 0 123
 55 -3 1 264
 55 -3 0 11
 55 -3 -1 29
 55 -2 2 177
 55 -1 -3 172
 55 1 0 170
 55 3 -2 46
 55 0 -1 44
 55 -3 2 193
 55 2 2 46
 55 2 -1 35
 "contig-ratio-green-core" 0.7
 "contig-ratio-red-core" 1.1333333333333333
