 "a-count" 8
 "b-count" 3
 "c-color-count" 27
 "c-express-count" 25
 "d-color-count" 21
 "d-express-count" 20
 "cell-count" 56
 15 3 -1 6
 105 -4 -1 96
 15 4 0 229
 15 3 2 344
 15 3 -3 131
 15 1 -4 172
 15 -2 -3 53
 105 -1 4 227
 105 -3 -2 193
 105 3 3 156
 15 -2 3 292
 15 2 3 128
 105 1 4 188
 105 -3 2 229
 15 -1 -3 42
 15 1 3 51
 15 -1 2 117
 15 -2 1 327
 15 -1 3 205
 105 -3 1 151
 15 2 -3 303
 15 0 3 207
 15 -1 -4 328
 15 2 -1 38
 15 -4 0 224
 15 -4 1 224
 15 4 1 324
 15 2 -2 91
 55 -1 1 13
 55 1 0 113
 55 1 2 46
 55 0 4 244
 55 -2 -2 349
 5 0 -1 309
 55 0 2 259
 55 0 -3 306
 55 1 -1 273
 55 1 -2 211
 55 -3 -1 237
 55 0 0 74
 55 0 1 285
 55 1 -3 226
 55 2 1 160
 55 0 -2 9
 55 -3 0 328
 55 3 0 74
 55 -2 0 297
 55 -1 -1 306
 55 -3 3 126
 55 2 0 266
 55 -1 0 34
 55 1 1 14
 55 3 1 100
 55 2 2 53
 55 -1 -2 165
 55 -2 -1 53
 "contig-ratio-green-core" 1
 "contig-ratio-red-core" 0.9333333333333333
 "a-count" 7
 "b-count" 3
 "c-color-count" 25
 "c-express-count" 25
 "d-color-count" 21
 "d-express-count" 21
 "cell-count" 56
 15 4 0 345
 15 1 3 305
 15 0 -4 152
 15 -3 0 233
 105 -4 0 323
 15 2 -2 227
 15 -1 3 39
 15 4 1 146
 15 3 2 40
 105 -2 2 213
 15 4 -1 49
 15 2 -1 256
 105 3 0 59
 105 3 -1 104
 15 -2 3 225
 15 2 3 176
 15 1 4 40
 105 4 2 254
 105 -4 1 358
 15 3 1 65
 15 1 -3 275
 105 1 -4 183
 15 2 0 356
 15 -2 1 336
 15 -3 1 156
 15 -1 2 138
 15 -3 -1 316
 15 1 -2 70
 55 -2 -1 43
 55 -1 -4 49
 55 1 -1 358
 5 -3 2 279
 55 -1 -2 283
 55 -3 -2 272
 55 0 4 281
 55 -1 1 68
 55 1 0 81
 55 3 -2 86
 55 0 -2 48
 55 -2 0 220
 5 -3 -3 142
 5 -3 3 53
 55 -1 4 171
 55 -1 -1 131
 55 4 -2 128
 55 3 3 109
 55 -1 0 185
 55 2 2 226
 55 0 0 251
 55 0 -1 113
 55 0 -3 18
 55 2 1 281
 55 -2 -2 222
 55 1 2 182
 55 0 2 52
 55 0 1 30
 "contig-ratio-green-core" 0.8888888888888888
 "contig-ratio-red-core" 0.9
 "a-count" 9
 "b-count" 3
 "c-color-count" 25
 "c-express-count" 25
 "d-color-count" 19
 "d-express-count" 19
 "cell-count" 56
 105 -3 -3 14
 15 -2 -1 47
 15 2 -2 267
 15 4 1 122
 105 -3 -1 261
 15 -2 -2 128
 15 4 0 185
 105 2 3 328
 15 -3 0 279
 15 -4 1 76
 105 -4 0 214
 15 1 3 339
 15 0 4 357
 15 3 -1 99
 15 -3 3 349
 15 -3 2 199
 105 -1 -4 304
 15 -2 0 336
 105 4 -1 295
 15 -2 2 354
 15 -4 2 203
 15 -2 1 76
 105 -2 4 271
 105 3 -2 99
 105 1 -4 277
 15 2 -3 250
 15 -2 3 244
 15 0 -4 154
 55 3 1 126
 55 1 -1 55
 55 1 0 233
 55 1 1 307
 55 0 -3 333
 55 2 -1 105
 5 3 2 207
 55 0 0 144
 55 -1 3 318
 55 -1 2 32
 55 1 2 358
 5 3 3 213
 55 -1 -2 62
 55 -1 -1 205
 55 0 3 236
 55 -4 3 51
 55 -1 0 100
 5 -1 4 76
 55 -1 1 211
 55 2 0 172
 55 1 -3 184
 55 0 2 16
 55 0 -2 311
 55 2 2 332
 55 0 1 116
 55 0 -1 130
 55 3 0 136
 55 1 -2 353
 "contig-ratio-green-core" 0.8666666666666667
 "contig-ratio-red-core" 0.9285714285714286
 "a-count" 6
 "b-count" 7
 "c-color-count" 21
 "c-express-count" 21
 "d-color-count" 22
 "d-express-count" 22
 "cell-count" 56
 15 2 2 4
 105 3 0 9
 15 1 0 332
 105 1 -4 99
 15 1 3 308
 105 -3 -3 288
 105 4 -1 71
 15 0 3 241
 15 0 -4 307
 15 2 -1 248
 15 -2 2 28
 15 1 1 118
 15 3 2 71
 15 -2 -3 35
 15 1 2 196
 15 -1 -3 313
 105 -3 2 6
 15 0 -3 194
 105 -1 2 53
 15 0 2 99
 15 2 1 150
 15 2 0 31
 15 -1 3 173
 15 0 1 116
 15 -4 0 331
 15 -4 -1 345
 15 -1 1 341
 15 -3 -1 81
 5 3 -1 272
 5 1 4 73
 55 -2 -1 254
 55 -3 1 356
 55 2 3 124
 55 -2 0 162
 55 -1 -2 63
 55 1 -3 88
 55 4 0 309
 55 0 0 42
 5 4 1 80
 55 -2 -2 137
 5 -1 -4 242
 5 3 -2 24
 55 0 -2 61
 55 -1 4 209
 55 0 4 357
 5 2 -3 283
 55 -1 -1 124
 55 1 -1 285
 55 -4 1 65
 5 -3 -2 29
 55 -1 0 314
 55 -2 1 27
 55 1 -2 321
 55 -3 0 119
 55 3 3 14
 55 0 -1 99
 "contig-ratio-green-core" 0.8235294117647058
 "contig-ratio-red-core" 0.8666666666666667
