 "a-count" 9
 "b-count" 8
 "c-color-count" 20
 "c-express-count" 20
 "d-color-count" 22
 "d-express-count" 19
 "cell-count" 56
 105 -2 -2 319
 15 -1 -4 201
 15 -2 0 52
 15 4 0 186
 105 -4 0 74
 15 4 1 256
 15 2 2 184
 15 -4 -1 210
 15 3 0 84
 15 3 -2 128
 105 -2 -3 331
 15 1 3 59
 15 -1 0 6
 15 1 2 154
 15 3 1 347
 15 2 3 235
 15 1 -3 297
 105 2 -3 271
 15 -2 1 165
 15 -3 2 179
 15 -2 -1 326
 15 -3 1 209
 15 3 -1 30
 15 -1 -1 359
 15 2 -1 335
 105 -3 -2 125
 15 2 -2 127
 105 0 -3 300
 5 3 3 63
 55 0 3 340
 55 0 -2 102
 55 -3 0 115
 5 4 -1 118
 55 -3 -1 16
 55 -1 -2 110
 55 1 0 277
 55 1 1 41
 5 -1 4 307
 55 3 -3 43
 55 0 -1 186
 5 -2 3 71
 55 0 1 62
 5 0 4 315
 55 3 2 42
 55 -1 2 359
 5 4 2 109
 55 -2 2 262
 55 2 0 177
 55 2 1 209
 55 1 -2 265
 55 0 2 72
 55 -1 3 224
 5 1 4 277
 55 0 0 294
 5 -3 3 135
 55 -1 1 205
 "contig-ratio-green-core" 1.0666666666666667
 "contig-ratio-red-core" 0.75
 "a-count" 6
 "b-count" 3
 "c-color-count" 25
 "c-express-count" 25
 "d-color-count" 22
 "d-express-count" 22
 "cell-count" 56
 105 4 -1 259
 15 4 3 174
 15 3 3 154
 15 -2 0 313
 15 -3 1 251
 15 -1 -3 292
 15 0 -2 179
 15 3 -1 228
 15 4 1 106
 15 4 1 353
 15 0 -4 244
 15 4 2 132
 105 0 -3 310
 105 2 -3 62
 15 3 -2 263
 105 1 -4 261
 105 -3 0 305
 15 2 -2 321
 15 -1 -2 245
 15 -2 -1 278
 15 2 3 356
 15 -3 2 143
 15 4 0 229
 105 1 -3 256
 15 -2 1 11
 15 -2 2 42
 15 -2 3 81
 15 1 -2 2
 55 -1 -4 308
 55 0 0 119
 55 3 2 259
 55 0 1 194
 55 3 1 183
 55 1 3 115
 55 -3 -2 355
 55 -1 2 139
 55 0 -1 176
 55 -1 -1 248
 55 0 4 165
 55 -2 4 182
 55 -1 1 134
 55 2 2 262
 55 2 1 218
 55 3 0 2
 55 -1 0 92
 5 -4 -1 315
 55 1 2 320
 55 1 1 247
 55 3 -3 190
 55 2 -1 297
 5 -3 -3 77
 5 -1 3 102
 55 1 0 265
 55 -2 -2 219
 55 1 -1 153
 55 2 0 181
 "contig-ratio-green-core" 0.9333333333333333
 "contig-ratio-red-core" 0.8235294117647058
 "a-count" 12
 "b-count" 5
 "c-color-count" 24
 "c-express-count" 23
 "d-color-count" 16
 "d-express-count" 16
 "cell-count" 56
 105 -1 -3 11
 15 -3 2 290
 105 1 4 221
 15 2 1 354
 15 1 1 306
 105 0 4 224
 105 1 2 227
 15 -3 1 174
 105 4 1 298
 105 -1 3 252
 15 3 -3 312
 15 -1 -2 152
 105 2 2 60
 105 1 -4 147
 15 3 1 20
 15 0 3 208
 15 -3 0 120
 15 3 2 104
 105 0 -3 198
 15 1 -3 304
 15 -3 -1 7
 15 -2 -2 42
 105 1 3 2
 15 0 2 40
 15 3 0 213
 15 2 -3 12
 105 2 3 88
 105 -2 3 220
 55 -1 2 224
 5 -4 1 145
 55 3 -2 250
 55 0 1 263
 55 -1 1 28
 55 -1 0 346
 55 2 -2 98
 55 2 -1 33
 55 2 0 347
 5 4 0 175
 55 3 -1 212
 55 1 0 269
 55 -2 2 126
 55 3 3 226
 55 -3 -2 133
 55 -2 0 164
 55 0 -2 14
 55 -4 -1 16
 5 -4 0 134
 55 0 -1 103
 55 0 0 247
 55 1 -1 353
 5 -1 4 202
 55 -2 -1 160
 55 -1 -1 345
 55 -2 1 310
 55 1 -2 135
 55 -1 -4 85
 "contig-ratio-green-core" 0.8666666666666667
 "contig-ratio-red-core" 1.2727272727272727
 "a-count" 2
 "b-count" 6
 "c-color-count" 23
 "c-express-count" 22
 "d-color-count" 26
 "d-express-count" 26
 "cell-count" 56
 15 1 4 56
 15 2 1 28
 15 -2 -3 83
 15 3 0 27
 15 3 3 92
 15 4 0 85
 15 1 -1 154
 15 -3 1 274
 15 -2 -4 322
 15 2 2 27
 15 1 0 249
 15 2 -2 356
 15 3 1 241
 15 4 1 275
 15 2 -1 336
 105 -2 2 93
 105 -1 4 250
 15 2 0 358
 15 -4 0 92
 15 -2 -2 11
 15 -4 -1 10
 15 -3 -1 10
 15 -1 -2 133
 15 3 2 74
 15 -3 0 188
 15 0 4 263
 15 -1 -4 56
 15 2 -3 126
 55 -2 1 97
 55 1 1 22
 55 1 2 85
 55 0 -1 72
 5 1 -4 137
 55 -1 -1 145
 55 0 3 341
 55 0 1 58
 55 -2 0 227
 55 3 -2 55
 55 -1 1 192
 5 -3 -3 213
 5 3 -1 68
 55 1 3 13
 55 0 -4 49
 55 -1 2 144
 55 -3 2 109
 55 3 -3 121
 55 -3 -2 132
 55 0 -3 88
 5 -2 3 282
 5 0 -2 74
 55 0 2 203
 55 0 0 131
 55 1 -3 252
 55 -1 0 121
 55 2 3 348
 55 -2 -1 279
 "contig-ratio-green-core" 0.8235294117647058
 "contig-ratio-red-core" 0.7142857142857143
