 "a-count" 6
 "b-count" 7
 "c-color-count" 21
 "c-express-count" 21
 "d-color-count" 23
 "d-express-count" 22
 "cell-count" 56
 15 0 -4 68
 15 1 -3 252
 15 0 3 72
 15 -2 4 95
 15 2 2 90
 105 3 -3 167
 15 -2 3 355
 15 4 0 3
 15 2 -2 62
 105 3 -2 339
 15 0 2 16
 15 1 2 212
 15 0 -3 132
 105 4 -1 213
 15 -3 2 322
 15 -3 -2 295
 15 -1 3 145
 105 -4 1 347
 15 -1 -4 227
 105 3 -1 120
 15 1 3 352
 15 -3 1 60
 15 3 0 166
 15 -4 0 304
 15 -1 -3 226
 15 2 -3 220
 15 -3 0 48
 15 -3 -1 232
 55 -1 4 358
 5 0 4 287
 55 -1 -2 112
 5 1 -1 234
 55 2 0 250
 5 2 3 93
 55 0 -1 317
 55 -4 -1 339
 55 0 1 225
 55 1 1 98
 55 0 -2 108
 55 1 -2 357
 55 0 0 32
 55 2 -1 133
 55 -2 -1 285
 5 1 -4 169
 55 -2 1 259
 55 3 1 17
 5 3 2 282
 5 -2 -3 232
 55 -3 3 108
 55 1 0 74
 55 -1 0 109
 5 3 3 298
 55 -1 -1 61
 55 -2 -2 69
 55 2 1 48
 55 -1 1 83
 "contig-ratio-green-core" 0.8666666666666667
 "contig-ratio-red-core" 0.7
 "a-count" 9
 "b-count" 3
 "c-color-count" 25
 "c-express-count" 25
 "d-color-count" 19
 "d-express-count" 19
 "cell-count" 56
 15 3 2 152
 105 -1 -4 215
 105 -3 -3 312
 105 -3 2 128
 15 0 -2 357
 15 3 1 47
 15 -1 -3 137
 15 -2 -1 287
 105 -2 -3 44
 15 -3 -2 92
 15 3 0 304
 15 -3 0 242
 15 -4 1 176
 15 -2 2 259
 15 -4 0 3
 15 2 -2 138
 105 4 0 292
 15 0 4 126
 105 -3 3 257
 105 4 1 268
 15 3 -2 47
 15 1 -2 160
 15 -2 -2 1
 15 3 -1 39
 15 -1 -2 259
 15 0 -3 85
 105 -4 -1 343
 105 -2 3 3
 55 2 4 236
 55 1 3 246
 55 -2 1 292
 55 2 1 15
 55 0 0 6
 55 1 -1 156
 55 4 -1 292
 55 1 1 56
 55 0 3 237
 55 0 -1 212
 55 -1 2 94
 55 -1 1 136
 55 2 0 95
 55 1 2 320
 55 2 3 88
 5 2 -3 12
 55 1 0 16
 55 0 2 223
 55 2 -1 290
 5 0 -4 306
 55 -1 0 11
 55 -1 -1 106
 5 1 -3 215
 55 -1 3 168
 55 -3 1 351
 55 -2 0 139
 55 0 1 111
 55 2 2 73
 "contig-ratio-green-core" 0.8125
 "contig-ratio-red-core" 0.6923076923076923
 "a-count" 8
 "b-count" 3
 "c-color-count" 26
 "c-express-count" 25
 "d-color-count" 21
 "d-express-count" 20
 "cell-count" 56
 15 -2 2 235
 15 -1 3 108
 15 -2 -4 144
 15 0 3 93
 15 4 2 153
 15 -2 -1 173
 15 -3 2 100
 105 3 -3 268
 15 1 -3 43
 15 -4 -1 264
 15 0 4 223
 15 0 -3 130
 15 -1 -1 81
 105 2 -3 8
 15 3 -2 18
 15 1 3 227
 105 -2 3 74
 15 2 -2 251
 15 4 0 244
 15 1 -2 175
 105 -3 3 325
 15 0 -2 259
 15 -3 -1 2
 105 3 3 64
 105 1 -4 233
 15 -1 -3 103
 105 1 4 283
 15 -3 -2 4
 55 0 1 31
 55 2 0 251
 55 -1 -4 229
 55 -3 0 274
 55 3 0 250
 55 1 -1 170
 55 2 1 52
 55 0 -4 301
 55 2 4 18
 5 2 3 254
 55 2 -1 258
 55 -1 1 120
 55 -1 2 351
 55 1 2 16
 5 -2 -2 143
 55 -2 0 161
 55 -1 0 341
 55 1 1 170
 55 -3 1 158
 55 0 0 110
 55 0 2 195
 55 3 2 47
 55 3 1 101
 55 -2 -3 351
 55 -2 1 96
 55 0 -1 226
 55 1 0 197
 55 2 2 38
 "contig-ratio-green-core" 0.8888888888888888
 "contig-ratio-red-core" 0.8666666666666667
 "a-count" 4
 "b-count" 3
 "c-color-count" 26
 "c-express-count" 25
 "d-color-count" 25
 "d-express-count" 24
 "cell-count" 56
 15 2 4 4
 15 3 3 298
 15 -3 2 44
 15 4 1 48
 105 1 -3 69
 15 -2 2 350
 15 3 2 22
 15 0 4 108
 15 3 0 223
 15 1 4 333
 15 0 -2 124
 105 -2 -3 61
 15 1 -4 270
 15 -3 -1 53
 15 -2 -2 263
 15 1 -2 28
 105 -3 3 24
 15 -1 -2 47
 15 0 -3 262
 15 -2 3 84
 15 3 1 299
 15 2 -1 175
 15 4 0 199
 15 -1 4 249
 15 -1 3 55
 15 3 -1 109
 15 4 -1 69
 15 3 -3 16
 55 -3 1 318
 55 1 2 296
 55 1 3 244
 5 2 -3 344
 55 -3 0 92
 55 0 3 182
 55 -1 1 143
 55 2 2 229
 55 -2 0 223
 55 0 -1 124
 55 -2 1 36
 55 0 1 307
 55 -1 -1 161
 55 1 1 16
 55 0 -4 175
 55 0 2 58
 55 2 3 248
 55 1 -1 15
 55 2 1 279
 55 2 0 346
 5 -4 0 55
 55 -3 -2 227
 55 -2 -1 5
 55 3 -2 307
 55 1 0 44
 55 -1 2 71
 55 0 0 315
 55 -1 0 285
 "contig-ratio-green-core" 1.1428571428571428
 "contig-ratio-red-core" 0.6842105263157895
