 "a-count" 9
 "b-count" 2
 "c-color-count" 26
 "c-express-count" 26
 "d-color-count" 20
 "d-express-count" 19
 "cell-count" 56
 15 0 3 21
 15 0 -3 203
 15 0 4 261
 15 1 -3 234
 15 -2 -1 202
 105 -3 3 152
 15 -3 -3 260
 15 3 2 356
 15 -2 2 206
 15 1 -2 53
 105 -1 -4 180
 15 3 1 331
 105 -3 -2 49
 105 -1 3 188
 15 0 -2 287
 15 -1 -2 175
 15 3 0 77
 15 2 -3 78
 15 -3 -1 306
 105 2 -2 271
 15 1 3 116
 105 3 -3 30
 15 -4 1 50
 15 -1 -3 125
 15 2 -1 332
 105 -1 4 25
 15 1 4 77
 105 -3 2 243
 55 1 1 254
 55 -2 -2 194
 55 -3 0 94
 55 0 1 157
 55 0 -4 303
 5 3 -2 341
 55 2 1 201
 55 -4 -1 79
 55 2 2 299
 55 0 -1 305
 55 -1 0 331
 55 -1 2 4
 55 -2 0 98
 55 -4 0 289
 55 4 -1 216
 55 0 0 89
 55 1 2 140
 55 -1 -1 18
 55 -2 1 256
 55 -3 1 93
 55 -2 -3 332
 55 1 -1 41
 55 2 0 263
 55 -1 1 261
 55 4 0 106
 55 1 0 42
 55 0 2 253
 5 2 3 195
 "contig-ratio-green-core" 0.7894736842105263
 "contig-ratio-red-core" 0.8888888888888888
 "a-count" 6
 "b-count" 1
 "c-color-count" 27
 "c-express-count" 27
 "d-color-count" 22
 "d-express-count" 22
 "cell-count" 56
 15 4 1 5
 105 -1 4 336
 15 -3 1 112
 15 -3 0 191
 15 -2 -3 42
 105 -4 0 261
 15 1 4 149
 15 3 -2 357
 105 4 0 72
 15 -4 -1 46
 15 2 2 322
 105 0 -4 328
 15 1 3 33
 15 -4 1 105
 15 1 -4 75
 15 0 2 74
 15 0 3 234
 105 2 3 141
 15 -3 -1 274
 15 1 -3 125
 15 -3 2 274
 15 -1 -3 127
 15 0 -3 8
 15 2 1 7
 15 3 1 314
 15 -1 3 320
 15 1 2 141
 105 -3 -2 191
 55 0 0 68
 55 0 1 245
 55 2 0 158
 55 2 -1 186
 55 -1 2 72
 55 -2 0 13
 55 -2 -1 108
 55 -1 -2 35
 55 1 -2 85
 55 -2 1 316
 55 2 -2 152
 55 -1 0 190
 55 -2 2 60
 55 3 0 19
 55 3 2 39
 55 -2 -2 179
 55 3 -1 345
 55 0 -2 26
 55 -3 3 142
 55 -3 -3 21
 55 2 -3 185
 5 4 -1 126
 55 1 0 334
 55 0 -1 208
 55 -1 -1 218
 55 1 -1 105
 55 1 1 149
 55 -1 1 160
 "contig-ratio-green-core" 0.875
 "contig-ratio-red-core" 0.8333333333333334
 "a-count" 12
 "b-count" 4
 "c-color-count" 24
 "c-express-count" 24
 "d-color-count" 16
 "d-express-count" 16
 "cell-count" 56
 15 2 -3 156
 15 -3 2 291
 15 -2 1 241
 15 1 4 329
 105 -4 -1 173
 15 -3 -1 24
 15 1 3 282
 105 -4 0 332
 15 -3 1 296
 105 -3 -2 45
 15 1 -3 210
 105 -4 1 15
 15 0 -2 285
 105 0 -3 218
 105 4 1 48
 15 -2 -3 330
 15 -1 -4 155
 105 0 -4 337
 105 3 -3 48
 15 2 1 93
 15 -2 2 303
 15 -3 3 263
 15 0 3 137
 105 1 -4 3
 15 -1 -2 315
 105 -1 -3 343
 105 3 3 285
 105 2 3 93
 55 2 0 344
 5 3 1 218
 55 2 -1 357
 55 0 0 314
 55 3 0 282
 55 -2 3 207
 55 1 -1 126
 5 0 4 163
 55 -1 -1 306
 55 -2 0 81
 55 -2 -2 262
 55 -1 2 43
 55 -1 1 246
 55 1 -2 170
 55 3 -2 98
 55 3 -1 103
 55 -2 -1 340
 5 -1 4 269
 55 1 2 6
 55 1 0 44
 55 -1 0 156
 55 0 -1 287
 55 1 1 56
 55 -1 3 145
 55 0 2 65
 55 0 1 151
 55 2 -2 8
 5 -3 -3 29
 "contig-ratio-green-core" 0.6666666666666666
 "contig-ratio-red-core" 0.8571428571428571
 "a-count" 8
 "b-count" 4
 "c-color-count" 26
 "c-express-count" 24
 "d-color-count" 20
 "d-express-count" 20
 "cell-count" 56
 15 -4 0 255
 15 3 0 11
 105 3 3 125
 105 3 -3 77
 15 1 4 72
 105 0 -4 284
 15 -1 3 295
 15 4 1 199
 15 -2 3 347
 15 -3 3 113
 15 -2 2 110
 15 0 3 254
 15 0 -3 297
 105 2 -3 59
 15 1 -3 134
 15 2 -2 104
 15 4 0 191
 15 -1 -3 28
 105 0 4 88
 15 3 1 0
 105 -3 2 102
 15 3 2 175
 15 -2 -2 321
 105 -3 -3 36
 15 -3 1 180
 15 -3 0 284
 15 1 -2 228
 105 -2 -3 264
 55 0 2 304
 55 2 -1 11
 55 2 2 73
 55 -1 0 17
 5 -3 -2 221
 55 -1 -1 165
 55 2 0 10
 55 1 3 175
 55 2 3 54
 5 -4 -1 157
 55 0 -2 297
 55 -3 -1 0
 55 4 -1 142
 55 2 1 224
 55 -1 -4 18
 55 0 0 95
 55 1 1 14
 55 -2 -1 267
 55 -1 1 355
 55 1 0 19
 55 0 1 16
 55 -1 2 73
 55 -2 1 95
 55 -1 -2 215
 55 0 -1 156
 55 1 -1 289
 55 -2 0 105
 55 1 2 217
 "contig-ratio-green-core" 0.9333333333333333
 "contig-ratio-red-core" 0.875
