 "a-count" 2
 "b-count" 4
 "c-color-count" 24
 "c-express-count" 24
 "d-color-count" 26
 "d-express-count" 26
 "cell-count" 56
 15 -1 3 103
 15 1 0 230
 15 -2 3 93
 15 -1 -4 349
 15 0 -3 196
 15 0 -2 261
 15 0 4 23
 15 -1 4 331
 15 -4 0 122
 15 0 -4 250
 15 -1 -1 292
 15 1 -3 323
 15 -1 -2 298
 15 -4 -2 322
 105 3 1 55
 15 0 0 53
 15 1 -1 36
 15 -1 -5 118
 15 0 3 59
 15 2 0 144
 15 1 -2 188
 15 0 -1 260
 15 -2 -4 182
 15 -1 -3 231
 105 -3 -3 178
 15 -3 -2 235
 15 -2 -2 68
 15 -4 -1 185
 55 -3 3 230
 55 0 1 342
 55 -2 -1 224
 55 1 1 122
 55 -3 0 327
 55 3 -2 42
 55 -4 1 133
 5 2 -1 272
 55 -3 2 248
 55 0 1 129
 55 -2 2 64
 5 2 1 246
 55 -2 0 328
 55 -2 1 4
 55 1 3 278
 55 -2 2 289
 55 -2 3 168
 55 -1 2 35
 55 -1 1 273
 55 -5 1 194
 55 -1 2 0
 55 2 -2 211
 5 2 2 234
 55 -3 1 112
 55 -1 0 81
 5 -3 -1 55
 55 1 2 333
 55 0 2 245
 "contig-ratio-green-core" 0.5
 "contig-ratio-red-core" 0.8421052631578947
 "a-count" 1
 "b-count" 5
 "c-color-count" 23
 "c-express-count" 23
 "d-color-count" 27
 "d-express-count" 27
 "cell-count" 56
 15 4 0 42
 15 -1 -2 324
 15 -2 2 13
 15 4 -2 104
 105 1 -4 257
 15 2 -3 323
 15 3 2 180
 15 -2 -2 48
 15 -3 -2 299
 15 2 1 213
 15 3 -2 115
 15 -1 -4 328
 15 -3 0 71
 15 -3 -1 204
 15 3 1 327
 15 -2 1 163
 15 4 -1 140
 15 -2 3 311
 15 -1 -3 85
 15 -3 1 103
 15 3 3 318
 15 3 -3 264
 15 -2 -3 84
 15 0 -3 202
 15 0 -2 249
 15 2 2 50
 15 2 4 279
 15 0 -4 337
 55 0 0 258
 5 0 1 15
 5 1 4 305
 55 3 -1 315
 55 3 0 34
 55 -1 0 41
 55 0 3 192
 55 1 -1 148
 5 -3 -3 137
 55 1 2 302
 55 2 0 91
 55 -2 0 314
 55 1 -2 74
 55 -2 -1 224
 55 0 -1 27
 55 2 -1 256
 55 1 1 301
 55 -1 -1 129
 55 0 4 106
 55 1 0 194
 55 1 3 68
 55 2 3 159
 55 -1 1 56
 5 -1 2 260
 55 2 -2 288
 5 -3 2 194
 55 0 2 126
 55 -1 3 291
 "contig-ratio-green-core" 1.0666666666666667
 "contig-ratio-red-core" 0.6666666666666666
 "a-count" 1
 "b-count" 2
 "c-color-count" 26
 "c-express-count" 26
 "d-color-count" 27
 "d-express-count" 27
 "cell-count" 56
 15 -1 4 198
 15 1 -3 107
 15 3 0 86
 15 -3 -2 260
 15 -2 3 167
 15 -1 -4 214
 15 -1 3 14
 15 2 -1 87
 15 2 -3 77
 15 2 -2 221
 15 0 4 23
 15 4 0 178
 15 -3 3 13
 15 -1 -3 15
 15 0 -4 25
 15 2 0 77
 15 -2 -3 94
 15 3 -1 232
 15 4 -1 114
 15 -2 -2 243
 105 -2 4 125
 15 -4 1 309
 15 -3 -1 196
 15 1 4 189
 15 2 2 152
 15 2 1 263
 15 3 2 91
 15 3 1 6
 55 -1 -2 68
 55 -2 2 50
 55 0 1 211
 55 -3 -3 270
 55 -2 -1 336
 55 -2 0 297
 55 0 -1 296
 55 -1 1 330
 55 -4 0 144
 55 2 3 51
 55 1 -2 196
 55 1 -1 235
 55 1 2 116
 55 0 -2 293
 55 1 0 77
 55 0 0 300
 55 -2 1 147
 55 1 1 90
 55 1 3 231
 5 -3 2 76
 55 -1 -1 7
 55 -3 1 76
 5 3 -2 55
 55 -3 0 279
 55 0 2 66
 55 -1 0 112
 55 0 3 304
 55 -1 2 187
 "contig-ratio-green-core" 0.875
 "contig-ratio-red-core" 0.6086956521739131
 "a-count" 2
 "b-count" 2
 "c-color-count" 26
 "c-express-count" 26
 "d-color-count" 27
 "d-express-count" 26
 "cell-count" 56
 15 3 -3 178
 15 1 -3 186
 15 -4 0 142
 15 2 2 75
 15 -4 2 172
 15 -4 -1 29
 15 0 -4 326
 15 2 -3 308
 15 3 2 148
 15 -2 -2 136
 15 -1 5 222
 15 4 0 182
 15 -2 4 34
 15 -2 3 53
 15 3 1 226
 15 3 0 155
 15 -1 -3 151
 15 4 1 252
 15 -3 -2 140
 15 3 -1 238
 15 4 -1 302
 15 -1 4 176
 15 -2 -4 246
 15 0 -3 211
 15 -3 2 90
 105 -1 -4 250
 15 -2 -3 258
 15 -4 1 98
 55 -2 0 246
 55 0 -1 229
 55 -3 -1 161
 55 0 -2 27
 55 1 0 260
 55 1 1 235
 5 -3 3 131
 55 -1 -1 305
 55 -1 1 305
 55 2 1 6
 55 -1 -2 139
 55 1 2 182
 55 2 -2 298
 55 -2 -1 106
 55 -3 0 172
 55 -2 1 256
 55 -1 0 126
 55 0 1 138
 55 0 2 226
 5 0 3 45
 55 -3 -3 53
 55 1 -1 320
 55 2 -1 5
 55 -1 2 154
 55 2 0 87
 55 1 3 162
 55 -2 2 73
 55 0 0 274
 "contig-ratio-green-core" 0.8666666666666667
 "contig-ratio-red-core" 0.43478260869565216
