 "a-count" 2
 "b-count" 3
 "c-color-count" 25
 "c-express-count" 25
 "d-color-count" 26
 "d-express-count" 26
 "cell-count" 56
 15 2 0 41
 15 3 1 0
 15 -3 -2 148
 15 2 3 228
 15 3 0 252
 15 -3 -3 54
 15 2 2 87
 15 -3 3 66
 105 4 -1 182
 15 3 -1 249
 15 3 -2 254
 105 2 -2 284
 15 -2 3 286
 15 2 -1 202
 15 1 -3 358
 15 0 -3 38
 15 3 3 231
 15 -2 -3 307
 15 1 -4 6
 15 2 1 153
 15 3 2 219
 15 -2 4 347
 15 -3 2 286
 15 -3 1 326
 15 -5 -1 55
 15 0 -4 45
 15 -2 -2 213
 15 -1 -3 207
 55 -4 0 213
 55 0 -1 200
 55 -2 0 81
 55 1 0 344
 5 -4 1 337
 55 -1 2 42
 55 1 -1 200
 55 0 -2 76
 55 0 0 286
 55 1 1 130
 55 1 -2 121
 55 -3 0 135
 55 -1 0 325
 55 -4 -1 10
 55 -2 1 194
 55 -3 -1 55
 55 0 2 154
 55 -2 1 116
 55 -1 -2 107
 5 0 1 155
 55 -1 1 32
 55 -2 2 71
 5 1 3 164
 55 -1 -1 5
 55 0 -1 75
 55 -1 1 165
 55 1 2 158
 55 -1 2 213
 "contig-ratio-green-core" 0.6842105263157895
 "contig-ratio-red-core" 0.5454545454545454
 "a-count" 3
 "b-count" 0
 "c-color-count" 28
 "c-express-count" 28
 "d-color-count" 25
 "d-express-count" 25
 "cell-count" 56
 15 2 4 144
 15 -1 3 85
 15 -3 -2 96
 15 2 2 13
 15 2 -2 232
 15 1 3 101
 15 0 -3 255
 15 2 -3 55
 105 1 -3 272
 15 -1 -2 180
 15 -2 -2 345
 15 -4 0 0
 15 2 3 78
 15 1 -2 257
 105 3 3 29
 15 -2 -1 87
 15 3 2 110
 15 -3 1 4
 15 0 3 354
 105 -3 -3 352
 15 -4 1 26
 15 -3 2 304
 15 -2 -3 244
 15 0 4 242
 15 -1 -1 73
 15 -1 -3 327
 15 0 -2 308
 15 -1 4 268
 55 4 1 131
 55 4 0 160
 55 3 -2 133
 55 3 0 357
 55 -1 0 56
 55 0 2 33
 55 -2 0 4
 55 2 -1 350
 55 1 1 254
 55 4 -1 161
 55 -2 1 331
 55 -2 2 53
 55 -1 1 150
 55 2 1 169
 55 -1 2 138
 55 1 2 232
 55 0 -1 271
 55 -4 -1 71
 55 -3 0 17
 55 3 1 300
 55 2 0 59
 55 -2 3 175
 55 1 0 143
 55 3 -1 9
 55 0 0 216
 55 0 1 55
 55 -3 -1 24
 55 1 -1 71
 "contig-ratio-green-core" 0.7
 "contig-ratio-red-core" 0.8095238095238095
 "a-count" 1
 "b-count" 1
 "c-color-count" 27
 "c-express-count" 27
 "d-color-count" 28
 "d-express-count" 27
 "cell-count" 56
 15 -2 -3 49
 15 -3 -1 163
 15 2 -2 235
 15 -1 -4 347
 15 1 3 17
 15 1 -4 103
 15 -3 0 111
 15 0 -3 173
 15 0 3 315
 15 -1 -3 140
 15 -2 -1 10
 15 -3 -2 260
 15 4 0 80
 15 2 4 235
 15 -2 1 254
 15 3 0 220
 15 -2 -2 191
 15 -4 0 71
 15 1 4 203
 15 1 -3 186
 15 3 -2 231
 15 0 4 39
 15 -2 0 171
 15 -1 3 211
 15 -3 2 277
 15 -3 1 258
 15 3 -1 353
 15 0 -4 328
 55 -2 3 301
 55 2 0 140
 55 1 1 359
 55 2 -3 166
 55 -1 -2 59
 55 1 -2 117
 55 3 3 291
 55 2 1 110
 55 0 2 244
 55 0 -2 12
 55 -1 2 274
 55 1 2 198
 55 3 0 193
 55 -4 -1 5
 55 0 0 92
 55 3 1 29
 55 -1 1 184
 5 -4 1 59
 55 -1 0 33
 55 -2 2 227
 55 -3 -3 167
 55 -1 -1 76
 55 3 2 265
 55 1 -1 259
 55 1 0 255
 55 0 1 48
 55 1 -2 214
 55 0 -1 247
 "contig-ratio-green-core" 0.8333333333333334
 "contig-ratio-red-core" 0.6923076923076923
