 "a-count" 0
 "b-count" 4
 "c-color-count" 24
 "c-express-count" 24
 "d-color-count" 28
 "d-express-count" 28
 "cell-count" 56
 15 1 -3 282
 15 3 2 260
 15 -4 -1 341
 15 4 -1 18
 15 -2 3 307
 15 2 -3 157
 15 3 3 113
 15 3 0 359
 15 -2 -3 168
 15 -3 2 62
 15 0 -3 333
 15 -4 0 64
 15 -1 -3 197
 15 3 -1 348
 15 -2 -4 108
 15 -5 0 185
 15 4 1 217
 15 1 -2 142
 15 -4 1 163
 15 3 1 285
 15 -3 1 54
 15 -1 -4 285
 15 2 -2 295
 15 2 3 294
 15 3 -2 175
 15 4 2 113
 15 1 2 102
 15 1 3 268
 55 2 -1 50
 5 -4 2 92
 55 0 2 301
 55 0 0 146
 55 0 -2 85
 55 -1 -2 180
 55 2 1 341
 5 1 0 223
 55 -3 3 132
 55 -1 4 355
 55 0 -1 230
 5 -1 1 254
 55 -3 0 261
 55 -2 -1 67
 55 -2 0 104
 55 -1 -1 291
 55 -1 0 297
 55 -1 2 248
 55 -2 2 262
 55 1 1 3
 5 0 3 252
 55 -2 1 202
 55 -1 3 7
 55 -3 -1 199
 55 0 1 270
 55 2 0 66
 55 3 -3 330
 55 1 -1 116
 "contig-ratio-green-core" 0.8666666666666667
 "contig-ratio-red-core" 0.5416666666666666
 "a-count" 1
 "b-count" 4
 "c-color-count" 24
 "c-express-count" 24
 "d-color-count" 27
 "d-express-count" 27
 "cell-count" 56
 15 0 1 267
 15 -4 -1 54
 15 -3 0 154
 15 3 0 286
 15 4 -2 164
 15 3 -3 136
 15 -1 3 199
 15 1 3 155
 15 1 -4 94
 15 -1 0 287
 15 -2 0 134
 15 -2 2 132
 15 -4 0 47
 15 3 -1 110
 15 0 4 89
 15 -2 1 331
 15 0 3 177
 15 -2 -3 117
 15 0 0 12
 15 0 2 148
 15 3 1 171
 15 -3 2 118
 15 -1 2 314
 15 4 0 128
 15 1 2 291
 15 -3 1 13
 105 1 4 185
 15 -1 1 168
 55 -2 4 349
 55 0 -4 37
 5 -1 -4 149
 55 -2 -1 15
 5 2 -3 41
 55 1 0 190
 55 1 -3 54
 5 1 -1 167
 55 -2 -2 228
 55 2 -2 358
 55 -1 4 158
 55 -1 -3 88
 55 -3 -2 320
 5 3 -2 257
 55 1 -2 262
 55 2 2 312
 55 -2 3 255
 55 2 0 36
 55 -1 -2 165
 55 4 -1 156
 55 1 1 200
 55 -1 -1 61
 55 0 -3 294
 55 0 -2 229
 55 2 -1 149
 55 2 3 311
 55 2 1 112
 55 0 -1 68
 "contig-ratio-green-core" 0.8235294117647058
 "contig-ratio-red-core" 0.7222222222222222
 "a-count" 2
 "b-count" 3
 "c-color-count" 25
 "c-express-count" 25
 "d-color-count" 26
 "d-express-count" 26
 "cell-count" 56
 105 -4 -1 75
 15 1 3 47
 15 0 -4 165
 15 4 -3 235
 15 2 2 24
 15 -1 -4 5
 15 -1 -3 189
 15 1 -2 197
 15 -3 -3 208
 15 -2 2 30
 15 -3 -1 106
 15 3 2 359
 15 4 -1 25
 15 -2 -2 159
 15 -3 -2 323
 15 2 3 116
 15 3 -1 12
 15 1 -3 100
 15 -2 -4 137
 15 -2 -3 280
 105 2 -3 280
 15 -4 0 184
 15 -3 0 303
 15 0 -3 250
 15 -2 3 145
 15 1 -4 215
 15 3 -3 359
 15 2 4 313
 55 -2 0 39
 55 0 -1 312
 55 0 3 253
 55 -1 0 305
 55 2 1 289
 55 1 2 4
 5 -3 1 322
 55 -1 -2 152
 55 -2 -1 325
 55 0 2 235
 55 4 1 52
 55 2 0 308
 55 1 0 63
 55 -1 2 271
 55 -2 1 227
 55 1 1 105
 55 1 -1 41
 55 0 0 102
 55 0 -2 10
 55 -1 -1 62
 55 -1 3 178
 55 4 0 282
 55 2 -1 292
 55 -1 1 275
 5 -4 1 343
 55 0 1 293
 5 3 0 253
 55 3 1 153
 "contig-ratio-green-core" 0.8666666666666667
 "contig-ratio-red-core" 0.6086956521739131
