 "a-count" 0
 "b-count" 1
 "c-color-count" 27
 "c-express-count" 27
 "d-color-count" 28
 "d-express-count" 28
 "cell-count" 56
 15 2 1 274
 15 1 -2 122
 15 1 -3 151
 15 2 0 72
 15 2 -3 145
 15 -1 -4 158
 15 -2 0 229
 15 2 -1 162
 15 -2 -2 218
 15 3 -1 129
 15 3 -2 144
 15 1 3 52
 15 -1 -3 354
 15 0 -4 123
 15 1 4 19
 15 1 5 318
 15 -3 -1 326
 15 3 1 220
 15 -1 4 64
 15 -2 4 174
 15 2 -2 22
 15 -2 -3 306
 15 -1 -2 290
 15 -3 -2 280
 15 0 -2 196
 15 -2 -1 318
 15 0 -3 265
 15 3 0 180
 55 -1 1 14
 55 0 1 7
 55 -2 1 232
 55 1 -4 166
 55 3 -3 175
 55 0 -1 108
 55 -4 2 172
 55 -2 2 313
 55 -3 1 4
 55 -3 -3 330
 55 0 3 286
 55 2 2 334
 55 0 3 303
 55 0 0 325
 55 -3 2 24
 55 -4 1 304
 55 -1 3 359
 55 1 2 244
 5 -3 3 283
 55 1 1 171
 55 -3 3 65
 55 -4 0 104
 55 -2 3 340
 55 -1 0 37
 55 0 2 242
 55 1 0 322
 55 -1 2 84
 55 -2 3 318
 "contig-ratio-green-core" 0.4117647058823529
 "contig-ratio-red-core" 0.6521739130434783
 "a-count" 1
 "b-count" 2
 "c-color-count" 26
 "c-express-count" 26
 "d-color-count" 27
 "d-express-count" 27
 "cell-count" 56
 15 -4 -1 299
 15 0 -4 17
 15 3 -1 104
 15 -3 -2 256
 15 -2 0 95
 15 0 4 167
 15 -3 1 327
 15 2 3 327
 15 2 4 18
 15 3 2 168
 15 -1 -4 33
 105 3 3 41
 15 0 3 345
 15 -3 -1 29
 15 3 0 36
 15 -2 2 148
 15 2 -2 358
 15 4 -1 182
 15 1 3 275
 15 -3 2 327
 15 4 0 281
 15 1 4 291
 15 2 -3 264
 15 -3 0 261
 15 3 1 59
 15 1 -4 187
 15 -4 1 135
 15 3 -2 259
 55 -1 -3 274
 55 0 0 87
 55 -1 1 196
 55 -1 -1 176
 55 -1 4 165
 55 0 1 80
 55 -1 -2 129
 55 -2 -2 336
 55 -1 3 100
 55 2 -1 331
 55 0 2 74
 55 1 1 299
 55 1 -2 40
 55 -1 2 341
 55 1 0 346
 55 2 1 298
 55 -2 -1 291
 55 1 -3 315
 55 0 -2 62
 55 3 -3 56
 55 2 2 341
 55 -1 0 191
 5 4 1 305
 55 0 -3 203
 55 1 2 326
 55 2 0 306
 55 1 -1 122
 5 0 -1 90
 "contig-ratio-green-core" 1.0625
 "contig-ratio-red-core" 0.625
 "a-count" 1
 "b-count" 1
 "c-color-count" 27
 "c-express-count" 27
 "d-color-count" 27
 "d-express-count" 27
 "cell-count" 56
 15 -3 2 149
 15 1 4 322
 15 3 -3 355
 15 3 0 156
 15 -3 -2 94
 15 3 -1 67
 15 1 -2 42
 15 2 -1 33
 15 3 1 321
 15 0 -3 31
 15 3 2 128
 15 -4 0 261
 15 -1 4 340
 105 3 -2 299
 15 -1 3 36
 15 4 1 139
 15 -1 2 72
 15 1 -4 41
 15 -2 3 223
 15 1 -3 12
 15 2 -2 142
 15 2 2 169
 15 -2 2 234
 15 0 4 250
 15 -1 -4 223
 15 -3 -1 35
 15 -4 -1 72
 15 2 3 244
 55 -1 0 350
 55 0 3 113
 55 3 3 240
 55 0 1 242
 55 1 2 288
 55 -2 0 226
 55 1 0 220
 55 -2 1 129
 55 -1 -1 27
 55 0 2 144
 55 0 -2 20
 55 0 0 91
 55 2 -3 217
 55 -1 -3 322
 55 0 -1 102
 55 -2 -2 358
 55 1 3 161
 55 1 1 34
 55 2 0 66
 55 -3 0 275
 55 -1 1 357
 55 -3 1 241
 5 4 -1 70
 55 -1 -2 156
 55 4 0 223
 55 2 1 119
 55 1 -1 49
 55 -2 -1 227
 "contig-ratio-green-core" 1.125
 "contig-ratio-red-core" 0.75
