 "a-count" 1
 "b-count" 3
 "c-color-count" 25
 "c-express-count" 25
 "d-color-count" 28
 "d-express-count" 27
 "cell-count" 56
 15 -2 -3 14
 15 -3 3 92
 15 0 3 288
 15 -3 -2 265
 15 1 -2 128
 15 1 -4 5
 15 1 -3 112
 15 -1 3 106
 15 -2 -1 270
 15 3 -1 170
 15 2 -1 97
 15 -4 -3 107
 15 2 -2 344
 15 3 1 246
 15 -1 -3 40
 15 2 -1 45
 15 0 -2 59
 15 -3 -1 128
 15 -4 1 53
 15 0 -3 353
 15 3 -2 44
 15 3 -3 46
 15 2 -4 149
 15 2 -3 96
 15 -1 -1 106
 15 3 0 251
 15 -1 -2 243
 15 -2 -2 259
 55 -2 3 64
 55 0 -4 9
 55 -3 2 298
 55 0 0 210
 55 -1 0 169
 55 2 2 223
 55 4 -3 150
 55 1 0 143
 55 0 -1 78
 55 -2 0 342
 55 -3 -3 188
 5 -1 -4 204
 55 0 1 244
 55 -3 1 295
 55 2 0 283
 55 1 1 321
 55 -1 1 108
 5 -4 0 94
 55 0 1 107
 55 -2 2 350
 55 1 -1 96
 55 -2 1 176
 5 1 2 231
 55 0 0 211
 55 -3 0 121
 55 -1 1 185
 55 1 0 84
 55 2 1 79
 "contig-ratio-green-core" 0.8235294117647058
 "contig-ratio-red-core" 0.5789473684210527
 "a-count" 1
 "b-count" 5
 "c-color-count" 23
 "c-express-count" 23
 "d-color-count" 27
 "d-express-count" 27
 "cell-count" 56
 15 0 3 30
 15 3 2 217
 15 -3 0 221
 15 3 1 202
 15 -2 3 179
 15 -4 0 340
 15 -2 1 307
 15 -2 -3 352
 15 1 -4 143
 15 3 0 156
 15 0 -4 330
 15 4 0 340
 15 -1 3 118
 15 -3 2 276
 15 -1 -3 269
 15 -4 1 330
 15 -2 -2 57
 15 0 4 247
 15 1 3 298
 15 4 1 339
 15 -3 1 321
 15 -2 2 114
 15 -1 -2 144
 15 1 4 331
 105 -3 3 178
 15 4 -1 23
 15 0 -3 11
 15 2 2 24
 55 -1 4 334
 5 1 -3 204
 55 0 -1 285
 55 0 -2 14
 55 1 2 35
 55 1 1 235
 55 2 0 319
 55 -1 -1 235
 55 -2 0 226
 55 2 -1 174
 55 -1 -4 88
 5 3 -1 93
 55 -3 -2 235
 55 -1 2 100
 55 -1 1 219
 5 -2 -1 200
 55 0 0 226
 55 1 -1 290
 5 3 -2 43
 5 3 3 129
 55 2 1 6
 55 1 0 7
 55 2 -2 346
 55 -1 0 126
 55 -3 -1 0
 55 1 -2 234
 55 0 2 132
 55 0 1 105
 "contig-ratio-green-core" 1
 "contig-ratio-red-core" 0.52
 "a-count" 4
 "b-count" 3
 "c-color-count" 25
 "c-express-count" 25
 "d-color-count" 24
 "d-express-count" 24
 "cell-count" 56
 15 3 -1 233
 15 -1 4 93
 15 -3 3 181
 15 3 3 51
 15 4 -1 123
 15 -3 -1 272
 15 -2 -3 328
 15 0 4 189
 15 1 -4 137
 105 2 -4 88
 105 -3 -2 83
 15 -3 0 94
 15 -1 -1 55
 15 3 0 226
 15 2 2 105
 15 -2 -2 150
 15 2 -2 265
 15 3 1 359
 15 -2 0 59
 105 4 1 222
 15 1 3 273
 15 3 -2 65
 15 -4 0 122
 15 2 3 47
 15 -1 -2 229
 15 -2 -1 357
 105 -3 2 140
 15 2 -3 347
 5 1 0 118
 55 -2 1 141
 55 0 -2 293
 55 -1 -3 196
 55 2 -1 214
 55 -1 2 139
 55 1 -2 248
 55 2 0 106
 55 2 1 195
 55 0 3 178
 55 -2 2 11
 55 0 -1 297
 55 1 1 195
 55 0 0 168
 5 1 4 153
 5 3 -3 206
 55 1 -1 224
 55 0 1 349
 55 -1 3 198
 55 -2 3 348
 55 1 2 105
 55 1 -3 16
 55 0 2 331
 55 0 -4 91
 55 0 -3 21
 55 -1 1 141
 55 -3 1 323
 55 -1 0 358
 "contig-ratio-green-core" 0.9411764705882353
 "contig-ratio-red-core" 0.75
 "a-count" 1
 "b-count" 2
 "c-color-count" 26
 "c-express-count" 26
 "d-color-count" 27
 "d-express-count" 27
 "cell-count" 56
 15 -2 2 237
 15 4 0 144
 15 -4 0 300
 15 3 0 249
 15 1 -2 115
 15 2 -3 192
 15 1 -4 286
 15 3 -1 231
 15 -1 3 179
 15 -4 1 249
 15 4 -1 217
 15 -1 2 155
 15 0 -4 118
 15 2 1 201
 15 3 2 35
 15 2 -1 228
 15 -1 1 347
 15 1 -3 138
 15 -3 -2 349
 15 3 3 170
 105 -3 2 232
 15 1 -1 272
 15 2 0 60
 15 -3 0 136
 15 -3 1 116
 15 2 -2 215
 15 -2 1 330
 15 3 1 149
 55 -1 -1 264
 55 1 3 154
 55 0 3 118
 55 1 2 71
 55 0 1 248
 55 1 4 163
 55 1 1 154
 5 4 1 243
 55 3 -3 143
 55 -3 -1 1
 55 -4 -1 45
 55 0 -1 66
 55 2 2 219
 55 3 -2 81
 55 -2 -2 127
 55 -1 -3 199
 5 -3 3 263
 55 -2 -3 144
 55 0 4 116
 55 0 0 109
 55 0 -3 264
 55 0 2 289
 55 -1 0 357
 55 -2 0 216
 55 1 0 14
 55 -1 -2 11
 55 0 -2 138
 55 -2 -1 321
 "contig-ratio-green-core" 0.85
 "contig-ratio-red-core" 0.6818181818181818
