 "a-count" 1
 "b-count" 2
 "c-color-count" 26
 "c-express-count" 26
 "d-color-count" 27
 "d-express-count" 27
 "cell-count" 56
 15 4 -1 159
 15 0 4 204
 15 2 -3 1
 15 -4 -1 244
 15 -1 -3 89
 15 1 -2 297
 15 2 3 338
 15 1 -3 128
 15 2 4 7
 15 -3 0 106
 15 4 1 327
 15 -1 4 225
 15 4 0 343
 15 0 -3 342
 15 -3 1 204
 105 3 -2 100
 15 3 -3 231
 15 0 -2 343
 15 -1 -2 80
 15 -3 -1 123
 15 1 4 316
 15 -2 3 66
 15 3 -1 3
 15 -4 1 19
 15 -2 -3 116
 15 2 -2 103
 15 -4 0 138
 15 -2 -2 339
 55 -1 1 334
 55 0 3 242
 55 2 2 195
 55 -2 2 157
 55 -1 0 203
 55 -1 2 276
 55 0 2 302
 55 2 -1 277
 55 -1 3 2
 55 0 0 31
 55 3 1 241
 55 1 0 260
 5 2 0 237
 55 1 1 276
 55 1 -1 220
 55 -2 0 127
 55 0 -1 236
 55 -3 -2 6
 55 1 2 74
 55 -2 -1 268
 55 0 1 278
 55 3 0 301
 55 2 1 195
 55 -2 1 331
 55 1 3 63
 55 -3 2 239
 5 3 3 13
 55 -1 -1 324
 "contig-ratio-green-core" 1.0666666666666667
 "contig-ratio-red-core" 0.6086956521739131
 "a-count" 4
 "b-count" 0
 "c-color-count" 28
 "c-express-count" 28
 "d-color-count" 24
 "d-express-count" 24
 "cell-count" 56
 15 -4 0 184
 15 -4 1 32
 15 -1 2 136
 15 4 1 205
 15 2 2 91
 15 4 -1 127
 15 -2 -3 190
 15 1 2 252
 15 -1 -4 298
 105 3 2 300
 15 -3 -2 67
 15 -2 -4 87
 15 4 0 69
 15 3 -3 47
 15 -3 -3 156
 15 2 1 104
 15 0 1 265
 15 -2 3 177
 105 0 2 99
 15 0 -4 244
 15 1 1 90
 15 3 0 179
 105 3 3 257
 15 1 3 110
 15 0 3 18
 15 -1 3 120
 105 3 1 74
 15 2 3 107
 55 1 -3 150
 55 1 -2 170
 55 0 4 44
 55 -3 -1 345
 55 -1 0 193
 55 -3 0 286
 55 -2 -2 13
 55 3 -2 324
 55 2 -1 67
 55 0 -1 76
 55 0 -3 321
 55 -2 0 12
 55 2 0 185
 55 1 4 271
 55 0 0 302
 55 -1 -1 209
 55 -2 2 336
 55 1 -1 137
 55 -2 -1 334
 55 2 -3 165
 55 -3 2 69
 55 0 -2 39
 55 -2 1 340
 55 1 0 9
 55 2 -2 49
 55 -3 1 107
 55 -1 -2 357
 55 -1 1 346
 "contig-ratio-green-core" 0.7777777777777778
 "contig-ratio-red-core" 0.6
 "a-count" 2
 "b-count" 5
 "c-color-count" 23
 "c-express-count" 23
 "d-color-count" 26
 "d-express-count" 26
 "cell-count" 56
 15 0 -4 122
 15 -2 1 303
 15 0 -3 140
 105 3 1 3
 15 2 4 323
 15 -1 -3 150
 15 0 3 106
 15 -2 2 308
 15 -2 3 11
 15 4 -1 347
 15 -3 2 218
 105 -4 1 301
 15 -3 -3 280
 15 1 4 15
 15 4 1 328
 15 0 2 359
 15 4 0 286
 15 -2 -3 298
 15 -4 -3 74
 15 1 3 73
 15 -3 1 179
 15 -2 -2 15
 15 3 -1 65
 15 -1 3 325
 15 -1 -2 96
 15 -3 -2 62
 15 -1 2 51
 15 3 -2 314
 5 2 -2 210
 55 1 2 22
 55 0 0 359
 55 1 1 103
 55 -1 -1 189
 55 -3 3 13
 55 -2 0 89
 55 -1 4 321
 5 -1 -4 331
 55 1 -3 36
 55 1 0 356
 55 0 -1 155
 5 3 2 213
 5 3 -3 190
 55 1 -2 117
 55 2 0 147
 55 -1 1 89
 55 -1 0 208
 55 2 3 255
 55 2 2 176
 55 2 -1 176
 5 -3 -1 278
 55 0 1 263
 55 -3 0 26
 55 0 4 225
 55 0 -2 257
 55 1 -1 319
 55 2 1 296
 "contig-ratio-green-core" 0.9230769230769231
 "contig-ratio-red-core" 0.5416666666666666
