 "a-count" 4
 "b-count" 6
 "c-color-count" 22
 "c-express-count" 22
 "d-color-count" 25
 "d-express-count" 24
 "cell-count" 56
 105 0 -1 107
 15 -2 -1 288
 15 -2 1 327
 15 -4 0 204
 15 3 0 242
 15 2 -2 31
 15 0 1 198
 15 -1 -3 139
 15 -2 0 160
 15 0 3 197
 15 3 -3 301
 15 -1 4 249
 15 1 -2 296
 15 1 2 177
 105 0 -2 76
 15 -3 0 212
 15 1 1 34
 15 -1 -2 259
 105 2 0 268
 15 0 0 69
 15 -1 0 181
 15 -1 -1 331
 15 -4 1 321
 15 -1 3 234
 15 1 3 149
 15 1 0 32
 15 3 -1 148
 15 1 -1 226
 55 2 -3 244
 55 1 -3 261
 55 1 -4 24
 55 -4 -1 235
 5 -3 -1 352
 55 4 1 64
 55 2 2 68
 55 3 1 104
 55 -2 -2 152
 55 -1 -4 50
 55 3 3 33
 55 0 -4 296
 55 -1 1 276
 55 -3 1 57
 55 2 1 220
 5 0 -3 106
 55 1 4 168
 5 -3 -2 191
 55 -4 2 169
 55 -2 -3 318
 5 3 2 244
 55 3 -2 64
 55 -2 3 169
 55 -2 2 144
 5 4 -1 308
 55 -3 3 157
 5 4 0 311
 55 2 3 139
 "contig-ratio-green-core" 0.7647058823529411
 "contig-ratio-red-core" 0.9411764705882353
 "a-count" 6
 "b-count" 4
 "c-color-count" 25
 "c-express-count" 24
 "d-color-count" 24
 "d-express-count" 22
 "cell-count" 56
 105 -2 -1 75
 15 3 2 344
 15 0 1 161
 105 -1 -4 309
 15 0 -2 237
 15 2 1 316
 15 -3 0 270
 15 1 -2 178
 15 0 0 203
 105 -1 0 303
 15 1 0 330
 105 2 0 321
 15 2 -1 16
 15 3 0 260
 15 -2 2 124
 15 3 1 187
 15 -1 2 54
 15 -2 1 318
 15 0 3 167
 15 1 -1 115
 15 0 -1 196
 15 0 2 135
 15 -1 -2 167
 15 -2 0 35
 15 -2 -2 161
 15 -3 -3 17
 15 1 1 30
 15 -1 -1 312
 55 1 3 177
 55 2 -3 104
 5 -3 -2 69
 55 3 3 151
 55 1 -3 317
 55 -1 -3 19
 55 -4 1 20
 55 -3 2 213
 55 2 2 3
 55 0 -4 273
 55 3 -2 295
 55 -1 3 58
 55 3 -1 110
 55 -4 -1 347
 55 1 4 8
 55 0 4 162
 55 -3 1 353
 55 4 1 33
 55 -4 0 18
 55 -3 -1 181
 55 -3 3 286
 55 -2 3 34
 55 1 -4 267
 55 4 0 150
 5 4 -1 240
 55 1 2 126
 55 -2 -3 125
 5 3 -3 243
 "contig-ratio-green-core" 0.8823529411764706
 "contig-ratio-red-core" 1.1333333333333333
 "a-count" 3
 "b-count" 3
 "c-color-count" 25
 "c-express-count" 25
 "d-color-count" 27
 "d-express-count" 25
 "cell-count" 56
 15 -1 4 85
 15 4 2 124
 15 -1 -1 219
 15 -1 0 84
 15 1 1 297
 105 3 0 259
 15 -1 1 196
 15 1 -3 133
 15 1 -2 131
 15 2 -1 5
 15 4 0 342
 15 1 2 209
 15 3 1 28
 15 2 2 299
 15 0 -2 223
 15 -3 2 99
 15 0 -1 291
 15 1 0 120
 15 -2 0 7
 15 0 1 199
 15 0 2 124
 15 -1 2 190
 15 2 0 236
 15 1 -1 251
 15 -4 1 107
 15 2 1 335
 15 3 3 259
 15 -2 -1 161
 55 -4 -1 272
 55 4 1 169
 55 -1 3 31
 55 -1 -2 74
 55 -2 -2 305
 55 3 -3 246
 55 3 -1 200
 55 2 -2 322
 55 3 -2 246
 5 -3 3 65
 55 -3 1 258
 55 4 -1 118
 55 -2 2 45
 55 -2 3 174
 55 0 4 122
 55 0 -3 161
 55 0 -4 210
 55 -4 0 170
 5 -3 0 74
 55 1 3 130
 55 -2 1 72
 55 2 -3 333
 5 -3 -3 70
 55 3 2 49
 55 2 3 98
 55 0 3 88
 55 1 -4 148
 55 1 4 179
 "contig-ratio-green-core" 0.7619047619047619
 "contig-ratio-red-core" 0.8888888888888888
 "a-count" 6
 "b-count" 4
 "c-color-count" 24
 "c-express-count" 24
 "d-color-count" 23
 "d-express-count" 22
 "cell-count" 56
 15 4 0 178
 15 -3 0 14
 105 1 -3 303
 105 0 2 308
 15 -1 3 122
 15 -2 0 87
 15 1 0 188
 15 2 -1 353
 15 0 3 262
 15 -1 0 19
 15 0 -2 161
 105 -3 3 308
 15 -1 1 24
 15 0 -1 138
 15 -2 -1 105
 15 3 0 32
 15 -1 -2 38
 15 0 1 204
 15 1 1 186
 15 1 -2 36
 15 -1 2 176
 15 3 -1 59
 105 1 4 151
 15 -4 -1 122
 105 4 -1 348
 15 -1 -1 337
 15 1 -1 252
 15 0 0 344
 55 -2 3 154
 55 -1 -3 78
 55 1 3 2
 5 2 -3 256
 5 -4 0 170
 5 2 3 186
 55 -2 2 25
 55 -2 1 59
 5 -3 -3 2
 55 3 1 39
 55 -1 -4 45
 55 2 1 20
 55 2 -2 333
 55 -4 1 252
 55 3 -2 38
 55 3 3 74
 55 -3 -1 110
 55 1 -4 31
 55 -3 -2 62
 55 3 -3 5
 55 3 2 35
 55 2 0 197
 55 4 1 323
 55 1 2 47
 55 -2 -2 125
 55 -1 4 46
 55 -3 1 64
 55 0 -4 357
 "contig-ratio-green-core" 0.7894736842105263
 "contig-ratio-red-core" 1.0666666666666667
