 "a-count" 7
 "b-count" 4
 "c-color-count" 24
 "c-express-count" 24
 "d-color-count" 26
 "d-express-count" 21
 "cell-count" 56
 15 -2 -1 11
 15 0 1 81
 15 -4 1 67
 15 -1 -3 201
 15 0 2 191
 15 -1 -2 23
 15 -1 3 300
 15 -2 -2 324
 15 1 2 280
 15 3 -1 267
 15 1 0 53
 15 -1 0 312
 15 -2 0 326
 15 0 -3 143
 15 1 4 207
 15 1 1 35
 105 0 0 310
 15 -2 2 146
 15 -1 2 142
 15 3 -2 42
 15 0 -1 23
 15 2 -2 256
 15 -1 1 64
 15 1 -1 263
 15 2 2 170
 105 -1 -4 41
 15 0 3 50
 15 -2 1 273
 55 4 0 54
 5 0 -4 277
 55 0 4 229
 55 4 -1 92
 55 -4 0 185
 55 3 0 40
 5 3 -3 354
 5 -1 4 48
 55 -2 3 47
 55 -3 -2 179
 55 1 -2 336
 55 1 -4 126
 55 -3 -3 281
 55 2 4 227
 55 -3 0 177
 55 -2 -3 111
 5 2 0 180
 55 -3 -1 8
 55 -3 1 152
 55 0 -2 260
 55 1 -3 106
 55 -3 3 143
 55 4 1 263
 55 -3 2 224
 55 3 3 269
 55 2 3 8
 55 -2 4 253
 55 2 -3 350
 "contig-ratio-green-core" 0.8333333333333334
 "contig-ratio-red-core" 0.7368421052631579
 "a-count" 4
 "b-count" 5
 "c-color-count" 23
 "c-express-count" 23
 "d-color-count" 26
 "d-express-count" 24
 "cell-count" 56
 15 -1 -2 322
 15 0 0 153
 15 -1 2 244
 15 0 4 19
 15 -2 2 109
 15 -1 -1 196
 15 2 0 343
 15 0 1 22
 15 -2 -1 129
 15 0 -2 239
 15 -4 1 163
 15 0 -1 68
 105 -2 0 103
 15 0 2 93
 15 0 3 102
 15 2 2 103
 15 -1 1 93
 15 1 1 175
 15 2 1 335
 15 1 -4 140
 15 -3 0 276
 15 1 2 345
 15 3 1 38
 105 -1 0 121
 15 -2 -3 240
 15 1 0 16
 15 1 -1 266
 15 -3 -1 249
 5 1 3 137
 55 2 -2 31
 5 -3 3 350
 55 3 -1 227
 55 -2 3 8
 55 -2 -2 273
 55 4 0 240
 55 0 -4 116
 5 2 -3 205
 55 -3 1 143
 55 -4 0 323
 55 3 -2 72
 55 1 -2 123
 55 -3 -2 301
 55 3 -3 354
 55 -4 -1 107
 55 -3 2 0
 55 2 -1 352
 55 3 0 112
 55 1 4 342
 55 4 1 254
 55 -1 4 23
 55 -1 3 216
 55 4 -1 341
 55 -1 -3 232
 55 3 3 326
 5 3 2 302
 5 2 3 297
 "contig-ratio-green-core" 0.7647058823529411
 "contig-ratio-red-core" 1.0714285714285714
 "a-count" 4
 "b-count" 7
 "c-color-count" 22
 "c-express-count" 21
 "d-color-count" 25
 "d-express-count" 24
 "cell-count" 56
 15 4 1 341
 15 0 2 115
 15 1 -1 254
 15 -1 -1 33
 15 0 3 311
 105 3 0 6
 15 3 1 215
 15 -1 4 318
 15 2 -1 348
 15 -1 0 257
 15 -2 1 249
 15 -1 -4 312
 105 1 3 71
 15 -4 -1 4
 105 4 0 233
 15 0 0 135
 15 -3 1 50
 15 -2 -1 15
 15 0 4 259
 15 2 0 143
 15 2 -2 173
 15 -2 2 312
 15 1 0 139
 15 0 -1 136
 15 2 1 80
 15 1 1 191
 15 0 1 357
 15 -1 1 271
 55 -3 2 159
 5 3 -3 202
 5 -3 -2 160
 55 -4 1 228
 55 -3 -1 57
 55 -1 3 7
 55 -1 -3 131
 5 3 3 60
 55 0 -4 117
 55 -2 3 199
 55 4 -1 241
 55 -2 0 159
 55 1 -3 221
 5 2 2 7
 5 -1 2 144
 55 -2 -3 104
 55 -4 0 226
 55 -1 -2 101
 55 1 4 164
 55 3 -2 329
 55 0 -3 94
 55 3 -1 299
 55 1 -2 39
 55 3 2 9
 55 -3 3 134
 5 -3 -3 120
 55 1 2 58
 55 2 -3 283
 "contig-ratio-green-core" 0.875
 "contig-ratio-red-core" 0.7777777777777778
 "a-count" 5
 "b-count" 3
 "c-color-count" 25
 "c-express-count" 25
 "d-color-count" 24
 "d-express-count" 23
 "cell-count" 56
 15 2 1 179
 15 0 1 69
 15 2 -2 199
 15 2 2 43
 15 -2 -1 45
 15 1 1 137
 15 2 3 347
 15 -1 -1 45
 15 -2 3 270
 15 0 -2 251
 15 -1 -3 149
 15 0 -3 281
 105 -3 1 341
 15 0 2 234
 15 2 0 122
 15 0 0 1
 15 1 0 195
 15 -1 1 300
 15 3 0 184
 105 0 -1 122
 105 1 -3 280
 15 3 1 254
 105 1 -4 245
 15 1 2 290
 15 -1 0 347
 15 -3 -1 240
 15 -1 2 130
 15 -2 0 291
 5 3 3 12
 55 4 2 66
 55 -1 3 316
 55 4 0 144
 55 -3 3 276
 55 1 3 43
 55 -4 -1 178
 55 2 -3 276
 55 1 4 231
 55 3 -1 282
 55 4 1 132
 55 3 -2 357
 55 3 2 259
 55 -1 -2 350
 5 -4 1 195
 55 0 3 33
 55 -3 0 269
 55 1 -2 345
 55 2 -1 61
 55 4 -1 62
 55 -2 2 317
 5 -1 -4 200
 55 -2 -2 56
 55 -3 -2 190
 55 -2 1 100
 55 -3 2 336
 55 3 -3 178
 55 -3 -3 212
 "contig-ratio-green-core" 0.8823529411764706
 "contig-ratio-red-core" 0.9375
