 "a-count" 7
 "b-count" 4
 "c-color-count" 24
 "c-express-count" 24
 "d-color-count" 25
 "d-express-count" 21
 "cell-count" 56
 105 -3 0 247
 15 3 -1 99
 15 1 -1 71
 15 0 3 339
 15 -1 -3 147
 15 0 -1 18
 15 4 1 88
 15 -1 -2 9
 15 0 2 299
 105 -2 -3 155
 15 0 -2 89
 105 3 -3 324
 15 1 1 331
 15 0 1 153
 15 -4 -1 59
 15 -1 0 140
 15 2 1 348
 15 -2 3 211
 15 -2 -1 225
 15 1 3 346
 15 0 0 43
 15 -1 -1 14
 15 1 0 79
 15 -2 0 265
 15 -2 -2 308
 15 1 2 20
 15 -3 1 268
 15 -3 -1 247
 5 -4 0 300
 55 -1 3 253
 5 3 0 356
 55 1 4 76
 55 -1 2 166
 55 2 0 85
 55 1 -3 13
 55 3 -2 268
 55 -1 -4 138
 55 0 4 62
 55 -2 1 112
 55 2 -2 240
 55 2 3 39
 55 -4 1 84
 55 -3 2 65
 55 1 -4 237
 55 0 -3 99
 55 3 2 102
 55 4 -1 325
 55 -3 -3 157
 55 1 -2 317
 55 -3 -2 3
 55 -1 1 188
 55 2 2 176
 55 3 1 243
 5 3 3 215
 55 -4 -2 221
 5 -2 2 343
 "contig-ratio-green-core" 0.9
 "contig-ratio-red-core" 1.0625
 "a-count" 7
 "b-count" 2
 "c-color-count" 26
 "c-express-count" 26
 "d-color-count" 22
 "d-express-count" 21
 "cell-count" 56
 15 -1 -1 311
 105 -1 4 152
 15 3 -1 328
 15 -1 0 269
 15 -1 -2 129
 15 1 2 12
 15 3 0 245
 105 1 3 80
 15 0 2 30
 15 0 3 106
 15 -3 1 92
 15 4 -1 158
 15 -2 0 350
 15 0 1 98
 105 -2 -1 269
 15 -2 2 91
 15 2 1 288
 105 -4 0 335
 15 1 1 47
 15 1 0 113
 15 -2 -2 357
 105 0 4 19
 15 2 -2 278
 15 3 -3 8
 15 2 0 157
 15 1 -2 147
 15 -1 1 64
 105 1 4 295
 55 2 3 44
 55 0 -3 129
 55 -3 -1 181
 55 -4 -1 289
 55 3 1 208
 55 -1 -4 108
 55 -3 3 275
 55 4 0 37
 55 -2 3 209
 5 0 -2 236
 55 2 -1 128
 55 -1 3 40
 55 0 -1 76
 55 4 1 125
 55 2 2 27
 55 -3 2 299
 55 -2 1 163
 55 -1 -3 15
 55 0 -4 293
 55 2 -3 51
 55 1 -3 339
 55 -1 2 53
 5 1 -4 23
 55 -3 -2 304
 55 3 3 347
 55 3 -2 63
 55 -4 1 13
 55 -3 0 9
 "contig-ratio-green-core" 0.8
 "contig-ratio-red-core" 0.7777777777777778
 "a-count" 6
 "b-count" 8
 "c-color-count" 21
 "c-express-count" 20
 "d-color-count" 23
 "d-express-count" 22
 "cell-count" 56
 15 1 3 79
 15 2 0 8
 15 -1 -2 75
 15 0 -2 328
 15 2 1 62
 15 1 0 106
 105 1 -3 8
 15 -1 -1 174
 105 -3 -2 244
 15 -1 -3 243
 15 0 2 131
 15 0 1 35
 105 3 3 57
 15 0 0 62
 15 -2 0 143
 15 -2 -1 96
 15 -3 -3 284
 15 0 -3 290
 15 3 2 168
 105 2 2 218
 15 1 -1 73
 15 0 -1 320
 15 1 -2 70
 15 -2 1 37
 105 -4 -1 61
 15 -1 2 306
 15 1 1 67
 15 -1 1 153
 55 -2 3 201
 55 4 1 310
 5 -1 4 225
 55 0 3 358
 5 4 -1 241
 55 -2 2 38
 55 -3 3 250
 55 -3 0 281
 55 2 -1 216
 5 3 -1 329
 55 1 -4 254
 5 3 -3 156
 55 -3 1 187
 55 -3 2 100
 55 -1 3 252
 55 2 3 34
 55 -2 -2 34
 55 -3 -1 281
 55 -1 -4 308
 55 -4 1 107
 55 -4 0 274
 55 3 1 281
 5 0 -4 346
 55 2 -2 273
 55 -2 -3 353
 5 1 4 2
 5 0 4 206
 55 4 0 134
 "contig-ratio-green-core" 0.7368421052631579
 "contig-ratio-red-core" 0.6470588235294118
 "a-count" 6
 "b-count" 2
 "c-color-count" 26
 "c-express-count" 26
 "d-color-count" 23
 "d-express-count" 22
 "cell-count" 56
 15 1 0 102
 15 1 -1 236
 15 -1 3 174
 15 3 1 188
 105 1 4 30
 15 0 -3 161
 105 1 2 284
 15 1 1 171
 15 0 2 230
 15 -2 -2 355
 105 -1 -3 186
 15 -4 1 288
 15 -2 0 62
 105 1 3 81
 15 -1 -1 171
 15 0 0 286
 15 1 -2 14
 15 0 -1 277
 15 2 0 13
 15 2 -1 342
 15 2 1 2
 105 2 2 298
 15 0 1 90
 15 -3 -3 23
 15 3 0 71
 15 2 -2 188
 15 -3 0 356
 15 0 3 9
 55 0 4 89
 55 -1 -4 288
 55 -2 3 348
 55 4 -1 12
 55 -2 -1 32
 55 0 -4 237
 55 3 -2 74
 55 -2 -3 153
 55 1 -3 85
 55 -4 -1 307
 55 -1 0 293
 55 -4 0 57
 55 3 -3 295
 55 4 1 66
 55 -3 3 331
 55 -1 1 305
 55 -3 -2 36
 55 3 3 214
 55 4 0 185
 55 -3 1 140
 5 2 -3 26
 55 -3 2 158
 55 -2 1 112
 55 1 -4 358
 5 2 3 58
 55 0 -2 141
 55 3 -1 334
 55 -1 4 331
 "contig-ratio-green-core" 0.7647058823529411
 "contig-ratio-red-core" 1.0666666666666667
