 "a-count" 4
 "b-count" 2
 "c-color-count" 26
 "c-express-count" 26
 "d-color-count" 25
 "d-express-count" 24
 "cell-count" 56
 15 -1 -1 31
 15 0 -1 167
 15 0 3 68
 15 -2 2 222
 105 -1 0 35
 15 2 1 48
 15 -3 0 105
 15 0 -2 300
 15 -2 0 14
 15 2 -2 138
 15 0 2 193
 15 1 1 119
 15 -1 1 339
 15 1 2 359
 15 -1 2 132
 15 0 1 7
 15 -1 -3 105
 105 -3 1 95
 15 -1 -2 207
 15 2 0 314
 15 3 -2 96
 15 -2 -1 288
 105 -3 -3 149
 15 1 -3 21
 15 -3 2 235
 15 0 0 44
 15 1 -1 184
 15 1 0 284
 5 1 4 318
 55 1 -4 341
 55 -3 3 174
 55 -1 -4 76
 55 3 -1 252
 55 4 1 131
 55 -1 3 334
 55 -2 3 11
 55 2 -3 328
 55 2 -1 226
 55 -4 -1 17
 55 2 2 231
 5 0 -3 311
 55 -4 1 7
 55 2 3 3
 55 -2 -2 237
 55 -4 0 313
 55 0 4 311
 55 4 -1 287
 55 -1 4 75
 55 3 2 128
 55 1 3 261
 55 4 0 309
 55 -3 -1 343
 55 3 0 324
 55 1 -2 280
 55 3 1 154
 55 0 -4 98
 "contig-ratio-green-core" 0.65
 "contig-ratio-red-core" 0.9375
 "a-count" 7
 "b-count" 8
 "c-color-count" 20
 "c-express-count" 20
 "d-color-count" 23
 "d-express-count" 21
 "cell-count" 56
 105 -3 3 358
 15 0 -1 327
 15 4 -1 111
 105 -4 0 26
 15 0 3 263
 15 1 2 106
 15 1 -1 322
 15 -3 1 88
 105 0 0 112
 15 -2 2 314
 15 4 0 136
 15 1 1 46
 15 3 1 10
 15 -1 2 261
 15 0 1 352
 15 -1 0 223
 105 1 -2 287
 15 2 -1 35
 15 -2 1 305
 15 2 3 301
 15 -1 -1 266
 15 -1 1 342
 15 0 4 74
 15 1 0 295
 105 -4 2 156
 15 0 -2 153
 15 0 -3 266
 15 -1 3 38
 55 -2 0 166
 55 -4 1 247
 55 3 3 22
 55 -2 3 135
 55 -3 2 68
 5 -1 -3 285
 55 0 -4 236
 55 1 -4 294
 55 -3 -1 330
 5 3 -1 276
 5 -2 4 246
 55 -2 -1 177
 55 3 2 68
 55 2 -3 348
 5 2 1 303
 55 -3 -2 182
 55 2 2 88
 5 1 4 327
 55 4 1 271
 55 2 -2 56
 55 -1 4 113
 55 -4 -1 91
 55 -1 -2 343
 5 -3 -3 262
 5 -1 -4 189
 55 1 3 168
 5 -2 -3 280
 55 1 -3 201
 "contig-ratio-green-core" 0.8666666666666667
 "contig-ratio-red-core" 0.7222222222222222
 "a-count" 7
 "b-count" 3
 "c-color-count" 26
 "c-express-count" 25
 "d-color-count" 23
 "d-express-count" 21
 "cell-count" 56
 105 0 0 179
 15 2 -1 130
 15 2 0 5
 15 1 -3 273
 15 1 -1 183
 15 0 2 272
 15 0 3 7
 15 -1 3 184
 15 1 1 290
 15 3 0 241
 15 3 -2 101
 15 -1 1 305
 105 1 0 27
 15 -3 -3 344
 15 2 2 71
 15 -1 -1 183
 15 2 1 201
 15 1 3 302
 15 0 -3 284
 105 2 3 30
 15 -2 1 8
 15 0 -1 73
 105 4 0 263
 15 -1 0 76
 15 3 1 160
 105 -2 0 219
 15 1 2 52
 15 1 -2 107
 55 -1 -2 319
 55 -4 1 318
 55 4 1 82
 55 3 3 256
 55 -3 -2 77
 55 -3 1 296
 55 -1 -4 91
 55 -2 -1 57
 55 0 -4 117
 55 0 4 32
 55 3 -1 203
 5 -2 -3 135
 55 -3 0 160
 5 4 -1 306
 55 0 -2 142
 55 1 4 129
 55 3 -3 30
 55 -3 3 88
 55 -2 2 319
 55 -2 3 193
 55 2 -3 107
 55 -4 -1 160
 55 3 2 135
 55 1 -4 220
 55 -1 4 47
 55 -1 2 118
 55 -3 -1 16
 55 2 -2 306
 "contig-ratio-green-core" 0.7619047619047619
 "contig-ratio-red-core" 1.1333333333333333
 "a-count" 6
 "b-count" 4
 "c-color-count" 25
 "c-express-count" 24
 "d-color-count" 24
 "d-express-count" 22
 "cell-count" 56
 15 1 0 233
 15 1 -2 48
 15 3 3 71
 15 -2 0 14
 105 -3 3 164
 15 -2 2 229
 15 0 2 356
 15 -3 -1 220
 15 -2 -1 75
 15 -1 0 249
 15 1 -1 23
 15 -1 1 305
 15 3 0 62
 15 0 3 96
 15 0 1 70
 15 -1 2 186
 15 -1 3 48
 15 -1 -2 267
 105 0 0 246
 105 -2 1 4
 15 4 1 189
 105 0 4 292
 15 2 0 56
 15 1 2 314
 15 0 -2 54
 15 -3 2 311
 15 1 1 182
 15 -1 -3 278
 55 -2 3 232
 55 -4 0 240
 55 1 -4 16
 55 3 1 53
 55 -4 -1 157
 5 -3 -3 234
 55 4 -1 193
 55 -2 -3 238
 55 2 3 130
 55 0 -3 55
 55 -2 -2 322
 55 -3 -2 268
 55 2 2 142
 55 -3 1 120
 55 -4 1 20
 55 1 4 50
 55 3 -3 116
 55 -3 0 56
 55 2 -1 40
 5 2 -3 216
 55 -1 -4 299
 55 1 3 282
 55 0 -4 55
 5 3 -2 53
 55 2 1 76
 55 2 -2 86
 55 3 -1 73
 55 4 0 137
 "contig-ratio-green-core" 0.6956521739130435
 "contig-ratio-red-core" 1.1428571428571428
