 "a-count" 6
 "b-count" 6
 "c-color-count" 22
 "c-express-count" 22
 "d-color-count" 23
 "d-express-count" 22
 "cell-count" 56
 15 -2 0 165
 15 -1 0 163
 15 -1 1 66
 15 -2 2 137
 15 0 -4 253
 15 -1 -2 312
 105 0 -2 199
 105 -4 -1 35
 15 2 0 299
 15 1 1 254
 15 -2 1 344
 105 0 -1 85
 15 0 2 243
 15 1 -1 56
 15 -1 -4 156
 105 -3 -3 277
 15 1 2 71
 15 0 1 359
 15 0 -3 203
 15 0 0 256
 15 -1 -1 145
 15 -2 -1 255
 15 -1 2 335
 15 1 4 254
 15 -3 -1 70
 15 3 1 80
 15 2 1 278
 105 -4 0 26
 5 3 0 105
 55 -1 3 30
 55 4 -1 294
 55 -3 1 343
 5 2 -2 313
 55 -2 -2 318
 55 4 1 224
 55 -4 1 313
 55 3 3 76
 5 1 3 66
 55 2 -1 210
 55 -3 2 322
 55 -3 3 131
 5 0 4 18
 55 -2 -4 303
 55 3 -2 54
 5 3 -1 356
 5 -2 3 297
 55 1 -4 151
 55 0 3 266
 55 2 2 33
 55 1 -3 288
 55 2 -3 105
 55 1 -2 246
 55 4 0 81
 55 -2 -3 231
 55 3 2 230
 55 -3 0 126
 "contig-ratio-green-core" 0.7368421052631579
 "contig-ratio-red-core" 0.8125
 "a-count" 5
 "b-count" 3
 "c-color-count" 25
 "c-express-count" 25
 "d-color-count" 24
 "d-express-count" 23
 "cell-count" 56
 15 -3 -2 177
 15 0 0 303
 15 0 1 132
 15 1 0 286
 15 3 2 78
 15 2 2 62
 15 2 0 176
 15 1 -2 148
 15 -1 3 319
 105 -1 0 351
 15 -2 3 42
 15 0 4 10
 15 0 -1 45
 15 1 1 5
 15 -2 -1 217
 15 -1 1 202
 15 2 -1 258
 15 -1 -4 192
 15 -2 1 187
 15 1 2 143
 105 -4 -1 168
 105 -2 0 264
 15 0 2 26
 15 -2 2 12
 15 3 -2 293
 15 0 3 289
 105 -1 2 237
 15 -1 -1 42
 5 4 0 8
 55 1 -4 68
 55 -2 -3 67
 55 2 3 284
 55 2 -2 330
 55 -3 2 278
 55 3 1 99
 55 3 3 51
 55 4 -1 214
 55 3 -1 287
 55 -1 -3 250
 55 1 -3 142
 55 -1 4 208
 55 -3 -3 342
 55 0 -4 86
 55 -3 1 120
 55 -3 0 292
 55 3 0 59
 55 -4 0 10
 55 1 -1 284
 55 1 3 74
 55 -3 -1 317
 55 -3 3 284
 5 3 -3 184
 55 -1 -2 309
 5 -4 1 83
 55 -2 -2 65
 55 1 4 220
 "contig-ratio-green-core" 0.7
 "contig-ratio-red-core" 1
 "a-count" 11
 "b-count" 7
 "c-color-count" 22
 "c-express-count" 21
 "d-color-count" 18
 "d-express-count" 17
 "cell-count" 56
 15 -2 0 59
 105 0 -3 132
 15 -2 1 21
 15 -1 1 348
 15 0 -2 245
 105 3 0 289
 15 1 0 172
 105 -4 -1 248
 15 0 2 43
 15 -1 0 12
 15 1 1 103
 15 0 1 22
 105 2 -3 290
 15 1 -1 346
 15 -1 -2 46
 105 0 4 137
 15 -3 3 257
 105 -3 0 352
 105 0 0 306
 105 -2 -2 174
 105 -3 -3 183
 15 -1 2 11
 15 1 2 67
 15 0 -4 276
 105 -2 -1 153
 15 0 -1 239
 15 2 1 103
 15 -1 -1 306
 55 2 0 58
 55 0 3 290
 55 1 3 164
 55 3 -3 340
 55 -3 1 312
 55 -1 4 139
 55 4 0 67
 55 2 -1 354
 5 1 4 220
 55 -2 2 74
 5 4 1 123
 55 2 -2 54
 5 -2 -3 155
 5 2 3 93
 55 1 -3 328
 55 -3 2 294
 55 3 -1 233
 55 3 3 105
 55 2 2 298
 5 -4 1 162
 5 4 -1 114
 55 -3 -1 84
 55 -1 -4 260
 55 -2 3 5
 55 1 -2 250
 55 -1 -3 342
 55 1 -4 39
 55 -1 3 296
 "contig-ratio-green-core" 0.625
 "contig-ratio-red-core" 1.2
 "a-count" 4
 "b-count" 6
 "c-color-count" 23
 "c-express-count" 22
 "d-color-count" 25
 "d-express-count" 24
 "cell-count" 56
 105 2 0 109
 15 -1 1 174
 15 -2 1 108
 15 0 0 294
 15 0 3 152
 105 -3 -3 112
 15 3 1 124
 15 2 2 165
 15 -2 -1 69
 15 0 1 73
 15 -1 0 65
 15 1 2 175
 105 0 -3 123
 15 -2 0 356
 15 1 1 73
 15 -4 0 239
 15 1 3 191
 15 4 0 95
 15 -2 4 4
 15 3 0 288
 15 2 -1 108
 15 0 -1 202
 15 -1 -1 91
 15 -1 2 264
 15 -1 -2 123
 15 0 2 52
 15 2 1 74
 15 -3 0 57
 55 0 -4 338
 5 3 3 143
 55 -1 4 269
 55 -1 3 287
 55 3 -2 5
 55 -4 1 80
 55 -2 3 126
 55 -3 2 105
 55 -1 -4 210
 55 -3 -1 126
 55 3 -3 233
 5 -4 -1 132
 55 0 -2 58
 5 1 0 336
 55 -1 -3 226
 55 1 -3 317
 55 4 -1 225
 55 1 4 182
 5 3 2 332
 55 2 3 276
 55 -3 1 274
 55 2 -2 341
 55 -2 2 225
 55 2 -3 62
 55 -2 -3 35
 55 -2 -2 98
 55 3 -1 103
 5 -3 3 155
 "contig-ratio-green-core" 0.6190476190476191
 "contig-ratio-red-core" 0.8666666666666667
