 "a-count" 5
 "b-count" 4
 "c-color-count" 25
 "c-express-count" 24
 "d-color-count" 24
 "d-express-count" 23
 "cell-count" 56
 105 3 0 269
 15 1 1 287
 15 0 1 214
 15 1 0 97
 15 -2 -1 219
 105 -1 3 238
 15 -2 -2 179
 15 -1 -2 161
 15 1 -1 257
 15 2 0 80
 105 -3 2 42
 15 -1 0 243
 15 0 2 181
 15 2 1 314
 15 0 0 355
 15 -5 -1 88
 15 0 -1 34
 15 -2 1 131
 15 -1 2 165
 15 -3 0 225
 15 -1 1 168
 15 2 2 194
 15 1 4 321
 105 -1 4 29
 15 -1 -3 175
 15 -1 -4 18
 15 0 -2 182
 15 1 -2 288
 55 1 3 342
 55 -2 3 232
 55 2 -1 356
 55 2 3 51
 55 4 1 166
 55 -2 2 7
 55 -3 -1 275
 55 -2 -3 273
 55 3 2 139
 55 -4 1 251
 55 3 -2 299
 5 1 -3 223
 55 -4 -1 324
 55 -3 -2 202
 55 -1 -1 339
 55 2 -2 283
 55 0 4 173
 55 3 3 293
 55 -4 0 309
 55 0 -4 158
 5 0 3 72
 55 -3 1 34
 5 4 0 273
 55 4 -1 109
 55 3 1 59
 55 3 -3 231
 55 1 2 197
 55 1 -4 186
 "contig-ratio-green-core" 0.75
 "contig-ratio-red-core" 0.8125
 "a-count" 6
 "b-count" 6
 "c-color-count" 22
 "c-express-count" 22
 "d-color-count" 23
 "d-express-count" 22
 "cell-count" 56
 105 -1 1 79
 15 -1 -1 95
 15 1 -1 127
 15 0 -2 23
 15 -1 0 297
 15 -1 3 140
 15 1 2 6
 15 -1 2 222
 15 3 0 152
 15 -3 0 2
 15 0 0 330
 15 1 1 293
 15 2 -1 310
 105 1 0 56
 15 2 2 326
 15 0 2 330
 15 -2 2 19
 15 2 1 184
 15 -4 -1 88
 15 3 1 208
 15 0 -1 248
 15 2 3 160
 15 2 0 178
 105 0 4 215
 105 -1 -4 332
 15 -4 0 94
 15 1 -3 353
 105 1 -2 336
 55 -1 -2 208
 55 0 -3 197
 55 0 -4 352
 55 4 1 131
 5 1 4 18
 55 3 2 122
 55 -3 -2 206
 55 -2 1 39
 5 -3 -1 227
 5 2 -2 239
 55 -3 1 354
 55 0 3 149
 55 -2 3 131
 55 3 -1 280
 55 -3 2 29
 55 3 -2 71
 55 2 -3 197
 5 3 3 39
 55 -2 0 133
 55 -2 -3 68
 55 1 -4 293
 55 4 0 330
 55 3 -3 309
 5 -2 -2 108
 5 4 -1 53
 55 1 3 86
 55 -1 -3 235
 55 -4 1 13
 "contig-ratio-green-core" 0.75
 "contig-ratio-red-core" 0.9411764705882353
 "a-count" 5
 "b-count" 4
 "c-color-count" 24
 "c-express-count" 24
 "d-color-count" 25
 "d-express-count" 23
 "cell-count" 56
 15 0 -1 302
 15 2 1 249
 15 1 -2 264
 15 4 0 205
 15 -1 -3 266
 15 -2 0 243
 15 1 1 147
 15 -2 -1 103
 15 1 2 23
 105 0 0 124
 15 1 0 129
 105 1 4 282
 15 -3 1 108
 15 1 -1 21
 15 0 3 183
 15 -1 1 60
 15 -2 1 94
 15 4 1 353
 105 -1 0 41
 15 -1 2 353
 15 3 -2 143
 15 -1 -1 317
 15 0 1 293
 15 3 1 149
 15 0 2 358
 15 2 -2 271
 15 -3 -2 214
 15 0 -2 162
 55 3 -1 211
 55 0 -4 103
 55 -2 2 287
 55 0 4 283
 55 3 0 176
 55 2 3 170
 55 4 2 277
 55 -2 -2 333
 5 -3 -3 329
 55 2 -1 213
 55 2 2 158
 55 -3 2 247
 5 4 -1 9
 55 -2 3 309
 55 -1 3 214
 5 3 3 238
 55 2 0 125
 55 -4 -1 151
 55 -3 3 48
 55 2 -3 246
 55 3 2 289
 55 3 -3 207
 55 1 3 293
 55 -4 0 193
 55 -1 -2 202
 55 1 -3 188
 55 -4 1 189
 5 -3 -1 42
 "contig-ratio-green-core" 0.95
 "contig-ratio-red-core" 1.0666666666666667
 "a-count" 5
 "b-count" 3
 "c-color-count" 25
 "c-express-count" 25
 "d-color-count" 24
 "d-express-count" 23
 "cell-count" 56
 15 -1 0 76
 15 -1 -3 76
 15 -2 1 305
 15 -2 2 26
 15 0 -1 73
 15 1 -2 245
 105 4 0 160
 105 2 1 218
 15 0 1 326
 15 3 1 305
 15 -1 -1 266
 15 -1 1 264
 15 -3 1 205
 15 0 -2 307
 105 -3 -2 318
 15 1 -1 50
 15 2 2 299
 15 -3 2 353
 15 -1 4 330
 15 -3 0 135
 105 1 0 131
 15 -2 3 24
 15 -3 -3 3
 15 1 2 32
 15 -1 -2 219
 15 -2 -1 216
 15 -2 0 325
 15 2 -1 260
 55 -2 -3 283
 55 3 -2 171
 55 -1 2 342
 55 3 2 282
 55 -1 -4 270
 5 -4 0 84
 55 -3 -1 89
 55 -3 3 72
 55 4 1 51
 55 3 3 96
 55 3 -1 300
 5 1 -4 208
 55 0 3 15
 55 -1 3 260
 5 1 4 291
 55 0 -3 270
 55 0 4 98
 55 2 3 218
 55 -4 1 277
 55 -2 -2 55
 55 1 -3 244
 55 1 3 116
 55 4 -1 221
 55 -4 -1 184
 55 2 -2 293
 55 3 -3 341
 55 0 2 77
 55 3 0 106
 "contig-ratio-green-core" 0.85
 "contig-ratio-red-core" 0.9473684210526315
