 "a-count" 6
 "b-count" 3
 "c-color-count" 25
 "c-express-count" 25
 "d-color-count" 24
 "d-express-count" 22
 "cell-count" 56
 15 -2 0 35
 15 1 2 170
 15 1 1 287
 15 1 -4 98
 105 3 -2 193
 105 -1 -4 348
 15 0 -1 314
 15 1 0 161
 15 4 0 240
 15 -2 -2 355
 15 0 1 229
 15 2 0 97
 15 3 1 239
 15 1 -1 45
 15 1 -2 338
 15 -1 1 261
 15 2 1 307
 105 0 -2 272
 15 -3 0 311
 15 0 0 36
 15 -3 -3 84
 15 -1 -1 244
 15 -1 -2 69
 15 3 2 86
 15 0 -3 94
 105 -1 0 73
 15 -3 -1 276
 15 -1 3 61
 55 4 -1 58
 55 2 -2 285
 55 -4 0 301
 55 1 4 219
 55 -1 4 261
 5 0 4 77
 55 1 3 167
 55 2 -1 67
 55 2 3 78
 5 -2 2 55
 5 2 -3 93
 55 -2 1 19
 55 0 -4 183
 55 -1 -3 38
 55 -3 3 29
 55 0 3 343
 55 2 2 66
 55 3 0 197
 55 -2 -3 44
 55 1 -3 42
 55 -3 2 343
 55 0 2 328
 55 4 1 2
 55 -4 -1 170
 55 3 3 31
 55 -4 1 306
 55 -3 -2 119
 55 -1 2 273
 "contig-ratio-green-core" 0.9411764705882353
 "contig-ratio-red-core" 1.1333333333333333
 "a-count" 5
 "b-count" 4
 "c-color-count" 25
 "c-express-count" 24
 "d-color-count" 24
 "d-express-count" 23
 "cell-count" 56
 15 -3 0 169
 105 -1 3 103
 15 -1 1 353
 15 -3 1 328
 15 1 -2 36
 15 -1 -1 190
 15 1 -1 351
 15 0 0 210
 15 1 0 191
 15 2 1 314
 15 -2 1 285
 15 1 2 331
 15 0 -1 3
 15 -1 -3 79
 15 3 1 72
 15 0 4 330
 15 0 -2 359
 15 -1 -2 216
 15 1 1 41
 15 3 3 309
 15 0 2 234
 15 0 1 69
 105 3 0 282
 15 2 0 200
 15 -2 0 21
 105 4 1 197
 105 -1 0 64
 15 1 -3 344
 55 -3 -1 345
 5 2 -3 90
 55 -2 -1 215
 55 4 -1 241
 55 2 3 296
 5 -3 2 285
 55 -1 2 276
 55 0 3 98
 55 -4 -1 294
 55 1 -4 259
 55 1 3 137
 5 4 0 22
 55 0 -3 292
 55 -3 -3 34
 55 -4 1 338
 55 -1 -4 242
 55 3 -3 10
 55 -2 -3 321
 55 1 4 273
 55 2 -2 197
 55 -1 4 146
 55 3 -1 195
 55 -3 3 292
 55 -3 -2 36
 55 -4 0 299
 55 2 2 189
 55 2 -1 78
 55 -2 3 177
 "contig-ratio-green-core" 0.75
 "contig-ratio-red-core" 0.8235294117647058
 "a-count" 2
 "b-count" 3
 "c-color-count" 25
 "c-express-count" 25
 "d-color-count" 26
 "d-express-count" 26
 "cell-count" 56
 105 -4 1 258
 15 0 -2 350
 15 2 1 67
 15 -3 0 130
 15 0 -1 279
 15 -1 3 138
 15 2 2 250
 15 -1 2 54
 15 1 -4 137
 15 0 4 4
 15 -3 2 258
 15 1 -1 334
 15 -2 0 194
 15 1 -3 293
 105 -3 -3 173
 15 1 1 336
 15 -2 1 92
 15 0 0 179
 15 -2 2 199
 15 -1 -1 313
 15 0 1 332
 15 -3 3 125
 15 3 -1 93
 15 2 0 322
 15 3 2 320
 15 1 0 294
 15 -1 1 189
 15 -1 0 197
 55 -3 -1 201
 55 3 1 125
 55 -1 -4 296
 55 1 4 223
 5 1 -2 168
 55 0 2 53
 5 2 -1 259
 55 3 -3 259
 5 -1 -3 302
 55 3 0 75
 55 -4 0 295
 55 -1 -2 161
 55 3 3 157
 55 -3 1 321
 55 4 0 358
 55 3 -2 111
 55 0 3 227
 55 -2 3 21
 55 -2 -1 316
 55 -1 4 86
 55 0 -3 245
 55 2 -3 246
 55 0 -4 225
 55 1 3 148
 55 -2 -3 63
 55 2 3 86
 55 -4 -1 300
 55 1 2 353
 "contig-ratio-green-core" 0.8421052631578947
 "contig-ratio-red-core" 0.8947368421052632
 "a-count" 7
 "b-count" 5
 "c-color-count" 23
 "c-express-count" 23
 "d-color-count" 21
 "d-express-count" 21
 "cell-count" 56
 15 2 0 110
 15 -2 0 105
 15 -2 1 284
 15 -1 -2 36
 105 -1 -4 292
 15 1 -1 82
 105 -2 3 259
 105 0 4 124
 15 1 2 334
 15 -1 0 268
 105 4 -1 196
 15 4 1 63
 15 0 -1 175
 15 0 1 67
 15 -3 0 291
 105 -3 -3 297
 15 0 -2 202
 15 2 1 80
 15 1 -3 303
 15 2 2 140
 15 -1 1 265
 105 -1 -3 96
 105 -2 -3 290
 15 0 2 1
 15 -1 2 352
 15 0 0 22
 15 -1 3 80
 15 -3 -1 155
 55 -3 -2 257
 5 0 -3 46
 55 -3 1 100
 5 1 4 11
 5 3 2 161
 55 -4 -1 281
 55 -1 -1 236
 55 -4 0 219
 55 4 0 14
 55 -2 2 335
 55 3 3 73
 55 3 -3 297
 55 0 -4 45
 55 2 -1 276
 55 3 0 226
 55 1 -2 121
 55 2 -2 221
 5 -3 2 285
 55 -3 3 168
 55 -4 1 100
 55 -2 -2 293
 55 3 -1 210
 55 3 1 332
 55 2 -3 354
 55 2 3 266
 55 1 3 159
 55 0 3 91
 5 1 1 25
 "contig-ratio-green-core" 0.6842105263157895
 "contig-ratio-red-core" 0.75
