 "a-count" 5
 "b-count" 7
 "c-color-count" 22
 "c-express-count" 21
 "d-color-count" 23
 "d-express-count" 23
 "cell-count" 56
 15 2 2 197
 105 -3 -1 262
 15 4 1 345
 105 1 -3 307
 15 -1 2 120
 105 -2 -2 101
 15 0 -1 263
 15 -2 0 267
 105 -4 1 4
 15 -1 -1 181
 15 -2 1 15
 15 0 1 312
 15 1 1 55
 15 -1 1 277
 15 0 -2 180
 15 -2 3 197
 15 0 3 340
 15 1 2 323
 15 1 -1 217
 105 -3 -2 43
 15 1 3 101
 15 -1 3 148
 15 0 0 8
 15 2 -1 282
 15 -2 -1 135
 15 3 -2 333
 15 0 2 229
 15 -1 -4 196
 55 1 -2 10
 55 1 0 134
 5 3 2 86
 55 -4 0 354
 55 2 3 28
 55 -3 1 328
 55 2 -3 142
 55 3 -1 172
 55 3 1 359
 55 -1 -3 186
 55 -4 -1 34
 55 -2 4 270
 5 -3 2 300
 55 3 0 307
 55 -1 4 282
 55 -3 3 227
 55 0 -3 198
 55 -2 2 138
 55 2 -2 225
 5 4 0 123
 5 -3 0 156
 5 0 -4 257
 55 0 4 102
 55 2 1 6
 55 3 -3 232
 55 -3 -3 9
 5 1 4 287
 55 -1 -2 155
 "contig-ratio-green-core" 0.75
 "contig-ratio-red-core" 1.2727272727272727
 "a-count" 6
 "b-count" 4
 "c-color-count" 25
 "c-express-count" 24
 "d-color-count" 22
 "d-express-count" 22
 "cell-count" 56
 15 -2 2 286
 15 0 3 44
 15 2 1 137
 15 -1 1 90
 105 2 -3 241
 15 -1 0 128
 15 3 0 180
 15 -1 -2 124
 105 4 0 89
 105 -3 -3 240
 15 0 1 186
 15 1 -1 113
 105 2 3 59
 15 0 -1 319
 105 3 3 353
 15 -1 3 68
 15 0 0 32
 15 1 -2 158
 15 2 2 229
 15 -4 0 50
 15 0 -2 279
 15 0 2 349
 15 1 0 123
 105 -2 -3 50
 15 0 -3 231
 15 1 2 309
 15 1 1 56
 15 -2 1 227
 5 1 -3 53
 55 -2 -2 217
 55 -4 -1 185
 55 3 1 215
 55 0 -4 94
 55 3 -1 69
 55 -3 0 189
 55 -4 1 20
 55 -3 1 285
 55 2 0 295
 55 -1 4 163
 55 -3 3 293
 55 -2 3 164
 55 -1 -3 11
 55 3 -3 50
 55 1 4 177
 55 -2 -1 119
 55 -1 -1 300
 55 2 -1 131
 5 3 2 233
 5 -3 -2 278
 55 -3 -1 225
 55 1 3 66
 55 2 -2 176
 55 3 -2 53
 55 4 -1 85
 55 -3 2 208
 55 0 4 196
 "contig-ratio-green-core" 0.7368421052631579
 "contig-ratio-red-core" 0.8823529411764706
 "a-count" 6
 "b-count" 3
 "c-color-count" 25
 "c-express-count" 25
 "d-color-count" 25
 "d-express-count" 22
 "cell-count" 56
 15 3 0 38
 15 2 -1 95
 15 1 1 352
 15 4 1 309
 15 0 4 294
 15 1 0 167
 15 -1 -1 275
 15 -3 2 160
 15 4 -1 74
 15 0 2 257
 105 3 3 326
 15 -3 0 35
 15 -3 -1 36
 15 2 0 347
 15 -2 0 199
 105 -3 -3 47
 15 -1 2 257
 15 0 -1 62
 15 1 -1 20
 15 -1 0 113
 15 -1 -2 323
 15 -1 1 188
 15 0 0 244
 15 2 1 85
 15 0 1 255
 105 0 3 273
 15 -2 -1 56
 15 -4 -1 4
 55 3 1 118
 55 1 2 46
 55 2 2 0
 55 1 -2 267
 55 2 -2 284
 55 -2 2 346
 55 -3 1 316
 55 2 -3 264
 55 -3 -2 138
 55 0 -4 262
 55 3 -3 8
 55 -1 -3 132
 55 1 -4 57
 55 1 4 216
 5 0 -3 345
 5 3 2 43
 55 -3 3 311
 55 3 -2 71
 55 2 3 38
 55 4 0 261
 55 -2 1 154
 55 -1 4 115
 55 -1 3 191
 5 1 3 39
 55 -2 -2 332
 55 -4 1 238
 55 -4 0 275
 55 -2 3 137
 "contig-ratio-green-core" 0.7727272727272727
 "contig-ratio-red-core" 1
 "a-count" 5
 "b-count" 7
 "c-color-count" 22
 "c-express-count" 21
 "d-color-count" 24
 "d-express-count" 23
 "cell-count" 56
 15 1 1 304
 105 0 0 208
 15 0 -2 212
 15 0 -1 114
 15 1 -2 347
 15 -3 -1 304
 15 3 1 70
 15 -1 0 280
 15 2 -1 7
 15 2 1 203
 15 -2 0 248
 105 -3 1 301
 15 -2 2 66
 15 1 -1 35
 15 0 1 230
 15 -4 0 108
 15 -2 -1 288
 15 2 0 112
 15 0 3 330
 105 -1 2 114
 15 -1 -3 282
 15 0 2 221
 15 -1 1 121
 105 -1 -1 135
 15 -2 -2 255
 15 -2 1 31
 15 1 2 321
 15 1 3 289
 55 1 4 351
 55 3 -1 256
 5 -3 2 283
 55 -3 3 132
 55 -1 3 36
 55 -2 3 209
 5 -3 0 282
 55 3 2 27
 55 -3 -3 265
 55 4 1 31
 55 1 -4 276
 5 3 0 299
 55 2 -2 52
 55 0 -3 36
 5 1 -3 228
 55 3 3 122
 55 -4 1 258
 55 -3 -2 262
 55 0 4 216
 5 -1 4 283
 55 -2 -3 42
 55 0 -4 175
 55 -1 -4 297
 55 2 2 234
 55 2 3 203
 55 1 0 258
 5 2 -3 20
 55 4 0 275
 "contig-ratio-green-core" 0.6111111111111112
 "contig-ratio-red-core" 1
