 "a-count" 0
 "b-count" 21
 "c-color-count" 7
 "c-express-count" 7
 "d-color-count" 28
 "d-express-count" 28
 "cell-count" 56
 15 -2 -1 357
 15 1 -2 125
 15 0 1 312
 15 0 -1 134
 15 0 -2 306
 15 3 0 311
 15 -1 -2 125
 15 1 0 201
 15 1 -3 357
 15 -1 -5 251
 15 3 -1 158
 15 3 1 223
 15 -1 -4 282
 15 -1 -1 306
 15 2 -1 159
 15 -1 -3 336
 15 0 -2 35
 15 0 -3 88
 15 1 -1 29
 15 1 2 194
 15 -1 -4 285
 15 1 3 227
 15 2 1 172
 15 1 1 81
 15 2 0 139
 15 -1 -3 63
 15 0 0 242
 15 0 -2 151
 5 3 -2 115
 5 2 -2 291
 5 3 -3 160
 5 -3 1 291
 5 -2 2 99
 5 -2 -2 141
 55 2 -3 9
 55 4 -1 203
 5 1 4 298
 55 2 3 189
 5 0 4 106
 55 -3 -1 292
 5 0 3 76
 5 3 2 272
 55 -2 0 333
 5 -4 -1 296
 5 -3 -2 357
 5 4 0 169
 55 -2 -1 64
 5 1 -3 244
 5 -1 2 78
 55 -2 1 131
 5 -3 0 54
 5 -1 0 266
 5 -1 1 125
 5 0 -4 277
 5 1 -4 354
 5 -1 3 198
 "contig-ratio-green-core" 1
 "contig-ratio-red-core" 0.35294117647058826
 "a-count" 0
 "b-count" 19
 "c-color-count" 9
 "c-express-count" 9
 "d-color-count" 28
 "d-express-count" 28
 "cell-count" 56
 15 -2 1 63
 15 -1 3 16
 15 -2 -1 165
 15 2 1 93
 15 -1 0 261
 15 -2 -2 115
 15 -1 -4 348
 15 0 0 227
 15 -2 2 335
 15 0 4 330
 15 -3 0 72
 15 1 2 130
 15 -1 -2 93
 15 -2 0 233
 15 -1 -1 220
 15 0 2 69
 15 1 1 24
 15 -3 -2 6
 15 0 3 306
 15 3 1 65
 15 -1 1 79
 15 1 0 103
 15 -3 3 234
 15 -3 -1 336
 15 2 2 189
 15 -3 1 88
 15 -1 2 168
 15 -1 -3 155
 55 1 -2 350
 55 2 -2 37
 5 2 -1 132
 5 3 0 345
 55 -4 1 263
 5 4 1 329
 5 4 -1 12
 5 -3 -3 61
 5 -4 0 221
 5 1 -4 255
 5 0 -4 297
 5 3 -1 52
 5 -2 -3 332
 5 3 -3 315
 5 -2 3 40
 5 1 4 33
 5 2 0 296
 5 -3 2 339
 5 3 2 20
 55 0 -2 70
 5 -4 -1 243
 55 -4 2 305
 55 -2 -4 343
 5 1 3 33
 55 3 -2 137
 55 0 -1 297
 55 1 -3 339
 5 -1 4 73
 "contig-ratio-green-core" 0.5714285714285714
 "contig-ratio-red-core" 0.2
