 "a-count" 0
 "b-count" 23
 "c-color-count" 5
 "c-express-count" 5
 "d-color-count" 28
 "d-express-count" 28
 "cell-count" 56
 15 2 -1 168
 15 1 -1 51
 15 -1 -1 329
 15 -3 0 330
 15 0 3 51
 15 -2 1 73
 15 -1 0 111
 15 0 -1 242
 15 -3 -1 59
 15 1 3 149
 15 -4 0 112
 15 -4 1 167
 15 1 -2 61
 15 -2 -1 79
 15 2 1 180
 15 0 -2 58
 15 0 0 263
 15 -4 -1 163
 15 -1 1 176
 15 -1 -2 257
 15 -3 1 219
 15 1 2 274
 15 2 2 234
 15 0 2 348
 15 0 1 222
 15 1 1 178
 15 1 0 44
 15 2 0 134
 5 3 1 56
 55 0 -3 139
 5 2 3 312
 5 3 -2 124
 5 4 0 216
 5 4 -1 210
 55 1 -3 316
 55 -1 -3 301
 5 -1 4 228
 5 -3 -2 344
 5 -2 3 216
 5 -1 -4 359
 5 -1 3 16
 5 -3 -3 287
 5 -1 2 159
 5 0 4 286
 5 -2 -3 209
 5 -2 -2 272
 5 1 4 299
 5 -3 2 41
 55 3 3 209
 55 3 4 33
 5 3 -1 75
 5 -2 2 69
 5 2 -3 106
 5 0 -4 278
 5 3 2 161
 5 2 -2 104
 "contig-ratio-green-core" 0.5
 "contig-ratio-red-core" 0.16666666666666666
 "a-count" 0
 "b-count" 22
 "c-color-count" 6
 "c-express-count" 6
 "d-color-count" 28
 "d-express-count" 28
 "cell-count" 56
 15 2 0 302
 15 2 1 32
 15 -1 4 155
 15 -2 1 269
 15 -3 1 156
 15 -1 2 334
 15 -2 -1 165
 15 -1 1 168
 15 -1 3 142
 15 0 -1 53
 15 1 1 323
 15 3 2 91
 15 -2 2 304
 15 -2 0 260
 15 0 1 11
 15 0 -2 331
 15 2 -1 189
 15 -1 -3 268
 15 -1 0 12
 15 0 2 80
 15 -1 -1 165
 15 0 0 130
 15 -3 0 133
 15 1 0 20
 15 1 -1 231
 15 1 -2 271
 15 0 3 122
 15 -1 -2 215
 5 -2 -3 208
 5 -3 3 206
 5 1 3 206
 5 2 -3 272
 5 0 4 171
 5 1 -3 35
 5 4 0 281
 5 1 2 92
 5 -3 2 121
 5 3 -2 66
 5 -3 -3 251
 5 3 3 19
 55 -4 0 351
 5 2 -2 6
 55 -2 3 156
 5 2 3 26
 5 0 -3 121
 5 -2 -2 108
 55 4 -1 236
 5 0 -4 101
 55 -4 1 160
 5 -3 -1 235
 5 -3 -2 339
 5 1 4 268
 5 3 -3 339
 55 3 0 173
 5 3 1 140
 55 3 -1 26
 "contig-ratio-green-core" 1
 "contig-ratio-red-core" 0.3125
 "a-count" 0
 "b-count" 22
 "c-color-count" 6
 "c-express-count" 6
 "d-color-count" 28
 "d-express-count" 28
 "cell-count" 56
 15 1 -1 9
 15 2 0 320
 15 3 -1 318
 15 0 -2 129
 15 1 -2 337
 15 -1 0 63
 15 0 4 138
 15 0 3 201
 15 0 -1 72
 15 2 1 212
 15 3 0 168
 15 1 4 344
 15 1 0 238
 15 3 2 21
 15 2 -1 133
 15 -2 0 118
 15 -3 -1 245
 15 -2 -1 345
 15 2 2 41
 15 0 0 356
 15 3 -1 178
 15 -1 -1 280
 15 2 1 29
 15 3 1 343
 15 2 0 348
 15 4 1 192
 15 -3 0 29
 15 2 0 274
 5 -4 0 53
 55 -3 1 196
 5 2 -3 277
 5 1 1 97
 5 4 -1 18
 5 2 3 307
 5 -1 -2 98
 55 -2 2 117
 55 -1 1 188
 55 -1 2 29
 5 3 3 196
 5 2 -2 226
 5 0 1 161
 5 -3 2 155
 5 -2 3 257
 5 -2 -3 38
 5 0 -3 124
 5 -1 4 286
 5 -4 1 188
 5 -3 3 233
 5 -4 -1 176
 55 -2 1 332
 5 1 -4 266
 5 -3 -3 254
 55 0 2 225
 5 1 2 106
 5 -1 -3 100
 5 1 -3 19
 "contig-ratio-green-core" 0.8
 "contig-ratio-red-core" 0.18181818181818182
 "a-count" 0
 "b-count" 20
 "c-color-count" 8
 "c-express-count" 8
 "d-color-count" 28
 "d-express-count" 28
 "cell-count" 56
 15 0 3 43
 15 3 0 17
 15 3 1 23
 15 1 -3 221
 15 0 -3 279
 15 0 0 143
 15 0 2 122
 15 -1 2 265
 15 2 0 18
 15 0 -1 127
 15 -4 -1 328
 15 0 1 338
 15 -1 -1 274
 15 1 2 67
 15 1 -2 15
 15 1 3 109
 15 0 -4 213
 15 2 -1 9
 15 2 1 137
 15 1 1 274
 15 0 -2 40
 15 -1 0 327
 15 3 2 263
 15 1 0 103
 15 -1 1 223
 15 1 -1 157
 15 2 2 244
 15 -1 -2 313
 5 1 4 198
 55 -2 1 223
 55 -3 2 16
 5 -1 -4 80
 55 -2 0 36
 5 -3 -3 282
 5 -3 -2 28
 5 3 3 19
 55 -2 -3 7
 5 2 -3 205
 55 -3 3 186
 5 -3 0 107
 55 1 -4 67
 55 -3 1 96
 5 3 -2 281
 5 -2 -2 162
 5 2 -2 199
 55 -1 -3 179
 5 -2 3 263
 5 -4 0 249
 5 -2 -1 293
 5 -1 4 354
 5 3 -1 301
 5 -1 3 83
 5 -3 -1 129
 5 -2 2 75
 5 -4 1 155
 5 0 4 153
 "contig-ratio-green-core" 0.6666666666666666
 "contig-ratio-red-core" 0.25
