 "a-count" 0
 "b-count" 24
 "c-color-count" 4
 "c-express-count" 4
 "d-color-count" 28
 "d-express-count" 28
 "cell-count" 56
 15 0 0 67
 15 1 -2 85
 15 1 4 14
 15 -1 0 54
 15 -2 1 101
 15 -2 0 165
 15 0 3 253
 15 -3 1 358
 15 3 0 164
 15 -1 -1 163
 15 1 -1 349
 15 2 1 3
 15 -1 -2 80
 15 -1 2 221
 15 0 -1 97
 15 0 4 134
 15 -1 3 349
 15 1 0 86
 15 2 0 277
 15 0 2 282
 15 0 1 28
 15 -1 -3 11
 15 3 1 246
 15 -2 -2 176
 15 1 1 4
 15 0 -2 332
 15 -1 1 103
 15 -2 -1 78
 5 1 2 228
 5 1 3 183
 5 4 0 339
 5 -4 0 233
 5 -2 3 59
 5 2 3 196
 5 -1 -4 216
 5 -3 0 154
 55 2 -3 235
 5 -3 2 76
 5 1 -4 56
 5 3 -2 59
 5 3 -1 8
 5 -1 4 34
 5 -3 -3 67
 5 2 2 58
 5 4 1 168
 5 -3 -1 167
 55 3 -3 294
 5 0 -3 104
 55 1 -3 40
 5 -3 -2 23
 5 3 2 125
 5 -4 1 119
 5 4 -1 309
 55 2 -2 177
 5 -2 -3 121
 5 -4 -1 178
 "contig-ratio-green-core" 0.25
 "contig-ratio-red-core" 0.1
 "a-count" 0
 "b-count" 21
 "c-color-count" 7
 "c-express-count" 7
 "d-color-count" 28
 "d-express-count" 28
 "cell-count" 56
 15 -1 -2 166
 15 -1 2 120
 15 -1 -1 133
 15 -1 0 56
 15 -2 -2 22
 15 0 -2 134
 15 0 -4 122
 15 3 -1 75
 15 0 0 195
 15 0 1 81
 15 1 0 317
 15 1 -2 54
 15 0 3 123
 15 0 -3 306
 15 1 1 164
 15 0 2 166
 15 1 4 205
 15 -1 1 75
 15 2 -1 237
 15 2 -2 355
 15 2 0 257
 15 -2 -1 296
 15 -2 1 149
 15 1 2 299
 15 -2 0 83
 15 1 3 236
 15 3 0 8
 15 1 -1 159
 55 -3 0 80
 55 2 1 37
 5 0 4 258
 5 3 2 5
 5 -1 -3 190
 5 -2 3 70
 5 -3 1 163
 5 -1 3 232
 55 2 3 30
 55 3 -2 43
 5 -3 3 331
 5 3 1 147
 5 -2 2 246
 55 -3 -2 311
 5 3 3 81
 5 4 -1 321
 5 -4 1 351
 5 -2 -3 138
 5 1 -4 252
 5 1 -3 185
 55 -3 -1 138
 55 2 2 192
 5 2 -3 161
 5 -1 4 58
 5 4 1 294
 5 3 -3 14
 5 -4 -1 214
 5 -4 0 214
 "contig-ratio-green-core" 1.2857142857142858
 "contig-ratio-red-core" 0.3333333333333333
 "a-count" 0
 "b-count" 22
 "c-color-count" 6
 "c-express-count" 6
 "d-color-count" 28
 "d-express-count" 28
 "cell-count" 56
 15 0 1 16
 15 1 -1 356
 15 0 -2 222
 15 0 -1 93
 15 1 3 283
 15 1 2 67
 15 2 2 343
 15 2 0 281
 15 3 2 185
 15 -1 1 80
 15 1 -2 227
 15 2 3 223
 15 0 0 114
 15 0 2 213
 15 1 -3 320
 15 1 1 12
 15 4 1 199
 15 0 -3 79
 15 2 -1 115
 15 1 0 93
 15 3 1 105
 15 2 1 268
 15 -1 0 169
 15 2 0 87
 15 2 -1 274
 15 3 0 2
 15 -1 -3 76
 15 -1 2 15
 5 3 3 214
 5 1 4 305
 5 4 -1 317
 5 -4 0 328
 55 3 -3 134
 5 -1 -1 251
 5 -2 -2 328
 5 -2 2 107
 5 3 -1 152
 5 -3 1 349
 5 3 -2 0
 5 -2 0 326
 5 -2 -1 137
 55 -4 -2 11
 5 -2 3 250
 5 2 -2 265
 5 -2 1 83
 5 -1 -2 239
 55 2 -3 308
 5 -1 3 80
 55 -4 -3 155
 5 -3 0 336
 55 -3 -3 0
 5 -3 -2 249
 55 -4 1 86
 5 -1 -4 304
 5 4 0 85
 5 -3 -1 351
 "contig-ratio-green-core" 0.16666666666666666
 "contig-ratio-red-core" 0.058823529411764705
