 "a-count" 0
 "b-count" 24
 "c-color-count" 4
 "c-express-count" 4
 "d-color-count" 28
 "d-express-count" 28
 "cell-count" 56
 15 3 1 246
 15 -1 3 304
 15 -1 0 310
 15 -3 -1 147
 15 -4 -1 192
 15 -1 2 200
 15 1 1 47
 15 -1 4 26
 15 2 0 152
 15 0 -1 134
 15 1 2 354
 15 -2 3 270
 15 2 1 229
 15 0 3 66
 15 -1 -2 268
 15 3 -1 175
 15 0 1 33
 15 2 -1 152
 15 1 0 260
 15 -1 1 336
 15 1 -1 3
 15 -2 -1 134
 15 0 0 167
 15 0 2 248
 15 2 2 230
 15 3 0 226
 15 0 -2 205
 15 -1 -1 21
 5 -2 0 44
 5 1 -4 331
 5 3 -3 40
 5 0 -4 131
 5 4 0 287
 5 -3 -3 162
 5 1 -3 159
 5 4 -1 6
 55 3 -2 54
 5 -1 -4 136
 5 3 2 178
 55 1 4 88
 5 3 3 121
 5 2 -2 121
 5 2 -3 56
 5 2 3 168
 5 1 3 245
 5 1 -2 71
 5 0 4 85
 5 -2 1 217
 5 -3 0 192
 5 -1 -3 72
 5 -3 -2 28
 5 -2 -3 224
 55 -4 0 122
 55 2 4 232
 5 0 -3 243
 5 -3 1 234
 "contig-ratio-green-core" 0.5
 "contig-ratio-red-core" 0.125
 "a-count" 0
 "b-count" 22
 "c-color-count" 6
 "c-express-count" 6
 "d-color-count" 28
 "d-express-count" 28
 "cell-count" 56
 15 -3 1 143
 15 -1 1 220
 15 1 1 1
 15 0 1 258
 15 2 0 51
 15 0 -1 60
 15 -2 -1 128
 15 0 3 312
 15 2 -1 337
 15 -2 1 11
 15 2 2 52
 15 -1 0 125
 15 -1 3 297
 15 -1 4 7
 15 3 1 274
 15 -2 0 62
 15 -1 -1 99
 15 0 2 93
 15 2 1 96
 15 1 3 219
 15 1 0 90
 15 3 -1 168
 15 0 0 216
 15 1 -2 316
 15 -1 2 294
 15 -2 -2 59
 15 3 0 92
 15 1 -1 47
 5 3 -3 42
 55 3 3 283
 5 3 -2 314
 5 -3 -3 341
 5 4 -1 315
 55 2 3 118
 5 4 1 206
 5 0 -2 207
 5 -2 2 119
 5 0 4 180
 5 1 -4 339
 5 1 4 129
 55 -1 -3 303
 5 0 -4 17
 5 -4 -1 163
 5 -2 3 195
 5 -3 0 131
 5 -1 -2 31
 5 -3 -2 212
 5 -4 1 99
 5 -3 -1 332
 5 2 -3 206
 5 -4 0 279
 5 1 -3 288
 55 0 -3 48
 55 3 2 146
 55 -1 -4 311
 5 -2 -3 231
 "contig-ratio-green-core" 0.75
 "contig-ratio-red-core" 0.1
 "a-count" 0
 "b-count" 21
 "c-color-count" 7
 "c-express-count" 7
 "d-color-count" 28
 "d-express-count" 28
 "cell-count" 56
 15 -3 1 198
 15 0 1 302
 15 1 0 99
 15 1 1 220
 15 -2 1 354
 15 -1 0 75
 15 1 -1 88
 15 1 2 221
 15 -2 2 269
 15 3 0 265
 15 -2 0 210
 15 0 0 116
 15 -1 -2 24
 15 3 -1 208
 15 2 1 297
 15 -1 2 146
 15 2 0 18
 15 4 -1 50
 15 -1 -3 276
 15 0 -2 121
 15 4 0 56
 15 -2 -1 221
 15 -1 -4 313
 15 -1 1 209
 15 -1 -1 260
 15 2 -1 263
 15 0 -1 17
 15 0 2 222
 55 -2 3 248
 5 -4 0 246
 5 2 2 195
 5 3 -3 203
 5 1 4 30
 5 -3 -1 340
 5 -3 0 136
 5 -4 -1 60
 55 3 -2 60
 5 4 1 166
 55 0 4 129
 5 3 3 245
 5 3 2 238
 5 -1 4 129
 5 -3 2 62
 55 -1 3 328
 55 -3 3 329
 5 1 -2 315
 5 3 1 339
 5 -3 -2 343
 5 -4 1 349
 5 1 -3 236
 55 2 -2 289
 5 0 3 114
 55 2 -3 325
 5 1 3 351
 5 2 3 155
 5 -3 -3 336
 "contig-ratio-green-core" 0.5
 "contig-ratio-red-core" 0.23529411764705882
 "a-count" 0
 "b-count" 21
 "c-color-count" 7
 "c-express-count" 7
 "d-color-count" 28
 "d-express-count" 28
 "cell-count" 56
 15 -1 3 133
 15 -2 -1 244
 15 0 -1 129
 15 0 0 338
 15 3 2 177
 15 3 0 239
 15 0 2 144
 15 0 1 53
 15 1 1 125
 15 -1 0 264
 15 1 1 284
 15 2 0 179
 15 2 1 305
 15 0 -1 339
 15 -1 -3 253
 15 -1 -1 164
 15 -2 -1 240
 15 -1 -2 236
 15 3 1 70
 15 1 -1 131
 15 -1 4 212
 15 0 3 224
 15 1 0 244
 15 -1 -1 65
 15 0 -2 221
 15 -2 0 291
 15 -3 -1 124
 15 1 -1 213
 55 3 -1 281
 55 -3 3 246
 5 3 -3 300
 5 4 1 4
 5 1 3 267
 5 2 -2 271
 55 2 -1 256
 5 -3 -2 2
 5 -2 2 39
 5 -3 2 208
 5 -4 1 188
 5 -3 0 123
 55 0 -4 117
 5 -1 1 18
 5 1 4 359
 55 3 -2 243
 5 1 -3 234
 5 -3 1 313
 5 2 -3 161
 5 -4 -1 167
 55 -2 3 110
 5 2 2 339
 5 -2 1 247
 5 2 3 6
 5 1 -2 268
 5 -1 2 85
 5 -2 -3 159
 55 0 -3 148
 "contig-ratio-green-core" 1
 "contig-ratio-red-core" 0.19047619047619047
