 "a-count" 2
 "b-count" 0
 "c-color-count" 28
 "c-express-count" 28
 "d-color-count" 26
 "d-express-count" 26
 "cell-count" 56
 15 1 4 185
 15 -4 -2 284
 15 2 3 241
 15 -2 -2 121
 15 2 2 6
 15 -4 1 322
 15 2 -1 153
 15 1 5 142
 15 1 -3 29
 15 4 1 291
 15 -4 -1 31
 15 1 -4 156
 15 3 -2 31
 105 4 -1 349
 15 -3 -2 178
 15 1 3 282
 15 4 0 200
 15 -5 0 217
 15 2 -2 144
 105 2 -3 128
 15 -4 0 36
 15 -3 -4 129
 15 0 3 168
 15 2 4 119
 15 3 -3 99
 15 -3 -3 286
 15 3 -1 247
 15 1 2 181
 55 1 0 329
 55 -2 1 358
 55 1 -1 295
 55 0 -4 297
 55 -1 -2 294
 55 3 2 162
 55 -1 1 116
 55 -1 3 322
 55 0 1 310
 55 0 2 316
 55 0 -2 63
 55 -1 -3 149
 55 2 1 25
 55 3 0 151
 55 3 1 288
 55 2 0 298
 55 0 -1 290
 55 -1 0 5
 55 1 1 291
 55 0 -3 130
 55 0 0 273
 55 -2 2 112
 55 -2 0 120
 55 -1 -1 94
 55 1 -2 194
 55 -1 2 143
 55 -1 4 196
 55 -1 -4 22
 "contig-ratio-green-core" 0.5789473684210527
 "contig-ratio-red-core" 0.5909090909090909
 "a-count" 1
 "b-count" 0
 "c-color-count" 28
 "c-express-count" 28
 "d-color-count" 27
 "d-express-count" 27
 "cell-count" 56
 105 1 -4 233
 15 0 -1 6
 15 -3 1 346
 15 3 2 310
 15 2 -4 25
 15 0 -4 192
 15 3 3 235
 15 2 -3 109
 15 -2 -2 96
 15 4 -1 163
 15 -2 4 344
 15 2 4 219
 15 1 -3 45
 15 -2 3 55
 15 2 2 337
 15 -2 -3 343
 15 -3 3 298
 15 -1 -1 331
 15 -2 -1 60
 15 2 3 35
 15 0 -2 356
 15 0 -3 112
 15 -1 0 269
 15 -1 -2 161
 15 -2 1 198
 15 -2 2 252
 15 -1 -3 15
 15 -2 0 83
 55 0 1 77
 55 2 0 205
 55 -4 0 10
 55 3 -1 62
 55 0 0 312
 55 1 4 203
 55 2 -2 226
 55 1 1 260
 55 -1 4 343
 55 1 2 315
 55 -4 -2 76
 55 1 0 81
 55 4 0 153
 55 -1 2 38
 55 2 -1 163
 55 0 2 164
 55 0 3 190
 55 4 1 202
 55 -4 -1 232
 55 3 0 118
 55 1 -1 181
 55 3 1 89
 55 -1 3 173
 55 -1 1 18
 55 2 1 134
 55 1 3 235
 55 3 -2 74
 55 -5 -1 220
 "contig-ratio-green-core" 0.5714285714285714
 "contig-ratio-red-core" 0.5
 "a-count" 3
 "b-count" 0
 "c-color-count" 28
 "c-express-count" 28
 "d-color-count" 25
 "d-express-count" 25
 "cell-count" 56
 15 3 -2 112
 15 -1 -4 333
 15 -4 1 338
 15 -3 0 119
 15 -4 0 260
 15 -2 3 138
 105 0 4 333
 15 -3 1 77
 15 2 1 294
 15 1 -4 331
 105 0 3 137
 15 -3 -1 23
 15 1 2 80
 15 1 4 341
 15 3 3 56
 15 -3 -2 279
 15 3 2 33
 15 4 1 331
 15 1 -3 338
 15 -3 2 1
 15 3 1 30
 15 0 -4 294
 105 -3 3 75
 15 -1 3 267
 15 0 -3 328
 15 1 3 13
 15 -1 4 339
 15 0 2 81
 55 -2 1 297
 55 0 -2 28
 55 0 -1 172
 55 -1 -1 244
 55 2 0 228
 55 1 -1 180
 55 -2 -1 162
 55 4 -1 293
 55 -1 -2 311
 55 3 0 229
 55 -2 -2 271
 55 -1 1 21
 55 -1 0 93
 55 4 0 287
 55 -1 -3 339
 55 -2 2 279
 55 3 -1 270
 55 2 -2 21
 55 -2 0 89
 55 1 0 214
 55 2 -3 243
 55 0 0 271
 55 -1 2 23
 55 2 -1 193
 55 0 1 354
 55 1 1 226
 55 1 -2 227
 55 4 2 335
 "contig-ratio-green-core" 0.8888888888888888
 "contig-ratio-red-core" 0.7
 "a-count" 1
 "b-count" 0
 "c-color-count" 28
 "c-express-count" 28
 "d-color-count" 27
 "d-express-count" 27
 "cell-count" 56
 15 -1 -4 338
 15 -2 -3 165
 15 -1 4 267
 15 1 -3 120
 105 1 -4 296
 15 2 -3 47
 15 -3 -1 180
 15 3 -1 240
 15 -3 1 297
 15 3 -2 154
 15 3 -3 61
 15 4 3 191
 15 1 4 22
 15 -4 0 66
 15 -3 2 35
 15 -3 0 137
 15 3 0 205
 15 -1 3 153
 15 4 2 72
 15 1 -2 10
 15 0 4 298
 15 -4 1 94
 15 4 1 136
 15 -1 -3 164
 15 -2 -4 17
 15 0 -4 179
 15 2 -2 293
 15 0 -3 55
 55 0 -2 107
 55 2 2 127
 55 0 3 288
 55 -1 -1 273
 55 1 1 298
 55 1 0 96
 55 -1 -2 121
 55 0 1 92
 55 -2 -2 276
 55 -2 2 36
 55 1 3 168
 55 2 1 68
 55 0 2 338
 55 -2 1 236
 55 3 1 206
 55 -1 2 128
 55 1 -1 32
 55 2 -1 285
 55 2 0 184
 55 -1 0 258
 55 0 0 82
 55 1 2 343
 55 -2 0 2
 55 -1 1 305
 55 -3 -2 37
 55 -4 -2 92
 55 0 -1 207
 55 -2 -1 15
 "contig-ratio-green-core" 0.9375
 "contig-ratio-red-core" 0.6521739130434783
