 "a-count" 4
 "b-count" 0
 "c-color-count" 28
 "c-express-count" 28
 "d-color-count" 24
 "d-express-count" 24
 "cell-count" 56
 105 -2 4 19
 15 1 4 199
 15 -1 -4 274
 15 0 3 98
 15 -4 -1 129
 15 -3 0 108
 15 -3 2 239
 105 -1 4 214
 15 -3 -2 145
 15 1 -4 69
 15 -3 1 134
 15 4 0 4
 15 -3 3 66
 15 3 0 78
 15 0 -3 43
 105 -4 1 144
 15 1 3 339
 15 4 1 53
 15 -1 3 335
 15 -2 2 36
 15 0 -4 69
 15 -1 -3 335
 15 0 4 237
 15 3 -1 207
 15 3 -2 160
 15 -4 0 312
 15 3 1 74
 105 -2 3 273
 55 -1 2 107
 55 -1 0 144
 55 0 2 227
 55 -1 -2 235
 55 2 1 84
 55 1 -2 115
 55 2 -3 101
 55 -1 -1 195
 55 1 -1 283
 55 -1 1 144
 55 2 -1 147
 55 -2 -2 308
 55 0 1 301
 55 2 -2 95
 55 1 1 72
 55 2 2 16
 55 0 0 233
 55 -2 -1 340
 55 -2 0 159
 55 0 -2 14
 55 -2 -3 103
 55 2 0 276
 55 1 -3 32
 55 1 0 15
 55 0 -1 325
 55 -3 -1 125
 55 1 2 174
 55 -2 1 310
 "contig-ratio-green-core" 0.8823529411764706
 "contig-ratio-red-core" 0.5909090909090909
 "a-count" 4
 "b-count" 0
 "c-color-count" 28
 "c-express-count" 28
 "d-color-count" 25
 "d-express-count" 24
 "cell-count" 56
 15 2 -1 129
 15 0 3 281
 105 1 -3 187
 15 0 4 74
 15 0 -2 7
 15 0 -3 349
 15 -3 0 254
 15 0 5 328
 15 -2 3 199
 15 2 -3 137
 15 4 1 298
 15 1 3 260
 15 0 -4 300
 15 -4 -1 167
 105 -4 0 56
 15 -4 1 67
 15 -3 -1 35
 15 -1 -4 70
 15 -3 -3 205
 15 2 3 76
 15 3 3 103
 15 3 0 194
 15 3 -1 320
 15 2 -2 38
 105 -1 2 222
 15 1 -2 168
 15 -2 2 21
 15 2 2 70
 55 0 1 124
 55 4 -1 320
 55 -1 -2 46
 55 2 1 221
 55 -1 -1 292
 55 -1 0 250
 55 -2 1 90
 55 -2 0 194
 55 1 -1 39
 55 2 0 185
 55 0 -1 170
 55 -3 2 251
 55 -2 -1 267
 55 -3 1 93
 55 -1 1 341
 55 3 2 231
 55 1 1 208
 55 -3 -2 198
 55 0 2 33
 55 -2 -3 356
 55 -2 -2 273
 55 0 -1 303
 55 1 0 154
 55 -4 2 353
 55 -3 3 304
 55 0 0 136
 55 4 2 218
 55 3 1 43
 "contig-ratio-green-core" 0.6666666666666666
 "contig-ratio-red-core" 0.8571428571428571
 "a-count" 0
 "b-count" 0
 "c-color-count" 28
 "c-express-count" 28
 "d-color-count" 28
 "d-express-count" 28
 "cell-count" 56
 15 3 -3 211
 15 -1 5 144
 15 -3 3 238
 15 2 0 7
 15 2 -3 224
 15 -1 -3 204
 15 2 -1 160
 15 -3 -1 218
 15 2 -2 252
 15 0 4 263
 15 -1 -4 328
 15 1 4 294
 15 -2 -1 12
 15 2 -4 307
 15 -3 0 105
 15 1 -4 321
 15 -4 1 152
 15 0 -4 251
 15 -2 -2 277
 15 -3 -2 141
 15 3 0 184
 15 0 -3 274
 15 -3 1 78
 15 -1 4 219
 15 1 -3 251
 15 -4 0 3
 15 3 -1 265
 15 -3 2 283
 55 0 1 167
 55 -2 2 3
 55 0 0 99
 55 0 2 89
 55 -2 1 71
 55 2 2 138
 55 -1 3 53
 55 1 2 225
 55 -1 -2 127
 55 0 -2 90
 55 0 3 228
 55 0 -1 258
 55 -1 -1 190
 55 3 1 64
 55 1 -1 138
 55 1 -2 121
 55 -1 0 159
 55 2 1 49
 55 3 2 313
 55 -1 1 179
 55 -3 -3 105
 55 -2 -3 242
 55 -2 0 312
 55 -4 -1 144
 55 1 1 124
 55 -1 2 343
 55 1 3 240
 55 1 0 73
 "contig-ratio-green-core" 0.8888888888888888
 "contig-ratio-red-core" 0.625
 "a-count" 3
 "b-count" 0
 "c-color-count" 28
 "c-express-count" 28
 "d-color-count" 25
 "d-express-count" 25
 "cell-count" 56
 15 3 0 314
 15 0 -4 213
 15 -4 0 79
 105 4 0 143
 15 3 -3 269
 15 -3 0 185
 15 -1 -4 173
 15 -3 -1 314
 105 4 1 293
 15 -3 2 22
 15 -2 -2 110
 15 -1 4 197
 105 4 -1 337
 15 -2 4 294
 15 -2 3 265
 15 -2 -1 66
 15 2 -2 242
 15 3 2 51
 15 2 -1 105
 15 2 4 119
 15 3 1 101
 15 -3 1 87
 15 2 -3 345
 15 2 0 180
 15 -1 -3 207
 15 -2 2 125
 15 -2 -3 300
 15 3 -2 21
 55 -1 3 298
 55 3 3 60
 55 1 -4 136
 55 -1 -1 242
 55 0 -3 338
 55 1 1 196
 55 -4 -1 30
 55 0 -2 213
 55 -1 1 281
 55 1 -1 255
 55 2 2 11
 55 1 4 191
 55 1 3 325
 55 0 -1 231
 55 -1 0 118
 55 1 0 331
 55 2 1 45
 55 1 2 256
 55 1 -2 2
 55 0 2 34
 55 -2 1 66
 55 -2 0 308
 55 0 3 250
 55 0 1 196
 55 2 3 240
 55 -1 -2 316
 55 0 0 57
 55 1 -3 147
 "contig-ratio-green-core" 0.8421052631578947
 "contig-ratio-red-core" 0.7
