 "a-count" 0
 "b-count" 0
 "c-color-count" 28
 "c-express-count" 28
 "d-color-count" 28
 "d-express-count" 28
 "cell-count" 56
 15 2 3 34
 15 0 -4 300
 15 -3 -1 271
 15 0 4 258
 15 -1 4 159
 15 -2 0 21
 15 2 -4 150
 15 -3 1 141
 15 2 -3 222
 15 1 4 273
 15 3 -3 106
 15 5 0 83
 15 4 2 251
 15 -4 0 58
 15 -2 3 31
 15 4 0 174
 15 2 2 313
 15 -2 -2 353
 15 -1 3 103
 15 -3 0 187
 15 3 2 296
 15 4 -1 359
 15 -3 -2 308
 15 1 -3 247
 15 -3 2 304
 15 0 -3 278
 15 -2 -1 48
 15 1 -4 73
 55 -1 0 33
 55 1 3 231
 55 -1 -3 249
 55 3 1 182
 55 0 -2 47
 55 3 0 104
 55 0 2 231
 55 1 1 6
 55 0 0 208
 55 -1 1 274
 55 0 1 38
 55 -1 2 36
 55 0 3 139
 55 2 0 21
 55 1 2 190
 55 -1 -1 325
 55 2 -1 250
 55 -2 1 11
 55 1 -1 306
 55 0 -1 112
 55 2 -2 263
 55 -3 3 40
 55 -1 -2 75
 55 1 -2 340
 55 -2 2 99
 55 2 1 17
 55 1 0 201
 55 -2 -3 239
 "contig-ratio-green-core" 0.8888888888888888
 "contig-ratio-red-core" 0.7083333333333334
 "a-count" 1
 "b-count" 0
 "c-color-count" 28
 "c-express-count" 28
 "d-color-count" 27
 "d-express-count" 27
 "cell-count" 56
 15 -2 3 55
 15 2 4 139
 15 -4 1 137
 15 -3 -2 83
 15 0 -2 195
 15 4 0 171
 15 -3 -1 299
 15 3 0 310
 15 -2 -3 325
 15 -3 2 103
 15 0 -3 25
 15 -1 -3 287
 15 -1 -2 181
 15 3 -2 135
 15 -2 -1 135
 15 -4 0 202
 15 3 -1 131
 105 -4 -1 186
 15 3 3 20
 15 4 -1 45
 15 -1 4 153
 15 -3 0 350
 15 -1 3 315
 15 0 -4 280
 15 -2 -2 191
 15 -1 -1 203
 15 -3 1 1
 15 -2 2 84
 55 -3 -3 111
 55 1 3 316
 55 1 1 225
 55 1 -2 83
 55 1 4 105
 55 -1 2 316
 55 3 2 111
 55 1 2 152
 55 3 1 157
 55 2 -2 231
 55 0 -1 298
 55 0 2 214
 55 0 3 306
 55 -1 0 212
 55 2 -3 346
 55 -1 1 92
 55 2 3 336
 55 2 1 271
 55 2 2 68
 55 -2 1 102
 55 1 -1 134
 55 2 -1 163
 55 4 1 2
 55 1 -3 190
 55 1 0 56
 55 0 0 305
 55 -2 0 284
 55 2 0 290
 "contig-ratio-green-core" 0.6666666666666666
 "contig-ratio-red-core" 0.6363636363636364
 "a-count" 4
 "b-count" 0
 "c-color-count" 28
 "c-express-count" 28
 "d-color-count" 24
 "d-express-count" 24
 "cell-count" 56
 15 -2 0 106
 15 2 4 24
 15 3 2 15
 15 1 -4 211
 15 -3 -2 116
 15 1 -2 157
 15 2 -2 41
 15 -1 -4 315
 15 0 -2 313
 15 -3 1 203
 15 0 -3 352
 15 -2 1 324
 105 0 -4 224
 15 2 2 193
 15 -3 0 24
 15 -4 0 349
 15 2 3 245
 15 2 -1 198
 105 -4 -1 240
 15 1 -3 269
 105 2 -3 346
 15 3 -1 190
 15 -3 2 348
 15 -3 -1 2
 15 3 -2 55
 105 3 -3 93
 15 -2 2 46
 15 -4 1 246
 55 1 0 140
 55 0 0 34
 55 1 2 312
 55 2 0 354
 55 3 0 230
 55 1 1 112
 55 1 3 258
 55 1 4 228
 55 0 -1 14
 55 0 2 96
 55 -1 3 115
 55 -3 4 307
 55 0 1 60
 55 -2 -1 302
 55 -2 -3 242
 55 2 1 59
 55 -1 -2 9
 55 -1 0 120
 55 0 3 257
 55 1 -1 312
 55 -2 -2 248
 55 -1 1 57
 55 -1 -1 72
 55 3 1 240
 55 0 4 217
 55 -2 3 329
 55 -2 4 0
 55 -1 -3 244
 "contig-ratio-green-core" 0.7142857142857143
 "contig-ratio-red-core" 0.7894736842105263
 "a-count" 1
 "b-count" 0
 "c-color-count" 28
 "c-express-count" 28
 "d-color-count" 27
 "d-express-count" 27
 "cell-count" 56
 15 -2 3 111
 15 -3 1 102
 15 -1 3 138
 15 3 2 111
 15 -2 -3 71
 15 1 3 350
 15 -1 -3 216
 15 -1 -2 331
 15 -2 -1 353
 15 1 -2 144
 15 2 -4 210
 15 -1 -4 140
 15 -5 1 292
 15 0 4 262
 15 0 -4 142
 15 -1 2 143
 15 2 -3 162
 15 -1 -1 301
 15 -2 -2 289
 15 -4 0 166
 15 0 3 107
 15 4 2 270
 15 0 -3 198
 15 1 -3 151
 15 -4 1 154
 15 -2 2 338
 15 2 -2 357
 105 -1 4 180
 55 1 2 66
 55 -3 -1 236
 55 3 -1 76
 55 4 0 136
 55 -3 -2 249
 55 2 3 240
 55 3 0 321
 55 0 2 44
 55 0 1 144
 55 -3 0 46
 55 1 -1 243
 55 -2 0 293
 55 3 -2 233
 55 -2 1 12
 55 0 -1 111
 55 -1 1 158
 55 -3 2 95
 55 -3 -3 80
 55 2 2 327
 55 2 0 265
 55 1 1 153
 55 4 -1 333
 55 -2 -4 246
 55 0 0 198
 55 2 1 50
 55 2 -1 304
 55 1 0 138
 55 -1 0 126
 "contig-ratio-green-core" 0.6666666666666666
 "contig-ratio-red-core" 0.72
