 "a-count" 2
 "b-count" 0
 "c-color-count" 28
 "c-express-count" 28
 "d-color-count" 26
 "d-express-count" 26
 "cell-count" 56
 15 1 -2 88
 15 2 3 173
 15 -4 -1 127
 15 2 4 134
 15 0 -2 94
 15 3 -2 277
 15 3 2 237
 15 -3 3 134
 15 3 -1 294
 15 -1 -4 296
 15 -3 2 96
 15 1 -4 167
 15 0 -4 66
 15 -2 3 230
 15 -1 3 313
 105 1 4 33
 15 0 -3 181
 15 0 3 11
 15 1 -3 287
 15 -3 1 112
 15 4 -1 270
 15 -1 -3 77
 15 1 3 351
 105 -1 4 66
 15 -2 -3 326
 15 3 3 136
 15 0 4 118
 15 4 0 185
 55 0 1 110
 55 3 1 140
 55 0 0 348
 55 -2 -1 207
 55 -1 2 127
 55 -4 0 105
 55 -1 -1 163
 55 1 1 273
 55 -2 1 137
 55 -2 -2 81
 55 2 0 88
 55 -3 -1 353
 55 -1 -2 205
 55 0 2 313
 55 0 -1 187
 55 2 2 232
 55 1 0 344
 55 -2 2 75
 55 3 0 66
 55 -1 1 40
 55 1 -1 325
 55 2 -1 185
 55 1 2 260
 55 -3 0 245
 55 -2 0 319
 55 2 1 257
 55 -3 -2 9
 55 -1 0 209
 "contig-ratio-green-core" 0.8823529411764706
 "contig-ratio-red-core" 0.5909090909090909
 "a-count" 3
 "b-count" 0
 "c-color-count" 28
 "c-express-count" 28
 "d-color-count" 25
 "d-express-count" 25
 "cell-count" 56
 15 1 -1 28
 15 2 -2 245
 15 4 0 353
 15 3 0 251
 15 -4 1 166
 15 -3 1 273
 15 2 -1 233
 15 2 3 74
 15 -1 -2 283
 15 2 4 139
 15 1 -4 187
 15 1 -3 131
 15 2 -4 46
 15 1 -1 293
 15 0 -2 188
 15 -3 0 205
 15 4 -1 176
 15 -4 0 92
 15 2 -3 72
 15 -3 3 183
 105 -2 -3 91
 15 1 -2 181
 105 -3 -2 285
 15 0 -4 288
 15 0 -3 151
 15 3 1 124
 15 -3 -1 282
 105 -2 -2 91
 55 1 2 144
 55 4 -3 147
 55 2 0 352
 55 -2 2 138
 55 2 1 310
 55 0 3 56
 55 2 2 278
 55 -2 1 93
 55 -1 1 358
 55 0 2 304
 55 4 1 152
 55 4 -2 66
 55 0 -1 137
 55 -1 4 70
 55 -1 3 327
 55 -1 0 358
 55 0 1 300
 55 1 4 27
 55 -1 2 260
 55 -3 2 74
 55 0 4 185
 55 -1 -1 302
 55 1 1 311
 55 1 0 223
 55 0 -1 54
 55 0 0 341
 55 -2 0 19
 55 -2 -1 69
 "contig-ratio-green-core" 0.7
 "contig-ratio-red-core" 0.6
 "a-count" 2
 "b-count" 0
 "c-color-count" 28
 "c-express-count" 28
 "d-color-count" 26
 "d-express-count" 26
 "cell-count" 56
 15 -2 3 239
 15 1 3 69
 15 -3 3 238
 15 -4 1 89
 15 0 3 271
 15 -1 3 358
 15 2 2 259
 15 -1 -4 1
 15 -3 -3 68
 15 1 2 241
 15 -4 1 355
 15 4 -1 216
 15 -3 4 313
 15 3 0 2
 15 3 1 221
 15 -1 -3 196
 15 -2 -2 61
 105 4 1 358
 15 2 3 105
 15 -4 2 201
 15 3 -2 333
 15 4 0 289
 15 -3 -2 120
 15 3 -1 58
 105 -2 -3 94
 15 3 2 153
 15 0 -4 84
 15 -2 -2 72
 55 1 -2 41
 55 -2 1 336
 55 -1 -1 164
 55 0 -3 97
 55 -1 -2 255
 55 -3 1 135
 55 -4 3 90
 55 0 0 241
 55 -1 1 74
 55 0 -2 149
 55 -3 -1 247
 55 -2 2 26
 55 -2 -1 252
 55 0 -2 111
 55 -2 0 205
 55 -3 1 32
 55 -1 2 119
 55 -1 0 61
 55 -4 -1 142
 55 -3 0 67
 55 -4 0 329
 55 -3 0 107
 55 -3 -1 285
 55 -3 2 220
 55 1 -3 119
 55 0 -1 12
 55 0 2 346
 55 0 1 168
 "contig-ratio-green-core" 0.7222222222222222
 "contig-ratio-red-core" 0.4782608695652174
 "a-count" 1
 "b-count" 0
 "c-color-count" 28
 "c-express-count" 28
 "d-color-count" 27
 "d-express-count" 27
 "cell-count" 56
 15 2 4 345
 105 -3 3 199
 15 -2 -3 193
 15 -4 0 336
 15 2 -3 197
 15 3 3 166
 15 -1 2 33
 15 3 2 231
 15 4 1 350
 15 4 -1 278
 15 4 0 337
 15 2 -2 90
 15 1 3 215
 15 -3 2 131
 15 1 4 57
 15 1 -3 203
 15 0 -4 84
 15 -1 -3 32
 15 0 2 204
 15 0 -3 135
 15 -4 0 259
 15 -1 3 270
 15 -4 1 123
 15 -2 2 323
 15 0 3 140
 15 2 3 164
 15 -2 3 259
 15 -2 -2 275
 55 3 -1 243
 55 -1 1 303
 55 1 -1 289
 55 -1 1 6
 55 2 0 69
 55 3 1 329
 55 2 -1 304
 55 -1 0 219
 55 -1 4 68
 55 3 -2 328
 55 2 2 36
 55 1 0 332
 55 -4 -1 7
 55 0 1 159
 55 0 -1 306
 55 0 4 35
 55 -4 -1 233
 55 0 1 209
 55 3 0 1
 55 -1 0 259
 55 0 0 333
 55 -1 0 200
 55 -4 -2 136
 55 -2 -1 83
 55 -1 -1 163
 55 -3 -1 207
 55 1 1 312
 55 2 1 355
 "contig-ratio-green-core" 0.5909090909090909
 "contig-ratio-red-core" 0.5833333333333334
