 "a-count" 7
 "b-count" 5
 "c-color-count" 23
 "c-express-count" 23
 "d-color-count" 22
 "d-express-count" 21
 "cell-count" 56
 15 2 1 149
 105 0 0 180
 105 1 4 146
 15 1 1 30
 15 3 1 153
 15 0 2 315
 15 4 1 111
 15 1 0 124
 15 0 -2 234
 15 -4 -1 185
 15 0 -1 350
 15 0 -3 32
 15 -1 1 13
 15 2 -1 26
 105 3 -1 181
 15 -1 0 137
 15 2 0 55
 15 -2 0 296
 15 0 1 99
 15 0 3 210
 105 -2 -3 60
 15 1 -1 169
 105 -1 4 146
 105 -3 3 310
 15 -2 -1 297
 15 -1 -1 50
 15 -1 2 167
 15 3 3 30
 55 0 4 213
 55 -1 -3 135
 55 -2 2 22
 5 4 0 143
 55 1 -3 277
 55 -4 1 31
 55 -3 2 243
 55 -1 -2 75
 55 3 2 97
 55 2 2 282
 5 -3 -3 188
 55 2 -3 146
 55 2 3 98
 55 1 3 304
 55 -1 -4 111
 5 3 -3 12
 55 -3 -2 58
 55 0 -4 31
 55 -3 0 332
 55 2 -2 234
 5 3 -2 288
 55 3 0 209
 55 -2 -2 332
 55 -2 1 320
 55 1 2 216
 55 -1 3 129
 55 -4 0 213
 5 1 -4 242
 "contig-ratio-green-core" 0.8333333333333334
 "contig-ratio-red-core" 1.0714285714285714
 "a-count" 5
 "b-count" 5
 "c-color-count" 23
 "c-express-count" 23
 "d-color-count" 24
 "d-express-count" 23
 "cell-count" 56
 15 3 1 92
 15 -2 1 233
 15 -1 -1 197
 15 -1 1 353
 105 -3 -1 321
 15 -1 3 259
 15 -1 0 120
 15 0 -2 233
 15 0 -3 232
 15 3 -2 128
 105 3 -3 152
 105 1 2 141
 15 1 -2 1
 15 0 1 287
 15 0 2 121
 15 -3 0 202
 15 0 -1 102
 15 -2 -1 216
 15 2 1 240
 105 -2 0 202
 15 1 -1 33
 15 1 0 298
 15 1 3 277
 15 -1 2 65
 15 0 0 154
 15 1 1 23
 15 2 -1 299
 15 3 0 183
 55 -3 1 32
 55 3 2 59
 5 3 3 4
 5 2 2 218
 55 -1 -3 45
 55 2 -2 156
 55 2 3 272
 55 -2 -3 270
 55 -4 -1 256
 5 4 -1 17
 55 -1 4 257
 55 -1 -4 52
 5 0 3 190
 55 -2 -2 288
 55 -3 3 359
 55 -4 0 14
 55 -2 3 111
 55 1 4 168
 55 -4 1 321
 5 -2 2 124
 55 3 -1 341
 55 -3 -3 68
 55 0 4 97
 55 -3 2 230
 55 2 -3 147
 55 0 -4 216
 55 1 -3 126
 55 1 -4 179
 "contig-ratio-green-core" 0.5238095238095238
 "contig-ratio-red-core" 0.8125
 "a-count" 4
 "b-count" 5
 "c-color-count" 23
 "c-express-count" 23
 "d-color-count" 26
 "d-express-count" 24
 "cell-count" 56
 105 0 -4 228
 15 1 2 211
 15 0 -1 359
 15 0 3 352
 15 1 -3 164
 15 -2 -1 289
 15 0 -3 154
 15 -2 0 159
 15 1 -1 244
 15 0 -2 150
 15 3 -2 168
 15 -1 4 116
 15 3 1 175
 15 0 0 176
 15 -1 -3 181
 105 3 0 181
 15 1 0 42
 15 4 0 55
 15 -1 0 350
 15 0 2 115
 15 -1 -1 281
 15 -1 1 59
 15 2 1 176
 15 1 1 359
 15 0 1 56
 15 2 0 145
 15 -3 0 193
 15 1 -2 53
 5 1 4 305
 55 5 0 54
 55 3 -1 48
 55 -2 4 296
 55 2 -3 331
 5 1 3 271
 55 -4 0 69
 55 4 1 230
 55 -2 -2 60
 55 -2 -3 345
 55 -2 1 188
 55 -2 3 295
 55 -4 -1 331
 55 -3 -2 359
 55 -3 3 137
 55 -1 2 137
 55 0 4 192
 55 -4 1 322
 55 -1 -4 346
 5 4 -1 268
 55 -1 3 104
 55 3 2 69
 5 3 -3 243
 55 2 -1 74
 5 2 -2 333
 55 -3 1 214
 55 -2 2 22
 55 -1 -2 0
 "contig-ratio-green-core" 0.8
 "contig-ratio-red-core" 0.8823529411764706
 "a-count" 7
 "b-count" 4
 "c-color-count" 24
 "c-express-count" 24
 "d-color-count" 23
 "d-express-count" 21
 "cell-count" 56
 15 -4 1 145
 15 -1 -2 197
 15 1 0 327
 15 4 1 196
 15 0 -1 111
 15 -1 1 128
 15 1 -3 138
 105 1 1 210
 105 4 0 117
 15 4 -1 64
 15 1 -2 329
 105 3 -3 145
 15 -1 0 271
 15 2 0 184
 15 -3 1 304
 15 0 1 192
 15 -2 0 167
 15 0 2 68
 105 -3 -1 64
 15 2 1 7
 15 -4 0 171
 15 0 -2 229
 15 1 -1 151
 15 0 0 126
 105 -2 2 50
 15 -1 -1 127
 15 0 -3 96
 15 2 2 75
 55 -2 3 309
 55 -1 -3 167
 5 1 -4 85
 55 3 -2 7
 55 3 1 350
 55 0 4 263
 55 -1 3 108
 55 -2 -3 346
 55 3 0 163
 5 -2 -1 137
 55 -3 -2 62
 55 2 -1 115
 55 0 -4 33
 5 -3 -3 253
 55 0 3 194
 55 -3 0 280
 55 2 3 319
 55 1 4 217
 55 3 3 179
 55 -1 4 187
 55 -3 3 288
 55 2 -2 165
 55 -1 2 231
 55 -2 1 111
 55 -4 -1 205
 55 1 3 113
 5 -1 -4 74
 55 -4 2 173
 "contig-ratio-green-core" 0.6
 "contig-ratio-red-core" 0.7647058823529411
