 "a-count" 5
 "b-count" 10
 "c-color-count" 18
 "c-express-count" 18
 "d-color-count" 23
 "d-express-count" 23
 "cell-count" 56
 15 2 -2 50
 105 1 -4 217
 15 2 -1 316
 15 1 -1 334
 15 0 0 107
 15 -1 1 11
 15 -2 0 304
 15 1 0 169
 15 -1 3 233
 15 3 0 218
 15 -1 -2 292
 15 0 -1 132
 105 -3 -2 72
 15 -1 -1 92
 15 -1 4 215
 15 2 0 244
 15 -3 0 171
 15 0 1 219
 15 0 2 284
 15 -1 0 326
 105 1 3 79
 15 2 2 96
 15 -1 -3 294
 15 1 1 170
 15 -1 2 298
 105 -4 0 339
 105 3 -2 297
 15 -2 -1 196
 5 0 3 80
 55 1 4 345
 55 4 1 109
 55 -2 -3 352
 5 1 -3 61
 55 -2 3 5
 55 3 1 2
 55 3 -3 280
 5 1 2 288
 5 -3 3 220
 55 -4 1 141
 5 2 3 78
 55 -3 1 317
 55 -3 -1 8
 55 0 -4 294
 5 3 2 156
 55 4 0 30
 55 -1 -4 154
 55 -2 2 113
 5 3 3 348
 55 4 -1 127
 5 0 -2 274
 5 -2 -2 160
 55 2 -3 325
 55 -3 -3 152
 55 -2 1 137
 5 -4 -1 128
 55 0 4 293
 "contig-ratio-green-core" 0.5714285714285714
 "contig-ratio-red-core" 0.6428571428571429
 "a-count" 4
 "b-count" 8
 "c-color-count" 21
 "c-express-count" 20
 "d-color-count" 24
 "d-express-count" 24
 "cell-count" 56
 15 0 -2 132
 15 0 -4 73
 105 -1 3 28
 15 -2 -1 142
 105 -3 2 24
 15 0 2 125
 15 4 0 55
 15 0 -1 286
 15 -1 -1 267
 15 1 -2 259
 15 1 -1 173
 15 1 -3 129
 15 0 1 308
 15 2 -2 334
 105 0 0 194
 15 1 0 36
 15 -3 -1 276
 15 2 -1 224
 15 0 4 199
 15 -2 0 72
 15 1 1 352
 105 -4 1 37
 15 -1 1 90
 15 0 -3 222
 15 3 0 1
 15 2 3 239
 15 -1 0 192
 15 -2 1 359
 55 2 -3 334
 5 2 0 324
 55 -3 3 269
 55 2 1 145
 55 -3 -2 83
 5 -1 4 298
 55 -4 0 114
 55 -2 2 169
 55 3 -3 51
 55 1 3 226
 55 -1 -2 78
 55 3 -1 213
 55 2 2 234
 55 3 3 89
 55 -3 0 107
 55 -2 -3 344
 5 3 -2 191
 55 -1 2 217
 5 1 -4 28
 55 4 -1 265
 5 3 2 73
 5 -3 -3 336
 55 0 3 340
 55 -1 -4 278
 55 -2 -2 84
 5 -4 -1 316
 55 4 1 194
 55 -1 -3 257
 "contig-ratio-green-core" 0.9444444444444444
 "contig-ratio-red-core" 0.8235294117647058
 "a-count" 5
 "b-count" 5
 "c-color-count" 23
 "c-express-count" 23
 "d-color-count" 24
 "d-express-count" 23
 "cell-count" 56
 15 3 -3 148
 15 1 0 90
 15 2 0 326
 15 3 1 274
 15 0 1 333
 15 1 1 115
 15 -1 -1 274
 15 2 -2 154
 15 -1 -4 153
 105 1 -4 35
 15 0 -1 84
 15 -2 2 345
 105 -3 -2 241
 15 1 2 113
 15 3 0 325
 15 0 -3 326
 15 2 -1 235
 15 2 2 41
 105 -2 -3 173
 15 2 1 45
 15 0 0 283
 15 1 -1 159
 105 -3 -3 86
 15 1 -2 357
 15 -4 0 162
 15 -3 -1 150
 15 0 -2 85
 15 -1 -2 322
 5 -1 4 77
 55 -2 1 151
 55 4 -1 167
 55 -3 2 105
 55 3 -1 31
 55 0 2 39
 55 -4 -1 160
 55 0 3 274
 55 4 1 54
 55 0 4 342
 55 -2 3 115
 55 -3 0 332
 5 -3 3 345
 55 0 -4 29
 55 -1 0 234
 55 1 3 225
 55 -2 0 183
 5 3 3 102
 55 4 0 71
 55 3 -2 200
 55 -1 2 205
 55 -3 1 270
 5 3 2 217
 55 -4 1 310
 55 -1 3 19
 55 -1 -3 344
 55 2 -3 140
 5 2 3 48
 "contig-ratio-green-core" 1
 "contig-ratio-red-core" 0.9230769230769231
 "a-count" 5
 "b-count" 6
 "c-color-count" 22
 "c-express-count" 22
 "d-color-count" 24
 "d-express-count" 23
 "cell-count" 56
 15 -4 0 35
 15 -1 1 328
 15 2 0 21
 105 3 -2 336
 15 2 2 290
 15 0 -1 15
 15 -1 0 169
 15 -2 -2 327
 15 -1 -3 230
 15 0 1 261
 15 1 1 309
 15 1 0 287
 15 -2 -1 323
 15 0 0 165
 15 3 1 129
 15 -1 -2 287
 15 -1 -4 38
 15 -1 -1 95
 105 4 1 19
 105 3 0 42
 15 -1 2 92
 15 4 -1 92
 15 3 3 8
 15 -2 0 34
 105 -3 -3 268
 15 2 1 61
 15 0 -2 337
 15 1 -1 82
 55 0 2 85
 5 0 -4 256
 55 -3 0 28
 5 1 -3 291
 55 -2 2 303
 55 -3 -1 230
 55 -2 3 178
 55 3 -3 60
 55 1 -4 348
 5 -3 -2 296
 55 -2 1 92
 55 1 4 347
 55 1 2 56
 55 -3 3 166
 55 1 -2 31
 55 1 3 101
 55 3 2 24
 55 -1 4 22
 55 -4 -1 33
 55 4 -2 118
 5 0 4 309
 55 -2 -4 115
 5 -3 2 80
 55 3 -1 24
 55 -1 3 17
 55 2 -2 137
 5 -4 1 40
 55 2 3 332
 "contig-ratio-green-core" 0.6470588235294118
 "contig-ratio-red-core" 0.8461538461538461
