 "a-count" 5
 "b-count" 4
 "c-color-count" 24
 "c-express-count" 24
 "d-color-count" 25
 "d-express-count" 23
 "cell-count" 56
 15 0 1 286
 15 3 1 196
 15 1 1 341
 15 4 -1 135
 105 -3 -2 92
 15 1 -1 26
 15 2 2 310
 15 -1 -3 153
 15 -3 1 103
 15 0 -1 262
 15 -3 0 181
 15 0 3 10
 15 0 -3 351
 15 1 2 119
 105 -3 2 302
 15 0 2 277
 15 2 0 286
 15 4 1 21
 15 -1 2 44
 15 0 0 63
 15 1 -4 293
 15 1 0 322
 15 -1 1 226
 15 -2 1 206
 15 3 -1 352
 15 2 1 134
 105 -3 3 332
 15 0 -2 241
 55 -2 3 36
 55 3 2 200
 55 -3 -3 256
 55 -1 -1 168
 5 -2 -2 192
 55 -1 -2 73
 55 3 -3 80
 55 2 -1 353
 55 -4 0 33
 55 -3 -1 304
 55 1 -3 341
 55 1 -2 18
 55 -2 0 306
 55 2 -2 220
 55 0 -4 77
 55 3 0 1
 5 1 3 117
 55 0 4 316
 55 -1 0 138
 55 -2 2 141
 55 -2 -1 61
 5 3 3 104
 55 -4 -1 203
 55 2 3 258
 55 -1 -4 297
 55 -1 3 209
 55 -4 1 223
 5 1 4 114
 "contig-ratio-green-core" 1
 "contig-ratio-red-core" 1.125
 "a-count" 3
 "b-count" 7
 "c-color-count" 21
 "c-express-count" 21
 "d-color-count" 25
 "d-express-count" 25
 "cell-count" 56
 15 0 -3 119
 15 2 -1 52
 15 1 0 354
 15 2 1 70
 15 -1 1 205
 15 2 -2 192
 15 1 -3 234
 15 -1 -2 92
 15 0 3 264
 15 0 2 103
 15 1 2 24
 15 2 0 287
 15 1 1 319
 15 0 1 29
 105 2 -3 152
 105 3 -3 135
 15 -1 -1 40
 15 0 -2 113
 15 -3 1 244
 15 -2 -1 148
 15 0 4 106
 15 -3 0 297
 15 2 2 259
 105 -2 -3 101
 15 1 -2 180
 15 -2 1 311
 15 -1 0 302
 15 0 -1 335
 55 -1 -3 112
 55 3 -1 236
 55 -1 3 74
 5 3 3 253
 5 -4 -1 117
 5 3 -2 271
 55 1 3 288
 5 -3 -3 359
 55 2 3 92
 55 1 -4 307
 55 0 -4 127
 55 3 1 50
 55 -3 -1 316
 55 3 2 211
 5 4 -1 210
 55 -1 2 83
 55 -2 3 95
 55 -3 3 266
 5 -2 -2 285
 55 3 0 181
 55 -1 4 324
 55 4 1 224
 55 -4 1 211
 55 4 0 48
 5 1 4 58
 55 -4 0 241
 55 -2 2 73
 55 -3 2 255
 "contig-ratio-green-core" 0.8235294117647058
 "contig-ratio-red-core" 0.7777777777777778
 "a-count" 2
 "b-count" 2
 "c-color-count" 26
 "c-express-count" 26
 "d-color-count" 27
 "d-express-count" 26
 "cell-count" 56
 15 0 3 117
 15 1 1 184
 105 3 -1 124
 15 2 0 64
 15 2 1 326
 15 1 -2 315
 15 0 2 292
 15 -1 2 118
 15 -1 0 247
 15 -1 -1 336
 15 0 4 58
 15 0 -1 144
 15 2 3 152
 15 0 0 239
 15 -1 3 184
 15 -2 -1 148
 15 3 2 355
 15 -1 1 105
 15 1 2 33
 15 -2 0 133
 15 0 1 327
 15 -3 -1 77
 15 1 -1 144
 15 0 -2 252
 15 -1 -2 69
 15 1 0 255
 15 -2 1 143
 15 -3 0 141
 55 -1 -3 4
 55 -3 -2 20
 55 -3 -3 328
 55 2 -1 279
 55 -1 4 134
 55 -4 -1 67
 55 4 -1 7
 55 -2 3 47
 55 1 -3 49
 55 -3 1 99
 55 -4 0 359
 55 4 0 295
 55 -3 3 67
 55 4 1 298
 55 0 -3 44
 55 2 2 298
 55 3 -2 197
 55 -2 -3 37
 55 3 1 298
 55 -4 1 25
 5 1 -4 51
 55 2 -3 101
 55 1 4 286
 55 -1 -4 134
 5 2 -2 301
 55 -2 2 331
 55 -2 -2 307
 55 -3 2 170
 "contig-ratio-green-core" 0.6
 "contig-ratio-red-core" 1
