 "a-count" 5
 "b-count" 7
 "c-color-count" 22
 "c-express-count" 21
 "d-color-count" 23
 "d-express-count" 23
 "cell-count" 56
 15 2 -2 316
 15 -1 2 128
 105 -2 3 106
 15 -2 0 93
 105 4 -1 348
 15 -1 3 289
 15 -3 1 47
 15 1 3 174
 105 0 4 71
 15 -1 -4 55
 105 1 -4 164
 15 -3 -2 209
 15 4 0 1
 15 4 1 16
 15 -2 2 168
 15 -1 1 99
 15 0 -3 82
 15 2 -1 260
 15 -1 4 342
 15 -1 -3 134
 15 -2 1 285
 15 -3 -1 337
 15 1 -3 166
 15 2 3 0
 105 0 -4 100
 15 -3 0 353
 15 3 0 201
 15 0 3 183
 55 3 -3 129
 55 -1 -2 218
 5 -3 3 244
 55 1 -1 260
 55 -4 -1 341
 55 1 -2 12
 5 -2 -3 21
 55 -4 2 72
 5 -4 1 170
 55 1 2 177
 55 3 -2 253
 55 0 2 11
 5 3 3 4
 55 1 1 175
 5 -3 -3 275
 55 2 0 46
 55 0 1 186
 55 2 2 254
 55 -3 2 350
 55 -1 -1 264
 55 -2 -2 168
 55 1 0 86
 55 0 -2 120
 55 3 1 82
 55 2 1 134
 55 0 0 25
 55 -1 0 109
 5 -4 0 32
 "contig-ratio-green-core" 1
 "contig-ratio-red-core" 0.6842105263157895
 "a-count" 10
 "b-count" 5
 "c-color-count" 25
 "c-express-count" 23
 "d-color-count" 18
 "d-express-count" 18
 "cell-count" 56
 15 -1 -1 290
 15 -3 2 112
 15 3 3 208
 15 1 -2 284
 15 -1 3 130
 15 -1 -2 314
 15 -2 2 32
 15 0 -2 61
 105 4 1 202
 105 -3 3 161
 105 -1 4 238
 105 3 -2 167
 105 -2 -2 125
 15 0 3 349
 15 2 -2 157
 15 2 3 66
 105 -4 0 101
 15 0 -3 67
 15 4 0 240
 105 0 -4 354
 15 1 -3 122
 105 -2 -3 202
 15 -3 1 240
 105 3 -1 307
 15 3 0 192
 15 1 3 59
 105 -3 -3 62
 15 -2 -1 54
 55 2 0 159
 55 3 1 134
 55 1 1 67
 55 1 -4 6
 55 3 2 144
 5 -3 -1 178
 55 0 -1 324
 5 -4 -1 258
 55 0 4 145
 55 -1 1 268
 55 1 -1 224
 55 1 0 185
 55 -2 1 13
 55 1 4 59
 55 2 1 264
 55 -3 0 4
 55 2 -1 277
 55 0 1 119
 55 -2 3 175
 55 1 2 304
 55 0 0 83
 55 -2 0 253
 55 3 -3 210
 55 -1 0 65
 55 -1 2 170
 55 0 2 340
 55 -3 -2 287
 5 -1 -3 270
 "contig-ratio-green-core" 0.7058823529411765
 "contig-ratio-red-core" 0.8571428571428571
 "a-count" 8
 "b-count" 3
 "c-color-count" 25
 "c-express-count" 25
 "d-color-count" 21
 "d-express-count" 20
 "cell-count" 56
 15 0 -4 352
 15 0 3 265
 15 3 0 73
 15 1 2 47
 15 -3 -1 207
 15 3 2 250
 15 -3 2 248
 105 4 -1 177
 15 -1 -4 33
 105 4 0 83
 15 3 -2 38
 105 -4 0 245
 105 2 3 304
 15 -3 -2 272
 15 2 -3 241
 15 -2 -2 56
 15 0 4 305
 105 -3 3 163
 15 -1 3 122
 15 -3 0 341
 105 -3 -3 315
 15 1 4 122
 15 -4 1 329
 15 3 1 148
 105 -2 -3 190
 15 -2 3 172
 15 -1 4 346
 15 1 3 266
 55 0 0 40
 55 2 -1 6
 55 1 0 304
 55 0 2 262
 5 0 1 5
 55 2 1 279
 55 1 -2 116
 55 -3 1 213
 55 2 -2 158
 55 -2 -1 101
 55 -1 2 49
 5 3 3 86
 55 3 -1 305
 5 -1 -1 228
 55 -2 0 299
 55 2 0 232
 55 -2 1 176
 55 -1 1 94
 55 1 -1 42
 55 0 -3 156
 55 -1 0 71
 55 0 -1 235
 55 1 1 272
 55 1 -3 84
 55 -1 -2 71
 55 0 -2 289
 55 -1 -3 301
 55 -2 2 300
 "contig-ratio-green-core" 1
 "contig-ratio-red-core" 0.8
 "a-count" 4
 "b-count" 4
 "c-color-count" 24
 "c-express-count" 24
 "d-color-count" 24
 "d-express-count" 24
 "cell-count" 56
 15 -4 2 150
 105 -2 -3 23
 15 -1 -3 106
 15 -3 -2 178
 15 1 -4 330
 105 2 -3 318
 15 0 4 74
 15 -4 -1 17
 105 3 -3 256
 15 4 0 66
 15 -2 2 192
 15 3 0 221
 15 -1 2 75
 15 -3 2 234
 15 -1 3 288
 15 -2 1 175
 15 2 -1 232
 15 3 2 130
 15 0 -3 4
 15 -1 4 285
 15 3 -1 304
 15 1 4 176
 15 3 3 80
 15 3 1 157
 105 2 -2 7
 15 -4 1 185
 15 -4 0 313
 15 2 3 356
 55 -3 0 169
 55 0 -2 70
 55 1 -1 306
 55 2 1 136
 55 0 1 333
 55 -1 1 193
 55 2 0 124
 55 -1 0 292
 5 4 -1 79
 55 1 1 282
 55 0 3 313
 55 1 3 127
 55 -2 -2 259
 55 -3 -1 237
 55 3 -2 67
 5 -1 -4 161
 5 -3 -3 286
 55 -2 -1 153
 55 1 -2 7
 55 -1 -1 322
 55 -2 0 65
 55 0 2 343
 55 0 -1 242
 55 1 -3 248
 5 1 2 106
 55 2 2 162
 55 -1 -2 290
 55 0 0 36
 "contig-ratio-green-core" 0.8888888888888888
 "contig-ratio-red-core" 0.7857142857142857
