 "a-count" 5
 "b-count" 5
 "c-color-count" 23
 "c-express-count" 23
 "d-color-count" 25
 "d-express-count" 23
 "cell-count" 56
 15 4 1 21
 15 -1 -2 302
 15 -4 0 318
 105 -3 -1 186
 15 2 -3 310
 15 1 2 306
 105 -3 2 280
 15 -4 -1 261
 15 -2 3 61
 15 0 -2 111
 15 0 -3 79
 15 3 2 130
 15 3 -2 185
 15 -3 0 204
 15 -2 -1 140
 105 -2 -3 156
 15 -2 0 3
 15 1 -2 230
 15 -1 4 55
 15 3 -1 59
 15 2 -2 306
 15 4 0 65
 15 1 3 238
 15 -3 -2 39
 15 0 4 55
 15 2 2 109
 15 -2 -2 82
 15 1 -3 32
 55 2 0 246
 55 -1 0 287
 5 3 -3 250
 55 -3 1 63
 55 -1 -4 328
 5 4 -1 143
 5 2 3 255
 55 -2 2 153
 55 0 2 343
 55 -1 3 55
 55 2 -1 13
 55 1 1 187
 55 2 1 315
 55 0 0 170
 55 -1 1 139
 55 3 0 239
 55 3 1 309
 55 0 -1 24
 55 -4 1 200
 55 0 3 134
 55 -1 2 225
 55 -1 -1 251
 55 1 4 134
 5 0 -4 248
 55 -2 1 265
 55 0 1 2
 55 1 -1 23
 5 1 -4 206
 "contig-ratio-green-core" 1
 "contig-ratio-red-core" 0.7142857142857143
 "a-count" 7
 "b-count" 7
 "c-color-count" 22
 "c-express-count" 21
 "d-color-count" 22
 "d-express-count" 21
 "cell-count" 56
 105 -3 -3 285
 15 -2 1 270
 15 3 1 23
 105 0 -4 275
 15 -4 -1 122
 15 -2 -2 313
 15 -1 4 326
 15 -2 -1 76
 105 1 -4 233
 105 -3 -2 6
 105 -1 -4 256
 15 4 0 300
 15 -1 -3 12
 15 0 4 130
 15 -2 0 240
 105 2 -3 154
 15 4 1 188
 15 -3 -1 58
 15 1 3 152
 15 2 2 245
 15 3 -2 288
 15 4 -1 89
 15 -2 -3 163
 15 1 4 70
 15 0 -3 339
 15 -1 1 249
 15 2 -2 239
 15 1 -3 137
 5 -3 2 210
 5 2 3 192
 55 -1 -2 303
 55 1 0 54
 5 -4 1 6
 55 2 1 70
 55 -4 0 251
 55 0 0 317
 55 2 0 61
 55 1 -1 29
 5 3 3 213
 55 1 1 52
 55 -1 0 355
 55 3 -1 103
 55 3 -3 64
 5 -1 3 321
 55 0 -2 301
 55 0 2 337
 55 0 -1 176
 55 1 -2 330
 5 -3 3 110
 55 0 3 284
 55 -1 -1 36
 55 0 1 52
 55 3 2 305
 55 3 0 47
 55 2 -1 219
 55 1 2 184
 "contig-ratio-green-core" 1.0666666666666667
 "contig-ratio-red-core" 0.8333333333333334
 "a-count" 7
 "b-count" 3
 "c-color-count" 25
 "c-express-count" 25
 "d-color-count" 22
 "d-express-count" 21
 "cell-count" 56
 15 -3 -1 98
 15 -4 -1 11
 105 4 1 4
 15 -2 0 70
 15 0 -4 133
 15 -2 2 173
 15 -3 1 258
 105 -4 1 166
 15 -1 -4 0
 15 0 -3 71
 105 3 2 252
 15 4 0 22
 15 -3 0 261
 15 2 0 181
 105 4 -1 48
 15 2 -2 193
 105 -4 -2 248
 15 -1 -3 13
 15 3 -2 348
 105 -4 0 276
 15 3 -1 348
 15 -3 2 91
 15 -3 3 213
 15 1 -3 261
 15 2 2 92
 15 1 -2 336
 15 3 0 328
 15 2 1 172
 55 -1 0 128
 55 -1 -2 252
 55 0 -1 351
 55 -1 2 219
 55 -1 1 180
 55 0 2 313
 55 1 3 160
 55 2 3 207
 55 1 -1 80
 55 -2 -2 330
 55 1 4 5
 55 3 3 194
 5 1 -4 344
 55 -2 -3 144
 55 -1 3 292
 55 -1 -1 188
 55 -2 3 309
 55 1 0 347
 55 1 2 218
 55 0 1 327
 55 0 -2 69
 55 1 1 326
 55 0 0 33
 5 -3 -3 338
 55 0 3 264
 55 -3 -2 152
 5 -2 -4 26
 55 -2 -1 304
 "contig-ratio-green-core" 0.5882352941176471
 "contig-ratio-red-core" 0.631578947368421
 "a-count" 11
 "b-count" 4
 "c-color-count" 25
 "c-express-count" 24
 "d-color-count" 18
 "d-express-count" 17
 "cell-count" 56
 15 2 -2 157
 105 1 -3 291
 15 -3 -2 61
 105 -2 -3 111
 105 1 -2 243
 15 -4 0 212
 15 0 -2 214
 15 0 3 173
 15 -1 3 35
 15 3 -1 44
 15 -1 -1 328
 105 3 3 97
 105 4 0 75
 105 -3 -1 107
 15 3 2 58
 105 -3 -3 75
 105 0 4 284
 15 -2 -1 6
 15 -3 0 322
 15 -1 4 262
 15 0 -3 132
 15 -2 3 197
 15 -3 1 123
 15 -4 -1 115
 105 2 3 76
 15 -1 -2 278
 15 -2 0 138
 105 1 4 33
 55 2 1 187
 55 1 -1 67
 55 3 0 69
 55 -3 2 224
 55 -1 -4 53
 55 0 -4 0
 55 2 -1 350
 55 -2 -2 295
 55 -1 0 19
 55 2 2 68
 55 0 0 110
 55 0 2 291
 55 1 1 318
 55 3 1 12
 55 1 3 300
 55 1 -4 5
 55 -1 1 54
 55 -2 1 333
 55 2 0 7
 5 0 1 119
 55 -1 2 11
 55 -1 -3 269
 55 1 2 267
 5 -4 1 214
 55 1 0 183
 5 4 1 41
 55 0 -1 225
 55 -2 2 344
 "contig-ratio-green-core" 0.75
 "contig-ratio-red-core" 0.9333333333333333
