 "a-count" 8
 "b-count" 3
 "c-color-count" 26
 "c-express-count" 25
 "d-color-count" 23
 "d-express-count" 20
 "cell-count" 56
 15 1 2 14
 15 0 2 321
 15 0 -3 112
 15 -1 2 269
 15 2 -3 103
 15 -1 3 115
 15 -2 2 154
 105 -1 4 336
 15 1 3 56
 15 1 -4 223
 105 -4 -1 193
 15 -3 -1 139
 15 -4 1 19
 15 -3 3 196
 15 0 4 148
 105 -2 3 305
 15 3 2 82
 15 2 3 35
 15 3 -2 262
 15 -2 -2 327
 15 2 1 344
 15 0 -4 285
 15 2 2 96
 15 -1 -3 165
 15 -1 -4 79
 105 0 3 40
 15 -2 -1 289
 105 -3 -3 326
 55 -1 1 179
 55 -2 0 132
 55 1 -2 199
 55 -3 0 138
 55 -2 1 150
 55 3 3 7
 55 2 -2 100
 55 0 0 249
 55 1 0 340
 55 2 0 191
 55 -3 1 345
 55 -1 -2 306
 5 0 -1 97
 55 3 0 99
 55 3 -1 250
 55 1 4 136
 55 0 -2 268
 55 -3 2 28
 55 4 1 310
 5 4 -1 178
 55 -1 0 67
 55 -1 -1 359
 55 1 -1 75
 55 4 0 250
 55 0 1 74
 55 2 -1 146
 55 -3 -2 104
 55 1 1 163
 "contig-ratio-green-core" 0.7777777777777778
 "contig-ratio-red-core" 0.7647058823529411
 "a-count" 10
 "b-count" 3
 "c-color-count" 26
 "c-express-count" 25
 "d-color-count" 22
 "d-express-count" 18
 "cell-count" 56
 15 -2 -3 200
 15 2 -1 73
 15 -1 2 225
 15 1 2 197
 15 4 -1 50
 15 2 3 251
 15 1 1 115
 15 -3 -1 145
 15 2 1 78
 15 -4 -1 122
 105 1 3 338
 105 -3 -2 198
 15 -1 3 323
 15 0 3 20
 15 4 0 58
 15 1 4 209
 105 -1 -4 169
 105 2 -3 240
 15 -4 1 61
 15 3 1 20
 15 3 -1 228
 15 0 2 111
 105 -3 3 40
 105 2 -2 269
 15 -4 0 99
 15 3 -3 65
 15 2 0 225
 15 -1 -3 112
 55 -1 1 117
 55 -2 -1 229
 55 -2 -2 167
 55 -3 1 334
 55 1 0 300
 55 -2 0 89
 55 -1 -2 301
 5 3 3 187
 55 2 2 354
 55 -1 -1 231
 55 0 -4 245
 55 0 0 208
 55 0 -2 105
 55 -1 0 294
 5 1 -3 310
 55 -1 4 156
 55 0 -3 318
 55 0 4 322
 55 1 -2 73
 55 0 -1 165
 55 3 2 267
 55 -2 1 208
 55 -3 0 154
 55 -3 2 53
 55 1 -1 348
 55 3 -2 354
 55 1 -4 330
 55 0 1 145
 "contig-ratio-green-core" 0.8947368421052632
 "contig-ratio-red-core" 0.7894736842105263
 "a-count" 7
 "b-count" 4
 "c-color-count" 24
 "c-express-count" 24
 "d-color-count" 22
 "d-express-count" 21
 "cell-count" 56
 105 -4 1 35
 105 -3 -2 81
 15 0 2 308
 15 -3 -1 64
 15 1 3 150
 15 1 2 144
 15 -1 4 263
 15 -2 -2 46
 15 2 -3 140
 15 -4 -1 6
 15 4 0 201
 105 -4 0 159
 15 4 1 311
 15 1 -4 284
 15 -2 1 356
 15 -1 -3 327
 15 -3 0 121
 105 4 -1 152
 15 0 3 108
 15 -1 2 344
 15 0 -4 89
 15 3 1 181
 15 -1 3 150
 105 0 4 64
 15 3 0 124
 15 -2 2 43
 15 -3 1 262
 105 -3 -3 59
 55 1 -3 34
 55 2 0 66
 55 0 -3 138
 55 0 -1 275
 5 3 3 19
 55 -1 -2 324
 55 0 1 174
 55 -2 0 151
 55 -3 3 111
 55 -1 0 104
 55 2 1 223
 55 1 1 222
 55 0 -2 263
 5 3 2 10
 55 1 -1 296
 55 0 0 268
 5 3 -2 131
 55 2 -2 273
 55 -2 3 259
 55 -1 1 323
 55 2 -1 198
 55 1 0 0
 55 2 2 332
 55 -3 2 266
 55 -2 -1 62
 5 -2 -3 140
 55 -1 -1 329
 55 1 -2 319
 "contig-ratio-green-core" 1
 "contig-ratio-red-core" 0.6842105263157895
 "a-count" 11
 "b-count" 1
 "c-color-count" 27
 "c-express-count" 27
 "d-color-count" 19
 "d-express-count" 17
 "cell-count" 56
 15 3 -3 144
 105 -3 0 91
 105 -2 -3 70
 105 -4 0 225
 15 3 2 157
 105 -4 1 246
 15 2 3 158
 15 -2 0 6
 15 -2 -2 56
 15 1 4 54
 105 -4 -1 59
 105 -3 -1 104
 15 3 -2 210
 105 1 -4 6
 15 -2 2 109
 15 1 -2 20
 105 -1 4 172
 15 -2 1 154
 15 -3 1 349
 15 4 0 330
 15 -2 -1 204
 15 -1 -4 43
 15 4 1 296
 105 -3 3 134
 15 1 -3 23
 15 2 -3 267
 15 -1 3 24
 15 -3 2 235
 55 2 -2 171
 55 -1 -3 33
 55 -2 -4 38
 55 0 -2 326
 55 2 -1 43
 55 0 0 327
 55 -1 1 16
 55 1 -1 292
 55 0 2 282
 55 3 0 315
 55 2 0 78
 55 0 3 70
 55 1 1 101
 55 1 3 127
 5 3 3 199
 55 0 -3 45
 55 -1 2 98
 55 1 0 189
 55 -1 -2 289
 55 0 1 85
 55 -1 -1 17
 55 0 -1 352
 55 3 1 344
 55 1 2 35
 55 2 2 102
 55 4 -1 40
 55 2 1 231
 55 -1 0 126
 "contig-ratio-green-core" 1
 "contig-ratio-red-core" 1
