 "a-count" 11
 "b-count" 3
 "c-color-count" 26
 "c-express-count" 25
 "d-color-count" 18
 "d-express-count" 17
 "cell-count" 56
 105 0 4 324
 15 -3 -2 6
 15 -3 -1 334
 15 3 1 328
 15 2 1 101
 15 -1 4 314
 15 2 -1 106
 105 0 3 304
 15 -3 1 203
 15 1 -4 40
 105 3 -3 316
 15 2 -2 130
 15 -2 2 333
 15 2 0 279
 15 0 2 336
 15 -2 -3 304
 105 3 3 181
 105 1 4 141
 105 -4 1 177
 105 3 -1 139
 15 -1 2 142
 15 -3 0 300
 105 -1 3 186
 105 -4 -1 278
 15 2 -3 265
 15 1 2 286
 15 -3 2 326
 105 -2 3 182
 55 -2 -2 68
 55 4 0 22
 55 1 3 331
 5 4 -1 314
 55 0 1 23
 55 0 -1 170
 55 -1 0 291
 55 2 2 66
 55 1 -3 310
 55 0 0 21
 55 -1 -3 144
 55 1 0 302
 55 -2 0 168
 5 -1 -4 2
 55 -1 1 38
 55 0 -4 193
 55 1 -2 261
 55 -4 0 181
 55 4 1 72
 55 -2 -1 337
 55 2 3 73
 55 -3 3 156
 55 -1 -2 118
 55 0 -2 344
 55 1 1 28
 55 -1 -1 3
 55 -2 1 127
 55 1 -1 160
 "contig-ratio-green-core" 0.9411764705882353
 "contig-ratio-red-core" 0.9230769230769231
 "a-count" 14
 "b-count" 3
 "c-color-count" 25
 "c-express-count" 25
 "d-color-count" 16
 "d-express-count" 14
 "cell-count" 56
 15 0 3 284
 105 -1 4 148
 15 2 -2 109
 105 3 3 212
 15 -2 -2 136
 15 1 -4 127
 15 4 1 349
 105 -1 -4 315
 15 -2 2 49
 15 2 -1 247
 105 -1 -3 140
 105 -3 -3 354
 15 2 3 74
 15 1 -3 72
 15 4 0 244
 105 0 -4 80
 15 1 -1 94
 15 1 3 171
 15 -4 0 53
 105 -3 2 246
 15 -1 3 4
 105 4 -1 18
 105 3 -3 2
 105 -4 1 119
 105 3 2 244
 15 1 -2 142
 105 -2 -3 116
 15 0 -3 201
 55 3 0 218
 55 0 1 219
 5 -3 -2 133
 55 -1 -1 157
 55 2 1 177
 55 -3 1 187
 55 2 0 27
 55 0 2 77
 55 -2 0 178
 55 -1 2 269
 55 -3 -1 92
 55 -1 0 11
 55 3 1 117
 55 0 -2 28
 55 0 0 356
 55 3 -1 228
 55 -2 1 262
 55 -1 -2 331
 55 1 1 161
 5 -2 3 118
 55 2 2 113
 55 -3 0 183
 55 -1 1 185
 55 0 -1 231
 55 1 2 339
 55 1 0 47
 5 3 -2 90
 55 -2 -1 307
 "contig-ratio-green-core" 0.8125
 "contig-ratio-red-core" 0.9166666666666666
 "a-count" 7
 "b-count" 2
 "c-color-count" 26
 "c-express-count" 26
 "d-color-count" 23
 "d-express-count" 21
 "cell-count" 56
 15 4 0 135
 15 2 -2 185
 15 3 1 358
 15 3 2 321
 105 -2 1 207
 105 -4 -1 137
 15 0 -4 188
 15 1 -3 351
 15 -3 0 63
 15 -1 2 105
 105 -1 -4 44
 15 3 -1 66
 105 1 -4 190
 15 -3 2 243
 15 3 0 85
 105 -3 3 9
 15 -2 2 155
 15 -4 1 311
 15 2 -3 84
 15 -2 -1 127
 15 -4 0 193
 15 -3 -2 288
 15 4 -1 291
 15 -3 -1 16
 15 2 2 252
 15 3 3 139
 15 -2 0 320
 15 3 -2 249
 55 2 0 329
 55 2 -1 173
 55 -1 -1 223
 5 -3 -3 141
 55 0 3 307
 55 3 -3 108
 55 -1 4 88
 55 1 -1 250
 55 -2 -2 39
 55 0 0 73
 55 -1 0 174
 55 0 -1 248
 55 2 1 9
 55 1 0 90
 55 1 2 248
 55 -1 -3 260
 55 1 -2 295
 55 1 4 238
 55 1 1 44
 55 -1 1 46
 55 -2 -3 158
 55 0 -2 36
 5 4 1 89
 55 0 -3 127
 55 0 4 339
 55 0 2 201
 55 -1 -2 282
 55 1 3 324
 "contig-ratio-green-core" 0.55
 "contig-ratio-red-core" 0.6
 "a-count" 9
 "b-count" 5
 "c-color-count" 24
 "c-express-count" 23
 "d-color-count" 20
 "d-express-count" 19
 "cell-count" 56
 15 3 2 30
 105 -2 -2 4
 105 2 -2 128
 15 1 -3 204
 15 -3 2 245
 105 -3 -2 89
 15 3 1 188
 105 4 -1 196
 15 3 0 213
 15 2 3 241
 15 3 -1 357
 15 -1 -2 13
 105 -2 3 67
 105 -4 -1 199
 15 0 4 88
 15 -3 3 85
 15 -4 1 11
 105 4 0 342
 15 0 -4 329
 15 -4 0 143
 15 -1 -1 250
 105 2 -3 178
 15 1 3 1
 15 -1 3 43
 15 -2 -1 12
 15 0 -2 201
 15 0 3 338
 15 -3 -1 26
 55 1 -2 317
 55 -1 -3 257
 55 2 0 58
 55 0 -3 85
 55 3 -3 312
 55 1 0 11
 55 -2 1 306
 55 -3 1 305
 55 -1 2 127
 5 3 -2 308
 55 2 1 23
 55 1 -1 108
 5 -1 -4 251
 5 -3 -3 72
 55 -3 0 328
 55 -1 0 298
 55 2 -1 228
 55 0 -1 146
 55 0 0 13
 55 -1 1 352
 55 -2 0 163
 55 2 2 165
 55 1 1 37
 55 0 1 152
 55 0 2 213
 5 -2 -3 166
 55 -2 2 80
 55 1 2 118
 "contig-ratio-green-core" 1.0588235294117647
 "contig-ratio-red-core" 0.8666666666666667
