 "a-count" 8
 "b-count" 9
 "c-color-count" 20
 "c-express-count" 19
 "d-color-count" 21
 "d-express-count" 20
 "cell-count" 56
 15 4 1 28
 15 -3 1 29
 105 1 4 197
 15 3 1 38
 15 -1 4 356
 15 -3 -3 306
 15 1 2 89
 15 -2 2 22
 15 1 -2 111
 105 -3 2 294
 15 1 3 232
 15 -1 3 135
 105 3 3 233
 15 3 -1 184
 15 3 0 163
 15 -3 -1 34
 15 -1 -2 186
 15 0 -4 70
 15 0 3 276
 105 -4 -1 101
 15 -2 -2 231
 105 -3 3 74
 15 1 -3 175
 15 2 2 233
 15 2 -2 58
 15 -2 -1 57
 105 0 4 353
 105 4 -1 197
 5 3 -3 141
 55 -1 0 254
 55 4 0 250
 55 2 -1 326
 55 2 1 255
 5 -4 1 166
 55 0 2 202
 55 -1 2 298
 5 -4 0 300
 55 0 -1 186
 5 2 -3 189
 55 0 -3 302
 55 -2 -3 176
 55 1 0 183
 5 2 3 252
 55 -2 0 61
 55 -1 1 172
 55 0 -2 316
 5 -3 0 318
 55 -2 1 69
 55 1 -1 61
 55 2 0 138
 55 1 1 131
 55 0 0 314
 55 -1 -1 50
 5 -2 3 108
 55 -3 -2 128
 5 -1 -3 97
 "contig-ratio-green-core" 1.2142857142857142
 "contig-ratio-red-core" 0.8235294117647058
 "a-count" 8
 "b-count" 7
 "c-color-count" 22
 "c-express-count" 21
 "d-color-count" 20
 "d-express-count" 20
 "cell-count" 56
 15 -2 2 224
 105 3 -2 280
 105 1 -3 11
 105 4 1 324
 15 2 3 302
 15 -2 1 7
 15 -2 3 283
 105 2 -2 119
 15 -1 4 316
 15 3 -1 245
 15 -2 -2 189
 15 3 1 14
 15 1 -2 34
 15 -1 -3 80
 15 1 -1 284
 105 -3 -2 21
 105 2 -3 247
 15 3 0 283
 15 3 -3 215
 15 0 -3 67
 15 -3 -3 265
 15 4 0 171
 15 -3 0 110
 105 1 4 178
 15 2 -1 210
 15 -3 -1 140
 15 2 2 100
 105 -4 0 312
 5 3 2 134
 5 3 3 35
 55 -1 -2 184
 55 -1 1 333
 55 0 2 297
 5 -4 1 111
 55 4 -1 321
 55 -2 0 11
 55 -1 2 81
 55 0 -2 93
 55 0 -1 100
 55 2 0 3
 55 1 1 220
 5 -4 -1 326
 55 -3 1 134
 55 2 1 259
 55 0 1 304
 55 -2 -1 214
 5 1 -4 251
 55 -1 -4 341
 5 -2 -3 125
 55 0 3 75
 55 1 0 222
 55 1 3 261
 55 -1 -1 6
 55 -1 3 320
 55 1 2 207
 55 0 4 344
 "contig-ratio-green-core" 0.9411764705882353
 "contig-ratio-red-core" 0.9375
 "a-count" 6
 "b-count" 6
 "c-color-count" 23
 "c-express-count" 22
 "d-color-count" 22
 "d-express-count" 22
 "cell-count" 56
 105 -3 0 306
 15 2 -3 32
 105 -3 -3 199
 15 -2 3 306
 15 -3 -1 336
 15 -1 -3 169
 15 -2 1 89
 15 1 3 47
 15 3 3 155
 15 -1 4 87
 15 -1 3 127
 105 0 -4 334
 15 4 0 228
 15 -2 -3 187
 15 -3 2 145
 15 -2 0 333
 15 -2 -1 269
 15 2 -2 30
 105 3 -3 46
 105 -4 0 248
 15 -3 3 52
 15 3 1 12
 15 2 2 302
 15 0 -2 155
 15 3 -1 348
 15 3 -2 178
 105 -4 -1 142
 15 1 -2 156
 55 2 0 121
 55 1 2 108
 55 2 -1 43
 55 -1 1 59
 55 1 -1 12
 55 1 1 81
 55 2 1 245
 5 3 2 152
 55 0 4 292
 55 -2 -2 170
 5 4 1 164
 55 0 3 311
 55 0 0 150
 55 -1 2 232
 55 1 0 186
 55 -2 2 181
 55 0 -1 101
 55 3 0 320
 55 -1 -2 156
 55 -1 -1 333
 55 -3 -2 235
 55 0 1 250
 55 -1 0 4
 55 1 -3 299
 5 -3 1 0
 5 0 -3 150
 5 1 4 237
 55 0 2 85
 "contig-ratio-green-core" 1.2
 "contig-ratio-red-core" 1
 "a-count" 8
 "b-count" 4
 "c-color-count" 24
 "c-express-count" 24
 "d-color-count" 20
 "d-express-count" 20
 "cell-count" 56
 15 -3 2 327
 105 4 0 163
 15 -2 2 267
 105 3 -3 47
 15 0 4 110
 15 3 -1 252
 105 1 -4 160
 15 -1 -4 84
 15 -4 2 343
 15 -4 -1 61
 15 4 -1 166
 15 -3 3 338
 15 2 -2 177
 15 2 -1 71
 105 0 -3 225
 15 3 0 84
 105 0 -4 278
 15 -2 1 262
 15 -3 1 104
 105 -1 4 53
 15 -1 3 162
 15 -1 -3 99
 15 1 3 274
 15 2 2 258
 105 3 -2 78
 105 1 -3 197
 15 1 -2 277
 15 -2 -2 51
 55 2 -3 130
 55 0 0 124
 55 1 -1 6
 55 0 3 174
 5 -3 -2 206
 55 -3 -1 35
 55 -2 0 52
 55 1 2 342
 55 1 0 8
 55 -2 -1 61
 55 2 0 260
 55 -4 1 175
 55 -1 2 9
 5 -2 3 170
 55 2 1 132
 5 -2 -3 42
 55 -4 0 215
 55 -3 0 177
 55 -1 1 124
 55 0 -1 241
 55 -1 -1 138
 55 -1 -2 256
 55 -1 0 160
 5 0 2 61
 55 0 1 123
 55 0 -2 226
 55 -1 2 77
 55 1 1 94
 "contig-ratio-green-core" 0.875
 "contig-ratio-red-core" 0.8571428571428571
