 "a-count" 10
 "b-count" 4
 "c-color-count" 24
 "c-express-count" 24
 "d-color-count" 19
 "d-express-count" 18
 "cell-count" 56
 15 3 -2 154
 15 -1 -4 157
 15 -1 2 189
 15 0 -4 172
 15 -1 -3 232
 15 1 -3 209
 15 -2 -3 316
 15 4 1 326
 15 -3 1 163
 15 -2 2 318
 15 2 -2 312
 105 -3 -3 228
 15 3 0 232
 15 1 1 342
 105 0 4 151
 105 -1 3 21
 105 -2 3 106
 15 -4 0 212
 15 2 -1 359
 105 -4 1 173
 15 0 3 259
 15 4 2 58
 105 4 0 56
 105 4 -1 256
 105 -3 2 359
 15 1 2 232
 15 -3 -2 211
 105 2 1 359
 55 2 0 153
 55 -2 -2 231
 55 0 -3 253
 55 -3 -1 342
 55 0 -2 33
 55 3 1 120
 55 -2 0 54
 55 -2 1 271
 55 0 2 171
 55 3 2 79
 55 -1 -1 40
 55 -3 0 24
 5 1 -4 193
 55 0 1 25
 5 -4 -2 62
 55 -1 1 123
 5 2 -3 233
 55 -1 -2 5
 55 1 -2 274
 55 -2 -1 5
 55 0 -1 240
 55 0 0 42
 55 1 -1 132
 55 -1 0 54
 55 -4 -1 69
 5 3 3 77
 55 2 3 66
 55 1 0 31
 "contig-ratio-green-core" 1
 "contig-ratio-red-core" 1
 "a-count" 10
 "b-count" 6
 "c-color-count" 23
 "c-express-count" 22
 "d-color-count" 19
 "d-express-count" 18
 "cell-count" 56
 15 1 2 150
 15 2 1 326
 15 -2 -3 147
 105 1 -4 181
 105 -3 2 243
 15 -2 -2 142
 15 -2 1 135
 15 -1 3 329
 15 1 3 242
 15 -3 1 56
 105 3 2 353
 15 1 -3 229
 15 -3 0 181
 15 -4 -1 74
 105 2 3 234
 15 3 -1 317
 15 -2 3 6
 105 -1 2 26
 105 1 4 344
 15 -3 -1 235
 105 4 -1 128
 15 -1 -4 350
 105 4 0 358
 105 -3 -3 14
 15 -1 -3 135
 15 2 -2 200
 15 3 1 125
 15 -1 1 354
 55 1 0 142
 5 -4 1 298
 5 3 -3 68
 55 0 -3 125
 55 -2 -1 168
 55 -1 0 265
 55 -2 0 206
 55 0 2 136
 55 2 -1 328
 55 0 4 186
 55 -2 2 250
 55 1 1 354
 55 -1 -1 34
 55 1 -2 262
 55 -3 3 57
 55 0 -1 1
 5 4 1 321
 55 0 -2 327
 55 3 0 241
 55 0 0 196
 55 1 -1 165
 55 0 1 293
 5 -1 4 139
 55 -1 -2 191
 55 0 3 258
 55 2 0 139
 55 0 -4 282
 5 -4 0 239
 "contig-ratio-green-core" 1.0833333333333333
 "contig-ratio-red-core" 0.9375
 "a-count" 9
 "b-count" 3
 "c-color-count" 25
 "c-express-count" 25
 "d-color-count" 20
 "d-express-count" 19
 "cell-count" 56
 15 3 -1 147
 105 1 4 211
 105 2 -3 351
 105 4 -1 132
 15 3 -3 242
 15 1 2 316
 15 -2 2 157
 15 -1 4 30
 15 -3 1 142
 15 4 0 97
 105 -2 3 321
 15 1 3 333
 15 -1 -1 276
 15 -1 -2 238
 15 2 2 82
 15 3 -2 76
 105 3 1 243
 105 1 -3 247
 15 2 3 52
 15 -1 -4 105
 15 -4 1 73
 15 -2 1 224
 105 1 -4 59
 105 -3 2 34
 15 -4 -1 96
 15 2 -2 336
 15 1 -2 200
 15 -1 3 168
 55 1 -1 48
 55 0 -1 150
 55 -1 1 346
 55 -2 0 305
 5 4 1 247
 55 -1 -3 336
 55 -3 3 197
 55 0 3 204
 55 0 4 229
 55 1 1 319
 55 -3 0 322
 55 2 -1 233
 55 0 2 48
 55 0 1 336
 55 3 0 298
 55 2 0 65
 55 0 -2 210
 5 0 -4 38
 55 0 0 103
 55 2 1 191
 5 -2 -1 258
 55 -3 -2 109
 55 -1 0 349
 55 1 0 113
 55 -4 0 213
 55 0 -3 351
 55 -3 -1 129
 55 -1 2 202
 "contig-ratio-green-core" 0.8888888888888888
 "contig-ratio-red-core" 0.9444444444444444
 "a-count" 5
 "b-count" 4
 "c-color-count" 24
 "c-express-count" 24
 "d-color-count" 23
 "d-express-count" 23
 "cell-count" 56
 15 -1 2 23
 15 1 -4 161
 15 2 2 167
 15 3 2 297
 105 -3 -3 251
 15 -1 4 262
 15 2 -2 147
 15 -1 -3 150
 15 3 -1 181
 15 3 3 79
 15 -1 1 273
 15 -4 0 23
 105 -3 -2 344
 15 -2 1 303
 15 0 1 75
 15 -3 -1 188
 15 3 1 54
 105 2 -3 9
 15 1 3 148
 105 4 1 54
 15 2 3 341
 105 -3 3 106
 15 -2 3 75
 15 -2 -2 132
 15 1 4 262
 15 -2 -3 299
 15 0 -3 18
 15 4 0 271
 55 2 0 70
 55 0 0 161
 5 -4 1 334
 55 -2 0 190
 55 -2 -1 210
 55 -3 1 59
 55 2 -1 56
 55 0 3 150
 55 1 -3 228
 55 1 -2 300
 55 -3 0 70
 55 1 0 210
 55 1 2 27
 55 1 -1 99
 55 2 1 184
 55 0 -2 71
 5 3 -2 101
 55 -1 3 210
 55 0 4 83
 55 1 1 101
 55 -1 0 267
 5 -2 2 13
 55 -1 -2 324
 55 -1 -1 107
 55 3 0 183
 55 0 -1 161
 55 -3 2 261
 5 3 -3 127
 "contig-ratio-green-core" 1
 "contig-ratio-red-core" 1
