 "a-count" 8
 "b-count" 6
 "c-color-count" 22
 "c-express-count" 22
 "d-color-count" 21
 "d-express-count" 20
 "cell-count" 56
 105 -3 -3 188
 105 -2 -3 172
 15 2 2 89
 105 4 -1 257
 105 1 -3 287
 105 4 1 269
 15 2 -1 128
 15 -2 -2 172
 15 -4 0 38
 15 3 2 358
 15 -1 -3 104
 15 0 3 351
 15 1 -1 236
 105 -4 1 271
 15 3 0 1
 105 4 0 186
 15 3 3 26
 15 -4 -1 356
 15 1 -2 161
 15 0 4 17
 15 -3 -2 315
 15 -3 1 260
 15 2 3 97
 15 1 3 103
 15 0 -3 202
 15 -1 -4 6
 15 3 1 82
 15 3 -1 292
 5 -3 3 217
 5 2 -3 116
 55 3 -3 342
 55 0 -2 69
 55 -1 1 181
 55 0 -1 227
 55 -3 0 23
 5 -2 2 46
 55 0 1 239
 5 0 -4 334
 55 -1 3 175
 55 -2 0 71
 55 -1 -2 98
 55 1 1 190
 55 -2 1 258
 55 1 0 354
 55 -2 -1 200
 55 -3 -1 215
 55 1 2 287
 55 -1 2 17
 55 -1 0 332
 55 0 2 332
 55 -1 -1 111
 5 -3 2 83
 5 -1 4 230
 55 2 1 67
 55 2 0 269
 55 0 0 13
 "contig-ratio-green-core" 1.1538461538461537
 "contig-ratio-red-core" 0.75
 "a-count" 9
 "b-count" 4
 "c-color-count" 25
 "c-express-count" 24
 "d-color-count" 19
 "d-express-count" 19
 "cell-count" 56
 15 3 -2 3
 15 -2 -3 295
 15 3 3 285
 105 3 0 248
 15 -3 -2 195
 15 -3 -1 307
 15 2 -1 58
 15 2 -3 135
 15 -4 0 93
 15 -1 3 130
 15 1 1 72
 105 -2 3 279
 105 -3 1 291
 15 -1 -3 283
 105 2 4 216
 105 -3 3 245
 105 3 2 58
 105 2 0 307
 15 1 -4 61
 105 -1 4 175
 105 -4 -1 46
 15 -1 2 30
 15 -3 0 104
 15 0 4 207
 15 2 -2 49
 15 1 2 334
 15 0 -4 329
 15 -2 1 350
 55 -4 1 183
 55 1 4 278
 55 0 3 12
 55 -1 0 33
 55 1 3 171
 55 -2 -1 166
 5 3 1 14
 55 0 -1 116
 55 -1 -2 343
 55 2 3 314
 55 0 0 58
 55 -2 0 232
 55 1 -2 237
 5 -3 2 199
 55 -2 2 256
 55 3 -3 303
 55 0 2 94
 5 2 1 356
 55 -1 1 357
 55 -2 -2 153
 55 4 1 358
 55 -1 -1 195
 55 0 1 32
 55 1 -1 95
 55 0 -3 11
 55 0 -2 333
 55 1 0 328
 55 1 -3 223
 "contig-ratio-green-core" 1
 "contig-ratio-red-core" 1
 "a-count" 10
 "b-count" 4
 "c-color-count" 25
 "c-express-count" 24
 "d-color-count" 19
 "d-express-count" 18
 "cell-count" 56
 105 4 -1 83
 105 -4 0 263
 15 2 4 12
 15 -3 1 266
 15 2 0 52
 15 -2 2 303
 15 4 1 250
 15 0 4 189
 15 -2 3 169
 15 4 2 337
 105 -2 -2 291
 105 -1 4 15
 15 2 -3 289
 15 -1 -1 337
 15 -2 -3 336
 105 4 0 106
 105 -3 -2 150
 105 3 -1 249
 15 -3 3 315
 15 -1 3 202
 105 -4 -1 248
 15 -2 -1 78
 15 0 -4 242
 15 -1 -2 312
 15 -3 0 77
 15 1 4 91
 105 -3 -1 214
 15 2 -1 21
 55 -1 -3 111
 55 3 2 33
 55 -1 0 195
 55 -1 1 236
 55 0 0 89
 55 1 0 91
 55 1 1 221
 5 -1 -4 301
 55 1 3 201
 55 -1 2 63
 55 -3 -3 148
 55 1 -2 38
 55 0 -1 257
 55 0 1 78
 55 0 -3 119
 55 0 -2 274
 55 1 2 44
 55 1 -1 154
 55 -2 0 241
 55 2 2 229
 55 2 3 109
 55 2 1 155
 55 0 2 253
 55 -2 1 10
 55 3 1 50
 5 2 -2 96
 55 0 3 284
 5 3 3 182
 "contig-ratio-green-core" 0.9411764705882353
 "contig-ratio-red-core" 1
 "a-count" 6
 "b-count" 5
 "c-color-count" 23
 "c-express-count" 23
 "d-color-count" 22
 "d-express-count" 22
 "cell-count" 56
 15 4 1 345
 15 -3 -3 94
 15 -1 -3 305
 15 -1 3 230
 15 3 2 44
 105 -3 0 241
 105 1 4 49
 15 1 3 213
 15 -2 -1 234
 15 2 -3 216
 15 -3 2 284
 15 0 -3 190
 15 3 -1 228
 105 -1 -4 196
 15 1 -2 212
 15 2 -1 310
 105 -4 1 332
 15 -1 -2 357
 15 1 -4 80
 15 0 4 22
 105 4 -1 204
 15 1 -3 160
 15 4 0 65
 15 -2 3 184
 15 3 -3 46
 15 2 -2 230
 15 -3 1 263
 105 -3 -2 347
 5 -2 -2 359
 55 2 1 86
 55 0 1 24
 55 3 1 163
 5 -4 -1 326
 55 0 -1 34
 55 -1 -1 95
 55 0 2 358
 55 2 0 23
 55 0 0 307
 5 2 3 324
 55 1 -1 72
 55 3 0 159
 55 2 2 12
 55 -2 1 328
 5 -4 0 28
 55 -2 -3 273
 55 0 -2 142
 5 -1 4 119
 55 -1 0 222
 55 0 3 248
 55 1 2 182
 55 -1 2 48
 55 1 1 270
 55 -2 0 4
 55 -2 2 332
 55 -1 1 304
 55 1 0 190
 "contig-ratio-green-core" 1.2142857142857142
 "contig-ratio-red-core" 0.6875
