 "a-count" 9
 "b-count" 7
 "c-color-count" 22
 "c-express-count" 21
 "d-color-count" 20
 "d-express-count" 19
 "cell-count" 56
 15 1 -3 28
 105 3 1 330
 105 0 4 181
 105 0 3 293
 15 1 4 117
 105 0 2 222
 15 -3 -1 169
 15 -2 1 231
 105 3 -2 138
 15 -1 3 272
 15 -1 2 168
 105 3 0 298
 105 2 -1 129
 15 1 3 170
 15 4 1 70
 15 -2 2 269
 105 3 -1 280
 15 1 -4 345
 15 -1 4 284
 15 -1 1 147
 15 -3 2 139
 15 2 3 26
 15 0 1 58
 15 1 0 197
 15 1 2 188
 15 2 0 277
 15 1 1 345
 15 2 1 187
 55 -1 -2 258
 55 0 -3 63
 55 -3 1 132
 55 1 -1 68
 55 -2 -1 334
 55 0 0 283
 55 -2 0 75
 55 -1 -1 146
 55 -1 -3 220
 55 -1 0 174
 55 -2 3 173
 5 2 -3 57
 55 -4 2 70
 55 -2 -3 168
 55 0 -2 103
 55 0 -4 246
 55 3 2 80
 55 0 -1 313
 5 4 0 335
 5 -3 -2 37
 5 -1 -4 337
 55 -3 0 348
 55 -2 4 341
 55 2 -2 216
 55 3 -3 121
 55 3 3 3
 5 -4 0 129
 5 4 -1 285
 "contig-ratio-green-core" 0.6666666666666666
 "contig-ratio-red-core" 0.7333333333333333
 "a-count" 6
 "b-count" 3
 "c-color-count" 25
 "c-express-count" 25
 "d-color-count" 26
 "d-express-count" 22
 "cell-count" 56
 15 3 1 121
 15 -1 3 72
 15 0 3 323
 105 -3 -3 113
 15 1 4 247
 15 -3 1 231
 105 -2 1 299
 15 2 3 105
 15 -3 0 132
 15 1 1 38
 15 -3 2 35
 15 -2 -2 24
 15 3 -3 355
 15 3 2 344
 15 1 2 81
 15 1 -4 67
 15 -2 2 207
 15 0 2 147
 15 -2 3 129
 15 1 -3 62
 15 -2 -3 323
 15 -2 -1 297
 15 1 3 110
 15 -1 2 10
 15 2 1 231
 15 0 1 261
 15 -1 1 193
 15 -2 0 244
 55 -4 -1 94
 5 -3 -1 266
 55 -1 -1 216
 55 3 0 238
 55 1 0 131
 55 -1 0 332
 55 0 0 229
 55 2 -1 239
 55 3 3 202
 55 -3 3 339
 55 0 -2 123
 55 0 4 289
 5 4 1 18
 55 -4 0 97
 55 -1 -2 284
 55 -4 1 248
 55 0 -3 325
 55 2 2 170
 55 0 -1 108
 55 1 -1 104
 55 0 -4 296
 55 -1 4 177
 55 -1 -3 174
 55 2 -2 44
 5 -3 -2 110
 55 1 -2 333
 55 3 4 40
 55 3 -1 72
 "contig-ratio-green-core" 0.8421052631578947
 "contig-ratio-red-core" 0.8333333333333334
 "a-count" 7
 "b-count" 6
 "c-color-count" 22
 "c-express-count" 22
 "d-color-count" 23
 "d-express-count" 21
 "cell-count" 56
 15 3 1 178
 15 3 0 354
 15 -2 2 94
 105 3 -3 207
 15 -2 -1 131
 15 1 0 174
 105 -2 -2 197
 105 -3 2 38
 105 -2 -3 164
 15 1 -2 204
 15 0 -2 152
 15 1 4 5
 15 -3 -1 202
 15 3 2 241
 15 -1 2 26
 15 1 -4 321
 15 2 3 104
 15 -1 -2 281
 105 3 3 120
 15 1 1 57
 15 -4 1 288
 15 0 -1 272
 15 -1 -1 202
 15 3 -1 226
 15 2 0 271
 15 2 1 8
 15 2 2 215
 15 1 -1 5
 55 -1 0 13
 55 3 -2 60
 55 -1 4 31
 55 -1 1 241
 55 1 2 113
 55 0 -4 26
 55 0 -3 287
 55 0 4 123
 55 0 3 169
 5 4 0 79
 5 -3 -2 328
 5 -1 3 178
 55 4 -1 6
 55 0 0 66
 55 2 -2 321
 55 -3 0 254
 55 2 -3 164
 55 0 2 171
 5 -2 3 160
 5 -4 -1 145
 55 -3 1 163
 55 1 -3 275
 55 1 3 22
 5 4 1 162
 55 0 1 346
 55 -4 0 262
 55 -2 1 218
 55 -2 0 146
 "contig-ratio-green-core" 0.8
 "contig-ratio-red-core" 0.7777777777777778
 "a-count" 5
 "b-count" 4
 "c-color-count" 24
 "c-express-count" 24
 "d-color-count" 23
 "d-express-count" 23
 "cell-count" 56
 15 2 -2 305
 105 -3 3 250
 15 3 0 145
 15 -4 1 318
 15 -3 0 352
 15 2 0 179
 105 -4 -1 120
 15 -1 -3 352
 15 0 -4 58
 15 2 -1 5
 15 3 -2 134
 15 0 4 121
 105 -1 -4 244
 15 4 0 206
 15 3 -1 159
 15 -2 -2 94
 105 4 -1 19
 15 1 -3 61
 15 1 4 269
 15 2 1 243
 105 -3 -3 201
 15 -3 -1 67
 15 2 -3 39
 15 -1 -2 346
 15 0 -3 195
 15 3 1 63
 15 -4 0 86
 15 1 -4 331
 55 -3 2 206
 5 3 -3 216
 5 -1 3 65
 55 0 -2 105
 55 -2 0 258
 55 -1 1 195
 55 -1 -1 58
 55 -1 0 197
 55 1 1 85
 55 1 2 296
 55 0 0 60
 55 -2 2 226
 55 1 0 82
 55 0 3 0
 55 -3 1 237
 55 1 3 256
 55 -2 -1 230
 55 3 3 162
 55 0 2 96
 55 1 -2 271
 5 4 1 11
 55 0 1 12
 55 -1 2 42
 55 1 -1 55
 55 2 2 117
 55 3 2 88
 55 -2 1 195
 5 2 3 89
 "contig-ratio-green-core" 0.8125
 "contig-ratio-red-core" 0.6190476190476191
