 "a-count" 7
 "b-count" 8
 "c-color-count" 22
 "c-express-count" 20
 "d-color-count" 25
 "d-express-count" 21
 "cell-count" 56
 15 -2 -1 153
 15 3 2 254
 15 2 -1 264
 105 3 1 90
 15 1 1 279
 15 3 -3 216
 15 1 -2 285
 15 2 -3 195
 15 2 1 232
 15 0 -1 315
 15 -1 -1 158
 15 1 -1 95
 15 -3 0 46
 15 0 0 315
 15 2 0 110
 105 2 3 27
 105 -2 -3 216
 15 0 1 280
 15 -1 1 82
 15 -1 4 316
 15 -3 2 235
 15 2 2 229
 15 0 4 336
 15 -1 0 351
 15 1 0 237
 15 -3 1 269
 15 -2 3 187
 15 1 4 113
 5 -4 0 235
 55 0 3 74
 55 4 -1 155
 55 0 -4 77
 55 1 -4 44
 5 -3 3 184
 5 -4 -1 267
 55 1 2 332
 55 3 -2 304
 55 4 1 352
 55 0 -2 233
 5 -2 1 205
 55 0 -3 191
 55 -2 2 183
 55 4 0 286
 55 1 -3 114
 55 -4 1 301
 5 -3 -3 143
 55 1 3 7
 55 -1 2 93
 55 3 -1 54
 55 -1 3 163
 55 -1 -2 149
 55 -3 -1 113
 5 2 -2 294
 55 0 2 44
 55 3 3 63
 55 -1 -3 251
 "contig-ratio-green-core" 0.9473684210526315
 "contig-ratio-red-core" 0.7222222222222222
 "a-count" 8
 "b-count" 10
 "c-color-count" 20
 "c-express-count" 18
 "d-color-count" 22
 "d-express-count" 20
 "cell-count" 56
 15 2 -2 231
 15 0 -3 112
 15 -1 1 73
 15 3 2 15
 15 0 -2 148
 105 -3 -2 65
 105 3 -1 130
 105 3 3 30
 15 -3 0 256
 15 2 2 240
 105 -4 1 139
 15 -1 -3 43
 15 -2 1 220
 15 1 -2 97
 15 1 3 337
 15 -3 1 177
 15 1 -3 156
 105 -3 3 270
 15 2 -1 26
 15 -1 4 163
 15 -3 -1 332
 15 2 3 223
 15 -1 -2 216
 15 -3 2 241
 105 -3 -3 273
 15 4 0 74
 15 -1 -4 177
 15 4 1 218
 55 2 -3 302
 55 -2 3 301
 55 2 0 258
 55 1 -1 88
 5 -4 0 97
 5 -4 -1 37
 5 -2 2 349
 55 1 1 312
 55 0 0 55
 55 -2 0 87
 5 3 -2 334
 55 -2 -1 290
 55 0 1 346
 55 -2 -2 130
 5 -1 3 97
 55 1 0 275
 55 -1 -1 110
 55 3 0 240
 5 1 4 222
 5 3 -3 293
 55 2 1 205
 55 0 -1 70
 55 -1 0 138
 55 1 -4 279
 55 3 1 259
 55 0 3 340
 55 0 2 305
 5 -1 2 155
 "contig-ratio-green-core" 0.8823529411764706
 "contig-ratio-red-core" 0.8125
 "a-count" 6
 "b-count" 5
 "c-color-count" 24
 "c-express-count" 23
 "d-color-count" 23
 "d-express-count" 22
 "cell-count" 56
 105 -2 -1 31
 15 2 2 67
 15 4 0 139
 15 -1 -4 358
 15 0 1 220
 15 0 -4 265
 15 3 1 113
 15 -3 -2 276
 105 2 3 246
 15 -2 1 89
 15 4 -1 210
 15 3 0 287
 105 -4 -1 29
 105 -3 3 106
 15 1 -1 93
 15 1 2 27
 15 2 1 338
 15 2 0 80
 15 1 0 256
 15 -1 1 83
 15 1 1 173
 15 -4 0 218
 105 1 -4 22
 15 3 -1 272
 15 -1 0 209
 15 0 0 344
 15 -3 0 143
 15 -3 -1 23
 55 2 -3 6
 55 -4 1 161
 55 3 -3 335
 55 -3 1 217
 55 -1 -3 348
 55 0 -1 42
 55 4 -2 284
 55 -3 2 226
 55 2 -2 358
 55 -1 -2 84
 55 -1 3 300
 55 1 4 48
 5 1 3 340
 55 0 4 284
 5 3 2 21
 55 -1 -1 273
 55 4 1 180
 5 -2 3 192
 55 0 3 169
 55 -1 2 29
 55 0 2 24
 55 -2 2 236
 5 -2 -3 185
 55 0 -2 136
 55 -2 -2 108
 55 1 -2 290
 55 3 -2 326
 55 0 -3 180
 "contig-ratio-green-core" 0.7368421052631579
 "contig-ratio-red-core" 0.7647058823529411
 "a-count" 10
 "b-count" 7
 "c-color-count" 21
 "c-express-count" 21
 "d-color-count" 21
 "d-express-count" 18
 "cell-count" 56
 15 3 3 78
 15 3 -2 79
 15 0 -1 84
 105 4 1 332
 105 1 3 269
 15 4 0 108
 15 2 1 213
 15 2 3 229
 15 -2 -3 132
 15 -2 -1 295
 105 1 1 312
 15 2 0 153
 105 -3 -1 10
 105 3 -3 192
 15 -1 -1 103
 15 -2 0 188
 15 0 4 82
 105 -3 -3 291
 15 3 0 259
 105 2 -1 340
 15 1 0 266
 15 0 1 194
 15 -1 -4 322
 15 4 -1 43
 15 0 0 54
 15 1 -2 225
 15 -3 3 214
 15 -1 0 336
 55 1 -1 217
 55 0 -4 28
 55 2 -3 162
 55 -2 2 118
 5 0 -3 66
 55 -1 4 182
 55 -2 -2 39
 5 -4 -1 15
 55 -1 1 304
 55 -1 -3 8
 55 1 -3 116
 5 -4 1 117
 55 -1 3 99
 55 -3 1 161
 55 -2 3 287
 5 1 -4 139
 5 0 3 347
 55 1 4 196
 5 2 -2 178
 55 3 2 114
 55 3 1 342
 5 -2 1 300
 55 -1 2 322
 55 0 -2 232
 55 0 2 216
 55 -1 -2 320
 55 -3 2 202
 55 -3 0 192
 "contig-ratio-green-core" 0.9333333333333333
 "contig-ratio-red-core" 0.7692307692307693
