 "a-count" 3
 "b-count" 6
 "c-color-count" 23
 "c-express-count" 22
 "d-color-count" 25
 "d-express-count" 25
 "cell-count" 56
 15 -1 4 105
 15 2 -2 324
 105 1 4 118
 15 0 2 1
 15 1 3 162
 15 -3 -2 134
 15 0 -4 177
 105 2 3 20
 15 3 1 337
 15 0 3 113
 15 1 -3 295
 15 -1 2 53
 15 4 -1 79
 15 3 0 306
 15 2 -1 140
 15 2 0 185
 15 2 1 292
 15 -1 -3 208
 15 1 2 62
 15 1 -2 185
 15 1 1 319
 105 -4 0 92
 15 -3 -1 307
 15 0 4 42
 15 2 2 136
 15 0 -3 50
 15 -1 3 214
 15 2 -3 220
 55 0 0 341
 5 -1 -4 185
 55 -2 -3 274
 55 -2 -1 196
 55 -1 -1 162
 55 3 2 317
 55 -2 2 33
 55 -1 1 245
 55 -2 1 7
 55 -3 0 19
 55 -4 1 248
 55 -1 -2 258
 55 0 -2 316
 55 -2 3 111
 55 0 1 138
 5 -3 1 113
 55 1 0 212
 55 4 0 66
 55 0 -1 221
 55 -2 0 153
 55 -3 3 140
 5 3 3 207
 55 -1 0 36
 55 -2 -2 207
 55 3 -1 103
 5 1 -4 92
 5 4 1 239
 55 3 -2 229
 "contig-ratio-green-core" 0.9411764705882353
 "contig-ratio-red-core" 0.7894736842105263
 "a-count" 3
 "b-count" 4
 "c-color-count" 24
 "c-express-count" 24
 "d-color-count" 25
 "d-express-count" 25
 "cell-count" 56
 15 -2 1 72
 15 2 -2 60
 15 -2 -2 96
 105 -4 -1 228
 15 2 -3 86
 15 4 -1 248
 15 1 -3 122
 15 -2 -1 151
 15 4 0 226
 15 -1 2 60
 105 -4 1 34
 15 -3 1 48
 15 2 -1 74
 15 1 -4 92
 15 3 0 100
 15 -3 -1 292
 15 -2 0 131
 15 -1 1 43
 15 0 1 48
 15 3 3 205
 15 0 2 182
 15 3 -1 249
 15 1 4 315
 15 -1 3 208
 15 4 1 225
 15 0 3 104
 15 -2 2 98
 105 3 -2 120
 55 0 -2 137
 55 2 0 259
 55 -3 3 154
 55 2 2 277
 5 3 -3 216
 55 0 -4 249
 55 -1 0 246
 55 -1 -1 119
 55 -1 -3 276
 55 1 3 293
 5 -1 -4 316
 55 0 -3 332
 55 1 0 80
 55 1 1 88
 55 2 1 218
 5 -3 -3 242
 5 -3 2 336
 55 0 4 46
 55 3 2 315
 55 1 2 324
 55 1 -2 13
 55 -1 4 308
 55 2 3 237
 55 3 1 125
 55 4 2 155
 55 -4 0 162
 55 1 -1 107
 55 0 -1 116
 "contig-ratio-green-core" 0.7142857142857143
 "contig-ratio-red-core" 0.8235294117647058
 "a-count" 11
 "b-count" 1
 "c-color-count" 27
 "c-express-count" 27
 "d-color-count" 20
 "d-express-count" 17
 "cell-count" 56
 15 -1 -3 351
 15 4 0 119
 15 3 -1 246
 15 3 -2 102
 105 1 -4 187
 15 0 2 254
 15 -1 3 44
 105 0 -4 167
 15 -1 -2 114
 15 0 -2 196
 105 1 -2 359
 15 -1 2 160
 15 -1 1 337
 105 -2 3 117
 15 0 3 156
 15 2 -2 238
 105 -3 -3 324
 105 2 -3 0
 15 1 -3 45
 105 -1 -4 238
 15 -4 0 61
 15 -2 2 82
 15 4 1 96
 15 -4 -1 87
 15 0 1 88
 105 1 4 159
 15 1 3 193
 15 -4 1 169
 55 1 2 116
 55 -2 -3 142
 55 2 1 264
 55 2 3 127
 55 -3 2 33
 55 1 1 314
 5 0 -3 351
 55 1 0 115
 55 -3 0 161
 55 0 0 138
 55 1 -1 354
 55 2 0 70
 55 3 2 139
 55 2 2 69
 55 -3 1 89
 55 3 1 148
 55 -1 -1 128
 55 4 -1 205
 55 -2 -1 123
 55 0 -1 218
 55 -2 -2 359
 55 0 4 358
 55 2 -1 148
 55 -2 1 236
 55 -2 0 4
 55 3 0 266
 55 -3 -1 264
 55 -1 0 135
 "contig-ratio-green-core" 0.8333333333333334
 "contig-ratio-red-core" 1
 "a-count" 1
 "b-count" 5
 "c-color-count" 23
 "c-express-count" 23
 "d-color-count" 28
 "d-express-count" 27
 "cell-count" 56
 15 3 0 241
 15 1 -2 165
 15 -1 -2 233
 15 3 -1 242
 15 0 2 113
 15 2 1 260
 15 -1 0 350
 15 -1 1 146
 15 -1 4 265
 15 -2 -3 215
 15 2 0 303
 15 3 -2 134
 15 1 3 6
 15 0 1 165
 15 -1 -1 179
 15 1 1 194
 15 2 -3 195
 15 0 0 334
 15 -2 1 178
 15 2 -2 220
 15 0 3 87
 15 2 -1 144
 15 1 2 59
 15 1 -1 145
 15 -3 2 222
 15 1 0 277
 15 0 -2 96
 15 2 2 76
 5 -3 -2 275
 55 -4 0 298
 55 4 -1 159
 5 1 -3 341
 55 3 1 213
 55 4 0 186
 55 1 -4 131
 55 -1 3 153
 55 0 -4 354
 5 -2 2 190
 55 -3 1 261
 55 0 4 71
 55 -1 2 309
 55 1 4 219
 55 3 2 281
 55 3 3 256
 55 3 -3 115
 55 -4 1 98
 55 -1 -3 24
 55 -3 0 96
 5 0 -3 205
 55 -3 -1 158
 55 -2 -1 119
 55 -1 -4 32
 55 -3 -3 211
 55 4 1 342
 55 -4 -1 129
 5 -2 0 253
 "contig-ratio-green-core" 0.7222222222222222
 "contig-ratio-red-core" 0.6875
