 "a-count" 8
 "b-count" 7
 "c-color-count" 21
 "c-express-count" 21
 "d-color-count" 22
 "d-express-count" 20
 "cell-count" 56
 15 1 -3 158
 15 1 0 79
 15 -2 -2 81
 15 2 3 274
 105 1 3 55
 15 -1 3 342
 15 1 -1 169
 15 0 -2 3
 105 3 3 169
 105 0 4 202
 15 0 0 154
 15 -1 0 211
 105 -1 4 212
 105 0 -3 194
 105 -2 -1 58
 15 2 2 37
 15 1 1 276
 15 -1 -3 24
 15 0 2 265
 15 -1 1 242
 15 0 1 114
 15 2 1 180
 15 -2 -3 283
 15 1 -2 183
 15 2 0 22
 15 -1 -2 19
 15 -1 -1 237
 15 3 2 218
 5 4 1 179
 5 0 3 74
 55 -2 3 48
 55 2 -2 341
 55 2 -4 75
 55 3 0 359
 55 -3 2 115
 55 -1 -4 114
 55 -3 -1 44
 55 -4 0 352
 55 -2 2 293
 55 0 -4 97
 55 3 1 41
 55 -4 -1 241
 5 4 0 108
 5 -4 1 240
 5 -3 -3 214
 55 3 -3 136
 55 3 -1 202
 55 -2 1 234
 55 1 -4 177
 55 -3 -2 69
 55 -3 0 314
 5 3 -2 168
 55 2 -3 337
 55 2 -1 147
 5 4 -1 166
 55 -1 2 43
 "contig-ratio-green-core" 0.625
 "contig-ratio-red-core" 0.6111111111111112
 "a-count" 5
 "b-count" 5
 "c-color-count" 23
 "c-express-count" 23
 "d-color-count" 24
 "d-express-count" 23
 "cell-count" 56
 15 3 -2 298
 15 1 -4 110
 15 0 1 70
 15 -1 1 276
 15 -2 1 28
 15 2 -3 247
 15 0 -1 135
 105 -2 0 119
 15 0 0 231
 15 -2 -1 251
 15 3 -1 116
 15 3 3 104
 15 1 3 332
 105 2 3 116
 15 0 3 79
 15 1 2 286
 15 0 2 227
 105 -1 0 273
 105 3 -3 299
 15 3 2 111
 15 -1 -1 48
 15 1 1 279
 15 -1 -2 162
 15 -3 2 113
 15 -2 -2 309
 15 -1 -3 132
 15 -3 1 216
 15 2 2 320
 55 2 -1 171
 55 1 -3 75
 55 -4 0 20
 55 -3 0 143
 55 3 1 182
 55 -4 1 314
 5 -1 -4 264
 5 4 1 30
 55 0 -2 209
 55 1 -2 54
 55 4 2 61
 55 2 -2 183
 55 4 0 272
 55 0 -4 40
 5 -2 -3 187
 55 0 -3 322
 55 -3 -1 259
 5 -3 -2 307
 5 -2 2 228
 55 -4 -1 313
 55 -1 3 10
 55 3 0 119
 55 2 0 51
 55 1 -1 350
 55 -2 3 43
 55 2 1 207
 55 -1 4 335
 55 0 4 298
 "contig-ratio-green-core" 0.5909090909090909
 "contig-ratio-red-core" 0.7894736842105263
 "a-count" 6
 "b-count" 6
 "c-color-count" 22
 "c-express-count" 22
 "d-color-count" 23
 "d-express-count" 22
 "cell-count" 56
 15 -2 -2 223
 15 -1 -1 255
 15 -1 -2 133
 15 -3 -1 317
 15 -1 1 213
 105 -4 0 224
 15 -1 2 208
 15 0 1 185
 15 2 1 17
 15 -2 0 353
 105 -3 2 38
 15 1 0 294
 15 1 4 140
 105 -2 3 285
 15 3 1 66
 15 -1 3 338
 105 -3 3 358
 15 -3 0 68
 105 -1 -4 30
 15 1 1 287
 15 -2 1 159
 15 0 0 64
 15 2 3 239
 15 -2 -1 187
 15 0 -1 196
 15 -1 0 40
 15 -2 2 223
 15 2 2 142
 5 -3 -2 9
 55 2 -2 130
 55 2 0 102
 55 0 3 18
 55 3 0 12
 5 0 -4 28
 55 -1 4 110
 55 0 2 288
 55 -3 1 172
 55 0 4 196
 55 1 -3 319
 5 3 -3 339
 55 -3 -3 262
 55 1 2 221
 55 1 -2 306
 55 1 -1 168
 55 0 -3 93
 55 0 -2 30
 55 1 3 21
 5 4 -1 334
 55 3 -2 27
 55 1 -4 321
 55 2 -1 261
 5 3 3 287
 55 -1 -3 91
 55 -4 -1 198
 5 -2 -3 354
 55 4 1 332
 "contig-ratio-green-core" 0.75
 "contig-ratio-red-core" 0.9285714285714286
 "a-count" 14
 "b-count" 4
 "c-color-count" 25
 "c-express-count" 24
 "d-color-count" 17
 "d-express-count" 14
 "cell-count" 56
 15 3 -1 88
 105 -4 -1 140
 105 -3 3 147
 15 -1 1 125
 105 1 -2 103
 15 -3 -3 54
 15 1 4 204
 105 -2 1 77
 15 -2 -2 226
 15 0 2 165
 15 -1 0 255
 15 -3 1 211
 15 0 1 336
 105 4 -1 178
 105 2 -2 260
 105 3 -2 7
 15 -1 2 334
 15 1 2 40
 15 1 1 159
 105 -2 0 186
 15 -1 -4 256
 15 4 0 150
 15 -3 -1 169
 15 -2 -1 212
 105 -3 -2 178
 105 1 3 219
 15 0 3 258
 105 -4 0 296
 55 2 1 22
 55 2 -1 8
 55 2 -3 310
 55 -2 -3 336
 5 2 3 110
 55 3 -3 47
 55 -1 -2 187
 55 3 0 31
 55 0 -3 180
 55 -1 -3 15
 55 0 -4 317
 55 -1 -1 241
 55 -3 2 117
 55 1 -1 59
 55 2 0 203
 55 -1 3 261
 5 4 1 288
 55 -4 2 114
 55 1 0 59
 55 0 -2 94
 55 -1 4 41
 5 3 2 335
 55 -2 2 137
 55 0 -1 121
 55 1 -4 118
 55 0 4 71
 55 -2 3 103
 55 3 1 130
 "contig-ratio-green-core" 0.5
 "contig-ratio-red-core" 0.7857142857142857
