 "a-count" 4
 "b-count" 6
 "c-color-count" 22
 "c-express-count" 22
 "d-color-count" 26
 "d-express-count" 24
 "cell-count" 56
 15 0 0 168
 15 -1 -4 167
 105 2 -3 352
 15 -3 -1 128
 15 1 -1 164
 15 -2 1 309
 15 1 0 57
 15 0 -1 143
 15 0 3 27
 15 1 4 338
 15 -3 1 194
 15 -2 -1 147
 15 2 2 196
 15 -1 2 11
 15 1 2 106
 105 0 2 77
 15 -2 0 143
 15 1 3 194
 15 -2 2 16
 15 2 -2 83
 15 0 1 20
 15 1 -2 109
 15 -3 0 189
 15 2 1 298
 15 -4 -1 74
 15 -1 1 126
 15 -1 0 2
 15 1 1 138
 55 -4 1 152
 55 0 4 59
 55 -4 0 183
 55 2 3 38
 5 -3 -3 96
 55 -1 -2 308
 55 3 0 329
 55 -1 4 143
 5 3 -3 283
 55 -3 2 274
 55 -1 -3 346
 5 3 1 85
 55 0 -3 148
 55 4 0 7
 55 4 1 191
 55 -4 2 98
 55 -2 -2 79
 55 -3 3 26
 5 -2 -3 346
 55 0 -4 230
 55 2 -1 119
 5 4 -1 206
 55 3 3 199
 55 3 -1 271
 5 1 -4 15
 55 1 -3 101
 55 0 -2 40
 55 2 0 346
 "contig-ratio-green-core" 0.8421052631578947
 "contig-ratio-red-core" 0.5555555555555556
 "a-count" 8
 "b-count" 3
 "c-color-count" 25
 "c-express-count" 25
 "d-color-count" 20
 "d-express-count" 20
 "cell-count" 56
 15 1 -3 34
 15 0 -4 174
 15 -1 4 63
 105 3 0 85
 15 1 -4 34
 105 -3 3 162
 15 3 1 140
 15 2 -2 41
 105 -4 0 81
 105 2 -3 206
 15 2 1 181
 15 3 2 75
 15 1 4 233
 15 3 -1 133
 15 2 0 50
 105 0 4 289
 15 -1 2 11
 15 -1 -3 324
 105 -2 2 305
 15 1 -2 186
 105 -2 1 238
 105 -3 1 262
 15 -2 0 51
 15 -1 -4 23
 15 2 -1 90
 15 4 1 79
 15 -1 3 7
 15 0 -3 252
 55 -1 1 38
 55 -1 -1 216
 55 4 -1 167
 55 -1 -2 215
 55 1 0 183
 55 -2 -3 198
 55 2 3 142
 55 0 0 358
 55 0 3 91
 55 1 -1 221
 55 -2 -1 119
 55 3 3 115
 5 3 -3 235
 55 2 2 112
 55 -1 0 293
 55 0 -1 308
 55 0 -2 110
 55 1 2 119
 5 -3 -1 334
 55 -3 -2 212
 5 -3 0 213
 55 1 3 0
 55 3 -2 32
 55 0 2 246
 55 4 0 24
 55 1 1 327
 55 -3 -3 137
 55 0 1 306
 "contig-ratio-green-core" 0.7777777777777778
 "contig-ratio-red-core" 0.9411764705882353
 "a-count" 4
 "b-count" 8
 "c-color-count" 21
 "c-express-count" 20
 "d-color-count" 24
 "d-express-count" 24
 "cell-count" 56
 15 4 0 326
 105 -3 -3 161
 15 2 1 353
 15 0 2 163
 15 1 2 302
 15 -2 -1 260
 15 -4 0 35
 15 1 0 200
 15 -2 1 228
 15 3 -3 143
 15 -1 -1 120
 15 1 1 141
 15 2 2 45
 15 0 0 223
 15 4 1 168
 15 0 -1 337
 15 0 1 149
 15 -3 1 268
 105 -3 -2 263
 15 -1 2 315
 15 3 2 209
 105 -1 0 329
 15 1 -1 13
 105 -3 -1 128
 15 -4 -1 207
 15 -1 1 193
 15 3 1 174
 15 -2 0 293
 55 -2 3 236
 5 -3 3 354
 5 0 -4 308
 55 1 4 184
 55 0 4 195
 55 0 -3 71
 55 3 0 83
 5 -1 4 154
 55 -3 2 322
 5 -1 -2 271
 55 -1 3 0
 55 4 -1 153
 5 2 0 241
 55 -1 -3 295
 55 -2 -3 125
 55 1 -3 0
 55 -4 1 82
 5 1 -4 113
 55 0 -2 102
 55 2 3 46
 55 1 3 222
 55 0 3 155
 55 3 3 300
 55 1 -2 165
 55 3 -2 290
 55 2 -2 194
 5 -1 -4 298
 55 3 -1 257
 "contig-ratio-green-core" 0.6666666666666666
 "contig-ratio-red-core" 0.5789473684210527
 "a-count" 9
 "b-count" 4
 "c-color-count" 24
 "c-express-count" 24
 "d-color-count" 22
 "d-express-count" 19
 "cell-count" 56
 15 -1 0 2
 15 -3 0 30
 15 -1 2 84
 105 3 -1 263
 105 3 -2 76
 15 0 -2 48
 105 1 3 333
 15 -4 1 74
 15 3 1 69
 15 -1 -1 156
 15 -2 -3 335
 15 -1 -2 249
 105 -1 3 52
 15 3 0 195
 15 1 2 93
 15 2 1 84
 105 -3 2 43
 15 0 1 286
 15 4 1 13
 105 -2 2 126
 15 -2 0 103
 15 -2 -2 285
 15 2 2 19
 15 0 3 249
 15 -1 1 94
 15 -1 4 11
 15 -2 -1 306
 15 1 -4 76
 55 2 -2 107
 55 -2 3 260
 55 2 3 230
 55 -3 -2 120
 55 -3 -3 87
 55 3 3 238
 55 0 -3 112
 5 1 1 259
 55 2 -1 16
 5 3 -3 59
 55 -4 -1 264
 55 0 -1 119
 55 0 0 55
 55 1 -2 232
 55 0 -4 296
 55 3 2 175
 55 1 0 158
 55 2 0 157
 55 -3 1 273
 55 -2 1 153
 5 2 -3 50
 55 0 4 144
 55 4 -1 157
 55 -1 -3 251
 5 -1 -4 310
 55 1 -3 250
 55 1 -1 34
 55 -4 0 337
 "contig-ratio-green-core" 0.8421052631578947
 "contig-ratio-red-core" 0.7777777777777778
