 "a-count" 7
 "b-count" 7
 "c-color-count" 21
 "c-express-count" 21
 "d-color-count" 22
 "d-express-count" 21
 "cell-count" 56
 15 -3 -2 217
 15 0 -1 0
 15 -2 3 209
 15 1 -1 321
 15 0 0 269
 15 0 1 124
 15 1 1 205
 105 3 -2 133
 105 1 4 142
 15 -2 1 98
 15 -1 1 101
 105 3 -3 316
 15 0 2 90
 15 1 2 141
 105 0 -2 276
 15 -2 -1 85
 15 -1 0 268
 105 1 -2 206
 15 0 3 323
 15 -3 -1 303
 15 -2 -3 170
 15 2 1 257
 15 -3 1 1
 15 -1 2 227
 15 2 0 280
 105 -1 -3 209
 15 -1 3 291
 15 1 0 143
 55 -4 -1 304
 55 -4 2 123
 55 3 3 263
 55 0 4 310
 5 -3 3 254
 5 2 3 97
 55 4 0 217
 55 -4 0 264
 55 -2 2 227
 55 2 2 191
 55 3 0 137
 55 -1 -4 311
 55 4 1 200
 55 -3 2 150
 55 2 -1 49
 55 3 1 301
 5 -1 -1 136
 5 4 -1 143
 55 -4 1 235
 55 1 3 176
 55 2 -2 102
 5 -1 -2 324
 55 0 -4 245
 55 1 -4 140
 55 -1 4 163
 5 -2 0 205
 55 3 2 291
 5 3 -1 197
 "contig-ratio-green-core" 0.6111111111111112
 "contig-ratio-red-core" 0.7333333333333333
 "a-count" 8
 "b-count" 3
 "c-color-count" 27
 "c-express-count" 25
 "d-color-count" 22
 "d-express-count" 20
 "cell-count" 56
 15 1 0 213
 105 2 0 274
 105 1 -3 109
 15 1 4 320
 105 2 2 183
 15 0 1 50
 15 2 1 5
 15 -3 1 346
 15 -2 -1 166
 105 -4 0 139
 15 1 2 199
 15 -1 -1 241
 15 -3 3 1
 15 4 1 119
 15 2 -1 348
 15 1 1 150
 15 -1 -2 52
 15 3 0 148
 15 -2 -2 31
 105 -3 -2 237
 15 1 3 288
 15 -1 -4 71
 105 2 -3 321
 15 -1 4 82
 15 0 4 115
 15 2 3 135
 15 3 1 113
 15 3 -1 121
 55 -2 1 124
 55 4 0 93
 55 -2 2 347
 55 -2 0 262
 55 2 -2 179
 55 4 -1 100
 55 -1 1 16
 55 -1 3 279
 55 3 -3 109
 55 0 0 193
 55 0 -2 329
 55 -3 0 95
 55 0 -3 100
 55 -1 2 160
 55 -3 -3 235
 55 3 3 122
 5 -3 -1 64
 55 -1 -3 326
 55 -1 0 94
 55 1 -2 208
 55 -2 3 338
 55 -2 -3 25
 55 0 2 282
 55 3 -2 63
 55 0 3 293
 55 1 -1 325
 55 3 2 310
 55 0 -1 7
 "contig-ratio-green-core" 0.7391304347826086
 "contig-ratio-red-core" 1.125
 "a-count" 5
 "b-count" 3
 "c-color-count" 26
 "c-express-count" 25
 "d-color-count" 26
 "d-express-count" 23
 "cell-count" 56
 15 -1 0 127
 15 -1 -3 345
 15 1 0 256
 15 0 0 70
 15 0 -3 73
 15 3 2 208
 15 -2 -2 358
 15 1 -3 143
 15 -3 3 215
 15 3 -1 131
 15 -4 -2 142
 15 1 4 351
 15 -1 1 128
 105 4 0 303
 15 1 1 301
 15 1 -1 284
 15 2 2 162
 15 -3 -3 190
 15 1 2 5
 15 -4 1 11
 15 0 4 44
 105 -2 -3 230
 15 3 3 156
 15 0 1 67
 15 1 -2 79
 15 3 -2 31
 15 0 3 21
 15 -3 2 315
 55 2 -1 325
 55 -1 -2 91
 55 -3 1 302
 55 -2 3 236
 55 -3 0 59
 55 2 -3 97
 55 -4 0 147
 55 -1 -4 15
 55 3 0 230
 55 1 3 9
 55 -1 4 217
 55 3 1 294
 55 2 1 215
 55 -4 -1 99
 55 -1 2 16
 5 -3 -2 333
 55 -2 1 144
 55 -2 -1 112
 55 4 1 283
 55 2 0 1
 55 0 -4 221
 55 2 -2 102
 55 0 2 203
 55 -1 3 62
 55 -1 -1 58
 55 -3 -1 185
 5 -2 0 76
 55 -2 2 120
 "contig-ratio-green-core" 0.9047619047619048
 "contig-ratio-red-core" 1
 "a-count" 9
 "b-count" 3
 "c-color-count" 25
 "c-express-count" 25
 "d-color-count" 19
 "d-express-count" 19
 "cell-count" 56
 15 -3 0 3
 105 -4 1 237
 105 1 1 352
 15 -2 -2 86
 15 -2 0 297
 105 3 -1 128
 15 0 4 322
 15 -3 1 329
 105 -3 -3 53
 15 4 1 275
 15 -2 -1 50
 15 3 1 228
 15 -2 1 10
 15 0 2 34
 15 3 -2 236
 105 4 2 133
 105 2 -2 47
 15 -2 -3 72
 105 1 2 206
 105 2 3 149
 15 -4 0 198
 15 -1 0 50
 15 -1 1 55
 15 3 2 333
 105 -3 -2 29
 15 0 3 228
 15 2 2 166
 15 -3 2 224
 55 -1 -3 304
 55 4 0 138
 55 0 -3 291
 55 1 -1 138
 55 3 0 293
 55 -1 -2 233
 55 1 -2 2
 5 -3 -1 323
 55 -1 2 271
 55 2 0 287
 55 0 1 157
 55 3 3 104
 55 0 -4 191
 55 0 -1 25
 5 -4 -1 308
 55 0 -2 215
 55 -3 3 219
 55 1 -4 304
 55 -1 -1 195
 55 -1 3 168
 5 2 -1 195
 55 -1 4 193
 55 4 -1 345
 55 1 0 98
 55 0 0 181
 55 1 -3 271
 55 -2 4 175
 55 -2 3 27
 "contig-ratio-green-core" 0.5263157894736842
 "contig-ratio-red-core" 0.7333333333333333
