 "a-count" 5
 "b-count" 6
 "c-color-count" 22
 "c-express-count" 22
 "d-color-count" 23
 "d-express-count" 23
 "cell-count" 56
 15 1 0 100
 15 2 -3 66
 105 -1 4 328
 15 -2 -2 191
 15 1 1 46
 15 -3 0 290
 15 -1 -2 74
 15 1 -1 331
 15 -1 3 55
 15 -1 -3 69
 15 0 2 38
 15 -3 -1 166
 15 0 1 26
 105 0 4 106
 105 -1 1 252
 15 -1 2 140
 15 2 1 293
 15 -1 -1 84
 15 3 1 285
 15 -2 -1 93
 15 0 0 172
 15 0 -1 295
 15 1 -2 175
 105 -1 0 33
 105 1 4 153
 15 -2 1 309
 15 -2 0 254
 15 0 -2 342
 55 4 1 180
 55 3 -2 302
 55 -1 -4 230
 55 1 3 273
 5 -2 -3 182
 55 -2 3 85
 55 -3 -2 110
 55 4 -1 64
 55 2 -2 304
 55 1 2 139
 5 2 2 121
 55 3 -1 282
 55 -4 0 73
 5 3 -3 341
 55 2 -1 249
 55 4 0 64
 55 -3 3 289
 55 -3 1 299
 55 2 0 232
 55 3 0 291
 5 -3 -3 294
 55 -2 2 116
 55 0 -4 349
 5 3 3 320
 5 -3 2 126
 55 -4 -1 31
 55 1 -4 77
 55 2 3 244
 "contig-ratio-green-core" 0.75
 "contig-ratio-red-core" 0.9230769230769231
 "a-count" 5
 "b-count" 6
 "c-color-count" 22
 "c-express-count" 22
 "d-color-count" 24
 "d-express-count" 23
 "cell-count" 56
 15 3 1 63
 15 2 1 285
 15 0 -1 211
 15 0 0 11
 105 -3 3 112
 15 -2 1 74
 15 0 1 52
 15 2 2 66
 15 1 1 314
 15 2 3 330
 15 -2 -1 261
 15 -3 1 126
 15 -3 0 331
 15 -1 2 224
 15 4 -1 346
 15 1 0 90
 15 -2 3 97
 15 2 -2 247
 105 3 -2 31
 15 -1 1 25
 105 2 0 332
 105 0 2 142
 15 2 -1 115
 15 -2 0 4
 15 1 -1 168
 15 -3 -3 246
 15 -1 0 249
 15 1 3 35
 55 1 -2 21
 55 -3 2 163
 55 -4 0 100
 55 -1 -3 306
 55 -2 -2 133
 55 1 -4 96
 55 1 -3 157
 55 -1 -1 344
 55 -3 -1 156
 55 3 -3 136
 5 0 -3 248
 5 0 -2 96
 5 2 -3 245
 55 -4 1 67
 55 -2 -3 164
 55 0 3 242
 55 0 4 219
 55 1 4 282
 55 0 -4 292
 55 -1 -4 1
 5 -1 4 158
 55 -3 -2 202
 55 3 -1 86
 5 -1 -2 97
 55 3 0 354
 5 -4 -1 348
 55 3 2 238
 55 -1 3 99
 "contig-ratio-green-core" 0.8235294117647058
 "contig-ratio-red-core" 0.8666666666666667
 "a-count" 2
 "b-count" 4
 "c-color-count" 24
 "c-express-count" 24
 "d-color-count" 27
 "d-express-count" 26
 "cell-count" 56
 15 -1 0 234
 15 -3 -1 212
 15 2 -2 323
 15 3 0 77
 15 1 0 178
 15 -1 1 267
 15 0 1 90
 15 -1 -3 154
 105 3 -3 218
 15 0 0 2
 15 3 -1 28
 15 1 1 69
 15 2 1 305
 15 -2 -1 278
 15 4 1 262
 15 1 -4 98
 15 3 1 268
 15 2 0 302
 15 -2 2 200
 15 0 2 285
 15 -1 -2 131
 15 0 -3 114
 15 -1 2 78
 15 4 0 200
 15 -2 0 250
 15 -1 -1 85
 15 -2 1 168
 15 3 2 277
 55 -3 -3 272
 55 1 4 353
 55 1 3 140
 55 2 -1 206
 55 1 -2 29
 55 0 -1 16
 55 0 3 163
 55 -3 3 255
 55 -2 -3 104
 55 -3 0 257
 55 2 -3 354
 55 1 -1 226
 5 4 -1 36
 5 -2 -2 286
 55 -4 1 297
 55 3 3 6
 55 2 2 333
 55 -3 2 290
 5 -3 1 239
 55 0 -4 63
 55 0 4 65
 55 1 2 37
 5 -1 3 176
 55 -4 -1 121
 55 -4 0 105
 55 2 3 222
 55 1 -3 175
 55 -1 -4 316
 "contig-ratio-green-core" 0.7142857142857143
 "contig-ratio-red-core" 0.7368421052631579
 "a-count" 3
 "b-count" 5
 "c-color-count" 25
 "c-express-count" 23
 "d-color-count" 26
 "d-express-count" 25
 "cell-count" 56
 15 -3 1 196
 15 -1 -2 9
 15 1 1 0
 15 1 0 92
 15 -1 4 290
 15 -1 3 79
 15 -2 1 234
 15 4 0 49
 15 -3 2 287
 15 -1 1 237
 105 -3 -3 52
 15 -1 -1 347
 15 0 -2 27
 15 0 -1 120
 105 -3 3 223
 15 -4 -1 57
 15 1 -2 201
 15 1 2 17
 15 -2 0 111
 15 -1 0 44
 15 -1 2 19
 15 0 1 62
 15 1 -1 112
 15 4 -1 347
 15 2 2 151
 15 2 1 14
 15 0 2 175
 15 -3 -2 235
 55 0 -3 6
 55 3 -1 71
 55 0 3 179
 55 2 0 306
 55 1 -3 149
 55 1 4 165
 55 -3 -1 255
 55 -1 -3 279
 55 2 -2 19
 55 3 -2 343
 55 3 0 83
 55 -4 1 281
 55 0 4 310
 55 -2 -3 180
 55 -1 -4 18
 55 4 1 253
 55 -3 0 346
 5 2 3 51
 55 2 -1 179
 55 3 1 177
 55 0 -4 292
 5 3 -3 202
 55 3 3 294
 55 -2 -1 202
 5 1 3 190
 55 3 2 216
 55 -5 1 210
 55 1 -4 53
 "contig-ratio-green-core" 0.6666666666666666
 "contig-ratio-red-core" 0.85
