 "a-count" 7
 "b-count" 2
 "c-color-count" 26
 "c-express-count" 26
 "d-color-count" 22
 "d-express-count" 21
 "cell-count" 56
 15 2 -1 240
 15 -1 2 228
 15 -3 -1 91
 15 -2 -2 214
 15 4 -1 196
 15 1 -1 88
 105 -1 3 142
 15 -1 1 253
 15 4 0 216
 15 3 3 113
 15 1 -2 261
 15 1 -3 292
 15 2 -2 204
 15 1 0 132
 105 2 -3 185
 15 3 -2 268
 15 0 4 235
 15 0 -1 331
 105 -4 1 316
 15 0 1 177
 105 3 -3 128
 15 -3 1 88
 105 -1 -1 74
 15 -2 0 33
 105 -3 0 296
 15 4 1 80
 15 0 0 331
 15 -2 1 61
 55 -1 -2 312
 55 1 1 228
 55 3 -1 137
 55 2 2 324
 55 1 3 185
 55 -3 -2 34
 55 0 -3 75
 55 0 2 299
 55 3 1 353
 55 1 -4 267
 55 2 1 318
 55 -1 -3 250
 55 -2 -4 109
 55 -4 -1 69
 55 3 0 97
 55 2 3 211
 55 -3 2 347
 5 -3 -3 199
 55 2 4 113
 55 1 2 71
 55 0 3 47
 55 -3 3 43
 5 -4 0 325
 55 0 -4 58
 55 -2 -3 176
 55 -1 -4 171
 55 1 4 276
 55 0 -2 358
 "contig-ratio-green-core" 0.6818181818181818
 "contig-ratio-red-core" 0.6666666666666666
 "a-count" 3
 "b-count" 7
 "c-color-count" 21
 "c-express-count" 21
 "d-color-count" 25
 "d-express-count" 25
 "cell-count" 56
 15 1 3 93
 15 2 0 146
 15 0 0 174
 15 -1 1 13
 15 2 -1 149
 15 -4 1 270
 105 -1 -2 18
 15 1 0 351
 15 1 2 180
 105 0 -2 18
 15 0 -1 202
 15 2 2 25
 15 -1 -1 191
 105 -3 3 205
 15 3 1 337
 15 -2 -2 184
 15 -3 2 211
 15 1 1 132
 15 -4 0 77
 15 -3 0 290
 15 -1 -4 208
 15 0 1 82
 15 1 -2 291
 15 1 -1 48
 15 -4 -1 240
 15 -2 -1 157
 15 3 0 296
 15 -1 0 350
 5 -2 3 176
 5 0 4 7
 55 4 1 148
 55 4 3 227
 55 3 3 135
 55 3 2 297
 55 2 -2 167
 55 -3 -3 186
 5 3 -3 291
 5 2 3 255
 55 -1 -3 58
 55 4 0 344
 55 4 2 32
 5 1 -4 173
 55 -1 3 100
 55 0 2 234
 55 -2 2 322
 55 -1 2 94
 55 -3 -1 327
 5 4 -2 330
 55 4 -1 297
 55 3 -1 246
 55 0 -4 197
 55 -3 1 3
 5 3 -2 281
 55 -2 1 174
 55 0 3 317
 55 2 -3 138
 "contig-ratio-green-core" 0.8125
 "contig-ratio-red-core" 0.631578947368421
 "a-count" 8
 "b-count" 4
 "c-color-count" 25
 "c-express-count" 24
 "d-color-count" 21
 "d-express-count" 20
 "cell-count" 56
 15 0 -2 301
 15 -2 3 195
 105 1 3 257
 15 1 1 193
 15 -1 3 125
 15 -1 -1 143
 15 4 1 34
 15 0 0 232
 15 -1 2 316
 105 -3 -3 75
 15 0 4 244
 15 1 0 274
 15 1 4 6
 15 -5 0 322
 15 -1 0 32
 15 -1 1 243
 105 -3 1 124
 15 -2 0 348
 105 4 0 331
 105 0 3 277
 15 0 2 303
 15 -2 -1 305
 15 -1 -2 103
 105 4 -1 148
 105 -1 -4 133
 15 1 2 217
 15 -3 2 209
 15 3 -2 77
 55 2 -2 323
 55 2 3 179
 55 2 -1 240
 55 2 2 175
 55 1 -2 303
 55 3 -3 180
 5 2 -3 212
 55 0 -3 336
 55 3 0 160
 55 2 1 238
 55 3 2 171
 55 2 4 291
 55 -3 3 38
 55 2 0 349
 55 -1 -3 25
 55 -1 4 177
 5 -4 1 42
 55 -3 0 182
 55 -4 0 125
 55 -3 -2 167
 55 3 -1 186
 55 -2 -2 263
 55 3 1 63
 55 1 -1 348
 55 -3 -1 90
 55 1 -3 300
 5 0 -4 25
 55 -2 2 21
 "contig-ratio-green-core" 0.5789473684210527
 "contig-ratio-red-core" 0.9333333333333333
 "a-count" 4
 "b-count" 2
 "c-color-count" 26
 "c-express-count" 26
 "d-color-count" 25
 "d-express-count" 24
 "cell-count" 56
 15 0 -1 118
 15 0 0 285
 105 0 1 72
 105 -4 1 258
 15 -3 -3 315
 15 0 2 100
 15 1 -1 114
 15 3 -3 339
 15 2 -1 130
 15 0 -2 292
 15 1 2 265
 15 1 1 278
 15 -4 0 108
 15 -1 -1 97
 15 2 1 154
 15 2 0 141
 15 -1 -2 103
 15 4 0 2
 15 1 -2 189
 15 -1 0 151
 15 3 1 38
 15 3 -1 85
 15 -1 3 46
 15 -2 2 128
 15 -2 -1 131
 15 4 -1 109
 15 0 -3 54
 105 3 0 240
 55 1 -5 116
 55 2 3 79
 55 4 1 209
 55 -3 3 302
 55 1 -3 59
 5 -2 -2 16
 55 0 3 54
 55 -1 -4 271
 55 -1 1 136
 55 -4 -1 41
 55 3 2 185
 55 3 -2 171
 55 2 2 96
 55 -2 1 232
 55 2 -3 307
 55 -3 -2 49
 55 -3 0 8
 55 4 2 188
 55 1 -4 243
 55 -3 2 51
 55 -2 0 208
 55 0 -4 113
 55 3 3 202
 55 1 4 49
 5 1 3 13
 55 -3 -1 323
 55 -3 1 194
 55 0 4 252
 "contig-ratio-green-core" 0.6086956521739131
 "contig-ratio-red-core" 0.6666666666666666
