 "a-count" 4
 "b-count" 10
 "c-color-count" 18
 "c-express-count" 18
 "d-color-count" 24
 "d-express-count" 24
 "cell-count" 56
 15 -1 -1 11
 15 -1 1 101
 105 -2 -1 100
 15 -2 -3 177
 15 0 2 261
 15 -2 0 266
 15 -1 0 20
 15 -1 -2 303
 15 1 -2 116
 15 -1 3 108
 105 2 -1 341
 15 0 1 174
 15 3 3 326
 15 -2 1 119
 15 0 -1 60
 15 0 0 16
 15 -3 -1 12
 15 1 0 331
 15 1 -1 119
 15 0 3 250
 105 2 -3 102
 15 -2 2 118
 15 1 2 23
 15 1 1 66
 105 4 0 124
 15 0 -2 177
 15 4 1 333
 15 1 3 193
 5 -4 -1 291
 55 3 -2 241
 55 1 -3 343
 55 1 4 236
 5 2 1 299
 5 -3 -2 122
 55 3 1 186
 5 -3 3 5
 5 4 -1 282
 5 -3 2 270
 5 -3 0 100
 55 -2 3 174
 55 -3 1 70
 55 -1 -4 270
 55 2 2 223
 5 -1 4 343
 55 -1 -3 80
 55 1 -4 251
 55 3 2 242
 55 -4 1 59
 55 0 -5 330
 55 0 -3 324
 5 2 0 266
 55 3 -1 205
 55 -3 -3 70
 55 -5 -1 101
 5 0 4 51
 55 0 -4 103
 "contig-ratio-green-core" 0.6470588235294118
 "contig-ratio-red-core" 0.5
 "a-count" 9
 "b-count" 7
 "c-color-count" 22
 "c-express-count" 21
 "d-color-count" 20
 "d-express-count" 19
 "cell-count" 56
 15 -1 -1 72
 105 -3 -3 270
 15 -1 1 189
 15 -1 0 14
 15 2 3 183
 105 -3 -1 188
 105 1 -4 172
 15 -1 3 358
 105 0 1 11
 15 0 0 232
 15 2 -3 267
 15 3 0 228
 15 0 3 337
 15 -2 3 292
 105 1 -3 157
 105 3 -1 222
 105 -2 2 356
 15 1 3 296
 15 0 2 73
 15 1 2 2
 15 1 0 68
 105 -4 -1 296
 15 1 4 87
 15 -1 2 218
 15 -2 0 296
 15 -2 -1 107
 15 1 1 159
 15 0 -4 175
 55 -1 -2 343
 55 0 -3 223
 55 3 1 175
 55 3 2 130
 55 0 -2 323
 5 -1 4 1
 5 -2 1 75
 55 -3 2 220
 55 2 1 21
 55 2 2 245
 55 3 3 61
 55 1 -2 163
 55 2 -1 6
 55 -3 3 182
 55 -1 -3 77
 5 -4 0 346
 5 3 -2 132
 55 4 0 140
 55 -4 1 353
 55 1 -1 307
 5 -2 -3 220
 55 -2 -2 287
 5 4 -1 268
 55 2 0 262
 55 0 -1 34
 55 0 4 340
 55 -3 1 293
 55 2 -2 96
 "contig-ratio-green-core" 0.6842105263157895
 "contig-ratio-red-core" 0.875
 "a-count" 3
 "b-count" 5
 "c-color-count" 23
 "c-express-count" 23
 "d-color-count" 25
 "d-express-count" 25
 "cell-count" 56
 15 0 1 160
 15 3 2 15
 15 2 0 259
 15 1 2 338
 15 -1 1 174
 15 0 0 354
 15 1 -1 132
 15 2 1 241
 105 -3 0 8
 15 1 0 109
 15 -1 0 209
 15 -1 2 102
 15 -4 1 60
 15 -2 3 123
 15 1 -3 233
 105 3 -3 227
 15 0 -3 59
 105 -2 1 237
 15 0 2 108
 15 0 -2 175
 15 -1 -1 58
 15 -3 -1 183
 15 -3 1 308
 15 1 1 229
 15 -1 -4 43
 15 1 -2 9
 15 -1 3 130
 15 3 1 220
 5 3 -2 228
 5 3 3 12
 55 1 -4 95
 55 -2 -3 270
 55 1 3 314
 55 -1 -3 188
 55 2 -3 124
 55 -3 2 144
 5 2 3 177
 5 1 4 241
 55 2 -1 28
 55 -4 2 178
 55 -2 -4 330
 55 4 0 207
 5 -4 -1 236
 55 0 4 225
 55 -4 0 10
 55 3 0 285
 55 -3 -3 274
 55 -2 -2 142
 55 -2 -1 92
 55 0 -4 217
 55 0 3 121
 55 4 -1 228
 55 -2 2 85
 55 -1 -2 77
 55 -3 -2 39
 55 3 -1 157
 "contig-ratio-green-core" 0.8333333333333334
 "contig-ratio-red-core" 0.7894736842105263
 "a-count" 6
 "b-count" 2
 "c-color-count" 26
 "c-express-count" 26
 "d-color-count" 23
 "d-express-count" 22
 "cell-count" 56
 15 -1 3 187
 15 0 3 139
 15 -2 -2 28
 15 3 0 127
 15 1 2 42
 15 3 -2 54
 15 -3 -3 306
 15 -2 2 346
 15 -3 2 274
 15 2 2 146
 105 3 -3 107
 15 2 -3 98
 15 0 0 157
 105 -2 -1 280
 15 1 -3 340
 15 -2 1 207
 15 3 2 186
 15 4 1 63
 15 -2 3 327
 15 -4 1 264
 15 0 2 231
 15 -1 0 286
 15 0 -4 61
 105 -3 -1 131
 105 -1 1 55
 105 3 -1 283
 15 0 1 184
 15 2 -2 303
 55 -1 -1 173
 55 2 -1 237
 55 -4 0 322
 55 2 1 20
 55 -3 3 329
 55 -1 -4 328
 55 -1 4 303
 5 -4 -1 60
 55 -3 1 167
 55 1 4 248
 55 1 0 146
 55 0 -3 16
 55 -3 -2 330
 55 -1 -2 226
 55 1 3 247
 55 3 3 217
 5 -3 0 25
 55 0 4 353
 55 -1 -3 289
 55 1 1 202
 55 4 -1 151
 55 1 -1 299
 55 0 -1 134
 55 2 0 148
 55 -2 -3 176
 55 0 -2 176
 55 -4 2 111
 55 1 -2 244
 "contig-ratio-green-core" 0.9411764705882353
 "contig-ratio-red-core" 1.0625
