 "a-count" 8
 "b-count" 1
 "c-color-count" 27
 "c-express-count" 27
 "d-color-count" 24
 "d-express-count" 20
 "cell-count" 56
 15 3 0 305
 15 0 -1 249
 105 -1 4 159
 15 -3 0 25
 105 0 3 15
 15 4 -1 304
 15 -3 -1 177
 15 0 -4 179
 15 2 3 311
 15 3 -1 169
 15 2 -2 235
 15 -2 1 155
 105 -4 -1 292
 15 0 -2 38
 15 -4 0 14
 105 1 4 176
 15 1 3 75
 15 -2 2 297
 15 1 -2 14
 15 1 -1 239
 15 4 1 331
 15 1 -3 163
 15 -1 3 5
 15 -1 -3 321
 15 4 0 123
 15 3 -2 140
 15 -1 2 212
 15 0 -3 82
 55 -4 1 313
 55 1 0 318
 55 3 -3 54
 55 -2 -3 319
 55 -1 -2 201
 55 1 2 145
 55 2 2 6
 55 -2 -1 111
 55 -2 -2 277
 55 0 0 239
 55 1 1 179
 55 -3 1 276
 55 0 2 292
 55 3 3 164
 55 0 1 306
 55 -1 -4 143
 55 -2 3 132
 55 3 2 184
 55 3 1 202
 55 2 0 40
 55 -1 0 18
 55 -1 1 127
 55 -2 0 66
 55 -3 -2 270
 55 -3 -3 255
 55 2 1 205
 55 1 -4 272
 5 -3 3 187
 "contig-ratio-green-core" 0.7894736842105263
 "contig-ratio-red-core" 0.9523809523809523
 "a-count" 5
 "b-count" 7
 "c-color-count" 23
 "c-express-count" 21
 "d-color-count" 23
 "d-express-count" 23
 "cell-count" 56
 15 -1 0 281
 15 0 1 29
 15 0 -1 231
 15 2 -1 161
 15 1 0 309
 15 1 -1 21
 15 -1 1 157
 15 0 -3 279
 15 2 0 119
 105 1 -4 123
 15 0 -4 195
 15 -1 -2 23
 15 0 0 31
 15 -2 2 193
 105 -3 -2 193
 105 2 -2 351
 105 -2 3 188
 15 1 1 217
 15 -3 2 117
 15 -1 -1 11
 15 3 1 17
 15 -4 0 318
 15 3 0 345
 15 2 2 78
 105 3 -1 89
 15 2 1 175
 15 1 -2 330
 15 1 -3 284
 5 -1 4 183
 55 -3 1 75
 5 -3 -3 351
 55 1 3 344
 5 0 -2 61
 55 -1 2 283
 55 1 2 175
 55 1 4 152
 55 4 1 164
 55 -3 0 328
 5 -2 -1 117
 55 3 2 305
 55 3 -3 254
 55 -4 1 333
 55 0 4 164
 5 3 3 256
 55 -2 -3 283
 55 -1 -4 221
 55 -3 -1 23
 55 0 3 195
 55 2 3 17
 55 -2 -2 213
 55 2 -3 70
 55 0 2 43
 55 -2 0 294
 55 4 0 234
 55 -1 -3 195
 55 -2 1 308
 "contig-ratio-green-core" 0.7
 "contig-ratio-red-core" 0.875
 "a-count" 6
 "b-count" 6
 "c-color-count" 24
 "c-express-count" 22
 "d-color-count" 23
 "d-express-count" 22
 "cell-count" 56
 15 0 3 43
 105 -3 3 341
 15 1 0 49
 15 0 0 121
 15 0 -1 141
 15 -2 0 305
 105 -3 -2 268
 15 -2 -2 222
 15 -1 -4 294
 15 2 -1 194
 15 -1 2 12
 15 -3 1 256
 15 -4 -2 349
 15 -3 2 53
 15 2 0 98
 105 -3 -3 98
 105 1 3 337
 15 -2 1 265
 15 -2 -1 126
 15 1 -1 171
 105 1 4 151
 15 3 2 141
 15 2 1 272
 15 2 2 77
 15 -1 1 142
 15 -2 2 64
 15 -1 0 321
 15 -1 -1 82
 55 4 0 174
 55 2 3 15
 55 -4 1 250
 55 -4 0 136
 55 -1 -3 127
 55 0 -2 358
 5 3 3 277
 55 4 -1 210
 55 0 2 209
 55 1 -3 345
 55 -2 3 269
 55 -4 -1 167
 55 -3 0 350
 55 -3 -1 123
 5 0 4 236
 55 -2 -3 29
 55 0 -3 232
 5 3 0 355
 55 1 -2 345
 55 0 1 178
 5 3 -1 28
 55 1 2 115
 55 4 1 322
 55 -1 3 273
 55 1 1 335
 55 -1 -2 203
 55 1 -4 309
 55 2 -2 73
 "contig-ratio-green-core" 0.75
 "contig-ratio-red-core" 0.8421052631578947
 "a-count" 3
 "b-count" 3
 "c-color-count" 26
 "c-express-count" 25
 "d-color-count" 25
 "d-express-count" 25
 "cell-count" 56
 15 1 -1 95
 15 2 2 194
 15 -2 -2 338
 15 3 0 154
 105 2 -2 24
 105 0 -2 187
 15 3 3 187
 15 1 1 241
 15 1 -2 63
 15 -4 1 33
 15 4 -1 192
 15 -4 0 124
 15 -3 -2 92
 15 2 -1 276
 15 2 0 18
 15 -2 4 239
 15 0 1 84
 15 -1 4 350
 15 -1 -1 278
 15 -3 3 14
 15 0 -1 160
 15 0 0 90
 15 1 0 265
 15 -3 -3 181
 15 4 0 279
 15 -2 -3 81
 105 -4 -1 324
 15 -4 2 196
 55 3 1 293
 55 2 -3 273
 55 -3 -1 262
 55 -2 2 207
 55 3 -3 309
 55 -2 1 190
 55 -1 -4 154
 55 -1 1 198
 55 -2 0 57
 55 -3 0 248
 5 3 -2 194
 55 -1 3 292
 55 -2 3 329
 55 0 -3 195
 55 1 -4 310
 55 -3 1 192
 55 1 -3 89
 55 -1 2 45
 55 -3 2 331
 55 4 1 38
 55 3 2 236
 55 2 1 276
 55 -1 -3 234
 55 0 -4 200
 55 -1 0 229
 5 0 3 310
 55 -2 -1 331
 55 1 2 347
 "contig-ratio-green-core" 0.9047619047619048
 "contig-ratio-red-core" 0.75
