 "a-count" 2
 "b-count" 5
 "c-color-count" 24
 "c-express-count" 23
 "d-color-count" 26
 "d-express-count" 26
 "cell-count" 56
 15 3 -2 81
 15 2 3 218
 15 0 -3 86
 15 -1 1 328
 105 1 -4 119
 15 -4 -1 286
 15 1 0 30
 15 0 3 191
 15 -1 -3 102
 15 -1 0 47
 15 -1 3 110
 15 0 1 208
 15 4 1 0
 15 0 4 326
 15 1 4 254
 105 1 -1 294
 15 1 1 23
 15 -3 0 195
 15 0 2 45
 15 0 0 252
 15 -1 -2 210
 15 -1 2 295
 15 0 -1 217
 15 1 -3 182
 15 -2 -3 206
 15 1 3 262
 15 4 0 102
 15 1 -2 119
 55 -1 4 85
 55 -2 3 192
 55 3 3 249
 5 4 -1 202
 55 2 1 94
 55 4 2 221
 55 2 0 350
 55 -2 4 21
 55 -3 1 43
 55 -3 -3 103
 55 1 2 41
 5 -2 -1 265
 55 2 2 196
 55 -3 3 165
 55 0 -2 283
 5 -3 -2 349
 55 3 -1 188
 55 3 1 324
 55 2 -2 26
 55 -2 0 149
 55 -1 -4 295
 5 -4 0 309
 55 3 2 349
 55 3 -3 225
 55 -2 2 93
 55 -4 1 156
 55 -2 -2 168
 55 2 -3 85
 "contig-ratio-green-core" 0.7619047619047619
 "contig-ratio-red-core" 0.8888888888888888
 "a-count" 5
 "b-count" 7
 "c-color-count" 23
 "c-express-count" 21
 "d-color-count" 23
 "d-express-count" 23
 "cell-count" 56
 15 -1 1 235
 105 -1 -4 303
 15 2 2 77
 15 -2 0 351
 15 -3 0 304
 15 -2 -2 168
 15 0 0 159
 105 0 1 130
 105 -3 2 104
 105 -2 -1 75
 15 2 1 271
 15 -1 0 213
 15 0 -2 121
 15 1 2 278
 15 -4 -1 186
 15 2 -2 223
 15 2 -3 216
 15 -1 3 117
 15 0 2 126
 15 -3 -1 0
 15 -1 -2 127
 15 1 1 63
 15 3 2 261
 105 3 0 302
 15 4 -1 173
 15 -1 2 56
 15 0 -1 245
 15 1 0 185
 55 -3 1 200
 55 -1 4 232
 55 -3 3 335
 5 0 4 252
 55 0 -3 235
 55 3 1 74
 55 2 3 341
 5 0 3 9
 55 0 -4 280
 55 -1 -3 193
 55 4 0 177
 55 1 -2 352
 55 1 3 200
 5 4 1 213
 55 3 3 305
 55 1 -3 11
 55 -2 1 56
 5 2 0 96
 55 -3 -2 19
 5 -2 2 79
 55 3 -2 112
 55 -4 0 8
 55 3 -1 168
 55 -2 -3 22
 55 1 4 170
 55 2 -1 118
 55 -2 3 343
 55 -4 1 110
 "contig-ratio-green-core" 0.6842105263157895
 "contig-ratio-red-core" 0.8888888888888888
 "a-count" 7
 "b-count" 3
 "c-color-count" 25
 "c-express-count" 25
 "d-color-count" 21
 "d-express-count" 21
 "cell-count" 56
 15 -2 -2 3
 15 2 2 307
 15 1 2 129
 105 -3 -2 39
 15 3 2 164
 15 -1 -2 13
 15 -1 2 136
 15 2 1 304
 15 0 -1 304
 15 -1 0 194
 15 3 -2 7
 15 0 -2 12
 105 -3 -1 304
 105 -3 3 145
 105 3 -3 166
 105 -3 -3 184
 105 3 3 227
 15 1 0 207
 15 1 1 290
 15 -2 4 3
 15 0 1 221
 105 4 1 289
 15 -2 -3 44
 15 0 2 168
 15 -4 1 152
 15 -1 1 182
 15 -4 0 150
 15 0 0 275
 55 -2 -1 131
 55 0 -3 319
 55 1 -2 171
 55 -3 2 51
 55 4 0 306
 55 1 3 330
 55 4 -1 288
 55 0 -4 139
 55 -4 2 346
 55 -4 -1 12
 55 2 0 257
 55 3 0 255
 55 2 -1 258
 55 3 1 105
 55 2 -2 39
 5 2 -3 136
 55 -2 0 218
 55 -2 3 111
 55 -1 -3 201
 55 1 -1 30
 55 0 3 90
 55 3 -1 341
 55 -3 1 265
 55 -2 2 9
 5 1 -4 54
 55 -3 0 115
 55 -1 3 359
 5 0 4 33
 "contig-ratio-green-core" 0.8
 "contig-ratio-red-core" 1.2
 "a-count" 10
 "b-count" 5
 "c-color-count" 23
 "c-express-count" 23
 "d-color-count" 18
 "d-express-count" 18
 "cell-count" 56
 15 -2 0 159
 105 2 -3 86
 105 -2 -3 93
 105 -1 -4 126
 15 0 2 26
 105 -2 -2 178
 15 1 2 201
 105 -1 0 298
 105 -3 -1 136
 15 -4 0 316
 15 0 1 144
 15 1 1 222
 15 0 -2 79
 105 -2 3 221
 15 -3 0 228
 15 -2 -1 295
 105 -4 -1 266
 15 -1 -1 295
 105 3 -3 296
 15 4 0 29
 15 0 -1 271
 15 -1 2 337
 105 -3 -2 192
 15 4 1 157
 15 2 3 113
 15 -1 1 230
 15 -1 4 295
 15 -1 3 5
 55 0 -3 255
 55 -3 1 0
 5 1 -3 214
 55 3 1 71
 55 1 -4 240
 55 4 -1 125
 55 -2 1 43
 55 -3 2 296
 5 -1 -2 277
 55 0 3 200
 5 3 3 91
 55 2 0 63
 55 3 2 125
 55 0 4 82
 5 1 4 143
 55 1 -2 57
 55 1 -1 184
 55 2 2 222
 55 -2 2 4
 55 2 1 253
 55 3 0 139
 55 1 3 280
 55 -3 3 261
 55 4 2 164
 55 1 0 109
 55 0 -4 120
 5 2 -1 2
 55 -4 1 357
 "contig-ratio-green-core" 0.7894736842105263
 "contig-ratio-red-core" 1.0625
