 "a-count" 7
 "b-count" 4
 "c-color-count" 24
 "c-express-count" 24
 "d-color-count" 23
 "d-express-count" 21
 "cell-count" 56
 15 2 3 47
 15 -3 1 279
 15 -2 1 303
 15 -2 -2 39
 15 2 -2 242
 15 -1 -1 349
 105 -4 1 130
 15 2 2 195
 15 1 3 224
 105 1 -4 168
 15 1 2 183
 15 0 3 256
 15 1 -3 342
 15 0 -3 130
 15 -2 0 167
 15 -2 -1 122
 105 -1 4 4
 15 0 4 285
 105 3 2 289
 15 -1 2 74
 15 -3 -1 102
 15 0 -2 66
 15 -1 3 86
 15 3 1 18
 15 2 1 83
 105 -3 0 171
 15 4 0 200
 15 0 2 336
 55 3 -1 28
 5 -2 3 120
 55 1 -1 205
 55 -1 0 285
 55 1 0 247
 55 3 0 88
 55 -3 3 191
 55 -1 1 275
 55 2 4 355
 5 -1 -2 335
 55 1 -2 351
 5 3 -3 252
 55 4 -1 307
 55 -4 -1 349
 55 -2 -3 64
 55 -3 2 329
 55 0 -1 142
 55 0 0 63
 55 2 0 220
 55 -1 -4 51
 55 0 1 28
 55 2 -1 241
 5 -1 -3 201
 55 1 4 286
 55 1 1 50
 55 3 -2 80
 55 0 -4 16
 55 -2 2 93
 "contig-ratio-green-core" 1
 "contig-ratio-red-core" 0.8333333333333334
 "a-count" 5
 "b-count" 2
 "c-color-count" 26
 "c-express-count" 26
 "d-color-count" 23
 "d-express-count" 23
 "cell-count" 56
 15 2 0 28
 15 -2 -2 232
 15 1 -1 264
 15 0 -1 308
 15 2 2 226
 105 -1 -2 149
 15 2 -2 133
 15 -2 3 102
 105 -2 -3 32
 15 0 -2 126
 15 -1 -1 202
 105 -1 -3 72
 15 -3 1 334
 105 1 -3 88
 15 -3 0 205
 15 -3 -1 168
 15 1 1 91
 15 3 0 68
 15 1 0 34
 15 1 4 162
 15 2 1 141
 15 3 1 304
 15 -2 -1 31
 15 4 1 297
 15 -2 0 225
 105 0 -4 250
 15 4 -1 266
 15 3 2 297
 55 3 -1 75
 55 -4 -1 9
 55 3 -3 113
 55 -1 4 25
 55 0 1 250
 55 -1 -4 74
 55 -4 -2 56
 55 1 -2 298
 55 2 3 5
 55 0 3 36
 5 3 3 79
 55 -3 -2 272
 55 0 0 245
 55 4 0 333
 55 1 -4 346
 55 0 2 345
 55 1 3 85
 55 -3 2 149
 5 -4 1 326
 55 -4 0 41
 55 -1 2 267
 55 -1 1 5
 55 -2 1 179
 55 2 -3 8
 55 -1 0 195
 55 -1 3 98
 55 1 2 112
 55 -2 2 225
 "contig-ratio-green-core" 0.8
 "contig-ratio-red-core" 0.8125
 "a-count" 6
 "b-count" 4
 "c-color-count" 25
 "c-express-count" 24
 "d-color-count" 23
 "d-express-count" 22
 "cell-count" 56
 15 1 0 183
 15 1 1 209
 15 1 -2 169
 15 4 -1 65
 105 -3 -3 175
 15 3 1 340
 15 0 0 105
 15 -1 3 53
 15 -2 0 244
 15 1 2 281
 15 1 -1 71
 15 1 -3 107
 15 -1 -1 181
 105 0 -1 218
 15 -1 0 6
 15 -3 -1 48
 15 -3 -2 148
 15 0 -3 49
 15 3 2 121
 105 0 4 111
 15 -2 -2 261
 15 2 0 263
 105 0 3 57
 15 2 -1 212
 15 2 1 123
 105 -3 0 250
 15 -2 -1 133
 15 2 2 319
 55 -2 -4 197
 55 -2 3 291
 5 3 -3 33
 55 -1 1 173
 55 -4 1 200
 55 -1 -4 0
 55 -2 -3 163
 55 2 -2 342
 5 -4 0 157
 55 3 -1 117
 55 -3 3 219
 55 -1 -3 117
 55 -3 2 93
 55 3 -2 229
 55 0 2 336
 5 4 0 111
 55 -2 2 10
 55 2 -3 354
 55 1 4 102
 55 -4 -1 283
 55 1 3 299
 55 -1 2 297
 55 -1 4 181
 55 3 0 267
 55 2 3 224
 55 3 3 48
 55 0 1 166
 55 1 -4 1
 "contig-ratio-green-core" 0.6666666666666666
 "contig-ratio-red-core" 1
 "a-count" 5
 "b-count" 4
 "c-color-count" 24
 "c-express-count" 24
 "d-color-count" 23
 "d-express-count" 23
 "cell-count" 56
 15 -2 1 279
 105 1 -3 86
 15 -4 -1 320
 105 3 2 75
 105 3 -1 161
 15 3 3 185
 15 -1 -1 218
 105 3 0 234
 15 -1 1 240
 15 2 4 201
 15 -3 0 359
 15 -2 -2 55
 15 2 0 331
 15 -1 2 308
 15 -2 2 134
 15 0 1 156
 15 -2 3 243
 15 1 1 189
 15 2 1 126
 15 -2 0 347
 15 1 2 7
 15 3 1 282
 15 1 0 142
 15 -3 -1 120
 15 0 0 224
 15 -2 -1 80
 105 0 2 189
 15 -1 0 216
 55 1 4 101
 55 4 1 81
 55 -3 1 215
 55 2 2 308
 55 0 -2 153
 5 -4 0 53
 55 0 -1 141
 55 0 3 16
 5 -3 3 133
 55 -1 3 47
 55 -3 2 207
 5 -4 1 239
 55 -1 4 219
 5 2 -3 171
 55 0 4 95
 55 -2 4 265
 55 2 3 257
 55 0 -3 212
 55 4 0 183
 55 2 -2 317
 55 -3 -2 201
 55 1 -1 83
 55 2 -1 140
 55 -1 -4 229
 55 0 -4 329
 55 -2 -3 306
 55 1 -2 231
 55 1 3 114
 "contig-ratio-green-core" 0.65
 "contig-ratio-red-core" 0.8125
