 "a-count" 15
 "b-count" 4
 "c-color-count" 24
 "c-express-count" 24
 "d-color-count" 14
 "d-express-count" 13
 "cell-count" 56
 15 -1 3 243
 105 1 -3 246
 15 -1 -2 27
 105 1 -2 304
 15 -4 2 307
 105 -3 -2 154
 105 -4 -1 237
 105 3 -1 43
 105 3 -2 168
 15 3 2 50
 105 4 0 260
 105 2 -2 93
 15 -4 0 134
 15 -4 1 13
 15 3 1 290
 15 -3 -1 24
 15 0 4 108
 105 -1 -4 80
 105 -2 3 90
 105 -1 -3 294
 105 1 -4 65
 105 0 -3 7
 15 -3 -3 220
 15 3 0 137
 15 0 -2 181
 105 4 -1 128
 15 4 1 43
 15 2 2 46
 55 -2 -3 48
 55 2 1 77
 55 1 -1 1
 55 -2 2 43
 55 2 -1 105
 55 -2 1 31
 5 -1 0 282
 55 -2 -2 58
 55 -2 0 53
 55 -1 -1 70
 55 1 2 276
 55 -1 1 6
 55 2 0 341
 55 -2 -1 1
 55 -1 2 315
 55 0 -1 53
 55 -3 1 111
 55 0 0 133
 55 0 1 265
 55 -3 0 323
 55 1 1 30
 55 1 3 240
 5 3 3 104
 55 -1 4 240
 5 1 4 358
 5 0 2 251
 55 1 0 241
 55 0 3 267
 "contig-ratio-green-core" 0.7333333333333333
 "contig-ratio-red-core" 1.0909090909090908
 "a-count" 7
 "b-count" 3
 "c-color-count" 25
 "c-express-count" 25
 "d-color-count" 21
 "d-express-count" 21
 "cell-count" 56
 105 3 -3 211
 15 -4 0 301
 15 1 4 168
 15 -2 2 253
 105 -3 1 324
 15 -3 0 310
 15 -3 -1 25
 15 -2 1 304
 105 2 -3 68
 15 -2 -3 185
 15 0 -4 83
 15 3 -1 230
 15 2 -1 0
 15 -3 2 216
 15 4 0 144
 15 -2 -2 309
 15 -1 2 27
 15 -1 3 51
 15 1 -2 213
 105 1 -4 358
 105 3 -2 219
 105 1 -3 28
 15 4 2 312
 15 2 -2 269
 15 4 1 145
 15 0 2 213
 105 -4 -1 29
 15 0 4 276
 55 -1 -1 337
 5 -3 3 200
 55 1 3 179
 55 1 -1 239
 55 -2 0 349
 55 1 1 89
 55 -1 -3 16
 55 0 0 326
 5 -1 -4 224
 55 2 2 18
 55 1 2 47
 55 -2 -1 323
 5 -3 -2 271
 55 0 -1 285
 55 2 3 353
 55 0 -2 246
 55 -1 4 79
 55 3 0 0
 55 0 -3 295
 55 -4 1 86
 55 0 1 11
 55 -1 0 294
 55 2 0 72
 55 -3 -3 17
 55 3 2 317
 55 2 1 172
 55 -1 -2 323
 55 3 3 221
 "contig-ratio-green-core" 0.65
 "contig-ratio-red-core" 0.8421052631578947
 "a-count" 9
 "b-count" 5
 "c-color-count" 24
 "c-express-count" 23
 "d-color-count" 20
 "d-express-count" 19
 "cell-count" 56
 15 -3 -2 281
 15 1 2 188
 15 3 1 78
 105 3 -2 96
 15 -1 1 5
 105 -1 0 214
 15 -1 -1 46
 105 3 2 174
 15 -2 0 324
 15 0 -1 66
 15 0 2 149
 105 4 0 199
 15 2 2 261
 105 4 -1 257
 15 2 -2 238
 15 -3 3 21
 15 -1 -4 273
 15 3 0 354
 15 0 0 286
 105 0 -4 89
 15 -2 1 61
 15 -1 4 296
 15 3 -1 202
 15 0 1 350
 105 4 1 14
 15 -2 -1 177
 15 0 4 42
 105 1 -4 114
 55 0 -2 105
 55 1 3 249
 55 2 4 315
 5 -2 2 252
 55 -1 -3 170
 55 1 -1 301
 5 1 -3 124
 55 1 4 196
 55 1 -2 171
 55 -2 3 264
 5 -1 2 93
 55 2 -1 141
 55 -4 1 68
 55 -3 1 8
 55 2 3 271
 55 -4 0 203
 55 -2 -3 336
 5 -3 -3 214
 55 2 1 209
 55 -2 -2 215
 55 -3 0 94
 55 -1 3 18
 55 -3 -1 236
 55 1 0 264
 55 -1 -2 215
 55 0 -3 127
 55 -3 2 247
 55 0 3 158
 "contig-ratio-green-core" 0.6818181818181818
 "contig-ratio-red-core" 0.9375
 "a-count" 5
 "b-count" 2
 "c-color-count" 27
 "c-express-count" 26
 "d-color-count" 24
 "d-express-count" 23
 "cell-count" 56
 15 1 0 150
 15 -3 1 299
 15 -2 0 152
 15 2 -1 264
 15 3 0 55
 105 0 -1 32
 15 3 -2 256
 15 -2 -4 205
 15 -1 1 58
 15 -1 -1 172
 15 0 1 250
 15 2 0 328
 15 -3 0 92
 15 2 -2 146
 15 1 4 83
 105 -1 0 335
 15 2 3 33
 105 -3 3 180
 15 3 -1 243
 15 1 -2 52
 105 0 0 6
 15 -4 1 254
 15 -3 2 44
 15 -2 -3 98
 15 -1 -3 261
 15 0 -3 65
 15 -2 1 171
 15 -1 -2 261
 55 -2 2 2
 55 -4 -1 305
 55 -3 -1 344
 55 -1 2 10
 55 -2 -1 229
 55 0 -4 216
 55 3 2 243
 55 1 1 170
 55 2 1 111
 55 1 2 132
 55 -3 -3 224
 55 0 3 126
 55 -1 -4 264
 55 0 4 45
 55 1 -4 316
 55 2 2 250
 55 -3 -2 182
 55 4 0 32
 55 1 3 85
 55 0 2 128
 55 -4 0 323
 55 -1 3 205
 55 1 -3 99
 55 3 1 15
 55 3 3 91
 55 -2 -2 224
 5 -1 4 171
 55 2 -3 71
 "contig-ratio-green-core" 0.8695652173913043
 "contig-ratio-red-core" 0.8888888888888888
