 "a-count" 3
 "b-count" 3
 "c-color-count" 25
 "c-express-count" 25
 "d-color-count" 25
 "d-express-count" 25
 "cell-count" 56
 15 -2 2 317
 15 0 0 220
 15 1 -3 9
 15 2 -2 148
 15 1 -1 344
 15 0 3 274
 15 1 2 353
 15 -1 -3 208
 15 1 3 190
 105 3 -2 345
 15 1 0 58
 15 2 1 254
 15 2 2 1
 15 -1 1 353
 105 -3 3 245
 15 2 0 98
 15 -4 0 163
 15 0 -3 116
 15 2 -1 94
 15 -3 2 352
 15 2 -3 335
 15 0 2 244
 105 0 1 74
 15 -1 3 93
 15 0 -1 323
 15 0 -2 224
 15 -4 -1 272
 15 -1 2 260
 55 3 0 236
 55 3 1 291
 55 -3 1 103
 55 -1 0 359
 55 -2 4 181
 55 4 0 15
 55 -4 -2 163
 55 -3 -1 335
 55 -1 4 110
 55 1 4 109
 55 -3 0 28
 55 4 1 182
 55 1 -4 124
 55 -1 -1 239
 55 0 4 122
 55 -2 1 345
 55 -2 -2 38
 55 -2 -1 266
 55 4 2 111
 5 3 2 184
 55 -1 -2 221
 55 3 -1 326
 55 -3 -2 111
 55 -4 1 51
 55 -2 0 171
 5 -1 -4 238
 55 4 -1 124
 5 -3 -3 316
 "contig-ratio-green-core" 0.6842105263157895
 "contig-ratio-red-core" 0.7368421052631579
 "a-count" 5
 "b-count" 4
 "c-color-count" 25
 "c-express-count" 24
 "d-color-count" 26
 "d-express-count" 23
 "cell-count" 56
 15 0 1 247
 15 4 1 224
 15 -1 4 117
 15 -1 2 57
 15 3 1 355
 105 3 3 170
 15 0 2 45
 15 2 0 58
 15 1 2 271
 15 2 1 103
 15 -1 -2 119
 105 -2 -3 149
 15 -3 -1 109
 15 -2 -2 284
 15 1 1 58
 15 -2 -1 202
 15 -1 -4 289
 15 -2 2 39
 15 -3 0 346
 15 -1 0 214
 15 4 -1 161
 15 -1 -1 289
 15 2 -1 355
 15 3 2 161
 15 -1 1 24
 15 2 2 68
 15 -2 1 252
 15 -2 0 260
 55 0 4 71
 55 2 3 241
 55 2 -2 156
 55 1 -1 213
 55 -3 2 115
 55 1 3 309
 55 -1 3 37
 55 1 -4 132
 5 0 -4 219
 55 1 -3 209
 55 2 -3 346
 55 -1 -3 292
 55 3 -1 13
 55 0 -1 21
 55 -2 3 161
 5 -3 3 284
 55 3 -3 228
 55 -3 1 281
 55 -4 0 238
 55 -4 -1 33
 55 0 3 288
 55 0 0 282
 55 1 0 29
 55 -4 1 32
 5 -3 -2 228
 55 0 -3 134
 55 1 -2 79
 55 -3 -3 169
 "contig-ratio-green-core" 0.7777777777777778
 "contig-ratio-red-core" 0.8888888888888888
 "a-count" 9
 "b-count" 6
 "c-color-count" 22
 "c-express-count" 22
 "d-color-count" 19
 "d-express-count" 19
 "cell-count" 56
 15 0 -1 12
 15 2 1 91
 15 -1 1 322
 15 1 -1 29
 105 -2 -2 111
 15 -1 -2 201
 15 1 0 209
 15 0 0 321
 15 -2 0 224
 105 -2 3 80
 105 -1 -4 250
 15 -1 0 308
 15 1 1 296
 105 2 -3 280
 15 0 4 85
 105 4 0 50
 105 -1 3 199
 15 0 -2 126
 15 -2 -1 329
 15 -2 1 284
 105 1 -4 263
 15 4 2 226
 15 0 1 268
 15 -2 2 356
 105 -3 -1 193
 15 -1 -1 218
 105 2 0 216
 15 -1 2 110
 55 2 -1 77
 55 3 1 260
 55 0 -3 88
 55 2 4 120
 55 3 0 238
 5 -1 -3 298
 55 0 3 303
 5 2 -2 324
 55 -4 -1 225
 55 -4 1 63
 5 2 3 182
 55 -3 1 115
 55 1 4 62
 55 -3 0 331
 55 -2 -3 127
 5 -3 -3 10
 5 2 2 311
 55 4 -1 344
 55 0 -4 60
 55 1 3 300
 55 0 2 264
 55 -3 2 230
 5 3 -2 206
 55 3 -1 33
 55 1 2 338
 55 -4 0 195
 55 3 2 85
 55 3 3 146
 "contig-ratio-green-core" 0.5882352941176471
 "contig-ratio-red-core" 0.8
 "a-count" 6
 "b-count" 3
 "c-color-count" 25
 "c-express-count" 25
 "d-color-count" 22
 "d-express-count" 22
 "cell-count" 56
 15 -2 0 69
 105 1 3 241
 15 2 2 301
 15 1 -1 93
 15 -3 -1 74
 105 3 0 234
 15 -1 -1 59
 15 0 3 86
 15 -1 -2 64
 15 -1 0 170
 15 -1 1 51
 15 2 -1 235
 15 2 1 304
 15 0 -1 308
 15 0 1 113
 15 2 0 92
 105 -2 -2 46
 15 1 2 54
 105 -1 4 276
 15 -1 2 86
 15 1 1 206
 105 -2 -1 159
 15 1 0 270
 15 -3 -3 189
 105 1 4 227
 15 0 0 16
 15 2 3 186
 15 0 2 86
 55 3 2 263
 55 -3 1 232
 55 4 0 211
 55 -1 3 98
 55 0 -3 186
 55 -1 -4 41
 55 -2 1 68
 55 0 -4 21
 55 1 -2 80
 55 3 3 294
 55 3 1 281
 55 2 -3 171
 5 3 -3 159
 55 -4 -1 56
 55 -4 0 280
 55 -2 -3 225
 55 0 -2 62
 55 0 4 205
 55 4 1 75
 55 -3 0 258
 55 -1 -3 87
 5 2 -2 292
 5 -2 2 296
 55 4 -1 30
 55 1 -3 50
 55 -2 3 259
 55 -4 1 292
 55 -3 3 262
 "contig-ratio-green-core" 0.5238095238095238
 "contig-ratio-red-core" 0.9166666666666666
