 "a-count" 7
 "b-count" 6
 "c-color-count" 22
 "c-express-count" 22
 "d-color-count" 23
 "d-express-count" 21
 "cell-count" 56
 15 -3 -2 23
 15 3 0 204
 15 -3 -1 142
 15 3 -2 137
 15 -2 0 119
 15 -2 1 199
 15 1 3 212
 15 3 -1 273
 15 1 2 223
 15 2 1 283
 15 0 -3 112
 15 1 -2 167
 15 -3 0 30
 15 2 -1 7
 15 1 -1 289
 105 1 -3 169
 15 -1 -3 197
 105 3 -3 356
 105 -1 4 80
 15 -2 -2 143
 15 3 1 92
 15 -1 -1 109
 15 -3 1 272
 15 2 0 266
 105 0 -2 190
 15 0 4 125
 105 -3 2 39
 15 0 -1 113
 55 -1 2 34
 55 0 0 93
 55 -2 -4 168
 5 -2 -1 94
 55 2 2 281
 5 -3 -3 104
 55 0 2 313
 55 1 0 303
 55 -2 -3 238
 55 -2 3 270
 55 0 3 325
 55 0 1 111
 5 3 2 119
 5 3 3 359
 55 -1 1 213
 55 4 -1 113
 55 -1 3 354
 55 -4 0 204
 5 0 -4 348
 55 4 0 240
 55 2 -2 239
 55 -1 -4 143
 55 4 1 202
 55 -1 0 210
 55 1 1 47
 5 2 3 297
 55 1 4 19
 55 -2 2 226
 "contig-ratio-green-core" 0.9333333333333333
 "contig-ratio-red-core" 0.8095238095238095
 "a-count" 4
 "b-count" 3
 "c-color-count" 25
 "c-express-count" 25
 "d-color-count" 25
 "d-express-count" 24
 "cell-count" 56
 15 3 0 75
 15 4 2 252
 15 3 1 156
 15 3 -1 276
 15 1 -2 127
 15 -3 0 57
 15 -2 1 243
 15 1 4 121
 15 -2 0 166
 15 1 1 238
 15 2 0 128
 15 3 2 58
 105 3 3 292
 15 2 -1 302
 15 1 -1 161
 15 2 2 351
 15 -4 0 160
 15 0 4 239
 15 -2 -1 84
 105 -2 -2 216
 105 -1 3 351
 15 1 0 57
 15 0 -1 157
 15 -1 -3 107
 15 2 1 180
 15 0 -2 31
 15 2 -2 131
 15 -1 -1 212
 55 1 -4 48
 5 -3 -3 68
 55 1 3 23
 55 1 3 5
 55 -2 2 172
 5 4 0 33
 55 0 1 190
 55 4 1 154
 55 0 0 33
 55 3 -3 336
 55 1 -3 151
 55 0 2 171
 55 0 -4 143
 55 -1 0 176
 55 0 3 72
 55 -3 -1 56
 55 -1 2 58
 55 1 2 196
 55 2 3 57
 55 4 -1 334
 55 2 -4 229
 55 -1 1 20
 55 3 -2 54
 55 -3 2 138
 55 4 -2 275
 55 2 -3 215
 55 2 4 40
 5 -1 4 279
 "contig-ratio-green-core" 0.6666666666666666
 "contig-ratio-red-core" 1
 "a-count" 6
 "b-count" 5
 "c-color-count" 23
 "c-express-count" 23
 "d-color-count" 25
 "d-express-count" 22
 "cell-count" 56
 15 -3 1 127
 15 -1 -4 22
 15 1 1 164
 15 -1 2 152
 15 3 2 257
 15 1 4 50
 15 0 0 25
 15 3 -3 314
 15 -2 2 343
 15 4 -1 301
 15 -1 0 73
 15 1 0 356
 15 -1 -1 133
 105 -2 -2 19
 15 -1 1 78
 105 -3 0 221
 15 2 2 321
 15 2 -3 201
 15 0 -2 80
 15 -2 -1 280
 15 -3 -1 154
 15 0 -1 355
 15 -3 2 301
 15 4 0 258
 105 -1 -3 320
 15 0 1 74
 15 -2 0 127
 15 -2 1 111
 55 0 -4 156
 55 4 1 58
 55 3 0 276
 55 1 -3 227
 5 1 2 341
 5 -3 -2 44
 55 1 -1 227
 55 2 1 321
 55 3 1 71
 55 0 3 59
 5 1 3 352
 55 -2 3 92
 55 3 -1 25
 55 -4 1 234
 55 -4 0 261
 55 0 4 208
 55 3 -2 226
 55 2 -1 321
 55 -4 -1 257
 55 1 -4 61
 55 2 -2 196
 55 -1 3 359
 5 -2 -3 117
 55 0 -3 240
 55 2 0 23
 55 1 -2 296
 5 3 3 328
 55 -1 4 104
 "contig-ratio-green-core" 0.7619047619047619
 "contig-ratio-red-core" 0.9444444444444444
