 "a-count" 3
 "b-count" 6
 "c-color-count" 22
 "c-express-count" 22
 "d-color-count" 26
 "d-express-count" 25
 "cell-count" 56
 15 0 2 161
 15 -2 1 183
 15 2 -1 32
 15 -2 2 279
 15 3 -1 55
 15 0 -1 328
 15 1 2 82
 15 1 0 119
 15 -2 -2 30
 15 -1 0 0
 15 1 1 38
 15 -1 1 147
 15 1 -1 349
 15 -1 2 155
 15 0 -2 230
 105 4 -1 346
 15 2 1 174
 15 -3 -3 191
 15 0 1 188
 15 -1 -2 70
 15 2 0 173
 15 0 0 12
 15 3 1 244
 15 -2 0 354
 105 3 2 337
 15 1 -5 150
 15 -1 -1 147
 15 -2 -1 292
 55 -2 3 87
 5 2 2 51
 55 -1 -3 312
 55 0 4 267
 55 1 -2 343
 55 4 0 33
 55 -1 3 224
 55 3 -2 99
 55 -2 -3 290
 55 1 3 80
 55 1 -3 260
 5 -4 -1 256
 55 2 -2 144
 55 -3 0 263
 55 0 3 158
 5 -4 1 176
 55 0 -3 324
 5 -3 1 91
 55 -3 -2 259
 5 3 0 172
 55 1 -4 272
 55 2 3 32
 55 1 4 171
 55 -4 0 75
 55 -3 -1 266
 5 -1 -4 346
 55 -4 -3 315
 55 4 1 359
 "contig-ratio-green-core" 0.7222222222222222
 "contig-ratio-red-core" 0.8666666666666667
 "a-count" 6
 "b-count" 1
 "c-color-count" 28
 "c-express-count" 27
 "d-color-count" 23
 "d-express-count" 22
 "cell-count" 56
 15 -2 3 152
 105 -3 3 70
 105 -1 -4 290
 15 -1 3 331
 15 0 -3 330
 15 -3 -2 193
 15 1 2 311
 105 0 -4 192
 15 -3 2 345
 15 -2 2 234
 15 2 -3 123
 15 2 2 0
 15 4 1 269
 105 1 -4 95
 15 1 -3 256
 15 -1 2 349
 15 3 -2 69
 15 -2 -2 318
 15 2 3 269
 15 0 2 21
 15 1 3 6
 15 -4 1 21
 15 4 0 120
 15 1 -2 88
 105 -4 2 52
 15 0 3 268
 15 2 -2 340
 15 4 -1 250
 55 0 4 225
 55 1 -1 223
 55 -1 0 27
 55 -1 4 159
 55 0 -2 335
 55 1 0 298
 55 -2 1 192
 55 3 -3 155
 55 1 4 161
 55 -4 0 87
 55 0 -1 172
 55 3 2 36
 55 -1 -2 78
 55 0 0 287
 55 -1 1 278
 55 -1 -1 182
 55 -3 0 125
 55 1 1 317
 55 2 0 215
 55 -3 -1 283
 55 -3 1 69
 55 -2 -1 147
 55 3 0 324
 55 3 -1 270
 55 2 -1 308
 55 2 1 269
 55 -3 -3 309
 55 -2 0 89
 "contig-ratio-green-core" 0.9411764705882353
 "contig-ratio-red-core" 0.9047619047619048
 "a-count" 6
 "b-count" 3
 "c-color-count" 26
 "c-express-count" 25
 "d-color-count" 24
 "d-express-count" 22
 "cell-count" 56
 15 2 3 42
 15 -1 -2 254
 15 -1 -1 114
 15 -1 0 75
 15 1 2 206
 15 -2 1 357
 15 1 1 293
 15 -3 2 226
 105 1 -1 31
 15 -2 2 37
 15 3 2 176
 15 -4 -1 66
 15 2 0 24
 15 1 0 164
 15 2 -3 119
 105 0 1 323
 15 0 0 83
 15 2 1 82
 15 -2 -3 297
 15 1 -4 220
 105 1 3 341
 15 2 -1 145
 105 0 -1 15
 15 2 2 67
 15 -1 2 343
 15 0 2 164
 15 0 -3 223
 15 1 -3 164
 55 3 1 90
 55 -3 1 52
 55 -3 -1 40
 55 2 4 107
 55 -3 0 105
 55 3 -1 151
 55 -1 4 308
 55 -2 3 70
 5 1 4 140
 55 -1 -3 216
 55 3 -2 1
 55 -1 3 143
 55 -1 -4 157
 55 3 0 57
 55 4 0 163
 55 -5 0 134
 55 -2 -2 152
 55 -2 -1 68
 55 -4 1 226
 55 0 4 134
 55 0 -4 19
 55 -2 0 65
 5 -3 3 85
 55 -4 0 328
 55 -3 -2 127
 55 4 1 90
 55 0 3 7
 55 -4 2 277
 "contig-ratio-green-core" 0.6521739130434783
 "contig-ratio-red-core" 0.8125
