 "a-count" 8
 "b-count" 4
 "c-color-count" 24
 "c-express-count" 24
 "d-color-count" 21
 "d-express-count" 20
 "cell-count" 56
 15 -1 -3 305
 15 0 4 330
 105 -4 1 180
 15 4 1 216
 105 1 3 101
 105 2 3 13
 15 0 -2 107
 105 2 -2 240
 105 3 -3 167
 15 -1 -2 267
 15 0 -3 76
 15 0 2 192
 15 -2 3 14
 15 3 -2 163
 15 -2 -3 122
 15 1 -4 59
 15 3 1 66
 15 3 0 104
 105 3 -1 336
 15 0 -4 350
 15 -4 -1 229
 15 0 3 195
 105 -1 4 241
 15 -1 3 223
 15 1 -2 101
 15 2 2 103
 15 1 2 255
 15 -1 2 224
 55 -3 0 8
 5 -4 0 306
 55 -1 -4 55
 55 -3 -1 31
 55 -1 1 314
 55 -3 3 329
 55 2 -1 341
 55 1 0 52
 55 2 1 8
 55 2 0 33
 55 1 4 356
 55 -3 1 277
 55 0 0 355
 55 -2 0 11
 55 -2 2 41
 55 0 -1 161
 55 3 2 104
 5 -3 -3 288
 55 3 3 175
 55 -1 -1 46
 55 -2 1 238
 5 2 -3 240
 55 -3 -2 36
 5 -1 0 334
 55 0 1 177
 55 -3 2 240
 55 1 -1 322
 55 1 1 81
 "contig-ratio-green-core" 0.625
 "contig-ratio-red-core" 0.6875
 "a-count" 4
 "b-count" 7
 "c-color-count" 21
 "c-express-count" 21
 "d-color-count" 27
 "d-express-count" 24
 "cell-count" 56
 15 3 1 105
 15 -1 3 67
 15 -2 2 295
 15 3 2 15
 15 -1 -1 43
 15 1 1 280
 15 2 0 212
 15 -2 1 110
 15 2 -2 77
 15 1 0 186
 15 1 -1 235
 15 -4 0 39
 15 -1 0 215
 15 -2 0 33
 15 3 0 129
 15 -1 1 339
 15 3 -1 140
 105 0 -4 163
 15 2 4 52
 15 2 1 16
 15 -3 -2 289
 15 -1 2 77
 15 2 -1 352
 15 0 1 127
 15 0 2 195
 15 0 -1 143
 15 0 0 25
 15 -2 -1 218
 55 1 2 341
 55 2 -3 65
 55 3 -3 153
 5 -4 -1 55
 55 -2 -2 124
 55 1 -2 18
 55 0 -3 200
 55 2 3 29
 55 1 4 290
 55 -1 4 267
 55 0 3 231
 55 -3 1 271
 5 3 -2 208
 55 -1 -2 62
 55 -1 -3 359
 55 2 2 23
 55 -3 2 106
 55 0 4 323
 5 4 -1 146
 5 -1 -4 332
 5 4 1 303
 55 3 3 61
 55 1 -3 21
 55 0 -2 93
 5 -3 -3 345
 55 -3 -1 75
 55 -3 0 178
 5 1 3 134
 "contig-ratio-green-core" 0.7222222222222222
 "contig-ratio-red-core" 0.875
 "a-count" 5
 "b-count" 6
 "c-color-count" 23
 "c-express-count" 22
 "d-color-count" 24
 "d-express-count" 23
 "cell-count" 56
 15 -1 -1 207
 15 1 0 69
 105 -3 3 249
 15 -3 -1 34
 15 1 -2 180
 15 -2 -3 149
 15 4 1 22
 15 1 -3 119
 105 -4 1 84
 15 -1 4 69
 15 -1 3 327
 15 -2 1 189
 15 4 0 46
 15 0 -1 174
 105 -1 -4 88
 15 3 3 236
 15 0 -2 37
 15 -3 0 273
 15 0 -3 309
 15 0 3 221
 15 -3 1 315
 15 -2 0 215
 15 2 3 330
 15 1 -1 300
 105 1 4 34
 15 -1 -3 74
 15 -1 -2 240
 15 1 3 146
 55 2 2 137
 55 1 1 270
 55 2 1 201
 55 1 2 248
 55 2 -3 80
 5 -3 2 344
 55 -1 0 219
 55 -1 2 188
 55 2 -1 265
 55 -3 -2 15
 55 0 2 71
 5 -3 -3 235
 55 0 1 290
 55 -4 -1 284
 55 3 0 143
 5 3 -1 288
 55 -2 2 350
 55 -4 0 115
 55 3 -2 160
 55 -2 3 193
 55 0 0 334
 5 3 -3 162
 55 -1 1 348
 5 3 2 210
 55 2 -2 65
 55 -2 -2 204
 55 4 -1 346
 55 1 -4 93
 "contig-ratio-green-core" 0.8095238095238095
 "contig-ratio-red-core" 0.9
 "a-count" 5
 "b-count" 6
 "c-color-count" 23
 "c-express-count" 22
 "d-color-count" 24
 "d-express-count" 23
 "cell-count" 56
 15 0 -1 96
 15 0 1 343
 15 -3 2 25
 105 -3 0 199
 15 -2 -1 161
 15 1 -2 106
 15 0 4 307
 15 1 2 144
 15 2 -1 207
 15 1 1 117
 15 2 2 244
 105 -2 -2 5
 15 1 0 33
 15 -1 0 58
 15 2 1 301
 15 -1 -1 196
 15 -2 1 294
 15 1 -3 179
 15 -2 3 238
 15 -2 0 325
 15 -1 1 182
 105 -1 -2 95
 15 0 0 311
 15 -1 4 243
 105 3 2 205
 15 1 -1 165
 15 0 -2 211
 15 -2 -3 179
 55 -3 -1 34
 55 -4 1 28
 55 2 4 5
 55 2 -3 129
 55 1 -4 11
 55 0 -4 332
 55 0 2 8
 5 2 -2 285
 5 4 1 0
 55 -1 -3 121
 55 -1 2 87
 55 0 -3 234
 55 4 0 335
 5 3 3 23
 5 4 -1 229
 55 -1 3 343
 55 -3 1 97
 55 1 4 166
 55 3 -3 32
 5 3 1 187
 55 2 0 353
 55 -2 2 97
 55 3 -2 112
 55 0 3 201
 55 1 3 70
 55 3 -1 32
 55 -1 -4 231
 55 3 0 81
 "contig-ratio-green-core" 0.6666666666666666
 "contig-ratio-red-core" 1
