 "a-count" 7
 "b-count" 6
 "c-color-count" 22
 "c-express-count" 22
 "d-color-count" 22
 "d-express-count" 21
 "cell-count" 56
 105 -3 -2 18
 105 -4 1 95
 15 -3 0 45
 15 1 3 267
 15 -2 -1 357
 15 2 -1 242
 105 -2 -3 241
 105 1 4 325
 15 -1 1 116
 15 0 -4 325
 15 -2 0 158
 15 -1 3 131
 15 -3 -1 116
 15 3 -1 319
 15 -1 2 26
 15 -4 0 86
 105 -2 1 343
 15 0 3 103
 15 -2 2 188
 15 3 0 189
 15 2 3 149
 15 -3 2 155
 15 3 1 285
 15 -1 4 159
 15 2 -2 14
 15 -3 1 189
 105 0 4 44
 15 -1 -3 43
 5 2 -3 19
 55 4 -1 21
 5 -4 2 32
 55 1 0 194
 5 1 -3 284
 5 4 1 267
 55 0 0 22
 55 0 1 357
 55 1 1 215
 5 4 0 346
 55 -1 -2 219
 55 4 -2 256
 55 2 1 239
 55 -4 -1 314
 55 -3 3 40
 55 -1 -1 287
 55 1 -2 191
 55 -2 -2 118
 55 2 0 60
 55 -2 3 196
 55 0 2 118
 55 0 -2 77
 5 1 -4 230
 55 1 2 262
 55 1 -1 206
 55 2 2 356
 55 0 -1 4
 55 -1 0 261
 "contig-ratio-green-core" 0.9375
 "contig-ratio-red-core" 0.8888888888888888
 "a-count" 9
 "b-count" 3
 "c-color-count" 26
 "c-express-count" 25
 "d-color-count" 23
 "d-express-count" 19
 "cell-count" 56
 105 1 2 37
 15 1 3 89
 15 3 -3 232
 15 0 -4 260
 105 1 4 102
 15 -1 1 92
 15 -3 0 37
 15 4 -1 171
 15 1 1 4
 15 3 2 214
 15 0 2 81
 105 -3 3 156
 15 -3 -2 155
 15 -1 -4 3
 15 -2 -2 126
 15 -2 1 273
 15 2 -1 135
 15 -2 0 328
 15 -2 -1 231
 15 0 1 277
 15 -1 4 14
 15 3 3 327
 15 3 -1 106
 105 -1 3 232
 15 3 0 201
 105 -4 -1 195
 15 2 0 102
 15 -4 0 345
 55 -1 -2 5
 55 3 -2 89
 55 -3 1 184
 5 -3 -3 75
 55 1 -4 65
 55 1 0 164
 55 2 1 139
 5 -1 2 122
 55 -2 2 8
 55 1 -2 271
 55 0 -2 253
 55 -1 0 37
 55 -1 -1 233
 55 2 2 333
 55 -4 2 308
 55 0 -1 338
 55 0 -3 114
 55 1 -1 112
 55 2 -2 287
 55 1 -3 203
 55 -4 1 216
 55 0 4 128
 55 -1 -3 29
 55 0 3 221
 55 3 1 245
 55 4 1 296
 55 -3 2 199
 55 0 0 34
 "contig-ratio-green-core" 0.95
 "contig-ratio-red-core" 1
 "a-count" 9
 "b-count" 3
 "c-color-count" 27
 "c-express-count" 25
 "d-color-count" 20
 "d-express-count" 19
 "cell-count" 56
 15 -3 -2 43
 15 4 -1 75
 105 -2 3 82
 105 -2 1 64
 15 2 3 285
 15 0 -3 207
 105 -3 1 8
 105 -1 -4 189
 15 -4 0 320
 15 2 -3 312
 105 -2 -3 166
 15 0 2 214
 15 3 2 64
 15 3 -1 173
 15 1 2 284
 15 4 0 102
 15 -1 3 328
 15 1 3 89
 105 0 3 219
 15 -3 0 235
 15 -1 -2 100
 15 2 2 61
 105 3 -3 88
 15 -1 -3 25
 105 3 -2 280
 15 -1 2 125
 15 0 -2 0
 15 1 -2 6
 55 -3 -3 57
 55 -1 4 342
 55 -4 -1 217
 55 2 0 310
 55 1 4 137
 55 0 1 262
 55 1 1 281
 55 3 0 202
 55 -1 -1 12
 55 4 2 302
 55 3 3 197
 5 1 -4 334
 55 2 1 87
 55 1 -1 121
 55 -2 2 314
 55 -2 -1 305
 55 0 -1 199
 55 -1 1 26
 55 -1 0 111
 55 2 -1 282
 55 1 -3 155
 55 3 1 77
 55 1 0 328
 55 0 -4 256
 55 0 0 352
 55 -2 0 169
 55 -3 -1 122
 55 0 4 226
 "contig-ratio-green-core" 0.9411764705882353
 "contig-ratio-red-core" 1.1111111111111112
 "a-count" 6
 "b-count" 5
 "c-color-count" 23
 "c-express-count" 23
 "d-color-count" 22
 "d-express-count" 22
 "cell-count" 56
 15 2 1 187
 15 1 0 42
 105 -3 -2 252
 15 -2 -2 294
 15 3 1 155
 15 -1 4 328
 105 4 0 312
 15 -3 0 352
 15 -1 -1 101
 15 -3 -1 146
 15 2 0 134
 15 0 0 211
 105 -2 0 246
 15 -2 1 147
 15 0 1 50
 15 1 1 340
 15 0 4 162
 15 3 3 153
 15 -2 -3 95
 15 -1 0 154
 15 2 -1 97
 105 -2 -1 331
 105 -3 -3 17
 15 -3 1 43
 15 -1 1 50
 15 1 -4 19
 15 -3 2 67
 105 -2 -4 1
 55 -4 0 319
 5 -1 3 109
 55 1 2 325
 55 1 -2 305
 55 1 -3 213
 55 -4 -1 155
 5 3 0 134
 55 0 -2 69
 5 0 2 107
 55 0 -4 153
 55 1 3 37
 55 3 2 163
 55 0 -1 20
 55 -3 3 6
 55 0 -3 296
 55 2 3 107
 55 -1 -4 348
 55 -1 -3 207
 55 2 2 72
 55 1 -1 310
 55 0 3 238
 5 -4 1 261
 55 -2 3 240
 55 2 -3 303
 55 -1 -2 78
 5 3 -1 325
 55 2 -2 169
 55 -2 2 292
 "contig-ratio-green-core" 0.7894736842105263
 "contig-ratio-red-core" 0.6842105263157895
