 "a-count" 14
 "b-count" 6
 "c-color-count" 23
 "c-express-count" 22
 "d-color-count" 14
 "d-express-count" 14
 "cell-count" 56
 105 3 -2 126
 15 3 0 156
 15 -3 1 275
 15 0 -4 59
 15 -1 -2 299
 105 1 -3 244
 105 2 -1 324
 105 2 -3 292
 15 -3 0 224
 15 3 2 197
 105 2 -2 336
 15 -3 -1 331
 105 4 0 179
 105 1 -4 215
 15 0 -2 107
 15 0 -3 53
 15 -3 2 218
 15 -2 -2 309
 105 2 0 229
 105 -4 1 15
 15 3 -1 119
 15 3 1 352
 105 -2 2 266
 15 -4 0 10
 105 1 4 82
 105 -1 -4 220
 105 1 -2 37
 105 -1 -3 123
 55 -1 3 179
 5 1 3 264
 55 0 2 328
 55 -2 1 45
 55 -1 -1 114
 55 -2 -3 236
 55 -1 0 304
 55 2 2 98
 55 1 1 182
 55 -2 0 328
 55 0 1 134
 5 -3 -3 109
 55 -4 -1 131
 5 -2 3 40
 55 -1 1 112
 55 1 0 215
 55 1 -1 201
 5 -1 4 208
 55 1 2 51
 55 2 1 197
 55 2 3 259
 55 -2 -1 63
 5 -3 3 36
 55 0 0 292
 55 0 3 350
 55 0 4 54
 55 -1 2 106
 55 0 -1 118
 "contig-ratio-green-core" 0.6153846153846154
 "contig-ratio-red-core" 0.7272727272727273
 "a-count" 12
 "b-count" 10
 "c-color-count" 18
 "c-express-count" 18
 "d-color-count" 16
 "d-express-count" 16
 "cell-count" 56
 15 2 -1 8
 105 -4 -1 51
 105 1 3 318
 105 1 4 32
 105 4 1 77
 15 2 0 116
 15 3 1 94
 15 4 -1 261
 15 -2 2 336
 15 1 -1 42
 105 -4 1 305
 105 2 -3 219
 105 3 0 188
 15 2 2 268
 15 3 -1 194
 105 3 -3 110
 15 -4 0 231
 15 1 -2 37
 105 -1 4 20
 105 -1 3 305
 15 2 -2 28
 105 3 2 27
 105 -3 1 24
 15 3 -2 119
 15 -3 0 3
 15 -3 2 1
 15 4 0 23
 15 2 1 162
 55 -1 2 46
 5 -2 -3 2
 5 -3 3 80
 5 1 -4 136
 5 1 -3 96
 55 -1 1 148
 5 -3 -1 288
 55 0 -1 26
 55 1 2 334
 55 0 -3 117
 55 -2 0 326
 55 -1 -2 124
 55 -1 -1 29
 55 0 4 226
 55 0 1 159
 55 -2 1 186
 55 0 -2 290
 55 -2 -1 256
 5 -3 -2 160
 55 -2 -2 22
 55 0 2 88
 5 0 -4 303
 5 0 0 84
 5 -1 -4 174
 55 1 0 78
 5 0 3 70
 55 1 1 71
 55 -1 0 151
 "contig-ratio-green-core" 0.6363636363636364
 "contig-ratio-red-core" 0.6666666666666666
 "a-count" 15
 "b-count" 4
 "c-color-count" 24
 "c-express-count" 24
 "d-color-count" 15
 "d-express-count" 13
 "cell-count" 56
 15 0 4 38
 105 -3 -2 193
 15 2 -2 17
 105 3 -1 311
 105 -1 2 353
 105 3 -2 295
 15 1 -3 234
 105 -4 -1 106
 15 3 0 109
 105 1 3 8
 15 1 2 260
 105 2 0 52
 15 -3 2 348
 105 3 3 220
 105 0 3 107
 15 1 5 246
 15 2 2 133
 15 2 -3 333
 15 -2 2 313
 105 1 1 145
 15 3 -3 304
 15 -3 -1 142
 105 -4 1 73
 15 4 1 76
 15 1 4 1
 105 3 2 303
 105 2 3 42
 15 2 1 354
 55 -2 -2 35
 55 -2 -2 13
 55 1 0 2
 55 -2 -2 45
 55 0 2 5
 55 1 -1 41
 5 -3 -3 93
 55 -1 -2 280
 55 -1 0 216
 55 -3 0 246
 55 -1 -3 95
 55 0 -2 230
 5 1 -4 327
 55 -1 1 97
 55 -3 1 167
 55 -2 -3 323
 55 -2 0 251
 55 0 -3 131
 55 -2 1 332
 55 0 -1 176
 55 0 1 289
 55 -2 -1 5
 5 -1 -1 1
 55 1 -2 186
 55 0 0 355
 55 4 -1 181
 5 -1 3 182
 55 3 1 299
 "contig-ratio-green-core" 0.375
 "contig-ratio-red-core" 0.5833333333333334
