 "a-count" 14
 "b-count" 4
 "c-color-count" 24
 "c-express-count" 24
 "d-color-count" 15
 "d-express-count" 14
 "cell-count" 56
 15 -3 0 304
 105 -3 -3 49
 15 0 3 8
 15 -2 -2 165
 105 -1 -4 190
 15 2 1 240
 105 3 -1 85
 105 0 -4 226
 15 -2 -3 322
 15 2 -1 352
 105 1 -4 217
 105 1 4 10
 105 2 3 151
 15 -3 -1 149
 15 -3 -2 60
 15 -1 3 211
 105 4 -1 181
 15 2 -2 180
 15 -2 3 120
 105 -4 -1 91
 15 -4 0 247
 15 2 0 80
 105 4 0 127
 105 3 1 359
 15 3 0 263
 15 -3 3 36
 105 3 -2 141
 105 4 1 4
 55 -2 1 294
 55 1 -2 62
 55 0 0 179
 55 -2 -1 205
 55 -1 1 112
 55 1 -3 249
 55 0 1 331
 55 0 -1 319
 55 -3 1 291
 5 -3 2 216
 55 -2 0 231
 55 -2 2 238
 55 -1 0 94
 55 0 2 187
 55 1 0 283
 55 -1 -1 302
 55 1 1 70
 55 -1 -3 355
 55 0 -2 93
 5 3 3 340
 5 3 2 111
 55 0 -3 100
 55 1 2 355
 55 1 -1 47
 5 0 4 40
 55 2 2 170
 55 2 -3 216
 55 -1 2 242
 "contig-ratio-green-core" 0.6470588235294118
 "contig-ratio-red-core" 0.9166666666666666
 "a-count" 6
 "b-count" 7
 "c-color-count" 22
 "c-express-count" 21
 "d-color-count" 22
 "d-express-count" 22
 "cell-count" 56
 15 -3 0 173
 15 -3 2 200
 15 -3 1 162
 105 3 3 342
 105 3 -2 235
 15 3 1 266
 15 -1 4 247
 15 0 4 202
 15 1 4 141
 105 -1 -3 109
 15 1 3 246
 15 0 -3 41
 15 3 -1 41
 15 2 3 305
 15 3 0 219
 105 3 2 298
 15 2 -3 232
 15 -3 -1 4
 105 1 -4 10
 15 -2 -2 77
 15 2 -2 21
 15 -4 0 341
 15 -4 1 51
 15 2 -1 275
 15 0 -4 240
 15 1 -3 342
 105 -2 -3 275
 15 -3 -2 0
 5 -4 -1 222
 5 1 -2 227
 55 0 2 195
 55 -2 -1 276
 55 0 1 252
 55 -1 -1 163
 5 4 -1 51
 55 0 -2 117
 55 -1 0 74
 55 0 0 45
 5 2 2 145
 55 1 0 39
 55 -2 0 155
 55 -2 1 170
 5 -2 3 39
 55 -2 2 105
 55 1 -1 135
 55 -1 -4 28
 55 -1 3 176
 5 4 0 77
 55 1 1 166
 55 -1 -2 110
 55 1 2 281
 55 -1 1 54
 55 2 1 71
 55 0 3 35
 55 -1 2 210
 55 0 -1 41
 "contig-ratio-green-core" 0.9166666666666666
 "contig-ratio-red-core" 0.6470588235294118
 "a-count" 14
 "b-count" 6
 "c-color-count" 23
 "c-express-count" 22
 "d-color-count" 16
 "d-express-count" 14
 "cell-count" 56
 15 -4 1 248
 105 4 -1 134
 15 -3 1 251
 105 -2 2 180
 15 -2 -3 141
 105 1 3 335
 15 0 -2 190
 105 -1 -4 52
 105 0 -4 113
 15 -3 2 256
 15 3 1 259
 15 -3 0 221
 15 3 0 158
 15 -1 -3 18
 105 -2 3 141
 15 0 -3 40
 15 2 -2 151
 105 1 -4 359
 15 1 -2 119
 105 2 3 80
 105 4 1 295
 15 3 2 347
 15 -4 0 64
 15 -4 -1 347
 15 3 -1 30
 105 1 -3 289
 105 2 -3 110
 105 -1 2 29
 55 0 1 315
 55 -3 -1 151
 55 2 1 341
 55 1 2 251
 5 2 2 358
 55 -2 -1 194
 55 0 4 69
 55 2 -1 306
 55 0 -1 92
 55 -1 0 58
 55 -2 1 158
 55 2 0 55
 5 4 0 127
 55 -1 1 299
 55 0 3 344
 5 -3 -3 199
 5 -3 -2 220
 55 -1 -2 59
 55 0 0 81
 55 1 -1 204
 55 -1 -1 165
 55 1 0 72
 55 3 -3 67
 55 1 1 277
 55 -2 -2 235
 55 0 2 11
 5 3 -2 82
 55 -2 0 89
 "contig-ratio-green-core" 0.7333333333333333
 "contig-ratio-red-core" 0.6428571428571429
 "a-count" 15
 "b-count" 5
 "c-color-count" 23
 "c-express-count" 23
 "d-color-count" 14
 "d-express-count" 13
 "cell-count" 56
 15 -3 1 79
 15 -1 3 11
 15 3 0 14
 15 -1 -3 32
 15 -3 -1 88
 105 -3 3 162
 15 0 -3 267
 15 -2 -3 170
 105 0 4 74
 105 4 -1 137
 105 3 -3 109
 15 1 4 343
 105 -4 0 306
 105 1 -3 43
 105 -2 2 57
 15 1 3 74
 105 4 1 43
 15 3 -1 275
 105 2 -3 320
 15 2 1 232
 105 3 3 92
 15 0 3 128
 15 2 0 182
 105 4 0 349
 15 2 -1 163
 105 1 -4 304
 105 -2 3 280
 105 -1 4 225
 55 0 -1 24
 55 2 -2 158
 5 3 1 259
 55 1 -2 353
 55 1 1 291
 55 -1 -1 359
 55 -2 -2 154
 55 0 1 161
 5 1 -1 279
 55 0 2 46
 5 -4 1 340
 55 1 2 49
 55 -1 -2 53
 55 -1 2 308
 55 -2 -1 201
 55 3 2 268
 55 -2 1 5
 5 -3 2 336
 55 2 3 308
 55 -3 0 116
 55 -2 0 140
 55 1 0 58
 5 -3 -3 23
 55 0 0 283
 55 -1 1 246
 55 -1 0 208
 55 2 2 278
 55 0 -2 239
 "contig-ratio-green-core" 0.6875
 "contig-ratio-red-core" 0.9
