 "a-count" 12
 "b-count" 7
 "c-color-count" 21
 "c-express-count" 21
 "d-color-count" 17
 "d-express-count" 16
 "cell-count" 56
 15 -2 3 263
 105 3 1 16
 105 1 -4 176
 105 -4 1 34
 15 4 0 157
 105 -1 3 171
 15 -2 0 90
 15 0 -4 300
 105 -2 -3 87
 15 -2 2 53
 15 -2 1 220
 15 -3 2 298
 15 -3 1 236
 105 -2 -2 19
 105 -1 -4 113
 15 -3 0 114
 15 -3 3 50
 15 -3 -2 246
 15 -4 0 93
 15 3 3 59
 105 0 3 36
 105 -4 -1 245
 15 0 -3 58
 15 -1 -3 65
 15 4 1 260
 105 -1 4 174
 105 2 3 271
 15 3 0 224
 55 -2 -1 123
 5 3 -2 199
 55 1 3 272
 5 3 -3 212
 55 -1 2 240
 55 0 1 306
 55 2 -3 45
 55 0 -2 80
 55 1 0 34
 55 0 -1 328
 5 -3 -3 216
 55 0 2 242
 55 2 0 281
 55 2 2 163
 55 1 2 69
 55 1 1 4
 55 2 1 284
 5 3 -1 13
 5 -1 -2 308
 55 2 -1 39
 55 1 -1 320
 55 2 -2 146
 5 1 -2 13
 5 -1 0 191
 55 -1 1 148
 55 -1 -1 275
 55 0 0 235
 55 -3 -1 193
 "contig-ratio-green-core" 0.6
 "contig-ratio-red-core" 0.375
 "a-count" 12
 "b-count" 5
 "c-color-count" 23
 "c-express-count" 23
 "d-color-count" 16
 "d-express-count" 16
 "cell-count" 56
 15 1 -3 77
 15 -1 -4 152
 105 2 -3 158
 15 -3 2 114
 15 -3 0 322
 105 3 -3 97
 15 2 1 322
 105 -3 -2 237
 15 2 0 262
 105 -3 -3 232
 15 -4 0 177
 15 3 2 184
 15 3 1 52
 105 -4 1 277
 15 -1 -3 275
 105 3 -1 225
 105 -3 -1 232
 105 4 -1 322
 105 4 1 351
 15 -2 3 228
 105 2 -2 101
 105 -4 -1 168
 15 3 0 61
 105 4 0 311
 15 -2 -3 113
 15 0 -3 147
 15 2 -1 50
 15 -3 1 56
 5 -3 3 172
 55 1 -2 214
 55 -2 0 173
 55 -1 -1 350
 5 0 -4 229
 55 0 1 42
 55 1 -1 1
 5 1 2 207
 55 2 2 178
 55 -2 2 83
 55 1 3 38
 55 -1 -2 136
 55 0 -1 30
 55 1 1 73
 55 0 2 86
 55 1 -4 256
 55 2 3 167
 55 -1 3 102
 55 0 -2 81
 55 -2 -1 327
 5 -2 1 346
 55 0 0 157
 55 1 0 217
 55 -1 1 220
 55 -1 2 306
 55 -1 0 77
 5 -1 4 266
 55 0 3 241
 "contig-ratio-green-core" 0.6666666666666666
 "contig-ratio-red-core" 0.7
 "a-count" 9
 "b-count" 5
 "c-color-count" 23
 "c-express-count" 23
 "d-color-count" 20
 "d-express-count" 19
 "cell-count" 56
 15 -3 1 322
 15 2 -3 309
 15 3 -1 291
 15 1 3 102
 15 -1 -2 199
 15 -4 1 126
 15 3 0 193
 105 -2 3 268
 15 -3 0 34
 105 4 1 0
 15 1 -3 3
 15 -3 -1 273
 105 -1 2 269
 105 -3 3 321
 15 -4 0 131
 15 -1 -3 359
 105 1 -4 9
 15 3 1 169
 15 0 -4 131
 15 0 -3 27
 105 -3 2 58
 15 3 -3 259
 105 2 3 147
 15 0 3 276
 105 4 0 128
 15 -2 -2 31
 15 -1 3 241
 15 -2 -3 259
 55 1 -1 171
 55 -3 -3 338
 5 -1 -4 327
 5 3 -2 84
 55 0 4 348
 5 2 2 323
 55 1 0 355
 55 -2 0 235
 55 1 2 204
 55 2 0 88
 55 1 1 335
 55 -1 -1 62
 55 0 0 336
 5 0 2 95
 55 -2 1 188
 55 -4 -1 307
 55 2 -1 318
 55 -1 1 359
 55 1 -2 223
 55 2 1 38
 55 -2 -1 89
 55 0 -1 107
 55 -3 -2 233
 55 -1 0 50
 55 0 -2 295
 5 4 -1 102
 55 2 -2 114
 55 0 1 19
 "contig-ratio-green-core" 0.9285714285714286
 "contig-ratio-red-core" 0.7058823529411765
 "a-count" 8
 "b-count" 2
 "c-color-count" 26
 "c-express-count" 26
 "d-color-count" 20
 "d-express-count" 20
 "cell-count" 56
 15 1 -2 219
 15 1 3 42
 15 0 -4 343
 105 -2 -3 48
 105 0 4 316
 15 -3 -1 61
 15 3 2 256
 15 2 2 49
 15 3 1 241
 15 4 1 311
 105 -1 -4 58
 15 0 -3 213
 105 3 -3 148
 15 -3 0 302
 15 -3 1 234
 15 -1 3 179
 15 0 3 267
 15 1 -3 243
 15 -3 2 80
 15 -2 0 177
 15 2 3 321
 105 -3 -2 25
 15 3 -2 208
 105 -4 -1 66
 15 -2 1 247
 15 2 -2 45
 105 1 4 280
 105 2 -3 66
 55 4 0 200
 55 -2 2 148
 55 -1 0 5
 55 -1 -1 356
 55 1 1 176
 55 -1 -2 93
 55 -1 1 57
 55 -4 1 237
 55 -2 -1 263
 55 0 0 70
 55 -2 -2 195
 5 3 3 12
 55 -1 2 290
 55 1 -1 307
 5 -1 -3 309
 55 0 2 61
 55 -3 3 158
 55 1 0 158
 55 1 2 188
 55 3 0 261
 55 2 1 126
 55 5 0 182
 55 2 0 261
 55 0 -1 14
 55 2 -1 344
 55 0 1 169
 55 0 -2 322
 55 -2 3 298
 "contig-ratio-green-core" 0.8
 "contig-ratio-red-core" 0.8
