 "a-count" 11
 "b-count" 6
 "c-color-count" 22
 "c-express-count" 22
 "d-color-count" 18
 "d-express-count" 17
 "cell-count" 56
 105 1 4 222
 105 4 -1 211
 105 3 -3 58
 15 1 -3 342
 15 -2 1 333
 15 4 1 139
 105 -4 0 219
 15 3 1 76
 15 -2 2 79
 15 -1 -2 162
 15 -3 1 99
 15 -3 0 210
 15 0 -2 101
 15 -2 1 174
 105 3 -2 291
 105 -3 -1 293
 105 -1 3 139
 15 -3 -3 192
 15 4 0 118
 15 -3 2 192
 105 3 2 106
 15 -2 -1 69
 105 -4 1 78
 15 2 -3 191
 15 0 -3 80
 15 1 -4 171
 15 -2 0 29
 105 2 3 95
 55 2 -2 178
 55 2 -1 35
 5 -1 4 251
 55 -3 3 62
 55 1 0 217
 55 -3 -2 141
 55 0 4 149
 55 2 0 12
 55 2 1 232
 55 -2 -2 12
 55 0 -1 255
 55 -1 2 318
 55 -1 0 158
 55 1 3 72
 55 1 1 131
 5 3 -1 223
 55 -1 -1 255
 5 0 1 356
 55 -1 2 286
 5 0 -4 274
 5 -1 -4 173
 55 1 2 103
 55 0 3 121
 55 1 -1 57
 55 0 2 175
 55 -2 -3 116
 55 -1 1 92
 5 0 0 83
 "contig-ratio-green-core" 0.5882352941176471
 "contig-ratio-red-core" 0.6923076923076923
 "a-count" 9
 "b-count" 5
 "c-color-count" 23
 "c-express-count" 23
 "d-color-count" 19
 "d-express-count" 19
 "cell-count" 56
 15 1 -1 3
 15 -1 2 51
 15 2 3 275
 15 2 -2 18
 15 1 -2 320
 105 4 1 134
 15 -2 2 347
 15 -2 3 279
 15 -1 -2 157
 15 3 2 97
 15 -1 3 112
 105 1 -4 99
 105 2 -1 354
 105 4 0 173
 15 -3 -1 90
 15 3 3 109
 15 -2 1 49
 105 1 4 134
 105 2 -3 212
 105 -1 -4 281
 105 -2 -3 262
 105 1 -3 219
 15 -2 -2 59
 15 0 -2 30
 15 -4 0 0
 15 0 -3 322
 15 -3 0 83
 15 -3 1 138
 55 -3 -2 251
 55 3 -3 280
 55 2 0 194
 55 -2 0 50
 55 1 2 353
 5 -3 3 292
 55 2 2 340
 55 0 2 6
 55 0 3 286
 55 3 0 163
 55 1 0 311
 55 -1 1 241
 5 3 -2 291
 55 1 3 217
 55 0 4 341
 5 -4 1 344
 55 -3 -3 20
 55 0 -1 79
 5 4 -1 145
 55 2 1 285
 55 -1 -1 141
 55 3 1 216
 55 -1 0 147
 55 -2 -1 65
 5 0 -4 182
 55 1 1 129
 55 0 1 267
 55 0 0 323
 "contig-ratio-green-core" 0.6470588235294118
 "contig-ratio-red-core" 0.6470588235294118
 "a-count" 7
 "b-count" 2
 "c-color-count" 27
 "c-express-count" 26
 "d-color-count" 21
 "d-express-count" 21
 "cell-count" 56
 105 -2 -2 29
 15 -3 2 318
 15 -4 1 15
 15 -1 -5 304
 15 1 -3 311
 15 4 -1 334
 15 0 -4 157
 105 2 3 314
 105 -3 -2 140
 15 4 1 5
 15 -3 1 191
 15 3 -2 335
 15 -4 0 284
 15 4 -2 64
 105 1 4 178
 15 0 4 82
 15 5 0 263
 105 0 -3 250
 15 -1 4 283
 15 -2 2 277
 105 -1 3 164
 15 2 -3 103
 105 1 3 198
 15 1 -4 2
 15 -2 4 95
 15 -1 -4 316
 15 3 1 246
 15 4 0 90
 55 1 -1 179
 55 3 3 137
 55 0 3 20
 55 2 -1 222
 55 1 0 143
 55 -1 1 136
 55 2 -2 108
 55 -3 -1 340
 55 2 2 261
 5 0 -1 308
 55 -1 -1 243
 55 0 1 23
 55 -3 0 311
 55 -1 2 67
 55 0 -2 57
 55 1 2 269
 55 -1 -2 159
 55 1 1 321
 55 2 1 44
 55 1 -2 341
 55 -2 1 49
 55 0 0 13
 55 -1 0 356
 55 -2 0 52
 55 -2 -1 36
 55 2 0 306
 55 0 2 235
 55 -1 -3 163
 "contig-ratio-green-core" 0.5625
 "contig-ratio-red-core" 0.3684210526315789
 "a-count" 7
 "b-count" 3
 "c-color-count" 25
 "c-express-count" 25
 "d-color-count" 21
 "d-express-count" 21
 "cell-count" 56
 105 -4 0 218
 15 -3 0 138
 15 2 -3 43
 15 -1 4 325
 15 -2 1 316
 15 -2 -1 192
 15 1 -3 43
 15 0 -4 199
 15 -3 -2 54
 15 3 2 348
 15 3 1 196
 15 3 -3 37
 15 2 2 185
 15 3 -1 169
 15 -1 -5 189
 15 1 -4 52
 105 1 4 311
 15 -3 -1 22
 105 -3 3 302
 15 3 -2 102
 15 3 0 276
 15 -2 0 256
 105 -4 1 348
 105 4 -1 312
 105 4 0 46
 15 -1 -4 110
 105 4 1 298
 15 -2 -2 175
 55 0 3 166
 55 1 -2 37
 55 0 -1 321
 55 -3 2 333
 55 2 1 135
 55 -1 3 269
 55 1 0 265
 55 1 -1 309
 55 0 1 111
 55 -1 1 296
 55 2 0 156
 55 2 -1 349
 5 1 3 0
 55 -2 -3 48
 55 0 -2 153
 55 1 2 180
 55 -2 2 176
 55 -1 -2 318
 55 1 1 345
 55 -1 2 241
 55 -1 -1 119
 55 -1 0 296
 5 2 3 176
 5 -3 1 47
 55 0 0 280
 55 -1 -3 352
 55 0 2 119
 55 0 -3 133
 "contig-ratio-green-core" 0.8
 "contig-ratio-red-core" 0.7647058823529411
