 "a-count" 14
 "b-count" 4
 "c-color-count" 24
 "c-express-count" 24
 "d-color-count" 15
 "d-express-count" 14
 "cell-count" 56
 105 0 -4 79
 105 -1 -4 335
 105 -4 -1 289
 15 -4 1 98
 15 -1 3 218
 105 -3 -3 196
 15 -3 3 195
 105 -2 -2 237
 15 -3 -1 296
 15 2 3 133
 15 3 2 294
 15 -1 -3 316
 15 2 -2 267
 105 4 0 32
 105 1 -3 210
 15 -3 0 87
 15 0 -3 314
 105 -2 -3 313
 15 -3 1 204
 15 2 -3 213
 15 1 -1 210
 105 1 3 257
 15 3 3 121
 105 1 -4 90
 105 -1 4 351
 15 1 -2 233
 105 -4 0 156
 105 3 -2 232
 55 0 3 91
 55 -2 0 28
 55 2 2 251
 55 0 1 66
 55 0 0 200
 55 -3 2 295
 55 0 4 269
 55 -1 -2 125
 55 0 -1 305
 55 3 0 78
 55 -2 1 240
 55 3 -1 108
 5 -3 -2 87
 5 3 1 126
 5 -2 3 346
 55 1 1 217
 55 2 1 234
 55 -1 1 95
 55 -1 0 352
 55 -1 2 328
 55 0 -2 42
 55 1 2 353
 55 -1 -1 268
 55 0 2 323
 55 1 0 299
 55 -2 -1 159
 5 2 0 150
 55 -2 2 214
 "contig-ratio-green-core" 0.7857142857142857
 "contig-ratio-red-core" 0.8461538461538461
 "a-count" 9
 "b-count" 6
 "c-color-count" 22
 "c-express-count" 22
 "d-color-count" 19
 "d-express-count" 19
 "cell-count" 56
 15 0 -2 109
 15 -3 3 82
 15 0 -3 119
 15 1 4 127
 105 4 -1 318
 15 -3 -3 329
 105 3 -2 346
 15 -2 3 48
 15 -1 -2 76
 105 -1 -4 291
 105 1 -3 110
 15 0 -4 334
 15 3 -1 253
 15 0 3 345
 15 -4 1 283
 105 -1 4 58
 15 1 -2 337
 15 4 0 298
 15 0 4 26
 15 -1 3 243
 105 3 -3 192
 15 4 1 125
 105 2 -2 249
 15 -1 -3 273
 105 -3 2 134
 15 3 0 31
 105 2 -3 78
 15 3 1 168
 55 -2 -1 268
 55 2 -1 84
 55 1 2 108
 55 -2 -2 280
 5 -3 1 187
 55 -2 0 112
 5 2 1 338
 55 -3 0 243
 55 -1 -1 256
 55 -4 0 149
 55 2 0 253
 55 -1 0 155
 55 -1 1 238
 55 0 2 11
 5 2 3 45
 5 -2 1 284
 55 0 -1 285
 55 2 2 12
 55 0 1 124
 55 1 0 339
 55 0 0 42
 55 1 -1 133
 5 1 1 116
 5 -3 -1 234
 55 -3 -2 81
 55 -1 2 166
 55 3 2 340
 55 -2 2 10
 "contig-ratio-green-core" 0.8461538461538461
 "contig-ratio-red-core" 0.6
 "a-count" 11
 "b-count" 4
 "c-color-count" 24
 "c-express-count" 24
 "d-color-count" 17
 "d-express-count" 17
 "cell-count" 56
 105 -4 1 181
 15 -1 -3 222
 15 -1 -2 272
 105 -3 2 325
 15 -4 0 57
 15 1 -2 278
 105 3 3 35
 105 -2 3 219
 15 -4 -1 67
 15 0 -3 140
 15 -2 2 212
 15 -1 2 32
 15 0 3 194
 15 0 -2 100
 105 -3 1 120
 15 4 1 10
 105 1 -3 148
 15 0 4 91
 105 3 2 226
 15 1 3 295
 15 3 -2 175
 15 -1 3 71
 15 2 3 278
 105 3 -3 356
 105 -1 -4 70
 105 2 -3 130
 105 0 -4 15
 15 2 -2 212
 55 -3 -1 348
 55 -2 -2 183
 55 -1 1 355
 5 -1 -1 45
 55 -1 0 346
 55 0 2 117
 55 3 0 210
 55 4 0 249
 55 2 -1 34
 5 -3 3 173
 5 2 2 51
 55 1 4 162
 55 -3 -2 343
 55 0 0 256
 55 1 -1 222
 55 3 1 127
 55 2 1 6
 55 0 -1 326
 55 -1 4 288
 5 -3 0 55
 55 1 0 146
 55 2 0 108
 55 -2 1 271
 55 3 -1 205
 55 1 2 94
 55 0 1 88
 55 -2 -1 16
 55 -2 0 260
 "contig-ratio-green-core" 0.6666666666666666
 "contig-ratio-red-core" 0.9166666666666666
 "a-count" 11
 "b-count" 4
 "c-color-count" 24
 "c-express-count" 24
 "d-color-count" 19
 "d-express-count" 17
 "cell-count" 56
 15 3 -1 55
 105 4 1 44
 105 4 0 278
 15 3 0 21
 105 -2 2 118
 15 2 2 82
 15 -3 -1 22
 105 3 2 84
 15 -3 3 114
 15 -3 0 57
 15 -3 -2 294
 15 -2 1 303
 15 2 3 77
 15 -3 2 41
 105 1 -3 45
 15 3 0 260
 105 -1 4 313
 15 3 1 272
 15 -4 0 9
 15 -3 1 357
 105 -4 -1 284
 105 3 3 309
 15 3 1 204
 15 2 -3 81
 15 2 1 130
 15 -3 -3 49
 15 3 -2 110
 105 0 4 53
 55 -2 -1 150
 55 0 0 124
 55 2 -2 90
 5 -2 -2 97
 55 -1 3 193
 55 4 -1 243
 55 0 1 229
 55 -1 -1 204
 55 -1 0 282
 55 -1 2 233
 5 -2 -3 37
 5 2 -1 213
 55 0 -4 73
 55 0 3 204
 55 -2 0 271
 55 -1 -3 81
 55 1 -1 343
 55 0 2 271
 5 -4 1 71
 55 1 1 104
 55 -1 -2 229
 55 1 0 61
 55 1 2 252
 55 1 -2 346
 55 -1 1 48
 55 0 -3 212
 55 0 -2 183
 55 0 -1 38
 "contig-ratio-green-core" 0.5
 "contig-ratio-red-core" 0.4
