 "a-count" 8
 "b-count" 2
 "c-color-count" 27
 "c-express-count" 26
 "d-color-count" 24
 "d-express-count" 20
 "cell-count" 56
 15 3 0 80
 105 0 3 316
 15 2 -1 38
 15 -3 1 11
 15 -3 -2 62
 15 2 3 351
 15 -1 3 255
 15 1 0 162
 15 1 1 307
 15 -4 -1 305
 105 4 -1 124
 15 0 -2 326
 15 0 1 236
 15 -3 -1 262
 15 -2 0 289
 15 -2 1 192
 15 2 0 3
 15 1 -2 18
 15 3 -3 344
 105 -1 2 155
 15 -2 -1 157
 15 0 -3 71
 15 3 -1 136
 15 -1 1 270
 15 -2 2 14
 15 -3 0 286
 105 0 -4 335
 15 2 1 209
 55 3 2 56
 5 1 3 7
 55 3 1 10
 55 -1 4 167
 55 -4 1 20
 55 -3 2 243
 55 1 4 347
 55 3 -2 134
 55 -1 -1 232
 55 2 2 23
 55 1 2 69
 55 4 1 314
 55 2 -2 1
 55 4 0 7
 55 4 2 87
 55 -2 3 32
 55 0 4 157
 55 2 -3 156
 55 -3 3 56
 55 0 0 19
 55 0 -1 97
 55 -1 -3 260
 55 3 3 179
 55 -3 -3 66
 55 -2 -3 213
 55 -1 -2 311
 55 -2 -2 332
 55 -1 0 221
 "contig-ratio-green-core" 0.8260869565217391
 "contig-ratio-red-core" 1
 "a-count" 5
 "b-count" 3
 "c-color-count" 25
 "c-express-count" 25
 "d-color-count" 23
 "d-express-count" 23
 "cell-count" 56
 15 -2 -2 212
 15 -1 -2 107
 105 0 -4 179
 15 -2 1 342
 105 3 0 251
 15 3 1 94
 15 4 1 327
 15 1 -3 5
 15 0 2 108
 15 1 2 143
 15 0 -3 59
 15 -1 -3 29
 15 -3 0 121
 15 2 2 183
 105 -2 2 30
 15 -2 0 260
 15 -2 -3 225
 15 -2 -1 298
 15 0 1 295
 15 2 1 323
 15 4 0 213
 15 -1 4 125
 105 -3 3 235
 15 2 0 223
 15 -1 1 137
 105 -2 3 54
 15 -3 -2 73
 15 1 1 6
 55 -1 2 44
 55 0 3 130
 55 1 -1 115
 55 -4 -1 163
 5 -3 -3 229
 55 3 2 25
 55 2 -3 35
 55 -3 1 139
 55 0 4 23
 55 -1 -4 132
 55 0 -2 155
 55 2 -1 162
 55 2 -2 2
 55 0 0 103
 55 2 3 350
 55 3 -1 304
 5 -3 2 146
 55 -4 0 63
 5 3 -2 188
 55 -1 0 146
 55 -1 -1 91
 55 3 -3 61
 55 3 3 336
 55 0 -1 59
 55 1 3 159
 55 1 0 319
 55 1 -2 219
 55 4 -1 251
 "contig-ratio-green-core" 0.8888888888888888
 "contig-ratio-red-core" 0.9444444444444444
 "a-count" 4
 "b-count" 1
 "c-color-count" 27
 "c-express-count" 27
 "d-color-count" 25
 "d-express-count" 24
 "cell-count" 56
 15 3 0 267
 15 1 -3 291
 15 -1 3 123
 15 4 2 143
 15 -4 1 30
 15 2 -1 309
 105 0 1 124
 15 -1 2 353
 15 0 -1 222
 15 1 1 81
 15 -1 -4 22
 15 -1 -1 199
 15 0 2 177
 15 3 3 81
 15 -3 -1 211
 15 -1 1 258
 15 1 2 199
 105 -1 0 115
 15 -3 0 118
 105 -2 3 171
 15 2 0 281
 15 -3 3 333
 15 0 -4 249
 15 -2 0 336
 15 0 0 37
 15 -2 -1 101
 15 1 0 302
 15 2 1 25
 5 1 -4 242
 55 1 3 165
 55 -2 1 55
 55 4 0 274
 55 2 -2 225
 55 1 4 122
 55 -4 0 126
 55 -3 1 200
 55 0 5 305
 55 -1 -3 53
 55 -3 -3 193
 55 0 4 40
 55 -1 4 202
 55 2 2 8
 55 4 1 173
 55 0 -3 89
 55 -2 -2 69
 55 -4 -1 329
 55 3 -3 52
 55 3 1 210
 55 1 -2 166
 55 0 -2 94
 55 3 2 243
 55 2 -3 180
 55 0 3 99
 55 -2 -3 176
 55 -1 -2 351
 55 2 3 65
 "contig-ratio-green-core" 0.76
 "contig-ratio-red-core" 0.8888888888888888
 "a-count" 8
 "b-count" 4
 "c-color-count" 24
 "c-express-count" 24
 "d-color-count" 22
 "d-express-count" 20
 "cell-count" 56
 105 -2 -1 59
 15 -1 0 163
 15 0 -2 59
 15 -2 0 299
 15 4 -1 255
 105 0 4 146
 15 2 3 135
 105 -2 1 112
 15 1 0 321
 15 0 0 264
 15 -1 -1 66
 15 0 1 91
 15 -4 -1 114
 15 0 -4 355
 105 1 4 187
 105 -4 2 197
 15 -3 3 161
 15 -1 1 285
 15 -1 2 196
 15 0 -1 220
 15 -1 -2 264
 15 1 1 309
 105 1 3 81
 15 -3 4 91
 15 1 -2 96
 15 1 -1 320
 15 0 2 26
 15 1 2 135
 55 2 2 147
 55 -3 0 146
 55 -3 1 246
 55 3 3 136
 5 2 -3 356
 55 -3 2 216
 55 -1 -3 268
 55 2 -1 332
 55 1 -4 63
 55 4 2 57
 55 2 1 15
 55 0 -3 283
 5 -2 -3 207
 55 3 1 51
 55 2 0 153
 55 -4 2 288
 55 -1 3 282
 55 1 -3 155
 5 -2 -2 116
 55 3 -2 338
 5 0 3 280
 55 -4 1 311
 55 4 1 159
 55 -2 3 247
 55 3 2 76
 55 -4 0 115
 55 3 -1 74
 55 3 0 206
 "contig-ratio-green-core" 0.5789473684210527
 "contig-ratio-red-core" 0.9230769230769231
