 "a-count" 12
 "b-count" 4
 "c-color-count" 24
 "c-express-count" 24
 "d-color-count" 19
 "d-express-count" 16
 "cell-count" 56
 15 1 -1 46
 15 -1 1 161
 15 -2 1 161
 105 -3 2 151
 105 2 3 276
 15 -2 -3 240
 15 -2 -2 211
 15 2 0 67
 15 3 2 277
 15 1 -3 220
 105 0 4 280
 15 3 1 342
 15 -1 2 233
 15 -2 0 296
 15 1 -2 117
 15 0 2 96
 105 1 3 98
 15 4 1 185
 15 0 -2 1
 15 1 -4 155
 105 -1 4 256
 15 2 -1 53
 105 -3 1 288
 105 0 3 140
 105 -3 0 228
 15 2 -2 84
 15 -4 0 144
 105 1 4 345
 5 0 -4 248
 5 3 -1 312
 55 2 2 122
 55 3 0 94
 55 -1 -2 253
 55 -4 1 222
 55 3 -2 170
 55 -3 -2 326
 55 1 0 352
 55 -2 3 187
 55 2 1 244
 55 0 1 305
 55 1 1 55
 55 -2 2 9
 55 1 2 93
 5 -3 -1 198
 55 4 -1 322
 55 -1 0 278
 5 3 -3 203
 55 -1 3 225
 55 -1 -1 279
 55 -4 -1 307
 55 4 0 76
 55 -1 -4 21
 55 0 0 250
 55 3 3 145
 55 -2 -1 104
 55 -1 -3 162
 "contig-ratio-green-core" 0.7058823529411765
 "contig-ratio-red-core" 1.0588235294117647
 "a-count" 5
 "b-count" 9
 "c-color-count" 19
 "c-express-count" 19
 "d-color-count" 24
 "d-express-count" 23
 "cell-count" 56
 15 1 0 124
 15 -3 1 173
 15 -2 1 152
 105 1 4 116
 15 0 2 355
 15 1 1 229
 15 -1 -1 233
 15 0 1 118
 15 0 -1 174
 15 -1 4 200
 15 0 -2 283
 15 -1 1 213
 15 2 0 68
 15 0 0 354
 15 1 -1 47
 15 0 -3 133
 105 2 3 57
 105 3 3 163
 15 2 -1 25
 15 2 2 189
 15 -2 0 71
 15 -2 -1 25
 15 2 1 55
 15 -1 2 265
 15 -3 0 260
 15 -1 0 17
 15 3 -2 158
 105 3 0 3
 5 -1 -3 46
 55 1 3 193
 55 -3 2 228
 55 2 -3 256
 55 -1 -2 297
 5 1 -4 119
 5 -2 2 115
 55 0 3 350
 55 -2 -2 224
 55 1 -3 163
 55 4 -1 58
 5 -4 1 263
 55 -3 -3 210
 55 0 -4 160
 55 2 -2 311
 55 3 2 14
 55 1 2 132
 55 -2 -3 104
 5 -3 3 332
 55 4 0 199
 55 0 4 35
 55 4 1 201
 55 -3 -2 224
 55 -1 3 49
 5 -2 3 164
 5 3 -3 93
 5 3 1 234
 5 -1 -4 308
 "contig-ratio-green-core" 0.6875
 "contig-ratio-red-core" 0.75
 "a-count" 8
 "b-count" 5
 "c-color-count" 24
 "c-express-count" 23
 "d-color-count" 23
 "d-express-count" 20
 "cell-count" 56
 105 -3 2 197
 15 0 2 25
 15 -1 3 269
 15 -2 -1 339
 15 0 3 64
 15 -1 1 65
 15 0 -2 273
 15 0 0 68
 15 2 0 202
 15 -1 -1 18
 105 -1 -4 96
 15 -3 0 174
 15 3 -1 119
 15 -1 0 215
 105 0 -4 319
 15 1 0 300
 15 -1 2 178
 105 1 -1 19
 15 2 -3 206
 15 0 1 278
 15 3 2 241
 15 2 -1 250
 15 1 -2 280
 15 0 -1 50
 15 1 1 199
 15 -2 0 103
 15 -1 -2 214
 105 -2 -3 125
 55 -2 -2 199
 55 2 1 306
 55 4 -1 217
 5 2 3 132
 55 3 1 354
 55 4 1 179
 55 -4 1 80
 5 -3 -3 49
 55 -4 0 173
 55 -4 2 198
 55 2 2 33
 55 3 3 14
 55 1 4 102
 55 0 4 27
 55 -3 -1 100
 55 1 2 333
 55 3 0 217
 55 3 -2 254
 55 1 -3 178
 55 1 3 111
 55 -3 1 174
 5 -3 3 334
 55 2 -2 208
 5 1 -4 359
 55 -2 2 169
 55 4 0 302
 55 -1 4 132
 55 -4 -1 269
 "contig-ratio-green-core" 0.6
 "contig-ratio-red-core" 1
 "a-count" 8
 "b-count" 2
 "c-color-count" 26
 "c-express-count" 26
 "d-color-count" 23
 "d-express-count" 20
 "cell-count" 56
 15 -2 -2 261
 15 2 -1 62
 15 1 0 296
 105 -2 -1 161
 15 1 -2 251
 15 0 1 94
 15 -3 -1 37
 15 1 4 124
 15 0 2 176
 15 1 1 285
 15 -1 -1 111
 105 -4 -1 239
 15 -3 -3 354
 15 -1 -2 89
 15 4 -1 10
 15 0 -1 8
 105 3 -1 87
 15 -3 1 228
 15 -2 0 355
 105 -3 0 39
 15 1 2 124
 15 3 0 150
 105 1 -3 31
 15 0 3 53
 15 2 1 235
 15 1 -1 325
 15 2 0 194
 15 -1 0 57
 5 -2 4 165
 55 -3 3 294
 55 3 -2 60
 55 -1 4 182
 55 -4 1 76
 55 3 3 79
 55 0 4 51
 55 2 2 132
 55 4 1 136
 55 3 2 346
 55 -3 -2 16
 55 3 1 0
 55 -2 1 344
 55 3 -3 334
 55 4 2 100
 55 4 0 258
 55 -1 -4 146
 5 2 -3 358
 55 -2 3 209
 55 -1 3 39
 55 -3 2 150
 55 0 -3 196
 55 -2 2 43
 55 -1 1 189
 55 -1 2 81
 55 2 -2 347
 55 -1 -3 172
 55 0 -4 307
 "contig-ratio-green-core" 0.6666666666666666
 "contig-ratio-red-core" 0.8666666666666667
