 "a-count" 11
 "b-count" 1
 "c-color-count" 27
 "c-express-count" 27
 "d-color-count" 18
 "d-express-count" 17
 "cell-count" 56
 15 -4 -1 29
 105 -4 0 270
 15 -2 -1 130
 15 1 -4 348
 15 3 2 112
 15 -2 2 357
 105 -3 -2 4
 105 4 0 144
 15 0 4 302
 105 -4 1 354
 105 1 4 115
 105 2 -3 128
 15 -3 0 312
 15 -2 -3 340
 15 2 -2 5
 15 3 3 213
 15 3 -1 99
 105 3 -2 272
 15 -2 -2 151
 105 -2 3 292
 15 4 1 58
 105 3 -3 212
 105 -3 -1 143
 15 -3 -3 288
 15 3 0 26
 15 2 3 106
 15 -1 3 92
 15 1 3 351
 55 -1 -2 136
 55 0 2 220
 55 -3 1 64
 55 -1 2 75
 55 0 3 260
 55 0 -4 116
 55 -2 1 208
 55 1 2 18
 55 -1 -1 159
 55 2 1 15
 55 0 -1 104
 55 0 0 249
 55 1 -3 294
 55 2 -1 277
 55 -1 0 292
 55 1 -2 179
 5 -3 2 143
 55 1 -1 249
 55 2 2 82
 55 1 0 227
 55 2 0 123
 55 -2 0 51
 55 0 -2 260
 55 0 -3 239
 55 0 1 157
 55 1 1 17
 55 -1 1 65
 55 3 1 124
 "contig-ratio-green-core" 0.875
 "contig-ratio-red-core" 0.8666666666666667
 "a-count" 8
 "b-count" 3
 "c-color-count" 25
 "c-express-count" 25
 "d-color-count" 21
 "d-express-count" 20
 "cell-count" 56
 15 -2 3 32
 15 4 0 149
 15 -2 2 322
 15 -3 1 235
 15 2 -2 39
 15 1 -2 125
 15 -1 -3 101
 105 2 3 355
 105 -1 -4 214
 15 -1 4 323
 15 0 -4 225
 15 3 3 84
 15 3 1 311
 15 -2 -2 289
 15 3 0 190
 105 -4 0 4
 105 3 -2 127
 15 1 2 8
 15 -2 -1 354
 15 3 -1 220
 15 -3 -1 129
 15 -3 3 228
 105 -3 -2 86
 105 1 -4 229
 15 1 4 127
 15 1 -3 98
 15 2 2 262
 105 4 -1 336
 55 -2 0 6
 55 -4 -1 207
 55 0 2 28
 55 0 -2 345
 55 -2 1 231
 55 3 2 173
 55 0 1 231
 5 1 3 240
 55 1 -1 171
 55 0 -3 130
 55 2 0 242
 55 -1 0 289
 55 -3 0 54
 55 -1 2 215
 55 -1 1 282
 55 1 1 42
 55 2 1 220
 5 -3 -3 17
 55 0 4 284
 55 -1 3 291
 55 0 0 77
 55 2 -1 210
 55 1 0 349
 55 0 3 299
 55 0 -1 179
 5 -4 1 146
 55 -1 -2 252
 55 -1 -1 283
 "contig-ratio-green-core" 1.125
 "contig-ratio-red-core" 1.1333333333333333
 "a-count" 10
 "b-count" 3
 "c-color-count" 26
 "c-express-count" 25
 "d-color-count" 20
 "d-express-count" 18
 "cell-count" 56
 15 -3 2 241
 15 0 -4 243
 15 -2 1 264
 105 3 3 212
 15 3 2 179
 15 -3 -1 74
 15 4 0 270
 105 4 -1 323
 15 2 2 215
 15 -1 3 149
 15 -2 -2 158
 105 1 4 97
 105 -1 -4 22
 105 -3 -3 262
 105 -3 3 148
 15 4 2 181
 105 3 -3 6
 15 2 -3 120
 15 -2 0 82
 15 -2 3 56
 15 1 3 161
 105 -4 1 163
 15 1 -2 219
 15 -1 4 209
 15 -2 -3 315
 15 4 1 296
 15 -1 -3 333
 15 -2 -1 56
 55 0 -3 197
 5 -4 0 287
 55 3 -2 148
 5 -3 0 141
 55 -1 2 235
 55 0 -2 354
 55 1 -1 231
 55 3 1 60
 55 2 -1 182
 55 0 -1 46
 55 1 0 94
 55 3 0 355
 55 1 1 158
 55 -1 0 59
 55 0 0 325
 55 2 0 86
 55 0 4 87
 55 1 2 280
 55 -1 1 101
 55 0 2 310
 55 -1 -2 273
 55 2 3 348
 55 2 1 36
 55 -1 -1 115
 55 -2 2 200
 55 0 3 325
 55 3 -1 89
 55 0 1 194
 "contig-ratio-green-core" 0.9411764705882353
 "contig-ratio-red-core" 0.8571428571428571
 "a-count" 9
 "b-count" 4
 "c-color-count" 25
 "c-express-count" 24
 "d-color-count" 20
 "d-express-count" 19
 "cell-count" 56
 15 -3 2 210
 15 0 3 329
 105 1 3 86
 105 3 -3 87
 15 -3 -2 146
 15 -1 -3 113
 15 -4 1 244
 15 1 -3 230
 15 3 -1 51
 15 -2 -2 89
 15 -1 3 42
 15 3 1 330
 105 -4 -1 3
 15 2 -2 297
 105 -1 4 165
 15 3 -2 218
 15 0 -4 30
 15 2 3 348
 105 4 -1 300
 105 1 4 32
 105 -2 3 270
 105 0 4 299
 15 1 -4 229
 15 -1 -2 45
 15 -3 -1 170
 15 -2 -1 23
 15 2 2 235
 15 4 0 332
 5 3 3 145
 55 0 -2 24
 5 4 1 96
 5 -2 -3 282
 55 2 1 232
 55 1 1 120
 55 -2 2 267
 55 0 0 188
 55 -4 0 234
 55 0 2 104
 55 2 -1 171
 55 0 -3 268
 55 -3 0 172
 55 3 0 53
 55 -2 1 77
 55 -1 1 69
 55 -3 1 177
 55 0 -1 335
 55 1 0 253
 55 -2 0 314
 55 -3 -3 110
 55 1 -1 244
 55 -1 2 103
 55 1 -2 301
 55 -1 -1 184
 55 0 1 246
 55 1 2 227
 55 -1 0 108
 "contig-ratio-green-core" 0.9375
 "contig-ratio-red-core" 0.7647058823529411
