 "a-count" 12
 "b-count" 2
 "c-color-count" 26
 "c-express-count" 26
 "d-color-count" 18
 "d-express-count" 16
 "cell-count" 56
 105 -4 -1 280
 15 1 -2 169
 15 -1 -1 2
 105 3 3 203
 15 1 3 249
 15 1 -1 325
 15 -1 4 192
 15 2 2 302
 15 -4 0 347
 15 0 -1 156
 105 -1 -2 3
 15 -3 3 39
 105 -3 2 223
 15 -1 3 101
 105 -2 3 277
 15 3 -2 354
 15 2 -3 230
 105 -1 -3 271
 105 -2 -2 15
 15 4 1 298
 105 -2 -1 81
 105 3 -3 291
 105 -2 -3 129
 15 -3 1 64
 15 -2 2 21
 15 0 -2 88
 15 3 2 183
 15 2 -2 62
 55 3 0 74
 55 2 1 150
 55 0 1 344
 55 -1 2 29
 55 0 -4 168
 55 -1 0 201
 55 0 -3 153
 5 4 -1 99
 55 1 -3 42
 55 2 0 147
 55 1 2 144
 55 -3 0 78
 55 -2 0 102
 55 0 4 21
 55 -2 1 32
 55 2 -1 26
 55 3 -1 344
 55 -3 -2 334
 55 3 1 205
 55 -3 -1 188
 5 1 4 285
 55 0 0 159
 55 0 3 306
 55 0 2 297
 55 1 0 48
 55 4 0 89
 55 -1 1 258
 55 1 1 278
 "contig-ratio-green-core" 0.9444444444444444
 "contig-ratio-red-core" 0.9375
 "a-count" 12
 "b-count" 4
 "c-color-count" 25
 "c-express-count" 24
 "d-color-count" 16
 "d-express-count" 16
 "cell-count" 56
 15 3 -3 68
 105 -3 3 318
 15 -3 -1 35
 105 0 -3 242
 15 -3 1 351
 105 1 -4 165
 105 1 -3 230
 105 -4 1 135
 105 -4 0 124
 15 4 2 224
 105 1 -2 185
 15 -2 2 81
 15 2 0 274
 15 0 -2 133
 15 -1 -4 201
 15 1 -1 314
 15 -3 -2 74
 15 4 0 131
 105 2 -1 159
 105 2 -2 21
 105 1 4 115
 15 -3 -3 351
 105 -2 -4 172
 105 2 4 99
 15 3 -1 250
 15 -2 -3 62
 15 3 0 337
 15 -1 3 300
 55 -1 -1 220
 5 -1 0 178
 55 -1 1 18
 55 1 3 120
 55 0 -1 81
 55 -2 -1 293
 55 0 1 182
 55 3 2 26
 55 0 2 23
 55 -1 -3 24
 5 3 3 216
 5 -2 3 285
 55 -2 -2 311
 55 0 4 228
 55 -1 -2 107
 55 3 1 2
 55 0 3 306
 55 -2 0 304
 55 4 1 251
 55 2 1 100
 55 -1 2 92
 55 -2 1 78
 55 1 0 194
 55 2 2 169
 55 2 3 275
 55 1 2 252
 55 -3 0 135
 55 0 0 253
 "contig-ratio-green-core" 0.6842105263157895
 "contig-ratio-red-core" 1
 "a-count" 11
 "b-count" 4
 "c-color-count" 26
 "c-express-count" 24
 "d-color-count" 18
 "d-express-count" 17
 "cell-count" 56
 105 3 -2 253
 15 1 -4 169
 15 -2 2 66
 15 3 0 321
 105 -2 -2 123
 15 -4 2 133
 15 -1 4 344
 15 2 3 333
 15 1 -2 18
 105 3 -3 101
 15 4 1 333
 105 4 -1 38
 105 -4 -1 21
 15 1 -3 84
 15 -3 3 329
 15 -2 -1 257
 15 -1 2 21
 15 2 1 116
 15 3 1 255
 105 -1 -4 77
 15 1 4 277
 105 -3 -2 61
 15 1 3 187
 105 4 0 359
 15 -1 -2 341
 105 -2 3 5
 15 -3 -1 171
 105 -1 -3 274
 55 0 1 288
 55 -1 0 87
 55 0 -3 300
 55 0 0 215
 5 -4 0 262
 55 1 -1 311
 55 3 3 68
 55 0 -1 200
 55 -3 1 246
 55 -1 1 294
 55 0 -2 1
 55 1 2 35
 55 1 1 40
 55 0 3 329
 55 2 -1 115
 55 -3 0 103
 55 -2 1 78
 5 2 2 220
 55 0 4 347
 55 2 -2 328
 55 -2 -3 141
 55 -3 2 77
 55 -2 0 137
 55 2 0 294
 55 -1 -1 116
 55 0 2 249
 55 3 2 15
 55 1 0 316
 "contig-ratio-green-core" 0.8888888888888888
 "contig-ratio-red-core" 1.1333333333333333
 "a-count" 8
 "b-count" 3
 "c-color-count" 26
 "c-express-count" 25
 "d-color-count" 20
 "d-express-count" 20
 "cell-count" 56
 15 -2 3 229
 15 -4 1 219
 15 -3 -2 60
 105 -1 -4 158
 105 1 4 69
 15 -4 0 268
 105 3 -2 340
 15 2 -2 151
 15 4 -1 145
 105 3 -3 139
 15 3 -1 228
 105 1 -4 298
 15 4 0 47
 15 0 4 258
 15 2 3 51
 15 -2 -2 140
 15 -1 -3 338
 15 0 -3 143
 15 -4 -1 192
 15 2 -1 328
 15 1 3 115
 105 0 -4 10
 15 -3 1 255
 15 1 -3 199
 105 -3 -3 52
 105 -3 3 126
 15 -3 2 36
 15 4 1 203
 55 -1 2 33
 55 0 0 242
 55 -3 0 353
 55 0 -1 329
 55 -1 -2 45
 55 1 -2 247
 55 2 -3 207
 55 2 2 85
 55 -2 2 209
 55 1 -1 220
 55 0 2 197
 5 0 1 337
 55 3 0 249
 55 2 1 197
 55 -1 3 27
 55 0 -2 322
 55 -1 -1 200
 55 3 1 115
 55 -1 0 182
 5 3 2 107
 55 -2 0 48
 55 0 3 287
 55 -2 1 120
 55 2 0 289
 55 1 2 236
 55 -2 -3 93
 55 1 0 321
 55 -3 -1 142
 "contig-ratio-green-core" 0.9473684210526315
 "contig-ratio-red-core" 1
