 "a-count" 8
 "b-count" 4
 "c-color-count" 25
 "c-express-count" 24
 "d-color-count" 21
 "d-express-count" 20
 "cell-count" 56
 15 0 4 51
 15 -3 -1 316
 15 1 3 112
 105 2 3 291
 15 -4 0 355
 15 -4 1 270
 105 4 0 110
 15 1 -4 32
 15 3 0 343
 15 1 -3 276
 15 2 -2 48
 15 1 2 352
 15 3 -1 101
 15 -2 3 305
 15 -1 4 157
 15 -3 2 278
 105 4 -1 131
 105 -3 3 205
 15 -2 -3 123
 15 2 -1 6
 15 2 2 35
 15 -2 -1 10
 15 -2 -2 203
 105 -3 -3 302
 105 3 2 206
 15 -2 2 44
 15 3 1 346
 105 3 -3 236
 55 -1 -2 308
 55 -2 0 35
 55 1 0 0
 55 0 1 39
 55 0 2 76
 55 2 1 19
 55 1 -2 165
 55 3 3 52
 55 -1 3 88
 55 0 -4 246
 55 -3 0 308
 55 -1 2 135
 5 -2 4 133
 55 0 3 276
 55 1 1 158
 55 -1 -3 197
 55 0 -2 237
 5 -4 -1 135
 55 1 -1 7
 5 3 -2 113
 55 -2 1 228
 55 2 -3 275
 55 0 -3 282
 55 -3 1 282
 55 -1 0 244
 55 -1 -1 260
 55 -1 1 113
 55 2 0 102
 "contig-ratio-green-core" 1
 "contig-ratio-red-core" 0.9473684210526315
 "a-count" 11
 "b-count" 7
 "c-color-count" 22
 "c-express-count" 21
 "d-color-count" 17
 "d-express-count" 17
 "cell-count" 56
 105 -2 -3 95
 15 2 2 88
 15 0 -4 194
 105 -3 -2 221
 15 -1 3 261
 15 -3 -1 280
 105 1 4 140
 15 3 -1 86
 15 3 0 314
 105 2 -3 324
 15 0 4 112
 105 -3 -3 187
 15 -1 -3 166
 15 0 -3 317
 105 -2 -2 299
 15 1 3 317
 105 -3 3 105
 105 3 2 135
 105 4 1 87
 15 -2 -1 94
 15 1 -3 251
 15 -3 0 85
 15 -1 -2 119
 15 -3 2 93
 15 3 3 229
 105 4 -1 3
 105 -2 1 34
 15 3 1 271
 55 -1 0 274
 55 0 0 304
 5 -3 1 304
 55 2 0 71
 55 1 0 339
 55 0 2 155
 5 -4 0 255
 55 1 2 29
 5 -4 -1 109
 55 2 -2 13
 55 1 -2 100
 55 1 1 93
 55 1 -1 64
 55 0 -1 76
 55 -2 0 171
 5 -2 3 79
 5 2 3 181
 55 -1 1 108
 55 -4 1 181
 55 -1 -1 143
 55 0 3 70
 55 -1 -4 219
 55 2 1 85
 5 -1 4 86
 55 -1 2 149
 55 0 1 219
 55 0 -2 230
 55 2 -1 253
 "contig-ratio-green-core" 0.9230769230769231
 "contig-ratio-red-core" 0.5714285714285714
 "a-count" 9
 "b-count" 4
 "c-color-count" 24
 "c-express-count" 24
 "d-color-count" 20
 "d-express-count" 19
 "cell-count" 56
 15 1 2 355
 15 -1 4 29
 15 3 -1 324
 15 -3 -3 170
 15 -2 -3 306
 105 -1 -4 249
 15 -2 3 17
 15 -4 1 127
 15 3 0 226
 15 1 3 254
 105 3 -2 298
 105 2 -3 52
 105 0 -4 167
 105 4 -1 167
 15 1 -2 153
 105 3 3 352
 15 0 -2 27
 15 1 -3 192
 15 1 4 142
 15 -1 -2 301
 15 -3 -2 171
 15 -4 0 178
 105 3 2 139
 15 3 1 200
 15 -1 3 222
 15 4 1 248
 15 2 -2 184
 105 1 -4 298
 55 -2 0 124
 55 0 1 357
 55 -2 -2 270
 55 0 2 285
 55 1 -1 316
 55 2 -1 190
 55 -1 -1 116
 55 1 0 12
 5 0 -3 357
 55 -3 1 228
 55 0 0 95
 55 0 3 14
 55 0 -1 130
 55 -2 -1 332
 55 -3 -1 54
 5 2 2 17
 55 2 0 322
 55 2 1 303
 5 4 0 74
 55 -1 2 130
 55 -1 0 48
 55 -2 2 47
 55 0 4 76
 55 3 -3 252
 5 -3 2 355
 55 -3 0 6
 55 -1 -3 255
 55 1 1 293
 "contig-ratio-green-core" 0.8125
 "contig-ratio-red-core" 0.8823529411764706
 "a-count" 8
 "b-count" 2
 "c-color-count" 26
 "c-express-count" 26
 "d-color-count" 20
 "d-express-count" 20
 "cell-count" 56
 105 3 -2 3
 15 -1 -4 117
 15 2 -1 86
 15 -2 -2 194
 15 0 -4 82
 15 -3 -1 4
 105 -4 -1 350
 105 3 3 198
 105 -3 -3 203
 15 1 -3 292
 15 -2 3 259
 15 -3 1 326
 15 3 1 251
 15 -2 -3 24
 15 -4 0 157
 15 0 4 17
 15 -3 2 237
 15 3 0 186
 15 -1 3 333
 15 1 3 329
 15 4 0 34
 105 3 -3 76
 15 1 -4 75
 15 2 2 214
 105 -3 3 1
 105 3 -1 244
 105 2 -2 246
 15 1 -2 151
 55 0 -1 32
 55 -1 -2 223
 55 0 -3 35
 55 -1 -1 323
 55 -2 1 15
 55 -2 -1 234
 55 1 0 241
 55 -1 2 118
 55 -1 -3 203
 55 0 1 53
 55 0 3 326
 55 0 2 58
 55 -1 1 177
 55 2 1 151
 55 1 4 129
 55 1 2 144
 55 1 -1 313
 55 0 -2 142
 55 -2 2 269
 5 -1 4 161
 55 -3 0 265
 55 1 1 96
 55 -2 0 312
 55 4 -1 279
 55 -1 0 55
 5 3 2 31
 55 2 0 224
 55 0 0 133
 "contig-ratio-green-core" 1.2857142857142858
 "contig-ratio-red-core" 0.9230769230769231
