 "a-count" 9
 "b-count" 2
 "c-color-count" 26
 "c-express-count" 26
 "d-color-count" 20
 "d-express-count" 19
 "cell-count" 56
 15 -4 1 0
 15 2 3 211
 15 4 1 268
 15 -1 -3 126
 15 -3 2 144
 15 0 3 356
 105 -4 2 60
 15 -2 -2 49
 105 2 -3 32
 15 3 -2 319
 15 3 2 250
 15 -3 -1 211
 15 -1 3 48
 15 1 -3 208
 15 -1 -2 290
 105 -3 3 176
 15 -2 3 148
 105 0 -3 237
 15 1 -4 291
 15 1 4 291
 15 4 -1 180
 105 -2 -3 56
 105 -1 4 6
 105 -1 -4 199
 15 3 -1 136
 15 0 -2 272
 105 -3 -3 272
 15 -4 -1 230
 55 1 3 280
 55 0 -1 290
 55 0 0 147
 55 -3 1 299
 55 1 -2 318
 55 1 0 255
 55 2 0 267
 55 -3 0 353
 55 -2 2 225
 5 3 3 285
 55 0 2 59
 55 2 -1 165
 55 1 2 253
 55 1 -1 238
 55 4 0 296
 5 -3 -2 304
 55 3 0 253
 55 0 1 142
 55 -2 1 297
 55 -2 -1 146
 55 2 2 315
 55 -1 2 77
 55 2 1 103
 55 -1 -1 351
 55 2 -2 296
 55 -2 0 202
 55 0 4 100
 55 -1 0 289
 "contig-ratio-green-core" 0.9411764705882353
 "contig-ratio-red-core" 1.0714285714285714
 "a-count" 12
 "b-count" 2
 "c-color-count" 26
 "c-express-count" 26
 "d-color-count" 17
 "d-express-count" 16
 "cell-count" 56
 15 0 3 82
 105 -3 1 187
 15 3 -1 264
 15 2 -2 317
 15 1 -4 246
 105 -3 -2 22
 15 -2 3 295
 15 -2 -4 98
 15 4 0 345
 105 2 3 202
 15 -2 -2 171
 15 4 2 279
 105 -1 -3 259
 105 -2 -3 81
 105 -3 3 60
 15 -3 -1 55
 15 -1 -2 217
 105 -4 1 153
 105 4 -1 172
 15 0 -4 103
 15 0 -3 211
 105 3 -2 249
 15 -3 2 150
 105 0 4 122
 105 3 -3 125
 15 1 -3 262
 15 1 3 16
 15 -1 3 318
 55 3 0 200
 55 0 0 112
 5 3 2 111
 55 1 1 338
 55 -1 -1 307
 55 1 -1 342
 55 -2 -1 113
 5 -4 0 341
 55 2 1 61
 55 1 2 271
 55 -1 1 17
 55 1 -2 33
 55 0 2 49
 55 0 -2 254
 55 -1 -4 313
 55 2 -1 132
 55 4 1 19
 55 1 0 125
 55 -2 1 258
 55 0 -1 159
 55 -2 0 49
 55 -3 0 1
 55 -1 2 145
 55 0 1 167
 55 -1 0 166
 55 3 1 202
 55 2 0 7
 55 -2 2 303
 "contig-ratio-green-core" 1.0769230769230769
 "contig-ratio-red-core" 0.8333333333333334
 "a-count" 10
 "b-count" 3
 "c-color-count" 25
 "c-express-count" 25
 "d-color-count" 20
 "d-express-count" 18
 "cell-count" 56
 15 1 -3 274
 105 -1 4 330
 15 1 3 214
 105 -3 -2 350
 15 -2 2 208
 15 0 -4 171
 105 -1 -4 72
 15 -3 1 207
 15 -3 2 43
 105 1 -4 290
 105 4 -1 327
 15 -4 0 161
 15 1 -2 59
 105 3 -3 81
 15 -1 -3 171
 15 3 2 298
 15 1 4 235
 15 0 -3 169
 15 3 -2 137
 15 4 0 92
 15 2 2 241
 15 0 3 348
 105 0 4 242
 15 3 1 22
 15 4 1 287
 15 -2 3 50
 105 -3 -1 188
 15 2 3 251
 55 1 0 237
 5 -2 -3 40
 55 -1 2 129
 55 0 -2 237
 55 -1 1 334
 55 0 2 245
 5 -2 -1 127
 55 2 1 156
 5 -4 1 305
 55 -2 0 204
 55 2 -1 308
 55 -1 -1 78
 55 3 3 123
 55 1 1 320
 55 0 1 186
 55 1 2 51
 55 3 -1 169
 55 0 0 68
 55 -1 0 51
 55 -2 1 25
 55 -1 -2 252
 55 2 -2 281
 55 0 -1 116
 55 3 0 261
 55 -3 3 213
 55 -3 0 48
 55 2 0 312
 55 1 -1 350
 "contig-ratio-green-core" 1
 "contig-ratio-red-core" 0.7777777777777778
 "a-count" 11
 "b-count" 3
 "c-color-count" 25
 "c-express-count" 25
 "d-color-count" 17
 "d-express-count" 17
 "cell-count" 56
 105 -4 1 170
 105 0 -4 357
 15 4 0 79
 15 3 -1 208
 105 -3 -2 206
 15 0 3 178
 15 -3 -1 305
 105 2 2 104
 15 -1 -3 282
 15 -2 2 271
 15 -3 1 137
 15 2 1 14
 105 -3 2 94
 15 -3 0 277
 105 1 -4 259
 105 3 3 220
 15 3 -2 18
 15 1 2 285
 105 -2 -3 70
 15 -2 -1 1
 105 -1 4 231
 15 -2 -2 181
 15 -2 3 93
 105 0 4 327
 105 4 1 355
 15 -4 0 82
 15 2 -2 325
 15 1 3 77
 5 1 4 26
 55 1 -1 50
 5 3 1 134
 55 -1 1 257
 55 -1 0 154
 55 2 -1 329
 55 1 0 46
 55 1 1 242
 55 0 0 279
 55 4 -1 272
 55 -1 0 113
 55 -1 2 80
 55 -2 1 205
 55 -3 0 216
 55 -1 -1 333
 5 2 3 294
 55 -3 -3 248
 55 0 1 271
 55 -2 0 146
 55 0 2 28
 55 0 -3 209
 55 1 -2 209
 55 0 -2 126
 55 -2 0 33
 55 -1 -2 304
 55 2 0 290
 55 1 -3 241
 55 3 0 237
 "contig-ratio-green-core" 0.8235294117647058
 "contig-ratio-red-core" 0.8823529411764706
