 "a-count" 9
 "b-count" 2
 "c-color-count" 26
 "c-express-count" 26
 "d-color-count" 21
 "d-express-count" 19
 "cell-count" 56
 15 1 3 229
 15 -3 2 164
 105 -3 -3 154
 15 -1 3 209
 15 3 -3 334
 15 3 -2 338
 15 -3 3 295
 15 2 2 105
 15 4 1 120
 15 -1 -4 159
 105 -1 2 186
 105 2 3 176
 105 3 3 86
 15 1 -4 301
 15 0 3 323
 15 -1 -2 132
 15 -2 -2 326
 15 -2 -3 357
 15 2 -2 19
 105 3 2 190
 105 -3 -2 331
 15 3 0 332
 105 4 -1 141
 15 -3 -1 5
 15 -1 -3 178
 15 3 1 241
 15 3 -1 325
 15 -2 3 122
 55 2 1 302
 55 -1 -1 234
 55 1 0 28
 55 1 -1 0
 55 0 -3 41
 55 0 -1 52
 55 2 -1 143
 55 1 -3 149
 55 -1 0 317
 55 -2 1 347
 55 -3 0 291
 55 -1 4 257
 55 -2 -1 280
 5 -4 0 123
 55 1 -2 144
 55 0 2 295
 55 0 -4 83
 55 -2 0 338
 55 1 1 251
 55 0 -2 154
 55 0 1 292
 55 2 0 311
 5 0 4 210
 55 0 0 107
 55 1 2 349
 55 -1 1 356
 55 -4 1 263
 55 -3 1 88
 "contig-ratio-green-core" 0.8333333333333334
 "contig-ratio-red-core" 0.75
 "a-count" 11
 "b-count" 4
 "c-color-count" 25
 "c-express-count" 24
 "d-color-count" 18
 "d-express-count" 17
 "cell-count" 56
 15 2 -2 269
 105 4 1 199
 15 3 1 148
 15 -3 -2 179
 15 -1 3 138
 15 2 1 274
 105 4 -1 20
 15 1 -3 183
 105 -1 4 110
 15 -4 0 216
 15 -2 2 332
 15 3 -1 0
 15 -3 1 64
 15 0 3 4
 105 0 4 120
 15 -2 -3 8
 15 -1 -3 354
 15 3 2 261
 105 0 -4 232
 15 2 2 353
 15 1 3 219
 15 1 -4 140
 105 3 -2 167
 15 4 0 139
 105 1 4 211
 105 4 -2 17
 105 -3 3 217
 105 -4 1 43
 55 -1 -2 243
 55 1 2 337
 55 -3 -1 244
 55 -1 2 344
 55 0 0 96
 55 -2 0 344
 55 3 0 253
 55 -3 0 35
 55 -1 -1 44
 5 -3 -3 322
 55 1 0 145
 55 2 -1 72
 55 0 -1 81
 55 -1 0 40
 55 -2 -1 281
 55 1 1 279
 55 -2 1 257
 55 3 -3 170
 55 0 -3 296
 55 -2 -2 219
 55 2 0 217
 5 2 -3 15
 55 1 -2 185
 55 0 2 59
 5 -1 -4 30
 55 0 -2 50
 55 -1 1 319
 55 1 -1 25
 "contig-ratio-green-core" 1
 "contig-ratio-red-core" 0.8666666666666667
 "a-count" 8
 "b-count" 2
 "c-color-count" 26
 "c-express-count" 26
 "d-color-count" 22
 "d-express-count" 20
 "cell-count" 56
 15 -1 4 318
 15 -4 1 143
 15 1 4 78
 15 2 -2 59
 15 -4 -1 265
 15 -1 -3 6
 15 -2 3 148
 15 2 2 211
 15 -3 2 108
 15 -1 -2 216
 15 1 -3 158
 15 3 0 245
 15 1 3 117
 15 3 1 144
 15 -2 2 107
 105 2 3 146
 105 -2 -3 95
 15 1 -2 321
 15 -4 0 25
 15 4 -1 346
 15 2 1 252
 105 4 1 146
 105 -3 3 207
 15 0 -4 82
 15 -2 -2 9
 15 4 0 117
 105 3 3 351
 105 2 -3 5
 55 1 1 175
 55 -3 1 175
 55 2 0 103
 55 -3 0 141
 55 -1 -4 270
 55 0 -3 178
 55 -1 -1 149
 55 1 -1 359
 55 2 -1 325
 55 1 0 81
 55 0 -2 57
 55 0 4 204
 55 -2 0 314
 55 0 2 210
 55 -1 3 263
 55 0 3 23
 55 -1 0 96
 55 0 1 244
 5 -3 -2 249
 55 -1 2 201
 55 1 2 171
 55 3 -1 330
 55 -2 -1 77
 55 -2 1 21
 5 -3 -3 152
 55 -3 -1 273
 55 0 0 225
 55 0 -1 185
 "contig-ratio-green-core" 1.0526315789473684
 "contig-ratio-red-core" 1
 "a-count" 8
 "b-count" 4
 "c-color-count" 24
 "c-express-count" 24
 "d-color-count" 23
 "d-express-count" 20
 "cell-count" 56
 15 -1 4 217
 15 1 -3 279
 15 -1 -4 188
 15 0 -4 147
 15 -4 -1 255
 15 -3 -2 252
 15 3 -1 127
 15 -1 1 339
 15 3 1 131
 15 3 -3 12
 105 4 1 27
 15 2 3 277
 15 4 0 146
 15 -3 2 90
 105 2 -3 337
 105 -2 2 336
 15 -3 0 144
 105 3 2 258
 15 -3 -1 9
 15 2 2 108
 15 -4 1 195
 15 -1 0 251
 15 -1 -3 193
 15 -1 2 336
 15 0 4 39
 15 -2 -2 8
 105 3 3 308
 15 1 4 210
 55 1 2 110
 5 -2 1 340
 55 0 2 138
 5 3 -2 308
 55 -1 -2 138
 55 1 0 349
 55 4 -1 89
 55 1 3 286
 55 -2 -1 293
 55 0 0 225
 5 1 -4 10
 55 1 1 36
 55 1 -2 245
 55 -1 3 301
 55 2 1 325
 55 1 -1 168
 55 -1 -1 180
 55 -3 3 70
 55 2 0 273
 55 0 -2 111
 55 0 -3 3
 55 0 -1 336
 55 -4 0 311
 5 -2 -3 34
 55 -3 1 215
 55 3 0 294
 55 0 3 74
 55 0 1 197
 "contig-ratio-green-core" 1.1176470588235294
 "contig-ratio-red-core" 0.8421052631578947
