 "a-count" 11
 "b-count" 4
 "c-color-count" 24
 "c-express-count" 24
 "d-color-count" 17
 "d-express-count" 17
 "cell-count" 56
 105 -1 -3 31
 15 4 0 101
 15 1 -3 62
 105 1 -4 350
 105 -2 3 31
 15 -2 -1 245
 15 -3 2 68
 15 3 1 359
 15 2 2 321
 105 3 -1 332
 105 4 -1 129
 15 3 -3 207
 15 -2 1 178
 15 -1 4 257
 105 -4 1 75
 15 -4 3 88
 105 -4 0 256
 15 2 -1 247
 105 3 -2 104
 15 -2 2 95
 15 0 -3 319
 105 0 -4 330
 105 3 2 250
 15 -3 -2 92
 15 -1 3 128
 15 1 3 92
 105 -1 -4 96
 15 -3 0 173
 55 -1 -1 179
 55 0 -2 278
 55 0 -1 83
 55 -2 0 203
 55 -1 2 72
 55 2 -3 33
 55 2 0 325
 55 0 4 222
 55 1 -2 84
 55 0 0 255
 55 1 2 207
 55 1 0 109
 55 1 -1 234
 5 1 4 217
 55 3 0 321
 5 2 3 257
 55 -1 1 42
 55 0 2 199
 55 0 1 194
 55 2 1 147
 55 0 3 293
 55 1 1 333
 5 -4 -1 264
 5 2 -2 184
 55 4 1 229
 55 -4 2 264
 55 -1 0 321
 55 -1 -2 137
 "contig-ratio-green-core" 1
 "contig-ratio-red-core" 1.1538461538461537
 "a-count" 8
 "b-count" 4
 "c-color-count" 25
 "c-express-count" 24
 "d-color-count" 20
 "d-express-count" 20
 "cell-count" 56
 15 1 3 304
 105 -4 0 39
 15 -1 -1 167
 105 -3 -3 83
 15 4 1 296
 15 -3 -1 258
 105 2 -3 226
 15 2 -1 264
 15 -1 -4 208
 105 -2 -3 141
 15 -1 4 39
 105 3 -2 290
 15 3 2 102
 105 -4 -1 280
 15 -1 -2 203
 15 3 0 270
 105 2 -2 207
 105 1 -4 157
 15 -3 0 355
 15 -4 1 59
 15 -3 2 34
 15 -1 3 259
 15 -3 -2 93
 15 -2 2 12
 15 -1 -3 141
 15 -2 -1 55
 15 2 3 287
 15 0 -4 178
 55 1 1 130
 55 0 -3 185
 55 4 0 325
 55 0 -1 163
 55 2 0 284
 55 -3 1 58
 55 2 2 335
 5 -3 3 189
 55 2 1 151
 55 1 0 211
 55 1 -3 178
 55 0 4 94
 55 3 1 123
 55 0 1 145
 55 -1 0 263
 55 0 3 178
 5 -2 3 331
 55 0 -2 271
 55 -1 1 341
 55 1 -1 307
 55 -1 2 235
 5 4 -1 88
 55 1 2 192
 55 0 0 306
 55 0 2 296
 55 -2 0 291
 55 -2 1 157
 55 1 -2 27
 "contig-ratio-green-core" 1
 "contig-ratio-red-core" 1.0833333333333333
 "a-count" 11
 "b-count" 6
 "c-color-count" 23
 "c-express-count" 22
 "d-color-count" 19
 "d-express-count" 17
 "cell-count" 56
 15 2 -1 258
 15 4 1 256
 15 -1 3 231
 15 -1 -2 152
 15 3 -1 321
 15 -4 0 88
 105 2 -3 39
 15 1 3 161
 105 1 -4 285
 15 -1 2 339
 105 -2 3 318
 15 -3 1 15
 105 -2 -3 195
 105 3 -2 146
 15 1 4 20
 15 -3 -1 113
 15 3 2 173
 105 2 3 142
 15 4 -1 0
 105 2 -2 324
 15 1 -2 274
 15 2 2 86
 105 3 3 60
 15 1 2 317
 15 0 -3 323
 15 -1 -3 235
 105 -3 -3 228
 15 -2 -1 267
 5 -4 -1 227
 55 2 1 141
 55 1 0 237
 5 3 -3 217
 55 -2 1 308
 55 -2 2 263
 55 0 3 124
 55 0 0 161
 5 -3 2 267
 55 0 2 331
 55 3 1 50
 55 -1 1 18
 55 -1 0 223
 55 1 1 135
 55 -1 -1 113
 55 4 0 244
 55 3 0 238
 55 0 -1 66
 55 0 -2 330
 5 -4 1 337
 55 -2 0 142
 55 1 -1 358
 55 -3 -2 108
 55 -3 0 32
 55 2 0 53
 5 -1 -4 268
 55 0 4 223
 55 0 1 247
 "contig-ratio-green-core" 1.0666666666666667
 "contig-ratio-red-core" 1.0625
