 "a-count" 7
 "b-count" 5
 "c-color-count" 24
 "c-express-count" 23
 "d-color-count" 22
 "d-express-count" 21
 "cell-count" 56
 15 -2 -3 119
 105 2 -3 128
 105 -2 3 276
 15 -1 3 45
 15 -2 1 62
 15 -1 2 314
 105 3 -3 306
 15 3 -2 319
 15 1 4 86
 105 1 -3 230
 15 -1 4 111
 15 1 -2 123
 105 -3 -2 20
 15 3 0 270
 15 -3 1 169
 15 -4 0 356
 105 -3 -3 103
 15 0 -3 313
 15 0 -4 9
 15 3 1 219
 15 0 4 126
 15 3 3 156
 15 -1 -3 162
 15 -2 -1 173
 15 2 -1 241
 15 3 -1 251
 15 3 2 190
 15 4 0 42
 55 -2 0 11
 55 0 2 338
 5 -3 3 7
 55 1 1 330
 55 2 3 329
 55 -1 1 88
 5 -3 2 229
 55 2 2 305
 55 0 0 351
 55 -3 0 213
 55 -1 0 108
 55 0 1 92
 55 2 0 104
 55 0 3 222
 55 2 1 244
 55 -2 2 305
 55 0 -1 186
 55 1 -4 222
 55 -1 -1 62
 55 -1 -2 48
 55 1 0 281
 5 -4 1 197
 55 1 2 115
 55 1 -1 35
 55 1 3 346
 55 -3 -1 22
 55 0 -2 136
 5 -1 -4 74
 "contig-ratio-green-core" 1.0666666666666667
 "contig-ratio-red-core" 0.8571428571428571
 "a-count" 7
 "b-count" 1
 "c-color-count" 27
 "c-express-count" 27
 "d-color-count" 22
 "d-express-count" 21
 "cell-count" 56
 15 -3 -1 323
 15 2 -3 116
 15 2 -2 334
 15 1 2 305
 15 -1 -1 33
 15 1 -3 164
 105 3 -3 274
 15 -1 -4 357
 105 -2 -3 132
 105 2 3 92
 15 1 -2 343
 15 4 1 338
 15 0 4 357
 15 4 -1 327
 15 -1 -2 177
 15 4 2 275
 15 -1 3 305
 105 -3 3 331
 15 0 -3 106
 105 -3 2 222
 15 3 3 88
 15 2 2 352
 15 -2 -1 168
 15 -4 -2 201
 105 -3 -3 346
 15 -3 -2 92
 15 -2 3 347
 15 3 -2 6
 55 -2 0 265
 55 -4 1 141
 55 -1 0 24
 55 0 2 5
 55 0 -2 353
 55 -2 1 321
 55 3 -1 195
 55 1 1 171
 55 0 1 13
 55 3 2 131
 55 -1 1 271
 55 1 0 86
 55 -1 -3 124
 55 -3 1 232
 55 2 -1 15
 55 2 0 358
 55 0 0 179
 55 -4 -1 309
 55 3 0 221
 55 1 -1 22
 55 -3 0 31
 55 2 1 70
 55 -4 0 174
 55 0 3 250
 55 3 1 64
 55 0 -1 202
 5 -1 4 126
 55 -1 2 335
 "contig-ratio-green-core" 0.8095238095238095
 "contig-ratio-red-core" 0.9411764705882353
 "a-count" 5
 "b-count" 8
 "c-color-count" 20
 "c-express-count" 20
 "d-color-count" 23
 "d-express-count" 23
 "cell-count" 56
 15 4 0 246
 15 -4 1 23
 15 -2 -1 229
 15 2 2 326
 105 -3 -2 225
 15 -1 -3 233
 15 1 3 9
 15 0 -3 300
 15 -3 1 196
 15 -3 -1 326
 15 1 -3 198
 105 -2 -2 186
 15 -3 0 355
 15 -2 0 257
 15 -1 3 154
 15 -1 -4 297
 15 0 -4 293
 15 -3 -3 273
 15 2 -2 99
 105 3 1 74
 15 3 -1 58
 15 1 4 296
 15 2 0 267
 15 0 4 265
 105 3 -3 171
 15 -2 3 236
 105 1 -4 355
 15 -1 -2 51
 55 -1 0 53
 55 1 2 258
 55 0 0 86
 55 -4 -1 323
 55 1 -2 262
 55 -1 -1 94
 5 3 -2 260
 55 -4 0 22
 5 2 3 247
 5 2 -3 166
 55 -2 2 127
 5 -3 2 160
 55 0 -1 202
 55 1 -1 324
 55 1 1 111
 5 -3 3 123
 55 -2 1 86
 55 0 1 82
 55 -1 2 101
 55 -1 1 22
 5 4 1 279
 55 3 0 354
 55 1 0 165
 55 0 3 224
 55 0 -2 133
 5 4 -1 160
 5 3 2 313
 55 2 1 274
 "contig-ratio-green-core" 1.0714285714285714
 "contig-ratio-red-core" 0.6111111111111112
 "a-count" 10
 "b-count" 3
 "c-color-count" 25
 "c-express-count" 25
 "d-color-count" 18
 "d-express-count" 18
 "cell-count" 56
 105 -3 2 23
 105 -3 -1 214
 105 3 -1 227
 15 -3 0 42
 105 1 -4 277
 15 -2 -2 102
 15 1 3 100
 105 -3 -3 332
 15 1 4 111
 105 3 2 239
 15 0 -3 285
 105 -4 0 262
 15 2 2 42
 105 -3 -2 296
 15 -1 -4 154
 15 2 -3 232
 105 -4 -1 203
 15 -2 3 109
 15 -1 4 95
 15 -2 -1 153
 15 -1 -3 238
 15 3 0 307
 15 -2 2 292
 15 -3 1 274
 105 0 -4 92
 15 -1 3 100
 15 3 1 250
 15 -3 3 107
 55 1 0 172
 55 -2 1 88
 55 1 -1 90
 55 0 0 315
 55 -1 1 293
 55 0 -1 135
 55 0 4 234
 55 0 -2 330
 55 0 3 139
 55 3 3 4
 55 -1 -1 162
 55 1 -3 52
 55 -2 0 74
 55 -1 2 186
 5 3 -3 8
 55 1 -2 156
 55 2 0 247
 55 0 1 217
 55 2 -1 108
 55 -1 -2 250
 5 3 -2 129
 55 1 1 48
 55 0 2 71
 5 4 1 89
 55 2 1 342
 55 -1 0 322
 55 1 2 131
 55 2 -2 316
 "contig-ratio-green-core" 1.1538461538461537
 "contig-ratio-red-core" 0.7857142857142857
