 "a-count" 12
 "b-count" 2
 "c-color-count" 27
 "c-express-count" 26
 "d-color-count" 17
 "d-express-count" 16
 "cell-count" 56
 15 -3 -1 317
 105 -3 3 3
 15 -2 -3 169
 15 2 2 148
 105 -3 2 153
 105 3 2 327
 15 -2 -2 126
 15 3 -1 190
 105 -1 -4 306
 105 3 -3 253
 15 -1 -3 237
 15 1 -3 87
 15 2 -2 143
 15 -1 3 223
 105 3 3 155
 105 -3 1 129
 15 0 4 266
 105 4 1 110
 105 3 -2 225
 15 -4 -1 194
 15 -2 2 300
 15 -3 -3 93
 105 -1 4 19
 15 1 3 350
 15 1 2 75
 105 -3 -2 13
 15 3 1 41
 15 4 -1 349
 55 -1 -1 29
 55 2 1 175
 55 -2 0 322
 55 0 0 253
 55 1 -2 267
 55 1 0 272
 55 -1 0 240
 55 -1 2 130
 55 -1 1 276
 55 0 -1 102
 55 0 1 337
 55 1 1 139
 55 0 -3 155
 55 3 0 26
 55 -2 -1 131
 55 2 0 244
 55 -3 0 134
 55 -4 0 78
 55 1 -1 193
 55 0 -4 162
 55 -1 -2 210
 5 -4 1 78
 55 1 4 55
 55 0 -2 65
 55 2 -1 228
 55 0 2 161
 55 -2 1 6
 55 0 3 50
 "contig-ratio-green-core" 1.0769230769230769
 "contig-ratio-red-core" 1
 "a-count" 10
 "b-count" 2
 "c-color-count" 26
 "c-express-count" 26
 "d-color-count" 19
 "d-express-count" 18
 "cell-count" 56
 15 0 -4 138
 15 3 0 217
 15 -1 -3 0
 105 -4 -1 244
 15 2 -2 282
 15 2 -1 237
 15 -2 1 303
 15 1 4 191
 15 -4 0 120
 15 2 -3 59
 105 -2 2 103
 15 -3 1 150
 15 -1 4 185
 105 3 -2 22
 105 -2 -3 14
 15 2 0 195
 105 -1 -4 27
 105 1 -4 97
 15 0 4 133
 15 4 0 130
 15 -3 -2 107
 105 -3 2 44
 15 -2 -2 119
 15 3 2 105
 15 0 3 244
 105 -2 3 323
 105 -3 3 105
 15 -1 3 38
 55 0 -2 190
 55 0 -3 151
 55 1 -2 23
 55 1 2 20
 55 -2 -1 220
 55 -1 0 314
 55 -1 1 115
 55 2 2 93
 55 1 -1 244
 55 -2 0 96
 55 -1 -2 98
 5 3 3 243
 55 0 1 45
 55 0 2 355
 55 3 1 251
 55 -1 2 3
 55 1 0 143
 55 2 1 297
 55 1 3 177
 55 -1 -1 355
 55 1 1 73
 5 -3 -3 306
 55 -3 -1 55
 55 4 1 217
 55 0 -1 150
 55 -3 0 20
 55 1 -3 45
 55 0 0 219
 "contig-ratio-green-core" 0.9411764705882353
 "contig-ratio-red-core" 1
 "a-count" 7
 "b-count" 1
 "c-color-count" 27
 "c-express-count" 27
 "d-color-count" 22
 "d-express-count" 21
 "cell-count" 56
 15 -4 1 29
 15 -2 -3 111
 105 -3 3 151
 105 3 3 136
 15 1 3 22
 105 1 -4 26
 15 -1 -4 164
 15 3 -2 123
 15 0 -4 28
 105 -4 0 313
 15 1 -2 118
 15 -2 3 84
 105 -2 2 208
 15 -4 -1 18
 15 3 2 72
 15 4 1 72
 15 -2 1 278
 105 -3 2 234
 15 -3 1 179
 15 -3 -2 314
 15 3 -3 112
 15 1 -3 159
 15 0 4 351
 15 -1 2 321
 15 2 -2 345
 15 -1 3 199
 15 -3 0 1
 15 3 -1 218
 55 0 -1 112
 55 -2 -1 336
 55 -2 -2 257
 55 1 1 348
 55 3 1 228
 55 0 -3 242
 55 -1 1 130
 55 -1 0 48
 55 2 -1 186
 55 0 0 18
 55 -3 -1 177
 55 2 1 222
 55 0 3 114
 55 2 2 87
 55 -1 -1 70
 55 3 0 70
 55 0 -2 65
 5 -1 4 279
 55 2 0 219
 55 0 1 220
 55 -1 -2 246
 55 0 2 225
 55 4 -1 36
 55 -2 0 213
 55 1 -1 158
 55 1 0 320
 55 1 2 295
 55 -1 -3 70
 "contig-ratio-green-core" 1.1333333333333333
 "contig-ratio-red-core" 1
