 "a-count" 6
 "b-count" 4
 "c-color-count" 24
 "c-express-count" 24
 "d-color-count" 24
 "d-express-count" 22
 "cell-count" 56
 15 3 1 124
 15 2 1 76
 15 -1 0 62
 105 -2 -2 58
 15 -3 1 157
 15 0 -2 329
 105 -2 1 151
 105 -4 0 136
 15 1 -2 214
 15 1 -1 32
 105 -1 -4 274
 15 -1 -2 208
 15 0 1 99
 15 1 0 172
 15 -1 1 21
 15 1 2 76
 15 2 -2 154
 15 1 1 183
 15 0 -1 22
 15 2 0 330
 15 -1 -1 271
 15 -2 0 230
 15 0 -3 65
 15 0 0 128
 15 -1 2 28
 15 1 4 70
 15 -1 -3 89
 15 -2 2 344
 55 -4 1 28
 55 2 3 315
 55 -3 3 278
 5 -3 -1 249
 55 -2 3 316
 55 4 0 327
 55 -3 -2 68
 55 3 0 201
 55 2 2 221
 55 -3 0 342
 5 2 -3 14
 5 4 1 86
 5 0 2 282
 55 -4 -1 168
 55 1 3 67
 55 -3 2 247
 55 4 -1 132
 55 3 3 237
 55 -2 -1 26
 55 1 -3 343
 55 0 -4 346
 55 1 -4 20
 55 -2 -3 294
 55 2 -1 108
 55 3 -2 210
 55 3 -1 114
 55 3 -3 272
 55 -1 4 269
 "contig-ratio-green-core" 0.6842105263157895
 "contig-ratio-red-core" 0.8666666666666667
 "a-count" 9
 "b-count" 6
 "c-color-count" 23
 "c-express-count" 22
 "d-color-count" 22
 "d-express-count" 19
 "cell-count" 56
 105 -2 3 75
 15 1 1 300
 15 1 -2 197
 15 -1 2 67
 15 0 -2 359
 15 0 3 302
 15 1 -1 197
 105 -2 -1 357
 15 0 -4 37
 15 -1 -1 248
 15 0 -1 64
 15 -4 -1 70
 15 -4 0 200
 105 0 -3 131
 15 1 0 275
 15 -2 1 191
 15 1 2 27
 105 1 4 284
 15 -1 0 127
 105 -1 3 172
 15 0 2 65
 15 -2 -3 256
 15 0 0 34
 105 2 -3 17
 15 -3 0 251
 15 -2 0 63
 15 0 1 201
 15 -1 1 26
 55 -3 -1 97
 55 1 -4 211
 55 -3 2 51
 55 4 -1 78
 55 -2 -2 211
 5 1 -3 350
 55 4 1 157
 55 4 0 343
 55 3 0 32
 55 3 3 63
 55 -4 1 102
 55 2 0 353
 55 3 -3 242
 55 -3 1 217
 55 -1 -4 101
 5 2 1 147
 55 2 2 32
 5 0 4 243
 55 3 2 222
 55 3 -2 165
 55 -1 -3 288
 55 2 3 247
 5 -3 -3 192
 55 -2 2 71
 55 2 -1 111
 55 -3 3 291
 55 -1 4 186
 5 3 1 41
 "contig-ratio-green-core" 0.42857142857142855
 "contig-ratio-red-core" 0.6923076923076923
 "a-count" 6
 "b-count" 5
 "c-color-count" 23
 "c-express-count" 23
 "d-color-count" 25
 "d-express-count" 22
 "cell-count" 56
 15 2 0 83
 15 -1 2 349
 15 3 1 102
 15 2 -3 359
 15 -1 1 136
 15 0 0 246
 15 0 2 176
 15 1 -2 13
 15 1 -1 232
 15 -2 -3 293
 15 1 4 163
 15 -3 0 117
 15 1 -4 162
 15 1 1 302
 15 1 0 12
 15 1 2 34
 15 0 1 233
 15 0 -2 16
 15 1 -3 358
 105 2 -1 30
 15 -1 -1 307
 15 3 0 185
 15 1 3 357
 105 -3 -1 126
 15 2 1 358
 105 -3 -2 142
 15 -2 1 3
 15 -1 0 260
 55 -4 -1 310
 55 -3 -3 358
 55 2 -2 125
 55 -1 -2 217
 5 4 0 25
 55 3 -2 341
 55 -4 1 127
 5 -4 0 93
 5 -2 0 324
 5 -2 -1 204
 5 -3 2 298
 55 2 3 63
 55 0 3 289
 55 -1 -3 300
 55 -1 3 141
 55 3 3 329
 55 3 2 316
 55 -2 3 39
 55 -3 3 129
 55 0 4 173
 55 4 1 183
 55 2 2 261
 55 -1 -4 207
 55 -2 -2 198
 55 -3 1 189
 55 -2 2 198
 55 0 -3 14
 55 3 -1 149
 "contig-ratio-green-core" 0.7619047619047619
 "contig-ratio-red-core" 0.6666666666666666
 "a-count" 7
 "b-count" 5
 "c-color-count" 23
 "c-express-count" 23
 "d-color-count" 25
 "d-express-count" 21
 "cell-count" 56
 15 -2 1 299
 15 1 0 70
 15 -3 1 107
 15 1 -3 28
 15 2 1 41
 15 3 -3 325
 15 3 -1 318
 15 0 0 331
 15 1 1 201
 15 -3 -1 208
 15 -2 3 220
 105 -4 0 359
 15 2 -1 133
 15 -2 0 192
 15 1 -1 313
 15 0 2 236
 15 3 3 281
 15 -1 1 31
 15 3 0 58
 105 -3 -3 225
 15 -1 2 169
 15 2 0 355
 15 3 1 314
 15 0 -1 262
 105 -4 1 172
 15 2 -2 96
 15 -3 0 191
 15 0 1 332
 55 -1 4 354
 55 -1 -3 83
 55 -2 -2 136
 55 4 0 159
 55 2 -3 24
 5 -3 2 253
 55 3 2 349
 55 0 -2 285
 55 4 -1 273
 55 1 3 263
 5 4 1 229
 55 -2 2 178
 55 2 3 227
 55 1 4 164
 55 -2 -1 252
 5 -2 -3 314
 55 1 2 344
 55 -1 3 287
 55 3 -2 116
 55 -1 -4 279
 55 2 2 267
 55 -1 -2 223
 5 1 -2 18
 55 0 -3 339
 55 0 4 359
 55 0 3 29
 55 -4 -1 198
 5 -1 0 352
 "contig-ratio-green-core" 0.7647058823529411
 "contig-ratio-red-core" 0.8125
