 "a-count" 5
 "b-count" 5
 "c-color-count" 23
 "c-express-count" 23
 "d-color-count" 23
 "d-express-count" 23
 "cell-count" 56
 15 2 1 251
 15 -1 -2 124
 105 1 4 47
 15 -1 2 47
 105 -2 0 164
 15 1 3 30
 15 -2 -1 189
 15 -3 0 240
 15 0 -1 170
 15 4 -1 68
 15 1 1 220
 15 -1 0 286
 15 -3 2 47
 15 3 0 157
 15 1 0 123
 15 1 2 210
 15 2 2 311
 105 0 3 295
 15 -2 -3 185
 15 -1 1 211
 15 1 -1 314
 15 -1 3 166
 15 -1 -1 139
 15 0 2 125
 15 -2 1 234
 105 0 1 217
 15 0 0 210
 105 1 -2 174
 55 -3 1 156
 55 -1 4 338
 55 -4 -1 218
 55 2 -3 358
 55 3 -3 89
 55 -3 -1 340
 55 0 -3 223
 55 -2 -2 14
 55 2 3 100
 55 3 -1 270
 5 -3 -2 319
 55 4 0 205
 55 2 -2 314
 55 0 -4 350
 55 4 1 273
 55 3 3 294
 55 3 -2 248
 55 -4 0 199
 55 0 4 237
 55 -1 -4 176
 5 -2 3 61
 5 -3 -3 290
 5 0 -2 164
 5 2 -1 29
 55 2 0 132
 55 -2 2 162
 55 3 2 330
 55 1 -3 305
 "contig-ratio-green-core" 0.6666666666666666
 "contig-ratio-red-core" 0.75
 "a-count" 5
 "b-count" 5
 "c-color-count" 24
 "c-express-count" 23
 "d-color-count" 23
 "d-express-count" 23
 "cell-count" 56
 15 0 -2 181
 15 -2 -3 341
 105 1 4 308
 15 -1 -2 314
 15 -2 1 263
 15 3 -1 79
 105 3 1 76
 15 2 0 272
 15 -2 0 20
 15 0 2 234
 15 2 1 14
 15 -1 0 138
 15 -2 -2 17
 105 1 3 48
 15 2 -1 214
 15 1 0 89
 15 -1 -1 342
 15 0 -1 256
 105 0 0 242
 15 -4 0 106
 15 1 1 28
 15 3 3 0
 105 0 1 118
 15 -3 0 206
 15 -2 -1 313
 15 3 0 184
 15 0 3 69
 15 4 1 153
 55 -1 2 119
 55 4 0 282
 55 -3 1 300
 5 2 2 289
 55 1 -4 97
 55 -3 2 26
 55 2 3 278
 55 -2 2 328
 55 -2 3 38
 55 -4 -1 93
 55 0 -4 192
 55 -1 -3 196
 55 0 4 131
 55 -1 1 79
 55 -1 3 186
 55 -3 -3 179
 55 2 -3 331
 55 3 -2 255
 55 4 -1 42
 5 -3 -1 218
 55 -1 -4 245
 55 2 -2 78
 5 -3 -2 125
 5 3 -3 332
 55 3 2 145
 55 1 -1 186
 55 0 -3 278
 55 1 -2 151
 "contig-ratio-green-core" 0.6956521739130435
 "contig-ratio-red-core" 0.8823529411764706
 "a-count" 6
 "b-count" 3
 "c-color-count" 25
 "c-express-count" 25
 "d-color-count" 25
 "d-express-count" 22
 "cell-count" 56
 15 0 2 301
 15 -2 1 240
 15 1 -1 224
 105 0 -3 170
 15 1 2 164
 15 1 -3 276
 15 1 0 105
 15 1 1 172
 15 -1 -1 100
 15 0 3 72
 15 4 1 80
 15 -1 0 330
 105 0 0 247
 15 -1 2 25
 15 -2 -1 204
 15 2 -2 193
 15 0 -4 80
 15 -3 0 179
 15 0 -1 319
 15 0 -2 277
 15 1 4 304
 15 -1 -2 318
 15 -2 0 68
 105 -2 3 124
 15 2 2 7
 15 -2 2 9
 15 1 -2 20
 15 -1 1 286
 55 2 1 47
 55 2 3 74
 55 1 -4 212
 55 3 0 214
 55 -1 4 31
 55 -4 -1 338
 55 4 0 257
 55 2 -1 46
 55 3 1 101
 55 -3 2 224
 55 3 3 180
 55 1 3 25
 55 2 -3 0
 5 -3 -3 55
 55 0 4 48
 5 -2 -3 110
 5 -1 -3 39
 55 4 -1 49
 55 -3 1 350
 55 3 -3 345
 55 3 -1 212
 55 -1 3 239
 55 -3 3 351
 55 -4 0 38
 55 3 2 97
 55 3 -2 250
 55 -3 -1 346
 55 -3 -2 138
 "contig-ratio-green-core" 0.7222222222222222
 "contig-ratio-red-core" 0.875
