 "a-count" 0
 "b-count" 3
 "c-color-count" 25
 "c-express-count" 25
 "d-color-count" 28
 "d-express-count" 28
 "cell-count" 56
 15 -2 0 171
 15 1 -2 237
 15 -1 -2 60
 15 3 1 76
 15 -3 0 58
 15 0 -1 265
 15 0 -2 121
 15 -2 2 119
 15 1 1 92
 15 -1 2 215
 15 0 1 160
 15 0 0 14
 15 2 1 277
 15 -2 3 32
 15 -4 -1 11
 15 2 -1 248
 15 0 -3 38
 15 -1 1 6
 15 0 2 305
 15 -1 -1 224
 15 2 0 282
 15 1 -1 195
 15 -1 0 272
 15 1 0 59
 15 3 0 192
 15 -2 -2 26
 15 -2 1 3
 15 -2 -1 11
 55 3 -3 224
 55 -4 0 112
 55 3 3 7
 55 1 2 255
 55 0 -4 42
 5 -1 4 101
 55 1 -3 249
 55 -3 3 120
 5 4 0 49
 55 -1 -3 165
 55 3 -1 158
 55 0 3 170
 55 -3 -3 219
 55 2 -2 257
 55 -4 1 329
 55 1 3 93
 55 0 4 287
 55 -3 -1 7
 55 -2 -3 352
 55 4 1 142
 5 3 2 75
 55 -1 3 205
 55 1 -4 183
 55 -3 1 65
 55 1 4 359
 55 3 -2 86
 55 -3 -2 235
 55 2 -3 225
 "contig-ratio-green-core" 0.6363636363636364
 "contig-ratio-red-core" 0.9375
 "a-count" 9
 "b-count" 4
 "c-color-count" 24
 "c-express-count" 24
 "d-color-count" 22
 "d-express-count" 19
 "cell-count" 56
 15 2 0 187
 105 -3 -2 84
 15 0 2 33
 105 -3 -1 88
 15 3 3 178
 15 0 0 347
 15 1 -1 329
 105 -4 0 104
 15 -3 0 192
 15 -1 -2 277
 105 1 4 134
 15 2 -1 189
 15 -2 -1 74
 105 -4 -1 70
 15 0 -1 45
 15 -1 0 186
 15 -1 -1 125
 15 1 1 74
 15 1 2 20
 15 2 1 116
 15 0 1 114
 15 -1 3 62
 15 -2 -2 337
 15 -1 1 331
 105 1 0 298
 15 -1 2 29
 15 -2 1 7
 15 3 1 180
 55 1 -3 36
 55 -2 2 136
 55 4 0 186
 5 3 -3 329
 5 -1 -3 182
 55 1 -4 49
 55 0 -3 318
 55 2 -3 187
 55 0 -2 142
 55 3 0 263
 55 -1 -4 131
 55 -2 -3 301
 55 3 -1 41
 5 4 -1 321
 55 0 -4 115
 55 2 3 310
 55 0 3 302
 55 1 -2 60
 55 2 2 269
 55 -3 2 341
 55 3 2 0
 55 -3 -3 92
 55 2 -2 66
 55 -1 4 153
 55 -3 3 103
 5 -4 1 317
 55 0 4 195
 55 -3 1 84
 "contig-ratio-green-core" 0.6666666666666666
 "contig-ratio-red-core" 0.75
 "a-count" 4
 "b-count" 6
 "c-color-count" 22
 "c-express-count" 22
 "d-color-count" 26
 "d-express-count" 24
 "cell-count" 56
 15 1 0 250
 15 -1 -2 39
 15 2 -1 342
 15 -1 -4 225
 15 1 2 334
 15 0 2 2
 15 3 -2 184
 15 2 0 109
 15 -1 1 203
 15 -2 -1 263
 15 -3 -3 87
 15 2 1 344
 15 1 -2 86
 105 -2 3 82
 105 0 -3 193
 15 -3 0 85
 15 0 0 218
 15 0 1 22
 15 -2 0 101
 15 0 3 154
 15 -2 -2 241
 15 -1 -1 1
 15 -3 -1 168
 15 1 1 123
 15 -1 2 265
 15 -1 0 306
 15 3 0 152
 15 -4 1 296
 55 -4 0 359
 55 -2 2 67
 55 0 -2 94
 55 -4 -1 148
 5 2 3 260
 55 -3 2 162
 55 3 -1 269
 5 3 2 280
 55 1 -1 213
 5 1 -4 328
 55 -1 3 358
 55 -3 1 102
 55 3 -3 55
 55 4 -1 0
 55 -2 1 246
 55 3 3 226
 55 0 -4 283
 55 -1 4 316
 55 -3 3 284
 55 1 3 255
 55 -2 -3 220
 5 2 -2 7
 55 2 2 43
 55 0 4 137
 55 0 -1 270
 5 -3 -2 267
 5 2 -3 343
 55 3 1 219
 "contig-ratio-green-core" 0.8571428571428571
 "contig-ratio-red-core" 1
