 "a-count" 5
 "b-count" 3
 "c-color-count" 26
 "c-express-count" 25
 "d-color-count" 23
 "d-express-count" 23
 "cell-count" 56
 15 2 1 69
 15 0 -1 68
 15 0 -3 67
 15 1 0 69
 15 0 1 174
 15 -1 0 155
 105 3 2 326
 105 -1 3 206
 15 2 0 133
 15 0 -2 172
 15 -1 4 88
 15 -2 0 187
 15 1 1 313
 105 -1 2 229
 15 -1 -1 151
 15 2 -1 281
 15 1 3 295
 15 0 0 48
 15 -1 1 278
 105 3 -3 44
 15 1 2 80
 15 1 4 107
 105 4 -1 322
 15 1 -3 193
 15 -1 -2 236
 15 -3 -3 318
 15 1 -2 210
 15 1 -1 40
 55 -2 -2 338
 55 2 3 30
 55 1 -4 92
 55 -2 1 307
 55 3 0 221
 55 -3 1 122
 55 -1 -3 347
 55 4 1 111
 55 -2 -3 232
 5 2 2 133
 55 -3 -1 259
 55 -3 -2 309
 55 3 1 258
 55 4 0 21
 55 -4 -1 120
 55 -1 -4 302
 55 -4 0 71
 55 0 -4 84
 55 -3 0 109
 55 -3 2 140
 55 2 -3 150
 55 2 -2 326
 55 3 -1 11
 5 -4 1 70
 55 -3 3 18
 55 0 4 286
 55 -2 3 257
 55 -2 -1 312
 "contig-ratio-green-core" 0.5714285714285714
 "contig-ratio-red-core" 1
 "a-count" 1
 "b-count" 3
 "c-color-count" 25
 "c-express-count" 25
 "d-color-count" 27
 "d-express-count" 27
 "cell-count" 56
 15 -2 -3 112
 15 2 0 358
 15 -1 0 343
 15 -4 0 48
 15 0 3 31
 15 -3 1 103
 15 -4 1 220
 15 -2 -2 263
 15 0 0 353
 15 2 2 176
 15 0 2 192
 105 -4 -1 261
 15 2 1 71
 15 -2 1 141
 15 -1 -4 322
 15 1 0 271
 15 -1 2 138
 15 -1 1 331
 15 0 -2 6
 15 -1 -2 348
 15 -1 -1 306
 15 1 2 243
 15 -1 -3 313
 15 1 -1 265
 15 0 1 242
 15 0 -1 132
 15 1 1 66
 15 1 3 209
 55 -2 0 65
 55 4 1 183
 55 0 4 229
 55 -1 3 282
 5 -3 2 115
 55 -3 -2 166
 55 0 -4 122
 55 -3 0 51
 55 2 -2 195
 55 -3 -1 318
 55 -1 4 23
 55 4 0 59
 55 -2 3 333
 55 -3 -3 85
 55 3 -3 273
 55 1 -2 358
 55 -2 2 340
 55 3 -2 256
 55 -2 -1 56
 5 2 3 17
 55 3 -1 290
 55 1 -3 192
 5 3 1 348
 55 1 -4 328
 55 0 -3 215
 55 4 -1 291
 55 2 -1 317
 55 3 2 103
 "contig-ratio-green-core" 0.6521739130434783
 "contig-ratio-red-core" 0.8
 "a-count" 7
 "b-count" 5
 "c-color-count" 23
 "c-express-count" 23
 "d-color-count" 25
 "d-express-count" 21
 "cell-count" 56
 15 1 0 116
 15 2 2 145
 15 0 2 191
 15 1 2 181
 15 -2 0 216
 15 -1 1 349
 15 2 1 281
 15 0 -1 210
 15 0 1 166
 15 -2 -1 240
 15 0 0 212
 15 0 -2 344
 15 -1 0 262
 15 -1 2 245
 15 -1 -1 1
 15 1 -2 150
 15 -4 1 125
 15 1 -1 275
 105 -3 -1 324
 15 -2 2 256
 105 3 -1 356
 15 1 4 19
 15 -3 0 213
 15 -1 -2 109
 15 1 1 324
 105 4 0 204
 15 -3 -2 246
 15 1 -4 186
 55 3 0 45
 55 -3 2 89
 55 0 -4 326
 5 0 -3 153
 5 0 3 210
 55 2 -3 57
 5 3 2 208
 55 0 4 107
 55 1 -3 349
 55 -1 4 72
 55 2 -1 239
 55 1 3 333
 55 3 1 41
 5 4 1 337
 55 2 0 61
 55 -1 -4 187
 55 -1 -3 58
 55 -2 -2 301
 5 -2 -3 273
 55 -4 0 89
 55 3 3 141
 55 2 3 63
 55 -2 3 185
 55 -3 3 302
 55 3 -3 273
 55 2 -2 5
 55 -4 -1 148
 55 -3 1 113
 "contig-ratio-green-core" 0.5882352941176471
 "contig-ratio-red-core" 0.8125
 "a-count" 7
 "b-count" 4
 "c-color-count" 24
 "c-express-count" 24
 "d-color-count" 24
 "d-express-count" 21
 "cell-count" 56
 15 0 0 98
 15 0 -2 349
 15 -1 -1 69
 15 -3 2 69
 15 1 1 303
 15 0 4 53
 15 2 -1 221
 15 3 1 69
 15 1 0 25
 15 1 -4 7
 105 1 3 176
 15 1 -1 147
 15 2 1 353
 15 0 1 78
 15 0 -3 348
 105 -3 3 5
 15 -3 1 59
 15 0 -1 203
 15 3 2 146
 15 -1 1 180
 15 -3 0 82
 105 4 -1 190
 15 -1 0 272
 15 2 3 155
 15 0 2 314
 105 3 -1 71
 15 3 0 161
 15 -4 -1 205
 55 -3 -2 134
 55 1 -2 106
 55 0 3 209
 55 -3 -3 256
 55 3 -3 285
 5 3 3 339
 55 4 2 164
 55 4 0 155
 5 -2 -2 55
 55 -4 1 83
 55 1 -3 341
 55 -2 2 110
 5 -2 3 56
 55 2 -2 33
 55 1 4 249
 5 2 0 15
 55 -1 -3 123
 55 1 2 216
 55 2 2 299
 55 -3 -1 33
 55 -1 -4 269
 55 4 1 253
 55 3 -2 300
 55 -1 2 108
 55 -2 -1 218
 55 2 -3 51
 55 -1 4 103
 55 -4 0 20
 "contig-ratio-green-core" 0.85
 "contig-ratio-red-core" 1
