 "a-count" 3
 "b-count" 5
 "c-color-count" 23
 "c-express-count" 23
 "d-color-count" 26
 "d-express-count" 25
 "cell-count" 56
 15 0 -3 23
 15 2 -1 146
 15 -1 3 99
 15 1 0 215
 15 0 0 355
 105 2 1 54
 15 -3 -1 259
 15 4 0 153
 15 -2 -2 230
 15 1 -1 211
 15 -2 1 62
 15 0 3 121
 15 1 2 321
 15 2 0 280
 15 0 -1 258
 15 3 2 137
 15 -2 0 53
 15 -2 -1 118
 15 -1 0 163
 15 -3 1 14
 105 -1 1 9
 15 1 1 108
 15 -1 2 340
 15 0 1 9
 15 -1 -2 39
 15 -2 2 223
 15 0 2 346
 15 -1 -1 312
 55 2 -2 71
 55 2 3 45
 55 1 -2 239
 5 4 -1 35
 55 1 -4 165
 55 -3 -3 297
 55 -4 -1 43
 55 -3 3 29
 55 3 3 354
 55 -2 -3 45
 55 1 -3 277
 55 2 2 65
 55 1 3 213
 55 1 4 123
 55 3 -1 73
 55 -3 2 230
 5 -1 -4 87
 5 0 -2 174
 55 -1 -3 11
 55 0 -4 27
 55 -2 3 62
 55 0 4 346
 55 4 1 275
 5 3 -3 66
 55 3 1 129
 55 -4 0 4
 55 3 -2 275
 5 -1 4 86
 "contig-ratio-green-core" 0.6666666666666666
 "contig-ratio-red-core" 0.8461538461538461
 "a-count" 3
 "b-count" 3
 "c-color-count" 25
 "c-express-count" 25
 "d-color-count" 26
 "d-express-count" 25
 "cell-count" 56
 15 1 0 160
 15 0 3 112
 105 3 3 140
 15 1 -2 337
 15 -3 0 110
 15 -4 1 7
 15 0 -1 278
 15 1 -3 27
 15 2 2 38
 15 -1 2 118
 15 1 1 125
 15 -3 3 62
 15 2 -2 355
 15 -3 -1 280
 15 0 2 175
 15 2 1 143
 15 -2 -1 211
 15 -2 1 67
 15 0 0 328
 15 1 -1 191
 15 -1 1 149
 15 -1 0 288
 15 3 1 188
 15 2 0 109
 105 1 2 162
 15 0 1 0
 15 2 -1 272
 15 -1 3 14
 55 -2 -2 7
 55 2 3 68
 55 1 3 338
 55 -1 -1 334
 55 -1 4 243
 55 0 -2 317
 55 1 4 318
 55 -2 2 50
 55 4 0 175
 55 0 -3 351
 55 -3 1 121
 5 -1 -4 65
 55 -1 -3 259
 55 -4 -1 141
 5 3 0 6
 55 -1 -2 347
 55 -3 2 319
 5 3 -2 53
 55 3 -1 287
 55 -3 -2 202
 55 -3 -3 54
 55 -2 3 87
 55 0 -4 29
 55 3 -3 327
 55 3 2 321
 55 0 4 113
 55 -4 0 299
 55 4 1 287
 "contig-ratio-green-core" 0.75
 "contig-ratio-red-core" 1.0625
 "a-count" 5
 "b-count" 5
 "c-color-count" 23
 "c-express-count" 23
 "d-color-count" 24
 "d-express-count" 23
 "cell-count" 56
 15 -1 -1 184
 15 0 1 324
 15 1 2 344
 15 -4 0 145
 15 1 -1 44
 15 2 -1 345
 15 -1 -3 142
 15 0 -1 38
 105 -1 -4 200
 15 1 1 51
 15 -2 -2 335
 15 -1 1 50
 15 -2 1 287
 15 0 0 112
 15 2 1 206
 15 -3 2 49
 15 1 3 352
 105 2 3 59
 15 -1 0 190
 105 -1 -2 95
 15 -2 -3 28
 15 0 3 310
 15 0 4 19
 15 1 -2 109
 15 3 0 169
 15 2 2 5
 105 0 -4 239
 15 2 0 313
 55 3 3 264
 55 1 -3 267
 5 -3 -3 311
 55 -2 -1 265
 55 -3 -1 268
 55 3 2 227
 55 2 -2 280
 55 -1 4 59
 55 -1 3 194
 55 2 -3 104
 5 1 -4 241
 55 3 -3 200
 55 4 0 315
 55 -2 3 257
 55 1 4 2
 55 -1 2 319
 5 0 -2 341
 55 3 -1 99
 55 4 -1 260
 55 -2 0 343
 55 -3 -2 353
 55 -4 1 162
 55 0 -3 9
 5 4 1 55
 55 -3 0 203
 55 -2 2 34
 55 3 -2 75
 5 -4 -1 156
 "contig-ratio-green-core" 0.7777777777777778
 "contig-ratio-red-core" 0.6363636363636364
 "a-count" 5
 "b-count" 4
 "c-color-count" 24
 "c-express-count" 24
 "d-color-count" 25
 "d-express-count" 23
 "cell-count" 56
 15 -2 2 102
 15 0 -2 252
 15 -1 -1 245
 15 2 0 291
 15 0 2 278
 15 1 2 21
 105 -1 3 145
 15 -1 1 186
 15 -4 1 323
 105 -3 -3 343
 15 2 -1 300
 15 0 -1 80
 15 -1 2 7
 15 -2 -1 183
 15 1 0 359
 15 1 1 126
 15 1 -4 93
 105 -1 0 134
 15 0 0 111
 15 -1 -2 295
 15 -2 1 307
 15 0 -4 227
 15 0 1 301
 15 1 -1 253
 15 1 -2 206
 15 -2 0 149
 15 -3 2 158
 15 -1 4 93
 55 3 -2 299
 55 0 4 16
 55 -3 0 162
 55 2 -3 160
 55 -2 3 152
 55 3 -1 194
 55 -3 1 191
 55 -3 -1 230
 55 -1 -3 231
 55 -1 -4 268
 55 -4 -1 179
 55 -3 -2 314
 55 3 1 267
 5 -2 -3 114
 5 2 2 300
 55 3 0 210
 55 1 3 35
 55 -3 3 219
 55 0 3 308
 55 4 1 155
 55 3 -3 60
 55 0 -3 182
 55 3 2 238
 55 -2 -2 24
 55 4 -1 350
 55 -4 0 8
 5 2 -2 206
 5 2 3 25
 "contig-ratio-green-core" 0.5454545454545454
 "contig-ratio-red-core" 0.875
