 "a-count" 5
 "b-count" 9
 "c-color-count" 20
 "c-express-count" 19
 "d-color-count" 25
 "d-express-count" 23
 "cell-count" 56
 15 -1 0 234
 15 -1 -1 285
 15 2 -2 332
 15 1 3 39
 15 -1 -2 32
 15 2 1 343
 15 0 3 263
 15 -3 -1 227
 105 -4 -1 324
 15 3 -3 160
 15 1 -1 20
 15 1 0 155
 15 0 -1 129
 15 3 3 147
 15 4 0 107
 105 -4 0 340
 15 3 1 281
 15 0 -2 280
 15 -2 0 231
 15 -2 -3 112
 15 3 0 227
 15 0 0 208
 15 1 1 67
 15 -2 1 151
 15 0 1 201
 15 -3 0 162
 15 2 0 257
 105 -1 1 291
 55 -3 1 281
 5 1 -4 284
 55 -3 -2 150
 5 -1 4 50
 55 2 -3 220
 55 3 -1 15
 55 3 -2 262
 55 4 1 325
 5 0 -4 205
 55 2 2 179
 55 0 4 97
 55 4 -1 79
 55 -3 2 187
 55 -1 -3 242
 5 -2 -2 170
 55 1 -2 111
 55 1 4 24
 55 0 -3 133
 5 0 2 110
 55 -1 3 265
 55 -2 3 225
 5 -4 1 10
 55 3 2 188
 55 2 3 291
 55 1 -3 165
 55 -3 3 146
 5 -3 -3 237
 5 -2 2 206
 "contig-ratio-green-core" 0.9411764705882353
 "contig-ratio-red-core" 0.8235294117647058
 "a-count" 6
 "b-count" 5
 "c-color-count" 23
 "c-express-count" 23
 "d-color-count" 23
 "d-express-count" 22
 "cell-count" 56
 15 -2 1 166
 15 0 -2 172
 15 1 -1 82
 15 0 2 350
 105 -3 2 332
 15 2 1 98
 105 2 3 38
 15 -3 3 355
 15 0 -3 332
 105 2 -3 42
 15 0 0 307
 15 -4 -1 52
 15 1 0 113
 15 0 3 334
 15 0 -1 324
 15 -2 0 23
 15 -1 1 92
 15 -1 0 226
 15 0 1 47
 15 -1 -1 127
 105 -4 1 329
 15 2 0 320
 15 -2 2 111
 15 -1 3 12
 105 1 2 58
 15 1 -2 121
 15 -1 2 84
 15 1 1 3
 5 2 -2 67
 5 -1 -3 93
 55 -3 0 5
 55 3 2 344
 5 -3 -2 70
 55 3 -2 306
 55 2 -1 205
 55 4 -1 20
 55 -1 4 357
 55 3 -1 336
 55 -3 -1 37
 55 -2 -1 160
 5 2 2 285
 55 3 -3 339
 55 0 -4 16
 5 -3 1 306
 55 3 1 151
 55 3 0 353
 55 -4 0 285
 55 -2 3 292
 55 -1 -4 328
 55 -1 -2 139
 55 1 3 52
 55 3 3 55
 55 1 4 14
 55 0 4 90
 55 4 0 63
 55 1 -3 92
 "contig-ratio-green-core" 0.5
 "contig-ratio-red-core" 0.9230769230769231
 "a-count" 5
 "b-count" 4
 "c-color-count" 24
 "c-express-count" 24
 "d-color-count" 25
 "d-express-count" 23
 "cell-count" 56
 15 1 -1 336
 15 0 1 251
 15 4 1 67
 105 -1 -4 337
 15 0 0 282
 15 0 -2 96
 15 2 0 272
 15 0 4 66
 15 -1 -1 224
 15 -2 -1 146
 15 -2 3 290
 15 -2 -2 124
 15 1 -3 41
 15 1 0 226
 15 1 1 95
 15 0 2 242
 15 -2 1 161
 15 2 -1 272
 15 -2 0 234
 15 -1 2 290
 105 0 -1 337
 15 -1 0 248
 15 2 3 202
 15 -1 1 270
 15 1 -2 138
 15 0 -3 133
 15 -1 -2 13
 105 3 -3 254
 55 -4 1 199
 5 3 -1 240
 55 -1 3 152
 55 -3 0 77
 55 3 -2 42
 55 2 -3 315
 55 -3 1 246
 55 -3 -1 91
 55 0 -4 47
 55 -1 4 70
 55 -4 -1 253
 55 -3 2 106
 55 -3 -2 28
 55 3 1 102
 55 3 3 158
 55 4 -1 117
 5 3 2 266
 55 -2 2 316
 55 1 3 354
 55 0 3 13
 5 -4 0 173
 55 1 4 307
 5 -3 3 217
 55 2 -2 311
 55 1 -4 13
 55 2 2 348
 55 3 0 14
 55 1 2 278
 "contig-ratio-green-core" 0.7
 "contig-ratio-red-core" 1
 "a-count" 5
 "b-count" 3
 "c-color-count" 26
 "c-express-count" 25
 "d-color-count" 24
 "d-express-count" 23
 "cell-count" 56
 15 -4 1 20
 15 0 1 118
 15 -2 1 293
 15 0 -2 329
 15 1 1 26
 15 -1 -1 144
 15 0 0 273
 15 0 -1 70
 15 1 0 99
 15 0 3 267
 15 1 -1 236
 15 -1 -2 280
 15 1 -2 76
 15 0 2 124
 15 2 1 257
 15 -2 -1 43
 105 -3 -1 286
 15 0 -3 97
 15 -3 -3 332
 105 -3 -2 232
 105 -2 -3 121
 15 0 -4 56
 15 -1 1 300
 15 -1 2 107
 15 -2 0 82
 105 3 0 54
 15 -1 3 317
 15 -1 0 116
 5 4 -1 255
 55 2 2 335
 55 2 3 23
 55 -3 2 176
 55 -1 -3 305
 55 0 4 258
 55 2 0 47
 55 3 -2 124
 55 -2 -2 151
 55 -4 -1 158
 55 1 3 106
 55 3 1 344
 55 -1 4 245
 55 -1 -4 342
 5 1 -3 256
 55 -2 2 138
 55 1 2 200
 55 4 1 330
 55 -3 3 34
 55 -3 1 331
 55 -4 0 186
 55 -2 3 167
 55 1 -4 43
 55 3 -3 274
 55 3 3 118
 55 1 4 127
 55 4 0 332
 55 2 -2 212
 "contig-ratio-green-core" 0.5454545454545454
 "contig-ratio-red-core" 1
