 "a-count" 0
 "b-count" 23
 "c-color-count" 5
 "c-express-count" 5
 "d-color-count" 28
 "d-express-count" 28
 "cell-count" 56
 15 0 2 90
 15 2 -1 286
 15 0 -2 64
 15 0 -1 36
 15 3 1 314
 15 0 1 321
 15 1 1 253
 15 -1 0 75
 15 2 2 211
 15 -2 -2 195
 15 -1 -1 159
 15 1 0 312
 15 2 1 359
 15 1 -1 56
 15 3 0 65
 15 -1 2 48
 15 -2 -3 84
 15 1 -2 126
 15 1 2 310
 15 -1 -2 343
 15 2 -2 231
 15 0 0 172
 15 2 0 320
 15 -1 1 143
 15 -1 3 323
 15 3 -1 334
 15 0 3 15
 15 -2 -1 41
 5 0 -4 32
 5 4 1 282
 55 1 3 11
 5 -2 1 109
 5 -3 -3 225
 5 -3 3 53
 5 -4 0 144
 5 -4 1 108
 5 1 -3 315
 5 -3 -2 299
 5 3 -2 156
 5 3 3 313
 5 2 3 270
 5 -1 -3 257
 5 1 4 238
 5 -3 -1 127
 5 -1 -4 277
 5 -3 1 116
 5 0 -3 1
 55 4 0 92
 5 0 4 86
 5 3 2 170
 5 -3 0 42
 55 4 -1 154
 55 -2 2 178
 5 -1 4 25
 55 -2 3 244
 5 -3 2 13
 "contig-ratio-green-core" 1.25
 "contig-ratio-red-core" 0.29411764705882354
 "a-count" 0
 "b-count" 21
 "c-color-count" 7
 "c-express-count" 7
 "d-color-count" 28
 "d-express-count" 28
 "cell-count" 56
 15 -1 0 310
 15 -1 -2 289
 15 1 2 357
 15 0 0 65
 15 2 2 122
 15 -2 0 273
 15 0 1 3
 15 0 -2 78
 15 -1 -1 184
 15 0 2 233
 15 2 1 66
 15 2 0 35
 15 2 1 272
 15 1 0 270
 15 4 -1 62
 15 3 2 227
 15 4 1 314
 15 1 0 280
 15 3 0 114
 15 1 -2 268
 15 3 2 181
 15 1 -1 150
 15 3 1 79
 15 2 1 190
 15 0 -1 260
 15 3 2 223
 15 4 0 22
 15 1 1 332
 5 1 -3 240
 5 2 -1 26
 5 3 3 228
 5 0 -3 34
 55 2 3 213
 5 -4 -1 30
 55 -1 -4 168
 5 -2 -2 135
 5 -2 -1 175
 5 -1 3 209
 5 3 -2 96
 5 -3 1 105
 55 2 4 352
 5 -1 2 351
 55 -2 -3 100
 5 -2 1 101
 5 2 -2 134
 55 0 -4 4
 5 -3 0 302
 5 1 -4 209
 55 1 3 300
 5 2 -3 163
 5 3 -1 344
 5 0 3 55
 5 -1 1 166
 5 -3 2 198
 55 -1 -3 202
 5 3 -3 268
 "contig-ratio-green-core" 0.3333333333333333
 "contig-ratio-red-core" 0.15789473684210525
 "a-count" 0
 "b-count" 23
 "c-color-count" 5
 "c-express-count" 5
 "d-color-count" 28
 "d-express-count" 28
 "cell-count" 56
 15 3 -1 22
 15 2 1 98
 15 -2 -1 225
 15 -3 0 184
 15 4 0 339
 15 1 -1 150
 15 1 0 90
 15 0 1 7
 15 2 2 33
 15 0 -1 32
 15 1 -2 59
 15 0 2 318
 15 1 2 123
 15 -2 0 29
 15 -2 1 187
 15 -1 -1 157
 15 -1 1 227
 15 -3 -1 43
 15 -1 0 285
 15 0 0 221
 15 3 0 288
 15 2 -1 137
 15 0 -2 240
 15 1 3 319
 15 0 3 307
 15 -1 -2 69
 15 1 1 211
 15 2 0 112
 5 3 -2 60
 5 0 4 280
 5 -2 -2 188
 55 -1 2 117
 5 -4 -1 135
 55 3 2 21
 5 -2 3 137
 5 -3 2 206
 5 0 -4 274
 5 1 4 163
 5 -1 -3 190
 5 -4 1 153
 5 4 -1 150
 5 -3 -3 284
 5 3 3 199
 55 2 -4 312
 5 4 1 147
 5 2 -3 46
 5 -3 3 211
 5 -1 -4 179
 5 -4 0 56
 5 2 3 173
 5 2 -2 128
 55 -1 3 244
 5 3 -3 289
 5 -2 -3 236
 5 -2 2 84
 55 1 -4 120
 "contig-ratio-green-core" 1
 "contig-ratio-red-core" 0.17647058823529413
