 "a-count" 0
 "b-count" 21
 "c-color-count" 7
 "c-express-count" 7
 "d-color-count" 28
 "d-express-count" 28
 "cell-count" 56
 15 -3 -1 201
 15 1 0 220
 15 0 3 149
 15 1 1 175
 15 3 0 88
 15 3 1 140
 15 1 -2 90
 15 -2 0 126
 15 -1 -1 39
 15 0 2 41
 15 -1 3 170
 15 -2 2 298
 15 -2 -1 65
 15 -1 0 4
 15 -4 0 335
 15 0 -1 297
 15 1 -1 212
 15 0 -2 302
 15 0 -3 271
 15 2 0 356
 15 -2 1 284
 15 -3 0 290
 15 -1 1 57
 15 -1 2 356
 15 0 0 313
 15 0 1 51
 15 -3 1 182
 15 2 1 48
 5 3 -3 131
 55 2 -2 198
 55 -2 3 207
 5 -1 -2 352
 55 2 3 261
 5 -1 -4 24
 5 0 -4 94
 5 -2 -3 70
 5 2 -3 336
 5 1 4 254
 55 0 4 212
 5 -2 -2 98
 5 1 3 38
 5 1 -4 137
 55 3 3 46
 5 3 -1 140
 5 -4 1 353
 5 -1 -3 254
 55 2 2 214
 5 4 -1 162
 5 -4 -1 280
 5 1 -3 294
 5 3 -2 22
 5 1 2 355
 5 3 2 166
 5 -3 -3 50
 5 -3 -2 128
 55 -1 4 204
 "contig-ratio-green-core" 0.6
 "contig-ratio-red-core" 0.2777777777777778
 "a-count" 0
 "b-count" 24
 "c-color-count" 4
 "c-express-count" 4
 "d-color-count" 28
 "d-express-count" 28
 "cell-count" 56
 15 1 2 112
 15 1 1 306
 15 0 3 26
 15 0 1 290
 15 -1 3 55
 15 1 -3 164
 15 0 -4 54
 15 0 2 336
 15 1 3 161
 15 3 2 115
 15 1 -2 110
 15 3 1 4
 15 -1 4 180
 15 2 0 315
 15 0 3 61
 15 2 1 359
 15 2 2 51
 15 0 4 346
 15 0 3 79
 15 3 2 44
 15 2 3 13
 15 -1 3 284
 15 0 4 138
 15 2 2 5
 15 2 3 318
 15 0 -3 28
 15 0 3 56
 15 0 2 82
 5 -3 1 266
 5 -2 2 177
 5 3 0 95
 55 4 0 297
 55 4 -1 103
 5 3 -2 281
 5 1 -1 337
 5 2 -2 125
 55 -1 2 180
 5 -1 -1 57
 5 0 -1 41
 5 2 -3 139
 5 -1 0 263
 5 4 3 256
 5 0 0 89
 5 3 3 13
 5 -2 -3 264
 5 -2 -1 348
 5 0 -2 13
 5 1 4 158
 55 4 1 161
 5 -3 0 122
 5 3 -1 151
 5 2 -1 311
 5 2 3 239
 5 -2 0 185
 5 -2 1 152
 5 -1 1 105
 "contig-ratio-green-core" 1.25
 "contig-ratio-red-core" 0.09523809523809523
 "a-count" 0
 "b-count" 22
 "c-color-count" 6
 "c-express-count" 6
 "d-color-count" 28
 "d-express-count" 28
 "cell-count" 56
 15 -2 0 15
 15 0 2 210
 15 -3 0 71
 15 2 1 155
 15 -1 2 64
 15 1 2 71
 15 0 1 307
 15 -1 0 34
 15 1 3 221
 15 1 -1 88
 15 1 -2 247
 15 -2 2 314
 15 -3 1 76
 15 2 -1 107
 15 1 0 199
 15 0 -2 54
 15 3 1 69
 15 -2 -1 157
 15 4 1 272
 15 1 1 268
 15 -1 1 345
 15 -2 1 249
 15 2 0 316
 15 0 0 242
 15 3 0 54
 15 -1 -2 255
 15 0 -1 192
 15 -1 -1 343
 55 4 -1 190
 5 -1 4 299
 5 0 -3 40
 5 -3 -3 305
 5 2 -2 195
 5 -2 3 192
 5 0 3 346
 5 -1 -3 331
 5 3 -3 297
 5 1 4 197
 5 -1 -4 300
 55 -3 -1 193
 5 4 0 187
 5 -4 1 302
 5 3 -1 341
 55 -3 -2 338
 55 -2 -2 232
 5 2 -3 107
 5 3 -2 309
 5 -3 2 170
 55 -4 -1 181
 5 -1 3 70
 5 2 2 220
 5 1 -4 233
 55 -4 0 359
 5 -2 -3 79
 5 2 3 1
 5 1 -3 61
 "contig-ratio-green-core" 0.6
 "contig-ratio-red-core" 0.1875
 "a-count" 0
 "b-count" 21
 "c-color-count" 7
 "c-express-count" 7
 "d-color-count" 28
 "d-express-count" 28
 "cell-count" 56
 15 -1 -2 234
 15 2 1 209
 15 0 4 83
 15 -1 0 224
 15 0 -4 349
 15 -2 -1 86
 15 -2 1 317
 15 0 -3 167
 15 -3 0 136
 15 0 -1 82
 15 1 0 229
 15 0 0 162
 15 -2 0 198
 15 1 -1 30
 15 3 2 253
 15 0 -2 247
 15 0 2 179
 15 -1 -3 357
 15 0 3 69
 15 1 2 57
 15 1 1 351
 15 -1 -1 175
 15 2 -1 144
 15 -1 2 199
 15 2 2 119
 15 0 1 295
 15 -1 1 95
 15 2 0 243
 5 1 -3 292
 55 3 -1 108
 55 3 0 96
 55 -2 -4 351
 5 -3 -1 292
 5 3 1 218
 5 1 4 193
 5 -1 4 296
 5 -3 -3 123
 5 -1 3 308
 5 3 -2 0
 55 4 -1 245
 55 -2 -2 255
 5 2 -2 45
 5 3 -3 298
 5 -2 3 138
 55 -3 -2 92
 5 -3 2 219
 5 3 3 38
 55 -2 -3 63
 5 -4 -1 208
 5 2 -3 303
 5 1 -4 51
 5 -3 1 93
 5 -4 1 103
 5 4 0 356
 5 1 3 185
 5 2 3 334
 "contig-ratio-green-core" 0.7142857142857143
 "contig-ratio-red-core" 0.23529411764705882
