 "a-count" 16
 "b-count" 9
 "c-color-count" 21
 "c-express-count" 19
 "d-color-count" 13
 "d-express-count" 12
 "cell-count" 56
 15 2 -3 219
 15 0 -4 99
 15 0 -2 59
 15 1 -3 121
 105 2 3 102
 15 -2 1 319
 15 0 4 207
 105 -4 0 344
 15 -1 -2 151
 105 4 -1 2
 15 -3 1 311
 105 1 3 54
 15 0 -3 104
 105 -1 4 35
 15 -2 0 138
 105 3 0 24
 105 -1 -3 75
 105 1 -2 133
 15 -3 0 292
 15 -2 2 351
 105 4 1 256
 15 -2 -1 162
 105 3 -2 67
 105 -1 3 103
 105 -4 1 211
 105 -1 -4 119
 105 4 0 240
 105 3 3 82
 55 0 1 316
 55 -3 -2 0
 5 -3 3 162
 55 0 0 162
 55 2 0 210
 55 -1 1 283
 55 0 3 31
 55 -1 0 103
 55 3 2 263
 55 1 4 225
 55 1 -1 348
 5 -3 -1 238
 5 3 -3 222
 55 2 -1 2
 55 -1 -1 175
 55 2 1 112
 5 1 -4 301
 55 2 -2 77
 55 0 2 218
 55 2 2 321
 55 -1 2 189
 5 -2 3 101
 5 -2 -3 234
 55 1 0 187
 55 1 2 35
 55 -2 -2 228
 5 0 -1 354
 55 1 1 109
 "contig-ratio-green-core" 0.4666666666666667
 "contig-ratio-red-core" 0.6666666666666666
 "a-count" 8
 "b-count" 4
 "c-color-count" 24
 "c-express-count" 24
 "d-color-count" 20
 "d-express-count" 20
 "cell-count" 56
 15 0 -4 257
 105 3 -2 297
 15 4 -2 171
 15 4 -3 23
 15 1 4 161
 15 4 -1 170
 15 -3 -2 51
 105 -2 3 225
 15 -2 -2 40
 15 -3 2 241
 15 -3 -1 177
 105 -2 -4 5
 15 1 5 225
 105 2 2 28
 15 -2 -1 320
 15 -2 -3 318
 105 3 -1 140
 105 4 0 87
 15 -4 0 19
 15 3 -3 221
 15 0 4 316
 15 -2 2 26
 15 -3 1 86
 15 -1 -4 237
 15 -3 0 213
 15 3 2 114
 105 3 0 237
 105 1 3 38
 55 1 2 24
 55 0 0 113
 55 -1 -2 351
 55 1 -1 256
 55 -2 1 123
 55 0 -1 143
 5 0 3 330
 55 2 0 238
 55 0 2 257
 55 2 -1 206
 55 1 1 265
 55 -1 1 150
 55 -2 0 265
 55 0 -2 79
 55 -1 -3 192
 55 -1 2 81
 5 -3 3 346
 55 1 0 198
 5 -4 1 57
 55 -1 4 253
 55 1 -2 218
 55 1 -3 234
 55 2 1 108
 55 0 -3 101
 55 -3 -3 285
 5 0 1 147
 55 -1 0 148
 55 -1 -1 251
 "contig-ratio-green-core" 0.6153846153846154
 "contig-ratio-red-core" 0.47058823529411764
 "a-count" 10
 "b-count" 4
 "c-color-count" 24
 "c-express-count" 24
 "d-color-count" 19
 "d-express-count" 18
 "cell-count" 56
 15 0 -4 249
 15 3 -1 281
 15 1 4 283
 105 -1 4 81
 15 -3 1 58
 105 3 2 139
 105 -3 -1 201
 15 0 4 268
 15 0 -3 268
 15 -4 -1 178
 105 -3 3 91
 105 0 3 237
 15 3 1 228
 15 -4 0 268
 15 -1 -4 343
 105 -2 3 336
 15 1 -3 100
 15 -3 0 64
 105 2 -2 65
 15 -1 -3 346
 15 4 1 61
 15 3 0 220
 105 -2 -2 75
 15 -4 1 200
 105 -3 -2 146
 15 2 -1 257
 15 2 0 227
 15 3 -2 172
 55 2 1 226
 55 2 -3 104
 5 1 -4 355
 55 -2 1 208
 5 -3 2 158
 5 3 -3 293
 55 -1 1 63
 55 -2 -1 186
 55 1 -2 132
 55 0 0 287
 5 4 -1 286
 55 1 -1 312
 55 0 -1 75
 55 1 3 13
 55 1 0 273
 55 -1 -2 298
 55 0 2 114
 55 -2 2 128
 55 0 -2 152
 55 2 2 55
 55 0 1 259
 55 -2 0 127
 55 1 2 111
 55 -1 2 62
 55 -1 -1 190
 55 1 1 269
 55 4 0 275
 55 -1 0 71
 "contig-ratio-green-core" 0.6875
 "contig-ratio-red-core" 0.5789473684210527
 "a-count" 13
 "b-count" 5
 "c-color-count" 24
 "c-express-count" 23
 "d-color-count" 18
 "d-express-count" 15
 "cell-count" 56
 105 -4 1 136
 15 -3 0 47
 15 0 3 79
 105 -4 -1 312
 15 -2 3 100
 15 -2 -1 1
 15 -1 4 99
 15 -2 -3 244
 105 1 -2 110
 105 -3 3 338
 15 -4 0 26
 15 -1 3 193
 15 3 -1 102
 105 0 -4 84
 15 -3 -2 307
 105 4 0 323
 15 1 -3 318
 105 1 -4 278
 15 -2 0 289
 15 2 -2 106
 15 4 -1 134
 105 2 2 359
 105 3 0 76
 105 -3 1 46
 15 -2 -2 243
 15 -3 -1 2
 15 3 -2 113
 15 2 -3 178
 55 0 2 283
 55 3 1 12
 55 2 1 358
 55 -1 0 85
 55 1 1 62
 55 3 2 299
 55 0 -3 100
 55 2 0 308
 55 -3 -3 219
 55 0 1 151
 55 1 2 255
 55 0 -2 138
 55 0 0 329
 55 -1 1 302
 55 0 -1 27
 55 -2 2 167
 55 2 -1 96
 55 -1 -1 273
 55 -2 1 59
 5 1 4 212
 5 2 3 288
 5 -3 2 326
 5 3 -3 340
 55 -1 -2 294
 55 -1 -3 284
 55 -1 2 237
 55 1 -1 257
 55 1 0 214
 "contig-ratio-green-core" 0.5882352941176471
 "contig-ratio-red-core" 0.6666666666666666
