 "a-count" 7
 "b-count" 7
 "c-color-count" 21
 "c-express-count" 21
 "d-color-count" 22
 "d-express-count" 21
 "cell-count" 56
 105 2 3 20
 15 2 2 83
 15 -1 2 74
 105 2 -3 163
 15 3 1 155
 15 -4 0 206
 15 -4 1 240
 15 0 -2 347
 15 2 1 227
 15 0 2 259
 15 -1 -2 107
 15 1 -3 216
 15 1 -4 190
 15 -1 3 247
 15 -4 -1 303
 15 0 4 13
 15 -2 3 43
 105 1 4 71
 15 -3 2 230
 15 3 2 303
 15 -2 2 278
 105 -1 4 307
 105 4 1 219
 15 -3 0 307
 15 4 0 322
 15 3 0 318
 15 0 3 134
 105 3 -3 171
 55 1 0 162
 5 2 -2 304
 55 -1 -1 15
 55 1 -1 122
 55 -2 -2 100
 55 -1 1 338
 55 -1 0 331
 55 1 1 229
 55 0 1 354
 5 -1 -3 27
 5 3 -2 170
 55 2 0 292
 5 -1 -4 267
 55 1 -2 69
 5 0 -4 335
 55 0 0 160
 55 4 -1 300
 55 3 -1 207
 5 1 3 31
 55 -2 1 27
 55 1 2 159
 55 -2 -1 145
 5 -2 -3 64
 55 -3 3 86
 55 -2 0 332
 55 0 -1 324
 55 2 -1 58
 55 -3 -1 105
 "contig-ratio-green-core" 0.9166666666666666
 "contig-ratio-red-core" 0.75
 "a-count" 9
 "b-count" 5
 "c-color-count" 24
 "c-express-count" 23
 "d-color-count" 19
 "d-express-count" 19
 "cell-count" 56
 15 0 -4 14
 15 1 3 94
 105 -3 3 49
 15 0 -3 113
 105 2 3 355
 15 1 -3 138
 15 3 -2 53
 105 3 -3 80
 105 -1 4 71
 15 -1 2 260
 15 -1 3 242
 105 3 2 56
 105 0 -2 12
 15 0 3 236
 15 -1 -3 130
 15 -3 1 82
 15 2 -2 99
 15 0 2 213
 105 -2 3 22
 15 -1 -2 262
 15 -4 0 334
 15 -2 2 74
 15 -4 1 99
 105 -1 -4 140
 105 1 4 316
 15 -4 -1 308
 15 1 -2 65
 15 0 4 246
 55 -3 2 172
 5 1 -4 322
 55 -1 0 132
 55 0 1 41
 55 1 0 315
 55 -2 0 325
 55 0 0 70
 55 2 -1 36
 55 0 -1 58
 55 1 1 230
 55 2 2 231
 55 -2 -2 25
 55 -2 1 139
 55 3 -1 144
 55 3 0 114
 55 2 0 21
 5 3 3 250
 55 1 2 186
 55 4 1 151
 55 -3 -2 315
 5 4 0 56
 55 -3 -1 24
 55 -3 0 346
 55 3 1 297
 55 -1 -1 22
 5 -1 1 210
 55 1 -1 175
 55 2 1 343
 "contig-ratio-green-core" 0.6
 "contig-ratio-red-core" 0.7142857142857143
 "a-count" 8
 "b-count" 9
 "c-color-count" 20
 "c-express-count" 19
 "d-color-count" 20
 "d-express-count" 20
 "cell-count" 56
 15 0 3 48
 15 -1 -3 16
 15 1 1 70
 15 2 2 106
 105 -2 3 200
 105 0 -4 26
 15 3 -2 267
 15 2 1 170
 15 4 -1 97
 105 3 3 139
 15 -3 -1 141
 15 1 2 114
 105 3 -1 311
 15 1 -3 198
 15 3 1 287
 15 -1 2 128
 15 2 -2 266
 105 -3 -3 121
 105 -3 -2 53
 15 0 2 95
 15 -1 4 274
 105 3 -3 70
 15 -2 0 277
 15 0 4 297
 15 -3 1 84
 15 -1 3 251
 105 1 -4 73
 15 -3 0 209
 5 -2 -3 317
 55 2 0 258
 55 1 4 159
 55 0 -1 270
 5 -2 -2 20
 55 -1 1 110
 55 1 -1 245
 55 -1 0 227
 55 -2 2 165
 55 1 0 54
 55 1 3 142
 55 0 0 221
 55 0 -3 18
 55 -1 -4 104
 55 2 3 150
 5 -4 -1 150
 5 2 -3 90
 5 -4 1 117
 55 0 -2 73
 5 4 1 258
 55 1 -2 207
 55 -1 -2 234
 55 -2 1 32
 55 0 1 137
 55 -1 -1 64
 5 3 0 281
 55 2 -1 60
 5 -3 2 117
 "contig-ratio-green-core" 0.8666666666666667
 "contig-ratio-red-core" 0.7647058823529411
 "a-count" 8
 "b-count" 6
 "c-color-count" 22
 "c-express-count" 22
 "d-color-count" 21
 "d-express-count" 20
 "cell-count" 56
 15 0 -3 199
 105 4 -1 16
 105 1 4 38
 15 3 -1 108
 15 1 2 231
 15 1 3 49
 15 3 -2 40
 105 0 -4 218
 15 2 3 351
 15 3 0 336
 15 -2 -3 338
 15 -4 -2 179
 105 2 -2 333
 15 2 -1 323
 15 -4 1 224
 105 2 -3 241
 105 1 -4 342
 15 3 1 25
 15 -4 0 63
 15 0 2 142
 105 4 1 359
 15 0 3 241
 15 1 -3 224
 15 -3 -1 95
 15 -3 -2 253
 15 -1 -3 289
 15 0 4 354
 15 -2 3 249
 55 2 1 128
 55 -1 -2 36
 55 0 -2 241
 55 -1 -1 32
 55 -1 0 68
 55 -2 1 200
 55 2 0 167
 5 0 0 17
 5 3 3 194
 5 -3 2 309
 55 -2 2 110
 55 1 0 7
 55 -2 -2 18
 55 0 -1 254
 55 -2 -1 71
 5 4 0 43
 55 1 -2 91
 55 -1 2 178
 55 2 2 272
 55 1 1 231
 55 3 2 146
 55 -1 1 194
 55 0 1 13
 55 1 -1 201
 55 -2 0 133
 5 -1 4 241
 55 -1 -4 107
 5 -3 1 184
 "contig-ratio-green-core" 0.8666666666666667
 "contig-ratio-red-core" 0.75
