 "a-count" 13
 "b-count" 6
 "c-color-count" 22
 "c-express-count" 22
 "d-color-count" 15
 "d-express-count" 15
 "cell-count" 56
 15 -2 2 262
 15 -4 1 137
 15 2 -1 149
 15 0 -4 51
 105 -3 -1 304
 15 2 0 342
 15 2 -2 189
 105 -2 -3 188
 105 -3 2 197
 105 2 3 79
 105 0 4 11
 15 -1 -4 211
 105 -3 -2 70
 15 -1 3 326
 15 -2 3 16
 105 3 1 117
 15 -4 -1 252
 15 1 4 260
 105 -1 2 223
 105 -2 -2 81
 105 -3 -3 235
 105 -1 4 83
 15 -4 0 0
 105 1 -3 312
 105 2 -3 93
 15 3 -1 168
 15 4 0 128
 15 3 0 178
 5 3 3 197
 5 0 -3 227
 55 -1 -1 70
 5 -1 -3 189
 55 2 1 10
 55 -2 0 306
 55 0 3 125
 55 -2 1 214
 55 -3 1 346
 55 -1 0 311
 5 4 -1 167
 55 1 0 122
 55 0 1 126
 55 3 -2 322
 55 -3 0 178
 55 -1 1 348
 55 -1 -2 125
 55 1 1 355
 55 1 2 167
 55 2 2 211
 5 3 2 158
 55 0 -1 247
 55 1 3 236
 55 -2 -1 300
 5 1 -2 243
 55 0 0 158
 55 0 2 199
 55 0 -2 113
 "contig-ratio-green-core" 0.46153846153846156
 "contig-ratio-red-core" 0.5833333333333334
 "a-count" 8
 "b-count" 4
 "c-color-count" 25
 "c-express-count" 24
 "d-color-count" 20
 "d-express-count" 20
 "cell-count" 56
 15 0 -3 197
 105 0 -4 10
 15 3 -1 129
 15 -2 2 19
 105 4 0 327
 105 3 3 228
 15 1 -2 332
 15 -4 0 267
 15 -2 3 353
 105 1 3 171
 15 3 2 294
 15 -1 -3 253
 15 -3 1 339
 105 2 -3 210
 105 -4 1 95
 15 -3 2 176
 15 2 -1 198
 15 -3 3 86
 105 0 4 242
 15 -4 -1 350
 105 -1 -4 336
 15 -3 -1 250
 15 -3 0 232
 15 -2 -3 359
 15 2 -2 161
 15 4 -1 340
 15 1 -1 306
 15 1 -3 138
 55 -3 -2 300
 5 2 3 203
 55 0 3 358
 55 -2 1 36
 55 0 1 230
 55 0 2 266
 5 1 -4 103
 55 1 2 211
 55 3 -2 37
 55 1 1 135
 55 -2 -1 191
 55 -1 2 92
 55 -1 -1 344
 55 3 1 185
 55 -1 0 352
 55 -2 -2 217
 55 3 0 284
 55 0 -2 146
 55 -2 0 40
 55 3 -3 155
 55 -1 -2 163
 5 2 2 196
 55 0 -1 168
 55 1 0 26
 55 2 0 346
 55 0 0 97
 55 2 1 53
 55 -1 1 90
 "contig-ratio-green-core" 0.7647058823529411
 "contig-ratio-red-core" 0.6842105263157895
 "a-count" 16
 "b-count" 6
 "c-color-count" 22
 "c-express-count" 22
 "d-color-count" 13
 "d-express-count" 12
 "cell-count" 56
 15 3 -1 328
 105 -2 3 141
 105 3 -3 212
 105 4 -1 117
 15 -2 2 7
 105 -1 -2 306
 105 0 -3 295
 105 -2 -2 122
 105 2 3 235
 15 3 1 286
 105 -1 -3 273
 105 1 -4 261
 15 3 0 120
 105 2 -3 242
 105 -3 3 4
 15 0 4 198
 15 -4 -1 351
 105 -4 0 143
 15 -2 -3 63
 15 -3 -3 5
 15 3 -2 1
 105 2 2 238
 105 4 1 153
 15 -4 1 344
 15 -3 -1 286
 105 3 3 326
 15 1 4 204
 15 -3 -2 233
 5 2 0 305
 55 1 3 258
 55 1 -1 169
 55 1 -2 315
 5 -2 -1 97
 55 2 -1 156
 55 0 3 198
 5 -1 4 230
 5 0 2 165
 5 0 -4 212
 55 0 -1 187
 55 0 -2 147
 55 -1 1 92
 55 -1 2 90
 55 -1 0 313
 55 1 0 266
 55 -2 1 228
 5 -1 3 104
 55 1 2 14
 55 -3 1 33
 55 1 1 312
 55 1 -3 71
 55 2 1 29
 55 -3 0 198
 55 0 1 262
 55 -1 -1 91
 55 0 0 214
 55 -2 0 49
 "contig-ratio-green-core" 0.5384615384615384
 "contig-ratio-red-core" 0.7272727272727273
