 "a-count" 7
 "b-count" 5
 "c-color-count" 23
 "c-express-count" 23
 "d-color-count" 21
 "d-express-count" 21
 "cell-count" 56
 15 3 0 292
 15 -1 -2 229
 105 2 -3 106
 105 -3 -3 98
 15 -4 -1 206
 15 -1 -3 181
 15 0 -3 188
 15 -1 4 83
 15 -4 0 298
 105 3 -2 228
 15 3 3 50
 15 5 0 0
 15 0 -4 42
 105 -3 0 6
 105 2 -2 346
 105 -2 2 301
 15 -3 3 182
 15 -3 -1 40
 15 4 0 327
 15 4 1 79
 15 5 1 67
 105 -1 -4 146
 15 3 -1 238
 15 -2 -2 203
 15 -2 3 356
 15 -3 -2 254
 15 0 3 357
 15 0 4 265
 55 -1 0 224
 55 0 1 132
 55 1 -1 119
 55 3 1 18
 55 0 -1 56
 55 2 1 181
 55 -2 0 348
 55 -2 1 182
 5 1 3 84
 5 2 3 329
 55 -1 1 288
 55 -1 2 188
 55 1 1 13
 5 -3 2 185
 55 -1 -1 130
 55 0 2 82
 5 3 2 91
 55 1 -2 98
 55 0 -2 195
 55 0 0 321
 55 -3 1 96
 5 -4 1 342
 55 2 0 81
 55 1 -3 277
 55 2 -1 106
 55 1 2 123
 55 1 0 59
 55 -2 -1 100
 "contig-ratio-green-core" 0.5333333333333333
 "contig-ratio-red-core" 0.3888888888888889
 "a-count" 15
 "b-count" 7
 "c-color-count" 22
 "c-express-count" 21
 "d-color-count" 15
 "d-express-count" 13
 "cell-count" 56
 105 3 3 66
 105 -2 3 225
 105 0 -3 255
 105 -4 0 252
 15 -1 -2 48
 15 -1 3 210
 15 3 -2 66
 15 -2 1 19
 15 -3 -1 318
 105 4 -1 5
 15 -1 -4 124
 15 -3 -3 69
 105 -2 -3 316
 105 -3 3 134
 15 -1 1 225
 15 -2 2 172
 15 0 3 115
 15 0 -4 135
 105 -3 2 42
 15 -1 -3 294
 105 2 -3 298
 105 0 -2 39
 105 1 -3 113
 105 2 -2 47
 15 3 -1 154
 105 -3 1 282
 15 3 -3 281
 15 -3 0 307
 55 2 0 88
 55 1 1 178
 5 -1 4 25
 55 2 -1 84
 5 1 -4 211
 55 2 3 81
 55 4 1 264
 55 3 1 25
 5 -2 -2 286
 5 0 4 269
 55 1 4 156
 5 -4 -1 91
 55 2 1 284
 5 3 2 181
 55 -2 -1 89
 55 1 0 45
 55 0 -1 60
 55 1 2 181
 55 0 0 183
 55 -2 0 89
 55 0 2 153
 55 1 -1 283
 55 1 3 272
 55 3 0 219
 55 0 1 312
 55 -1 -1 266
 55 -3 -2 318
 55 -1 0 354
 "contig-ratio-green-core" 0.47058823529411764
 "contig-ratio-red-core" 0.7692307692307693
 "a-count" 13
 "b-count" 2
 "c-color-count" 26
 "c-express-count" 26
 "d-color-count" 17
 "d-express-count" 15
 "cell-count" 56
 105 2 -3 17
 15 3 2 319
 105 0 4 294
 15 -1 3 184
 15 -2 2 44
 105 -3 -3 127
 105 4 0 154
 105 -2 3 137
 105 2 3 252
 15 3 -1 235
 15 3 3 276
 15 -2 1 295
 105 3 -2 194
 15 0 -4 213
 105 -4 0 79
 105 -1 4 224
 105 1 4 24
 105 3 -3 328
 15 -3 -2 87
 15 -1 -4 102
 15 1 -4 321
 15 -2 -3 1
 15 0 -3 331
 15 -1 -3 198
 15 -3 1 187
 15 -4 1 311
 15 1 -3 331
 15 4 -1 108
 55 0 0 290
 55 1 2 145
 55 -3 -1 60
 55 0 2 178
 55 2 1 183
 55 2 -1 249
 55 2 0 147
 5 3 1 292
 55 3 0 243
 55 1 0 141
 55 0 -2 337
 55 1 -1 326
 55 -1 -2 231
 55 1 -2 116
 55 -1 1 189
 5 4 1 355
 55 1 1 222
 55 -3 0 319
 55 0 1 324
 55 0 3 315
 55 -1 -1 26
 55 -2 -1 84
 55 2 2 324
 55 -2 0 171
 55 -2 -2 205
 55 0 -1 258
 55 -1 0 212
 55 -1 2 152
 "contig-ratio-green-core" 0.7857142857142857
 "contig-ratio-red-core" 0.8571428571428571
 "a-count" 8
 "b-count" 3
 "c-color-count" 25
 "c-express-count" 25
 "d-color-count" 21
 "d-express-count" 20
 "cell-count" 56
 15 -3 -1 144
 15 4 -1 263
 15 -2 3 46
 105 -3 -2 21
 15 3 0 348
 15 2 -1 178
 15 3 1 165
 15 -2 1 355
 105 -4 -1 262
 15 0 4 168
 15 0 -4 158
 15 -2 2 65
 15 -2 -3 85
 15 -1 4 286
 105 1 -3 26
 15 3 2 118
 15 2 0 314
 15 -3 1 189
 15 1 4 76
 15 -3 0 44
 105 4 0 256
 105 3 -3 231
 15 3 -2 236
 15 -1 -4 356
 105 -3 -3 88
 105 -4 0 298
 15 -4 1 264
 15 3 -1 240
 55 -1 0 131
 55 1 0 82
 55 1 -2 141
 55 -1 -2 87
 55 0 2 157
 5 2 -3 27
 55 -1 -1 230
 5 -2 -2 261
 55 0 -1 129
 55 -2 0 74
 55 0 0 248
 55 0 -3 342
 55 -1 -3 59
 55 -1 2 94
 55 1 -1 67
 55 -1 1 305
 55 1 2 269
 55 -2 -1 199
 55 -3 2 187
 5 2 3 283
 55 1 3 267
 55 0 -2 339
 55 -1 3 199
 55 2 1 142
 55 0 3 147
 55 2 2 184
 55 1 1 2
 55 0 1 131
 "contig-ratio-green-core" 1.0714285714285714
 "contig-ratio-red-core" 0.8
