 "a-count" 14
 "b-count" 6
 "c-color-count" 22
 "c-express-count" 22
 "d-color-count" 16
 "d-express-count" 14
 "cell-count" 56
 15 2 3 41
 15 -2 -2 203
 15 0 4 217
 105 -3 -1 162
 105 -2 -3 312
 105 0 -3 160
 15 -3 0 247
 105 0 -4 31
 15 -4 0 300
 15 -1 -3 26
 15 1 4 270
 105 4 0 111
 105 -3 1 169
 105 3 -3 296
 105 1 -4 19
 15 1 -3 114
 15 -1 -2 349
 15 2 1 163
 105 4 1 32
 15 1 -2 98
 105 -4 -1 267
 15 4 -1 34
 15 3 1 125
 15 0 -2 10
 15 2 -2 223
 15 2 2 87
 105 3 2 347
 105 -2 2 38
 55 1 0 175
 55 -1 -1 301
 55 3 -1 112
 55 0 1 302
 55 1 -1 84
 55 -1 0 132
 5 -1 4 281
 5 -3 -3 107
 55 2 0 116
 55 -2 0 238
 55 -1 2 115
 55 1 3 312
 55 3 3 334
 5 -3 2 13
 55 3 0 27
 55 1 1 42
 55 0 0 31
 55 0 3 202
 5 -2 3 114
 5 2 -1 333
 55 3 -2 323
 55 0 2 229
 55 1 2 33
 55 -2 -1 320
 55 -2 1 129
 55 0 -1 195
 55 -1 1 320
 5 -1 3 95
 "contig-ratio-green-core" 0.8666666666666667
 "contig-ratio-red-core" 0.875
 "a-count" 12
 "b-count" 6
 "c-color-count" 24
 "c-express-count" 22
 "d-color-count" 18
 "d-express-count" 16
 "cell-count" 56
 15 -2 0 117
 15 3 1 309
 15 3 -3 29
 15 -3 1 178
 15 -1 -3 91
 105 -1 4 216
 105 0 4 75
 15 0 3 94
 15 1 3 154
 15 -2 3 185
 15 4 1 332
 15 -1 3 138
 105 3 3 344
 15 -3 -2 182
 15 -4 0 170
 105 -3 -1 39
 15 1 -3 65
 15 -2 2 304
 15 2 2 95
 105 3 2 103
 15 4 0 260
 15 1 2 26
 15 -3 0 293
 105 -3 2 28
 105 -2 -1 171
 105 0 -4 72
 105 -2 -3 244
 105 0 -3 351
 55 -2 1 212
 5 2 -3 20
 55 1 -4 118
 55 1 -1 214
 5 3 -2 291
 55 -1 -1 261
 55 2 1 97
 55 -2 -2 345
 55 1 0 135
 55 3 -1 65
 55 1 -2 123
 55 2 -1 318
 55 0 -1 260
 55 0 -2 263
 55 1 1 168
 55 0 2 35
 55 -1 1 345
 55 2 0 25
 55 0 1 286
 55 0 0 230
 55 1 4 196
 5 -1 -4 132
 55 -4 -1 140
 55 -1 0 39
 5 3 0 190
 55 2 -2 268
 55 -1 2 251
 55 -1 -2 189
 "contig-ratio-green-core" 0.9166666666666666
 "contig-ratio-red-core" 0.8461538461538461
 "a-count" 9
 "b-count" 4
 "c-color-count" 24
 "c-express-count" 24
 "d-color-count" 19
 "d-express-count" 19
 "cell-count" 56
 15 3 2 115
 15 -4 1 25
 15 -4 -1 348
 15 0 4 299
 15 -3 0 286
 15 -1 4 206
 105 -4 0 67
 15 -3 -2 315
 15 3 -2 57
 105 -2 3 163
 105 2 -3 65
 15 3 0 91
 15 -1 -4 284
 105 4 1 52
 15 -1 -3 148
 15 -3 -1 51
 105 2 3 246
 15 3 -1 309
 15 -3 1 256
 105 1 -3 4
 15 1 4 84
 105 3 3 277
 15 0 3 97
 15 0 -3 88
 15 -2 -3 171
 105 0 -4 304
 15 3 1 124
 105 4 0 130
 55 2 -2 118
 55 1 2 284
 55 -2 1 164
 55 -1 1 277
 55 0 0 4
 5 0 -1 27
 5 4 -1 218
 55 2 2 104
 55 0 1 333
 55 -1 -1 301
 55 -3 -3 287
 55 2 0 290
 55 0 -2 99
 55 -2 -1 282
 55 -1 0 67
 55 -1 2 49
 55 -2 0 144
 55 -1 -2 99
 5 -2 2 92
 55 1 -2 356
 55 2 -1 327
 55 -2 -2 137
 55 2 1 192
 55 1 -1 149
 55 1 1 155
 55 0 2 332
 5 1 0 254
 55 -1 3 124
 "contig-ratio-green-core" 0.9333333333333333
 "contig-ratio-red-core" 0.7058823529411765
 "a-count" 12
 "b-count" 2
 "c-color-count" 26
 "c-express-count" 26
 "d-color-count" 16
 "d-express-count" 16
 "cell-count" 56
 15 1 3 34
 105 -3 3 178
 105 4 -1 82
 105 3 -3 117
 15 -1 3 323
 15 -4 1 277
 15 -3 0 263
 105 0 -4 2
 105 -2 1 328
 15 -1 4 288
 105 3 3 324
 15 3 -2 260
 105 0 4 86
 15 2 3 158
 15 1 -3 197
 15 3 -1 349
 15 -4 0 288
 15 -2 3 265
 15 0 -3 107
 15 -4 -1 172
 15 2 -3 40
 15 -3 1 149
 105 1 -4 193
 105 -2 2 307
 15 0 3 317
 105 -2 -3 246
 105 -1 -4 230
 105 2 -2 346
 55 -3 -1 64
 55 4 1 275
 55 -1 0 199
 5 -3 -2 87
 55 -1 -2 256
 55 -1 1 129
 55 2 1 303
 55 1 1 293
 55 -1 2 201
 55 0 -1 241
 55 -2 -1 194
 55 1 0 44
 55 0 -2 66
 55 0 0 287
 55 0 2 148
 55 1 -1 304
 55 3 0 119
 55 2 0 275
 55 3 1 341
 5 4 0 178
 55 -2 0 131
 55 2 -1 52
 55 -1 -3 102
 55 1 2 65
 55 0 1 334
 55 2 2 76
 55 -1 -1 289
 55 1 -2 212
 "contig-ratio-green-core" 0.5625
 "contig-ratio-red-core" 0.6428571428571429
