 "a-count" 11
 "b-count" 4
 "c-color-count" 24
 "c-express-count" 24
 "d-color-count" 17
 "d-express-count" 17
 "cell-count" 56
 15 0 -3 194
 105 -4 1 198
 105 3 2 97
 105 -3 1 34
 15 2 2 89
 15 -2 3 346
 105 -2 0 343
 15 -3 -2 88
 15 2 -2 159
 15 -1 -2 157
 15 -2 -3 191
 15 1 3 201
 15 1 4 107
 105 -1 4 87
 105 0 4 167
 105 1 -4 11
 15 -1 -3 37
 105 -3 2 119
 15 4 1 213
 15 3 -3 229
 15 0 3 162
 15 -3 0 165
 15 -3 -1 323
 105 -4 0 244
 15 -2 -2 200
 105 -2 1 23
 15 3 -2 179
 105 -2 -1 108
 55 -1 1 14
 55 0 2 326
 55 2 -1 312
 5 2 -3 323
 55 -1 -1 315
 5 2 3 40
 55 1 -2 254
 55 1 -3 217
 55 0 -2 305
 55 2 1 232
 55 0 0 156
 5 -3 3 211
 55 3 -1 129
 55 -1 3 347
 55 1 1 309
 55 3 0 297
 55 -1 0 67
 55 -1 -4 155
 55 0 1 278
 55 2 0 300
 55 1 2 270
 5 4 -1 49
 55 -1 2 284
 55 3 1 261
 55 1 0 178
 55 1 -1 238
 55 0 -1 98
 55 4 0 220
 "contig-ratio-green-core" 0.6
 "contig-ratio-red-core" 0.8461538461538461
 "a-count" 10
 "b-count" 1
 "c-color-count" 27
 "c-express-count" 27
 "d-color-count" 18
 "d-express-count" 18
 "cell-count" 56
 15 1 -3 5
 15 2 3 306
 105 3 -3 299
 105 0 -4 271
 15 -2 -3 212
 15 2 2 302
 15 -1 -3 150
 15 -2 -1 49
 15 -4 0 58
 15 0 5 352
 15 -3 -2 130
 15 0 4 150
 105 -3 3 273
 105 1 4 230
 15 3 2 172
 105 3 3 338
 105 -1 -2 232
 105 3 -1 52
 15 -3 1 122
 15 2 -3 92
 105 4 -1 344
 15 -4 1 92
 15 -1 -1 309
 105 0 -3 16
 15 -2 -2 122
 15 3 -2 98
 15 -1 4 67
 105 4 1 352
 55 2 -1 321
 55 -2 1 185
 55 -2 3 336
 55 0 -2 346
 55 3 0 199
 55 -1 1 177
 55 0 0 175
 55 -3 0 241
 55 1 1 107
 55 0 1 288
 55 3 1 216
 55 -2 0 81
 55 2 -2 348
 55 -1 2 312
 55 0 3 208
 5 -3 -1 242
 55 2 1 312
 55 -1 0 55
 55 1 2 10
 55 -2 2 44
 55 2 0 330
 55 1 3 13
 55 1 0 174
 55 0 -1 15
 55 1 -1 345
 55 0 2 238
 55 1 -2 202
 55 -4 -1 295
 "contig-ratio-green-core" 0.5789473684210527
 "contig-ratio-red-core" 0.7857142857142857
 "a-count" 8
 "b-count" 7
 "c-color-count" 21
 "c-express-count" 21
 "d-color-count" 20
 "d-express-count" 20
 "cell-count" 56
 15 -4 0 177
 15 1 3 326
 105 -1 4 286
 15 3 1 59
 105 3 -3 204
 15 2 -1 236
 15 3 2 281
 105 2 -3 268
 105 -3 3 277
 15 1 1 286
 15 1 0 352
 15 1 -1 228
 105 1 -3 198
 105 2 3 310
 15 -2 -3 151
 15 -1 -3 234
 15 -3 -1 18
 15 -4 1 211
 15 2 -2 175
 105 -1 -4 17
 15 0 -2 289
 15 2 0 254
 15 -3 0 326
 15 -3 -2 57
 15 0 -3 242
 15 2 1 98
 15 1 -2 293
 105 4 -1 305
 55 -1 -2 125
 55 -1 3 72
 55 -3 2 63
 55 0 3 73
 55 -1 -1 331
 55 -2 1 158
 55 3 0 265
 55 -2 -1 31
 55 0 -1 186
 5 -1 1 78
 5 -4 -1 177
 55 -1 2 111
 55 -2 0 156
 55 3 -2 112
 55 0 1 11
 55 -2 -2 238
 5 -3 -3 216
 55 -1 0 282
 5 2 2 64
 5 -2 3 357
 5 4 0 342
 55 -2 2 14
 55 3 -1 67
 55 -3 1 105
 55 1 2 331
 55 0 2 277
 5 0 4 66
 55 0 0 212
 "contig-ratio-green-core" 1.0769230769230769
 "contig-ratio-red-core" 0.6666666666666666
