 "a-count" 0
 "b-count" 0
 "c-color-count" 28
 "c-express-count" 28
 "d-color-count" 28
 "d-express-count" 28
 "cell-count" 56
 15 0 0 194
 15 3 2 227
 15 2 0 114
 15 -1 -2 220
 15 0 -2 151
 15 2 -1 192
 15 -1 1 210
 15 -2 -2 87
 15 1 2 39
 15 -1 0 87
 15 1 -2 171
 15 0 -1 42
 15 -2 3 194
 15 -1 1 221
 15 -1 3 48
 15 0 1 265
 15 0 3 357
 15 1 3 28
 15 0 2 118
 15 -2 2 292
 15 1 1 87
 15 1 -1 231
 15 2 2 256
 15 -2 -1 348
 15 -1 -1 75
 15 2 1 233
 15 -1 2 332
 15 1 0 337
 55 2 3 59
 55 -4 0 90
 55 -1 4 13
 55 -1 -3 318
 55 2 -2 138
 55 -2 -3 263
 55 -3 -3 54
 55 3 -2 178
 55 -4 1 357
 55 3 0 161
 55 -4 2 4
 55 4 1 205
 55 1 -3 184
 55 4 0 233
 55 -3 0 330
 55 -4 -1 107
 55 1 4 194
 55 -4 3 145
 55 2 -3 133
 55 -2 0 89
 55 -2 1 91
 55 0 4 38
 55 -2 0 292
 55 0 -3 243
 55 -2 -4 36
 55 -3 1 144
 55 3 -1 113
 55 -1 -4 293
 "contig-ratio-green-core" 0.5454545454545454
 "contig-ratio-red-core" 0.7777777777777778
 "a-count" 0
 "b-count" 0
 "c-color-count" 28
 "c-express-count" 28
 "d-color-count" 28
 "d-express-count" 28
 "cell-count" 56
 15 0 2 260
 15 1 -4 335
 15 1 0 68
 15 -2 -1 70
 15 1 -1 263
 15 1 2 63
 15 0 -1 334
 15 0 1 121
 15 -1 0 348
 15 1 4 347
 15 2 -1 299
 15 1 -1 183
 15 -2 2 148
 15 0 3 305
 15 -2 0 167
 15 -1 1 209
 15 0 0 225
 15 3 0 202
 15 1 3 4
 15 2 0 89
 15 3 -3 328
 15 1 -5 141
 15 1 1 51
 15 0 4 78
 15 -1 2 222
 15 -1 -1 245
 15 1 0 193
 15 -2 1 151
 55 -3 -1 149
 55 2 -3 237
 55 3 3 13
 55 -3 -2 294
 55 -1 -2 76
 55 0 -3 111
 55 -3 3 133
 55 1 -3 352
 55 -3 1 322
 55 3 2 19
 55 2 -2 306
 55 1 -2 296
 55 -3 2 309
 55 -2 -3 132
 55 3 -2 11
 55 -1 4 203
 55 0 -2 352
 55 -1 3 123
 55 -1 -4 355
 55 0 -4 254
 55 -2 -2 164
 55 -4 1 149
 55 -1 -3 57
 55 -4 0 23
 55 2 2 87
 55 2 3 121
 55 -3 0 8
 55 -2 3 106
 "contig-ratio-green-core" 0.6521739130434783
 "contig-ratio-red-core" 0.8
 "a-count" 0
 "b-count" 0
 "c-color-count" 28
 "c-express-count" 28
 "d-color-count" 28
 "d-express-count" 28
 "cell-count" 56
 15 -1 1 247
 15 -3 0 173
 15 1 -2 54
 15 -2 -2 203
 15 1 0 183
 15 2 -1 41
 15 1 2 298
 15 1 3 316
 15 2 0 67
 15 2 1 207
 15 -2 0 75
 15 -1 -1 119
 15 1 -1 33
 15 0 1 320
 15 -3 1 89
 15 0 -3 223
 15 0 0 277
 15 0 -2 325
 15 1 1 309
 15 0 -1 167
 15 -1 -2 334
 15 -1 -1 51
 15 2 2 189
 15 1 -3 184
 15 -3 -1 131
 15 -1 0 333
 15 -2 -1 67
 15 -2 1 29
 55 -1 -3 87
 55 3 0 128
 55 3 1 112
 55 1 4 349
 55 2 -3 271
 55 -2 3 82
 55 -2 2 353
 55 -4 0 226
 55 0 3 176
 55 4 -1 98
 55 -3 -3 163
 55 -3 3 198
 55 4 -3 310
 55 2 4 286
 55 -4 -2 68
 55 4 0 278
 55 -2 -3 62
 55 2 -2 178
 55 0 4 293
 55 -1 2 120
 55 4 -2 193
 55 -1 3 196
 55 -4 -1 175
 55 -1 -4 219
 55 0 -4 141
 55 3 -1 331
 55 -4 -3 85
 55 0 2 311
 "contig-ratio-green-core" 0.5909090909090909
 "contig-ratio-red-core" 0.8823529411764706
 "a-count" 0
 "b-count" 0
 "c-color-count" 28
 "c-express-count" 28
 "d-color-count" 28
 "d-express-count" 28
 "cell-count" 56
 15 -3 1 70
 15 -3 0 343
 15 2 2 139
 15 2 3 81
 15 1 1 231
 15 1 0 97
 15 1 2 73
 15 0 -2 222
 15 -2 -1 145
 15 -1 -1 206
 15 -1 1 81
 15 -1 -4 109
 15 -2 1 220
 15 3 2 30
 15 -4 0 218
 15 3 -3 259
 15 3 1 123
 15 0 1 37
 15 1 3 114
 15 -2 0 69
 15 2 1 95
 15 -3 2 301
 15 0 0 224
 15 -2 -4 149
 15 -1 0 257
 15 -4 1 176
 15 0 -1 200
 15 1 -1 194
 55 -1 4 259
 55 -4 -1 56
 55 -1 2 263
 55 0 -3 7
 55 -1 -2 36
 55 -3 3 208
 55 -3 -2 45
 55 -3 -1 49
 55 1 -3 227
 55 4 0 151
 55 2 -1 209
 55 3 -2 81
 55 3 -1 68
 55 1 4 123
 55 0 3 233
 55 -4 2 299
 55 -1 -3 31
 55 2 -2 186
 55 0 -4 125
 55 -2 -2 10
 55 0 4 166
 55 -2 3 134
 55 -2 2 292
 55 3 0 121
 55 2 -4 359
 55 -2 -3 33
 55 -1 3 324
 55 2 -3 104
 "contig-ratio-green-core" 0.56
 "contig-ratio-red-core" 0.8
