 "a-count" 0
 "b-count" 0
 "c-color-count" 28
 "c-express-count" 28
 "d-color-count" 28
 "d-express-count" 28
 "cell-count" 56
 15 -3 0 327
 15 3 1 223
 15 2 -1 12
 15 -1 4 195
 15 0 4 61
 15 1 -1 242
 15 2 3 128
 15 3 2 165
 15 0 0 189
 15 3 0 55
 15 -1 -2 203
 15 -3 -1 211
 15 0 -2 347
 15 4 1 178
 15 0 -1 322
 15 2 2 162
 15 1 1 177
 15 -2 0 347
 15 -2 -1 180
 15 1 2 54
 15 -4 0 333
 15 -1 -1 190
 15 3 -1 61
 15 2 1 68
 15 1 0 307
 15 -1 0 259
 15 -3 3 186
 15 2 0 233
 55 1 -3 171
 55 0 -3 128
 55 2 -3 10
 55 -2 3 299
 55 -2 -2 290
 55 -2 -3 350
 55 1 -2 28
 55 3 -3 72
 55 -2 4 153
 55 4 0 88
 55 0 -4 140
 55 0 1 64
 55 -2 2 229
 55 -1 3 240
 55 -3 2 152
 55 -3 -2 284
 55 -3 -3 44
 55 0 3 328
 55 -1 2 201
 55 3 3 245
 55 -1 -3 90
 55 0 2 162
 55 2 -2 326
 55 3 -2 281
 55 1 3 126
 55 -1 -4 248
 55 -1 1 140
 55 -2 1 96
 "contig-ratio-green-core" 0.6666666666666666
 "contig-ratio-red-core" 0.85
 "a-count" 0
 "b-count" 0
 "c-color-count" 28
 "c-express-count" 28
 "d-color-count" 28
 "d-express-count" 28
 "cell-count" 56
 15 -4 0 334
 15 2 1 304
 15 1 -1 163
 15 1 1 206
 15 -2 -1 342
 15 1 0 289
 15 -1 4 281
 15 -1 0 140
 15 -3 2 304
 15 -1 1 278
 15 -3 0 311
 15 1 2 250
 15 -3 1 271
 15 1 3 289
 15 -2 0 135
 15 0 1 195
 15 -3 -1 140
 15 2 3 33
 15 0 -2 223
 15 -1 -1 344
 15 0 0 61
 15 -3 -2 36
 15 -2 2 344
 15 0 -1 152
 15 -2 -2 282
 15 -2 1 187
 15 0 4 300
 15 2 2 334
 55 2 0 132
 55 3 -3 6
 55 2 -1 70
 55 0 3 332
 55 2 -2 76
 55 3 1 145
 55 -1 2 22
 55 -1 3 290
 55 0 2 310
 55 1 4 175
 55 3 0 345
 55 -1 -4 35
 55 3 -2 279
 55 4 1 244
 55 -2 3 343
 55 -4 -1 35
 55 -2 -3 7
 55 1 -3 28
 55 1 -2 311
 55 3 -1 161
 55 0 -3 207
 55 2 4 285
 55 4 0 275
 55 2 -3 310
 55 -4 3 294
 55 0 -4 99
 55 -3 3 292
 55 -2 -4 349
 "contig-ratio-green-core" 0.5909090909090909
 "contig-ratio-red-core" 0.75
 "a-count" 0
 "b-count" 0
 "c-color-count" 28
 "c-express-count" 28
 "d-color-count" 28
 "d-express-count" 28
 "cell-count" 56
 15 4 0 346
 15 0 3 220
 15 -2 3 276
 15 -1 -1 85
 15 1 -1 56
 15 0 -4 254
 15 1 -3 123
 15 1 4 54
 15 3 -1 227
 15 0 -1 278
 15 1 -2 87
 15 0 -2 130
 15 2 3 61
 15 3 0 216
 15 2 -1 100
 15 -4 -1 179
 15 2 0 145
 15 0 -3 97
 15 -4 1 68
 15 -1 -3 264
 15 -4 0 30
 15 -1 3 307
 15 4 -1 177
 15 0 4 220
 15 1 3 250
 15 -1 -2 183
 15 1 0 339
 15 1 -4 225
 55 -1 0 161
 55 -3 1 304
 55 -3 2 114
 55 -2 -1 228
 55 4 1 260
 55 2 -2 244
 55 -1 2 273
 55 -2 -2 187
 55 -1 1 53
 55 -2 0 164
 55 -3 -2 197
 55 -3 -1 304
 55 1 2 34
 55 3 1 147
 55 -3 -3 175
 55 2 -4 162
 55 3 2 130
 55 0 1 286
 55 2 1 76
 55 0 2 153
 55 3 -2 354
 55 2 2 0
 55 -4 2 278
 55 -3 0 188
 55 -1 4 191
 55 2 -3 115
 55 -2 1 133
 55 1 1 4
 "contig-ratio-green-core" 0.7083333333333334
 "contig-ratio-red-core" 0.782608695652174
 "a-count" 0
 "b-count" 0
 "c-color-count" 28
 "c-express-count" 28
 "d-color-count" 28
 "d-express-count" 28
 "cell-count" 56
 15 3 2 263
 15 0 1 305
 15 0 2 204
 15 2 -3 233
 15 1 0 115
 15 2 1 155
 15 1 1 135
 15 3 1 38
 15 -2 -3 259
 15 -2 -2 312
 15 -3 -2 318
 15 -1 1 202
 15 -1 2 248
 15 1 -1 324
 15 0 3 260
 15 2 -2 141
 15 2 0 126
 15 3 -1 130
 15 3 0 10
 15 1 2 51
 15 0 0 219
 15 1 1 2
 15 -1 -1 160
 15 2 2 213
 15 1 -2 172
 15 -1 0 40
 15 2 -1 141
 15 0 -1 37
 55 1 3 206
 55 -3 1 123
 55 -3 2 97
 55 3 3 250
 55 0 -3 280
 55 -4 1 326
 55 -2 1 83
 55 1 4 83
 55 2 4 12
 55 0 -2 58
 55 4 1 22
 55 0 4 132
 55 -1 -3 282
 55 4 2 274
 55 -1 4 192
 55 -4 0 167
 55 -3 0 50
 55 -1 -2 188
 55 -2 0 243
 55 -3 -3 53
 55 4 -1 336
 55 -3 -1 288
 55 -2 2 175
 55 -2 -1 278
 55 0 -4 93
 55 4 0 0
 55 -4 2 21
 55 2 3 10
 "contig-ratio-green-core" 0.6363636363636364
 "contig-ratio-red-core" 0.9444444444444444
