 "a-count" 7
 "b-count" 2
 "c-color-count" 26
 "c-express-count" 26
 "d-color-count" 21
 "d-express-count" 21
 "cell-count" 56
 105 -3 -2 9
 15 -2 -2 145
 15 0 -1 333
 15 -1 3 179
 15 1 -3 102
 15 3 0 311
 15 3 1 139
 15 0 3 297
 15 0 -2 202
 15 2 -1 317
 105 -3 3 98
 105 -3 -3 45
 15 -1 -2 35
 15 -1 -1 186
 15 -2 -1 116
 15 1 -1 100
 15 1 -2 351
 15 -4 1 29
 15 -3 2 177
 15 0 -3 132
 105 4 -1 251
 15 1 4 31
 15 4 0 148
 105 3 -3 184
 105 2 -3 197
 105 3 -2 93
 15 1 3 42
 15 3 -1 183
 55 3 2 17
 5 3 3 224
 55 1 0 77
 55 -3 1 314
 55 2 0 209
 55 -1 -3 179
 55 1 -4 335
 5 -3 0 266
 55 2 2 262
 55 4 1 112
 55 -2 -3 65
 55 1 1 233
 55 0 1 57
 55 -1 0 105
 55 0 2 1
 55 1 2 289
 55 -4 0 158
 55 -2 1 168
 55 2 3 273
 55 -3 -1 291
 55 -2 2 182
 55 -1 1 328
 55 0 0 236
 55 -2 0 84
 55 -1 2 134
 55 -1 -4 150
 55 2 1 217
 55 -4 -1 259
 "contig-ratio-green-core" 0.7894736842105263
 "contig-ratio-red-core" 1.0625
 "a-count" 5
 "b-count" 6
 "c-color-count" 23
 "c-express-count" 22
 "d-color-count" 23
 "d-express-count" 23
 "cell-count" 56
 15 -2 -3 102
 15 0 -1 70
 15 3 2 140
 15 -1 -1 259
 15 -1 -2 94
 15 -3 -2 9
 15 -2 0 116
 15 -3 1 133
 105 -1 4 314
 15 -2 2 118
 15 1 -1 5
 15 -1 -3 139
 15 -2 1 134
 15 2 -1 355
 15 0 3 27
 15 3 -1 52
 105 -3 -3 334
 15 -2 -1 164
 15 -2 3 111
 105 2 -2 259
 15 1 3 333
 15 -1 2 3
 105 0 4 305
 15 -3 -1 267
 15 0 2 51
 105 -3 0 248
 15 4 1 190
 15 -2 -2 337
 55 1 4 197
 55 3 0 53
 55 2 1 121
 55 1 1 255
 55 -4 1 39
 5 0 -2 252
 55 -4 0 349
 55 1 0 166
 5 -3 3 291
 55 2 2 277
 55 4 0 275
 55 0 -4 301
 55 1 2 4
 55 -4 2 238
 5 3 3 150
 55 -4 -1 213
 55 0 1 154
 55 2 3 2
 55 -1 -4 313
 5 2 -3 359
 55 3 1 95
 5 3 -3 64
 55 -3 2 47
 55 1 -4 10
 55 -1 0 247
 55 0 0 44
 55 2 0 64
 55 4 -1 140
 "contig-ratio-green-core" 0.8235294117647058
 "contig-ratio-red-core" 0.75
 "a-count" 9
 "b-count" 2
 "c-color-count" 26
 "c-express-count" 26
 "d-color-count" 20
 "d-express-count" 19
 "cell-count" 56
 105 -4 -1 68
 15 0 -3 77
 15 -4 0 317
 15 -1 -2 238
 105 -3 -3 315
 15 -1 -4 105
 15 2 1 154
 105 -4 1 263
 105 -3 3 27
 15 -3 2 356
 105 3 3 88
 15 3 1 285
 15 -2 2 213
 105 -1 4 168
 15 0 -4 284
 15 1 3 186
 15 2 3 228
 15 -1 3 228
 15 1 -3 67
 105 -2 -2 104
 15 4 1 78
 15 -3 1 330
 15 -2 1 263
 15 2 -3 173
 15 0 3 147
 105 -2 -3 250
 15 1 2 288
 15 2 2 62
 55 -2 0 129
 5 3 -2 247
 55 2 -2 331
 55 4 0 218
 5 3 -3 115
 55 0 1 158
 55 2 0 7
 55 -3 -1 176
 55 -1 2 79
 55 1 -2 157
 55 0 2 228
 55 1 1 271
 55 0 -1 102
 55 -1 0 307
 55 3 -1 14
 55 0 -2 10
 55 -1 1 355
 55 2 -1 171
 55 -1 -1 221
 55 4 -1 65
 55 -3 -2 308
 55 0 0 3
 55 -3 0 318
 55 1 0 170
 55 3 0 249
 55 1 -1 257
 55 2 4 290
 55 -2 -1 342
 "contig-ratio-green-core" 0.8235294117647058
 "contig-ratio-red-core" 0.75
 "a-count" 7
 "b-count" 2
 "c-color-count" 26
 "c-express-count" 26
 "d-color-count" 23
 "d-express-count" 21
 "cell-count" 56
 15 -1 0 189
 15 -4 -1 352
 15 -3 0 340
 15 3 -1 61
 15 -1 3 176
 15 2 2 221
 15 -2 0 320
 15 0 1 313
 15 1 2 44
 105 0 2 296
 15 3 3 120
 15 0 -3 255
 15 -1 2 214
 15 -1 1 192
 15 -1 -3 300
 15 3 2 60
 15 -3 1 121
 15 1 3 349
 105 2 -3 326
 15 -2 1 73
 15 0 3 265
 105 -4 1 151
 105 -3 -3 188
 105 -1 -4 161
 15 2 3 352
 15 0 -4 47
 15 2 -2 330
 15 -3 3 106
 55 1 -1 239
 55 -4 0 22
 5 4 1 181
 55 1 1 161
 55 -3 -1 166
 55 -2 3 317
 55 2 -1 4
 55 1 4 341
 55 1 0 273
 55 0 -2 19
 55 -1 -1 71
 55 -1 -2 164
 55 -1 4 239
 55 4 0 255
 55 4 2 79
 5 -3 2 239
 55 -2 -3 34
 55 2 0 93
 55 -2 -1 288
 55 -2 2 128
 55 0 4 76
 55 -2 -2 94
 55 0 0 302
 55 3 1 32
 55 1 -2 139
 55 1 -4 359
 55 2 1 205
 55 3 0 298
 "contig-ratio-green-core" 0.8
 "contig-ratio-red-core" 1.0526315789473684
