 "a-count" 10
 "b-count" 5
 "c-color-count" 23
 "c-express-count" 23
 "d-color-count" 19
 "d-express-count" 18
 "cell-count" 56
 15 2 1 335
 105 4 1 327
 15 -1 3 336
 105 -1 -3 246
 105 -2 3 159
 15 3 1 110
 15 -4 1 290
 105 -4 0 29
 15 1 -3 58
 15 -3 2 193
 15 -4 -1 189
 15 1 -2 279
 15 1 4 255
 15 0 4 30
 15 -3 1 44
 105 3 -2 349
 15 -3 -2 257
 105 3 -3 179
 105 -2 -3 311
 15 2 0 232
 15 0 -3 304
 15 -3 0 29
 15 2 -1 291
 15 3 0 76
 105 2 -3 218
 105 0 -4 65
 15 -3 -1 247
 15 3 2 310
 55 4 0 6
 55 1 -1 31
 5 -3 3 266
 55 -2 -2 252
 55 -2 1 85
 55 -1 2 47
 55 -2 -1 19
 55 0 3 82
 55 -1 -2 342
 55 -1 4 23
 55 -2 0 45
 55 -1 -1 66
 55 -1 0 35
 5 -1 1 168
 55 1 3 204
 55 0 -1 6
 55 2 3 207
 55 0 1 187
 5 3 3 350
 55 -2 2 143
 55 1 2 58
 55 2 2 236
 55 0 -2 333
 5 -3 -3 254
 55 1 0 146
 5 3 -1 159
 55 0 2 131
 55 1 1 182
 "contig-ratio-green-core" 0.7647058823529411
 "contig-ratio-red-core" 0.8333333333333334
 "a-count" 8
 "b-count" 2
 "c-color-count" 26
 "c-express-count" 26
 "d-color-count" 21
 "d-express-count" 20
 "cell-count" 56
 15 -1 3 98
 15 -2 1 225
 15 3 0 110
 105 -3 1 184
 105 3 -3 325
 15 -3 2 225
 105 4 -1 2
 15 1 -2 294
 15 1 -3 108
 15 -4 0 275
 15 3 -2 238
 15 -1 4 299
 105 1 -4 169
 15 4 2 353
 15 -2 -1 331
 15 -2 0 70
 15 0 4 177
 15 1 4 59
 15 -2 2 122
 15 2 3 268
 15 -3 0 42
 15 -3 -1 297
 15 -4 -1 350
 105 -3 -2 228
 105 -1 -4 240
 105 2 -2 279
 15 3 -1 263
 15 -2 3 285
 55 -3 3 47
 55 0 -3 12
 55 2 0 133
 55 -1 0 158
 55 -1 -3 358
 55 1 3 268
 5 3 3 68
 55 3 1 185
 55 3 2 267
 55 1 -1 243
 55 0 -1 344
 55 -3 -3 280
 55 0 -2 273
 55 0 1 312
 55 1 0 312
 55 0 0 63
 55 1 2 63
 55 -1 -1 173
 55 -1 -2 127
 55 0 3 75
 5 -4 1 189
 55 2 -1 190
 55 -1 1 156
 55 -2 -3 173
 55 2 1 320
 55 -1 2 354
 55 2 2 228
 55 0 2 244
 "contig-ratio-green-core" 0.6190476190476191
 "contig-ratio-red-core" 0.8
 "a-count" 7
 "b-count" 4
 "c-color-count" 25
 "c-express-count" 24
 "d-color-count" 21
 "d-express-count" 21
 "cell-count" 56
 15 3 0 186
 15 -4 0 18
 15 -2 2 56
 15 2 1 18
 15 1 4 108
 15 -3 1 40
 15 -4 1 69
 105 -2 -3 12
 105 1 -3 220
 15 2 3 143
 15 4 1 153
 15 0 4 153
 15 -2 -1 115
 15 3 -1 349
 15 2 2 273
 105 -1 -4 256
 105 2 -3 279
 15 2 -2 50
 15 -2 0 40
 15 -2 -2 191
 15 4 -1 199
 15 0 -3 224
 105 3 -3 195
 105 0 -4 161
 15 -3 0 13
 15 3 1 240
 105 4 0 35
 15 -2 1 73
 55 0 -1 185
 55 -1 1 219
 5 1 -4 79
 55 1 1 144
 55 0 1 331
 55 3 3 131
 55 0 2 4
 55 -1 3 49
 55 0 3 103
 55 1 2 4
 55 3 -2 219
 55 2 -1 48
 55 -1 -2 157
 55 -1 2 347
 55 -1 -3 148
 5 -3 -1 80
 55 -3 -3 5
 55 0 -2 224
 55 1 -1 129
 55 1 0 42
 55 -1 -1 65
 55 2 0 98
 5 -3 3 5
 55 -1 0 27
 55 0 0 61
 55 1 3 174
 55 -2 3 341
 55 1 -2 64
 "contig-ratio-green-core" 0.9333333333333333
 "contig-ratio-red-core" 0.7777777777777778
