 "a-count" 5
 "b-count" 2
 "c-color-count" 26
 "c-express-count" 26
 "d-color-count" 23
 "d-express-count" 23
 "cell-count" 56
 105 1 -3 335
 15 1 1 235
 15 0 -4 5
 105 3 -2 309
 15 0 -2 337
 15 3 0 140
 15 2 -3 144
 15 -3 1 194
 105 3 3 116
 15 -2 2 127
 15 3 1 186
 15 0 2 213
 15 -1 2 41
 15 -3 -2 127
 15 2 1 228
 105 2 2 277
 15 -3 2 79
 15 4 -1 47
 105 4 1 258
 15 1 3 157
 15 -3 -3 48
 15 -1 -4 14
 15 -1 4 9
 15 4 0 167
 15 -1 3 216
 15 0 -3 220
 15 1 2 186
 15 0 3 18
 55 -1 1 21
 55 -2 3 266
 55 -1 0 271
 55 1 0 149
 55 1 -4 96
 55 3 -1 93
 55 -3 -1 56
 5 -4 0 330
 55 2 -1 85
 55 1 4 167
 55 -4 -1 65
 55 2 0 167
 55 0 -1 7
 55 -2 -3 351
 55 -1 -2 247
 55 -3 0 80
 55 0 1 45
 55 0 0 357
 55 -2 0 65
 55 1 -1 178
 55 -2 -1 314
 55 -1 -1 98
 5 3 2 345
 55 -2 -2 270
 55 2 -2 346
 55 0 4 157
 55 -2 1 192
 55 -1 -3 328
 "contig-ratio-green-core" 0.9444444444444444
 "contig-ratio-red-core" 0.8571428571428571
 "a-count" 7
 "b-count" 2
 "c-color-count" 27
 "c-express-count" 26
 "d-color-count" 23
 "d-express-count" 21
 "cell-count" 56
 15 0 -3 316
 15 -2 1 53
 15 0 2 121
 15 2 -2 225
 105 -2 -3 268
 15 -3 2 66
 15 1 3 256
 15 -1 1 133
 15 1 -4 280
 15 -1 -4 299
 15 -1 2 295
 15 0 3 67
 105 -3 -3 42
 15 3 -2 245
 15 -4 0 309
 105 -3 -2 190
 15 1 2 103
 105 -1 -3 55
 105 -3 3 26
 15 -1 -2 309
 15 2 2 174
 15 4 0 342
 15 -4 -1 39
 15 0 1 269
 15 3 -1 277
 15 -2 2 136
 15 1 1 192
 15 -1 3 322
 55 3 0 89
 55 1 -2 126
 55 1 -3 190
 55 1 -1 66
 55 -3 -1 122
 55 3 1 272
 55 2 0 128
 55 -1 4 170
 55 -2 0 83
 55 -3 1 321
 55 4 -1 169
 5 2 3 123
 55 0 -2 124
 55 -3 0 82
 55 3 2 115
 55 3 3 251
 55 0 -1 260
 55 -1 0 310
 55 0 4 254
 55 2 -1 316
 55 0 0 29
 55 1 0 90
 55 -2 3 34
 55 -2 -2 52
 55 -1 -1 41
 55 -4 1 319
 55 2 1 179
 55 -2 -1 179
 "contig-ratio-green-core" 0.8
 "contig-ratio-red-core" 1.1666666666666667
 "a-count" 5
 "b-count" 3
 "c-color-count" 25
 "c-express-count" 25
 "d-color-count" 23
 "d-express-count" 23
 "cell-count" 56
 15 -3 1 350
 15 0 2 310
 15 2 0 110
 15 -1 -4 149
 15 1 3 338
 15 4 0 121
 15 -1 2 288
 15 3 1 96
 105 3 -3 198
 15 1 2 105
 105 -3 -3 289
 15 3 0 61
 15 0 3 290
 105 1 4 252
 15 -2 2 106
 15 2 3 136
 15 -2 -2 252
 105 -3 3 181
 15 -3 2 175
 15 -3 -2 265
 15 -1 3 120
 15 3 -1 258
 15 2 -1 115
 15 0 -4 307
 105 2 -3 288
 15 4 1 256
 15 -2 -3 309
 15 -4 2 321
 5 -2 3 203
 55 2 -2 155
 55 -3 -1 222
 55 3 2 298
 55 -4 1 331
 55 1 -2 313
 55 -3 0 225
 55 -2 -1 102
 55 2 2 48
 55 1 0 179
 55 1 -1 143
 5 0 4 28
 55 0 -2 129
 55 1 1 88
 55 1 -3 219
 55 -1 1 228
 55 0 -3 122
 55 -1 0 241
 55 0 1 3
 5 3 3 51
 55 -4 0 78
 55 2 1 8
 55 0 -1 125
 55 -1 -1 231
 55 -1 -2 34
 55 0 0 354
 55 -1 -3 0
 55 -2 0 122
 "contig-ratio-green-core" 0.7368421052631579
 "contig-ratio-red-core" 0.8421052631578947
