 "a-count" 10
 "b-count" 4
 "c-color-count" 24
 "c-express-count" 24
 "d-color-count" 19
 "d-express-count" 18
 "cell-count" 56
 105 2 -3 189
 15 3 -2 91
 15 -2 -2 127
 15 -2 -3 139
 15 2 3 193
 15 0 4 250
 15 -1 -3 246
 15 3 -1 131
 15 -1 3 251
 15 1 3 328
 15 0 3 212
 105 -3 2 78
 105 0 -3 151
 15 1 -2 61
 105 0 -4 296
 105 -1 -4 99
 15 2 -2 252
 105 1 -4 65
 15 2 2 312
 105 -2 3 133
 15 -3 -3 263
 15 1 2 348
 15 0 -2 224
 15 -4 1 354
 15 -1 -2 217
 105 3 3 201
 15 -4 0 292
 105 1 -3 284
 55 -3 -1 133
 55 0 0 9
 55 -1 1 93
 5 -3 3 314
 55 -3 -2 20
 55 0 1 52
 55 -2 0 45
 55 -1 0 179
 55 -2 2 126
 55 1 -1 66
 55 2 0 52
 55 -2 1 351
 55 -3 0 186
 55 -1 -1 324
 55 -4 -1 263
 5 -3 1 342
 5 3 2 202
 55 2 1 37
 55 1 1 214
 55 1 0 111
 55 2 -1 155
 55 0 -1 261
 55 3 0 63
 55 -1 2 100
 55 0 2 357
 55 -2 -1 67
 5 4 0 344
 55 3 1 127
 "contig-ratio-green-core" 0.8
 "contig-ratio-red-core" 0.7058823529411765
 "a-count" 4
 "b-count" 1
 "c-color-count" 27
 "c-express-count" 27
 "d-color-count" 24
 "d-express-count" 24
 "cell-count" 56
 15 -2 3 107
 15 -3 1 282
 15 1 4 221
 15 0 3 0
 15 3 -1 211
 15 2 -3 250
 15 4 0 150
 105 -1 2 312
 15 -3 0 154
 15 4 2 52
 15 4 1 28
 15 0 4 260
 15 4 -1 138
 15 -1 3 172
 15 -2 0 307
 15 1 3 0
 15 -2 1 260
 15 -1 0 1
 15 -1 -4 214
 15 2 -2 318
 15 1 -3 212
 15 -3 -1 276
 105 -3 -3 232
 15 0 -3 293
 105 3 -3 62
 15 0 -4 81
 105 -4 0 111
 15 -1 1 182
 55 2 2 194
 55 0 -2 324
 55 1 -2 278
 55 2 0 273
 55 0 2 358
 55 3 2 30
 55 -2 -3 168
 55 -2 -2 184
 55 1 0 223
 55 -3 -2 69
 55 2 3 315
 55 -1 -2 177
 55 1 -1 253
 5 3 3 193
 55 1 1 168
 55 -1 -3 48
 55 0 1 151
 55 1 2 264
 55 0 -1 305
 55 2 -1 140
 55 -1 -1 114
 55 0 0 285
 55 3 0 13
 55 -4 1 201
 55 -2 -1 84
 55 3 1 355
 55 -3 2 129
 55 -3 3 333
 "contig-ratio-green-core" 0.75
 "contig-ratio-red-core" 0.85
 "a-count" 6
 "b-count" 5
 "c-color-count" 23
 "c-express-count" 23
 "d-color-count" 22
 "d-express-count" 22
 "cell-count" 56
 15 4 -1 27
 15 2 -1 61
 15 -4 0 219
 15 1 -4 138
 15 4 0 224
 15 -3 2 3
 105 -2 3 63
 15 1 3 151
 105 3 -3 147
 15 2 -3 54
 105 -1 -3 91
 15 -3 1 318
 15 3 -2 260
 15 2 -2 89
 15 4 1 62
 105 3 3 194
 15 3 -1 12
 15 0 2 103
 105 -3 3 205
 105 -1 4 299
 15 -1 2 27
 15 3 0 42
 15 0 4 91
 15 -3 0 349
 15 2 3 308
 15 0 -4 222
 15 1 2 168
 15 -1 3 333
 55 3 2 190
 5 -1 -2 160
 5 -1 -1 274
 55 1 4 243
 55 -1 1 132
 55 1 0 144
 55 -3 -1 83
 55 -2 2 7
 55 -2 0 120
 55 -1 0 273
 55 2 0 205
 5 -3 -3 270
 5 -3 -2 221
 55 1 -3 130
 55 3 1 117
 55 2 1 306
 55 0 -3 274
 55 0 0 217
 55 2 2 98
 55 0 -2 15
 55 1 -1 312
 55 0 1 210
 5 -4 -1 259
 55 -2 1 137
 55 0 -1 51
 55 1 -2 240
 55 -2 -1 194
 55 1 1 153
 "contig-ratio-green-core" 0.875
 "contig-ratio-red-core" 0.7647058823529411
