 "a-count" 7
 "b-count" 5
 "c-color-count" 24
 "c-express-count" 23
 "d-color-count" 21
 "d-express-count" 21
 "cell-count" 56
 105 3 -2 291
 15 -1 3 357
 15 -4 0 217
 105 2 -3 106
 15 1 2 301
 15 -2 -3 321
 15 1 0 203
 15 -1 4 258
 15 -1 -3 160
 15 2 0 136
 15 2 -1 132
 15 -3 1 50
 15 -2 2 170
 15 2 1 212
 15 0 2 235
 15 -1 2 343
 105 1 -4 212
 105 -4 1 120
 15 1 -1 261
 105 1 -3 306
 105 3 2 219
 15 2 2 222
 105 3 -3 168
 15 2 -2 263
 15 2 3 109
 15 0 -2 270
 15 1 1 32
 15 0 1 192
 55 4 -2 235
 55 -1 0 155
 5 -3 3 186
 55 0 -1 62
 5 4 1 110
 55 -3 -1 84
 55 -1 -1 153
 55 -2 -1 15
 55 -1 1 310
 55 1 4 156
 55 -1 -2 148
 55 4 0 79
 5 -4 -1 12
 55 4 -1 43
 55 0 3 113
 55 -2 -2 31
 5 -3 2 105
 55 -3 0 145
 55 -2 0 132
 55 3 3 275
 55 -2 1 44
 55 0 0 184
 55 0 4 18
 55 1 3 121
 55 -3 -2 320
 55 3 0 76
 55 3 -1 331
 55 3 1 12
 "contig-ratio-green-core" 1
 "contig-ratio-red-core" 0.8235294117647058
 "a-count" 7
 "b-count" 3
 "c-color-count" 26
 "c-express-count" 25
 "d-color-count" 22
 "d-express-count" 21
 "cell-count" 56
 15 -2 -1 47
 15 0 -4 138
 15 0 -3 308
 105 -2 -3 252
 15 3 3 191
 15 2 0 299
 105 0 3 250
 15 0 1 59
 15 -1 2 153
 15 1 2 246
 15 -4 1 195
 15 3 2 320
 105 1 4 37
 15 1 1 232
 15 1 3 144
 15 -1 -3 359
 15 2 1 213
 15 -1 3 62
 15 -3 -2 167
 15 0 2 302
 105 -1 4 324
 105 -3 2 271
 15 2 2 298
 15 2 3 5
 15 1 0 343
 15 1 -3 97
 105 3 0 341
 15 -2 -2 63
 55 -1 1 297
 55 2 -2 337
 55 2 -3 44
 55 4 0 198
 55 0 -2 141
 5 -1 -4 193
 55 0 0 142
 55 -4 -1 173
 55 -2 3 295
 55 2 -1 12
 55 1 -1 264
 55 -1 -2 351
 55 -1 -1 79
 55 -4 0 246
 55 1 -2 276
 55 -2 1 301
 55 -1 0 139
 55 3 -2 46
 5 3 -3 25
 55 4 1 340
 55 -3 1 249
 55 0 4 252
 55 -3 -3 355
 55 -3 0 161
 55 -2 0 182
 55 -2 2 239
 55 0 -1 185
 55 4 -1 46
 "contig-ratio-green-core" 0.6111111111111112
 "contig-ratio-red-core" 0.8666666666666667
 "a-count" 6
 "b-count" 2
 "c-color-count" 26
 "c-express-count" 26
 "d-color-count" 24
 "d-express-count" 22
 "cell-count" 56
 15 -1 -3 57
 15 3 1 101
 15 0 3 51
 105 -1 3 301
 105 -1 -4 153
 15 3 -1 117
 15 2 1 353
 15 -3 -2 83
 15 1 -4 28
 15 -2 -2 198
 15 3 0 30
 15 0 2 81
 15 -3 0 241
 15 2 0 106
 15 0 -4 333
 15 -3 -1 102
 15 -1 4 107
 15 3 -3 46
 15 -2 3 198
 15 -1 -2 93
 15 -1 2 319
 15 4 1 277
 15 -3 1 185
 15 1 3 147
 105 -2 -3 112
 105 4 0 4
 15 4 -1 324
 15 1 2 285
 55 1 4 118
 55 -2 1 212
 55 3 3 62
 55 0 4 170
 55 -3 2 62
 55 3 2 337
 55 -1 0 303
 55 -2 0 126
 55 0 1 190
 55 -3 3 162
 55 1 -3 249
 55 -1 1 250
 55 -4 -1 323
 55 1 -1 276
 5 -4 1 25
 55 3 -2 234
 55 -3 -3 148
 55 -1 -1 122
 55 0 -2 267
 5 -4 0 200
 55 2 -2 150
 55 1 0 318
 55 0 0 215
 55 -2 2 307
 55 1 -2 28
 55 1 1 17
 55 2 2 229
 55 0 -3 27
 "contig-ratio-green-core" 0.9047619047619048
 "contig-ratio-red-core" 0.9473684210526315
 "a-count" 8
 "b-count" 4
 "c-color-count" 24
 "c-express-count" 24
 "d-color-count" 21
 "d-express-count" 20
 "cell-count" 56
 15 -3 2 167
 15 -3 -3 91
 15 -1 -3 142
 105 1 -4 139
 15 1 -3 57
 15 -3 0 273
 15 -2 -3 344
 105 4 -1 93
 105 3 -2 178
 15 3 0 273
 15 2 -1 303
 15 -3 -1 306
 15 4 0 30
 105 -1 -4 309
 15 0 3 148
 15 2 0 311
 105 0 -3 136
 15 -4 1 158
 15 -3 1 277
 15 4 1 285
 15 1 -2 62
 15 -1 4 204
 105 2 -3 85
 15 3 -1 174
 105 0 4 93
 15 -3 -2 50
 15 -1 3 176
 15 -2 3 65
 55 2 1 271
 55 1 0 189
 55 -1 -1 234
 55 -1 -2 50
 55 1 2 290
 55 3 1 87
 55 0 -1 298
 55 0 -2 26
 55 -1 0 4
 55 -1 2 22
 55 0 0 128
 5 1 4 317
 55 -1 1 48
 55 1 1 79
 55 1 -1 135
 5 -4 -1 8
 55 1 3 205
 55 2 2 192
 55 0 2 168
 55 -2 1 254
 55 -2 0 205
 55 2 -2 12
 55 -2 -1 117
 55 0 1 325
 5 2 3 356
 55 -2 2 291
 5 3 -3 45
 55 -3 3 54
 "contig-ratio-green-core" 0.9285714285714286
 "contig-ratio-red-core" 0.8666666666666667
