 "a-count" 6
 "b-count" 10
 "c-color-count" 18
 "c-express-count" 18
 "d-color-count" 22
 "d-express-count" 22
 "cell-count" 56
 15 2 -1 341
 15 -2 2 231
 15 0 4 248
 15 0 3 89
 15 2 -2 131
 15 1 3 82
 15 -1 2 4
 15 -1 -3 197
 15 2 2 257
 15 1 2 219
 15 -2 -2 342
 15 -2 -1 100
 105 -1 4 61
 15 -2 1 39
 15 -1 3 256
 15 -2 0 224
 15 3 0 157
 105 4 -1 52
 15 3 -1 20
 105 3 -3 277
 15 2 1 157
 105 -1 -4 37
 15 -1 1 58
 15 3 1 42
 15 1 -4 58
 15 2 0 4
 105 -3 3 102
 105 0 -4 279
 55 -3 2 206
 5 -4 -1 230
 55 2 3 128
 5 -3 0 227
 55 0 -1 161
 55 -3 1 48
 55 -1 -1 38
 55 0 1 138
 55 -1 -2 304
 5 3 -2 287
 55 1 -3 317
 55 3 2 258
 55 1 0 343
 55 1 -1 193
 5 -3 -1 32
 5 -2 -3 127
 5 -4 0 264
 55 1 1 222
 55 1 -2 205
 5 -4 1 254
 5 -3 -2 70
 55 -1 0 219
 55 -4 2 277
 55 0 0 159
 55 0 -2 211
 5 4 0 331
 55 0 -3 113
 5 4 1 333
 "contig-ratio-green-core" 1
 "contig-ratio-red-core" 0.65
 "a-count" 8
 "b-count" 5
 "c-color-count" 23
 "c-express-count" 23
 "d-color-count" 22
 "d-express-count" 20
 "cell-count" 56
 15 1 4 77
 105 -2 -3 264
 105 1 -4 284
 15 3 3 87
 15 1 3 136
 15 3 -1 209
 15 0 3 275
 15 1 -2 169
 15 0 -3 135
 15 0 -2 74
 15 3 0 142
 15 -2 -2 306
 15 4 0 164
 15 -3 -1 293
 105 -1 4 260
 15 -1 -2 86
 15 2 -2 302
 15 -4 0 61
 15 -3 2 147
 15 -4 1 236
 15 2 -1 356
 15 2 3 279
 105 4 -1 163
 15 0 4 62
 105 -3 -3 170
 15 0 -4 236
 15 -1 3 109
 105 3 -3 43
 55 1 0 4
 55 3 1 53
 5 4 1 90
 55 -2 -1 309
 55 0 0 33
 55 -2 0 197
 55 -1 0 200
 55 0 2 330
 55 -3 1 149
 55 -2 1 317
 55 -4 -1 102
 55 -1 -1 308
 5 -1 -4 349
 55 0 1 170
 55 0 -1 119
 55 1 2 218
 55 -2 2 298
 55 1 1 135
 55 2 0 308
 55 -1 1 324
 5 -1 -3 339
 55 -1 2 5
 55 2 2 33
 55 1 -1 257
 5 3 2 278
 5 -3 3 72
 55 2 1 189
 55 -3 0 248
 "contig-ratio-green-core" 1.0769230769230769
 "contig-ratio-red-core" 0.6875
 "a-count" 9
 "b-count" 5
 "c-color-count" 23
 "c-express-count" 23
 "d-color-count" 19
 "d-express-count" 19
 "cell-count" 56
 105 4 1 104
 15 0 -4 210
 15 1 1 210
 105 3 3 328
 15 -3 -3 255
 15 2 0 309
 15 0 2 73
 15 -3 1 128
 105 2 2 148
 105 3 -2 28
 105 -1 4 171
 15 -4 0 254
 15 2 -1 268
 105 1 4 4
 15 3 -3 261
 15 4 0 211
 15 3 -1 230
 105 3 0 154
 15 0 1 134
 105 0 4 359
 15 3 2 314
 15 -1 3 143
 15 2 1 52
 15 3 1 350
 15 -4 1 141
 105 4 -1 258
 15 2 -2 61
 15 -1 2 59
 55 2 -3 272
 55 0 -3 150
 55 -2 -2 275
 55 1 -1 209
 55 -2 1 68
 5 1 -4 233
 5 -3 2 194
 55 -2 -3 140
 55 -3 -2 178
 55 1 -3 88
 55 -3 -1 204
 55 0 -2 177
 55 -3 0 340
 5 -1 -1 59
 55 1 0 35
 55 -2 0 72
 55 -2 3 218
 5 -1 -2 66
 55 -3 3 50
 55 -1 0 137
 55 0 -1 295
 55 1 -2 179
 55 -2 2 45
 5 -1 -3 356
 55 -4 -2 150
 55 -1 1 358
 55 0 0 269
 55 -2 -1 277
 "contig-ratio-green-core" 0.75
 "contig-ratio-red-core" 0.75
