 "a-count" 0
 "b-count" 16
 "c-color-count" 12
 "c-express-count" 12
 "d-color-count" 28
 "d-express-count" 28
 "cell-count" 56
 15 -1 2 263
 15 2 0 172
 15 -1 -3 353
 15 0 -3 126
 15 0 2 58
 15 1 0 7
 15 -4 1 146
 15 2 3 347
 15 -1 3 348
 15 -1 1 347
 15 2 2 210
 15 -2 3 271
 15 1 3 288
 15 1 -2 94
 15 3 -1 163
 15 -2 -3 348
 15 -1 -2 162
 15 1 1 151
 15 0 3 61
 15 1 -1 326
 15 3 1 268
 15 0 1 76
 15 -4 0 108
 15 3 0 209
 15 2 1 122
 15 2 -1 227
 15 -1 -4 354
 15 0 -2 291
 55 -4 -1 9
 5 3 -2 320
 5 -3 -3 334
 5 -2 1 14
 55 0 4 350
 5 4 0 100
 5 -3 -2 162
 55 -3 1 33
 5 1 -3 99
 55 0 -1 32
 5 1 -4 123
 5 3 2 262
 5 3 -3 5
 5 2 -2 217
 55 0 0 251
 5 2 -3 330
 55 -1 0 122
 55 -4 -2 278
 55 -1 -1 250
 5 -2 -1 340
 5 3 3 27
 55 1 4 188
 55 -1 4 146
 5 -3 2 186
 5 -3 -1 269
 55 -2 0 47
 5 -2 -2 279
 55 -3 0 126
 "contig-ratio-green-core" 1
 "contig-ratio-red-core" 0.391304347826087
 "a-count" 0
 "b-count" 19
 "c-color-count" 9
 "c-express-count" 9
 "d-color-count" 28
 "d-express-count" 28
 "cell-count" 56
 15 2 0 68
 15 0 0 156
 15 0 -1 256
 15 1 0 140
 15 -1 1 323
 15 -4 0 13
 15 -2 2 205
 15 -1 3 120
 15 3 0 244
 15 4 0 17
 15 -2 -3 88
 15 -2 3 315
 15 -2 -2 266
 15 3 1 119
 15 -2 -1 90
 15 -2 0 118
 15 1 -1 188
 15 -1 2 221
 15 -3 -1 94
 15 -4 -1 224
 15 4 -1 136
 15 -3 0 256
 15 -2 1 25
 15 -1 -1 154
 15 0 1 133
 15 2 1 221
 15 1 1 280
 15 -1 0 131
 5 2 -1 41
 5 3 -3 114
 5 1 -3 342
 5 3 -1 325
 5 -3 -2 124
 5 -3 1 175
 55 1 4 284
 55 1 -2 229
 55 -1 5 48
 5 3 2 301
 5 0 -4 229
 55 -3 -3 256
 5 1 -4 187
 5 0 2 177
 55 0 5 66
 5 2 2 318
 5 1 2 196
 5 2 -2 159
 55 -1 -3 316
 55 0 4 261
 55 0 -2 204
 5 3 -2 36
 5 0 -3 136
 5 -1 -4 342
 5 1 3 164
 5 -4 1 77
 55 -1 -2 38
 5 0 3 136
 "contig-ratio-green-core" 0.5555555555555556
 "contig-ratio-red-core" 0.23809523809523808
 "a-count" 0
 "b-count" 18
 "c-color-count" 10
 "c-express-count" 10
 "d-color-count" 28
 "d-express-count" 28
 "cell-count" 56
 15 -2 0 349
 15 0 1 137
 15 3 0 81
 15 1 0 308
 15 0 2 200
 15 -2 1 242
 15 2 0 29
 15 -1 1 266
 15 2 -3 321
 15 1 3 57
 15 -2 -2 243
 15 0 3 226
 15 0 -4 323
 15 -2 -3 210
 15 -1 0 349
 15 -2 -1 242
 15 1 -1 88
 15 3 1 146
 15 -1 2 177
 15 2 -1 50
 15 0 0 211
 15 4 0 280
 15 1 2 50
 15 2 1 2
 15 4 -1 36
 15 -3 -1 83
 15 3 -1 301
 15 1 1 215
 55 -2 3 52
 5 3 3 59
 5 -2 2 140
 5 -4 0 336
 5 -4 1 10
 5 -3 0 314
 55 0 -2 221
 5 2 2 299
 55 -3 3 267
 55 -3 2 50
 5 -1 -3 336
 55 3 2 181
 55 0 -3 208
 5 0 -1 345
 5 -3 -3 279
 5 2 -2 141
 55 3 -3 350
 5 1 -4 206
 5 3 -2 323
 5 -4 -1 202
 5 -3 1 83
 5 4 1 70
 55 1 -2 199
 55 1 -3 283
 55 -1 -4 245
 5 1 4 290
 5 -1 -1 2
 5 -1 -2 3
 "contig-ratio-green-core" 0.4444444444444444
 "contig-ratio-red-core" 0.1111111111111111
