 "a-count" 0
 "b-count" 16
 "c-color-count" 12
 "c-express-count" 12
 "d-color-count" 28
 "d-express-count" 28
 "cell-count" 56
 15 1 -3 54
 15 0 -2 1
 15 -1 2 125
 15 -3 -1 175
 15 -1 -2 242
 15 2 1 150
 15 0 3 71
 15 -2 -3 122
 15 -2 3 64
 15 2 0 83
 15 1 -4 61
 15 3 1 21
 15 4 1 72
 15 2 -2 179
 15 2 -1 126
 15 -1 3 54
 15 -2 2 84
 15 0 -3 293
 15 0 2 204
 15 -2 -2 282
 15 4 0 15
 15 3 0 105
 15 -3 1 247
 15 -3 0 303
 15 -1 -3 19
 15 0 4 14
 15 4 2 141
 15 1 -2 225
 5 1 2 108
 5 -1 -1 171
 55 -1 1 330
 5 1 4 220
 5 2 3 140
 5 3 -3 86
 5 -1 4 293
 5 -3 2 135
 55 2 -3 190
 5 3 -1 73
 5 3 -2 238
 55 0 -1 136
 55 0 0 126
 5 1 3 342
 5 4 -1 308
 55 1 0 214
 55 -2 1 194
 5 1 -1 284
 55 -2 0 269
 5 -4 1 152
 55 -1 0 288
 5 3 2 203
 55 -2 -1 229
 5 -4 -1 191
 5 2 -4 330
 55 1 1 62
 55 0 -4 74
 55 0 1 149
 "contig-ratio-green-core" 1.3333333333333333
 "contig-ratio-red-core" 0.34615384615384615
 "a-count" 0
 "b-count" 15
 "c-color-count" 13
 "c-express-count" 13
 "d-color-count" 28
 "d-express-count" 28
 "cell-count" 56
 15 -2 0 149
 15 -3 0 201
 15 1 -2 302
 15 -1 1 17
 15 1 -3 110
 15 -1 0 170
 15 -3 -1 241
 15 3 0 147
 15 -1 2 209
 15 0 0 128
 15 -2 -1 235
 15 -1 -1 195
 15 -3 -2 295
 15 -3 1 146
 15 -2 2 296
 15 -4 1 314
 15 0 1 137
 15 2 0 41
 15 1 -1 236
 15 -1 3 146
 15 1 0 285
 15 -2 1 104
 15 -3 -3 121
 15 0 -2 78
 15 1 1 137
 15 1 4 353
 15 2 1 207
 15 0 -1 198
 55 0 4 100
 55 1 3 215
 55 1 2 161
 5 0 -3 141
 5 0 -4 233
 5 2 -3 351
 5 4 1 75
 5 -2 -2 199
 55 -2 -3 352
 5 -3 3 283
 5 -1 -2 265
 55 1 -4 207
 5 2 -2 284
 55 -4 -1 114
 5 -3 2 67
 55 0 3 116
 55 2 3 134
 5 3 -1 7
 55 -1 -3 264
 55 0 2 279
 5 3 -2 324
 55 2 2 238
 5 4 0 276
 55 -4 0 179
 5 3 2 44
 5 -1 4 327
 55 -1 -4 202
 5 3 1 354
 "contig-ratio-green-core" 0.9166666666666666
 "contig-ratio-red-core" 0.42105263157894735
