 "a-count" 0
 "b-count" 19
 "c-color-count" 9
 "c-express-count" 9
 "d-color-count" 28
 "d-express-count" 28
 "cell-count" 56
 15 -3 -1 9
 15 0 2 211
 15 -4 -1 63
 15 0 1 170
 15 -1 2 295
 15 1 -1 230
 15 -4 1 306
 15 -4 2 158
 15 -3 1 240
 15 -3 0 348
 15 0 -1 122
 15 2 0 249
 15 -2 -1 49
 15 -1 1 86
 15 1 1 328
 15 4 1 278
 15 -2 1 232
 15 3 1 191
 15 1 0 337
 15 -1 -2 29
 15 -1 0 108
 15 -2 -2 56
 15 0 -2 159
 15 1 2 107
 15 -4 0 140
 15 -1 -1 129
 15 2 2 35
 15 0 0 3
 5 3 -2 340
 5 -1 -3 290
 55 0 -4 223
 5 -3 3 32
 55 0 3 200
 5 -1 3 31
 55 1 -4 59
 5 -3 -3 349
 55 1 4 273
 5 1 -3 80
 5 3 -1 293
 5 1 -2 346
 55 -2 -4 164
 5 -1 4 153
 55 3 0 114
 5 -2 2 19
 55 -1 -4 262
 55 4 0 284
 5 2 -3 47
 5 0 4 234
 5 3 -3 292
 5 2 -2 182
 55 1 3 44
 5 2 -1 268
 5 -3 2 128
 5 -2 3 68
 5 0 -3 74
 5 4 -1 99
 "contig-ratio-green-core" 0.5555555555555556
 "contig-ratio-red-core" 0.19047619047619047
 "a-count" 0
 "b-count" 18
 "c-color-count" 10
 "c-express-count" 10
 "d-color-count" 28
 "d-express-count" 28
 "cell-count" 56
 15 -2 -2 10
 15 0 -2 201
 15 -2 2 232
 15 0 0 90
 15 0 -3 194
 15 -1 -2 28
 15 1 3 78
 15 -1 0 314
 15 1 2 189
 15 1 4 314
 15 -3 1 152
 15 0 4 189
 15 1 0 159
 15 2 -2 250
 15 -3 0 74
 15 1 -1 345
 15 -3 2 196
 15 1 1 349
 15 2 -1 205
 15 2 2 78
 15 -1 -1 14
 15 -2 0 180
 15 1 -2 324
 15 0 -1 356
 15 2 0 289
 15 2 1 162
 15 -2 -1 13
 15 2 3 3
 55 -1 2 217
 5 3 1 74
 5 -3 3 305
 55 3 -4 355
 5 -1 4 179
 5 -3 -1 307
 5 3 0 89
 5 0 3 235
 55 0 -4 343
 5 3 -1 187
 5 2 -3 46
 55 1 -4 7
 55 -2 3 166
 55 -1 1 189
 55 0 1 331
 5 0 2 278
 5 -4 -1 176
 5 4 -1 115
 5 -4 0 189
 55 3 -3 259
 55 -1 3 133
 5 3 -2 62
 5 4 1 45
 5 -2 -3 276
 55 2 -4 325
 5 1 -3 122
 5 4 0 268
 5 -3 -2 61
 "contig-ratio-green-core" 0.625
 "contig-ratio-red-core" 0.22727272727272727
 "a-count" 0
 "b-count" 13
 "c-color-count" 15
 "c-express-count" 15
 "d-color-count" 28
 "d-express-count" 28
 "cell-count" 56
 15 0 -3 25
 15 0 4 350
 15 -4 0 348
 15 -5 1 356
 15 2 -1 270
 15 1 -3 186
 15 3 1 253
 15 -2 4 354
 15 -2 -2 231
 15 0 -2 345
 15 1 -1 336
 15 -1 -3 321
 15 3 0 14
 15 2 -2 309
 15 1 3 99
 15 -2 -1 320
 15 -1 -2 40
 15 -1 4 159
 15 -4 1 291
 15 -1 3 113
 15 2 0 150
 15 -1 -1 296
 15 0 3 71
 15 4 0 81
 15 1 -2 271
 15 3 -1 105
 15 0 -1 124
 15 -2 -3 41
 55 -1 0 38
 55 -1 2 298
 55 -2 0 115
 5 -3 3 83
 55 1 1 21
 5 3 2 193
 5 0 -4 28
 55 -3 0 179
 5 2 1 22
 55 0 2 158
 5 -1 -4 332
 55 2 2 151
 5 -3 -1 359
 5 0 1 273
 5 -4 -1 105
 55 -1 1 160
 55 3 -2 233
 5 2 -3 121
 55 1 2 164
 5 1 4 328
 55 -2 1 358
 55 1 0 134
 55 2 3 95
 55 0 0 232
 5 -3 2 248
 5 -3 1 275
 55 -2 2 219
 5 3 3 4
 "contig-ratio-green-core" 0.9
 "contig-ratio-red-core" 0.43478260869565216
 "a-count" 0
 "b-count" 16
 "c-color-count" 12
 "c-express-count" 12
 "d-color-count" 28
 "d-express-count" 28
 "cell-count" 56
 15 -1 1 306
 15 1 3 93
 15 0 1 194
 15 3 0 4
 15 2 3 354
 15 -2 1 9
 15 -1 0 181
 15 -1 5 249
 15 -1 0 245
 15 1 2 164
 15 -2 3 48
 15 -2 0 107
 15 4 0 194
 15 1 1 38
 15 2 1 149
 15 3 -1 212
 15 -4 1 93
 15 -2 0 322
 15 -2 -1 288
 15 0 2 314
 15 -3 2 261
 15 -3 -1 158
 15 -3 1 257
 15 -2 2 116
 15 -1 0 300
 15 2 2 276
 15 -1 2 54
 15 -3 0 122
 5 2 0 71
 5 0 3 134
 5 -4 0 299
 5 -1 4 55
 5 2 -2 30
 55 1 -1 286
 55 -1 -3 72
 55 3 1 248
 5 4 1 303
 5 3 -2 175
 5 -2 -2 96
 5 2 -1 263
 5 2 -3 200
 55 0 -3 223
 55 1 0 190
 5 -1 -4 152
 5 1 4 102
 55 0 4 45
 55 -1 -2 342
 5 1 -2 140
 55 0 0 254
 55 0 -4 143
 55 1 -4 22
 55 -1 3 64
 5 0 -1 302
 5 -1 -1 142
 5 1 -3 133
 55 -3 3 253
 "contig-ratio-green-core" 0.9
 "contig-ratio-red-core" 0.25
