 "a-count" 0
 "b-count" 16
 "c-color-count" 12
 "c-express-count" 12
 "d-color-count" 28
 "d-express-count" 28
 "cell-count" 56
 15 -4 2 173
 15 -2 -1 217
 15 -3 2 307
 15 -1 0 6
 15 1 -2 264
 15 2 3 101
 15 -2 0 301
 15 0 1 249
 15 1 -3 60
 15 2 -1 33
 15 2 0 144
 15 -4 1 104
 15 1 2 90
 15 2 1 12
 15 0 -2 86
 15 -2 -2 79
 15 0 0 28
 15 0 -3 8
 15 2 2 155
 15 1 3 243
 15 1 0 1
 15 1 -1 343
 15 -1 -1 331
 15 -1 -2 117
 15 0 2 14
 15 1 1 343
 15 0 -1 139
 15 3 1 228
 55 -3 0 333
 5 3 -1 137
 55 0 4 188
 5 -2 2 1
 5 -1 -3 146
 5 4 0 358
 5 -3 -2 58
 5 3 0 134
 5 3 -2 175
 5 2 -3 292
 55 1 -5 355
 55 -1 1 273
 5 -4 0 104
 5 0 3 184
 55 -2 1 94
 55 -3 -1 76
 55 -1 3 148
 55 -1 2 66
 5 4 -1 292
 5 -3 -3 247
 55 0 -4 0
 55 1 -4 185
 5 -2 -3 168
 5 3 -3 236
 5 2 -2 253
 5 4 1 81
 55 -1 4 62
 55 -1 -4 62
 "contig-ratio-green-core" 0.5
 "contig-ratio-red-core" 0.3684210526315789
 "a-count" 0
 "b-count" 14
 "c-color-count" 14
 "c-express-count" 14
 "d-color-count" 28
 "d-express-count" 28
 "cell-count" 56
 15 -3 -2 51
 15 1 2 185
 15 -4 0 202
 15 2 0 246
 15 -3 -3 63
 15 1 4 101
 15 0 3 279
 15 0 0 301
 15 2 -1 272
 15 0 2 29
 15 1 0 232
 15 -2 0 197
 15 3 -2 92
 15 -2 -2 320
 15 1 1 308
 15 1 -1 26
 15 1 3 280
 15 0 1 190
 15 3 -1 85
 15 3 0 342
 15 -1 1 119
 15 -1 0 78
 15 -3 -1 127
 15 -1 3 355
 15 -1 2 211
 15 -2 -1 38
 15 -3 0 134
 15 -4 1 290
 55 2 2 108
 5 -4 -1 80
 5 -2 -3 147
 55 2 -3 84
 55 1 -3 124
 5 4 -1 324
 5 2 -4 266
 5 -1 -3 161
 55 2 3 169
 5 2 -2 143
 55 1 -4 41
 5 -3 1 119
 55 0 -3 320
 55 0 -4 81
 5 4 0 41
 5 -1 -2 217
 5 3 3 279
 55 -2 3 0
 55 3 1 274
 55 1 -2 293
 5 4 1 82
 55 3 -3 309
 5 -3 2 94
 5 0 -2 57
 5 -2 2 22
 55 0 -1 52
 55 -1 -1 176
 55 2 1 350
 "contig-ratio-green-core" 1
 "contig-ratio-red-core" 0.36
 "a-count" 0
 "b-count" 17
 "c-color-count" 11
 "c-express-count" 11
 "d-color-count" 28
 "d-express-count" 28
 "cell-count" 56
 15 0 -1 65
 15 -1 1 268
 15 0 -3 225
 15 0 3 345
 15 0 -1 294
 15 0 0 143
 15 0 2 340
 15 1 -1 135
 15 1 1 62
 15 0 1 150
 15 -2 4 228
 15 1 3 32
 15 -1 -2 98
 15 2 2 316
 15 0 0 142
 15 4 -1 330
 15 4 0 117
 15 -1 4 188
 15 -1 0 217
 15 0 4 355
 15 2 1 111
 15 -1 2 306
 15 0 -2 191
 15 1 2 63
 15 1 0 242
 15 -1 -1 58
 15 3 1 37
 15 -1 3 144
 5 -3 1 53
 55 2 -1 209
 55 2 -2 73
 55 2 0 208
 55 -3 -1 170
 5 -2 -3 342
 55 4 1 329
 55 -3 2 146
 5 -3 -3 226
 5 -4 0 242
 5 1 -2 279
 55 -2 2 231
 5 0 -4 138
 5 -3 0 227
 5 2 3 340
 5 3 3 271
 5 -2 1 232
 5 3 0 168
 5 1 -4 299
 55 2 -3 228
 55 -3 -2 61
 55 -2 -1 244
 5 3 -3 153
 55 3 -1 69
 5 -1 -4 346
 5 -2 -2 305
 5 1 4 253
 5 3 2 226
 "contig-ratio-green-core" 0.6
 "contig-ratio-red-core" 0.3157894736842105
