 "a-count" 0
 "b-count" 18
 "c-color-count" 10
 "c-express-count" 10
 "d-color-count" 28
 "d-express-count" 28
 "cell-count" 56
 15 -1 -3 357
 15 -2 3 32
 15 -3 1 97
 15 -2 -2 151
 15 -1 2 48
 15 1 2 232
 15 0 -2 296
 15 -2 2 126
 15 -2 1 276
 15 1 1 82
 15 0 2 103
 15 2 -1 353
 15 -1 -2 297
 15 2 2 337
 15 -3 0 357
 15 3 0 251
 15 1 -1 135
 15 -4 0 183
 15 -1 3 155
 15 2 1 234
 15 3 1 287
 15 1 -2 97
 15 -1 -1 174
 15 1 0 5
 15 0 3 289
 15 0 -3 183
 15 2 0 257
 15 0 -1 309
 5 4 -1 57
 55 0 1 18
 55 -4 1 23
 5 1 3 236
 5 -2 -1 66
 5 3 3 73
 5 3 2 19
 55 -1 1 239
 5 1 -3 124
 55 0 0 157
 5 -3 2 352
 5 -3 3 298
 5 -3 -1 208
 55 0 4 74
 5 0 -4 196
 5 2 3 17
 55 3 -1 320
 5 3 -2 282
 5 -4 2 233
 55 4 1 308
 5 -2 0 170
 5 -1 4 210
 5 -4 -1 307
 5 3 -3 138
 5 -3 -2 58
 55 1 4 57
 55 -1 0 90
 55 2 -3 65
 "contig-ratio-green-core" 1.5714285714285714
 "contig-ratio-red-core" 0.34782608695652173
 "a-count" 0
 "b-count" 18
 "c-color-count" 10
 "c-express-count" 10
 "d-color-count" 28
 "d-express-count" 28
 "cell-count" 56
 15 -1 -3 242
 15 0 2 91
 15 0 1 123
 15 0 -1 311
 15 -1 -1 143
 15 -1 -2 108
 15 2 1 141
 15 -1 3 228
 15 1 2 113
 15 1 1 256
 15 1 -1 177
 15 0 3 353
 15 -2 0 153
 15 -1 2 24
 15 0 0 282
 15 1 0 234
 15 -3 -2 133
 15 2 0 124
 15 0 -2 331
 15 -1 0 178
 15 -3 -1 359
 15 -2 -2 13
 15 -2 4 318
 15 1 -2 230
 15 -1 1 171
 15 -2 3 262
 15 -2 -1 210
 15 2 2 349
 5 3 3 182
 5 3 -3 220
 5 2 3 296
 5 2 -3 111
 5 -3 2 59
 55 4 -1 303
 5 0 4 273
 5 -4 1 210
 5 4 1 251
 55 -1 -4 231
 5 2 -1 43
 55 -3 0 179
 55 3 1 252
 55 3 0 4
 5 3 -1 298
 5 -3 -3 181
 55 1 4 321
 55 -2 1 189
 5 3 2 258
 5 1 -3 309
 5 2 -2 26
 5 0 -3 283
 55 4 0 61
 5 -4 0 5
 55 0 -4 166
 5 -2 2 113
 5 1 -4 205
 55 -3 1 115
 "contig-ratio-green-core" 0.6666666666666666
 "contig-ratio-red-core" 0.2777777777777778
 "a-count" 0
 "b-count" 16
 "c-color-count" 12
 "c-express-count" 12
 "d-color-count" 28
 "d-express-count" 28
 "cell-count" 56
 15 3 0 101
 15 2 2 239
 15 -1 -4 39
 15 2 1 270
 15 -1 -1 13
 15 3 2 219
 15 -2 2 118
 15 2 -1 67
 15 -2 1 17
 15 1 0 73
 15 -1 2 265
 15 -1 -2 324
 15 3 1 194
 15 1 1 62
 15 0 -2 93
 15 -2 0 110
 15 -1 -3 231
 15 -3 0 203
 15 0 0 153
 15 1 -1 183
 15 -1 0 126
 15 0 -1 312
 15 0 1 39
 15 1 -2 218
 15 -1 1 113
 15 2 3 266
 15 -2 -1 244
 15 2 0 283
 5 4 -1 187
 5 3 -3 347
 5 -4 -1 38
 55 1 -3 348
 5 -3 1 227
 5 -3 -2 329
 55 -2 4 316
 5 0 2 192
 5 -4 0 52
 55 1 -4 293
 55 -1 3 253
 55 0 4 342
 5 2 -3 186
 5 2 -2 168
 5 -2 -2 246
 55 3 -2 356
 5 -2 -3 341
 55 1 4 280
 5 -3 3 260
 55 4 1 134
 5 0 3 129
 55 -1 4 84
 55 4 0 104
 55 -2 3 243
 5 -4 1 186
 55 3 -1 173
 5 -3 -3 273
 5 1 3 178
 "contig-ratio-green-core" 0.5454545454545454
 "contig-ratio-red-core" 0.35294117647058826
