 "a-count" 0
 "b-count" 14
 "c-color-count" 14
 "c-express-count" 14
 "d-color-count" 28
 "d-express-count" 28
 "cell-count" 56
 15 0 -2 227
 15 -2 -2 337
 15 -2 -4 279
 15 -2 2 84
 15 1 1 85
 15 3 1 331
 15 -2 0 263
 15 -1 2 77
 15 0 1 114
 15 2 1 91
 15 -2 -1 65
 15 2 0 33
 15 -1 0 309
 15 -2 -3 264
 15 -1 -2 281
 15 -1 1 263
 15 -1 -1 178
 15 3 0 5
 15 -2 1 182
 15 1 0 174
 15 1 -2 241
 15 0 2 169
 15 3 -1 349
 15 0 -1 89
 15 2 -1 151
 15 0 0 225
 15 -3 -3 208
 15 1 -1 82
 55 -1 -3 210
 5 0 -5 186
 55 0 3 142
 5 4 1 7
 55 0 -4 41
 55 0 -3 23
 55 1 -3 249
 55 1 3 266
 5 3 -2 212
 55 -4 0 167
 5 3 2 121
 55 2 -3 68
 55 1 2 275
 5 4 -1 262
 5 3 -3 79
 5 -3 -1 356
 5 -1 3 22
 5 4 0 90
 55 0 4 163
 55 2 2 215
 5 1 4 34
 5 -4 -1 198
 5 -3 2 123
 5 -1 4 357
 5 1 -4 125
 55 -3 1 235
 55 -1 -4 132
 55 -4 1 264
 "contig-ratio-green-core" 0.8
 "contig-ratio-red-core" 0.42105263157894735
 "a-count" 0
 "b-count" 15
 "c-color-count" 13
 "c-express-count" 13
 "d-color-count" 28
 "d-express-count" 28
 "cell-count" 56
 15 3 0 19
 15 0 -2 183
 15 2 2 350
 15 -2 -2 169
 15 -2 -1 95
 15 -1 -2 214
 15 3 2 312
 15 0 -4 242
 15 -1 2 78
 15 4 1 185
 15 -1 4 317
 15 0 2 282
 15 -2 4 235
 15 0 3 216
 15 1 2 359
 15 0 -3 118
 15 3 1 316
 15 -1 -1 162
 15 1 -2 93
 15 0 -1 253
 15 -4 0 156
 15 4 0 319
 15 1 -3 186
 15 -3 1 190
 15 -4 1 310
 15 -1 -3 96
 15 -3 -2 40
 15 -1 3 103
 55 -3 -1 68
 5 -1 0 201
 5 2 3 112
 55 1 0 151
 5 3 -3 60
 5 1 -4 234
 5 -1 -4 51
 5 4 -1 40
 55 0 1 106
 5 -4 -1 339
 5 -3 -3 69
 55 2 -1 306
 55 -2 -3 201
 5 -2 2 253
 55 1 1 190
 5 -3 2 154
 55 2 0 120
 55 -2 0 242
 5 1 -1 216
 55 -2 1 310
 5 3 -2 31
 5 0 0 351
 55 -3 0 132
 55 2 -2 188
 5 3 -1 160
 5 2 -3 115
 55 -1 1 88
 55 4 -1 308
 "contig-ratio-green-core" 1.0909090909090908
 "contig-ratio-red-core" 0.43478260869565216
 "a-count" 0
 "b-count" 18
 "c-color-count" 10
 "c-express-count" 10
 "d-color-count" 28
 "d-express-count" 28
 "cell-count" 56
 15 1 2 73
 15 0 -1 334
 15 -3 -1 212
 15 2 0 40
 15 -3 0 86
 15 0 3 224
 15 0 2 353
 15 -2 -1 325
 15 2 1 316
 15 1 -1 167
 15 0 0 312
 15 -2 -2 56
 15 2 -1 57
 15 -3 -2 110
 15 -2 0 142
 15 -1 -1 242
 15 0 1 5
 15 -1 -2 152
 15 3 0 224
 15 -1 0 24
 15 1 0 206
 15 3 1 232
 15 4 0 153
 15 3 -1 316
 15 -1 3 287
 15 1 1 256
 15 -1 2 206
 15 -1 1 95
 5 -2 3 219
 55 -3 1 270
 55 0 -3 28
 55 -3 3 339
 55 2 2 222
 55 0 -2 140
 5 2 -2 304
 5 -4 1 21
 55 1 -2 349
 5 0 -4 216
 5 -4 0 310
 5 2 3 325
 5 -1 4 20
 55 -1 -3 67
 5 3 -2 193
 5 -4 -1 307
 55 1 -3 78
 5 -2 1 39
 5 -1 -4 126
 55 -2 2 134
 5 1 4 298
 5 0 4 139
 5 4 1 266
 5 3 -3 346
 5 1 -4 239
 55 -3 2 55
 5 2 -3 169
 5 1 3 248
 "contig-ratio-green-core" 0.875
 "contig-ratio-red-core" 0.3333333333333333
 "a-count" 0
 "b-count" 14
 "c-color-count" 14
 "c-express-count" 14
 "d-color-count" 28
 "d-express-count" 28
 "cell-count" 56
 15 0 -2 196
 15 1 -1 176
 15 2 -2 2
 15 2 0 85
 15 3 -1 20
 15 2 -1 287
 15 -2 -2 243
 15 3 0 11
 15 0 0 127
 15 -1 -3 350
 15 -2 1 330
 15 0 -1 222
 15 -2 0 209
 15 -1 1 303
 15 1 0 125
 15 -2 -4 61
 15 -2 -3 194
 15 -1 -1 74
 15 1 1 195
 15 1 -2 122
 15 -1 -2 78
 15 -1 2 306
 15 -2 -1 30
 15 0 2 103
 15 3 -2 114
 15 -1 0 175
 15 2 1 248
 15 0 1 317
 55 1 -4 352
 5 -3 -3 157
 55 -4 0 309
 5 -3 -1 190
 5 -3 2 346
 5 1 4 221
 5 -3 0 296
 55 2 3 71
 55 3 2 225
 5 2 -3 357
 5 3 -3 217
 5 1 2 92
 5 -3 -2 164
 55 -1 -4 17
 55 0 -4 156
 55 1 3 183
 5 3 3 64
 5 1 -3 260
 5 0 4 145
 55 2 2 209
 5 -2 3 90
 55 0 -3 165
 55 0 3 233
 55 4 0 196
 5 -3 1 76
 55 -4 -1 150
 55 4 -1 271
 55 -1 3 170
 "contig-ratio-green-core" 0.5833333333333334
 "contig-ratio-red-core" 0.4117647058823529
