 "a-count" 12
 "b-count" 2
 "c-color-count" 26
 "c-express-count" 26
 "d-color-count" 18
 "d-express-count" 16
 "cell-count" 56
 15 -1 -3 45
 105 -3 1 204
 105 -2 2 272
 15 -2 0 330
 15 0 3 163
 15 -2 -3 267
 105 1 -4 198
 15 -1 4 122
 105 4 2 117
 15 -3 0 334
 105 -1 -4 191
 15 3 -2 41
 15 -3 -2 139
 105 4 1 112
 105 -4 0 34
 105 -4 -1 86
 15 1 -2 136
 105 -2 3 194
 15 -2 -1 71
 15 -2 1 336
 15 3 3 294
 15 4 -1 193
 105 2 -3 49
 15 0 -4 17
 15 4 0 307
 15 1 3 272
 15 3 -3 230
 15 1 -3 36
 55 2 4 113
 55 -1 3 308
 55 0 0 293
 55 -1 0 84
 55 -3 3 18
 55 -1 1 208
 55 0 -2 191
 55 -1 -1 21
 5 -2 -2 29
 55 -1 -2 353
 5 -3 -3 67
 55 2 2 297
 55 3 -1 203
 55 0 1 263
 55 2 0 187
 55 0 2 172
 55 2 3 170
 55 1 2 53
 55 2 1 288
 55 0 -1 163
 55 1 -1 274
 55 2 -1 291
 55 -1 2 314
 55 3 0 108
 55 3 1 162
 55 0 -3 34
 55 3 2 248
 55 1 0 133
 "contig-ratio-green-core" 0.6842105263157895
 "contig-ratio-red-core" 0.9230769230769231
 "a-count" 5
 "b-count" 2
 "c-color-count" 26
 "c-express-count" 26
 "d-color-count" 25
 "d-express-count" 23
 "cell-count" 56
 15 4 1 209
 15 3 2 11
 15 2 2 305
 15 3 -1 309
 15 2 -1 277
 15 -2 3 161
 15 -3 -1 61
 15 1 -3 39
 15 -2 2 203
 15 1 -2 94
 15 -1 -3 72
 15 1 -1 264
 15 -4 -1 296
 15 -4 0 204
 105 0 -3 68
 15 -1 4 184
 15 -3 -3 28
 15 2 -2 133
 15 4 -1 302
 105 -3 -2 195
 15 -4 1 183
 15 -2 -2 39
 15 1 -4 1
 15 2 3 44
 15 3 -2 308
 15 3 3 171
 15 -2 -3 53
 105 0 4 222
 55 -2 0 33
 5 -1 -4 351
 55 -3 0 25
 55 2 1 319
 55 0 1 180
 55 -2 -1 338
 55 0 3 117
 55 1 1 261
 55 0 2 227
 55 -1 1 187
 55 -2 1 101
 55 1 0 175
 55 0 0 9
 55 -1 0 50
 55 -3 1 64
 55 1 3 85
 55 3 1 5
 55 -1 2 85
 55 -1 -1 247
 55 4 0 175
 55 2 0 128
 55 -1 -2 215
 55 0 -1 272
 55 1 2 155
 55 3 0 58
 5 3 -3 320
 55 -1 3 247
 55 0 -2 102
 "contig-ratio-green-core" 0.9444444444444444
 "contig-ratio-red-core" 0.7727272727272727
 "a-count" 4
 "b-count" 3
 "c-color-count" 25
 "c-express-count" 25
 "d-color-count" 24
 "d-express-count" 24
 "cell-count" 56
 15 -3 1 346
 15 -2 -2 48
 105 -3 2 2
 15 1 3 212
 15 -3 -1 60
 15 0 -4 35
 15 -2 2 23
 105 -3 -2 44
 15 -1 2 327
 105 4 -1 193
 15 -4 -1 36
 105 -4 1 3
 15 -1 3 91
 15 3 2 210
 15 1 -3 35
 15 0 -3 349
 15 3 -2 191
 15 3 0 307
 15 4 0 177
 15 -1 -3 16
 15 2 3 209
 15 -3 -3 67
 15 -2 -3 116
 15 3 3 285
 15 4 1 6
 15 3 -1 356
 15 -1 4 140
 15 -4 0 271
 5 3 -3 30
 55 -3 0 355
 55 -2 1 45
 55 1 2 145
 55 0 -2 335
 5 -3 3 159
 55 2 2 312
 55 -1 0 308
 55 2 -3 30
 55 1 -1 340
 55 2 0 185
 55 0 3 330
 55 -2 0 329
 55 -1 -2 161
 55 -1 1 313
 55 0 -1 83
 55 1 1 342
 55 2 -2 272
 55 2 1 345
 55 2 -1 33
 55 3 1 37
 5 -1 -1 179
 55 0 2 294
 55 -2 -1 77
 55 0 4 183
 55 1 -2 213
 55 0 1 251
 55 1 0 74
 "contig-ratio-green-core" 0.85
 "contig-ratio-red-core" 0.8947368421052632
 "a-count" 9
 "b-count" 5
 "c-color-count" 23
 "c-express-count" 23
 "d-color-count" 20
 "d-express-count" 19
 "cell-count" 56
 105 3 -3 70
 105 1 4 110
 105 -2 -1 22
 15 2 -3 159
 15 -4 1 37
 15 -3 -1 131
 15 -1 -3 56
 15 3 2 208
 15 3 3 291
 105 -3 -2 156
 15 1 -3 123
 15 0 4 106
 105 -3 0 66
 105 3 -1 348
 105 3 1 21
 15 -1 3 110
 15 -1 4 38
 15 3 0 325
 15 -3 3 359
 105 4 1 312
 15 2 3 164
 15 0 -4 236
 15 -2 2 338
 15 2 2 131
 15 -1 -2 289
 15 4 0 84
 15 -1 -4 140
 15 3 -2 215
 55 1 0 262
 55 0 1 174
 55 1 -1 4
 55 0 -1 103
 55 0 0 115
 55 -2 0 198
 5 1 -4 131
 5 -3 1 319
 5 0 -2 176
 55 -1 1 228
 55 0 3 247
 55 -1 -1 217
 55 2 -1 166
 55 2 -2 288
 55 -1 0 357
 55 1 1 29
 55 -2 -2 158
 5 -4 -1 196
 55 0 -3 11
 55 1 3 40
 55 0 2 74
 55 -1 2 326
 55 2 0 77
 55 -2 -3 178
 55 -2 1 92
 5 -4 0 211
 55 2 1 58
 55 1 2 165
 "contig-ratio-green-core" 0.8
 "contig-ratio-red-core" 0.6923076923076923
