 "a-count" 8
 "b-count" 4
 "c-color-count" 24
 "c-express-count" 24
 "d-color-count" 20
 "d-express-count" 20
 "cell-count" 56
 105 -2 -3 285
 15 0 4 100
 105 3 3 213
 105 1 -4 251
 105 3 -2 142
 15 1 2 28
 105 -4 0 173
 15 3 2 61
 15 4 1 255
 105 2 -2 274
 105 4 -1 75
 15 2 2 316
 15 2 3 113
 15 -3 1 49
 15 3 -1 359
 15 1 3 348
 15 -2 2 221
 15 -2 -2 177
 15 -1 3 23
 15 -1 -3 25
 15 0 -4 86
 15 -4 1 313
 15 -1 -2 266
 15 3 0 45
 15 -3 0 320
 105 2 -3 187
 15 -4 -1 23
 15 1 -2 327
 55 -2 -1 12
 55 0 1 9
 55 0 2 68
 55 0 3 351
 5 -3 2 100
 55 -3 -2 271
 55 0 -3 140
 55 1 1 274
 55 2 1 236
 55 3 1 350
 55 2 -1 354
 55 -3 -1 102
 55 -1 -1 299
 55 2 0 322
 55 -1 0 52
 55 -1 2 243
 55 -2 0 124
 55 0 -2 222
 55 -4 -2 191
 5 -2 3 133
 55 1 0 64
 55 -1 1 238
 55 1 -1 59
 55 -2 1 348
 55 4 0 186
 5 -1 4 231
 5 1 4 19
 55 0 -1 196
 "contig-ratio-green-core" 0.8571428571428571
 "contig-ratio-red-core" 1.125
 "a-count" 13
 "b-count" 4
 "c-color-count" 24
 "c-express-count" 24
 "d-color-count" 17
 "d-express-count" 15
 "cell-count" 56
 15 1 3 1
 15 -2 -3 19
 105 3 3 182
 15 3 -1 239
 105 3 2 20
 15 -2 -1 133
 15 3 -2 189
 15 3 0 161
 15 0 -3 263
 15 -2 -2 160
 15 0 4 179
 105 3 -3 186
 105 -3 -2 311
 15 -3 -1 356
 105 4 1 103
 105 2 2 41
 15 -2 2 240
 15 -3 1 193
 105 4 0 38
 15 2 1 244
 105 0 -4 164
 15 2 -3 16
 15 -1 4 108
 15 -2 3 232
 105 -1 -4 10
 105 -3 3 359
 15 1 2 0
 105 3 1 263
 55 1 -2 333
 55 0 3 316
 55 -3 0 236
 55 -1 -1 219
 55 -1 -3 322
 55 2 -2 54
 55 1 1 237
 5 0 0 61
 55 -2 1 242
 55 -1 2 290
 55 0 1 3
 55 0 -1 207
 55 2 -1 335
 55 -1 3 113
 55 0 2 71
 55 -1 0 188
 55 4 -1 337
 55 1 -1 308
 55 -1 1 243
 5 -4 0 2
 5 -3 2 327
 5 -4 1 104
 55 2 0 317
 55 1 0 335
 55 -3 -3 72
 55 -2 0 210
 55 -1 -2 265
 55 0 -2 204
 "contig-ratio-green-core" 1.0666666666666667
 "contig-ratio-red-core" 1.0714285714285714
 "a-count" 9
 "b-count" 2
 "c-color-count" 26
 "c-express-count" 26
 "d-color-count" 19
 "d-express-count" 19
 "cell-count" 56
 105 0 -4 213
 15 3 3 94
 15 -1 4 224
 15 2 -3 120
 15 -2 3 180
 105 -3 2 261
 105 4 -1 351
 105 -3 3 137
 15 4 1 254
 105 3 -3 156
 15 1 -2 102
 15 -2 -1 304
 15 -3 -1 201
 105 1 -4 226
 15 -4 1 151
 15 0 4 86
 15 0 -3 89
 15 3 0 234
 105 3 -2 110
 15 2 -2 249
 15 2 3 39
 15 1 3 291
 15 -2 2 257
 15 1 4 296
 15 -3 1 330
 15 -2 -3 21
 105 4 0 8
 105 3 -1 317
 55 -1 1 339
 55 -3 0 260
 55 3 2 340
 55 -2 -2 341
 55 -4 0 117
 55 -1 2 185
 55 1 2 169
 5 -3 -2 145
 55 1 0 57
 5 -4 -1 147
 55 0 0 332
 55 -2 0 284
 55 2 -1 28
 55 1 1 248
 55 -1 -1 78
 55 2 2 314
 55 -1 3 281
 55 -2 1 331
 55 2 1 218
 55 -1 -2 317
 55 0 -2 165
 55 2 0 291
 55 0 3 220
 55 3 1 51
 55 0 2 274
 55 -1 0 135
 55 1 -1 350
 55 0 -1 341
 "contig-ratio-green-core" 0.75
 "contig-ratio-red-core" 1
