 "a-count" 12
 "b-count" 1
 "c-color-count" 27
 "c-express-count" 27
 "d-color-count" 19
 "d-express-count" 16
 "cell-count" 56
 15 2 2 234
 15 2 -3 347
 15 1 3 97
 105 3 -3 189
 15 2 3 326
 105 -2 -2 179
 15 1 -4 293
 15 4 -1 22
 15 -4 -1 107
 15 3 -1 168
 15 4 0 81
 105 -1 3 101
 105 -3 -3 194
 15 0 3 134
 15 -3 3 37
 105 -2 3 205
 15 3 -2 222
 105 0 4 231
 15 -2 -1 220
 15 -1 -3 350
 15 -2 -3 118
 105 -3 -2 204
 15 3 1 301
 15 -4 2 122
 15 2 -2 116
 105 -1 4 89
 15 -3 0 26
 105 3 3 336
 55 -2 0 65
 55 1 -1 212
 55 1 1 88
 55 -2 1 91
 55 0 0 120
 55 1 -3 229
 55 3 0 178
 55 0 -2 39
 55 -3 1 84
 55 0 -1 142
 55 0 -3 158
 55 2 1 314
 55 0 1 65
 55 -2 2 354
 5 4 1 66
 55 1 4 311
 55 -1 1 8
 55 -3 2 296
 55 1 2 132
 55 0 -4 108
 55 -1 2 139
 55 -1 0 181
 55 -1 -1 28
 55 2 0 181
 55 1 -2 49
 55 2 -1 343
 55 0 2 160
 55 1 0 254
 "contig-ratio-green-core" 0.875
 "contig-ratio-red-core" 0.8461538461538461
 "a-count" 10
 "b-count" 5
 "c-color-count" 23
 "c-express-count" 23
 "d-color-count" 21
 "d-express-count" 18
 "cell-count" 56
 15 1 -3 1
 15 2 -2 297
 15 3 1 0
 15 -2 -3 299
 15 1 4 16
 105 -3 2 111
 15 -1 4 243
 15 -4 1 13
 105 4 0 346
 105 4 1 248
 15 -5 0 156
 15 0 -4 337
 105 -1 -4 78
 105 0 4 152
 15 -3 1 358
 15 -4 -1 127
 15 -1 -1 144
 15 4 -1 213
 105 -3 -2 121
 15 -1 -2 70
 15 -2 2 115
 15 2 3 239
 105 -2 3 9
 15 -3 -3 138
 15 2 0 358
 15 2 -1 3
 15 3 0 276
 15 -3 -1 85
 55 -4 0 25
 5 3 -2 324
 55 -1 1 357
 55 0 -1 175
 55 1 2 281
 55 -2 1 339
 55 -1 0 156
 5 -3 3 55
 55 -3 0 145
 55 0 0 249
 55 2 2 293
 55 0 1 168
 55 -2 -2 31
 55 0 -2 272
 55 0 3 251
 55 1 -2 73
 55 1 0 323
 5 2 -3 142
 55 0 -3 279
 55 1 3 311
 55 0 2 251
 55 2 1 15
 55 1 1 84
 5 3 -3 261
 5 3 2 197
 55 -2 0 188
 55 1 -1 143
 55 -1 2 92
 "contig-ratio-green-core" 1
 "contig-ratio-red-core" 0.7647058823529411
 "a-count" 7
 "b-count" 5
 "c-color-count" 23
 "c-express-count" 23
 "d-color-count" 26
 "d-express-count" 21
 "cell-count" 56
 15 -1 -1 159
 15 3 -1 48
 15 1 -4 32
 15 -2 -1 101
 15 -3 -2 80
 15 4 0 78
 15 3 -3 182
 15 -3 1 55
 15 3 2 108
 15 0 4 343
 15 2 3 124
 15 1 -2 298
 15 -3 2 214
 15 4 1 50
 15 2 -2 155
 15 3 0 110
 15 -1 3 331
 15 -4 1 318
 15 3 -2 298
 15 1 -3 63
 105 -1 -4 158
 15 -4 0 80
 15 1 3 54
 15 -1 -3 76
 105 -2 -3 53
 15 -3 -1 325
 15 -2 -2 272
 15 4 -1 190
 55 -1 0 235
 5 -1 4 78
 55 3 1 81
 5 1 4 183
 55 1 -1 14
 55 -2 2 142
 55 2 2 311
 55 2 4 222
 55 2 -1 228
 55 -1 2 226
 55 1 2 281
 55 0 3 328
 55 1 0 323
 55 0 -1 227
 55 0 2 201
 55 1 1 133
 55 0 -2 25
 55 0 0 76
 55 2 0 90
 5 -3 3 235
 55 -2 0 39
 55 3 3 54
 55 -2 1 210
 55 0 -3 183
 5 -4 -1 273
 5 -2 3 91
 55 -3 0 271
 55 2 1 330
 "contig-ratio-green-core" 1.125
 "contig-ratio-red-core" 0.8095238095238095
 "a-count" 8
 "b-count" 3
 "c-color-count" 25
 "c-express-count" 25
 "d-color-count" 20
 "d-express-count" 20
 "cell-count" 56
 15 3 3 312
 15 3 1 129
 15 -2 3 159
 105 2 -3 296
 15 4 0 208
 105 1 4 305
 105 -3 -1 146
 15 -1 -4 164
 15 2 2 345
 15 -2 -1 33
 15 2 3 177
 15 1 -3 339
 105 -1 4 179
 15 3 2 95
 105 4 -1 118
 15 2 1 58
 105 -3 -2 311
 105 -3 1 34
 15 -2 -2 22
 15 3 -1 333
 15 4 1 147
 15 2 -2 157
 15 -1 -3 201
 105 3 -2 116
 15 -2 2 347
 15 0 5 9
 15 -2 1 35
 15 1 -4 31
 55 0 2 176
 55 -1 -2 85
 55 0 -3 289
 55 0 1 245
 55 -1 -1 254
 55 1 1 358
 55 0 -1 145
 55 1 -2 308
 55 1 2 64
 55 0 0 55
 5 -4 0 278
 55 3 0 8
 55 1 0 204
 55 -1 0 134
 55 1 3 323
 55 -2 0 138
 55 0 4 344
 5 -2 -3 295
 55 0 3 2
 5 -3 2 243
 55 1 -1 285
 55 0 -2 262
 55 -1 2 218
 55 0 -4 78
 55 -1 1 62
 55 1 5 343
 55 2 -1 211
 55 2 0 177
 "contig-ratio-green-core" 1.0666666666666667
 "contig-ratio-red-core" 0.7647058823529411
