 "a-count" 9
 "b-count" 5
 "c-color-count" 23
 "c-express-count" 23
 "d-color-count" 21
 "d-express-count" 19
 "cell-count" 56
 105 -3 -2 299
 15 -1 -3 148
 15 1 4 260
 15 -1 4 80
 15 1 -3 238
 15 -1 -1 4
 15 0 -4 230
 105 3 3 0
 15 -4 0 214
 15 2 -2 139
 105 -4 -1 89
 15 1 3 222
 15 4 1 179
 15 3 2 204
 105 -3 -3 55
 15 -2 0 103
 105 -1 -4 54
 15 3 1 252
 105 -2 -1 174
 15 -1 1 91
 15 -1 0 272
 15 -4 1 209
 15 -2 2 251
 15 2 -1 200
 15 -3 2 124
 15 -2 -2 128
 105 3 0 173
 15 -3 0 267
 55 -4 2 287
 55 -1 2 166
 55 -2 3 19
 55 0 -3 180
 55 0 -2 318
 55 0 1 250
 5 4 -1 93
 55 0 -1 118
 55 0 2 216
 55 -1 3 341
 55 -3 1 311
 55 0 0 300
 55 -1 -2 185
 55 2 0 120
 55 0 4 82
 5 -3 3 96
 55 0 3 302
 55 2 2 104
 55 2 1 102
 55 1 -2 136
 5 2 -3 280
 55 1 1 40
 55 1 -1 264
 5 2 3 104
 55 1 2 145
 55 1 0 202
 55 4 0 61
 5 3 -2 131
 "contig-ratio-green-core" 1
 "contig-ratio-red-core" 1
 "a-count" 9
 "b-count" 5
 "c-color-count" 24
 "c-express-count" 23
 "d-color-count" 21
 "d-express-count" 19
 "cell-count" 56
 105 3 -3 148
 105 2 -3 119
 15 2 2 99
 15 -2 -3 253
 15 -2 1 340
 15 -1 -4 342
 15 -3 1 333
 105 0 3 136
 15 1 3 343
 15 -4 0 70
 15 -4 -1 192
 105 -4 1 214
 15 1 -4 185
 15 1 -2 323
 15 -1 2 166
 15 0 2 65
 15 3 -2 90
 15 3 2 16
 15 -2 3 208
 15 4 -1 159
 15 1 -3 198
 105 -3 -2 184
 15 -2 -2 209
 15 -3 2 131
 15 2 -1 127
 105 2 -2 141
 105 2 3 226
 15 4 1 284
 5 3 0 274
 5 0 0 307
 55 -3 -3 127
 55 0 -3 310
 55 -1 1 94
 55 -3 -1 49
 55 2 0 198
 55 1 -1 13
 55 0 -2 274
 55 1 0 304
 55 1 2 346
 55 -1 -3 251
 55 3 -1 357
 55 -2 -1 153
 5 -1 3 122
 55 0 -4 78
 55 -1 0 8
 5 -1 4 283
 55 -3 0 235
 55 -2 0 120
 55 2 1 253
 55 1 1 235
 55 4 0 177
 55 -1 -1 17
 55 0 1 318
 55 -1 -2 5
 55 0 -1 326
 55 3 1 326
 "contig-ratio-green-core" 1.0555555555555556
 "contig-ratio-red-core" 1.2
 "a-count" 6
 "b-count" 2
 "c-color-count" 26
 "c-express-count" 26
 "d-color-count" 22
 "d-express-count" 22
 "cell-count" 56
 105 2 -3 195
 105 -2 -3 110
 15 4 0 54
 15 3 -1 291
 15 3 -2 108
 15 -2 2 10
 15 0 3 25
 15 3 3 3
 15 -4 1 70
 15 -4 -1 215
 105 2 2 150
 15 -1 -4 179
 105 2 3 111
 15 0 -4 136
 15 2 -2 326
 15 -2 -2 334
 105 -3 -3 108
 15 1 4 197
 15 -1 -3 166
 15 -2 3 72
 15 -2 -1 190
 15 3 -3 218
 15 4 2 37
 15 -3 2 319
 15 1 -3 162
 15 1 2 117
 105 -3 -2 10
 15 4 1 310
 55 0 0 218
 55 3 0 331
 55 2 -1 276
 55 0 1 107
 55 2 1 115
 55 0 -1 257
 5 -1 4 12
 55 -4 0 33
 5 -3 -1 131
 55 1 0 134
 55 -3 0 34
 55 3 2 157
 55 0 -3 156
 55 -3 1 56
 55 0 -2 20
 55 -1 1 272
 55 -1 -1 196
 55 -1 0 45
 55 -1 2 299
 55 1 1 149
 55 3 1 67
 55 1 -1 150
 55 1 -2 153
 55 0 4 320
 55 -2 1 45
 55 -2 0 290
 55 2 0 13
 55 -1 -2 218
 "contig-ratio-green-core" 1.0588235294117647
 "contig-ratio-red-core" 0.7058823529411765
 "a-count" 6
 "b-count" 3
 "c-color-count" 25
 "c-express-count" 25
 "d-color-count" 23
 "d-express-count" 22
 "cell-count" 56
 15 -1 3 284
 15 -1 2 80
 105 2 -3 232
 15 -4 0 173
 15 -1 -3 31
 105 1 4 291
 15 -3 -1 334
 105 -1 4 60
 15 0 3 107
 15 2 2 292
 15 0 4 157
 15 -3 1 263
 15 4 0 322
 15 -1 -4 102
 15 3 3 260
 15 -2 -2 103
 15 -4 1 9
 15 1 3 7
 105 -4 -1 250
 15 1 -3 121
 15 0 -3 251
 15 4 1 66
 15 -3 3 4
 15 3 1 178
 15 -2 2 9
 105 3 -2 261
 15 2 -2 227
 15 3 -1 282
 55 1 0 167
 55 2 -1 308
 55 -1 0 185
 5 -2 3 339
 55 -1 -2 65
 55 -1 -1 95
 5 -3 -3 159
 55 0 -2 317
 55 0 2 204
 55 1 -4 267
 55 -1 1 28
 55 1 2 30
 55 -3 0 99
 55 -2 -3 157
 55 1 1 12
 55 0 -1 240
 55 -2 -1 96
 55 0 0 250
 55 4 -1 222
 55 0 1 213
 55 -2 0 117
 5 2 3 213
 55 3 0 134
 55 2 0 327
 55 2 1 300
 55 1 -1 102
 55 1 -2 107
 55 -2 1 175
 "contig-ratio-green-core" 1.2307692307692308
 "contig-ratio-red-core" 0.8125
