 "a-count" 9
 "b-count" 0
 "c-color-count" 28
 "c-express-count" 28
 "d-color-count" 20
 "d-express-count" 19
 "cell-count" 56
 15 -3 -2 83
 15 -1 -3 1
 105 1 -4 163
 105 -4 0 19
 15 -1 -4 16
 105 4 -1 36
 105 -1 4 177
 15 2 3 246
 105 0 -4 75
 105 -1 2 186
 15 1 4 252
 15 2 -3 272
 15 3 -2 178
 15 1 -3 271
 15 3 3 54
 15 0 4 95
 15 0 -3 109
 15 3 2 194
 15 -2 2 211
 15 2 -2 122
 15 -4 2 312
 15 -4 1 101
 105 4 0 239
 15 1 3 333
 15 -1 3 177
 15 -2 -3 226
 15 -3 2 4
 105 0 2 213
 55 -1 0 325
 55 -3 0 199
 55 3 1 300
 55 -3 -3 90
 55 -3 -1 118
 55 -4 -1 88
 55 0 -1 307
 55 0 1 55
 55 2 2 256
 55 -2 1 10
 55 -1 -1 45
 55 1 -2 96
 55 3 0 207
 55 -2 -2 82
 55 -3 1 269
 55 -2 -1 169
 55 1 2 87
 55 2 1 299
 55 0 -2 134
 55 2 0 109
 55 -2 0 328
 55 2 -1 190
 55 -1 1 116
 55 1 -1 39
 55 1 0 289
 55 1 1 307
 55 0 0 63
 55 -1 -2 38
 "contig-ratio-green-core" 0.75
 "contig-ratio-red-core" 0.6923076923076923
 "a-count" 5
 "b-count" 0
 "c-color-count" 28
 "c-express-count" 28
 "d-color-count" 23
 "d-express-count" 23
 "cell-count" 56
 105 -1 0 358
 15 -1 4 136
 105 -2 3 313
 15 3 -1 149
 15 2 3 91
 15 -2 2 231
 15 2 2 9
 15 -1 2 278
 105 3 -2 71
 15 1 -3 307
 15 3 3 3
 15 3 -3 19
 15 2 -3 349
 15 0 -4 151
 15 2 -4 51
 15 -2 0 88
 15 -3 2 164
 15 0 3 176
 15 3 2 207
 15 0 4 263
 15 4 -1 214
 15 -1 3 216
 105 1 4 161
 15 -2 1 99
 105 1 -4 335
 15 1 3 149
 15 -1 -4 159
 15 2 -2 156
 55 2 0 341
 55 1 1 344
 55 -1 -3 20
 55 4 0 17
 55 0 -2 155
 55 0 0 42
 55 -3 1 296
 55 3 1 129
 55 -3 -1 184
 55 0 -1 273
 55 1 -2 293
 55 0 -3 201
 55 -3 -3 271
 55 2 1 91
 55 -3 -2 274
 55 2 -1 314
 55 -1 -1 337
 55 0 1 296
 55 0 2 49
 55 -2 -2 311
 55 -1 -2 66
 55 1 -1 168
 55 -2 -3 289
 55 1 2 175
 55 -3 0 335
 55 -2 -1 66
 55 3 0 85
 55 1 0 143
 "contig-ratio-green-core" 0.7368421052631579
 "contig-ratio-red-core" 0.7222222222222222
 "a-count" 5
 "b-count" 0
 "c-color-count" 28
 "c-express-count" 28
 "d-color-count" 25
 "d-express-count" 23
 "cell-count" 56
 15 3 3 95
 105 2 -3 261
 15 3 -1 241
 15 -1 -2 302
 15 -4 1 98
 15 4 1 131
 15 -4 -1 330
 15 -1 3 278
 15 -3 0 192
 15 -1 -4 287
 15 3 2 146
 15 -2 3 104
 105 2 -2 153
 15 4 0 117
 15 -4 0 38
 15 -2 -2 20
 15 -3 3 110
 15 4 -1 288
 15 -4 -2 110
 15 -2 -1 125
 15 2 3 358
 15 1 -4 202
 15 -1 -3 2
 15 -2 -3 80
 15 -3 -2 38
 15 -3 -1 87
 105 0 -3 252
 15 2 2 153
 55 3 1 224
 55 2 1 331
 55 1 -1 305
 55 1 -3 245
 55 0 4 192
 55 1 1 165
 55 1 3 39
 55 1 2 283
 55 2 -1 195
 55 0 3 152
 55 0 2 221
 55 3 0 180
 55 2 0 55
 55 -2 2 49
 55 0 -1 193
 55 -3 2 85
 55 -1 0 314
 55 0 0 65
 55 -2 0 148
 55 -1 -1 137
 55 1 -2 93
 55 0 -2 320
 55 0 1 313
 55 -3 1 226
 55 -1 2 353
 55 -1 1 186
 55 1 0 72
 55 -2 1 18
 "contig-ratio-green-core" 0.8235294117647058
 "contig-ratio-red-core" 0.6842105263157895
