 "a-count" 5
 "b-count" 0
 "c-color-count" 28
 "c-express-count" 28
 "d-color-count" 23
 "d-express-count" 23
 "cell-count" 56
 15 -2 -3 243
 15 3 -3 199
 15 -3 1 22
 15 -1 -4 175
 15 -2 3 117
 15 3 -2 89
 15 -5 1 225
 15 3 -1 188
 15 0 -4 231
 105 4 -1 44
 105 -3 2 312
 15 0 3 290
 15 -3 0 128
 15 -1 -2 106
 15 2 3 84
 15 -1 -3 91
 15 1 3 17
 15 4 0 151
 15 -1 3 100
 15 2 4 48
 15 -4 1 216
 105 1 -4 257
 15 4 -2 87
 15 2 2 264
 15 3 2 262
 105 0 4 5
 15 -2 -2 299
 105 1 4 138
 55 3 0 239
 55 2 0 89
 55 0 2 271
 55 0 0 327
 55 0 1 260
 55 1 1 73
 55 -1 0 336
 55 4 2 299
 55 2 -1 271
 55 -2 1 222
 55 0 -1 177
 55 -2 2 75
 55 2 -2 328
 55 -2 0 132
 55 1 -1 274
 55 -2 -1 16
 55 1 -2 332
 55 -1 1 83
 55 -3 -1 262
 55 1 0 201
 55 4 1 239
 55 3 1 219
 55 1 -3 238
 55 1 2 26
 55 2 1 31
 55 0 -2 1
 55 -1 -1 76
 55 -1 2 52
 "contig-ratio-green-core" 0.7222222222222222
 "contig-ratio-red-core" 0.8
 "a-count" 9
 "b-count" 0
 "c-color-count" 28
 "c-express-count" 28
 "d-color-count" 20
 "d-express-count" 19
 "cell-count" 56
 15 -2 1 296
 15 4 -1 159
 105 0 4 313
 15 4 0 125
 15 3 0 166
 105 -3 3 217
 15 -2 -3 326
 15 3 -3 139
 15 -2 0 324
 15 3 1 274
 15 3 -1 323
 15 -3 -2 286
 105 -4 1 99
 105 -1 3 324
 15 3 -2 312
 105 -4 0 305
 15 3 3 139
 15 -3 2 123
 15 1 4 40
 15 -2 -1 11
 15 -3 0 123
 105 -3 -3 213
 105 -2 3 359
 15 -2 -2 256
 15 -3 1 120
 105 -3 -1 193
 15 -2 2 308
 15 4 1 252
 55 2 -1 296
 55 1 3 129
 55 2 2 309
 55 2 -3 55
 55 1 -3 156
 55 1 1 49
 55 1 0 190
 55 -1 -1 327
 55 -1 0 103
 55 -4 -1 34
 55 0 1 17
 55 0 0 338
 55 2 1 187
 55 0 3 355
 55 -1 2 349
 55 -1 -2 313
 55 0 -1 81
 55 1 -2 123
 55 2 0 135
 55 0 -2 262
 55 1 -1 334
 55 2 -2 301
 55 0 -3 89
 55 -1 1 174
 55 3 2 177
 55 1 2 316
 55 0 2 231
 55 -1 -3 313
 "contig-ratio-green-core" 0.7647058823529411
 "contig-ratio-red-core" 0.75
 "a-count" 10
 "b-count" 0
 "c-color-count" 28
 "c-express-count" 28
 "d-color-count" 20
 "d-express-count" 18
 "cell-count" 56
 15 1 4 13
 105 -3 2 323
 15 -1 -2 116
 15 1 -3 283
 15 0 4 330
 15 2 3 233
 15 1 3 294
 15 -2 -3 228
 15 0 3 98
 105 -4 -1 161
 15 -1 3 345
 15 -2 -2 344
 15 3 -3 238
 15 0 -2 149
 105 0 -4 51
 15 -1 4 97
 15 2 -3 324
 105 2 -2 305
 15 -1 -1 170
 105 -2 2 298
 15 -1 -3 4
 15 -3 3 101
 105 -3 -2 127
 15 0 -3 37
 15 4 1 47
 15 3 -2 345
 105 1 -2 265
 105 -1 -4 345
 55 2 -1 282
 55 4 -1 183
 55 -4 1 233
 55 -1 0 125
 55 -3 -1 316
 55 -4 0 269
 55 3 0 109
 55 1 0 56
 55 0 -1 179
 55 3 -1 110
 55 -4 2 168
 55 -1 2 183
 55 0 2 221
 55 -2 0 11
 55 1 -1 225
 55 4 0 38
 55 -1 1 81
 55 2 1 272
 55 3 1 13
 55 2 2 112
 55 -3 1 36
 55 -3 0 22
 55 1 2 242
 55 0 1 154
 55 -2 1 112
 55 1 1 230
 55 0 0 80
 55 2 0 215
 "contig-ratio-green-core" 0.42105263157894735
 "contig-ratio-red-core" 0.4375
 "a-count" 12
 "b-count" 0
 "c-color-count" 28
 "c-express-count" 28
 "d-color-count" 17
 "d-express-count" 16
 "cell-count" 56
 15 -2 2 234
 15 2 -3 101
 105 4 1 52
 15 1 -2 22
 15 1 -3 45
 15 0 -4 46
 105 -1 4 78
 15 -3 1 183
 15 -3 2 59
 15 2 -1 249
 15 -1 2 263
 105 3 -3 244
 15 3 -1 314
 105 3 -2 179
 105 2 -2 88
 15 -2 0 194
 105 -3 -3 304
 105 -1 -4 277
 105 4 -1 39
 15 -4 0 306
 15 1 -1 161
 15 -1 3 342
 15 -3 0 148
 15 1 -4 27
 105 4 0 3
 105 -4 1 177
 105 1 4 340
 15 -2 3 299
 55 1 0 120
 55 -2 -2 202
 55 2 2 317
 55 0 3 271
 55 -1 -2 175
 55 -3 -1 320
 55 4 2 180
 55 0 2 328
 55 3 2 24
 55 0 -1 193
 55 1 3 120
 55 2 3 51
 55 -1 -3 321
 55 0 -2 160
 55 0 1 143
 55 1 2 202
 55 -1 1 11
 55 1 1 238
 55 2 0 255
 55 -1 0 307
 55 2 1 201
 55 3 1 345
 55 -1 -1 98
 55 3 3 357
 55 -3 -2 168
 55 -2 -1 338
 55 -2 -3 179
 55 0 0 116
 "contig-ratio-green-core" 0.3888888888888889
 "contig-ratio-red-core" 0.625
