 "a-count" 6
 "b-count" 0
 "c-color-count" 28
 "c-express-count" 28
 "d-color-count" 22
 "d-express-count" 22
 "cell-count" 56
 105 3 3 357
 105 -4 -1 10
 15 -3 -1 200
 15 0 -2 132
 15 3 -3 325
 15 1 -3 222
 15 1 3 150
 15 -4 3 189
 105 -3 -2 311
 15 1 4 162
 105 3 -2 173
 15 -2 2 7
 15 -2 3 126
 15 0 -2 147
 15 -3 2 164
 15 0 -3 141
 15 -1 -1 166
 15 4 1 161
 15 3 2 170
 15 2 -3 28
 15 -1 -2 332
 105 -2 -3 290
 15 0 4 276
 15 -2 -1 339
 15 -1 -3 104
 105 -4 1 359
 15 2 3 42
 15 -3 3 325
 55 -1 3 55
 55 -1 0 271
 55 0 2 240
 55 3 -1 308
 55 2 1 92
 55 -3 0 285
 55 1 1 114
 55 -1 4 153
 55 2 2 186
 55 1 0 162
 55 3 1 349
 55 0 0 286
 55 1 -1 208
 55 -2 0 298
 55 -4 0 355
 55 1 -2 359
 55 -3 1 296
 55 2 -1 211
 55 -2 1 223
 55 2 0 296
 55 0 -1 66
 55 1 2 148
 55 4 0 231
 55 0 3 127
 55 0 1 197
 55 -1 2 160
 55 -1 1 327
 55 3 0 5
 "contig-ratio-green-core" 0.7777777777777778
 "contig-ratio-red-core" 0.7647058823529411
 "a-count" 4
 "b-count" 0
 "c-color-count" 28
 "c-express-count" 28
 "d-color-count" 24
 "d-express-count" 24
 "cell-count" 56
 15 -2 3 192
 15 -4 -3 85
 15 3 1 217
 105 1 4 17
 15 1 -1 68
 15 -2 -2 67
 15 3 2 332
 15 -2 -3 345
 15 -3 -3 190
 105 -1 4 143
 105 4 -1 94
 15 2 0 285
 15 1 -4 288
 105 3 -3 295
 15 3 0 277
 15 -1 -3 280
 15 -3 3 82
 15 2 -3 250
 15 0 -3 359
 15 -1 3 290
 15 1 -2 142
 15 2 -4 56
 15 2 1 135
 15 1 0 237
 15 1 -3 74
 15 2 -2 334
 15 4 0 58
 15 2 -1 209
 55 -3 1 11
 55 3 -2 198
 55 0 2 291
 55 -1 -2 137
 55 1 1 132
 55 2 2 91
 55 0 0 217
 55 -3 0 233
 55 -1 -1 273
 55 1 3 228
 55 -2 0 105
 55 0 -1 83
 55 1 2 348
 55 -3 2 276
 55 0 -2 176
 55 -2 2 172
 55 -1 2 257
 55 -1 0 269
 55 -2 -1 115
 55 -4 2 109
 55 -1 1 207
 55 -4 1 133
 55 -3 -1 150
 55 -4 0 330
 55 0 3 249
 55 -2 1 191
 55 0 4 319
 55 0 1 281
 "contig-ratio-green-core" 0.6470588235294118
 "contig-ratio-red-core" 0.6470588235294118
 "a-count" 10
 "b-count" 0
 "c-color-count" 28
 "c-express-count" 28
 "d-color-count" 20
 "d-express-count" 18
 "cell-count" 56
 15 4 1 4
 105 3 -3 313
 15 -1 4 4
 15 -3 1 12
 105 -1 -4 5
 15 2 -3 257
 15 3 -2 303
 105 -2 2 173
 15 -4 1 27
 15 0 -3 294
 105 -3 3 198
 105 -3 -3 107
 105 3 1 321
 15 -2 -2 202
 15 -1 -2 215
 15 -4 0 109
 15 0 -4 122
 15 1 -4 211
 15 3 3 125
 105 0 3 205
 15 -1 -3 301
 15 1 -3 31
 105 -2 3 12
 15 -1 5 157
 15 -3 0 273
 15 -4 -1 211
 15 0 -5 359
 15 3 2 16
 55 0 1 341
 55 -2 1 322
 55 1 4 191
 55 2 3 132
 55 2 2 114
 55 -2 0 253
 55 0 0 181
 55 -1 -1 59
 55 2 -1 240
 55 3 -1 265
 55 -2 -1 127
 55 -1 0 10
 55 1 -1 132
 55 -3 -1 266
 55 2 1 154
 55 0 2 136
 55 0 -1 252
 55 3 0 324
 55 2 -2 182
 55 2 0 311
 55 1 2 342
 55 0 -2 80
 55 1 1 62
 55 -3 -2 99
 55 1 0 51
 55 -1 1 164
 55 1 -2 54
 55 1 3 120
 "contig-ratio-green-core" 0.6111111111111112
 "contig-ratio-red-core" 0.6470588235294118
 "a-count" 8
 "b-count" 0
 "c-color-count" 28
 "c-express-count" 28
 "d-color-count" 20
 "d-express-count" 20
 "cell-count" 56
 15 -2 -2 128
 15 -1 -2 236
 15 -1 4 109
 15 2 2 41
 15 -2 2 102
 15 3 -2 124
 15 2 3 139
 15 -3 -3 252
 15 -3 1 152
 15 2 -2 188
 15 -2 -3 80
 105 0 -4 277
 15 1 2 243
 105 -4 0 353
 105 3 -3 261
 15 1 3 281
 105 -3 2 328
 15 -1 3 41
 15 -1 -3 111
 15 -2 3 257
 15 -3 -2 306
 105 -4 -1 267
 105 3 3 180
 15 -3 3 203
 105 2 -3 18
 105 -1 -4 330
 15 1 -4 132
 15 0 3 256
 55 1 -3 227
 55 3 1 98
 55 2 -1 25
 55 0 -2 261
 55 4 1 279
 55 -2 1 204
 55 -3 -1 65
 55 -1 0 89
 55 -2 -1 309
 55 -3 0 296
 55 0 -1 293
 55 0 -3 312
 55 1 -2 147
 55 -1 -1 314
 55 0 1 151
 55 1 1 199
 55 -2 0 333
 55 -1 1 311
 55 4 0 220
 55 0 2 139
 55 2 1 139
 55 3 -1 308
 55 0 4 318
 55 1 0 249
 55 2 0 60
 55 1 -1 96
 55 -1 2 186
 55 3 0 224
 "contig-ratio-green-core" 0.5909090909090909
 "contig-ratio-red-core" 0.8421052631578947
