 "a-count" 5
 "b-count" 0
 "c-color-count" 28
 "c-express-count" 28
 "d-color-count" 23
 "d-express-count" 23
 "cell-count" 56
 105 -1 -4 324
 15 2 -3 70
 15 -4 -3 299
 15 -4 -2 340
 15 -3 -1 323
 15 4 -1 49
 15 0 4 166
 105 0 -4 67
 15 -4 1 173
 15 -2 4 306
 105 3 -3 51
 15 -1 4 338
 15 3 -2 91
 15 -2 -2 217
 15 3 1 77
 15 -3 -2 128
 15 1 -3 176
 15 -3 1 33
 15 -3 2 189
 15 1 4 42
 15 2 -2 106
 15 -2 3 255
 15 4 0 9
 105 3 -1 349
 15 4 1 327
 15 -3 0 21
 105 3 2 354
 15 1 -2 77
 55 -1 3 211
 55 0 -2 314
 55 -2 2 50
 55 0 3 347
 55 -1 2 16
 55 1 0 59
 55 1 -1 70
 55 -1 0 36
 55 2 0 87
 55 1 3 50
 55 -2 0 271
 55 0 2 273
 55 -2 -1 298
 55 -2 1 173
 55 -3 3 90
 55 2 -1 244
 55 -1 -1 226
 55 -1 -3 310
 55 2 2 216
 55 1 2 255
 55 2 1 158
 55 0 0 177
 55 -1 -2 253
 55 0 1 79
 55 0 -3 101
 55 1 1 201
 55 -1 1 117
 55 0 -1 133
 "contig-ratio-green-core" 0.8125
 "contig-ratio-red-core" 0.6666666666666666
 "a-count" 11
 "b-count" 0
 "c-color-count" 28
 "c-express-count" 28
 "d-color-count" 19
 "d-express-count" 17
 "cell-count" 56
 15 4 0 294
 15 -2 2 175
 105 -4 0 55
 15 -2 1 314
 105 -3 -2 278
 15 4 1 235
 105 -3 -1 228
 105 -3 2 1
 105 2 3 298
 15 -1 2 80
 15 -3 0 271
 15 3 4 80
 15 3 3 126
 105 -4 1 255
 15 -1 3 142
 15 3 2 82
 105 -3 1 260
 105 -2 -3 207
 15 1 4 177
 15 4 -1 153
 105 -4 -1 254
 15 -1 -3 180
 15 0 -4 146
 15 -1 -4 193
 15 -2 3 339
 15 3 1 48
 15 -2 0 355
 15 2 2 189
 55 0 -2 140
 55 -1 -2 59
 55 1 0 130
 55 1 1 238
 55 0 3 239
 55 0 0 252
 55 -2 -2 286
 55 1 -2 199
 55 1 2 301
 55 0 2 336
 55 1 -1 305
 55 -1 1 70
 55 2 1 274
 55 3 -1 150
 55 1 3 113
 55 -1 -1 321
 55 0 -3 340
 55 1 -3 318
 55 0 -1 307
 55 2 -2 24
 55 0 1 128
 55 3 0 21
 55 -2 -1 341
 55 2 0 138
 55 -1 0 70
 55 2 -3 343
 55 0 4 183
 55 2 -1 223
 "contig-ratio-green-core" 0.6470588235294118
 "contig-ratio-red-core" 0.7333333333333333
 "a-count" 3
 "b-count" 0
 "c-color-count" 28
 "c-express-count" 28
 "d-color-count" 25
 "d-express-count" 25
 "cell-count" 56
 15 4 -1 264
 15 1 -4 255
 15 -2 -4 262
 15 3 2 268
 15 0 3 290
 15 3 3 42
 15 4 0 326
 15 0 -2 61
 15 0 -3 121
 15 -1 2 349
 15 -3 1 134
 15 -4 1 336
 15 -2 3 218
 15 -2 2 195
 15 -1 -2 158
 15 -1 -3 43
 15 -2 -3 191
 15 0 2 40
 15 -1 3 6
 105 -3 3 186
 15 4 1 5
 15 -3 2 100
 15 -1 -4 158
 105 1 -3 197
 15 3 1 138
 15 0 -4 232
 105 2 -3 239
 15 -3 -2 115
 55 0 4 171
 55 1 -2 290
 55 -2 0 67
 55 2 2 129
 55 1 -1 343
 55 -3 -1 330
 55 3 -1 340
 55 1 3 281
 55 2 0 224
 55 -2 1 295
 55 -2 -2 36
 55 -1 0 246
 55 -1 4 325
 55 2 3 238
 55 3 0 178
 55 0 0 143
 55 -3 0 356
 55 2 -2 181
 55 3 -2 33
 55 -1 1 54
 55 0 1 1
 55 1 0 129
 55 1 2 158
 55 2 -1 6
 55 -1 -1 25
 55 -2 -1 179
 55 0 -1 88
 55 1 1 332
 "contig-ratio-green-core" 0.7142857142857143
 "contig-ratio-red-core" 0.75
