 "a-count" 7
 "b-count" 0
 "c-color-count" 28
 "c-express-count" 28
 "d-color-count" 21
 "d-express-count" 21
 "cell-count" 56
 15 0 4 202
 105 -1 -4 277
 15 1 -3 179
 15 4 0 8
 15 3 3 242
 15 -2 0 139
 15 -3 1 226
 15 -2 3 165
 15 4 1 354
 15 -3 0 281
 15 2 3 134
 15 4 -1 88
 15 -2 2 191
 15 2 -2 228
 105 3 -3 243
 15 2 -3 178
 15 -4 0 12
 105 -3 -2 201
 15 -4 1 180
 15 0 -3 91
 15 -2 1 83
 105 1 -4 8
 15 3 2 224
 15 1 -2 130
 15 -3 2 33
 105 3 -2 168
 105 -4 -1 36
 105 0 -4 286
 55 0 -2 67
 55 -1 -3 58
 55 2 2 152
 55 1 -1 69
 55 0 3 55
 55 1 2 146
 55 0 0 197
 55 1 0 6
 55 3 1 318
 55 -1 -2 352
 55 1 1 261
 55 1 3 79
 55 -2 -1 19
 55 -2 -2 303
 55 2 -1 350
 55 0 1 187
 55 -1 2 130
 55 3 -1 94
 55 -1 0 126
 55 -2 -3 283
 55 -1 -1 269
 55 0 -1 195
 55 3 0 299
 55 -1 3 356
 55 0 2 228
 55 -1 1 334
 55 2 0 221
 55 2 1 57
 "contig-ratio-green-core" 0.7647058823529411
 "contig-ratio-red-core" 0.7647058823529411
 "a-count" 9
 "b-count" 0
 "c-color-count" 28
 "c-express-count" 28
 "d-color-count" 19
 "d-express-count" 19
 "cell-count" 56
 105 0 3 34
 15 2 -3 18
 105 0 4 27
 15 -4 0 199
 15 -3 1 10
 15 2 -1 59
 105 -1 4 36
 105 4 0 256
 105 3 1 328
 15 1 -3 260
 15 -3 0 25
 105 1 -4 319
 15 3 -1 238
 15 3 -2 15
 15 2 3 141
 15 -3 -3 175
 15 1 3 142
 15 1 4 250
 15 -1 3 303
 105 3 2 198
 105 -3 -1 215
 15 -1 -4 191
 15 2 -2 87
 15 -4 1 147
 15 1 -2 93
 15 3 0 128
 15 -3 3 11
 105 -3 -2 187
 55 -1 -1 239
 55 -3 2 188
 55 0 -2 309
 55 -2 -2 133
 55 -2 -1 84
 55 -1 -2 55
 55 2 0 157
 55 -2 0 65
 55 -1 1 319
 55 0 -1 94
 55 2 1 322
 55 0 -3 273
 55 1 0 134
 55 -1 2 130
 55 -2 2 164
 55 0 1 312
 55 3 -3 232
 55 -1 -3 70
 55 -2 3 313
 55 -2 -3 61
 55 -1 0 178
 55 1 1 200
 55 -2 1 46
 55 1 2 187
 55 0 2 140
 55 0 0 197
 55 1 -1 314
 55 0 -4 309
 "contig-ratio-green-core" 0.6470588235294118
 "contig-ratio-red-core" 0.75
 "a-count" 5
 "b-count" 0
 "c-color-count" 28
 "c-express-count" 28
 "d-color-count" 23
 "d-express-count" 23
 "cell-count" 56
 15 2 -4 284
 15 4 0 327
 15 3 -2 347
 105 4 1 157
 15 3 0 183
 15 2 -3 268
 15 1 -3 254
 15 -2 4 112
 15 -2 3 133
 15 -4 0 306
 15 3 -1 36
 15 -4 -2 344
 15 2 -2 337
 15 -3 -2 354
 15 -1 3 3
 105 3 -3 80
 15 4 -1 317
 15 -3 -1 131
 15 1 4 131
 15 -2 -2 281
 105 -1 -3 87
 15 0 4 161
 15 -2 2 86
 15 3 3 112
 105 -3 2 177
 15 -1 4 92
 105 -2 -3 154
 15 -4 1 348
 55 2 1 242
 55 -1 2 164
 55 3 2 7
 55 -1 -1 82
 55 -1 0 137
 55 -3 1 358
 55 -2 0 244
 55 1 2 10
 55 2 2 205
 55 0 1 298
 55 -2 -1 18
 55 2 0 273
 55 1 0 136
 55 2 3 231
 55 1 -2 246
 55 0 -2 76
 55 -1 1 223
 55 -3 0 98
 55 0 0 263
 55 1 3 351
 55 1 -1 43
 55 1 1 130
 55 2 -1 9
 55 -2 1 184
 55 0 -1 316
 55 -1 -2 107
 55 0 2 172
 55 0 3 7
 "contig-ratio-green-core" 0.8666666666666667
 "contig-ratio-red-core" 0.55
 "a-count" 9
 "b-count" 0
 "c-color-count" 28
 "c-express-count" 28
 "d-color-count" 22
 "d-express-count" 19
 "cell-count" 56
 105 -3 3 59
 15 3 -2 272
 105 -3 2 282
 15 -2 -2 209
 15 -2 2 318
 105 -4 1 100
 15 -1 4 148
 15 2 -3 72
 15 -1 -3 332
 15 -4 -1 304
 15 2 4 231
 15 -3 1 211
 15 -1 -2 318
 15 1 4 55
 15 -3 -1 263
 15 3 -1 351
 15 -2 3 128
 15 -4 -2 47
 105 -2 -3 242
 15 -3 0 312
 15 -2 -1 141
 105 3 3 12
 105 0 4 3
 15 0 -2 241
 15 2 3 7
 15 4 -1 347
 15 3 -3 309
 15 -4 0 135
 55 2 2 232
 55 1 -2 317
 55 -2 0 15
 55 4 0 97
 55 2 1 167
 55 2 0 41
 55 2 -1 258
 55 1 3 344
 55 1 -1 336
 55 1 1 224
 55 1 -3 296
 55 0 1 21
 55 3 2 208
 55 0 2 290
 55 1 0 320
 55 -1 1 310
 55 3 0 327
 55 -1 -1 144
 55 1 2 176
 55 0 3 308
 55 0 0 107
 55 -1 3 301
 55 -2 1 262
 55 -1 2 319
 55 3 1 101
 55 4 1 301
 55 0 -1 15
 55 -1 0 168
 "contig-ratio-green-core" 0.8666666666666667
 "contig-ratio-red-core" 0.65
