 "a-count" 5
 "b-count" 0
 "c-color-count" 28
 "c-express-count" 28
 "d-color-count" 23
 "d-express-count" 23
 "cell-count" 56
 105 1 -3 279
 15 1 -4 271
 105 4 0 278
 15 -4 1 97
 15 2 -4 358
 15 1 4 11
 15 -1 5 295
 105 0 -3 298
 15 1 -5 268
 15 -1 4 229
 105 2 2 59
 15 -3 -1 185
 15 0 -4 144
 15 3 -1 270
 15 -2 3 231
 15 1 3 237
 15 0 4 61
 15 -4 2 215
 15 3 -2 120
 15 -1 3 357
 105 3 3 317
 15 2 -1 184
 15 2 -2 16
 15 -4 -1 97
 15 -4 0 117
 15 2 3 51
 15 -3 3 60
 15 0 3 266
 55 0 -1 105
 55 -3 0 305
 55 4 1 108
 55 1 2 155
 55 -1 2 56
 55 1 0 289
 55 3 0 201
 55 1 -1 359
 55 0 2 100
 55 2 1 58
 55 0 -2 7
 55 3 1 113
 55 1 1 343
 55 -1 -1 246
 55 0 0 46
 55 2 0 283
 55 -2 0 359
 55 -1 1 75
 55 -3 1 287
 55 1 -2 283
 55 0 1 358
 55 -1 -2 201
 55 -2 2 141
 55 -2 1 353
 55 -3 2 311
 55 -2 -1 29
 55 -1 0 255
 55 -2 -2 198
 "contig-ratio-green-core" 0.6666666666666666
 "contig-ratio-red-core" 0.5263157894736842
 "a-count" 9
 "b-count" 0
 "c-color-count" 28
 "c-express-count" 28
 "d-color-count" 19
 "d-express-count" 19
 "cell-count" 56
 15 -1 -5 154
 15 -1 -4 109
 15 1 -4 37
 15 -3 -2 263
 15 -2 -3 223
 15 -3 0 158
 15 -2 -2 359
 15 2 3 267
 15 -4 0 194
 15 -3 1 36
 105 1 -3 231
 15 0 -4 137
 15 4 -1 44
 105 -4 1 80
 15 -1 -2 95
 105 -3 2 313
 15 -3 -1 51
 105 3 2 136
 15 1 4 358
 105 -4 -1 153
 15 3 3 224
 105 -2 -1 120
 105 -3 3 215
 105 -2 3 195
 15 -2 2 109
 105 -1 -3 267
 15 -1 4 158
 15 4 0 81
 55 1 1 265
 55 2 -1 208
 55 2 -2 14
 55 0 2 339
 55 3 0 310
 55 -3 -3 267
 55 -2 0 115
 55 -1 1 56
 55 1 -1 261
 55 2 0 180
 55 -1 2 125
 55 -2 1 137
 55 1 3 25
 55 0 0 53
 55 0 -1 251
 55 -1 -1 126
 55 0 4 166
 55 2 2 258
 55 -1 0 175
 55 1 2 356
 55 0 3 310
 55 1 0 340
 55 1 -2 301
 55 -1 3 159
 55 3 1 43
 55 0 1 306
 55 2 1 8
 55 0 -2 104
 "contig-ratio-green-core" 0.5714285714285714
 "contig-ratio-red-core" 0.6428571428571429
 "a-count" 6
 "b-count" 0
 "c-color-count" 28
 "c-express-count" 28
 "d-color-count" 23
 "d-express-count" 22
 "cell-count" 56
 15 -3 -2 112
 105 3 0 21
 15 -3 1 176
 15 3 3 94
 15 -1 0 358
 15 -2 1 228
 15 3 -1 48
 105 -4 0 96
 105 4 0 304
 15 2 -1 230
 15 0 -1 232
 15 -1 -1 139
 15 1 -2 84
 105 -2 -3 10
 15 -1 -2 249
 15 -2 -1 343
 15 -2 -2 187
 15 -3 2 93
 15 -2 0 20
 15 2 -2 95
 15 0 4 288
 15 1 4 4
 105 -3 -3 138
 15 -3 -1 155
 15 3 -2 215
 15 0 -2 67
 15 0 4 277
 15 -3 0 107
 55 -1 1 346
 55 0 1 116
 55 -4 -1 49
 55 1 1 23
 55 -2 2 356
 55 3 1 148
 55 0 -4 125
 55 3 2 195
 55 1 3 212
 55 0 0 129
 55 4 1 16
 55 -1 3 163
 55 2 1 27
 55 0 2 228
 55 -1 -4 80
 55 2 0 278
 55 1 2 130
 55 2 3 151
 55 -2 3 267
 55 -1 4 255
 55 -1 4 307
 55 1 0 90
 55 2 2 345
 55 0 -5 73
 55 -1 2 125
 55 0 3 204
 55 -1 -3 359
 55 0 -3 274
 "contig-ratio-green-core" 0.5789473684210527
 "contig-ratio-red-core" 0.6875
 "a-count" 5
 "b-count" 0
 "c-color-count" 28
 "c-express-count" 28
 "d-color-count" 23
 "d-express-count" 23
 "cell-count" 56
 15 4 1 11
 15 -3 -1 35
 15 -3 2 284
 15 0 -3 172
 105 3 1 197
 105 2 -3 62
 15 -5 0 38
 15 1 4 53
 105 -4 1 177
 15 4 0 274
 15 2 2 23
 15 -1 4 235
 15 3 0 258
 15 -1 -3 214
 15 -4 -1 166
 15 -3 1 219
 15 -3 3 324
 15 3 3 254
 15 -3 -2 227
 105 2 3 359
 15 1 3 302
 15 -3 0 271
 15 0 4 79
 105 -1 -4 261
 15 3 -1 7
 15 -5 -1 120
 15 -4 0 108
 15 3 -2 184
 55 1 0 151
 55 -1 -1 25
 55 1 1 348
 55 -1 -2 256
 55 -1 3 143
 55 1 -1 101
 55 -1 2 37
 55 0 -1 127
 55 3 2 247
 55 -1 0 237
 55 0 -2 185
 55 -2 1 40
 55 1 -3 285
 55 2 -1 167
 55 2 0 192
 55 0 3 331
 55 0 0 153
 55 0 1 223
 55 1 2 38
 55 -2 3 52
 55 -2 -2 159
 55 -2 -1 136
 55 2 1 357
 55 -1 1 274
 55 -2 2 81
 55 1 -2 213
 55 0 2 268
 55 -2 0 174
 "contig-ratio-green-core" 0.875
 "contig-ratio-red-core" 0.7368421052631579
