 "a-count" 9
 "b-count" 0
 "c-color-count" 28
 "c-express-count" 28
 "d-color-count" 19
 "d-express-count" 19
 "cell-count" 56
 15 -3 3 68
 15 0 -4 47
 105 4 0 177
 15 1 -2 222
 15 0 3 329
 15 -1 -4 152
 15 0 4 37
 105 1 -4 12
 105 3 -2 282
 15 -3 1 18
 15 3 0 350
 15 1 3 329
 15 -2 -2 193
 105 -3 -2 318
 105 4 1 89
 105 2 -3 264
 105 3 -1 147
 15 3 -3 134
 15 -4 1 203
 15 3 1 153
 105 4 -1 340
 15 -3 2 37
 105 2 -2 275
 15 -4 2 106
 15 -2 -3 309
 15 1 -3 50
 15 2 -1 117
 15 2 3 134
 55 -1 2 233
 55 2 2 347
 55 -4 0 112
 55 -3 -1 241
 55 -2 -1 268
 55 0 -2 12
 55 1 0 358
 55 -1 0 159
 55 -1 -1 9
 55 -1 3 97
 55 2 0 205
 55 -1 -3 334
 55 -1 1 325
 55 -4 -1 197
 55 0 -3 258
 55 0 -1 151
 55 -2 0 338
 55 2 1 94
 55 -1 -2 305
 55 0 1 24
 55 1 -1 54
 55 -3 0 12
 55 3 2 353
 55 1 1 272
 55 -2 1 245
 55 0 0 159
 55 1 2 128
 55 0 2 321
 "contig-ratio-green-core" 0.7368421052631579
 "contig-ratio-red-core" 0.8823529411764706
 "a-count" 7
 "b-count" 0
 "c-color-count" 28
 "c-express-count" 28
 "d-color-count" 21
 "d-express-count" 21
 "cell-count" 56
 15 -3 3 179
 15 0 -3 144
 105 1 -3 290
 105 -3 -3 335
 105 4 -1 37
 15 0 -3 15
 15 2 -2 139
 15 -3 -1 79
 105 1 2 25
 15 0 3 196
 15 -2 -4 224
 15 -3 0 145
 105 2 2 192
 15 -1 -3 89
 105 -1 3 341
 15 -1 4 66
 15 3 2 333
 15 -2 4 279
 15 1 -4 152
 15 3 1 134
 15 -2 3 56
 15 1 3 59
 15 0 -4 333
 15 -4 0 294
 15 0 4 210
 15 -3 -2 8
 105 -1 2 185
 15 3 -2 60
 55 3 0 352
 55 0 1 235
 55 0 -2 68
 55 2 -1 10
 55 1 -1 258
 55 -1 -2 325
 55 0 -1 213
 55 -1 -4 32
 55 -3 1 331
 55 -1 0 212
 55 2 0 173
 55 -1 -1 276
 55 1 -2 195
 55 -2 1 49
 55 3 -3 192
 55 0 0 243
 55 1 -2 40
 55 -2 0 229
 55 -1 1 282
 55 -3 2 280
 55 1 1 253
 55 -2 -1 284
 55 1 0 69
 55 -2 -3 193
 55 -2 -2 187
 55 -2 0 284
 55 -2 2 345
 55 3 -1 255
 "contig-ratio-green-core" 0.631578947368421
 "contig-ratio-red-core" 0.8333333333333334
 "a-count" 6
 "b-count" 0
 "c-color-count" 28
 "c-express-count" 28
 "d-color-count" 23
 "d-express-count" 22
 "cell-count" 56
 15 -2 2 245
 15 -4 0 253
 105 2 -3 201
 15 0 -2 181
 105 0 3 101
 15 -3 2 149
 15 -2 -2 300
 15 1 3 213
 105 0 -3 255
 15 3 3 33
 15 -4 1 186
 15 -1 -2 312
 15 1 -2 199
 15 -4 2 13
 105 3 -3 268
 15 -3 -2 313
 15 0 -4 347
 15 -3 -1 293
 15 2 -2 177
 15 -4 -1 102
 15 3 -1 329
 105 0 4 151
 15 -2 -3 2
 15 1 4 210
 15 1 -3 178
 15 -1 -3 0
 15 4 -1 319
 15 -1 -4 268
 55 -1 1 192
 55 3 1 142
 55 -1 -1 200
 55 0 0 50
 55 -2 1 356
 55 1 2 52
 55 1 0 182
 55 1 -1 103
 55 -3 1 58
 55 5 1 252
 55 0 2 285
 55 4 1 96
 55 1 1 194
 55 -1 4 232
 55 -1 0 27
 55 -1 3 95
 55 -3 0 218
 55 -2 0 259
 55 2 -1 29
 55 -3 -3 257
 55 -1 2 122
 55 2 2 303
 55 3 2 222
 55 0 1 243
 55 0 -1 198
 55 2 0 255
 55 2 1 53
 55 -2 -1 29
 "contig-ratio-green-core" 0.7647058823529411
 "contig-ratio-red-core" 0.5555555555555556
 "a-count" 9
 "b-count" 0
 "c-color-count" 28
 "c-express-count" 28
 "d-color-count" 20
 "d-express-count" 19
 "cell-count" 56
 15 -1 -4 111
 105 -4 1 113
 105 1 4 268
 15 1 3 176
 15 4 -1 131
 15 0 -3 317
 15 -4 -1 32
 15 -3 2 122
 15 -1 3 358
 15 4 1 244
 15 1 -3 197
 15 -4 0 189
 15 -2 3 290
 15 -1 -3 49
 15 2 -2 136
 15 0 -4 135
 15 3 -2 321
 105 -3 -3 192
 15 2 -1 182
 15 0 3 16
 105 -2 -3 348
 15 3 -1 264
 105 -3 3 104
 15 2 3 125
 105 3 2 6
 105 2 -3 11
 15 4 0 260
 105 -1 4 291
 55 -3 -1 111
 55 0 -1 135
 55 1 2 216
 55 -3 1 9
 55 -2 -2 70
 55 3 0 117
 55 2 0 186
 55 0 1 225
 55 1 1 285
 55 1 -2 38
 55 -2 -1 327
 55 2 1 335
 55 1 -1 271
 55 -3 0 131
 55 -2 1 270
 55 0 2 329
 55 -1 -1 11
 55 0 0 129
 55 -2 2 358
 55 -1 1 177
 55 2 2 113
 55 -1 2 224
 55 3 1 347
 55 0 -2 113
 55 -1 -2 296
 55 -2 0 248
 55 -1 0 158
 55 1 0 160
 "contig-ratio-green-core" 1
 "contig-ratio-red-core" 0.8666666666666667
