 "a-count" 8
 "b-count" 0
 "c-color-count" 28
 "c-express-count" 28
 "d-color-count" 20
 "d-express-count" 20
 "cell-count" 56
 15 3 1 331
 105 -2 -3 225
 15 -4 0 340
 15 -1 4 314
 15 -3 2 357
 105 4 0 129
 15 0 4 267
 15 -2 3 160
 15 -3 0 114
 105 3 -2 92
 105 2 -2 158
 105 -3 3 246
 15 2 3 36
 15 -3 -1 129
 105 -4 1 344
 15 1 -2 310
 105 -3 -3 327
 105 0 -4 135
 15 -1 -3 27
 15 0 -3 259
 15 1 3 224
 15 4 1 258
 15 4 -1 90
 15 -3 1 27
 15 1 -3 107
 15 1 -4 24
 15 3 -1 202
 15 3 0 74
 55 -2 -2 163
 55 2 0 325
 55 3 2 71
 55 -1 1 139
 55 -2 1 172
 55 -1 -2 305
 55 1 4 331
 55 0 -2 278
 55 0 3 38
 55 1 2 302
 55 -3 -2 274
 55 -2 2 28
 55 -2 -1 114
 55 0 1 86
 55 1 -1 60
 55 2 2 73
 55 -2 0 186
 55 -1 0 147
 55 1 1 186
 55 -1 3 291
 55 -1 -1 36
 55 1 0 0
 55 2 1 286
 55 0 0 32
 55 0 2 279
 55 -1 2 168
 55 2 -1 243
 55 0 -1 14
 "contig-ratio-green-core" 0.8823529411764706
 "contig-ratio-red-core" 0.8888888888888888
 "a-count" 7
 "b-count" 0
 "c-color-count" 28
 "c-express-count" 28
 "d-color-count" 22
 "d-express-count" 21
 "cell-count" 56
 105 0 -4 54
 15 2 -1 46
 105 2 3 253
 15 -3 3 206
 15 -5 1 311
 15 -1 -3 183
 15 3 -2 295
 15 1 4 79
 105 -3 -2 292
 15 3 2 320
 15 -2 3 315
 15 -4 0 263
 105 2 -3 172
 15 3 -1 319
 15 -3 2 151
 15 -3 0 279
 15 -1 4 234
 15 -4 1 36
 15 3 1 134
 15 -2 -2 0
 15 2 -2 208
 15 4 1 233
 15 2 0 95
 15 -2 -3 114
 15 -3 1 75
 105 2 -4 267
 15 3 0 293
 105 4 0 263
 55 0 4 182
 55 0 -1 328
 55 0 0 282
 55 -2 1 9
 55 -2 -1 314
 55 0 -2 4
 55 0 2 66
 55 0 1 218
 55 1 2 167
 55 -2 0 331
 55 -1 2 21
 55 2 2 113
 55 1 -2 73
 55 -1 -2 4
 55 -1 0 82
 55 1 -1 280
 55 -1 3 23
 55 0 -3 120
 55 1 -4 174
 55 1 0 324
 55 -3 -1 103
 55 1 -3 180
 55 -1 -1 247
 55 3 -3 93
 55 0 3 338
 55 1 3 130
 55 -1 1 13
 55 1 1 73
 "contig-ratio-green-core" 0.6470588235294118
 "contig-ratio-red-core" 0.6666666666666666
 "a-count" 12
 "b-count" 0
 "c-color-count" 28
 "c-express-count" 28
 "d-color-count" 16
 "d-express-count" 16
 "cell-count" 56
 15 2 -1 41
 105 -1 -4 121
 105 3 -3 247
 105 -1 4 129
 15 3 -1 187
 15 0 3 16
 15 0 -3 6
 15 -1 3 123
 15 4 -1 135
 105 -2 -2 99
 15 1 -3 327
 105 1 4 35
 15 1 2 261
 105 0 4 174
 105 -2 -3 325
 15 2 -2 65
 105 3 1 300
 105 3 -2 214
 15 2 2 87
 15 0 2 129
 105 4 0 42
 105 4 1 44
 15 -4 0 45
 15 2 3 60
 15 -4 1 153
 105 2 4 258
 15 2 -3 314
 15 1 3 56
 55 1 -1 188
 55 0 1 331
 55 2 1 235
 55 -2 3 75
 55 -2 1 34
 55 2 0 343
 55 1 -2 20
 55 1 1 262
 55 -4 -1 330
 55 -1 1 99
 55 -1 -2 172
 55 0 -2 178
 55 3 2 48
 55 -3 0 300
 55 -3 1 181
 55 1 0 299
 55 -3 3 107
 55 -2 2 258
 55 3 3 190
 55 -2 -1 220
 55 -1 -3 218
 55 0 -1 245
 55 -1 0 15
 55 -3 -1 22
 55 0 0 327
 55 -1 -1 254
 55 -1 2 7
 55 -3 2 357
 "contig-ratio-green-core" 0.55
 "contig-ratio-red-core" 1.1538461538461537
