 "a-count" 5
 "b-count" 0
 "c-color-count" 28
 "c-express-count" 28
 "d-color-count" 23
 "d-express-count" 23
 "cell-count" 56
 15 -4 -1 300
 15 -4 1 322
 105 2 -2 284
 15 -3 1 293
 15 0 -4 149
 15 -2 2 70
 15 -2 3 231
 15 1 -4 25
 15 -1 -4 109
 105 2 -3 240
 15 3 -3 256
 105 -3 -3 27
 105 1 -3 285
 15 2 -4 273
 15 -1 4 6
 15 3 -2 322
 15 4 0 73
 15 2 3 141
 15 1 3 42
 15 2 2 237
 15 -1 -3 243
 15 4 -1 281
 105 -3 2 285
 15 3 -1 286
 15 -4 0 306
 15 4 1 3
 15 1 2 173
 15 -3 0 194
 55 2 0 144
 55 3 0 232
 55 -1 3 294
 55 0 1 133
 55 1 -1 155
 55 1 -2 170
 55 -1 1 97
 55 -2 -2 193
 55 1 0 38
 55 0 0 48
 55 -3 -1 199
 55 -2 -1 198
 55 1 1 271
 55 2 -1 118
 55 -1 -1 311
 55 0 -1 170
 55 2 1 111
 55 0 3 325
 55 0 -2 32
 55 0 4 59
 55 3 1 51
 55 -1 0 10
 55 1 4 117
 55 0 2 203
 55 -1 2 47
 55 -1 -2 89
 55 -2 1 193
 55 -2 0 170
 "contig-ratio-green-core" 0.7222222222222222
 "contig-ratio-red-core" 0.7
 "a-count" 7
 "b-count" 0
 "c-color-count" 28
 "c-express-count" 28
 "d-color-count" 21
 "d-express-count" 21
 "cell-count" 56
 15 -3 2 163
 15 3 -1 180
 105 0 3 194
 15 2 -2 320
 15 -4 1 212
 15 1 -4 233
 15 1 4 243
 15 -3 3 274
 105 0 -4 235
 15 -1 4 37
 105 -3 -2 299
 15 -2 3 238
 15 1 -3 1
 15 -1 -4 231
 105 2 3 223
 105 -2 -3 235
 105 4 -1 11
 105 -3 1 37
 15 -1 -3 164
 15 0 -3 197
 15 3 -2 11
 15 -1 3 175
 15 -4 2 278
 15 3 3 21
 15 -4 0 297
 15 0 4 281
 15 3 2 330
 15 2 -3 171
 55 3 -3 29
 55 -2 -1 94
 55 1 3 344
 55 -3 -1 281
 55 -1 -2 141
 55 0 -2 0
 55 2 2 187
 55 1 -2 107
 55 -2 1 321
 55 0 -1 237
 55 -1 1 299
 55 1 -1 160
 55 3 0 352
 55 -1 2 303
 55 -1 -1 327
 55 1 0 266
 55 2 0 145
 55 2 1 198
 55 0 1 209
 55 0 0 206
 55 2 -1 134
 55 -1 0 95
 55 -2 0 160
 55 1 2 274
 55 -2 2 282
 55 3 1 259
 55 0 2 128
 55 1 1 127
 "contig-ratio-green-core" 0.6666666666666666
 "contig-ratio-red-core" 0.55
 "a-count" 8
 "b-count" 0
 "c-color-count" 28
 "c-express-count" 28
 "d-color-count" 21
 "d-express-count" 20
 "cell-count" 56
 105 -3 2 338
 15 0 -3 176
 105 2 3 181
 15 1 -3 11
 15 -4 -1 19
 105 3 2 31
 105 2 -3 281
 105 -3 -3 63
 15 -1 -3 179
 15 3 0 123
 15 3 -2 6
 15 3 1 207
 15 4 -2 280
 15 -1 3 145
 15 -3 3 156
 15 2 1 316
 15 -2 -3 90
 15 3 -1 225
 15 -1 4 183
 105 0 -4 237
 15 -3 -2 65
 105 4 1 97
 15 4 0 49
 15 4 -1 207
 15 -2 3 185
 15 -3 -1 341
 15 3 3 309
 15 -2 -2 144
 55 2 -1 67
 55 -3 1 192
 55 1 1 208
 55 0 -1 285
 55 1 4 200
 55 -2 -1 316
 55 -1 0 98
 55 -2 0 292
 55 2 -2 37
 55 0 3 216
 55 0 -2 93
 55 0 0 223
 55 -2 2 353
 55 1 3 18
 55 1 -2 32
 55 -1 -1 359
 55 0 2 205
 55 1 -1 62
 55 0 1 27
 55 -3 0 160
 55 -1 2 190
 55 -1 -2 103
 55 2 0 191
 55 -2 1 235
 55 1 2 98
 55 0 4 87
 55 -1 1 312
 55 1 0 67
 "contig-ratio-green-core" 0.7058823529411765
 "contig-ratio-red-core" 0.6470588235294118
