 "a-count" 6
 "b-count" 0
 "c-color-count" 28
 "c-express-count" 28
 "d-color-count" 24
 "d-express-count" 22
 "cell-count" 56
 15 -3 0 91
 15 -2 3 69
 15 1 -3 83
 15 3 -3 109
 15 -2 1 130
 15 3 1 22
 105 -1 2 153
 15 0 2 164
 15 -1 -4 332
 15 2 1 101
 15 3 2 283
 15 2 -3 205
 15 -1 4 309
 105 1 4 166
 15 4 1 326
 15 1 3 10
 15 1 -3 21
 15 -2 2 28
 15 2 3 85
 15 0 -4 154
 15 2 1 306
 15 0 4 244
 15 1 2 45
 15 0 3 35
 105 2 2 283
 105 4 -1 103
 15 3 -2 54
 15 1 -4 170
 55 -1 -2 185
 55 -3 -2 221
 55 -1 0 337
 55 3 0 245
 55 -3 -1 299
 55 0 -3 222
 55 -4 -2 126
 55 -2 -2 345
 55 1 -2 225
 55 -2 0 64
 55 1 -1 266
 55 0 1 126
 55 1 1 99
 55 -1 -1 0
 55 -1 -2 152
 55 -1 1 44
 55 0 -2 149
 55 3 -1 170
 55 0 -1 241
 55 2 -1 356
 55 0 0 250
 55 1 0 241
 55 -2 -1 318
 55 2 0 113
 55 4 0 9
 55 1 1 82
 55 -1 0 346
 55 3 3 131
 "contig-ratio-green-core" 0.6666666666666666
 "contig-ratio-red-core" 0.6
 "a-count" 7
 "b-count" 0
 "c-color-count" 28
 "c-express-count" 28
 "d-color-count" 21
 "d-express-count" 21
 "cell-count" 56
 15 2 0 325
 15 2 1 200
 15 3 -2 322
 15 2 -3 108
 15 3 -1 53
 105 0 -2 30
 15 1 -1 183
 15 0 4 133
 15 1 2 326
 15 1 -2 324
 105 3 1 340
 15 0 -4 327
 15 1 -3 231
 15 -3 -3 277
 15 -4 0 9
 15 1 3 214
 15 -1 -4 203
 105 1 4 137
 105 2 -1 142
 15 1 -4 357
 15 3 2 101
 105 -1 -3 199
 15 0 3 19
 105 2 -2 210
 15 3 0 321
 15 2 2 77
 105 -2 -3 12
 15 -4 1 12
 55 -2 3 191
 55 -4 -1 287
 55 -3 -2 68
 55 -1 -2 15
 55 -1 -1 111
 55 -2 -2 270
 55 0 0 189
 55 -1 2 106
 55 -2 -1 9
 55 4 0 186
 55 4 -1 283
 55 -3 1 55
 55 -4 -2 8
 55 3 -3 14
 55 1 1 189
 55 -2 2 266
 55 -1 0 275
 55 -3 0 341
 55 -2 4 275
 55 -1 1 82
 55 -2 0 119
 55 -3 -1 31
 55 0 2 312
 55 0 1 252
 55 1 0 34
 55 0 -1 36
 55 4 1 127
 55 -2 1 322
 "contig-ratio-green-core" 0.5625
 "contig-ratio-red-core" 0.5789473684210527
 "a-count" 3
 "b-count" 0
 "c-color-count" 28
 "c-express-count" 28
 "d-color-count" 26
 "d-express-count" 25
 "cell-count" 56
 15 -1 3 159
 15 0 -3 325
 15 -2 0 268
 15 -1 -3 2
 15 -3 1 72
 105 -3 -2 224
 15 3 2 141
 15 -2 3 198
 15 -1 4 110
 15 4 -1 298
 15 -2 2 302
 15 4 0 218
 15 3 -3 100
 15 3 -4 13
 15 -3 0 339
 15 -1 1 312
 15 -4 -1 194
 105 1 4 55
 15 -1 -4 85
 15 -1 2 173
 15 1 -4 312
 15 -2 -3 184
 15 1 -3 113
 15 -2 1 310
 15 3 3 23
 15 -4 0 180
 15 3 1 31
 15 0 -4 56
 55 2 2 249
 55 -1 0 251
 55 1 -1 1
 55 1 1 59
 55 0 1 29
 55 2 3 123
 55 0 3 288
 55 1 -2 120
 55 -2 -1 201
 55 -4 1 341
 55 2 1 50
 55 2 0 244
 55 1 3 229
 55 -3 3 331
 55 0 2 238
 55 -3 2 127
 55 0 -1 153
 55 1 0 245
 55 2 -2 80
 55 0 0 128
 55 2 -1 223
 55 0 -2 242
 55 -1 -1 278
 55 -2 -2 11
 55 3 -2 348
 55 -1 -2 35
 55 3 -1 338
 55 3 0 16
 "contig-ratio-green-core" 0.8823529411764706
 "contig-ratio-red-core" 0.7083333333333334
 "a-count" 12
 "b-count" 0
 "c-color-count" 28
 "c-express-count" 28
 "d-color-count" 16
 "d-express-count" 16
 "cell-count" 56
 15 -1 3 85
 15 -1 4 4
 105 -3 -3 179
 15 -1 -3 323
 15 4 0 272
 15 -1 -2 325
 15 3 3 175
 15 -2 3 52
 15 0 -2 69
 15 -4 0 277
 15 -1 2 282
 15 3 -1 230
 15 4 1 143
 105 0 -3 69
 105 -3 -2 342
 105 -2 -3 179
 15 2 3 323
 15 3 -2 46
 105 2 -3 197
 105 4 -1 350
 15 -4 -1 241
 105 -3 3 142
 105 -1 -4 15
 105 0 -4 137
 15 1 -2 94
 105 1 -4 137
 105 -3 2 138
 105 1 -3 244
 55 0 3 70
 55 -3 1 326
 55 -1 -1 328
 55 0 4 341
 55 -2 1 267
 55 -2 -1 273
 55 1 3 88
 55 -2 -2 230
 55 0 1 249
 55 1 -1 101
 55 3 2 63
 55 0 -1 157
 55 -1 0 141
 55 3 0 108
 55 2 1 223
 55 0 0 351
 55 1 4 147
 55 3 1 87
 55 2 0 286
 55 2 -1 238
 55 -1 1 157
 55 2 2 54
 55 1 1 108
 55 0 2 252
 55 -2 0 221
 55 1 2 50
 55 -3 0 274
 55 1 0 4
 "contig-ratio-green-core" 0.631578947368421
 "contig-ratio-red-core" 1.1538461538461537
