 "a-count" 13
 "b-count" 0
 "c-color-count" 28
 "c-express-count" 28
 "d-color-count" 16
 "d-express-count" 15
 "cell-count" 56
 105 -4 0 80
 15 -1 3 1
 15 4 0 230
 15 1 -2 218
 105 3 3 326
 105 -4 -1 295
 105 -3 3 242
 15 2 -1 129
 105 2 2 347
 105 1 2 347
 15 0 -4 329
 15 1 1 115
 15 0 4 205
 15 3 0 262
 15 1 -3 230
 105 2 -2 6
 15 1 4 259
 15 -3 -1 11
 105 -3 -3 313
 105 3 -2 233
 15 0 -3 4
 105 1 -4 192
 15 4 1 137
 105 -3 -2 6
 15 0 3 49
 15 -2 -3 301
 15 -4 1 87
 105 3 -1 322
 55 -1 0 86
 55 -3 0 47
 55 -4 2 90
 55 -2 -2 8
 55 0 1 147
 55 -2 3 206
 55 -1 2 137
 55 -2 2 28
 55 -1 -2 199
 55 0 -2 205
 55 1 -1 207
 55 -1 -4 101
 55 2 1 11
 55 -3 1 74
 55 1 3 110
 55 1 0 18
 55 -1 -1 308
 55 -2 -1 92
 55 0 -1 258
 55 -3 2 296
 55 -1 1 327
 55 0 0 351
 55 2 3 37
 55 -1 -3 260
 55 2 0 335
 55 -2 0 146
 55 3 1 147
 55 0 2 88
 "contig-ratio-green-core" 0.6190476190476191
 "contig-ratio-red-core" 1.125
 "a-count" 8
 "b-count" 0
 "c-color-count" 28
 "c-express-count" 28
 "d-color-count" 21
 "d-express-count" 20
 "cell-count" 56
 105 -4 -1 129
 105 -3 -3 344
 15 0 -4 128
 15 -2 -3 27
 15 2 2 346
 15 4 -1 129
 15 -3 0 113
 105 3 -3 37
 105 3 3 111
 15 -1 -4 34
 15 -4 1 78
 15 3 2 19
 15 3 1 99
 15 -1 4 332
 15 -3 1 182
 15 -4 0 8
 15 1 -3 70
 15 0 3 275
 15 -1 3 59
 15 0 4 86
 15 -2 -2 332
 105 3 -2 267
 15 2 3 334
 15 -3 -1 223
 15 1 -4 117
 105 2 -3 52
 105 1 3 263
 15 -3 -2 4
 55 4 0 231
 55 0 2 115
 55 0 -2 57
 55 -1 2 167
 55 3 -1 118
 55 0 -1 278
 55 3 0 131
 55 1 -2 144
 55 -2 2 320
 55 0 0 32
 55 2 0 164
 55 2 -1 325
 55 -1 0 323
 55 1 2 323
 55 -1 1 127
 55 -1 -1 1
 55 1 1 171
 55 1 -1 165
 55 -1 -2 11
 55 -2 0 300
 55 0 1 149
 55 -1 -3 45
 55 -2 1 232
 55 -2 3 182
 55 -2 -1 213
 55 1 0 195
 55 0 -3 244
 55 2 1 129
 "contig-ratio-green-core" 0.7647058823529411
 "contig-ratio-red-core" 0.6842105263157895
 "a-count" 3
 "b-count" 0
 "c-color-count" 28
 "c-express-count" 28
 "d-color-count" 25
 "d-express-count" 25
 "cell-count" 56
 15 -4 0 295
 15 -4 -1 168
 15 -2 -2 202
 15 4 0 8
 15 -1 4 121
 15 -1 3 289
 15 1 4 41
 15 2 4 247
 15 -4 2 289
 15 -2 -3 271
 15 2 -2 312
 105 3 1 110
 15 -1 -3 199
 15 0 4 160
 15 2 3 183
 105 2 -3 328
 15 4 2 351
 15 5 0 102
 15 2 -1 274
 15 -3 -2 295
 15 -4 1 75
 15 4 1 289
 15 -5 0 267
 15 3 -1 346
 105 1 -3 340
 15 -2 3 250
 15 3 -2 298
 15 4 -1 297
 55 -1 -1 296
 55 1 1 173
 55 -3 1 258
 55 -2 2 10
 55 -3 2 329
 55 2 2 165
 55 -3 0 31
 55 1 0 339
 55 -2 -1 9
 55 -3 -3 129
 55 0 0 139
 55 0 -2 339
 55 -2 1 222
 55 -1 2 347
 55 1 2 238
 55 1 -2 133
 55 -1 1 90
 55 0 -1 107
 55 0 3 211
 55 2 1 109
 55 -1 0 108
 55 2 0 86
 55 0 2 208
 55 -1 -2 270
 55 -3 -1 156
 55 1 -1 69
 55 -2 0 117
 55 1 3 216
 "contig-ratio-green-core" 0.7
 "contig-ratio-red-core" 0.6363636363636364
