 "a-count" 6
 "b-count" 0
 "c-color-count" 28
 "c-express-count" 28
 "d-color-count" 22
 "d-express-count" 22
 "cell-count" 56
 15 3 3 235
 15 3 2 149
 105 -4 -1 109
 15 2 3 19
 15 1 -4 42
 15 1 3 337
 15 -3 3 133
 15 4 -1 308
 105 4 1 180
 15 2 -2 119
 15 2 1 25
 15 0 -4 194
 105 -2 -2 76
 15 -3 -3 69
 105 2 -3 119
 15 -2 4 125
 15 -3 0 221
 15 2 2 122
 15 -3 1 229
 15 -4 1 242
 15 -1 -4 140
 105 3 -3 205
 105 -4 0 4
 15 -2 3 285
 15 -3 -2 100
 15 3 1 255
 15 1 2 163
 15 3 -2 164
 55 -2 0 270
 55 0 3 283
 55 0 1 110
 55 2 -1 215
 55 -1 4 259
 55 -2 2 125
 55 1 1 99
 55 1 0 142
 55 3 -1 117
 55 0 -3 336
 55 1 -3 270
 55 -1 -1 158
 55 4 0 64
 55 0 -2 285
 55 1 -1 315
 55 -1 0 168
 55 -1 2 352
 55 2 0 230
 55 -1 3 191
 55 -1 -2 86
 55 -2 -1 74
 55 1 -2 96
 55 3 0 277
 55 0 0 213
 55 0 -1 241
 55 -1 1 346
 55 0 2 258
 55 -2 1 260
 "contig-ratio-green-core" 0.7222222222222222
 "contig-ratio-red-core" 0.7368421052631579
 "a-count" 4
 "b-count" 0
 "c-color-count" 28
 "c-express-count" 28
 "d-color-count" 24
 "d-express-count" 24
 "cell-count" 56
 15 -1 -4 89
 15 1 -3 107
 15 0 -3 145
 15 -3 3 116
 15 -3 -2 180
 15 3 1 217
 15 2 -1 252
 15 1 -2 186
 15 4 1 126
 15 4 0 98
 15 2 -2 150
 15 -3 2 206
 15 -2 2 32
 15 3 2 105
 15 -1 4 49
 15 2 0 128
 105 3 -1 146
 15 -1 -3 43
 15 -4 -2 348
 15 -4 1 324
 15 5 0 122
 105 2 3 97
 105 3 -2 301
 15 3 0 176
 15 0 -4 38
 15 -2 3 306
 15 -3 1 47
 105 3 3 43
 55 -1 3 11
 55 1 0 255
 55 2 2 204
 55 0 4 111
 55 -1 -2 142
 55 -1 0 189
 55 -3 0 150
 55 -1 1 231
 55 1 -1 151
 55 -2 -2 131
 55 -1 -1 34
 55 -2 1 274
 55 0 2 190
 55 -2 -1 202
 55 2 -3 324
 55 -2 -3 96
 55 -4 -1 67
 55 0 1 333
 55 -3 -1 74
 55 0 3 82
 55 1 2 184
 55 -1 2 250
 55 1 1 55
 55 0 -2 256
 55 -4 0 265
 55 -2 0 332
 55 0 0 258
 55 0 -1 129
 "contig-ratio-green-core" 0.7222222222222222
 "contig-ratio-red-core" 0.6666666666666666
 "a-count" 7
 "b-count" 0
 "c-color-count" 28
 "c-express-count" 28
 "d-color-count" 21
 "d-express-count" 21
 "cell-count" 56
 15 3 1 87
 105 -3 3 157
 15 -2 1 182
 105 -4 0 275
 15 -1 3 215
 105 0 4 3
 15 4 0 45
 15 -2 3 316
 15 -3 2 332
 105 4 -1 354
 15 -2 0 24
 15 -3 0 175
 15 1 3 20
 15 2 -2 114
 15 3 -2 201
 15 2 -3 125
 15 -3 1 323
 105 3 -3 278
 15 3 2 42
 15 2 2 216
 105 2 1 155
 15 -3 -2 325
 15 4 1 318
 15 -3 -1 169
 15 -4 -1 349
 15 -2 2 62
 15 4 -2 347
 105 1 4 211
 55 -2 -1 5
 55 -1 -1 329
 55 2 -1 94
 55 -2 -2 296
 55 -1 -3 253
 55 2 0 248
 55 1 0 5
 55 0 0 169
 55 0 -1 294
 55 -1 0 128
 55 1 1 182
 55 0 -3 15
 55 0 1 21
 55 0 2 210
 55 0 -4 285
 55 -4 1 31
 55 -4 2 262
 55 -1 -2 241
 55 -1 2 198
 55 -1 1 178
 55 0 -2 284
 55 1 -3 85
 55 3 0 170
 55 1 -2 66
 55 1 2 38
 55 -1 -4 77
 55 3 -1 312
 55 1 -1 355
 "contig-ratio-green-core" 0.7894736842105263
 "contig-ratio-red-core" 0.6842105263157895
 "a-count" 6
 "b-count" 0
 "c-color-count" 28
 "c-express-count" 28
 "d-color-count" 22
 "d-express-count" 22
 "cell-count" 56
 15 0 -2 42
 15 -3 0 116
 15 -1 4 306
 15 3 -2 263
 105 -4 0 286
 15 -2 4 171
 15 -3 2 135
 15 3 2 204
 105 -3 -1 147
 105 -2 -3 258
 15 1 -3 217
 15 3 -1 294
 15 -1 -2 132
 15 -3 1 213
 15 -2 -2 119
 15 -3 3 287
 15 -4 1 328
 15 -2 3 349
 105 1 4 28
 15 2 -3 166
 15 0 4 174
 105 -3 -2 253
 15 -4 2 21
 15 0 -3 356
 15 2 -2 33
 15 3 -3 39
 105 -1 -3 343
 15 4 -1 184
 55 -1 0 0
 55 0 -4 281
 55 1 3 351
 55 0 3 174
 55 1 0 13
 55 1 -4 262
 55 -1 -4 267
 55 3 1 211
 55 2 -1 273
 55 -1 3 168
 55 -2 2 111
 55 2 2 213
 55 3 0 68
 55 1 1 40
 55 2 3 1
 55 -2 0 353
 55 -1 1 157
 55 -2 1 93
 55 -1 -1 348
 55 0 2 87
 55 -2 -1 160
 55 1 -1 7
 55 -1 2 118
 55 0 0 196
 55 2 0 82
 55 0 1 268
 55 0 -1 36
 55 2 1 172
 "contig-ratio-green-core" 0.7647058823529411
 "contig-ratio-red-core" 0.5555555555555556
