 "a-count" 8
 "b-count" 0
 "c-color-count" 28
 "c-express-count" 28
 "d-color-count" 21
 "d-express-count" 20
 "cell-count" 56
 15 1 -3 307
 15 -2 -3 211
 105 4 1 123
 15 0 -3 124
 15 -3 3 2
 15 -2 3 331
 15 3 0 169
 105 -3 -3 226
 15 3 -1 65
 15 -1 -4 181
 105 2 3 234
 15 2 -3 138
 15 3 -2 15
 15 -1 -3 347
 15 -3 -2 63
 15 3 2 5
 105 1 -4 86
 15 2 -2 329
 15 -2 -1 176
 105 -1 4 25
 15 0 -4 226
 15 -3 2 29
 105 1 4 223
 15 3 3 182
 105 3 -3 228
 15 -2 -2 339
 15 4 0 214
 15 3 1 183
 55 0 1 133
 55 1 2 202
 55 0 4 81
 55 0 2 146
 55 -1 -2 43
 55 -1 3 288
 55 4 -1 0
 55 0 0 32
 55 -1 2 5
 55 0 -1 343
 55 -1 1 201
 55 -1 0 222
 55 1 3 340
 55 0 -2 93
 55 -2 1 235
 55 -1 -1 291
 55 1 -2 239
 55 -2 2 227
 55 0 3 149
 55 -2 0 278
 55 2 2 38
 55 -3 1 199
 55 2 1 218
 55 2 -1 354
 55 -3 0 271
 55 1 1 144
 55 1 -1 338
 55 2 0 314
 "contig-ratio-green-core" 0.6470588235294118
 "contig-ratio-red-core" 0.631578947368421
 "a-count" 5
 "b-count" 0
 "c-color-count" 28
 "c-express-count" 28
 "d-color-count" 23
 "d-express-count" 23
 "cell-count" 56
 15 3 0 66
 15 -4 0 61
 105 4 0 175
 15 -2 3 304
 105 0 3 74
 15 1 3 105
 15 1 5 34
 15 3 -2 36
 15 2 -3 176
 15 3 -3 226
 15 1 -3 144
 15 1 4 205
 15 -1 4 46
 15 -1 3 342
 15 -3 -1 164
 15 2 2 76
 15 -2 -3 243
 15 2 3 183
 15 -3 0 201
 105 3 2 332
 15 -3 -2 137
 15 2 4 70
 15 3 -1 353
 105 -3 2 155
 15 0 4 118
 105 4 1 304
 15 -4 -1 65
 15 -2 -2 156
 55 -3 1 63
 55 -1 -2 297
 55 -1 2 271
 55 0 -1 141
 55 -3 -3 125
 55 0 -2 34
 55 -2 0 273
 55 0 1 310
 55 0 -3 181
 55 -1 0 89
 55 2 0 299
 55 -2 -4 48
 55 -1 -3 113
 55 1 0 353
 55 -1 -1 94
 55 -2 -1 57
 55 1 -1 209
 55 -2 1 35
 55 2 -1 192
 55 0 2 6
 55 1 2 313
 55 0 0 257
 55 2 1 253
 55 -1 -4 346
 55 1 1 339
 55 2 -2 205
 55 -1 1 45
 55 1 -2 207
 "contig-ratio-green-core" 0.7058823529411765
 "contig-ratio-red-core" 0.6842105263157895
 "a-count" 11
 "b-count" 0
 "c-color-count" 28
 "c-express-count" 28
 "d-color-count" 17
 "d-express-count" 17
 "cell-count" 56
 105 -2 2 217
 15 0 3 62
 15 -3 1 304
 15 2 -2 134
 15 2 -3 51
 105 3 3 6
 15 2 -1 159
 15 2 2 150
 15 -3 -3 359
 15 2 0 4
 15 1 3 356
 105 4 1 151
 15 -3 0 43
 105 3 -2 223
 105 3 -3 245
 105 -3 2 203
 15 3 2 222
 105 0 4 103
 15 2 1 188
 105 4 0 335
 105 -3 3 350
 15 3 0 155
 15 -4 0 294
 15 -2 -3 6
 105 1 4 182
 105 -2 -4 204
 15 3 1 31
 15 -2 1 230
 55 -1 0 335
 55 -1 2 146
 55 0 1 72
 55 0 -1 171
 55 0 0 127
 55 -1 1 279
 55 1 1 101
 55 -3 -1 43
 55 1 -2 63
 55 -1 -1 219
 55 -4 -2 26
 55 1 0 194
 55 -2 0 216
 55 -2 -1 229
 55 1 -1 29
 55 -1 -2 351
 55 0 -2 229
 55 2 3 203
 55 0 -4 260
 55 -1 -4 76
 55 1 2 317
 55 0 2 45
 55 -1 -3 267
 55 0 -3 12
 55 -1 3 39
 55 -2 -2 80
 55 -1 4 142
 55 -3 -2 325
 "contig-ratio-green-core" 0.6111111111111112
 "contig-ratio-red-core" 0.8666666666666667
 "a-count" 8
 "b-count" 0
 "c-color-count" 28
 "c-express-count" 28
 "d-color-count" 20
 "d-express-count" 20
 "cell-count" 56
 15 -4 0 170
 15 3 3 118
 15 3 -2 338
 105 3 -1 57
 15 0 -4 298
 15 1 4 234
 15 0 -3 47
 105 4 1 225
 15 -2 -3 199
 15 -4 1 312
 15 -1 -4 228
 15 -2 2 55
 15 1 -3 261
 15 -3 2 120
 15 3 -3 250
 105 -3 -3 244
 105 4 -1 176
 15 2 -2 56
 15 -3 3 296
 15 0 4 224
 105 2 -3 178
 15 1 -2 248
 105 3 1 156
 15 -1 -3 345
 105 3 0 331
 15 -4 -1 121
 105 -1 4 74
 15 -2 3 167
 55 2 2 310
 55 -2 1 261
 55 -1 0 41
 55 -1 -1 300
 55 2 0 57
 55 0 1 103
 55 -3 0 207
 55 1 -1 190
 55 1 1 216
 55 -1 3 12
 55 -2 -2 224
 55 -1 2 240
 55 -3 1 332
 55 3 2 190
 55 -1 -2 273
 55 -3 -1 93
 55 0 -2 49
 55 1 2 110
 55 1 0 128
 55 -2 -1 268
 55 0 2 63
 55 0 3 204
 55 0 -1 191
 55 2 1 7
 55 0 0 114
 55 1 3 257
 55 -2 0 205
 55 -1 1 201
 "contig-ratio-green-core" 0.8125
 "contig-ratio-red-core" 0.5625
