 "a-count" 4
 "b-count" 4
 "c-color-count" 24
 "c-express-count" 24
 "d-color-count" 24
 "d-express-count" 24
 "cell-count" 56
 15 1 3 174
 15 -4 0 218
 15 0 -1 245
 15 -2 -3 300
 15 1 -2 324
 15 -1 1 248
 15 1 1 309
 15 0 -4 285
 15 -1 -1 300
 15 0 1 108
 15 -3 3 131
 15 -1 2 15
 105 4 0 286
 15 0 2 152
 15 1 2 129
 15 0 1 41
 15 0 0 198
 15 -2 3 20
 15 3 -3 234
 15 0 3 151
 105 3 -1 273
 15 2 3 232
 15 0 0 106
 15 -1 0 127
 15 -3 1 207
 15 0 4 4
 105 1 4 162
 105 -4 -1 340
 55 -2 0 290
 55 -2 1 263
 55 1 -1 353
 55 -1 -3 128
 5 -4 1 17
 55 -1 4 5
 55 -3 -1 26
 55 3 1 178
 55 -1 3 229
 55 -2 2 181
 55 2 1 231
 5 -1 -4 36
 55 2 -3 324
 55 1 0 270
 55 2 -1 207
 55 2 -2 327
 55 2 2 268
 55 -3 0 359
 55 2 0 72
 55 3 3 33
 5 1 -3 176
 55 -2 -2 80
 55 -2 -1 296
 55 3 2 323
 5 -3 -2 135
 55 0 -3 275
 55 3 0 80
 55 -1 -2 67
 "contig-ratio-green-core" 0.85
 "contig-ratio-red-core" 0.8666666666666667
 "a-count" 4
 "b-count" 3
 "c-color-count" 25
 "c-express-count" 25
 "d-color-count" 24
 "d-express-count" 24
 "cell-count" 56
 105 -3 3 87
 15 2 -3 243
 105 -2 3 173
 15 -4 0 131
 15 3 1 128
 15 4 -1 268
 15 -1 1 32
 15 1 3 263
 15 0 -4 110
 15 3 -1 333
 15 -1 -3 271
 15 1 5 345
 15 3 0 243
 15 0 2 162
 105 -3 -3 0
 15 -2 1 297
 15 0 -3 166
 15 3 2 306
 15 -1 3 116
 15 -3 -2 170
 15 -1 4 11
 15 -2 -3 127
 15 1 -3 24
 15 2 3 61
 15 1 4 197
 15 0 4 304
 15 4 1 143
 105 3 -2 158
 55 2 -1 0
 5 0 0 84
 55 -3 2 69
 5 3 -3 190
 55 -2 -1 275
 55 0 -2 0
 55 1 -2 106
 55 2 -2 208
 55 -3 0 231
 5 -1 -4 207
 55 -1 0 237
 55 3 3 199
 55 -2 -2 167
 55 -1 -2 207
 55 -3 1 267
 55 0 1 49
 55 -3 -1 113
 55 2 2 153
 55 -4 1 176
 55 1 0 326
 55 1 1 9
 55 2 0 83
 55 1 -1 10
 55 -1 -1 161
 55 1 2 28
 55 -2 0 127
 55 2 1 17
 55 0 -1 108
 "contig-ratio-green-core" 0.8888888888888888
 "contig-ratio-red-core" 0.7647058823529411
 "a-count" 8
 "b-count" 5
 "c-color-count" 25
 "c-express-count" 23
 "d-color-count" 23
 "d-express-count" 20
 "cell-count" 56
 15 -4 1 343
 15 -3 0 203
 105 0 -4 230
 15 -3 2 324
 15 -3 1 282
 15 2 -3 51
 15 3 0 224
 105 4 0 238
 105 3 2 55
 15 0 3 48
 15 -2 2 350
 15 -1 -2 59
 15 2 -2 267
 15 3 1 143
 15 1 -3 17
 15 0 -3 129
 105 -3 3 322
 15 3 -2 125
 15 0 4 100
 105 4 -1 98
 15 1 3 227
 15 -2 3 64
 15 -3 -3 111
 15 -2 1 53
 15 -4 -1 26
 15 4 1 37
 15 -2 -2 349
 15 1 -4 212
 55 1 2 193
 55 -3 -2 221
 55 1 -1 107
 55 2 0 70
 55 -1 0 244
 5 -1 4 273
 55 -1 -3 154
 5 1 4 344
 55 0 1 346
 55 0 2 85
 55 -2 0 121
 55 0 -1 130
 55 0 0 328
 55 2 2 29
 55 -3 -1 189
 55 2 1 219
 55 3 -1 89
 55 -1 1 42
 55 -1 -1 80
 55 0 -2 227
 55 -1 -4 43
 55 -1 2 266
 55 -2 -1 108
 55 -1 3 108
 55 1 1 23
 55 1 -2 211
 5 3 -3 113
 55 1 0 108
 "contig-ratio-green-core" 0.8235294117647058
 "contig-ratio-red-core" 0.8
 "a-count" 9
 "b-count" 5
 "c-color-count" 23
 "c-express-count" 23
 "d-color-count" 20
 "d-express-count" 19
 "cell-count" 56
 105 3 -3 10
 105 2 3 78
 15 -3 0 26
 15 -3 -2 47
 15 0 2 245
 15 -1 0 122
 15 1 4 113
 15 1 -2 350
 15 3 -1 212
 15 -2 2 14
 15 -1 1 88
 105 2 -2 121
 105 -2 -1 299
 105 -2 0 290
 15 -1 3 301
 15 2 2 158
 15 -1 2 60
 105 0 3 309
 105 1 3 351
 15 4 1 204
 15 -3 -1 116
 15 -1 -1 96
 15 3 2 320
 15 0 4 316
 15 -3 2 43
 15 -2 1 142
 15 -3 1 187
 105 -3 -3 62
 55 2 -1 164
 55 0 -3 329
 55 4 0 135
 5 0 -4 242
 55 -1 -2 280
 55 3 1 351
 55 1 1 47
 55 -4 -1 24
 55 2 0 206
 55 -2 3 25
 55 -1 -3 64
 55 0 -1 63
 55 -3 3 138
 55 1 -1 330
 5 1 -4 120
 55 2 1 305
 55 0 1 181
 55 -2 -2 359
 5 2 -3 117
 55 0 -2 232
 55 1 0 329
 55 -4 1 141
 5 1 -3 349
 5 3 3 151
 55 -1 4 70
 55 -4 0 79
 55 0 0 31
 55 3 0 50
 "contig-ratio-green-core" 0.8333333333333334
 "contig-ratio-red-core" 0.9333333333333333
