 "a-count" 8
 "b-count" 6
 "c-color-count" 22
 "c-express-count" 22
 "d-color-count" 21
 "d-express-count" 20
 "cell-count" 56
 15 3 2 134
 15 -2 -3 283
 105 -2 1 108
 15 0 1 202
 105 3 -2 224
 15 0 2 156
 15 -3 3 84
 105 -3 2 201
 15 -1 3 32
 15 1 2 283
 15 -1 1 337
 15 0 -3 80
 105 -3 -2 72
 15 2 2 315
 15 -4 1 190
 15 -3 1 298
 15 2 -2 169
 15 -1 -3 227
 15 1 1 234
 15 -1 2 100
 105 3 3 310
 105 -3 -3 335
 15 0 -2 21
 15 2 1 280
 15 1 4 338
 15 0 -4 346
 15 2 -3 40
 105 3 -3 131
 55 -4 0 55
 55 3 1 144
 55 1 0 139
 55 -1 -1 300
 55 -1 0 212
 55 -1 -2 109
 55 4 -1 154
 55 1 3 136
 55 -2 -1 94
 55 0 3 43
 55 3 0 53
 55 -3 -1 338
 5 -1 4 71
 5 -2 2 18
 5 -1 -4 352
 55 3 -1 237
 5 -2 3 268
 55 -3 0 307
 55 1 -3 4
 55 1 -1 155
 5 -4 -1 216
 55 2 -1 148
 55 -2 -2 170
 55 0 0 97
 55 0 -1 245
 55 2 0 278
 55 -2 0 183
 5 4 0 335
 "contig-ratio-green-core" 0.8333333333333334
 "contig-ratio-red-core" 0.7222222222222222
 "a-count" 8
 "b-count" 3
 "c-color-count" 26
 "c-express-count" 25
 "d-color-count" 21
 "d-express-count" 20
 "cell-count" 56
 15 3 -1 288
 105 3 -3 194
 105 1 -3 273
 105 -1 -4 47
 15 3 -2 71
 15 1 -2 26
 15 2 3 223
 15 1 3 354
 15 2 -1 17
 105 -3 3 333
 15 -4 -1 4
 15 1 4 247
 15 -4 0 235
 15 -2 -3 119
 15 0 2 169
 15 -1 2 358
 15 0 4 125
 105 -2 2 224
 15 4 1 327
 105 2 -2 29
 15 -4 1 349
 15 0 -4 320
 15 -2 1 325
 15 0 3 17
 15 -2 -2 125
 15 4 2 325
 15 -1 3 321
 105 -3 -2 204
 55 2 1 153
 55 -3 2 280
 55 1 1 174
 55 1 2 80
 55 4 -1 40
 55 3 3 355
 55 4 0 11
 55 0 -3 114
 55 4 -2 285
 55 1 -1 18
 55 -1 -1 43
 55 0 -2 234
 55 -3 0 212
 55 -3 -1 354
 55 0 1 277
 55 -1 -3 176
 55 -1 -2 167
 5 -1 4 289
 55 0 0 243
 55 2 2 321
 55 -2 -1 176
 55 0 -1 34
 55 3 0 301
 5 2 4 300
 55 3 1 185
 55 -2 0 17
 55 -1 1 294
 55 3 2 45
 "contig-ratio-green-core" 0.7272727272727273
 "contig-ratio-red-core" 1
 "a-count" 7
 "b-count" 4
 "c-color-count" 24
 "c-express-count" 24
 "d-color-count" 21
 "d-express-count" 21
 "cell-count" 56
 15 -1 3 262
 15 -3 -2 240
 15 -1 2 248
 15 0 4 268
 15 -1 -4 209
 15 1 4 102
 15 4 0 270
 105 -2 2 275
 15 -4 1 58
 15 3 2 50
 15 -3 1 183
 105 4 -1 42
 105 -3 -1 258
 15 -3 0 74
 15 1 -2 327
 15 1 3 38
 105 1 -4 268
 15 0 3 280
 15 0 -4 149
 15 -4 0 198
 15 -2 1 140
 15 -1 4 57
 15 2 -1 121
 15 -1 -3 271
 105 2 -2 357
 105 2 -3 43
 15 -3 -3 107
 105 -3 2 264
 5 -3 3 132
 55 -2 -3 270
 55 -1 -1 111
 55 0 -1 88
 55 2 3 183
 55 3 0 77
 55 2 2 332
 55 0 0 14
 55 -1 0 266
 55 1 0 335
 55 -2 0 41
 55 -1 -2 286
 5 1 -3 118
 5 -4 -1 202
 55 1 1 148
 55 -1 1 37
 5 3 -3 238
 55 3 1 123
 55 1 -1 20
 55 3 -1 73
 55 0 -3 237
 55 0 2 77
 55 0 1 181
 55 0 -2 274
 55 2 0 156
 55 -2 -2 284
 55 -2 -1 324
 55 2 1 232
 "contig-ratio-green-core" 0.8125
 "contig-ratio-red-core" 0.7058823529411765
 "a-count" 8
 "b-count" 4
 "c-color-count" 26
 "c-express-count" 24
 "d-color-count" 22
 "d-express-count" 20
 "cell-count" 56
 15 1 -2 313
 15 -3 -3 266
 15 2 -2 163
 105 0 4 31
 15 0 -3 249
 105 -4 1 247
 15 2 -1 99
 15 3 -1 281
 15 2 0 286
 15 1 -1 104
 105 0 -4 256
 15 0 3 207
 15 -3 2 288
 15 -4 0 100
 15 3 3 4
 15 -3 0 229
 15 -3 1 56
 15 -4 -1 327
 105 1 3 63
 15 -1 2 150
 15 -1 -3 305
 15 1 -3 41
 15 3 0 313
 105 3 -3 356
 105 4 1 333
 15 -2 3 215
 15 -5 -1 53
 15 -2 2 171
 55 -1 1 284
 55 2 1 186
 55 -2 -2 275
 55 1 0 321
 55 1 2 286
 55 3 2 86
 5 1 4 64
 55 3 1 94
 55 2 -3 235
 55 0 -1 77
 5 4 -1 2
 55 -2 0 137
 55 -3 3 230
 55 2 2 43
 55 0 0 42
 55 -1 -1 14
 55 -2 1 126
 55 3 -2 52
 55 0 -2 96
 55 -2 -3 307
 55 -2 -1 17
 55 2 3 256
 55 1 1 53
 55 0 2 256
 55 -1 0 88
 55 -3 -2 318
 55 0 1 76
 55 -1 -2 101
 "contig-ratio-green-core" 0.8125
 "contig-ratio-red-core" 0.7368421052631579
