 "a-count" 9
 "b-count" 2
 "c-color-count" 26
 "c-express-count" 26
 "d-color-count" 19
 "d-express-count" 19
 "cell-count" 56
 105 3 -2 307
 15 1 3 217
 15 -1 -2 328
 15 2 3 279
 15 4 -1 180
 105 -1 3 11
 15 4 0 348
 15 3 0 80
 15 3 -1 136
 15 -2 -2 221
 15 2 -1 276
 15 0 -3 181
 105 4 2 204
 105 -3 3 346
 15 2 -2 198
 15 -2 3 185
 15 1 4 92
 105 2 -3 135
 15 0 -2 118
 15 -1 -3 18
 105 -3 2 265
 15 -1 2 172
 105 0 3 193
 105 -1 -4 182
 105 2 4 185
 15 0 4 276
 15 1 -2 333
 15 0 2 1
 55 -1 0 351
 55 1 -4 335
 55 3 3 225
 55 2 0 59
 55 -2 0 203
 55 2 2 42
 55 2 1 32
 55 -4 -1 83
 55 1 1 43
 55 -2 2 62
 55 -3 0 50
 55 -1 -1 118
 55 0 -4 13
 55 3 2 186
 5 -2 -3 50
 55 -4 0 52
 5 -2 1 143
 55 3 1 269
 55 0 0 181
 55 0 1 294
 55 1 -1 262
 55 -3 -1 91
 55 -1 1 22
 55 4 1 94
 55 -2 -1 176
 55 0 -1 179
 55 1 2 188
 55 1 0 201
 "contig-ratio-green-core" 0.65
 "contig-ratio-red-core" 0.9333333333333333
 "a-count" 8
 "b-count" 5
 "c-color-count" 24
 "c-express-count" 23
 "d-color-count" 20
 "d-express-count" 20
 "cell-count" 56
 105 -1 2 150
 15 -4 0 205
 15 -1 -3 37
 15 0 3 130
 15 -3 2 357
 15 0 2 354
 15 1 3 316
 105 3 -3 262
 15 -1 -2 185
 15 1 2 201
 15 0 -3 12
 15 -3 -1 147
 15 3 2 334
 105 -1 3 63
 15 -2 2 251
 15 4 1 289
 15 2 2 4
 105 -4 1 243
 15 -3 1 242
 105 -1 4 219
 15 -2 3 9
 15 1 4 128
 105 2 3 24
 15 -2 -2 134
 15 -3 0 94
 105 -4 -1 20
 105 -1 -4 274
 15 2 -3 2
 55 -1 1 258
 55 1 -1 103
 5 4 -1 72
 55 2 0 311
 55 1 -3 167
 55 3 1 75
 55 -1 -1 19
 55 -2 1 279
 55 2 -1 161
 55 -2 0 200
 55 2 -2 135
 55 1 0 329
 55 0 1 75
 55 -3 3 33
 55 2 1 159
 55 -1 0 249
 5 1 -4 118
 55 1 1 107
 55 0 -1 135
 5 3 -2 283
 55 0 0 118
 55 1 -2 110
 55 -2 -1 86
 55 3 -1 248
 5 -2 -3 92
 55 3 0 73
 55 -3 -2 175
 55 0 -2 123
 "contig-ratio-green-core" 1.0833333333333333
 "contig-ratio-red-core" 0.7222222222222222
 "a-count" 5
 "b-count" 2
 "c-color-count" 26
 "c-express-count" 26
 "d-color-count" 23
 "d-express-count" 23
 "cell-count" 56
 15 2 -2 243
 15 -4 -1 64
 15 -3 1 116
 15 -1 4 84
 15 -2 -2 263
 105 4 1 113
 15 -1 3 218
 105 2 -3 87
 105 -3 3 94
 15 3 2 52
 15 3 -2 326
 15 0 -3 313
 105 -3 -3 15
 15 3 1 48
 15 2 -1 62
 15 0 4 88
 15 3 -1 333
 15 1 -3 64
 15 -3 0 160
 15 0 -4 354
 15 -4 1 332
 15 -1 -4 178
 15 0 3 291
 15 -4 0 256
 15 3 0 261
 105 1 -4 198
 15 -1 -3 188
 15 -2 -3 300
 55 -1 0 139
 55 -2 0 24
 55 1 0 139
 55 2 2 283
 55 0 2 347
 55 0 1 88
 55 -1 -1 250
 55 1 -2 237
 55 -1 -2 17
 55 1 -1 211
 55 2 0 110
 55 -2 2 153
 55 1 2 243
 5 3 3 154
 55 2 3 111
 55 4 0 269
 55 0 0 339
 55 -1 2 332
 55 0 -2 205
 5 1 4 78
 55 -2 -1 171
 55 -1 1 95
 55 1 1 137
 55 1 3 317
 55 -2 1 300
 55 -3 -1 71
 55 0 -1 260
 55 2 1 178
 "contig-ratio-green-core" 0.875
 "contig-ratio-red-core" 0.6363636363636364
 "a-count" 4
 "b-count" 3
 "c-color-count" 25
 "c-express-count" 25
 "d-color-count" 24
 "d-express-count" 24
 "cell-count" 56
 15 -1 -2 336
 15 -3 0 347
 15 1 4 247
 15 3 -2 156
 105 -3 -2 263
 15 4 0 308
 15 -4 1 212
 15 -2 -3 52
 15 1 -3 6
 15 -4 0 2
 15 3 1 7
 105 -2 1 234
 15 0 3 99
 15 4 -1 104
 15 -1 3 32
 105 3 -3 333
 15 -2 2 232
 15 0 -3 197
 15 -4 -1 33
 15 -1 -3 58
 15 0 -4 253
 15 0 4 289
 105 -3 1 137
 15 -2 0 64
 15 3 2 105
 15 -2 -1 182
 15 1 3 98
 15 -3 -1 343
 55 1 0 154
 55 -1 0 54
 55 0 -2 171
 55 -1 2 295
 55 1 -1 119
 5 1 -4 141
 5 4 1 106
 5 3 3 94
 55 2 3 99
 55 -1 1 179
 55 1 2 180
 55 0 0 349
 55 0 -1 306
 55 2 1 23
 55 3 0 221
 55 1 -2 161
 55 2 -1 170
 55 2 0 205
 55 1 1 317
 55 -3 3 41
 55 3 -1 220
 55 -3 -3 349
 55 0 2 70
 55 0 1 96
 55 2 -3 71
 55 2 -2 278
 55 -1 -1 179
 55 2 2 355
 "contig-ratio-green-core" 0.9333333333333333
 "contig-ratio-red-core" 0.6818181818181818
