 "a-count" 9
 "b-count" 3
 "c-color-count" 25
 "c-express-count" 25
 "d-color-count" 20
 "d-express-count" 19
 "cell-count" 56
 15 -2 -1 205
 15 3 2 71
 15 -3 -1 73
 15 -1 3 237
 105 1 -4 206
 15 3 0 182
 105 -4 -1 237
 15 4 0 306
 15 -1 -3 275
 15 3 -1 163
 105 -2 -3 163
 15 1 -3 165
 15 3 -2 262
 15 2 -1 351
 105 -2 -2 187
 15 -2 0 36
 15 -3 0 291
 15 2 3 173
 105 -3 -3 271
 15 3 1 313
 105 0 -3 340
 15 -3 -2 55
 105 0 -4 25
 15 0 -2 292
 15 1 -2 115
 15 -1 -2 140
 15 2 -2 244
 105 -1 -4 280
 5 3 3 130
 55 1 1 331
 55 0 1 85
 55 0 4 310
 55 1 0 321
 55 1 -1 237
 5 3 -3 232
 55 -2 2 248
 55 -2 1 19
 55 -1 1 120
 55 0 2 1
 55 -1 0 7
 55 1 3 149
 55 -1 -1 329
 55 0 0 82
 55 2 2 195
 55 1 4 43
 55 -4 0 164
 55 0 3 283
 55 -3 1 285
 55 -4 1 47
 55 4 -1 211
 55 2 1 116
 55 -1 2 306
 5 -3 3 64
 55 -3 2 176
 55 0 -1 82
 55 1 2 14
 "contig-ratio-green-core" 0.6111111111111112
 "contig-ratio-red-core" 0.6
 "a-count" 10
 "b-count" 3
 "c-color-count" 25
 "c-express-count" 25
 "d-color-count" 19
 "d-express-count" 18
 "cell-count" 56
 15 -2 -3 126
 15 -1 3 88
 105 -3 3 111
 15 1 -3 182
 15 -3 -1 268
 15 3 0 316
 15 2 3 219
 105 0 4 215
 15 0 -3 186
 15 -1 -3 349
 105 3 -3 121
 15 0 3 248
 15 -2 3 260
 105 1 3 77
 15 3 3 217
 15 2 -3 247
 15 -4 -1 199
 105 4 -1 315
 105 2 -2 61
 15 2 -1 180
 15 1 -4 17
 105 4 1 10
 15 -3 2 344
 105 4 0 241
 105 3 -1 330
 15 -2 -2 134
 15 2 4 132
 15 -2 -4 290
 55 0 0 3
 55 3 1 139
 55 0 1 200
 5 0 -4 255
 55 1 0 83
 55 -1 -1 228
 55 2 1 54
 55 -2 -1 163
 55 3 2 224
 55 0 -1 195
 55 1 -1 5
 55 -2 1 190
 55 -2 0 251
 5 -3 -2 158
 55 2 0 35
 55 -3 1 214
 55 2 2 126
 55 -1 2 261
 55 1 2 165
 55 -2 2 207
 55 1 1 96
 55 0 -2 310
 5 -1 -4 301
 55 -1 0 341
 55 -3 0 134
 55 1 -2 64
 55 -1 -2 217
 55 0 2 220
 "contig-ratio-green-core" 0.7058823529411765
 "contig-ratio-red-core" 0.8
 "a-count" 7
 "b-count" 5
 "c-color-count" 24
 "c-express-count" 23
 "d-color-count" 21
 "d-express-count" 21
 "cell-count" 56
 15 -2 -3 70
 15 -4 -1 359
 15 -3 -2 186
 105 -1 -4 26
 15 1 -3 145
 15 -1 2 32
 15 3 0 48
 105 3 -2 94
 15 4 0 65
 15 -1 1 103
 15 1 -2 313
 105 -4 0 243
 105 -3 -3 150
 105 -3 3 278
 15 0 -4 90
 15 1 3 151
 15 -1 -3 238
 15 -3 1 329
 15 2 -1 181
 15 -4 1 359
 15 -2 1 91
 15 4 2 147
 15 0 -3 179
 15 2 0 284
 15 3 -1 251
 15 -2 3 28
 105 -3 2 189
 105 -1 4 269
 55 0 2 208
 5 2 -2 119
 5 2 -3 169
 55 0 -2 3
 55 -1 -2 99
 55 -1 0 200
 55 -3 -1 346
 55 -2 2 248
 55 1 0 298
 55 0 4 228
 55 1 -1 349
 55 -1 -1 84
 55 -3 0 266
 55 -1 3 29
 5 3 3 280
 55 0 1 197
 5 2 3 173
 55 1 1 159
 55 0 -1 30
 55 -2 -1 277
 55 0 3 257
 55 2 2 266
 55 2 1 326
 55 3 2 325
 55 3 1 192
 55 4 1 35
 55 1 2 353
 55 -2 -2 211
 "contig-ratio-green-core" 0.8421052631578947
 "contig-ratio-red-core" 0.8823529411764706
 "a-count" 7
 "b-count" 8
 "c-color-count" 20
 "c-express-count" 20
 "d-color-count" 22
 "d-express-count" 21
 "cell-count" 56
 105 -3 3 334
 15 3 -1 211
 15 1 2 224
 105 2 3 211
 15 1 3 333
 15 2 -2 335
 105 2 -3 358
 15 -3 2 208
 105 -3 -3 264
 15 0 -1 231
 15 -2 -1 63
 15 -3 1 152
 15 1 -1 345
 105 -4 -1 354
 15 3 0 86
 15 1 -2 190
 105 4 -1 46
 15 -3 0 238
 15 -1 -1 210
 15 2 2 17
 15 -1 -4 258
 15 -2 -2 144
 15 3 3 125
 15 2 -1 208
 15 -3 -1 232
 15 0 3 342
 15 1 4 336
 15 4 0 220
 55 -1 4 248
 5 1 -4 118
 55 2 1 245
 55 -1 0 217
 5 -2 -3 2
 55 1 -3 43
 5 0 -4 135
 5 0 4 326
 55 0 -3 300
 55 -2 2 181
 5 -1 -2 47
 55 2 0 44
 55 -1 -3 93
 55 -2 0 358
 55 0 1 342
 5 -4 0 348
 55 1 0 122
 55 1 1 150
 55 -1 1 18
 55 0 0 188
 55 0 2 275
 55 -2 1 27
 55 4 1 163
 55 3 2 133
 55 -1 2 186
 5 -2 3 320
 5 3 -2 330
 55 3 1 119
 "contig-ratio-green-core" 0.8888888888888888
 "contig-ratio-red-core" 0.6666666666666666
