 "a-count" 7
 "b-count" 3
 "c-color-count" 26
 "c-express-count" 25
 "d-color-count" 23
 "d-express-count" 21
 "cell-count" 56
 15 1 1 96
 15 4 0 28
 105 0 2 44
 15 1 -3 18
 105 4 -1 60
 15 -2 2 221
 15 3 -2 228
 15 -3 2 310
 15 -2 -3 286
 15 0 3 199
 15 -4 0 339
 105 1 3 196
 15 -1 2 189
 15 1 4 169
 15 3 3 303
 15 3 -1 72
 15 1 -4 189
 105 0 -3 314
 15 0 1 303
 15 -2 1 46
 15 -1 -3 257
 105 -3 -2 271
 15 -1 1 270
 15 -4 -1 105
 15 2 -3 258
 15 2 3 186
 15 0 4 6
 15 4 1 30
 55 0 -2 58
 55 2 0 57
 55 1 -2 51
 5 -3 3 141
 55 -1 -2 75
 55 -2 -2 275
 55 3 1 83
 55 1 -1 38
 55 2 2 43
 55 0 0 85
 55 0 -1 290
 55 -1 0 134
 55 -3 1 354
 55 2 -1 49
 55 2 1 293
 55 2 -2 273
 55 1 0 139
 55 -1 4 65
 55 -1 3 127
 55 -3 -1 222
 55 -2 -1 24
 55 0 -4 311
 55 -3 0 176
 55 -2 0 170
 55 -1 -1 130
 55 3 0 26
 55 3 2 314
 5 -1 -4 258
 "contig-ratio-green-core" 1
 "contig-ratio-red-core" 0.9
 "a-count" 7
 "b-count" 8
 "c-color-count" 23
 "c-express-count" 20
 "d-color-count" 21
 "d-express-count" 21
 "cell-count" 56
 15 -1 -3 339
 15 0 -3 4
 15 2 -2 319
 15 2 2 287
 105 -1 4 253
 15 -2 4 185
 105 3 -1 143
 105 -3 1 311
 105 4 0 324
 15 0 -2 258
 15 0 4 168
 15 1 -2 346
 15 2 -1 271
 15 1 -1 112
 15 -3 -2 296
 15 -2 2 77
 15 3 0 99
 105 -3 2 66
 15 3 1 209
 15 -3 -1 219
 15 0 -4 79
 105 2 -3 346
 15 -2 3 278
 15 -1 -2 177
 15 2 3 109
 105 -1 -4 275
 15 -2 1 165
 15 -2 -2 205
 55 2 1 246
 55 0 3 161
 5 -4 0 61
 55 -4 1 292
 55 -1 3 190
 55 -1 0 304
 55 1 -4 19
 55 0 0 157
 5 -2 -3 86
 55 -2 -1 282
 5 4 -1 75
 55 2 0 337
 5 -4 -1 327
 55 -1 2 160
 55 -3 -3 75
 55 0 2 48
 55 1 3 122
 55 -1 -1 335
 55 3 -3 146
 55 0 1 342
 55 1 2 316
 5 3 2 302
 55 -1 1 352
 55 -2 0 44
 55 1 1 101
 55 1 4 171
 55 1 0 347
 55 0 -1 290
 "contig-ratio-green-core" 0.9375
 "contig-ratio-red-core" 0.7894736842105263
 "a-count" 8
 "b-count" 5
 "c-color-count" 23
 "c-express-count" 23
 "d-color-count" 21
 "d-express-count" 20
 "cell-count" 56
 15 0 -2 136
 15 0 -3 347
 15 -4 -1 179
 105 -1 4 8
 15 -2 3 228
 15 3 1 13
 15 -1 -4 295
 15 2 2 171
 15 -2 2 184
 105 -3 -3 311
 15 3 -1 22
 15 0 -4 303
 105 -3 -2 117
 105 2 -3 266
 15 -3 2 9
 15 -4 0 323
 15 1 -2 355
 15 2 0 347
 15 1 -3 113
 105 0 4 15
 105 4 -1 160
 15 4 1 208
 15 2 1 309
 105 -3 3 147
 15 1 4 278
 15 -2 -2 33
 15 3 -2 291
 15 3 0 201
 5 -2 -3 261
 5 -4 1 115
 55 -2 -1 255
 55 -1 -2 348
 55 -1 2 357
 55 -1 -3 251
 55 3 -3 94
 55 0 0 33
 55 0 3 310
 55 -1 3 159
 55 0 -1 152
 5 3 3 151
 55 -3 -1 275
 5 -2 4 112
 55 -1 0 240
 55 1 -1 175
 55 0 2 253
 5 3 2 4
 55 -1 -1 101
 55 2 3 317
 55 -3 0 358
 55 -1 1 355
 55 1 3 149
 55 1 1 300
 55 0 1 186
 55 -3 1 102
 55 -2 1 57
 55 -2 0 82
 "contig-ratio-green-core" 0.7857142857142857
 "contig-ratio-red-core" 0.7142857142857143
