 "a-count" 8
 "b-count" 4
 "c-color-count" 25
 "c-express-count" 24
 "d-color-count" 20
 "d-express-count" 20
 "cell-count" 56
 105 -4 1 302
 15 -1 -1 358
 15 -1 -2 302
 15 3 3 352
 15 -2 -1 341
 105 4 0 149
 15 -2 -3 280
 15 -4 -1 149
 15 -2 -2 211
 15 0 4 191
 15 0 2 129
 105 -3 2 203
 15 1 -4 5
 15 3 0 289
 105 3 -2 259
 105 1 4 99
 105 4 1 87
 15 1 2 175
 105 3 -1 227
 15 2 -3 234
 15 1 3 202
 15 -1 3 241
 15 2 2 227
 15 -2 0 67
 105 -3 0 18
 15 0 3 250
 15 -3 -1 319
 15 -1 2 164
 55 0 -2 296
 55 2 1 157
 55 0 -4 258
 5 -3 1 315
 55 3 1 89
 55 -1 4 263
 55 1 1 81
 55 2 0 22
 55 3 2 90
 55 1 -1 231
 55 2 -2 5
 55 -3 -3 73
 55 -2 2 11
 55 -2 3 4
 55 -1 0 223
 55 -2 -4 253
 5 3 -3 50
 55 2 -1 69
 55 0 -1 283
 55 -2 1 229
 55 0 1 203
 55 -1 -4 309
 55 1 -3 179
 55 1 -2 220
 55 4 -1 276
 55 -1 1 36
 55 0 0 184
 5 -3 3 279
 "contig-ratio-green-core" 0.7058823529411765
 "contig-ratio-red-core" 1.0666666666666667
 "a-count" 11
 "b-count" 5
 "c-color-count" 24
 "c-express-count" 23
 "d-color-count" 19
 "d-express-count" 17
 "cell-count" 56
 15 -2 -2 141
 15 1 4 275
 15 0 4 88
 105 -4 1 327
 15 4 1 265
 15 2 1 160
 15 -1 3 80
 15 1 -2 178
 15 2 3 29
 15 3 -3 43
 105 2 -1 279
 105 -2 3 74
 15 -3 2 230
 15 -2 2 309
 15 1 -1 182
 105 -2 -3 342
 15 -3 1 147
 15 2 2 108
 15 3 -1 166
 15 4 -1 0
 105 -3 -2 155
 15 3 1 205
 105 -1 4 3
 105 1 -4 276
 105 3 0 297
 15 2 0 18
 15 -1 2 1
 105 -1 -3 34
 55 -1 -4 152
 55 -1 -1 148
 55 1 1 61
 55 0 1 37
 55 -2 -1 249
 55 0 -1 80
 55 -3 0 84
 55 0 -2 325
 5 -4 -1 80
 55 0 3 350
 55 -1 -2 285
 55 3 -2 48
 55 2 4 267
 55 2 -2 156
 55 -1 1 23
 55 0 0 320
 55 0 2 17
 55 -1 0 247
 55 -2 1 203
 55 -4 0 11
 55 -2 0 156
 5 -3 -3 336
 55 1 3 42
 55 1 -3 270
 55 1 2 162
 55 1 0 242
 5 -3 -1 177
 5 3 3 134
 "contig-ratio-green-core" 0.9375
 "contig-ratio-red-core" 1
 "a-count" 7
 "b-count" 7
 "c-color-count" 22
 "c-express-count" 21
 "d-color-count" 22
 "d-express-count" 21
 "cell-count" 56
 15 -2 0 162
 15 -1 2 109
 105 2 -3 172
 15 -2 1 317
 15 2 2 192
 15 -2 2 249
 105 2 3 328
 15 1 -3 304
 15 1 2 147
 15 -2 -3 194
 15 -2 -1 333
 15 1 -1 7
 105 -3 -3 290
 105 -3 -1 63
 15 -3 1 221
 15 1 -4 270
 15 0 2 17
 15 -3 2 44
 15 0 -4 302
 105 -3 -2 345
 105 -3 0 183
 15 3 -1 184
 15 2 1 77
 15 2 0 196
 15 0 3 8
 15 3 2 166
 15 -1 -4 3
 15 1 -2 220
 5 3 -2 47
 55 0 4 234
 55 -4 1 253
 55 2 -2 268
 55 0 1 93
 55 -3 3 173
 5 4 1 97
 5 4 -1 118
 55 4 0 292
 5 -1 -2 113
 55 -1 -1 198
 55 -1 -3 182
 55 -2 -4 109
 55 -2 3 290
 55 -4 -1 12
 55 1 1 286
 55 1 0 328
 55 -1 0 4
 55 0 -3 309
 5 3 -3 162
 55 0 -1 203
 5 2 -1 13
 55 -2 4 94
 55 0 -2 25
 55 1 4 176
 55 -1 1 228
 55 -1 3 231
 55 0 0 267
 "contig-ratio-green-core" 1
 "contig-ratio-red-core" 0.9333333333333333
