 "a-count" 7
 "b-count" 8
 "c-color-count" 20
 "c-express-count" 20
 "d-color-count" 22
 "d-express-count" 21
 "cell-count" 56
 15 -1 2 144
 15 4 -2 206
 15 2 -2 136
 105 -2 2 48
 15 -1 3 221
 105 -2 3 238
 15 3 -2 133
 15 3 2 97
 15 -1 1 273
 15 4 0 83
 15 -3 0 274
 105 0 4 75
 15 -3 1 153
 15 -3 -1 147
 15 2 2 267
 15 0 -4 157
 105 3 1 111
 15 2 1 267
 15 -2 1 228
 15 0 3 15
 15 3 -1 54
 15 1 -3 296
 105 2 3 101
 15 -3 -2 290
 15 3 0 161
 15 -2 -2 262
 105 -1 4 110
 15 4 -1 74
 5 -1 -3 4
 55 -1 0 154
 55 1 -1 130
 55 1 3 278
 5 -3 -3 226
 5 3 -3 330
 55 -1 -2 255
 55 0 -2 72
 55 1 1 8
 55 1 2 349
 5 -4 1 335
 55 1 0 63
 55 0 -1 243
 5 2 -3 100
 55 -2 0 78
 55 1 -2 152
 55 -1 -1 283
 5 1 -4 346
 55 2 -1 138
 55 0 1 218
 55 0 0 239
 5 -1 -4 126
 55 0 2 226
 55 0 -3 143
 55 2 0 301
 55 -2 -1 354
 5 -2 -3 190
 55 1 4 315
 "contig-ratio-green-core" 1.0769230769230769
 "contig-ratio-red-core" 0.7058823529411765
 "a-count" 4
 "b-count" 4
 "c-color-count" 24
 "c-express-count" 24
 "d-color-count" 25
 "d-express-count" 24
 "cell-count" 56
 105 -3 -3 16
 15 -3 2 304
 15 4 -1 46
 105 3 -2 259
 15 2 -2 1
 15 -4 1 174
 15 2 2 154
 15 -1 -4 169
 15 1 -3 204
 15 3 0 145
 15 -1 4 112
 15 0 -4 140
 15 2 3 305
 15 -2 -2 190
 15 -2 2 165
 105 4 0 261
 15 -3 1 262
 15 -2 1 0
 15 -1 0 196
 15 -2 0 159
 15 -2 3 317
 15 0 4 203
 15 -4 -1 7
 15 -4 0 119
 15 2 1 162
 15 -2 -1 84
 15 1 -2 292
 15 -3 0 162
 55 -3 3 222
 5 3 1 60
 55 -2 -4 300
 55 0 -1 328
 55 1 3 298
 55 -1 -2 89
 55 0 -2 245
 5 3 2 132
 55 -1 3 268
 55 1 2 359
 55 -1 1 162
 55 2 0 49
 55 3 -1 253
 55 0 0 319
 55 0 -3 337
 55 -1 -3 209
 55 -2 -3 294
 5 3 3 167
 55 -4 -2 123
 55 1 0 86
 55 2 -1 359
 55 -1 2 113
 55 0 2 93
 55 -2 4 68
 55 0 3 98
 5 3 -3 53
 55 1 1 41
 55 1 -1 326
 "contig-ratio-green-core" 0.8947368421052632
 "contig-ratio-red-core" 0.95
 "a-count" 12
 "b-count" 3
 "c-color-count" 25
 "c-express-count" 25
 "d-color-count" 18
 "d-express-count" 16
 "cell-count" 56
 15 -3 0 216
 105 4 0 50
 105 -3 -3 300
 15 1 3 96
 105 1 -4 127
 15 -2 0 37
 15 -1 4 214
 105 -3 -2 250
 105 -3 -1 46
 105 -2 2 190
 105 4 -1 61
 15 4 1 3
 15 -1 -2 43
 105 -4 1 53
 105 -2 -3 231
 15 2 -3 211
 15 -3 1 154
 15 3 -2 202
 105 -2 -2 6
 15 0 2 76
 15 0 3 208
 15 0 -4 83
 15 2 -3 338
 15 0 -3 283
 15 3 -1 120
 15 1 -3 121
 15 3 -2 83
 15 -1 -3 322
 55 1 -2 97
 55 0 -1 174
 55 1 2 168
 55 0 1 223
 55 2 1 263
 55 2 0 120
 55 2 -1 75
 5 -3 3 164
 55 2 -2 293
 5 3 -3 299
 55 0 -2 11
 55 -1 -1 255
 55 -1 1 181
 55 3 1 294
 5 -2 3 173
 55 0 0 37
 55 3 0 230
 55 0 -2 94
 55 -1 -4 265
 55 -4 0 157
 55 3 2 232
 55 2 2 203
 55 2 -2 62
 55 -1 0 251
 55 2 3 186
 55 1 -1 164
 55 1 0 110
 55 -2 1 336
 "contig-ratio-green-core" 0.7222222222222222
 "contig-ratio-red-core" 0.9411764705882353
 "a-count" 8
 "b-count" 2
 "c-color-count" 26
 "c-express-count" 26
 "d-color-count" 20
 "d-express-count" 20
 "cell-count" 56
 15 -1 -4 335
 15 2 2 17
 15 1 3 106
 15 -3 -2 272
 15 0 2 147
 15 1 -4 199
 105 -3 -3 263
 105 -2 3 337
 15 2 4 321
 15 -2 1 161
 15 -3 1 133
 15 4 0 92
 105 3 -1 79
 15 -1 2 102
 15 1 4 358
 15 2 -2 35
 105 2 3 123
 15 -4 -1 271
 15 -1 1 197
 15 -2 -2 258
 105 -1 3 274
 15 1 2 173
 105 4 -1 193
 15 0 4 122
 15 4 1 288
 105 3 3 340
 105 -1 4 158
 15 -1 -3 167
 55 3 2 48
 55 1 0 291
 55 2 1 268
 55 0 -3 244
 55 1 -1 57
 55 0 -1 347
 55 0 0 338
 55 -3 -1 194
 55 1 1 72
 55 2 -1 315
 55 -4 1 264
 5 3 -3 176
 55 -1 -2 167
 5 3 -2 201
 55 1 -3 323
 55 -2 -1 116
 55 -2 0 173
 55 3 1 357
 55 2 0 266
 55 -4 2 63
 55 -1 0 277
 55 3 0 331
 55 0 1 206
 55 -3 0 291
 55 0 -2 272
 55 -1 -1 196
 55 1 -2 20
 55 -4 0 216
 "contig-ratio-green-core" 0.7777777777777778
 "contig-ratio-red-core" 0.9230769230769231
