 "a-count" 6
 "b-count" 4
 "c-color-count" 24
 "c-express-count" 24
 "d-color-count" 24
 "d-express-count" 22
 "cell-count" 56
 15 0 3 234
 105 3 -1 292
 15 -1 3 224
 15 -3 0 91
 105 -3 -2 348
 15 4 1 12
 15 2 -2 204
 15 0 -3 112
 15 1 -2 217
 105 1 3 17
 15 -2 2 81
 15 4 0 88
 15 1 4 328
 15 -2 0 341
 15 -2 1 43
 15 -1 4 98
 15 2 -3 323
 15 -1 -4 209
 15 1 -3 334
 15 -2 3 30
 15 0 -2 206
 15 3 -2 272
 15 -3 3 235
 15 0 4 69
 15 -3 1 5
 15 -1 -3 89
 105 4 -1 214
 15 -2 1 220
 55 0 1 17
 55 -2 1 229
 55 0 2 56
 55 0 0 69
 55 2 -1 62
 55 1 1 202
 55 -2 -1 79
 5 0 -4 166
 55 0 -1 222
 5 -4 0 212
 55 3 0 154
 55 -2 -2 336
 55 -1 2 110
 55 -1 0 85
 55 1 -4 59
 5 2 1 95
 55 -2 0 223
 55 1 0 30
 55 2 0 249
 55 -1 -1 358
 55 3 2 95
 55 -1 1 280
 55 1 2 303
 55 3 1 317
 5 2 3 158
 55 -1 -2 84
 55 1 -1 236
 55 2 2 153
 "contig-ratio-green-core" 0.9375
 "contig-ratio-red-core" 0.5909090909090909
 "a-count" 10
 "b-count" 3
 "c-color-count" 25
 "c-express-count" 25
 "d-color-count" 20
 "d-express-count" 18
 "cell-count" 56
 105 -3 -3 12
 15 2 3 43
 15 3 -1 269
 105 3 3 238
 15 2 2 216
 15 4 0 15
 15 2 -2 164
 15 3 -3 235
 105 -3 0 214
 15 -2 -1 305
 105 -4 1 330
 15 2 -3 318
 15 3 -2 135
 105 -2 -3 236
 15 4 -2 254
 15 -3 -1 61
 15 1 3 51
 15 4 -1 320
 15 1 -2 130
 15 -2 3 296
 15 1 4 121
 15 1 -3 204
 15 -4 -1 276
 15 -2 -2 319
 105 -1 -2 73
 105 0 -3 290
 105 -4 0 222
 15 -2 0 15
 5 0 2 236
 55 3 1 109
 55 -1 0 145
 55 -1 1 68
 55 -1 -1 348
 55 1 -1 311
 55 0 0 10
 55 1 2 278
 55 -1 -4 285
 5 -3 3 278
 55 1 -4 43
 55 -2 2 94
 55 0 -1 292
 55 -1 3 259
 55 2 1 105
 55 4 1 302
 55 -3 1 289
 55 0 3 251
 55 -1 4 94
 55 2 0 337
 55 2 -1 85
 55 -2 1 194
 55 -1 2 51
 5 3 2 331
 55 1 0 140
 55 -3 2 47
 55 1 1 119
 55 0 -4 187
 "contig-ratio-green-core" 0.45454545454545453
 "contig-ratio-red-core" 0.5555555555555556
 "a-count" 8
 "b-count" 5
 "c-color-count" 23
 "c-express-count" 23
 "d-color-count" 22
 "d-express-count" 20
 "cell-count" 56
 105 -2 3 162
 15 -2 1 251
 15 4 1 272
 15 -3 -1 102
 15 2 -2 187
 15 3 2 6
 15 1 -2 275
 15 -3 0 184
 15 2 -1 185
 105 3 -2 342
 15 -2 -3 53
 15 3 -1 244
 105 -1 4 98
 15 -4 -1 274
 15 -3 1 318
 15 2 0 144
 105 4 0 118
 15 -1 2 5
 15 -2 -2 328
 15 -4 0 234
 15 3 1 229
 105 -1 3 222
 15 3 0 168
 15 -3 2 135
 15 -3 -2 42
 15 -1 -4 93
 15 -2 2 206
 105 -3 -3 306
 55 1 0 81
 55 -2 0 317
 5 2 -3 358
 55 0 -1 92
 55 0 -4 210
 55 -1 1 116
 55 0 -3 113
 55 1 3 334
 55 -1 -1 25
 55 0 3 210
 5 3 -3 7
 55 -4 1 208
 55 0 1 68
 55 1 2 187
 5 0 4 215
 55 -1 0 346
 55 -2 -1 84
 55 2 2 108
 55 -1 -3 130
 55 1 -1 171
 55 0 0 56
 55 2 1 166
 55 1 1 46
 5 -3 3 45
 5 1 -3 173
 55 4 -1 63
 55 0 -2 323
 55 0 2 330
 "contig-ratio-green-core" 0.9230769230769231
 "contig-ratio-red-core" 0.631578947368421
