 "a-count" 8
 "b-count" 4
 "c-color-count" 24
 "c-express-count" 24
 "d-color-count" 22
 "d-express-count" 20
 "cell-count" 56
 15 2 4 206
 15 -1 -2 141
 15 -1 -4 306
 15 3 -2 24
 15 2 -1 129
 15 2 0 48
 105 2 -3 306
 15 -4 2 270
 15 4 0 177
 15 -1 -3 233
 105 -2 0 207
 15 -4 1 98
 15 3 -1 185
 15 -2 1 300
 15 1 -1 202
 15 -2 -3 27
 15 -2 -2 160
 105 -1 0 62
 15 -3 2 347
 15 3 0 267
 15 1 -2 310
 15 -3 4 133
 15 -3 1 39
 105 -4 -1 315
 15 -3 3 202
 105 0 -2 131
 15 4 1 218
 105 -1 1 38
 55 0 2 2
 55 2 2 27
 55 0 3 328
 55 -1 3 166
 5 2 3 130
 55 -3 -3 168
 55 -2 3 79
 55 3 1 46
 5 0 4 190
 55 0 1 119
 55 4 -1 207
 55 1 3 46
 55 -1 4 306
 55 1 2 204
 55 -2 2 184
 55 -3 -2 359
 55 2 -2 11
 55 0 4 67
 55 2 1 354
 55 -1 4 48
 55 3 2 87
 5 1 4 134
 55 3 3 267
 55 -2 3 336
 55 -1 2 129
 55 0 2 63
 5 -3 0 310
 55 1 1 325
 "contig-ratio-green-core" 0.5333333333333333
 "contig-ratio-red-core" 0.35
 "a-count" 7
 "b-count" 3
 "c-color-count" 25
 "c-express-count" 25
 "d-color-count" 21
 "d-express-count" 21
 "cell-count" 56
 105 3 -2 250
 15 -1 3 86
 15 0 -4 32
 15 0 3 333
 105 3 -1 272
 15 0 4 48
 105 4 -1 37
 15 1 4 95
 15 -2 1 48
 15 -3 0 3
 15 -2 0 222
 105 -2 2 198
 15 -1 1 263
 15 2 3 293
 105 -3 -3 66
 15 -2 -1 177
 105 -4 -1 216
 15 0 2 152
 15 -4 0 93
 15 1 3 237
 15 -1 -4 277
 15 4 0 251
 15 1 2 334
 15 1 -4 59
 105 -3 -1 284
 15 3 0 185
 15 -3 2 358
 15 -3 1 185
 55 1 1 84
 5 2 1 106
 5 2 2 112
 55 1 -2 171
 55 1 0 164
 55 -1 -3 231
 55 3 2 351
 55 1 -1 55
 55 0 -2 143
 55 -1 0 264
 55 -1 -1 319
 55 4 1 179
 55 1 -3 95
 55 0 0 356
 55 -2 3 31
 55 0 -3 83
 55 0 -1 127
 55 0 1 11
 55 -2 4 204
 55 3 1 350
 55 2 -2 311
 5 3 -3 108
 55 -2 -2 222
 55 -1 4 308
 55 2 0 131
 55 -3 3 321
 55 -1 -2 252
 55 -2 -3 0
 "contig-ratio-green-core" 0.6842105263157895
 "contig-ratio-red-core" 0.8125
 "a-count" 6
 "b-count" 5
 "c-color-count" 23
 "c-express-count" 23
 "d-color-count" 24
 "d-express-count" 22
 "cell-count" 56
 105 -1 -3 116
 105 -3 1 142
 15 -1 2 290
 15 0 -2 33
 15 3 2 231
 15 -1 4 41
 105 -3 3 291
 15 1 -4 17
 15 -2 1 295
 15 -4 1 109
 15 1 -3 91
 15 -2 3 337
 15 0 2 152
 15 -3 2 53
 15 1 3 196
 15 0 -4 112
 15 -1 3 192
 15 2 3 247
 15 -1 -2 321
 15 -1 0 146
 15 1 -2 176
 15 -2 0 268
 15 0 3 207
 15 2 2 156
 15 2 -2 55
 15 1 2 46
 105 4 1 70
 15 0 -3 190
 55 1 0 213
 55 0 0 128
 55 3 0 323
 5 2 1 144
 55 1 4 86
 55 -3 0 210
 55 1 -1 78
 5 -1 -4 287
 55 1 -1 241
 55 3 3 271
 55 3 -2 304
 55 2 -1 177
 55 -3 -2 28
 5 -4 0 259
 55 -1 1 84
 55 0 1 50
 55 -2 -1 251
 55 2 0 12
 55 0 -1 291
 55 -2 -2 332
 55 -2 -3 325
 5 2 -3 250
 55 -3 -1 93
 55 1 1 16
 55 3 -1 144
 55 -2 2 222
 55 3 1 147
 5 4 0 122
 "contig-ratio-green-core" 0.6470588235294118
 "contig-ratio-red-core" 0.8
 "a-count" 9
 "b-count" 3
 "c-color-count" 25
 "c-express-count" 25
 "d-color-count" 20
 "d-express-count" 19
 "cell-count" 56
 15 -1 1 358
 105 4 -1 235
 15 0 3 226
 15 -4 2 236
 15 -1 2 205
 105 1 3 356
 15 2 2 245
 105 -1 -4 321
 15 4 0 113
 105 3 -1 216
 105 1 -4 122
 15 2 3 191
 105 -3 -3 299
 15 1 2 213
 15 -4 -1 31
 15 -4 0 16
 15 1 -3 301
 15 3 2 91
 15 0 2 135
 15 -2 1 265
 15 4 1 320
 15 -3 1 330
 15 -2 2 132
 105 -2 -3 126
 15 2 -2 44
 15 -3 2 17
 15 3 -2 73
 105 0 -4 203
 5 1 4 209
 55 -1 4 226
 55 0 -3 42
 55 1 -1 14
 55 -1 0 51
 55 2 1 107
 55 -1 -3 83
 5 -2 -2 239
 55 3 1 198
 55 0 0 128
 55 0 4 9
 55 2 -1 260
 55 -2 -1 329
 55 2 0 193
 55 0 1 19
 55 1 0 303
 55 -2 4 135
 55 -1 -2 142
 55 -2 0 325
 55 -3 0 351
 55 -1 -1 144
 55 0 -2 6
 55 -3 -1 48
 5 3 -3 3
 55 -2 3 38
 55 0 -1 76
 55 3 0 56
 55 1 1 304
 "contig-ratio-green-core" 0.875
 "contig-ratio-red-core" 0.631578947368421
