 "a-count" 4
 "b-count" 5
 "c-color-count" 24
 "c-express-count" 23
 "d-color-count" 24
 "d-express-count" 24
 "cell-count" 56
 15 4 2 43
 15 -4 0 302
 15 -3 -1 210
 105 -3 -2 145
 15 -3 1 147
 15 -1 -2 137
 105 3 -2 217
 15 -1 -3 231
 15 -1 -4 307
 15 -2 -1 5
 15 -2 2 240
 15 -2 3 138
 15 0 -3 118
 15 -2 0 218
 15 3 2 190
 15 0 -2 103
 15 4 1 275
 15 -1 0 175
 15 -1 -1 51
 15 -4 1 246
 15 4 0 123
 15 0 -4 85
 105 4 -1 199
 15 -2 1 121
 15 -3 0 236
 105 -4 -1 343
 15 -3 2 186
 15 3 -3 3
 55 -1 1 284
 55 2 -3 327
 55 1 2 59
 55 0 2 216
 55 -1 2 58
 55 3 1 326
 55 0 0 73
 5 2 3 224
 55 3 0 75
 55 1 -2 119
 55 2 -1 323
 55 1 -1 291
 5 1 -4 31
 55 -3 -3 188
 5 -2 -2 97
 55 1 0 212
 55 0 1 230
 55 0 3 260
 55 -3 3 174
 55 1 1 168
 55 1 -3 222
 55 -2 -3 158
 55 2 1 297
 55 1 3 357
 5 3 3 38
 55 0 4 357
 55 2 0 218
 55 0 -1 352
 "contig-ratio-green-core" 0.6875
 "contig-ratio-red-core" 0.5555555555555556
 "a-count" 7
 "b-count" 5
 "c-color-count" 25
 "c-express-count" 23
 "d-color-count" 21
 "d-express-count" 21
 "cell-count" 56
 15 -2 -1 79
 15 3 -1 117
 15 1 -2 44
 15 -1 2 337
 15 -1 4 175
 105 4 0 72
 105 2 -3 63
 15 -2 2 47
 15 2 1 82
 15 2 0 350
 105 4 -1 243
 15 -2 0 8
 105 4 1 117
 15 3 0 71
 15 -3 1 6
 15 2 3 67
 15 -1 0 201
 105 -4 -1 285
 15 -1 1 169
 15 2 -1 290
 15 1 -4 157
 105 3 3 142
 15 -1 -1 191
 15 1 4 301
 15 -2 3 141
 105 -2 1 211
 15 1 -3 183
 15 2 -2 260
 55 -1 -2 264
 55 0 0 192
 55 -2 -3 277
 55 3 2 168
 55 0 -3 352
 55 0 1 110
 55 -1 -4 302
 5 3 -2 98
 55 0 -2 39
 55 -3 -1 289
 55 1 2 170
 55 0 2 88
 55 0 3 184
 55 0 -1 239
 55 -4 0 347
 55 1 1 336
 55 -1 3 187
 5 -3 3 134
 55 2 2 338
 55 0 4 108
 55 -3 2 114
 55 -4 1 337
 55 -1 -3 234
 55 1 -1 189
 55 1 0 174
 5 0 -4 224
 55 -3 -2 91
 55 -3 0 340
 "contig-ratio-green-core" 0.6818181818181818
 "contig-ratio-red-core" 0.8421052631578947
 "a-count" 3
 "b-count" 4
 "c-color-count" 24
 "c-express-count" 24
 "d-color-count" 25
 "d-express-count" 25
 "cell-count" 56
 15 4 -3 348
 15 -4 1 298
 15 -1 -4 279
 15 0 -3 267
 15 -2 2 15
 15 -3 3 241
 15 0 4 46
 15 -2 -2 228
 15 -3 1 1
 15 3 -3 117
 15 -3 -1 25
 15 -3 0 249
 15 -3 -3 327
 15 0 3 354
 15 -1 -3 77
 15 -2 -1 350
 15 4 -2 142
 15 1 -4 147
 15 -2 0 178
 15 -2 1 174
 105 -2 3 79
 105 -3 2 357
 15 1 4 4
 15 -2 -3 264
 105 0 -4 281
 15 -3 -2 206
 15 1 3 246
 15 2 -3 27
 55 2 4 30
 55 2 0 188
 55 0 2 19
 55 1 -2 326
 5 4 -1 156
 55 -1 0 111
 55 2 1 349
 55 0 1 269
 55 2 -1 289
 55 0 0 193
 55 1 2 258
 55 -1 -2 273
 55 -1 -1 176
 55 -2 -4 162
 55 3 0 337
 55 -1 2 42
 55 2 2 357
 55 3 3 225
 55 1 -1 248
 55 1 0 132
 55 3 -1 165
 5 -1 1 273
 55 -4 0 299
 5 3 -2 104
 5 -1 3 175
 55 0 -2 0
 55 2 3 215
 55 0 -1 104
 "contig-ratio-green-core" 0.6
 "contig-ratio-red-core" 0.4782608695652174
 "a-count" 11
 "b-count" 4
 "c-color-count" 24
 "c-express-count" 24
 "d-color-count" 21
 "d-express-count" 17
 "cell-count" 56
 15 2 3 2
 15 -1 3 121
 105 4 1 296
 105 -3 3 295
 15 -2 -3 67
 15 -1 2 87
 15 1 -4 186
 105 -1 4 212
 15 -2 2 58
 105 -3 2 269
 15 1 3 147
 15 3 2 311
 15 -3 -2 102
 15 -4 -2 323
 15 0 -4 47
 15 -1 -3 21
 15 -2 -2 211
 105 3 -2 261
 15 -4 -1 135
 15 0 2 137
 15 1 2 251
 15 2 2 302
 15 -3 -3 63
 105 -2 3 290
 15 3 1 2
 105 3 3 280
 15 4 -1 21
 15 0 3 198
 55 -2 1 194
 5 2 -2 271
 55 -3 -1 37
 55 -3 1 119
 55 0 -1 87
 5 2 -3 227
 5 4 0 310
 55 1 -2 186
 55 -1 1 343
 55 -4 0 251
 5 1 0 65
 55 -4 1 79
 55 -2 0 246
 55 -3 0 284
 55 1 1 2
 55 1 -3 36
 55 -2 -1 181
 55 -1 0 350
 55 2 0 143
 55 2 -1 107
 55 0 4 46
 55 -1 -1 211
 55 0 1 261
 55 0 -3 178
 55 3 0 262
 55 0 0 4
 55 2 1 75
 55 0 -2 26
 "contig-ratio-green-core" 0.75
 "contig-ratio-red-core" 0.631578947368421
