 "a-count" 7
 "b-count" 5
 "c-color-count" 23
 "c-express-count" 23
 "d-color-count" 23
 "d-express-count" 21
 "cell-count" 56
 15 3 -3 317
 15 -3 0 233
 15 -4 0 333
 15 -4 -1 313
 15 3 -1 125
 15 0 4 354
 15 4 -1 320
 15 1 -4 110
 15 4 0 141
 105 2 1 52
 105 -4 1 306
 15 -4 -2 324
 15 -2 2 49
 15 3 0 216
 15 -4 2 105
 105 -2 1 317
 15 3 1 98
 15 4 1 130
 105 2 -2 235
 15 1 3 222
 15 1 4 337
 15 -1 3 201
 15 -3 2 228
 15 -1 4 206
 15 0 3 160
 15 2 0 69
 105 2 -1 169
 15 -3 -3 276
 55 0 -2 60
 55 1 -1 170
 55 1 2 174
 55 1 0 217
 55 0 2 148
 55 -2 -3 145
 55 0 -3 279
 55 -1 -1 132
 55 -2 0 200
 55 -1 1 202
 55 -2 -4 191
 5 3 -2 288
 55 3 3 83
 5 3 2 43
 55 0 1 15
 55 -1 -3 266
 55 0 -4 127
 5 -3 3 287
 55 -3 -2 71
 55 -1 0 353
 55 -2 -1 184
 55 1 -2 247
 5 -1 2 85
 55 1 1 110
 5 2 3 218
 55 -2 -2 356
 55 1 -3 70
 55 0 -1 96
 "contig-ratio-green-core" 0.3
 "contig-ratio-red-core" 0.29411764705882354
 "a-count" 9
 "b-count" 4
 "c-color-count" 24
 "c-express-count" 24
 "d-color-count" 19
 "d-express-count" 19
 "cell-count" 56
 15 1 -1 110
 15 4 1 143
 15 0 -3 320
 15 1 -2 210
 15 -1 -3 90
 15 -3 0 72
 15 4 2 77
 105 3 -3 182
 105 -4 1 153
 15 -2 2 200
 15 1 4 315
 15 2 2 245
 15 -1 3 89
 15 0 3 88
 105 2 -2 227
 105 1 -4 83
 15 0 -4 31
 15 3 3 80
 15 3 2 185
 105 -1 4 150
 105 -3 3 175
 105 1 -3 275
 15 0 4 273
 105 3 -2 120
 15 -1 2 217
 15 2 -1 252
 105 -3 -2 146
 15 -3 1 181
 5 1 3 146
 55 0 1 99
 55 -1 -4 168
 55 -2 0 165
 55 0 0 145
 55 -3 -1 235
 55 -1 1 237
 55 3 1 87
 55 2 1 65
 55 3 -1 352
 5 4 -1 231
 55 0 -1 264
 55 -1 -1 273
 55 0 2 306
 55 2 0 284
 55 1 1 52
 55 4 0 21
 55 0 -2 201
 55 1 0 270
 55 -2 -1 326
 55 -1 0 358
 55 2 -3 13
 55 -4 -1 219
 55 -1 -2 132
 5 -3 -3 254
 55 1 2 309
 5 -2 -2 275
 55 3 0 16
 "contig-ratio-green-core" 0.7857142857142857
 "contig-ratio-red-core" 0.7894736842105263
 "a-count" 8
 "b-count" 4
 "c-color-count" 25
 "c-express-count" 24
 "d-color-count" 21
 "d-express-count" 20
 "cell-count" 56
 105 2 -1 208
 15 4 -1 196
 15 1 4 252
 15 -4 1 116
 15 1 -3 141
 15 3 -1 337
 15 3 0 136
 15 -4 0 65
 15 -3 1 38
 15 -3 2 121
 105 3 2 66
 105 -3 -3 14
 15 -4 -1 111
 15 3 -3 139
 15 2 -3 70
 15 -2 -2 66
 105 -1 -3 359
 105 -2 2 18
 15 0 4 263
 15 -2 3 258
 15 3 1 151
 105 -3 -2 264
 15 -3 3 230
 15 -3 0 77
 105 -1 -4 156
 15 -2 1 56
 15 3 -2 102
 15 -3 -1 300
 55 -2 -1 37
 55 2 0 239
 55 2 1 191
 5 2 3 288
 55 -2 -3 138
 55 0 1 118
 55 0 -3 255
 55 0 -4 240
 55 0 2 195
 55 -1 -2 161
 55 -2 0 200
 55 0 3 206
 55 -1 0 164
 55 0 -1 281
 55 1 2 198
 55 1 -1 125
 55 -1 2 84
 5 4 1 336
 55 1 0 46
 55 2 2 87
 5 1 -4 272
 55 -1 3 80
 55 -1 1 42
 55 0 -2 36
 55 0 0 195
 55 1 -2 306
 55 1 1 90
 55 -1 -1 301
 "contig-ratio-green-core" 0.6428571428571429
 "contig-ratio-red-core" 0.6
