 "a-count" 7
 "b-count" 0
 "c-color-count" 28
 "c-express-count" 28
 "d-color-count" 21
 "d-express-count" 21
 "cell-count" 56
 15 -2 0 15
 15 -1 -1 212
 15 3 1 90
 15 1 4 304
 15 0 4 111
 105 3 0 32
 15 2 -2 90
 15 0 -3 133
 15 -2 -1 349
 105 4 -1 277
 105 3 -2 48
 15 -3 1 76
 15 -1 -3 316
 105 2 -1 19
 15 2 -3 119
 15 -1 -2 123
 105 1 -4 352
 15 3 3 258
 15 -3 0 195
 15 0 -2 258
 15 1 -2 68
 15 0 -1 96
 15 3 2 310
 105 1 -3 149
 15 1 -1 232
 105 0 -4 153
 15 -3 3 213
 15 -2 1 300
 55 2 2 346
 55 -2 3 348
 55 -2 2 11
 55 0 0 6
 55 1 0 18
 55 1 1 175
 55 -4 1 248
 55 -1 0 113
 55 -4 -1 278
 55 2 3 337
 55 -1 -5 163
 55 1 3 331
 55 -1 2 172
 55 -3 -2 291
 55 2 0 90
 55 -4 2 0
 55 -1 3 121
 55 0 1 254
 55 -3 -1 321
 55 -3 2 177
 55 -1 -4 333
 55 2 1 268
 55 3 -1 69
 55 -1 1 64
 55 0 2 244
 55 1 2 255
 55 -2 -2 292
 55 -4 0 94
 "contig-ratio-green-core" 0.7
 "contig-ratio-red-core" 0.9285714285714286
 "a-count" 9
 "b-count" 0
 "c-color-count" 28
 "c-express-count" 28
 "d-color-count" 19
 "d-express-count" 19
 "cell-count" 56
 105 -4 0 122
 105 -3 2 219
 15 -2 0 108
 105 4 -1 287
 15 0 1 275
 105 -2 2 35
 15 -1 1 261
 15 2 -3 0
 15 -3 -2 332
 15 0 2 236
 15 2 3 99
 15 1 2 190
 15 -2 -1 220
 15 0 3 76
 105 -3 3 340
 15 4 1 165
 15 3 3 26
 15 4 0 238
 15 1 1 181
 15 1 3 30
 15 3 -2 190
 105 -4 -1 291
 105 -1 3 184
 15 0 4 211
 105 -1 2 242
 15 -3 0 57
 15 -3 -1 10
 105 -4 1 233
 55 3 0 3
 55 -2 1 243
 55 3 -1 202
 55 3 1 95
 55 1 -3 247
 55 0 -1 159
 55 2 -2 69
 55 3 2 205
 55 3 -3 166
 55 -1 0 0
 55 1 -4 244
 55 2 2 325
 55 1 -2 153
 55 2 -1 12
 55 2 1 72
 55 0 -3 53
 55 1 0 82
 55 -1 -3 48
 55 -1 -5 324
 55 -1 -4 0
 55 0 -4 294
 55 1 4 200
 55 -1 -1 87
 55 2 0 316
 55 -3 1 93
 55 1 -1 246
 55 0 0 180
 55 2 -2 157
 "contig-ratio-green-core" 0.5652173913043478
 "contig-ratio-red-core" 0.9166666666666666
 "a-count" 6
 "b-count" 1
 "c-color-count" 27
 "c-express-count" 27
 "d-color-count" 22
 "d-express-count" 22
 "cell-count" 56
 15 0 -2 293
 15 -1 3 37
 15 1 -4 227
 15 -1 2 293
 15 4 -1 257
 15 3 -3 127
 105 -3 -3 117
 15 -2 3 155
 105 1 4 79
 15 -3 -1 288
 105 -3 -2 140
 15 -1 -2 22
 105 1 2 184
 105 0 4 327
 15 1 -5 152
 15 -1 -1 31
 15 -2 -1 61
 15 0 3 257
 15 1 3 10
 105 -2 -2 266
 15 -4 0 322
 15 0 2 123
 15 2 3 126
 15 3 -2 120
 15 4 0 128
 15 2 -4 308
 15 -4 -1 76
 15 -2 2 56
 55 3 0 174
 55 0 0 7
 55 2 2 296
 55 -3 1 332
 55 -2 -3 145
 55 -1 -3 221
 55 1 1 311
 55 -1 1 266
 55 2 -1 282
 55 -1 0 53
 55 0 1 40
 55 -2 1 99
 55 -5 1 5
 55 1 -2 288
 55 1 -1 83
 55 2 -2 5
 55 -4 1 152
 55 1 0 195
 55 2 1 346
 55 2 0 274
 55 3 -1 96
 55 -1 -4 11
 55 -1 4 354
 55 3 1 252
 55 -2 0 157
 55 -3 2 165
 5 3 2 83
 55 0 -1 294
 "contig-ratio-green-core" 0.5789473684210527
 "contig-ratio-red-core" 0.75
 "a-count" 8
 "b-count" 0
 "c-color-count" 28
 "c-express-count" 28
 "d-color-count" 21
 "d-express-count" 20
 "cell-count" 56
 105 -1 4 64
 15 -3 -3 16
 15 0 1 62
 15 -3 3 91
 15 2 3 115
 15 1 3 86
 15 3 -3 103
 105 3 -2 3
 15 -1 2 131
 15 -4 1 304
 105 4 -1 206
 15 -2 2 10
 15 -1 -4 3
 15 -1 0 257
 105 -2 -3 0
 105 -3 1 202
 15 1 2 188
 15 -3 2 218
 15 -1 1 309
 105 -2 1 158
 15 2 2 101
 15 -3 0 186
 15 -2 0 51
 15 0 0 7
 105 1 4 55
 15 0 3 199
 15 0 2 272
 15 -1 3 331
 55 -3 -2 68
 55 -1 -3 328
 55 2 -2 177
 55 1 -3 52
 55 -1 -1 170
 55 1 0 203
 55 3 -1 299
 55 -3 -1 100
 55 2 -3 340
 55 2 1 332
 55 2 -1 25
 55 -4 0 235
 55 0 -3 278
 55 1 -4 265
 55 4 1 99
 55 4 0 346
 55 -2 3 354
 55 3 1 190
 55 3 0 233
 55 1 -1 345
 55 2 0 13
 55 -1 -2 255
 55 1 -2 66
 55 0 -2 77
 55 -4 -1 140
 55 3 2 152
 55 -2 -2 240
 55 1 1 234
 "contig-ratio-green-core" 0.5263157894736842
 "contig-ratio-red-core" 0.625
