 "a-count" 7
 "b-count" 2
 "c-color-count" 26
 "c-express-count" 26
 "d-color-count" 21
 "d-express-count" 21
 "cell-count" 56
 105 0 -4 108
 15 -2 0 82
 15 -3 -1 291
 15 -4 1 93
 15 -1 3 147
 15 2 -2 266
 15 -3 0 302
 15 2 -3 127
 15 -1 2 301
 15 -1 1 44
 15 -2 3 220
 15 -1 0 121
 105 -2 -2 284
 15 3 3 252
 105 4 1 40
 15 3 2 280
 15 -1 4 229
 15 -1 -1 95
 15 -2 -1 311
 15 3 -2 72
 105 3 -1 274
 15 0 3 310
 15 -2 1 123
 15 -2 2 44
 105 -3 -2 348
 105 1 -4 120
 105 3 -3 245
 15 1 -3 323
 55 1 -1 333
 55 -4 0 274
 55 0 1 211
 55 2 3 129
 55 1 3 344
 55 2 -1 242
 55 0 -1 152
 55 1 2 244
 55 3 0 25
 55 1 0 282
 55 3 1 153
 55 2 0 171
 55 -1 -3 198
 55 2 2 241
 55 0 -3 64
 55 -3 2 35
 55 4 0 143
 55 -4 -1 164
 55 -1 -2 351
 55 2 1 98
 55 0 -2 61
 55 1 -2 298
 55 1 1 236
 55 -3 1 294
 5 0 2 2
 5 -3 3 186
 55 0 0 248
 55 -2 -3 328
 "contig-ratio-green-core" 0.6666666666666666
 "contig-ratio-red-core" 0.8823529411764706
 "a-count" 8
 "b-count" 3
 "c-color-count" 26
 "c-express-count" 25
 "d-color-count" 21
 "d-express-count" 20
 "cell-count" 56
 105 4 -1 58
 15 -3 0 203
 15 1 1 71
 15 1 2 80
 15 -1 -4 236
 15 3 1 43
 15 1 -3 339
 15 -4 1 56
 15 -2 0 260
 15 1 -4 292
 15 -2 -2 61
 15 0 2 316
 105 3 3 214
 15 -3 -1 97
 105 0 4 46
 15 1 3 217
 105 -3 -3 185
 15 0 3 15
 15 -3 3 236
 15 0 -4 250
 15 -2 -1 154
 105 -2 -3 211
 105 3 -2 14
 15 -3 -2 116
 15 0 1 323
 15 0 -3 92
 105 2 -2 93
 15 2 1 179
 5 -1 4 357
 55 3 -1 79
 55 2 -1 222
 55 2 2 342
 55 -1 -1 32
 55 -1 -3 169
 55 3 0 17
 55 -2 3 306
 55 1 0 311
 55 -1 2 20
 55 -4 0 181
 55 3 2 128
 55 -1 3 182
 55 -3 2 270
 55 -4 -1 26
 5 1 4 121
 55 0 0 10
 55 -3 1 344
 55 1 -1 300
 55 -1 0 338
 55 0 -2 27
 55 -2 1 248
 55 -1 -2 12
 55 -2 2 318
 55 -1 1 315
 55 2 0 49
 55 0 -1 129
 55 1 -2 79
 "contig-ratio-green-core" 0.7391304347826086
 "contig-ratio-red-core" 1
 "a-count" 6
 "b-count" 1
 "c-color-count" 28
 "c-express-count" 27
 "d-color-count" 22
 "d-express-count" 22
 "cell-count" 56
 15 1 3 93
 15 2 -2 315
 15 3 -2 261
 15 -3 -2 169
 15 0 2 313
 15 -2 -2 179
 15 1 2 156
 105 -3 -3 243
 15 -1 2 113
 15 -1 3 133
 15 0 3 141
 15 2 -1 249
 15 -2 2 332
 105 4 -1 83
 15 3 -1 38
 105 3 -3 323
 15 2 0 39
 15 3 0 303
 15 -2 -3 134
 15 2 -3 243
 15 -1 -4 160
 105 0 -4 192
 15 2 3 133
 105 -2 3 307
 15 -1 -3 359
 105 1 4 268
 15 4 1 88
 15 -4 1 218
 55 0 -3 65
 55 1 -2 347
 55 -4 -1 213
 55 -3 0 254
 55 1 -3 7
 55 -3 -1 331
 55 0 -2 91
 55 2 2 187
 55 -2 0 225
 55 2 1 155
 55 -2 -1 52
 55 0 1 37
 55 3 2 44
 55 -1 0 322
 55 -3 1 181
 55 -1 1 355
 55 1 1 11
 55 1 -1 145
 55 -1 4 276
 55 -2 1 321
 55 3 1 220
 55 -3 2 162
 55 -1 -2 201
 55 -4 0 173
 55 0 -1 159
 55 0 0 209
 55 -1 -1 89
 55 1 0 33
 "contig-ratio-green-core" 0.75
 "contig-ratio-red-core" 0.9444444444444444
 "a-count" 5
 "b-count" 1
 "c-color-count" 27
 "c-express-count" 27
 "d-color-count" 23
 "d-express-count" 23
 "cell-count" 56
 105 3 3 239
 15 2 -2 167
 105 1 -3 198
 15 -1 -4 199
 15 1 3 131
 105 -4 -1 44
 15 3 -2 200
 15 4 -1 5
 15 -3 -2 114
 15 3 2 91
 15 -2 1 143
 15 4 1 39
 15 -3 0 318
 15 -2 -4 130
 15 1 2 219
 15 0 -4 155
 105 -1 0 322
 15 0 2 278
 105 -4 0 97
 15 2 3 298
 15 -1 -3 68
 15 -1 1 249
 15 -3 1 276
 15 -3 -1 263
 15 -4 1 34
 15 0 3 150
 15 2 -3 275
 15 2 2 51
 55 0 -2 74
 55 -1 -2 125
 55 3 0 329
 55 1 0 319
 5 1 1 278
 55 0 0 189
 55 1 -1 51
 55 -2 -2 28
 55 -1 4 17
 55 -2 3 49
 55 1 -2 173
 55 3 -1 18
 55 -2 -3 71
 55 -3 -3 177
 55 0 4 158
 55 3 1 107
 55 2 1 169
 55 1 4 13
 55 4 0 77
 55 -1 3 167
 55 3 -3 123
 55 0 -1 112
 55 2 -1 240
 55 -1 2 72
 55 -2 2 253
 55 2 0 296
 55 -1 -1 334
 55 0 1 293
 "contig-ratio-green-core" 0.7
 "contig-ratio-red-core" 0.75
