 "a-count" 7
 "b-count" 2
 "c-color-count" 26
 "c-express-count" 26
 "d-color-count" 21
 "d-express-count" 21
 "cell-count" 56
 105 0 -3 278
 15 -3 0 65
 15 1 -3 63
 15 3 1 140
 15 2 1 138
 15 3 -1 209
 15 0 4 238
 105 2 3 173
 15 -3 -1 189
 15 0 3 260
 15 -4 -1 323
 15 1 1 221
 15 2 -1 243
 15 1 0 70
 15 -4 0 351
 105 1 2 16
 15 1 -1 38
 15 -3 -3 358
 105 3 2 31
 105 1 -4 167
 15 -2 -2 288
 15 3 0 251
 15 -1 -2 85
 15 0 -2 57
 105 1 3 51
 105 0 -4 148
 15 -1 -3 13
 15 2 0 303
 55 3 -2 137
 55 -3 2 172
 55 -4 1 109
 55 -1 0 276
 55 2 -3 324
 55 3 -3 356
 55 0 0 54
 55 4 -1 99
 55 -3 3 182
 5 -2 2 183
 55 -2 -3 23
 55 -1 -1 147
 55 -1 4 175
 55 -2 -1 3
 5 -2 0 13
 55 -1 3 96
 55 1 -2 15
 55 -3 1 33
 55 0 -1 265
 55 -1 -4 263
 55 2 -2 335
 55 4 1 111
 55 -1 1 92
 55 -2 3 328
 55 0 1 347
 55 4 0 96
 55 -3 -2 31
 55 -1 2 157
 "contig-ratio-green-core" 0.7142857142857143
 "contig-ratio-red-core" 1
 "a-count" 7
 "b-count" 2
 "c-color-count" 26
 "c-express-count" 26
 "d-color-count" 21
 "d-express-count" 21
 "cell-count" 56
 105 -2 -2 275
 15 -3 2 30
 15 -1 -3 329
 15 1 -1 264
 15 1 0 315
 15 4 1 340
 15 -2 3 347
 105 -3 -3 112
 15 -1 -2 299
 15 0 0 308
 15 0 -1 186
 15 -4 1 317
 105 4 0 244
 15 2 3 354
 15 -2 -3 213
 105 0 -3 238
 15 2 2 224
 15 0 4 271
 15 0 -2 35
 15 -1 0 331
 15 -1 -1 294
 15 3 -3 112
 105 0 -4 254
 105 -1 -4 104
 105 3 3 240
 15 -4 0 258
 15 3 2 260
 15 -3 3 265
 55 1 -3 134
 55 1 -4 316
 55 2 -1 137
 55 -1 2 177
 55 3 1 332
 55 0 1 104
 55 0 3 96
 55 1 -2 71
 5 -1 1 313
 55 2 0 322
 5 0 2 291
 55 1 3 353
 55 -3 1 177
 55 -3 -1 228
 55 2 -2 173
 55 1 1 112
 55 3 -1 92
 55 2 1 257
 55 3 0 94
 55 -3 0 17
 55 -2 0 189
 55 -4 -1 303
 55 -2 2 256
 55 -1 3 179
 55 3 -2 268
 55 1 2 179
 55 -2 -1 351
 55 -2 1 99
 "contig-ratio-green-core" 0.6956521739130435
 "contig-ratio-red-core" 1
 "a-count" 7
 "b-count" 0
 "c-color-count" 28
 "c-express-count" 28
 "d-color-count" 21
 "d-express-count" 21
 "cell-count" 56
 15 -4 0 311
 15 1 3 18
 15 2 -3 43
 15 -1 -4 195
 105 3 -2 126
 105 -3 -3 67
 15 -2 2 134
 105 -1 4 2
 15 -3 1 357
 15 -3 2 351
 15 -1 3 156
 15 -4 -1 280
 15 2 3 70
 15 0 -4 294
 15 -1 2 72
 105 1 4 290
 15 4 0 131
 15 0 3 94
 105 -3 3 328
 15 1 -3 9
 15 0 2 289
 105 3 -3 210
 15 -3 -2 173
 105 3 3 52
 15 1 -4 149
 15 -2 -2 37
 15 1 2 48
 15 2 2 81
 55 2 1 164
 55 2 -2 187
 55 3 -1 228
 55 1 -2 54
 55 -3 0 1
 55 -1 -2 320
 55 -4 1 315
 55 -3 -1 318
 55 -2 3 297
 55 -2 -1 55
 55 -1 1 171
 55 1 0 147
 55 0 -1 105
 55 -2 1 350
 55 0 -2 272
 55 2 -1 246
 55 -1 0 216
 55 0 1 215
 55 -1 -1 275
 55 3 2 342
 55 3 1 101
 55 2 0 240
 55 3 0 336
 55 -1 -3 5
 55 1 -1 235
 55 1 1 20
 55 -2 0 346
 55 0 0 357
 "contig-ratio-green-core" 0.8235294117647058
 "contig-ratio-red-core" 0.875
 "a-count" 5
 "b-count" 1
 "c-color-count" 27
 "c-express-count" 27
 "d-color-count" 24
 "d-express-count" 23
 "cell-count" 56
 15 -3 -1 277
 15 -1 -4 208
 15 1 3 144
 15 0 4 207
 15 -3 0 322
 15 -1 -1 326
 105 -3 -3 31
 15 -1 3 116
 105 4 1 125
 15 3 3 263
 15 -2 0 218
 15 0 -2 315
 15 0 -1 91
 15 -4 1 24
 15 -2 3 333
 105 -4 -1 291
 15 -4 0 309
 15 3 2 223
 15 2 -2 225
 15 0 3 325
 15 -1 0 59
 105 -1 4 249
 15 -3 3 50
 15 1 -1 234
 15 -3 -2 177
 15 2 -3 27
 15 1 -2 111
 15 -2 -1 159
 55 -2 1 61
 55 -1 1 338
 55 -1 -3 88
 55 -2 2 212
 55 0 -4 123
 55 -1 2 109
 55 3 -1 237
 55 -1 -2 27
 55 0 0 157
 55 1 0 47
 55 1 2 200
 55 0 -3 46
 55 2 3 242
 55 2 -1 239
 55 2 1 205
 55 3 1 106
 55 2 0 50
 55 0 2 275
 55 2 2 265
 55 -3 1 317
 55 3 0 303
 55 -2 -3 47
 55 1 1 70
 55 3 -2 249
 55 0 1 306
 5 3 -3 347
 55 1 -3 110
 55 1 -4 164
 "contig-ratio-green-core" 0.8181818181818182
 "contig-ratio-red-core" 0.8
