 "a-count" 4
 "b-count" 0
 "c-color-count" 28
 "c-express-count" 28
 "d-color-count" 24
 "d-express-count" 24
 "cell-count" 56
 15 -3 0 223
 15 -4 0 311
 105 -1 -4 191
 15 3 2 71
 15 1 4 86
 15 2 -2 267
 15 -1 -2 267
 105 2 2 227
 15 -2 -1 99
 15 4 1 20
 15 -1 4 6
 15 -3 2 303
 15 0 -3 345
 15 0 -2 65
 105 -4 1 63
 15 4 0 151
 15 -3 1 257
 15 1 -2 252
 15 -1 -3 145
 15 -2 0 210
 15 -2 1 199
 15 0 4 111
 105 -3 3 179
 15 2 -3 341
 15 4 -1 246
 15 -3 -1 55
 15 3 1 106
 15 3 -3 221
 55 -2 -3 189
 55 -1 2 224
 55 2 1 48
 55 3 -2 72
 55 -1 0 296
 55 1 1 194
 55 -1 1 22
 55 1 2 82
 55 0 -4 157
 55 -2 3 257
 55 -2 2 286
 55 2 0 36
 55 -3 -3 239
 55 2 -1 13
 55 0 0 187
 55 1 0 233
 55 0 2 128
 55 0 1 11
 55 -2 -2 48
 55 -3 -2 71
 55 1 -4 192
 55 3 -1 312
 55 3 0 309
 55 -1 -1 346
 55 0 3 67
 55 0 -1 36
 55 1 3 307
 55 1 -1 53
 "contig-ratio-green-core" 0.7727272727272727
 "contig-ratio-red-core" 0.8333333333333334
 "a-count" 4
 "b-count" 4
 "c-color-count" 24
 "c-express-count" 24
 "d-color-count" 25
 "d-express-count" 24
 "cell-count" 56
 15 1 0 86
 105 -3 2 332
 15 -1 2 337
 15 2 -1 323
 15 2 1 355
 15 1 2 195
 15 1 1 272
 15 -3 -1 44
 15 3 -2 44
 15 -2 -2 328
 15 -4 -1 221
 15 0 1 61
 105 -3 0 99
 15 -3 -2 31
 15 -3 -3 103
 15 -2 -3 143
 15 2 -3 111
 15 0 2 62
 15 2 0 206
 15 0 3 40
 15 -3 3 166
 15 -1 4 344
 15 3 0 8
 15 -1 3 115
 15 2 -2 88
 105 -4 1 113
 15 3 3 55
 15 3 1 237
 55 -1 0 43
 5 1 -3 296
 55 2 2 179
 55 -2 2 220
 55 -2 -1 78
 55 1 -2 163
 55 -1 -2 120
 55 0 -1 92
 55 -3 1 75
 55 2 3 50
 55 3 2 104
 5 -1 -4 231
 5 4 1 292
 55 3 -1 323
 55 -1 -1 292
 55 0 -4 43
 55 -1 -3 191
 55 -2 0 267
 55 0 4 168
 55 -2 3 126
 55 1 3 99
 5 4 0 283
 55 0 -3 152
 55 -2 1 55
 55 1 4 141
 55 1 -1 290
 55 0 -2 1
 55 0 0 282
 "contig-ratio-green-core" 0.8333333333333334
 "contig-ratio-red-core" 0.65
 "a-count" 7
 "b-count" 0
 "c-color-count" 28
 "c-express-count" 28
 "d-color-count" 21
 "d-express-count" 21
 "cell-count" 56
 15 -1 1 301
 15 1 -4 279
 15 -1 -2 206
 105 -1 0 29
 105 4 1 126
 105 0 0 285
 15 -2 2 231
 15 -1 -3 276
 15 0 -2 132
 15 -2 -3 337
 15 -1 2 177
 15 -1 -1 7
 15 -3 1 330
 15 -3 -1 335
 15 -3 -3 2
 15 -2 -2 264
 15 3 -1 98
 105 3 -3 75
 105 0 1 187
 15 1 4 354
 15 0 -3 46
 105 3 -2 187
 15 4 0 141
 15 -2 -1 10
 105 -2 0 154
 15 -3 2 148
 15 0 -1 17
 15 3 0 200
 55 2 2 236
 55 1 -3 330
 55 3 2 338
 55 2 -1 196
 55 1 2 181
 55 4 -1 25
 55 2 0 233
 55 1 3 351
 55 2 0 24
 55 2 1 169
 55 1 -2 86
 55 2 0 74
 55 1 -1 54
 55 -1 -4 56
 55 1 -2 224
 55 1 1 350
 55 2 -2 235
 55 3 1 215
 55 3 0 20
 55 2 0 64
 55 1 0 304
 55 0 2 167
 55 1 1 219
 55 2 1 187
 55 2 -3 203
 55 0 3 117
 55 0 -4 261
 55 1 -1 74
 "contig-ratio-green-core" 0.45454545454545453
 "contig-ratio-red-core" 1.0714285714285714
 "a-count" 6
 "b-count" 1
 "c-color-count" 27
 "c-express-count" 27
 "d-color-count" 24
 "d-express-count" 22
 "cell-count" 56
 15 1 -4 231
 15 1 0 290
 15 3 -2 54
 15 -3 0 140
 15 -2 1 117
 105 4 1 112
 15 -3 -1 115
 15 2 -1 291
 15 2 2 322
 15 3 2 209
 15 -2 2 142
 105 2 1 323
 15 1 1 197
 105 4 -1 273
 15 3 -1 111
 15 -4 0 211
 105 4 0 321
 15 3 1 311
 15 2 -2 82
 15 1 -1 320
 15 -4 1 41
 15 -4 -1 0
 15 3 0 327
 15 -2 0 200
 15 -3 -2 30
 15 2 0 323
 15 2 -3 189
 15 -3 1 212
 55 -1 4 42
 55 0 3 70
 55 0 2 254
 55 0 -4 158
 55 3 -3 205
 55 -2 3 27
 55 -1 -3 348
 55 1 -3 285
 55 -1 -1 337
 55 -1 1 172
 55 -2 -2 70
 55 -2 -1 161
 55 0 -2 217
 55 1 3 316
 55 3 3 37
 55 1 2 333
 55 0 4 12
 55 0 1 143
 55 1 -2 44
 55 0 -3 134
 5 1 4 249
 55 2 3 93
 55 0 -1 236
 55 0 0 135
 55 -1 -2 4
 55 -1 0 101
 55 -1 3 279
 55 -1 2 96
 "contig-ratio-green-core" 0.7647058823529411
 "contig-ratio-red-core" 0.8823529411764706
