 "a-count" 5
 "b-count" 2
 "c-color-count" 26
 "c-express-count" 26
 "d-color-count" 23
 "d-express-count" 23
 "cell-count" 56
 15 -4 1 276
 105 -3 3 300
 15 -4 0 298
 15 0 0 280
 15 4 1 196
 15 -1 -2 191
 15 -2 -3 289
 15 1 3 269
 15 -3 -3 204
 15 4 0 247
 15 3 2 55
 15 -3 1 316
 105 -1 4 98
 15 3 0 327
 15 4 -1 179
 105 -3 0 159
 15 0 3 256
 15 0 -1 96
 15 -3 2 13
 15 -2 3 209
 15 -2 2 146
 105 3 -2 264
 15 -1 3 69
 105 3 3 186
 15 -1 -3 118
 15 3 -1 119
 15 0 -2 210
 15 0 4 103
 55 0 1 180
 55 0 -4 279
 55 2 -1 261
 55 -1 0 346
 55 2 0 293
 55 0 -3 95
 55 -2 1 346
 55 -3 -2 17
 5 0 2 207
 55 1 1 26
 55 1 2 335
 55 -2 -1 53
 55 1 -3 206
 55 2 -2 202
 55 2 -3 23
 5 1 -2 46
 55 1 -1 58
 55 -1 2 351
 55 -2 -2 264
 55 2 3 85
 55 1 4 105
 55 -2 0 24
 55 -1 1 34
 55 1 -4 348
 55 3 1 47
 55 -3 -1 301
 55 2 2 287
 55 2 1 266
 "contig-ratio-green-core" 0.7142857142857143
 "contig-ratio-red-core" 0.6666666666666666
 "a-count" 6
 "b-count" 0
 "c-color-count" 28
 "c-express-count" 28
 "d-color-count" 23
 "d-express-count" 22
 "cell-count" 56
 105 1 4 92
 15 -3 -3 274
 15 2 -2 309
 15 -2 3 161
 15 -3 3 105
 15 -2 -3 186
 15 3 1 313
 15 -2 2 109
 15 4 0 301
 15 0 -2 44
 15 3 3 275
 15 -3 2 173
 15 3 0 69
 105 1 -3 313
 105 1 -4 216
 105 0 -4 185
 15 4 1 11
 15 0 -3 51
 15 2 -3 43
 15 -3 -2 73
 15 2 0 143
 15 -3 -1 66
 15 2 -1 325
 15 1 -2 204
 15 1 -1 56
 15 1 0 184
 15 0 4 253
 105 -2 -2 327
 55 -1 -2 205
 55 0 0 274
 55 -4 0 160
 55 1 1 32
 55 -1 3 82
 55 2 2 65
 55 -1 0 159
 55 -3 1 236
 55 -1 -3 99
 55 3 -3 150
 55 0 1 227
 55 -2 0 313
 55 0 3 258
 55 -1 1 271
 55 -1 2 97
 55 -1 4 334
 55 -2 1 76
 55 -1 -1 169
 55 -1 -4 44
 55 3 -1 359
 55 0 -1 156
 55 3 -2 159
 55 1 3 353
 55 3 2 242
 55 -3 0 203
 55 0 2 299
 55 1 2 235
 55 2 3 95
 "contig-ratio-green-core" 0.65
 "contig-ratio-red-core" 0.7619047619047619
 "a-count" 9
 "b-count" 0
 "c-color-count" 28
 "c-express-count" 28
 "d-color-count" 20
 "d-express-count" 19
 "cell-count" 56
 15 1 3 27
 15 -3 -1 78
 15 -2 2 241
 15 -1 3 356
 15 -2 -3 15
 15 -3 0 344
 15 4 1 130
 105 -3 2 197
 15 1 4 90
 15 -2 0 275
 15 -1 2 348
 15 4 2 241
 15 4 0 171
 15 0 4 91
 105 3 -1 236
 15 2 -3 93
 15 -2 1 188
 105 -4 0 322
 15 3 -3 115
 15 -1 1 122
 15 3 1 281
 105 3 -2 1
 105 -3 -3 230
 105 4 -1 65
 105 -4 -1 45
 15 2 -2 184
 15 -3 3 175
 105 -3 1 268
 55 0 -1 249
 55 -1 -2 305
 55 0 1 298
 55 2 1 202
 55 0 -4 333
 55 1 2 194
 55 -2 3 230
 55 1 0 8
 55 0 -2 46
 55 3 2 259
 55 -2 -1 334
 55 0 -3 287
 55 0 2 261
 55 1 -1 112
 55 -1 -1 68
 55 0 0 52
 55 -1 -3 64
 55 -3 -2 39
 55 2 2 125
 55 -1 4 245
 55 -2 4 313
 55 1 -2 78
 55 -1 0 227
 55 1 -3 45
 55 -2 -2 71
 55 2 0 177
 55 1 1 46
 55 2 -1 145
 "contig-ratio-green-core" 0.7368421052631579
 "contig-ratio-red-core" 0.8823529411764706
 "a-count" 4
 "b-count" 1
 "c-color-count" 27
 "c-express-count" 27
 "d-color-count" 25
 "d-express-count" 24
 "cell-count" 56
 15 0 3 217
 15 1 0 254
 15 -3 -2 43
 15 1 3 115
 15 0 -1 347
 105 3 1 338
 15 -1 -4 163
 15 -1 0 172
 15 -1 1 309
 15 -1 3 183
 15 0 -4 350
 15 0 1 355
 15 -2 -1 77
 105 3 2 46
 15 -2 1 55
 15 -2 0 234
 15 -1 2 219
 15 3 -2 24
 15 0 4 137
 15 -2 2 7
 15 3 3 69
 15 -3 -1 314
 105 4 1 300
 15 3 -3 87
 15 0 0 358
 15 0 2 136
 15 2 2 248
 15 1 1 115
 5 -3 3 7
 55 2 0 117
 55 -2 -2 164
 55 -2 -3 102
 55 1 4 299
 55 1 2 98
 55 -4 0 279
 55 1 -3 47
 55 -3 1 95
 55 4 0 119
 55 2 -1 60
 55 -3 0 276
 55 -1 -1 187
 55 -2 3 355
 55 -3 2 98
 55 3 0 261
 55 -4 -1 212
 55 -1 -3 299
 55 2 -2 249
 55 4 -1 184
 55 2 3 164
 55 -1 -2 67
 55 2 -3 31
 55 2 1 293
 55 1 -4 147
 55 0 -3 52
 55 0 -2 340
 55 3 -1 147
 "contig-ratio-green-core" 0.75
 "contig-ratio-red-core" 0.95
