 "a-count" 9
 "b-count" 0
 "c-color-count" 28
 "c-express-count" 28
 "d-color-count" 19
 "d-express-count" 19
 "cell-count" 56
 15 0 -2 3
 15 -2 3 281
 105 -3 3 121
 15 -3 2 60
 15 -1 -2 10
 105 -3 -3 173
 15 1 -3 75
 105 3 3 352
 105 -1 -4 297
 15 2 -3 63
 15 -1 3 100
 15 3 -1 190
 105 2 -2 53
 15 4 0 146
 105 4 1 53
 105 0 -4 336
 15 2 3 89
 15 1 -2 186
 15 3 2 209
 105 -1 4 142
 15 0 -3 2
 15 -2 -2 268
 15 -1 -3 292
 105 -3 -2 215
 15 0 4 66
 15 3 0 340
 15 -2 -3 83
 15 3 1 118
 55 -1 1 214
 55 -2 2 348
 55 1 0 338
 55 2 1 163
 55 0 -1 164
 55 -3 1 69
 55 0 2 261
 55 -1 -1 271
 55 0 1 340
 55 -3 -1 144
 55 1 1 345
 55 2 2 159
 55 1 4 317
 55 -4 1 159
 55 0 3 92
 55 -2 -1 143
 55 -1 0 164
 55 -2 1 104
 55 0 0 68
 55 2 0 47
 55 1 -4 239
 55 -1 2 174
 55 1 -1 6
 55 1 3 166
 55 1 2 279
 55 -3 0 179
 55 -2 0 293
 55 2 -1 132
 "contig-ratio-green-core" 0.7647058823529411
 "contig-ratio-red-core" 1
 "a-count" 9
 "b-count" 1
 "c-color-count" 27
 "c-express-count" 27
 "d-color-count" 19
 "d-express-count" 19
 "cell-count" 56
 15 2 -2 85
 105 -1 4 66
 15 -3 -2 298
 105 1 -4 150
 15 -2 -3 122
 15 0 3 95
 15 -1 3 246
 15 -1 -3 282
 105 -4 1 325
 105 2 -3 274
 105 0 4 163
 15 2 3 354
 15 3 -2 214
 15 1 -1 307
 15 -3 -1 331
 15 1 3 288
 15 1 -2 9
 15 -2 3 117
 15 0 -2 103
 105 2 -1 54
 15 -3 0 37
 15 0 -3 126
 15 0 -4 116
 105 -4 0 311
 105 1 4 116
 15 -3 2 86
 15 -2 2 275
 105 1 -3 74
 55 -1 1 29
 55 1 0 325
 55 -1 -4 330
 55 4 -1 113
 55 -1 -2 28
 55 3 0 176
 55 4 1 248
 55 -2 1 74
 55 -3 -3 267
 55 -2 -2 130
 55 -1 -1 325
 55 4 0 185
 55 0 2 347
 55 3 -1 281
 55 2 0 130
 5 3 1 208
 55 0 -1 167
 55 1 2 19
 55 -1 0 122
 55 0 1 349
 55 2 2 327
 55 -2 -1 106
 55 1 1 325
 55 2 1 192
 55 -2 0 317
 55 -1 2 21
 55 3 2 184
 55 0 0 218
 "contig-ratio-green-core" 0.7647058823529411
 "contig-ratio-red-core" 0.9285714285714286
 "a-count" 9
 "b-count" 1
 "c-color-count" 27
 "c-express-count" 27
 "d-color-count" 19
 "d-express-count" 19
 "cell-count" 56
 15 -3 1 109
 15 -1 3 289
 15 4 1 156
 15 0 4 298
 15 0 3 173
 15 -2 -1 116
 15 -3 -2 218
 105 -2 -3 10
 15 -3 -1 181
 15 3 0 110
 15 2 3 311
 15 -1 -4 302
 105 1 4 13
 105 -3 -3 214
 105 3 -1 188
 105 3 -2 134
 15 -2 1 104
 15 -3 0 119
 105 3 -3 209
 105 -3 2 328
 105 -4 0 273
 15 -2 0 7
 105 -2 3 262
 15 1 3 63
 15 4 0 294
 15 1 -4 221
 15 4 -1 238
 15 2 2 340
 55 1 -3 338
 55 -4 3 87
 55 0 -2 7
 55 -3 3 65
 55 0 -1 279
 55 0 1 164
 55 1 -1 301
 55 2 -1 270
 55 -2 -2 51
 55 0 -3 10
 55 0 2 338
 5 1 -2 138
 55 1 1 286
 55 3 3 281
 55 -1 1 306
 55 0 -4 248
 55 -1 2 348
 55 2 -3 217
 55 -1 -2 174
 55 -1 0 133
 55 1 2 273
 55 0 0 315
 55 2 0 94
 55 3 1 235
 55 1 0 90
 55 2 1 179
 55 -1 -1 156
 55 2 -2 217
 "contig-ratio-green-core" 0.631578947368421
 "contig-ratio-red-core" 0.7142857142857143
