 "a-count" 1
 "b-count" 0
 "c-color-count" 28
 "c-express-count" 28
 "d-color-count" 28
 "d-express-count" 27
 "cell-count" 56
 15 1 -3 154
 15 3 -1 228
 15 0 4 27
 15 -3 1 229
 15 3 0 269
 15 3 -2 64
 15 2 -1 244
 15 0 -4 92
 15 2 -3 327
 15 -1 4 24
 15 -4 -1 231
 15 2 -2 272
 15 -4 0 59
 15 3 3 294
 15 -4 1 238
 15 -1 -4 65
 15 1 -4 59
 15 -2 4 264
 15 -3 2 356
 15 0 3 233
 15 -1 3 44
 15 2 0 163
 15 -5 0 350
 15 1 3 324
 15 0 -3 112
 15 -3 -2 323
 15 4 -1 161
 15 4 0 61
 55 1 4 36
 55 -1 1 78
 55 -1 0 74
 55 -1 -3 184
 55 0 0 2
 55 2 1 230
 55 -3 -1 117
 55 -1 -1 251
 55 1 -2 123
 55 1 -1 345
 55 -1 -2 296
 55 -1 2 50
 55 -2 3 27
 55 -2 -1 206
 55 -2 1 80
 55 1 1 110
 55 0 1 279
 55 1 2 313
 55 2 2 275
 55 0 -1 38
 55 0 2 136
 55 3 2 42
 55 1 0 112
 55 -2 -2 316
 55 -2 0 77
 55 2 3 39
 55 -2 2 68
 55 0 -2 61
 "contig-ratio-green-core" 0.8823529411764706
 "contig-ratio-red-core" 0.6
 "a-count" 0
 "b-count" 0
 "c-color-count" 28
 "c-express-count" 28
 "d-color-count" 28
 "d-express-count" 28
 "cell-count" 56
 15 2 -4 166
 15 4 0 341
 15 0 -3 57
 15 3 3 168
 15 2 -3 84
 15 -2 2 93
 15 1 3 86
 15 4 -1 156
 15 -3 1 116
 15 0 4 353
 15 3 2 221
 15 -2 1 118
 15 4 1 332
 15 -3 2 46
 15 3 -3 253
 15 1 -3 189
 15 -1 -3 1
 15 -2 -3 64
 15 2 4 189
 15 1 4 335
 15 -1 -2 13
 15 0 3 95
 15 2 3 74
 15 -3 -2 335
 15 3 -2 169
 15 -2 -4 61
 15 -2 -2 87
 15 -1 3 97
 55 3 1 359
 55 2 -2 123
 55 -2 0 70
 55 -1 0 299
 55 2 1 104
 55 -3 0 233
 55 -3 -1 339
 55 -2 -1 293
 55 0 -2 317
 55 1 -1 279
 55 -2 3 330
 55 3 -1 66
 55 -4 -1 253
 55 1 -2 67
 55 3 0 118
 55 -1 -1 341
 55 -1 1 340
 55 0 0 179
 55 1 0 275
 55 0 2 139
 55 2 -1 316
 55 0 -1 134
 55 0 1 187
 55 4 2 220
 55 1 2 10
 55 1 1 111
 55 2 0 17
 55 -1 2 344
 "contig-ratio-green-core" 1
 "contig-ratio-red-core" 0.6
