 "a-count" 0
 "b-count" 0
 "c-color-count" 28
 "c-express-count" 28
 "d-color-count" 28
 "d-express-count" 28
 "cell-count" 56
 15 1 -2 135
 15 4 1 220
 15 0 -3 328
 15 -2 3 226
 15 1 -3 267
 15 -1 -2 77
 15 -2 -3 339
 15 -3 -1 170
 15 3 -3 310
 15 -2 -1 340
 15 -3 0 316
 15 -1 -4 199
 15 1 4 136
 15 -4 -1 101
 15 -3 -3 115
 15 2 3 126
 15 0 -2 188
 15 4 -1 201
 15 -4 0 351
 15 2 -2 328
 15 -1 -1 173
 15 4 0 274
 15 -3 -2 86
 15 -1 -3 14
 15 1 3 15
 15 2 -3 202
 15 0 -4 99
 15 -2 -2 304
 55 0 4 128
 55 -1 0 73
 55 -3 1 262
 55 1 0 305
 55 0 2 156
 55 3 0 215
 55 2 0 260
 55 0 -1 62
 55 3 -2 251
 55 1 -1 98
 55 3 1 115
 55 2 2 76
 55 2 1 3
 55 1 1 202
 55 -1 1 150
 55 0 3 340
 55 -2 1 83
 55 -2 0 20
 55 0 1 81
 55 3 -1 105
 55 2 -1 167
 55 -2 2 188
 55 0 0 329
 55 -1 4 323
 55 1 -4 229
 55 -1 2 258
 55 -1 3 336
 55 1 2 99
 "contig-ratio-green-core" 0.8235294117647058
 "contig-ratio-red-core" 0.6666666666666666
 "a-count" 0
 "b-count" 0
 "c-color-count" 28
 "c-express-count" 28
 "d-color-count" 28
 "d-express-count" 28
 "cell-count" 56
 15 3 -2 269
 15 -3 2 85
 15 -1 3 108
 15 -2 0 172
 15 3 -3 316
 15 -3 -1 21
 15 -4 1 281
 15 -4 0 251
 15 4 -1 116
 15 2 4 153
 15 -2 1 188
 15 2 -2 335
 15 0 3 8
 15 3 -1 21
 15 1 4 178
 15 -2 2 64
 15 -3 1 124
 15 2 -3 113
 15 -1 -3 308
 15 4 -2 316
 15 0 4 126
 15 2 -1 123
 15 -2 3 101
 15 -3 0 39
 15 -3 -2 107
 15 2 3 168
 15 1 3 73
 15 -1 -2 9
 55 0 -3 261
 55 0 -1 345
 55 3 1 324
 55 4 0 354
 55 0 0 341
 55 1 -3 290
 55 1 0 119
 55 3 2 38
 55 2 1 54
 55 2 2 0
 55 -1 -1 180
 55 -3 3 62
 55 -4 2 42
 55 0 2 119
 55 0 -2 200
 55 1 2 93
 55 1 -1 41
 55 -1 1 317
 55 3 0 195
 55 1 1 102
 55 -1 2 149
 55 2 0 140
 55 -1 4 109
 55 4 1 277
 55 0 1 355
 55 -1 0 334
 55 1 -2 334
 55 -2 -1 32
 "contig-ratio-green-core" 0.8333333333333334
 "contig-ratio-red-core" 0.8260869565217391
 "a-count" 2
 "b-count" 0
 "c-color-count" 28
 "c-express-count" 28
 "d-color-count" 26
 "d-express-count" 26
 "cell-count" 56
 15 1 4 352
 15 -2 4 215
 15 -2 -2 293
 15 0 4 103
 105 2 4 124
 15 2 -3 38
 15 2 -2 52
 15 4 -1 128
 15 -3 -2 27
 15 -1 -4 222
 105 0 -4 295
 15 2 -1 352
 15 -1 -3 155
 15 2 2 135
 15 -2 -3 128
 15 -2 -4 239
 15 3 1 51
 15 2 3 212
 15 0 -3 318
 15 1 -4 279
 15 1 3 259
 15 3 0 126
 15 1 -3 138
 15 3 3 315
 15 3 -1 251
 15 4 0 1
 15 -1 4 54
 15 4 1 300
 55 2 1 113
 55 -1 -1 128
 55 0 0 243
 55 -2 0 51
 55 -3 3 111
 55 -4 1 83
 55 0 1 206
 55 -2 -1 242
 55 2 0 212
 55 0 -1 194
 55 -2 3 185
 55 -3 -1 192
 55 0 3 306
 55 -3 0 276
 55 1 1 124
 55 1 -1 172
 55 -2 1 255
 55 1 0 185
 55 -1 2 269
 55 1 2 87
 55 0 -2 81
 55 -1 3 10
 55 0 2 184
 55 -3 1 30
 55 -1 1 325
 55 3 -2 252
 55 -1 -2 105
 55 -4 2 113
 "contig-ratio-green-core" 0.5238095238095238
 "contig-ratio-red-core" 0.5
