 "a-count" 3
 "b-count" 0
 "c-color-count" 28
 "c-express-count" 28
 "d-color-count" 25
 "d-express-count" 25
 "cell-count" 56
 15 -4 0 248
 15 3 -2 101
 15 0 4 126
 15 1 -2 56
 15 -1 4 160
 105 -3 -3 58
 15 3 0 133
 15 -2 -4 78
 15 -2 -3 154
 15 1 -3 195
 105 3 -3 327
 15 1 -1 337
 15 -2 -2 184
 15 2 -1 81
 15 0 -2 134
 15 3 -1 347
 15 -3 2 179
 15 -1 -2 327
 15 -4 1 68
 15 -1 -3 309
 15 1 4 70
 15 1 -1 66
 15 2 0 243
 15 1 -1 23
 15 0 -3 216
 15 -1 -4 269
 105 1 -4 89
 15 2 -2 148
 55 1 0 189
 55 -2 2 114
 55 2 1 206
 55 -1 0 350
 55 0 1 8
 55 0 -1 102
 55 -2 -1 224
 55 -2 0 336
 55 3 1 115
 55 1 3 294
 55 2 2 286
 55 0 0 338
 55 -3 -1 341
 55 1 2 325
 55 2 4 96
 55 -3 0 288
 55 -1 1 314
 55 -2 1 222
 55 -1 3 41
 55 -1 2 54
 55 1 1 135
 55 2 1 233
 55 1 0 213
 55 0 3 36
 55 -3 1 222
 55 -1 -1 146
 55 -4 -1 106
 55 2 3 170
 "contig-ratio-green-core" 0.6190476190476191
 "contig-ratio-red-core" 0.7368421052631579
 "a-count" 4
 "b-count" 0
 "c-color-count" 28
 "c-express-count" 28
 "d-color-count" 24
 "d-express-count" 24
 "cell-count" 56
 105 -4 3 297
 15 0 4 35
 105 4 -1 300
 15 2 -2 309
 15 -3 3 228
 15 0 -5 355
 15 3 1 52
 15 -1 2 296
 15 -2 3 200
 15 -1 3 198
 15 3 0 182
 15 2 2 48
 15 3 -2 33
 15 -3 -3 324
 15 0 -3 55
 15 3 2 298
 15 -2 2 34
 15 -3 2 310
 15 3 -1 358
 105 4 1 234
 15 -1 4 158
 105 4 0 10
 15 2 1 260
 15 -2 -4 61
 15 0 -4 159
 15 -2 -3 165
 15 1 4 212
 15 -1 -4 4
 55 2 -1 136
 55 2 3 17
 55 1 3 284
 55 -1 1 311
 55 1 -1 42
 55 0 1 14
 55 -3 0 191
 55 -1 -1 309
 55 2 0 153
 55 0 0 49
 55 -3 -2 116
 55 -1 0 289
 55 1 0 43
 55 -1 -3 321
 55 -2 -1 165
 55 0 2 252
 55 -2 0 289
 55 -2 1 101
 55 -2 -2 27
 55 -4 0 60
 55 0 3 155
 55 1 2 40
 55 -1 -2 187
 55 -3 -1 24
 55 0 -1 243
 55 0 -2 209
 55 1 -2 66
 55 1 1 58
 "contig-ratio-green-core" 0.7777777777777778
 "contig-ratio-red-core" 0.7142857142857143
 "a-count" 2
 "b-count" 0
 "c-color-count" 28
 "c-express-count" 28
 "d-color-count" 26
 "d-express-count" 26
 "cell-count" 56
 15 -1 3 49
 105 -3 2 240
 15 3 0 296
 15 -3 1 54
 15 0 2 263
 15 -2 -4 325
 15 -2 4 248
 15 4 1 210
 15 -3 0 35
 15 3 1 260
 15 -2 1 247
 15 -1 4 236
 15 -3 -1 288
 15 -4 -1 313
 15 3 -2 350
 15 3 -3 183
 15 -2 3 141
 15 3 -1 116
 15 2 -3 224
 15 -1 2 38
 15 0 3 93
 105 1 4 358
 15 4 0 352
 15 -1 -4 178
 15 -4 0 80
 15 -2 2 322
 15 0 -4 212
 15 3 2 287
 55 1 1 339
 55 2 1 294
 55 -2 -1 9
 55 0 -1 81
 55 -1 -3 226
 55 1 -1 250
 55 1 -2 40
 55 2 2 105
 55 2 -2 309
 55 0 -3 37
 55 0 -2 299
 55 -1 0 244
 55 -1 1 130
 55 1 -3 278
 55 0 1 67
 55 -3 -2 164
 55 2 0 205
 55 0 0 187
 55 -1 -1 261
 55 2 -1 132
 55 2 3 184
 55 4 -1 152
 55 -1 -2 159
 55 1 2 42
 55 -2 -3 347
 55 1 0 328
 55 -2 -2 26
 55 1 3 296
 "contig-ratio-green-core" 0.8235294117647058
 "contig-ratio-red-core" 0.6666666666666666
