 "a-count" 1
 "b-count" 0
 "c-color-count" 28
 "c-express-count" 28
 "d-color-count" 27
 "d-express-count" 27
 "cell-count" 56
 15 3 1 72
 15 -1 -4 282
 15 -4 -1 191
 15 -3 -2 130
 15 -3 -1 351
 15 4 0 188
 15 2 -2 353
 15 0 -4 79
 15 -2 4 94
 15 -4 1 87
 15 -3 -3 11
 15 -4 0 98
 15 -4 -2 5
 15 0 5 194
 15 3 0 18
 15 -3 0 127
 15 3 -1 181
 15 3 -2 238
 15 2 -3 311
 15 -3 1 42
 15 -1 5 290
 15 3 -3 281
 105 4 -1 293
 15 3 2 126
 15 -1 3 142
 15 -1 4 73
 15 -3 2 34
 15 4 1 29
 55 2 0 175
 55 -2 -3 99
 55 0 -1 341
 55 -1 2 153
 55 -2 1 266
 55 0 1 119
 55 0 -3 132
 55 -2 2 109
 55 1 0 205
 55 0 2 229
 55 0 -2 288
 55 -1 0 304
 55 -1 1 246
 55 -2 -1 87
 55 1 2 88
 55 1 -3 95
 55 0 0 232
 55 1 -1 19
 55 1 -2 134
 55 2 1 308
 55 1 3 8
 55 1 1 90
 55 -2 0 131
 55 -1 -1 231
 55 -1 -2 239
 55 -2 -2 209
 55 -1 -3 218
 55 2 -1 104
 "contig-ratio-green-core" 0.8235294117647058
 "contig-ratio-red-core" 0.5185185185185185
 "a-count" 2
 "b-count" 0
 "c-color-count" 28
 "c-express-count" 28
 "d-color-count" 26
 "d-express-count" 26
 "cell-count" 56
 15 -3 -3 17
 15 -3 0 93
 15 0 -3 101
 15 1 -3 180
 15 3 -1 359
 15 4 0 226
 15 -3 1 263
 15 -3 2 277
 15 -4 1 218
 15 -4 -1 163
 15 4 1 174
 15 -1 -3 140
 105 -2 4 98
 15 -2 3 200
 15 3 0 11
 15 -3 3 312
 15 3 -2 23
 15 -3 -1 75
 15 2 -3 93
 15 -1 3 334
 15 -2 -3 348
 15 -4 0 289
 15 5 0 159
 15 -4 2 175
 15 5 1 320
 105 -1 4 200
 15 0 4 339
 15 1 4 134
 55 -2 1 276
 55 -1 0 115
 55 2 -2 289
 55 -2 -1 142
 55 -1 2 37
 55 1 2 55
 55 0 -1 59
 55 3 3 234
 55 -2 -2 308
 55 2 -1 315
 55 1 -2 102
 55 0 3 105
 55 0 2 35
 55 1 -1 200
 55 1 1 164
 55 -2 0 225
 55 -2 2 190
 55 0 -2 98
 55 3 2 199
 55 2 0 345
 55 2 3 247
 55 2 1 271
 55 1 3 35
 55 0 0 80
 55 -1 -2 289
 55 0 1 187
 55 -1 1 5
 55 2 2 303
 "contig-ratio-green-core" 0.65
 "contig-ratio-red-core" 0.45
 "a-count" 6
 "b-count" 0
 "c-color-count" 28
 "c-express-count" 28
 "d-color-count" 23
 "d-express-count" 22
 "cell-count" 56
 15 -4 -1 278
 15 -2 0 201
 15 4 0 231
 15 0 4 143
 15 -2 1 105
 15 -2 -3 311
 105 -3 2 177
 15 0 -4 71
 15 2 -1 348
 15 3 0 175
 15 -2 2 75
 15 0 -3 291
 15 3 3 27
 15 -3 -1 115
 105 3 -3 28
 15 2 -3 162
 15 -3 -3 351
 15 -4 0 147
 105 3 -2 282
 15 1 -3 189
 105 -1 -3 67
 15 1 -4 270
 15 -3 0 276
 15 3 1 253
 15 3 -1 289
 105 -3 1 296
 15 2 0 276
 15 4 1 25
 55 1 -1 343
 55 0 3 72
 55 -1 -2 206
 55 -1 1 59
 55 0 -1 334
 55 3 2 46
 55 -2 -1 298
 55 2 2 116
 55 2 3 149
 55 1 0 8
 55 -3 -2 286
 55 -2 4 312
 55 0 1 334
 55 0 0 123
 55 -1 0 169
 55 -1 2 102
 55 0 -2 32
 55 1 1 325
 55 2 1 285
 55 0 2 326
 55 -1 4 147
 55 1 2 122
 55 -1 -1 323
 55 1 3 189
 55 1 -2 320
 55 -1 3 7
 55 -2 3 1
 55 -2 -2 245
 "contig-ratio-green-core" 0.6842105263157895
 "contig-ratio-red-core" 0.7058823529411765
 "a-count" 2
 "b-count" 0
 "c-color-count" 28
 "c-express-count" 28
 "d-color-count" 26
 "d-express-count" 26
 "cell-count" 56
 15 2 -3 348
 15 -3 -3 287
 15 -2 -3 138
 15 0 -2 125
 15 4 0 184
 105 3 -3 287
 15 2 3 333
 15 -2 -4 262
 15 -1 -4 151
 15 -2 -2 114
 15 3 -2 327
 15 1 -3 44
 15 -1 -3 310
 15 3 -1 331
 105 0 -3 231
 15 -3 2 309
 15 1 3 193
 15 4 -1 3
 15 1 -2 232
 15 2 -2 139
 15 -3 3 142
 15 -1 -2 173
 15 4 1 354
 15 -4 -1 136
 15 -4 1 312
 15 1 -4 316
 15 3 3 314
 15 -4 0 322
 55 -3 0 248
 55 2 -1 4
 55 0 3 165
 55 1 1 24
 55 2 2 102
 55 -1 0 223
 55 -2 -1 4
 55 2 0 177
 55 -1 3 257
 55 -3 1 180
 55 0 0 195
 55 -2 0 35
 55 0 -1 247
 55 -2 1 158
 55 -1 -1 122
 55 -3 -1 177
 55 3 0 325
 55 -1 2 340
 55 1 2 245
 55 -4 2 247
 55 1 0 48
 55 0 1 290
 55 0 2 101
 55 2 1 351
 55 3 2 304
 55 -1 1 152
 55 -3 -2 29
 55 1 -1 151
 "contig-ratio-green-core" 0.8333333333333334
 "contig-ratio-red-core" 0.65
