 "a-count" 2
 "b-count" 0
 "c-color-count" 28
 "c-express-count" 28
 "d-color-count" 26
 "d-express-count" 26
 "cell-count" 56
 15 -2 2 51
 15 0 -4 250
 15 -1 3 96
 15 -3 1 285
 15 1 3 103
 15 3 2 113
 105 2 3 13
 15 -4 1 353
 15 3 -2 77
 15 2 -2 170
 105 4 1 77
 15 -4 0 301
 15 1 2 201
 15 3 0 228
 15 0 3 219
 15 3 1 326
 15 3 -1 284
 15 -1 4 110
 15 -4 -2 88
 15 4 -1 305
 15 -3 -3 349
 15 -2 3 206
 15 -3 0 29
 15 -3 2 12
 15 -4 -1 319
 15 -3 -1 6
 15 2 2 356
 15 4 0 198
 55 -3 3 99
 55 -1 -1 214
 55 -2 0 135
 55 -1 1 140
 55 -1 -2 197
 55 0 1 40
 55 -1 2 306
 55 2 -1 313
 55 0 -1 4
 55 -2 -3 22
 55 1 -3 210
 55 2 0 251
 55 1 0 284
 55 -1 -3 116
 55 1 -1 37
 55 -3 -2 32
 55 0 -2 191
 55 -2 -1 168
 55 1 1 335
 55 1 -2 35
 55 -1 0 337
 55 0 2 144
 55 0 0 287
 55 -2 -2 328
 55 2 1 109
 55 -1 -4 157
 55 -2 1 215
 55 0 -3 70
 "contig-ratio-green-core" 1
 "contig-ratio-red-core" 0.5217391304347826
 "a-count" 2
 "b-count" 0
 "c-color-count" 28
 "c-express-count" 28
 "d-color-count" 26
 "d-express-count" 26
 "cell-count" 56
 15 -4 0 192
 105 -3 2 182
 15 -3 -1 64
 15 2 -4 207
 15 0 3 1
 15 2 -2 154
 15 -4 1 40
 15 3 -1 223
 15 0 4 219
 105 -2 2 261
 15 3 -2 41
 15 -4 -1 349
 15 2 -3 27
 15 -3 -2 355
 15 3 -3 275
 15 1 3 7
 15 -1 4 288
 15 -1 3 43
 15 1 -3 259
 15 3 3 23
 15 -3 0 269
 15 2 3 25
 15 1 -2 68
 15 0 -3 74
 15 0 -2 59
 15 4 -3 177
 15 1 4 276
 15 1 -4 60
 55 -1 -1 76
 55 1 0 179
 55 2 -1 344
 55 0 0 79
 55 -2 -1 323
 55 -1 2 158
 55 -2 0 113
 55 -1 -4 310
 55 -2 1 169
 55 1 -1 282
 55 0 2 287
 55 2 0 198
 55 2 4 259
 55 2 2 63
 55 3 0 73
 55 2 1 209
 55 3 2 114
 55 -3 1 42
 55 3 1 234
 55 -1 1 205
 55 0 1 338
 55 4 0 155
 55 0 -1 213
 55 -1 -3 165
 55 -1 -2 91
 55 1 2 342
 55 -1 0 8
 55 -2 -2 344
 "contig-ratio-green-core" 0.6
 "contig-ratio-red-core" 0.6521739130434783
 "a-count" 2
 "b-count" 0
 "c-color-count" 28
 "c-express-count" 28
 "d-color-count" 26
 "d-express-count" 26
 "cell-count" 56
 15 -3 -2 24
 15 -4 1 25
 15 4 0 144
 15 3 0 355
 15 -1 2 312
 15 3 -1 236
 15 -3 -1 35
 15 2 -2 138
 15 -1 -4 338
 15 4 1 167
 15 2 -3 61
 15 3 -2 359
 105 -2 -3 319
 15 -3 1 148
 15 -1 3 134
 15 0 2 190
 15 1 -4 126
 15 1 3 240
 15 -4 0 129
 15 3 1 278
 105 -3 -3 272
 15 1 4 6
 15 3 -3 353
 15 0 -4 73
 15 0 3 238
 15 -3 0 281
 15 -4 -1 70
 15 1 2 218
 55 1 1 53
 55 2 3 166
 55 -1 -2 13
 55 -3 2 273
 55 0 -3 137
 55 1 0 173
 55 -2 1 206
 55 -1 -3 102
 55 -1 0 249
 55 -2 2 306
 55 -2 3 345
 55 1 -1 64
 55 0 -1 183
 55 1 -3 243
 55 -2 -2 310
 55 2 2 129
 55 1 -2 96
 55 2 1 170
 55 0 0 140
 55 2 0 206
 55 -1 -1 270
 55 0 1 252
 55 0 -2 59
 55 2 -1 253
 55 4 -1 148
 55 -2 0 13
 55 -2 -1 244
 55 -1 1 275
 "contig-ratio-green-core" 0.9444444444444444
 "contig-ratio-red-core" 0.782608695652174
