 "a-count" 3
 "b-count" 0
 "c-color-count" 28
 "c-express-count" 28
 "d-color-count" 25
 "d-express-count" 25
 "cell-count" 56
 15 2 2 182
 15 -2 -3 292
 15 3 2 135
 15 0 4 214
 15 0 3 123
 105 2 4 175
 15 4 -1 238
 15 -2 4 246
 15 3 3 32
 15 0 -3 330
 15 1 -4 181
 105 4 2 239
 15 -1 -3 199
 105 1 4 311
 15 4 0 98
 15 -2 -2 108
 15 4 1 221
 15 1 3 116
 15 1 -3 182
 15 -3 -2 137
 15 -3 -3 21
 15 -3 -1 29
 15 2 -3 262
 15 -4 -1 261
 15 3 1 110
 15 -2 3 8
 15 -1 4 337
 15 2 3 298
 55 2 1 310
 55 1 0 292
 55 0 2 300
 55 -3 2 267
 55 -1 -2 83
 55 0 1 330
 55 2 -2 221
 55 -3 0 358
 55 -2 -1 323
 55 -3 1 70
 55 -1 1 30
 55 -2 2 137
 55 1 2 121
 55 1 -1 223
 55 -2 0 259
 55 2 0 193
 55 2 -1 311
 55 -1 -1 109
 55 0 -2 354
 55 0 -1 198
 55 1 -2 144
 55 1 1 118
 55 3 -1 263
 55 3 0 176
 55 -1 2 177
 55 -2 1 20
 55 0 -4 221
 55 -1 0 193
 "contig-ratio-green-core" 0.6842105263157895
 "contig-ratio-red-core" 0.631578947368421
 "a-count" 1
 "b-count" 0
 "c-color-count" 28
 "c-express-count" 28
 "d-color-count" 27
 "d-express-count" 27
 "cell-count" 56
 15 -3 -3 167
 15 1 -3 60
 15 -1 4 263
 15 -2 4 238
 15 -4 -1 70
 15 4 -1 85
 15 3 2 207
 15 2 -1 246
 15 1 -4 329
 15 -1 -3 65
 15 -3 -1 293
 15 0 -4 166
 15 4 1 112
 15 -4 2 29
 15 -2 3 215
 105 3 -3 22
 15 3 -1 8
 15 -3 3 75
 15 2 -3 114
 15 4 0 182
 15 3 1 134
 15 2 -2 30
 15 -3 -2 268
 15 -1 5 310
 15 -1 -2 298
 15 -2 -2 148
 15 0 -3 174
 15 -1 -4 115
 55 -3 1 47
 55 -1 1 63
 55 -2 1 307
 55 -1 0 167
 55 -3 0 168
 55 0 1 175
 55 0 0 109
 55 -3 2 56
 55 0 -1 328
 55 -1 3 304
 55 -4 -1 284
 55 -4 1 230
 55 -1 4 272
 55 -3 2 118
 55 -1 2 162
 55 1 2 217
 55 0 3 14
 55 -1 -1 230
 55 1 1 184
 55 -2 -3 304
 55 -4 0 337
 55 -2 2 186
 55 0 2 48
 55 -1 3 148
 55 -2 0 217
 55 -2 2 147
 55 0 4 115
 55 0 5 185
 "contig-ratio-green-core" 0.45
 "contig-ratio-red-core" 0.6190476190476191
 "a-count" 0
 "b-count" 0
 "c-color-count" 28
 "c-express-count" 28
 "d-color-count" 28
 "d-express-count" 28
 "cell-count" 56
 15 3 0 333
 15 -1 -4 11
 15 -3 2 201
 15 0 4 22
 15 -2 -2 94
 15 -3 3 19
 15 0 -3 156
 15 1 3 265
 15 -1 4 273
 15 -3 0 13
 15 1 4 263
 15 -4 2 334
 15 3 1 273
 15 -1 -2 312
 15 4 0 169
 15 -2 3 339
 15 -1 -2 83
 15 -3 1 89
 15 2 -3 322
 15 -3 0 284
 15 2 3 47
 15 -1 -3 128
 15 2 -2 111
 15 -3 -2 196
 15 3 -2 210
 15 0 -4 228
 15 -3 -1 274
 15 3 -1 334
 55 0 3 101
 55 1 1 6
 55 1 -1 282
 55 -1 1 324
 55 -2 -3 276
 55 -2 -1 93
 55 2 -1 196
 55 0 -1 119
 55 1 0 9
 55 -2 -1 55
 55 1 -2 330
 55 -2 0 224
 55 1 -3 301
 55 -2 1 296
 55 0 2 326
 55 0 -2 89
 55 -4 0 40
 55 0 1 23
 55 -2 2 250
 55 -1 3 216
 55 2 1 182
 55 2 0 194
 55 -1 -1 249
 55 -1 2 40
 55 -1 0 347
 55 1 2 58
 55 0 0 203
 55 2 2 254
 "contig-ratio-green-core" 1.1875
 "contig-ratio-red-core" 0.6190476190476191
