 "a-count" 2
 "b-count" 0
 "c-color-count" 28
 "c-express-count" 28
 "d-color-count" 26
 "d-express-count" 26
 "cell-count" 56
 15 3 -2 356
 15 -1 -3 296
 15 5 1 321
 15 -4 0 204
 15 -2 -2 269
 15 -2 -1 123
 15 0 4 188
 15 -3 1 134
 15 4 -1 33
 15 -3 0 19
 15 -3 -2 42
 15 1 -4 245
 105 -1 -4 53
 15 3 3 52
 15 1 4 146
 15 3 -3 172
 15 1 -3 75
 15 -2 0 57
 15 -4 -1 262
 15 0 -3 114
 15 -3 -1 333
 15 -3 2 194
 15 -1 4 134
 15 4 1 162
 15 4 0 70
 15 2 -3 137
 105 -4 1 355
 15 2 -4 267
 55 1 2 12
 55 1 3 23
 55 0 1 225
 55 1 -1 38
 55 -1 1 34
 55 1 -2 191
 55 0 0 141
 55 -2 1 242
 55 2 2 44
 55 3 2 237
 55 0 2 70
 55 -1 0 331
 55 0 3 133
 55 0 -1 4
 55 -2 2 142
 55 2 0 287
 55 -2 3 343
 55 -1 -1 301
 55 2 3 319
 55 3 0 118
 55 0 -2 81
 55 2 -1 72
 55 -1 -2 267
 55 -1 3 317
 55 1 0 41
 55 3 -1 240
 55 3 1 11
 55 1 1 258
 "contig-ratio-green-core" 0.6842105263157895
 "contig-ratio-red-core" 0.5
 "a-count" 0
 "b-count" 0
 "c-color-count" 28
 "c-express-count" 28
 "d-color-count" 28
 "d-express-count" 28
 "cell-count" 56
 15 3 -1 58
 15 -3 0 341
 15 -1 -3 279
 15 4 0 334
 15 2 -3 17
 15 0 -3 346
 15 1 4 87
 15 2 3 294
 15 3 3 115
 15 3 0 209
 15 -3 -1 100
 15 -2 2 230
 15 0 4 216
 15 4 -1 127
 15 -3 2 71
 15 -3 1 317
 15 2 -1 221
 15 -3 3 169
 15 3 -2 111
 15 2 -2 351
 15 4 1 294
 15 -3 -2 180
 15 -4 0 65
 15 -4 1 347
 15 1 -4 5
 15 -1 4 26
 15 0 -4 92
 15 -2 -3 138
 55 -1 1 165
 55 -1 2 27
 55 2 0 121
 55 -2 -1 323
 55 -2 -2 153
 55 -1 -2 275
 55 0 3 49
 55 0 1 58
 55 1 0 205
 55 -1 0 278
 55 3 1 342
 55 1 1 288
 55 2 1 171
 55 1 -2 155
 55 1 3 140
 55 -2 1 157
 55 3 2 109
 55 -3 -3 61
 55 2 2 226
 55 -1 -1 354
 55 1 -1 187
 55 1 2 195
 55 0 -1 243
 55 -4 -1 218
 55 0 -2 335
 55 0 2 222
 55 -2 0 105
 55 -1 3 148
 "contig-ratio-green-core" 0.85
 "contig-ratio-red-core" 0.625
 "a-count" 1
 "b-count" 0
 "c-color-count" 28
 "c-express-count" 28
 "d-color-count" 27
 "d-express-count" 27
 "cell-count" 56
 15 1 2 38
 15 1 2 267
 15 1 -4 323
 15 -2 2 329
 15 3 -2 355
 15 4 -1 337
 15 1 4 123
 15 0 2 9
 15 2 3 190
 15 -1 2 9
 15 -4 -1 175
 15 0 -3 165
 15 1 2 256
 105 3 -3 110
 15 2 -2 117
 15 0 -4 242
 15 3 2 127
 15 -2 -3 33
 15 0 4 247
 15 -3 -2 295
 15 -4 -2 41
 15 2 2 52
 15 2 -3 110
 15 -1 -3 44
 15 1 3 22
 15 1 -2 102
 15 4 -2 260
 15 1 -3 297
 55 0 0 162
 55 -2 1 105
 55 3 1 266
 55 -2 -1 90
 55 2 0 127
 55 -3 -1 124
 55 1 0 346
 55 -1 0 144
 55 -1 -2 163
 55 0 1 263
 55 -1 1 273
 55 -2 -2 322
 55 1 1 120
 55 4 0 284
 55 4 1 194
 55 -3 -3 145
 55 2 -1 121
 55 -1 -4 145
 55 -1 -1 22
 55 3 -1 99
 55 1 -1 328
 55 0 -1 84
 55 1 1 241
 55 0 -2 114
 55 0 1 87
 55 -3 1 115
 55 2 1 285
 55 3 0 274
 "contig-ratio-green-core" 0.8421052631578947
 "contig-ratio-red-core" 0.6086956521739131
 "a-count" 2
 "b-count" 0
 "c-color-count" 28
 "c-express-count" 28
 "d-color-count" 26
 "d-express-count" 26
 "cell-count" 56
 15 2 0 280
 15 0 4 194
 15 -2 2 275
 15 2 -2 13
 15 -4 -3 236
 15 -1 -4 69
 15 -3 -1 102
 15 -4 -1 283
 15 -2 3 96
 15 -1 2 299
 15 -3 2 185
 15 0 3 358
 15 -4 -2 224
 15 2 -3 221
 15 2 -1 296
 15 -1 3 74
 15 1 -1 92
 15 -3 -3 213
 15 3 3 304
 15 3 -1 20
 15 3 -2 170
 15 3 0 110
 15 0 -4 88
 15 3 2 45
 15 3 1 256
 105 4 0 162
 15 -3 -2 5
 105 1 -4 119
 55 -2 0 331
 55 -1 1 325
 55 -3 0 208
 55 2 2 34
 55 1 -3 33
 55 -4 1 13
 55 -2 -3 85
 55 0 1 161
 55 1 1 317
 55 -4 2 346
 55 -2 1 208
 55 -1 0 68
 55 0 0 275
 55 -2 -2 77
 55 0 -3 197
 55 0 -1 358
 55 -2 -1 316
 55 1 0 40
 55 1 3 278
 55 -1 -1 261
 55 -3 1 35
 55 -1 -2 186
 55 -1 -3 151
 55 2 3 248
 55 0 2 3
 55 0 -2 351
 55 2 1 119
 55 1 2 77
 "contig-ratio-green-core" 0.75
 "contig-ratio-red-core" 0.7619047619047619
