 "a-count" 9
 "b-count" 1
 "c-color-count" 27
 "c-express-count" 27
 "d-color-count" 19
 "d-express-count" 19
 "cell-count" 56
 15 1 4 122
 15 4 0 160
 105 4 -1 274
 105 -3 3 118
 15 1 -2 340
 15 3 0 256
 15 2 -1 91
 105 -4 0 296
 105 -1 -4 166
 15 -2 -3 190
 15 4 1 248
 105 -3 0 67
 15 0 -3 228
 15 4 2 17
 15 -5 -1 275
 15 1 0 149
 105 1 -4 297
 15 -1 -2 190
 105 -3 2 229
 105 1 -3 193
 105 0 -4 280
 15 0 -1 341
 15 -4 -1 309
 15 2 0 314
 15 1 -1 316
 15 -2 -2 165
 15 0 -2 336
 15 3 -1 193
 55 -3 1 90
 55 -4 1 34
 55 -3 -2 284
 55 0 3 234
 55 3 -3 113
 55 0 0 324
 55 2 -3 307
 55 0 4 103
 55 -1 1 43
 55 3 3 18
 55 -1 2 21
 55 3 -2 239
 55 2 1 313
 55 -1 0 77
 55 1 1 59
 55 2 2 15
 55 -1 -1 166
 55 -2 -1 127
 55 -2 1 97
 55 -2 0 242
 55 2 3 234
 55 -2 2 152
 55 -3 -3 38
 55 0 1 336
 55 1 2 129
 55 -1 3 306
 5 -1 4 355
 55 1 3 239
 "contig-ratio-green-core" 0.34782608695652173
 "contig-ratio-red-core" 0.5714285714285714
 "a-count" 7
 "b-count" 0
 "c-color-count" 28
 "c-express-count" 28
 "d-color-count" 21
 "d-express-count" 21
 "cell-count" 56
 15 -3 -3 291
 15 -1 1 267
 105 3 -3 339
 15 -3 -1 119
 15 -2 1 261
 15 4 1 346
 15 -1 -3 97
 105 -3 1 74
 15 1 4 37
 15 -2 0 236
 15 0 -4 339
 15 1 -3 313
 15 -1 2 28
 105 -4 -1 280
 15 -3 2 33
 15 0 -3 52
 15 0 4 174
 15 4 -1 157
 15 -2 -1 250
 105 3 1 274
 15 2 -3 1
 105 3 3 159
 105 3 2 32
 15 4 0 8
 15 -2 2 332
 15 1 -4 277
 15 2 2 195
 105 2 3 74
 55 0 0 186
 55 -1 -2 207
 55 -4 0 352
 55 0 1 86
 55 -1 0 262
 55 1 0 322
 55 2 1 148
 55 -2 3 9
 55 1 2 225
 55 0 3 134
 55 2 -2 358
 55 0 2 267
 55 0 -1 297
 55 1 -1 294
 55 -4 1 290
 55 3 0 330
 55 1 -2 180
 55 0 -2 100
 55 -2 -2 261
 55 -3 -2 241
 55 3 -1 25
 55 -1 -1 66
 55 2 0 336
 55 1 1 355
 55 -1 3 83
 55 2 -1 314
 55 -2 -3 154
 55 1 3 89
 "contig-ratio-green-core" 0.8
 "contig-ratio-red-core" 1.0666666666666667
 "a-count" 5
 "b-count" 2
 "c-color-count" 26
 "c-express-count" 26
 "d-color-count" 23
 "d-express-count" 23
 "cell-count" 56
 15 3 -2 235
 15 0 3 112
 15 4 -1 90
 15 -4 1 40
 15 2 1 69
 15 -1 3 249
 15 -3 1 207
 15 1 1 270
 15 2 -3 320
 105 1 3 183
 15 1 2 288
 15 -1 4 347
 105 -3 0 256
 15 -2 -3 337
 15 0 2 190
 15 0 4 294
 15 2 2 37
 15 4 0 226
 15 -4 0 242
 105 3 -1 155
 15 0 1 219
 15 2 3 196
 15 -4 2 1
 15 1 -4 310
 15 -2 -2 130
 105 1 4 43
 105 -3 -2 6
 15 3 0 339
 5 3 -3 254
 55 3 2 107
 55 -1 -1 353
 55 -2 0 229
 55 3 1 350
 55 -1 -2 71
 55 -1 -3 199
 55 0 -3 189
 55 -1 0 55
 55 -2 1 172
 55 2 0 2
 55 1 -1 307
 55 -1 1 100
 55 0 -2 40
 55 1 -3 72
 55 -2 -1 354
 55 -2 2 281
 55 -1 -4 123
 55 2 -1 72
 55 1 0 138
 55 0 -1 326
 55 -1 2 110
 55 0 -4 57
 55 -3 -1 299
 5 1 -2 339
 55 -3 2 343
 55 4 1 66
 55 2 -2 33
 "contig-ratio-green-core" 0.6818181818181818
 "contig-ratio-red-core" 0.6842105263157895
 "a-count" 2
 "b-count" 2
 "c-color-count" 26
 "c-express-count" 26
 "d-color-count" 26
 "d-express-count" 26
 "cell-count" 56
 105 1 4 130
 15 0 3 255
 15 -2 -3 60
 15 -2 -2 95
 15 3 -1 26
 15 2 3 301
 15 1 3 169
 15 -2 2 335
 105 -4 1 21
 15 0 -3 42
 15 0 -2 126
 15 3 3 77
 15 1 -4 277
 15 -1 -2 15
 15 -1 1 95
 15 -2 1 86
 15 2 -2 108
 15 3 2 93
 15 0 2 336
 15 1 -3 159
 15 -1 -3 132
 15 -1 2 77
 15 0 4 254
 15 1 -2 56
 15 -3 1 338
 15 -3 -2 35
 15 2 -3 334
 15 3 -2 173
 55 0 -4 313
 55 2 0 253
 55 2 1 96
 55 3 0 355
 55 -3 3 36
 55 -4 0 300
 55 -1 0 347
 55 -2 -1 185
 55 0 0 1
 5 4 -1 209
 55 -1 -4 245
 55 2 2 153
 55 1 0 331
 55 3 1 66
 55 1 1 332
 5 -1 4 348
 55 0 1 294
 55 -2 0 174
 55 -3 -1 256
 55 1 -1 130
 55 1 2 244
 55 -2 3 342
 55 -1 3 325
 55 -3 0 230
 55 0 -1 3
 55 2 -1 161
 55 -1 -1 88
 55 3 -3 160
 "contig-ratio-green-core" 1
 "contig-ratio-red-core" 0.782608695652174
