 "a-count" 9
 "b-count" 2
 "c-color-count" 26
 "c-express-count" 26
 "d-color-count" 19
 "d-express-count" 19
 "cell-count" 56
 15 3 0 231
 15 2 0 292
 105 2 2 84
 15 -3 3 45
 15 -2 -1 160
 15 1 2 312
 105 -4 1 95
 15 -3 1 35
 15 -2 0 260
 15 0 2 130
 15 3 1 26
 105 -4 -1 283
 15 2 1 10
 15 -2 3 185
 15 4 0 149
 15 -3 0 199
 105 -3 -2 68
 15 1 1 359
 15 2 -3 49
 15 0 1 239
 15 -3 -1 332
 105 -2 -3 235
 15 -2 -2 63
 105 4 1 222
 105 3 3 280
 105 -3 -3 63
 105 2 3 281
 15 -3 2 288
 55 1 0 107
 55 0 4 3
 55 0 3 304
 55 0 -2 86
 55 1 3 189
 55 -1 1 158
 5 -1 -4 104
 55 -1 -2 226
 55 3 -2 323
 55 0 -4 168
 55 -1 3 346
 55 2 -1 297
 55 0 -3 116
 55 1 -1 69
 55 3 -1 253
 55 2 -2 214
 55 -1 2 235
 5 3 -3 224
 55 0 -1 74
 55 1 4 53
 55 -1 -1 267
 55 1 -3 285
 55 -2 2 297
 55 0 0 224
 55 1 -4 19
 55 -1 -3 303
 55 1 -2 233
 55 -1 0 30
 "contig-ratio-green-core" 0.6
 "contig-ratio-red-core" 0.8666666666666667
 "a-count" 9
 "b-count" 0
 "c-color-count" 28
 "c-express-count" 28
 "d-color-count" 19
 "d-express-count" 19
 "cell-count" 56
 105 1 3 123
 105 -2 -3 35
 15 -3 -2 341
 105 3 3 188
 15 4 -1 81
 15 -2 3 256
 15 0 -4 103
 105 2 1 298
 15 1 2 190
 105 -1 -3 262
 15 0 -2 242
 105 2 3 9
 15 0 3 180
 15 3 2 292
 15 0 -3 251
 105 -2 2 15
 15 -1 4 63
 15 -2 -2 246
 15 -1 3 323
 15 1 -3 198
 15 1 1 354
 15 -1 -2 288
 15 2 2 233
 15 0 2 321
 15 -4 -1 74
 15 -4 0 28
 105 -4 1 43
 105 -3 3 83
 55 -3 1 321
 55 -1 0 81
 55 -1 1 44
 55 1 0 274
 55 -1 2 30
 55 0 -1 53
 55 3 1 9
 55 3 0 13
 55 1 -4 252
 55 2 0 128
 55 1 4 20
 55 0 1 288
 55 3 -2 301
 55 0 4 314
 55 4 0 186
 55 -2 1 330
 55 -2 -1 115
 55 2 -3 314
 55 2 -1 315
 55 1 -1 157
 55 2 -2 219
 55 -3 -1 271
 55 -1 -1 350
 55 3 -1 218
 55 -3 0 165
 55 0 0 60
 55 -2 0 275
 55 1 -2 160
 "contig-ratio-green-core" 0.7368421052631579
 "contig-ratio-red-core" 0.8571428571428571
 "a-count" 9
 "b-count" 0
 "c-color-count" 28
 "c-express-count" 28
 "d-color-count" 19
 "d-express-count" 19
 "cell-count" 56
 15 0 1 177
 105 1 -4 2
 15 -3 -2 108
 15 -4 1 82
 15 3 -2 163
 15 -1 -2 134
 105 1 2 61
 105 4 -1 39
 15 0 3 244
 15 1 -3 301
 15 0 -3 347
 15 -3 3 163
 15 -1 3 350
 15 0 -2 154
 15 -2 -3 306
 15 -1 4 280
 105 -1 -4 105
 15 2 3 138
 105 -3 -1 191
 15 0 2 7
 105 1 1 330
 15 1 -2 169
 105 1 4 195
 105 0 4 175
 15 2 -3 283
 15 -1 -3 288
 105 1 3 261
 15 -2 -2 331
 55 -4 0 58
 55 -2 3 14
 55 4 0 52
 55 -1 1 170
 55 3 0 258
 55 2 1 349
 55 0 0 116
 55 -1 -1 164
 55 -2 0 64
 55 -3 1 148
 55 -4 -1 2
 55 2 2 60
 55 -1 0 3
 55 1 0 57
 55 -3 2 338
 55 -2 2 212
 55 -1 2 111
 55 0 -1 272
 55 -2 1 352
 55 -3 0 245
 55 2 -1 180
 55 -2 4 0
 55 3 3 243
 55 1 -1 101
 55 3 1 268
 55 3 2 117
 55 2 0 265
 55 2 -2 89
 "contig-ratio-green-core" 0.5217391304347826
 "contig-ratio-red-core" 0.8461538461538461
 "a-count" 5
 "b-count" 3
 "c-color-count" 25
 "c-express-count" 25
 "d-color-count" 23
 "d-express-count" 23
 "cell-count" 56
 105 4 -1 316
 15 1 -2 187
 15 3 1 13
 15 2 -2 234
 15 1 -1 27
 105 4 0 280
 15 1 4 132
 105 2 -1 29
 15 1 -3 254
 15 -3 -1 322
 15 -3 -2 343
 105 -3 3 240
 15 -2 2 311
 15 -2 -2 249
 15 -3 0 7
 15 3 -1 223
 15 0 3 185
 105 -1 4 280
 15 3 0 171
 15 -1 3 205
 15 -1 2 223
 15 -4 0 169
 15 1 -4 111
 15 0 4 218
 15 -2 -3 303
 15 -4 -1 230
 15 -4 -2 298
 15 -2 3 111
 55 0 0 64
 55 3 2 305
 55 2 2 30
 55 0 -2 33
 55 2 -3 15
 5 1 3 62
 55 2 0 302
 55 -1 -2 249
 55 0 -4 113
 55 -2 0 221
 55 0 -1 156
 5 3 -2 70
 55 -2 1 350
 55 0 -3 20
 55 1 0 125
 55 -4 1 302
 55 -1 0 215
 55 -2 -1 305
 55 1 1 26
 55 -3 1 154
 55 -3 2 70
 55 -1 1 71
 55 2 1 232
 55 -1 -1 163
 55 -1 -3 34
 55 0 1 99
 5 3 3 336
 55 1 2 90
 "contig-ratio-green-core" 0.65
 "contig-ratio-red-core" 0.8095238095238095
