 "a-count" 5
 "b-count" 0
 "c-color-count" 28
 "c-express-count" 28
 "d-color-count" 23
 "d-express-count" 23
 "cell-count" 56
 15 1 -3 173
 15 0 3 144
 15 2 2 235
 15 0 -4 35
 15 -1 -4 190
 15 4 1 196
 15 2 -3 182
 105 3 3 164
 15 3 2 11
 15 3 -1 163
 15 1 2 270
 105 3 -3 74
 15 -1 5 87
 15 -3 -1 141
 15 3 -2 231
 15 -1 4 55
 15 0 4 298
 15 -3 0 109
 15 2 -1 153
 15 1 3 129
 15 -3 1 241
 105 -2 -3 237
 15 0 -3 339
 15 2 -2 65
 15 -1 3 120
 105 1 4 250
 15 -4 1 94
 105 1 -4 265
 55 0 1 121
 55 0 -1 96
 55 0 -2 184
 55 -1 -2 322
 55 -1 0 158
 55 1 1 272
 55 3 1 317
 55 -1 -3 53
 55 -1 1 60
 55 1 -1 15
 55 -2 0 7
 55 -2 -2 41
 55 2 1 336
 55 2 0 93
 55 -2 1 349
 55 -2 -1 277
 55 1 0 119
 55 2 3 153
 55 0 2 6
 55 -1 2 214
 55 -3 -2 230
 55 1 -2 109
 55 -1 -1 123
 55 -2 2 19
 55 3 0 285
 55 0 0 12
 55 4 0 10
 55 -3 2 228
 "contig-ratio-green-core" 0.7894736842105263
 "contig-ratio-red-core" 0.75
 "a-count" 4
 "b-count" 0
 "c-color-count" 28
 "c-express-count" 28
 "d-color-count" 24
 "d-express-count" 24
 "cell-count" 56
 15 1 -3 98
 15 3 0 193
 15 -2 4 207
 15 -2 -3 74
 15 1 3 79
 15 -4 1 273
 105 3 -3 202
 15 -2 1 177
 15 -4 0 349
 15 0 1 324
 15 -1 2 174
 15 1 2 288
 15 -3 1 305
 15 -3 0 62
 15 -1 0 260
 15 1 1 29
 15 3 1 347
 105 -3 -3 265
 15 -3 -1 44
 15 0 2 190
 15 -2 -2 270
 15 2 2 172
 105 3 -2 344
 105 -3 -2 340
 15 -2 0 303
 15 -2 2 309
 15 -2 -1 230
 15 4 0 111
 55 -3 3 126
 55 2 -1 283
 55 -1 3 46
 55 2 4 184
 55 0 -3 290
 55 1 0 85
 55 0 -1 294
 55 -1 -3 229
 55 -1 -2 56
 55 -3 2 125
 55 3 2 174
 55 3 3 127
 55 0 -2 207
 55 2 -2 179
 55 0 -4 121
 55 -1 -4 106
 55 1 4 195
 55 1 -4 25
 55 1 -2 226
 55 4 -1 321
 55 2 0 52
 55 -2 3 318
 55 -1 4 238
 55 -1 -1 345
 55 1 -1 349
 55 0 0 93
 55 -4 -1 205
 55 0 4 112
 "contig-ratio-green-core" 0.7
 "contig-ratio-red-core" 0.6666666666666666
 "a-count" 8
 "b-count" 0
 "c-color-count" 28
 "c-express-count" 28
 "d-color-count" 20
 "d-express-count" 20
 "cell-count" 56
 15 -2 0 86
 105 4 0 123
 15 1 -4 21
 15 3 -1 350
 15 -2 -2 325
 15 2 -3 185
 15 0 3 294
 105 -4 1 144
 15 -2 1 122
 15 -2 -3 233
 15 -3 1 55
 105 -4 0 309
 105 4 1 25
 15 3 1 84
 15 2 -2 100
 15 1 2 313
 15 0 2 133
 105 -1 4 330
 15 -2 -1 245
 15 2 3 152
 15 3 -2 21
 105 -4 -1 80
 15 -3 -1 190
 15 -1 3 177
 15 1 3 21
 105 3 -3 216
 15 3 0 298
 105 2 -4 314
 55 -2 3 155
 55 0 -3 117
 55 -1 1 93
 55 0 -2 24
 55 -3 3 264
 55 1 -2 162
 55 0 -1 226
 55 -1 0 24
 55 1 4 59
 55 0 0 69
 55 2 -1 89
 55 -3 2 234
 55 1 0 1
 55 1 -3 107
 55 -1 -2 318
 55 -1 -3 45
 55 0 -4 337
 55 -1 -1 178
 55 2 1 166
 55 -2 2 84
 55 1 -1 15
 55 2 0 145
 55 3 2 137
 55 3 3 292
 55 1 1 230
 55 0 4 257
 55 -1 2 253
 55 0 1 284
 "contig-ratio-green-core" 0.8181818181818182
 "contig-ratio-red-core" 1.2
 "a-count" 8
 "b-count" 2
 "c-color-count" 26
 "c-express-count" 26
 "d-color-count" 21
 "d-express-count" 20
 "cell-count" 56
 15 -2 -2 0
 15 1 0 283
 15 0 2 255
 15 4 1 83
 15 -1 -4 349
 15 1 1 342
 15 1 3 331
 105 2 -2 185
 15 -1 1 115
 15 1 2 56
 15 -1 2 254
 15 2 0 167
 105 2 -3 150
 105 -3 3 218
 15 -3 -2 149
 15 0 0 251
 15 -1 0 321
 105 -1 3 290
 15 -2 2 25
 15 -2 -3 269
 105 0 3 47
 15 0 1 292
 15 -3 2 87
 15 -2 1 101
 15 1 -1 93
 15 2 1 13
 105 3 -2 33
 105 -2 3 268
 55 1 -3 212
 55 -2 0 141
 55 3 3 303
 55 1 4 22
 55 0 -3 207
 55 -1 -3 221
 55 1 -2 17
 55 3 -1 26
 55 2 2 253
 55 -1 -1 127
 55 -3 -1 116
 55 3 0 244
 55 3 1 140
 55 0 -2 169
 55 -3 -3 81
 55 4 -1 135
 55 3 2 125
 55 -3 1 203
 55 -2 -1 7
 55 4 0 239
 5 2 3 1
 55 0 -1 168
 5 -4 1 194
 55 0 4 155
 55 0 -4 337
 55 -3 0 169
 55 -1 4 272
 55 -1 -2 324
 "contig-ratio-green-core" 0.6666666666666666
 "contig-ratio-red-core" 1.1666666666666667
