 "a-count" 5
 "b-count" 1
 "c-color-count" 27
 "c-express-count" 27
 "d-color-count" 23
 "d-express-count" 23
 "cell-count" 56
 105 -3 2 202
 15 -4 1 89
 15 -1 4 114
 15 -3 3 61
 15 2 2 34
 105 3 -2 245
 15 -3 -1 164
 15 4 0 53
 15 2 -1 224
 15 2 -2 146
 15 -2 1 30
 15 1 -4 113
 15 1 -3 22
 15 -4 0 91
 15 1 -2 343
 15 -3 0 231
 105 3 2 21
 15 -4 -1 252
 15 2 -3 100
 15 2 0 305
 15 0 4 55
 15 -3 -2 227
 15 2 1 127
 15 -1 3 318
 105 3 -1 159
 15 3 0 214
 15 -3 1 214
 105 -2 2 229
 55 0 -2 272
 55 1 3 78
 55 0 -3 85
 55 -1 0 197
 55 1 0 327
 55 -1 2 83
 55 -1 1 273
 55 1 1 154
 55 -1 -2 60
 55 1 -1 73
 55 0 2 219
 55 -1 -1 197
 55 1 2 153
 5 -1 -4 34
 55 0 0 58
 55 -2 3 355
 55 0 -4 285
 55 -1 -3 258
 55 1 4 346
 55 -2 0 294
 55 0 1 261
 55 2 3 234
 55 -2 -1 254
 55 3 3 329
 55 -2 -3 290
 55 0 -1 224
 55 -2 -2 15
 55 0 3 19
 "contig-ratio-green-core" 0.8125
 "contig-ratio-red-core" 0.75
 "a-count" 3
 "b-count" 2
 "c-color-count" 26
 "c-express-count" 26
 "d-color-count" 25
 "d-express-count" 25
 "cell-count" 56
 15 2 3 207
 15 -3 1 273
 15 3 1 310
 15 0 0 57
 15 -2 3 60
 15 1 -3 149
 15 0 1 260
 15 -3 0 281
 105 1 -4 284
 15 4 -1 229
 15 -4 -1 347
 15 1 -1 243
 15 3 2 350
 15 -3 2 6
 15 -3 -1 208
 15 2 1 335
 15 2 2 52
 15 0 -4 101
 15 -3 3 193
 15 2 0 68
 105 2 -3 251
 15 -3 -2 78
 15 0 -3 132
 15 1 0 301
 15 0 -2 68
 15 0 -1 291
 15 1 1 105
 105 1 -2 35
 55 0 3 119
 55 -1 -2 276
 55 4 1 62
 55 1 2 162
 55 -1 0 79
 55 -1 3 224
 55 4 0 230
 55 -2 -2 292
 5 -4 1 216
 55 3 -2 22
 55 -1 -1 65
 55 0 2 73
 55 -2 -1 43
 55 -2 -3 99
 55 2 -2 276
 55 1 3 215
 55 -1 2 345
 55 -1 -3 75
 55 -2 0 22
 55 -2 1 344
 55 -1 1 198
 55 -4 0 144
 5 3 3 341
 55 -3 -3 136
 55 2 -1 45
 55 3 -1 229
 55 -2 2 355
 55 3 0 8
 "contig-ratio-green-core" 0.76
 "contig-ratio-red-core" 0.9444444444444444
 "a-count" 2
 "b-count" 7
 "c-color-count" 21
 "c-express-count" 21
 "d-color-count" 26
 "d-express-count" 26
 "cell-count" 56
 15 0 -2 251
 15 0 4 192
 15 -4 0 304
 15 -3 2 260
 15 2 3 297
 15 1 -1 98
 15 2 -3 355
 15 -2 -3 244
 15 -2 -2 182
 15 0 -1 241
 15 0 0 319
 105 -3 -1 167
 15 -3 0 14
 15 3 2 234
 15 -1 0 311
 15 0 -3 336
 15 2 2 58
 15 0 1 106
 15 -1 -2 250
 15 1 1 255
 15 1 0 212
 15 0 2 12
 15 -2 0 44
 105 -4 -1 358
 15 -3 1 227
 15 1 2 89
 15 -2 -1 98
 15 -1 -1 125
 5 -4 1 264
 55 -1 -4 226
 55 0 3 94
 5 -1 3 228
 5 3 -2 102
 5 1 4 103
 5 -2 1 249
 55 2 1 219
 55 -3 -3 285
 55 0 -4 358
 55 4 0 104
 55 3 -1 257
 5 -2 3 169
 55 -2 2 320
 55 2 0 134
 55 2 -1 22
 55 3 1 12
 55 -1 2 108
 55 3 3 123
 55 1 -3 162
 5 -1 1 155
 55 1 3 182
 55 3 0 122
 55 4 -1 18
 55 -3 3 199
 55 1 -4 87
 55 2 -2 153
 55 1 -2 214
 "contig-ratio-green-core" 0.7857142857142857
 "contig-ratio-red-core" 0.7777777777777778
 "a-count" 6
 "b-count" 0
 "c-color-count" 28
 "c-express-count" 28
 "d-color-count" 22
 "d-express-count" 22
 "cell-count" 56
 105 -3 1 170
 15 0 2 115
 15 1 2 48
 15 3 -1 357
 15 1 3 154
 15 3 3 306
 15 3 1 140
 15 1 -3 182
 105 -2 3 153
 15 2 0 73
 15 0 3 88
 15 -2 -3 348
 15 3 0 270
 15 2 -2 274
 15 0 -4 322
 15 1 -4 279
 15 -1 3 163
 105 -1 4 129
 15 1 1 240
 105 1 4 6
 15 2 1 185
 15 -4 1 50
 105 -1 -3 19
 15 -4 2 173
 15 2 -1 26
 105 2 -3 276
 15 -1 -4 270
 15 -3 -3 340
 55 2 3 329
 55 0 0 212
 55 4 -1 58
 55 2 2 109
 55 -2 0 74
 55 3 -2 86
 55 -2 1 349
 55 -2 -1 252
 55 -1 1 166
 55 -3 -1 222
 55 -4 -1 350
 55 0 1 87
 55 -3 0 144
 55 0 -2 61
 55 4 1 214
 55 1 0 101
 55 0 -1 98
 55 3 2 155
 55 4 0 341
 55 -3 -2 233
 55 -1 2 299
 55 1 -2 99
 55 -2 2 239
 55 -1 -1 182
 55 1 -1 296
 55 -2 -2 357
 55 -1 -2 132
 55 -1 0 95
 "contig-ratio-green-core" 0.8333333333333334
 "contig-ratio-red-core" 0.7222222222222222
