 "a-count" 6
 "b-count" 0
 "c-color-count" 28
 "c-express-count" 28
 "d-color-count" 22
 "d-express-count" 22
 "cell-count" 56
 15 0 0 357
 15 -1 0 335
 105 3 -3 343
 15 1 -4 12
 15 -4 -1 204
 15 4 -1 149
 105 1 4 120
 15 -1 1 84
 15 0 3 197
 15 1 3 288
 105 -2 -2 301
 105 0 4 227
 15 -1 -1 164
 15 1 2 111
 15 0 2 14
 105 2 -3 307
 15 3 -2 88
 15 0 1 313
 105 -1 4 293
 15 2 3 45
 15 -2 0 42
 15 -2 1 46
 15 0 -2 193
 15 0 -1 122
 15 -1 3 69
 15 -2 2 257
 15 -1 -2 171
 15 -1 2 302
 55 -4 1 187
 55 4 1 243
 55 0 -3 221
 55 2 1 63
 55 3 -1 182
 55 -3 1 3
 55 2 -2 3
 55 2 -1 179
 55 -3 -1 315
 55 -3 0 293
 55 -3 -2 100
 55 1 0 346
 55 4 0 165
 55 3 0 294
 55 3 1 123
 55 1 -1 100
 55 2 0 359
 55 1 -3 129
 55 -1 -3 166
 55 1 1 21
 55 -1 -4 42
 55 -4 0 304
 55 -3 3 183
 55 -2 -3 158
 55 0 -4 125
 55 2 2 348
 55 1 -2 71
 55 -3 2 315
 "contig-ratio-green-core" 0.5909090909090909
 "contig-ratio-red-core" 0.9230769230769231
 "a-count" 11
 "b-count" 1
 "c-color-count" 27
 "c-express-count" 27
 "d-color-count" 19
 "d-express-count" 17
 "cell-count" 56
 15 -2 -2 120
 15 1 -4 12
 105 0 3 345
 105 2 -3 264
 15 1 0 162
 15 1 3 56
 105 -2 1 228
 15 2 -1 143
 15 -2 2 99
 105 -2 -3 23
 15 4 1 336
 15 3 -1 295
 15 1 0 313
 15 -4 -1 73
 105 3 -3 257
 15 0 2 187
 105 -3 1 216
 105 4 0 27
 15 0 1 218
 105 4 -1 151
 15 3 3 326
 15 1 1 225
 15 -1 1 201
 105 1 -3 214
 15 -1 2 135
 15 1 -1 195
 15 1 1 75
 15 2 0 111
 55 -1 0 356
 55 2 2 114
 55 3 -2 275
 55 -1 -1 211
 55 -1 -2 26
 55 1 -2 292
 55 1 2 137
 55 0 0 44
 5 -3 2 126
 55 0 -4 141
 55 2 1 66
 55 2 2 16
 55 2 3 337
 55 -2 0 33
 55 0 -1 330
 55 2 1 245
 55 2 -2 327
 55 -2 3 299
 55 3 1 323
 55 0 -3 151
 55 -2 -1 300
 55 3 1 266
 55 0 -2 355
 55 -1 3 330
 55 0 0 231
 55 3 2 277
 55 -3 -1 244
 55 3 0 6
 "contig-ratio-green-core" 0.9
 "contig-ratio-red-core" 1.125
 "a-count" 4
 "b-count" 0
 "c-color-count" 28
 "c-express-count" 28
 "d-color-count" 25
 "d-express-count" 24
 "cell-count" 56
 15 0 0 77
 15 -2 -1 205
 15 1 -4 50
 15 -1 0 295
 15 -1 -1 23
 105 0 -1 292
 15 -1 -2 90
 15 2 2 259
 15 1 4 119
 105 -3 -3 92
 15 -2 1 300
 15 4 0 258
 15 2 1 135
 15 0 1 255
 15 -1 1 92
 15 -1 -3 200
 15 4 -1 223
 15 0 -2 348
 15 -3 3 114
 105 4 1 142
 15 -2 3 123
 15 -4 1 239
 15 -3 2 124
 15 1 1 296
 15 -2 0 162
 15 -2 -2 258
 15 1 -1 151
 15 1 0 190
 55 -4 0 75
 55 1 3 29
 55 0 2 245
 55 1 2 299
 55 -3 -2 180
 55 3 2 337
 55 3 -1 180
 55 2 -1 122
 55 -1 -4 101
 55 -3 0 328
 55 -2 2 337
 55 -2 -3 309
 55 -3 1 345
 55 2 -2 138
 55 0 -4 42
 55 3 0 291
 55 3 3 39
 55 2 -3 204
 55 -3 -1 324
 55 -1 2 231
 55 2 3 130
 55 -1 3 312
 55 0 4 206
 55 0 -3 193
 55 0 3 32
 55 1 -2 139
 55 2 0 340
 55 1 -3 13
 "contig-ratio-green-core" 0.7916666666666666
 "contig-ratio-red-core" 1.0588235294117647
 "a-count" 3
 "b-count" 1
 "c-color-count" 27
 "c-express-count" 27
 "d-color-count" 25
 "d-express-count" 25
 "cell-count" 56
 15 -3 -2 28
 15 -2 -2 211
 15 1 3 24
 15 0 3 235
 15 1 -4 300
 15 -2 -1 193
 15 0 2 281
 15 -3 -1 18
 15 0 1 178
 105 1 4 164
 15 0 4 50
 105 2 2 47
 15 -1 3 293
 15 1 2 12
 15 4 -1 359
 15 1 1 99
 105 -4 1 176
 15 -1 -4 194
 15 3 1 19
 15 2 1 341
 15 2 -3 352
 15 3 -2 6
 15 -2 0 275
 15 -3 1 230
 15 3 -3 251
 15 0 -4 56
 15 -3 0 74
 15 3 2 263
 55 -1 -2 29
 55 1 -2 55
 55 -1 -3 50
 5 -3 3 349
 55 4 2 231
 55 0 -2 322
 55 0 -3 108
 55 4 1 95
 55 3 0 222
 55 -1 -1 67
 55 -1 0 242
 55 0 -1 159
 55 1 -3 142
 55 -4 -1 26
 55 3 -1 202
 55 4 0 63
 55 1 -1 275
 55 -2 3 7
 55 -3 2 205
 55 -2 2 217
 55 0 0 80
 55 2 0 292
 55 -2 1 204
 55 1 0 63
 55 2 -2 265
 55 2 -1 55
 55 -1 1 97
 55 -2 -3 255
 "contig-ratio-green-core" 0.8
 "contig-ratio-red-core" 0.9047619047619048
