 "a-count" 6
 "b-count" 0
 "c-color-count" 28
 "c-express-count" 28
 "d-color-count" 22
 "d-express-count" 22
 "cell-count" 56
 15 3 2 63
 15 -3 -1 334
 15 2 -3 5
 105 1 -3 306
 15 -1 3 349
 15 -1 -3 17
 15 2 2 323
 15 -2 -1 46
 15 4 1 241
 15 -3 -2 243
 15 -3 0 293
 15 0 3 240
 105 -4 -1 84
 15 2 1 186
 15 -1 -2 344
 15 -4 1 149
 15 -2 -2 133
 105 3 -2 88
 15 2 -2 195
 15 3 1 3
 105 0 -4 46
 15 1 4 342
 15 1 2 357
 105 -4 0 308
 15 -1 -4 248
 105 -3 3 71
 15 4 0 127
 15 1 3 98
 55 1 0 114
 55 -2 -3 61
 55 -2 1 178
 55 -1 -1 69
 55 3 3 58
 55 2 3 8
 55 0 0 61
 55 -3 -3 151
 55 0 -1 129
 55 -2 2 278
 55 -1 2 127
 55 -2 3 257
 55 -2 0 157
 55 -1 0 276
 55 2 0 186
 55 -3 2 177
 55 3 0 223
 55 4 -1 262
 55 0 1 184
 55 1 -1 91
 55 0 -2 281
 55 -3 1 80
 55 3 -1 249
 55 1 1 111
 55 -1 1 248
 55 0 2 206
 55 1 -2 149
 55 2 -1 202
 "contig-ratio-green-core" 0.8947368421052632
 "contig-ratio-red-core" 0.8947368421052632
 "a-count" 4
 "b-count" 1
 "c-color-count" 27
 "c-express-count" 27
 "d-color-count" 25
 "d-express-count" 24
 "cell-count" 56
 15 -1 2 342
 15 -2 0 143
 15 -3 0 357
 15 -2 2 173
 15 0 2 56
 15 -1 3 132
 15 2 2 144
 15 -4 -1 59
 15 3 0 139
 15 1 1 20
 15 3 -1 92
 15 -2 1 149
 15 -1 1 316
 15 1 -4 320
 15 1 -3 83
 105 -2 -3 273
 15 -1 0 321
 15 0 3 109
 15 4 -1 309
 105 2 0 224
 15 0 1 321
 105 -3 3 50
 15 3 1 193
 15 2 1 348
 15 1 4 267
 15 -3 -1 347
 15 -3 -2 102
 15 2 -3 130
 55 -2 3 172
 55 -4 1 67
 55 -2 -1 197
 55 0 0 301
 55 0 -2 190
 55 2 3 145
 55 -2 -2 154
 55 -1 4 111
 55 -3 1 75
 55 -1 5 17
 55 -1 -4 83
 55 0 -1 255
 55 0 -3 221
 55 -3 2 24
 55 0 -4 54
 55 -1 -2 103
 55 -1 -3 96
 55 1 3 3
 55 2 -1 42
 55 1 0 84
 55 3 -2 42
 55 -4 2 81
 55 0 4 184
 5 1 -1 216
 55 -4 0 7
 55 1 -2 337
 55 -1 -1 61
 55 2 -2 66
 "contig-ratio-green-core" 0.782608695652174
 "contig-ratio-red-core" 0.9
 "a-count" 9
 "b-count" 2
 "c-color-count" 26
 "c-express-count" 26
 "d-color-count" 19
 "d-express-count" 19
 "cell-count" 56
 15 3 1 212
 105 -2 3 112
 105 1 -4 227
 15 1 -3 38
 105 1 4 53
 15 0 1 350
 15 0 -4 312
 105 3 3 10
 15 4 1 129
 15 -1 1 153
 105 -1 4 49
 15 2 1 89
 15 1 1 122
 105 -1 2 102
 15 3 2 164
 105 3 -3 167
 15 -2 1 314
 15 0 -3 34
 15 0 2 135
 105 2 -3 148
 15 -2 -3 253
 15 -1 -3 67
 15 -2 2 221
 15 1 2 34
 15 -3 -3 140
 15 -4 -1 145
 105 -1 3 18
 15 -4 0 114
 55 2 3 85
 55 2 -2 66
 55 3 -1 148
 55 -1 -1 307
 55 4 -1 239
 55 1 0 53
 55 0 3 165
 55 2 -1 77
 55 0 0 128
 55 -3 0 205
 55 -3 -1 257
 55 -2 0 113
 55 -3 -2 241
 5 3 0 238
 5 0 -1 359
 55 1 -2 209
 55 -1 -4 147
 55 -1 0 57
 55 -2 -1 165
 55 1 -1 74
 55 -2 -2 198
 55 -4 1 118
 55 -1 -2 227
 55 2 0 153
 55 -3 1 80
 55 -3 2 82
 55 0 -2 261
 55 1 3 271
 "contig-ratio-green-core" 0.7
 "contig-ratio-red-core" 1
