 "a-count" 6
 "b-count" 0
 "c-color-count" 28
 "c-express-count" 28
 "d-color-count" 23
 "d-express-count" 22
 "cell-count" 56
 15 -2 -3 34
 15 -4 0 199
 15 -3 0 246
 15 1 -4 341
 15 4 -1 244
 15 1 3 344
 15 -2 -1 212
 15 -3 -2 91
 15 3 3 338
 15 -2 0 30
 105 1 4 36
 15 -1 1 310
 15 0 4 180
 15 -3 3 359
 105 -1 -3 112
 15 -2 -2 131
 105 3 -2 1
 15 2 -4 56
 15 -3 1 274
 15 3 -1 106
 15 -2 1 74
 15 -3 2 161
 15 2 -3 218
 15 -1 0 341
 15 0 3 308
 105 1 -3 64
 105 -3 -1 340
 15 3 0 13
 55 1 2 24
 55 -2 2 201
 55 2 3 127
 55 3 2 103
 55 2 -2 285
 55 0 1 23
 55 3 1 235
 55 -1 -1 295
 55 -1 -2 248
 55 2 2 331
 55 -4 -1 175
 55 0 0 90
 55 0 2 298
 55 0 -3 108
 55 2 0 126
 55 1 1 180
 55 2 -1 256
 55 1 -1 66
 55 -3 -3 346
 55 0 -2 117
 55 -1 4 326
 55 0 -1 240
 55 -1 3 261
 55 1 -2 283
 55 2 1 18
 55 1 0 255
 55 -4 1 259
 55 -1 2 23
 "contig-ratio-green-core" 0.7647058823529411
 "contig-ratio-red-core" 0.9473684210526315
 "a-count" 5
 "b-count" 0
 "c-color-count" 28
 "c-express-count" 28
 "d-color-count" 23
 "d-express-count" 23
 "cell-count" 56
 15 -1 2 0
 15 4 0 177
 15 3 -2 123
 15 -3 -2 156
 105 -1 -1 64
 15 0 -1 249
 15 -3 2 266
 15 2 3 242
 15 3 1 300
 105 -1 0 289
 15 2 -3 94
 15 3 -3 210
 15 -2 -2 197
 15 3 -1 219
 15 0 2 65
 15 -1 4 10
 105 4 1 110
 105 0 -4 0
 15 3 2 235
 15 -2 -3 132
 15 0 1 112
 15 -1 -2 88
 15 2 4 40
 15 3 0 105
 15 -2 1 273
 105 -1 1 11
 15 0 0 199
 15 -2 2 101
 55 2 1 59
 55 -4 0 190
 55 2 0 226
 55 0 3 280
 55 -2 3 12
 55 1 0 299
 55 1 3 96
 55 -1 -3 33
 55 -3 0 227
 55 0 -3 97
 55 1 4 45
 55 1 -2 337
 55 2 -1 244
 55 1 2 272
 55 1 1 223
 55 3 3 310
 55 0 4 26
 55 2 -2 161
 55 -3 -1 71
 55 1 -1 324
 55 1 -3 45
 55 -2 0 240
 55 0 -2 26
 55 2 2 299
 55 -1 3 229
 55 -2 -1 129
 55 -4 -1 241
 55 -3 3 103
 "contig-ratio-green-core" 0.7916666666666666
 "contig-ratio-red-core" 1.05
 "a-count" 6
 "b-count" 1
 "c-color-count" 27
 "c-express-count" 27
 "d-color-count" 24
 "d-express-count" 22
 "cell-count" 56
 15 2 1 185
 15 1 2 347
 15 -1 -3 260
 15 0 2 66
 15 1 -1 125
 15 3 -1 200
 15 0 -3 236
 105 3 3 103
 105 -3 3 106
 15 3 0 142
 15 1 -2 350
 15 0 -2 257
 105 1 3 79
 15 -1 3 215
 15 1 -3 209
 105 2 2 46
 15 -2 3 26
 15 -3 -3 324
 15 -1 -2 172
 15 0 -4 349
 15 2 0 138
 15 2 -1 188
 15 1 -4 186
 15 1 1 147
 15 1 0 228
 15 3 1 354
 15 0 3 131
 15 -4 0 160
 55 -3 1 358
 55 3 -2 240
 55 4 1 67
 55 0 -1 153
 55 -2 -3 219
 55 -3 -1 84
 55 -3 0 292
 55 2 -2 189
 55 -3 2 328
 55 -1 2 186
 55 -1 -4 139
 55 -4 1 31
 55 0 1 91
 55 4 0 294
 55 0 0 291
 55 -1 4 184
 55 0 4 66
 55 -1 1 320
 55 2 3 134
 55 -1 0 170
 55 -2 0 184
 55 -3 -2 92
 55 -2 2 131
 5 3 2 188
 55 -1 -1 181
 55 -2 -1 290
 55 -2 -2 85
 55 -2 1 112
 "contig-ratio-green-core" 0.8947368421052632
 "contig-ratio-red-core" 0.8125
 "a-count" 10
 "b-count" 2
 "c-color-count" 26
 "c-express-count" 26
 "d-color-count" 18
 "d-express-count" 18
 "cell-count" 56
 15 -4 -1 296
 15 3 0 25
 15 0 2 25
 105 1 4 237
 105 -1 1 356
 15 -2 -1 73
 15 3 -2 47
 15 -1 2 35
 15 3 -1 27
 105 -2 0 165
 105 0 4 314
 15 -1 -1 135
 105 -2 1 310
 105 -2 -3 139
 15 -2 2 232
 15 -1 0 154
 105 -2 3 197
 15 -1 -2 263
 15 -2 -2 73
 105 4 0 247
 105 4 1 63
 105 4 -1 100
 15 -1 3 279
 15 2 3 342
 15 0 3 33
 15 0 1 70
 15 1 3 201
 15 3 -3 112
 55 1 2 280
 55 1 0 258
 55 2 2 31
 55 -3 -2 170
 55 3 1 216
 55 -4 1 181
 55 2 -1 103
 55 1 -1 188
 55 2 1 353
 55 -3 0 76
 55 -3 3 358
 55 -3 -1 110
 55 -3 1 246
 55 2 0 348
 55 0 -4 53
 55 1 -3 63
 55 2 -2 150
 55 -3 2 240
 55 0 -1 243
 55 -1 -4 279
 55 -4 2 288
 55 -4 0 292
 55 0 -2 298
 55 1 1 213
 55 0 -3 21
 5 1 -4 220
 55 0 0 325
 5 1 -2 247
 "contig-ratio-green-core" 0.5909090909090909
 "contig-ratio-red-core" 0.8571428571428571
