 "a-count" 1
 "b-count" 2
 "c-color-count" 26
 "c-express-count" 26
 "d-color-count" 28
 "d-express-count" 27
 "cell-count" 56
 15 -3 0 76
 15 3 -1 352
 15 2 -4 46
 15 1 2 349
 15 -3 -1 253
 15 0 3 55
 15 -2 0 95
 15 -1 3 325
 15 0 4 63
 15 1 3 333
 15 -2 -2 227
 15 3 2 67
 15 4 1 72
 15 2 -3 315
 15 -3 1 177
 15 -1 4 180
 15 3 -2 316
 15 -1 -3 72
 15 4 -1 318
 15 -2 3 178
 15 -2 -3 226
 15 -2 -4 41
 15 2 3 353
 15 4 0 288
 15 2 2 107
 15 -2 -1 129
 15 -3 -2 220
 15 -2 1 56
 55 0 0 304
 55 0 -4 311
 55 3 1 326
 55 1 -2 161
 55 3 3 300
 55 1 -4 101
 55 0 1 233
 55 -2 2 293
 55 2 0 43
 55 -1 2 191
 55 2 1 96
 55 -1 1 7
 5 3 -3 247
 55 1 -3 20
 55 -1 0 356
 55 1 4 120
 55 0 -3 247
 55 -1 -1 170
 55 0 2 242
 55 0 -2 59
 55 3 0 198
 55 1 1 227
 55 1 0 330
 55 0 -1 311
 55 2 -1 97
 5 4 -2 302
 55 1 -1 157
 55 2 -2 166
 "contig-ratio-green-core" 0.9411764705882353
 "contig-ratio-red-core" 0.6296296296296297
 "a-count" 1
 "b-count" 0
 "c-color-count" 28
 "c-express-count" 28
 "d-color-count" 27
 "d-express-count" 27
 "cell-count" 56
 15 1 2 129
 15 3 -3 240
 15 3 -1 316
 15 -4 0 350
 15 3 -2 189
 15 -3 -1 183
 15 0 2 168
 15 3 1 293
 15 -3 0 231
 15 -2 0 216
 15 -2 -1 276
 15 1 3 82
 15 -2 -3 192
 15 2 -3 314
 15 4 1 182
 15 -2 -2 275
 15 -2 1 314
 15 0 3 319
 15 0 4 206
 15 1 4 237
 15 2 0 265
 15 -3 -2 147
 15 3 0 131
 15 2 1 59
 15 -4 1 268
 105 -4 -1 352
 15 2 3 321
 15 -3 1 59
 55 -1 3 19
 55 -1 1 177
 55 1 -3 142
 55 1 1 38
 55 -1 -3 4
 55 4 -1 353
 55 2 -2 295
 55 0 -4 116
 55 0 0 205
 55 3 3 174
 55 -1 -1 295
 55 -1 -4 42
 55 4 0 167
 55 0 1 87
 55 0 -3 28
 55 -1 2 255
 55 -1 -2 84
 55 -3 -3 15
 55 1 -2 58
 55 1 -1 55
 55 -1 0 247
 55 -3 2 78
 55 -2 3 177
 55 1 0 88
 55 0 -2 151
 55 -2 2 182
 55 0 -1 11
 55 3 2 107
 "contig-ratio-green-core" 0.8181818181818182
 "contig-ratio-red-core" 0.8181818181818182
