 "a-count" 1
 "b-count" 5
 "c-color-count" 23
 "c-express-count" 23
 "d-color-count" 27
 "d-express-count" 27
 "cell-count" 56
 105 -3 2 141
 15 2 0 171
 15 3 3 299
 15 -4 -2 99
 15 -2 2 121
 15 1 1 252
 15 0 -2 79
 15 0 2 196
 15 -1 1 150
 15 3 2 139
 15 -1 -1 263
 15 -1 2 222
 15 1 -1 266
 15 -2 -3 238
 15 4 1 85
 15 -3 -2 153
 15 -1 3 69
 15 2 -1 244
 15 -1 0 352
 15 -1 -3 228
 15 0 -1 337
 15 -1 -2 42
 15 0 1 25
 15 -2 -2 182
 15 0 0 315
 15 2 -2 323
 15 1 0 197
 15 1 -2 264
 55 -4 1 159
 55 -4 -1 112
 55 1 -3 58
 55 4 0 237
 55 0 3 95
 55 -1 4 44
 55 0 5 282
 55 -2 0 114
 5 1 -4 167
 5 -3 -1 31
 55 -3 1 106
 55 3 0 316
 55 -2 -1 67
 55 2 2 92
 55 0 -4 293
 55 4 -1 46
 5 -3 -3 66
 55 -4 0 257
 5 1 2 198
 55 2 -3 332
 55 -2 1 304
 55 3 -1 40
 55 2 3 12
 5 2 1 158
 55 -3 0 147
 55 0 -3 332
 55 3 1 318
 55 0 4 165
 "contig-ratio-green-core" 0.7727272727272727
 "contig-ratio-red-core" 0.8235294117647058
 "a-count" 1
 "b-count" 9
 "c-color-count" 19
 "c-express-count" 19
 "d-color-count" 27
 "d-express-count" 27
 "cell-count" 56
 15 -3 2 58
 15 4 1 354
 15 1 -2 172
 15 1 4 103
 15 -1 0 286
 15 -4 2 169
 15 -3 1 292
 15 -3 0 210
 105 -2 0 107
 15 -2 -2 35
 15 2 2 349
 15 0 0 126
 15 -1 -1 200
 15 2 3 85
 15 2 1 97
 15 0 -1 153
 15 -2 1 225
 15 3 1 130
 15 0 4 306
 15 -3 -1 47
 15 1 -1 325
 15 4 0 25
 15 -2 -1 5
 15 -4 1 259
 15 3 0 221
 15 3 2 215
 15 0 -2 160
 15 -1 -2 291
 55 -1 2 302
 5 -1 1 141
 55 0 -4 105
 55 -1 3 0
 55 1 0 347
 5 3 -2 297
 5 1 3 203
 55 -4 -1 60
 55 0 3 263
 55 -1 -3 119
 55 2 0 9
 55 -3 -3 175
 5 3 3 112
 55 -2 -3 48
 55 1 1 83
 5 -3 3 165
 55 0 1 201
 5 -3 -2 291
 5 -1 4 29
 55 -2 2 186
 55 0 2 337
 5 1 -3 193
 55 -4 0 38
 5 2 -2 316
 55 1 2 294
 55 3 -1 0
 55 0 -3 240
 55 2 -1 40
 "contig-ratio-green-core" 0.8
 "contig-ratio-red-core" 0.6363636363636364
 "a-count" 1
 "b-count" 6
 "c-color-count" 22
 "c-express-count" 22
 "d-color-count" 27
 "d-express-count" 27
 "cell-count" 56
 15 -3 -2 185
 15 0 -3 160
 15 0 3 154
 105 3 3 307
 15 -3 0 253
 15 -4 -1 286
 15 2 2 0
 15 0 2 161
 15 -2 -3 253
 15 -1 -3 294
 15 2 -1 341
 15 -4 1 256
 15 -3 -1 293
 15 3 2 180
 15 -1 2 339
 15 2 3 130
 15 -3 -3 243
 15 -4 0 76
 15 -3 1 17
 15 1 -2 347
 15 0 -4 185
 15 3 1 120
 15 1 -3 2
 15 2 -2 64
 15 -3 3 29
 15 1 3 163
 15 1 2 321
 15 3 0 226
 55 -1 0 273
 55 -2 2 193
 55 -1 3 183
 55 -1 -4 211
 55 -1 -1 253
 5 3 -2 110
 55 -2 -1 155
 5 2 1 211
 55 -1 1 157
 5 -2 3 217
 55 -2 -2 21
 5 3 -1 98
 55 -2 1 185
 55 1 4 357
 55 0 0 163
 55 2 0 121
 55 1 0 203
 55 0 1 344
 55 0 4 167
 55 1 1 348
 55 -2 0 154
 5 1 -4 234
 55 -3 2 344
 5 -1 4 27
 55 0 -2 336
 55 -1 -2 255
 55 1 -1 68
 55 0 -1 264
 "contig-ratio-green-core" 1.0666666666666667
 "contig-ratio-red-core" 0.6818181818181818
