 "a-count" 2
 "b-count" 3
 "c-color-count" 25
 "c-express-count" 25
 "d-color-count" 26
 "d-express-count" 26
 "cell-count" 56
 15 0 -4 301
 15 3 1 66
 15 2 -3 0
 105 4 1 179
 15 1 4 149
 15 -2 2 53
 15 -3 0 98
 15 -2 0 110
 15 1 -1 239
 15 -4 -1 145
 15 -4 0 178
 105 -1 -4 185
 15 3 -1 186
 15 2 -1 325
 15 1 -4 47
 15 1 -2 358
 15 0 4 150
 15 -1 2 107
 15 0 2 191
 15 0 -3 22
 15 4 0 52
 15 -2 1 150
 15 -3 1 295
 15 -1 1 180
 15 2 -2 302
 15 0 3 358
 15 3 0 190
 15 1 -3 179
 5 3 -2 304
 5 -1 3 237
 55 0 1 347
 55 -1 -2 267
 55 -1 -3 159
 55 1 2 307
 55 -4 -2 38
 55 2 3 108
 55 2 2 69
 55 -2 -1 69
 55 1 0 333
 55 -3 -2 9
 55 -2 -2 282
 55 2 1 116
 55 1 3 356
 55 0 -1 129
 55 2 0 162
 55 -3 -1 296
 55 4 -1 293
 55 3 2 168
 5 -4 1 292
 55 0 -2 17
 55 -3 2 354
 55 -1 -1 59
 55 -1 0 123
 55 1 1 104
 55 -3 3 301
 55 0 0 359
 "contig-ratio-green-core" 0.7894736842105263
 "contig-ratio-red-core" 0.6956521739130435
 "a-count" 0
 "b-count" 3
 "c-color-count" 25
 "c-express-count" 25
 "d-color-count" 28
 "d-express-count" 28
 "cell-count" 56
 15 3 -1 178
 15 1 -2 31
 15 -2 -1 162
 15 -3 2 28
 15 2 0 199
 15 -1 -1 311
 15 -2 2 219
 15 3 1 86
 15 2 1 319
 15 -3 1 154
 15 1 3 298
 15 0 -2 315
 15 -2 1 98
 15 1 -3 181
 15 3 0 202
 15 -2 0 349
 15 1 0 198
 15 4 0 126
 15 0 -1 178
 15 0 3 37
 15 0 -3 163
 15 -1 -2 130
 15 2 2 271
 15 -3 0 65
 15 -2 -2 116
 15 1 -1 58
 15 -2 -3 293
 15 2 -1 91
 55 0 1 121
 55 -1 -4 64
 55 -1 3 266
 5 3 2 201
 55 1 2 348
 5 -3 -3 178
 55 1 1 267
 55 -4 -1 294
 55 3 3 352
 55 -2 3 239
 55 -1 2 279
 55 -1 -3 24
 55 -3 -1 272
 55 -1 1 81
 55 2 4 180
 55 4 -1 350
 55 0 -4 38
 55 -1 0 205
 5 -4 1 240
 55 -4 -2 199
 55 0 0 112
 55 3 -2 139
 55 0 2 101
 55 -4 0 296
 55 -3 3 27
 55 2 -3 199
 55 1 4 186
 55 2 -2 47
 "contig-ratio-green-core" 0.9523809523809523
 "contig-ratio-red-core" 0.7916666666666666
 "a-count" 1
 "b-count" 3
 "c-color-count" 25
 "c-express-count" 25
 "d-color-count" 27
 "d-express-count" 27
 "cell-count" 56
 105 1 4 70
 15 -3 0 86
 15 1 3 204
 15 -2 0 85
 15 -2 -2 308
 15 2 -2 85
 15 0 -2 90
 15 -1 -3 160
 15 -3 -1 316
 15 -3 1 103
 15 -2 -3 308
 15 0 -3 31
 15 0 4 357
 15 1 -3 116
 15 -1 -2 296
 15 0 2 292
 15 1 -4 300
 15 -2 1 251
 15 -2 -1 152
 15 -1 3 60
 15 3 -3 28
 15 1 -2 152
 15 2 3 201
 15 -2 2 308
 15 -3 2 210
 15 0 3 310
 15 0 -4 176
 15 -1 2 213
 55 -3 -2 41
 55 4 0 200
 55 2 0 278
 55 -4 0 32
 55 3 0 167
 55 -1 -1 148
 5 1 -1 300
 55 2 -1 138
 55 2 2 244
 55 2 -3 177
 55 -1 1 133
 5 3 1 145
 55 0 1 94
 55 -4 -1 158
 55 1 0 125
 55 0 0 84
 55 4 -1 288
 55 1 1 82
 55 -3 -3 30
 55 -1 -4 338
 55 3 -2 167
 55 2 1 11
 5 -3 3 353
 55 -1 4 160
 55 -1 0 236
 55 0 -1 54
 55 -2 -4 301
 55 3 -1 102
 "contig-ratio-green-core" 0.9411764705882353
 "contig-ratio-red-core" 0.6666666666666666
 "a-count" 1
 "b-count" 3
 "c-color-count" 25
 "c-express-count" 25
 "d-color-count" 27
 "d-express-count" 27
 "cell-count" 56
 15 -3 -2 39
 15 3 -2 175
 15 2 -2 62
 15 -4 -1 154
 15 -2 -3 191
 15 1 -3 138
 15 -1 -4 47
 15 -2 2 204
 15 -1 3 28
 15 -2 3 319
 15 -2 -2 200
 15 -3 1 160
 15 0 2 328
 15 3 -1 344
 15 3 0 82
 15 2 -1 140
 105 -3 3 142
 15 2 3 8
 15 0 3 51
 15 2 2 340
 15 -2 -1 312
 15 4 0 32
 15 4 -1 261
 15 1 2 266
 15 -1 2 14
 15 1 -2 221
 15 3 1 26
 15 -3 2 183
 55 2 1 224
 55 -1 -1 350
 55 2 0 79
 5 -3 -1 5
 55 0 0 342
 55 -3 0 199
 55 0 -1 352
 55 1 1 64
 55 0 -4 228
 55 -4 0 65
 55 0 -2 270
 55 -2 0 324
 55 2 4 235
 55 4 1 330
 55 1 4 71
 55 1 0 188
 55 0 4 4
 55 -1 0 114
 55 -1 4 340
 55 -1 -2 0
 55 -2 1 147
 55 -1 -3 285
 55 0 1 162
 5 3 3 310
 5 3 2 66
 55 1 -1 339
 55 0 -3 130
 55 -1 1 159
 "contig-ratio-green-core" 1
 "contig-ratio-red-core" 0.7391304347826086
