 "a-count" 1
 "b-count" 6
 "c-color-count" 22
 "c-express-count" 22
 "d-color-count" 27
 "d-express-count" 27
 "cell-count" 56
 15 -3 -1 216
 15 4 0 116
 15 1 -3 174
 15 -1 1 150
 15 0 -3 9
 15 1 -1 238
 15 2 3 58
 15 0 -1 233
 15 2 -2 251
 15 -1 2 253
 15 -2 2 103
 15 2 4 256
 15 4 1 227
 15 3 -1 138
 15 -2 -1 292
 15 0 0 6
 15 0 -2 200
 15 -1 0 58
 15 2 -3 192
 105 1 -2 245
 15 -2 1 148
 15 2 -1 302
 15 -2 0 97
 15 1 4 157
 15 0 -4 282
 15 -3 -2 254
 15 -1 -1 62
 15 3 0 27
 5 3 3 145
 5 1 3 269
 55 -1 -3 51
 55 -5 0 335
 55 -4 -1 184
 5 3 2 130
 55 -2 -2 131
 55 2 0 143
 55 0 1 103
 5 4 -1 309
 55 -4 0 53
 55 1 0 228
 55 1 1 85
 5 -3 0 326
 55 3 -3 90
 55 -4 2 165
 55 -2 -3 92
 55 1 -4 69
 55 0 3 131
 55 0 2 193
 55 3 1 292
 55 -1 3 228
 55 -4 1 128
 55 1 2 209
 5 -3 1 214
 55 -1 -2 195
 55 2 1 50
 55 0 4 93
 "contig-ratio-green-core" 0.8235294117647058
 "contig-ratio-red-core" 0.52
 "a-count" 0
 "b-count" 3
 "c-color-count" 25
 "c-express-count" 25
 "d-color-count" 28
 "d-express-count" 28
 "cell-count" 56
 15 2 0 198
 15 1 -1 187
 15 -1 -1 207
 15 2 0 78
 15 1 1 238
 15 -2 -2 195
 15 2 1 138
 15 -3 -2 167
 15 0 -1 67
 15 -3 1 23
 15 2 2 320
 15 -1 4 40
 15 2 -1 22
 15 -2 2 100
 15 -2 0 226
 15 0 0 279
 15 -3 -1 29
 15 0 1 188
 15 -4 1 309
 15 3 -3 113
 15 -1 0 7
 15 -1 1 24
 15 -2 -1 344
 15 -3 0 97
 15 3 2 356
 15 1 0 87
 15 -2 1 94
 15 0 4 142
 55 2 -3 216
 5 -3 2 202
 55 -1 2 117
 55 3 -1 284
 55 -1 -4 293
 55 1 2 303
 55 -1 -2 272
 55 1 3 324
 55 0 2 5
 55 0 -3 4
 55 2 3 24
 55 0 -2 148
 55 0 3 297
 55 3 0 158
 55 3 -2 253
 55 -2 3 62
 55 2 -2 282
 55 -1 3 97
 55 3 1 224
 55 0 -4 156
 55 1 -3 97
 5 1 4 188
 55 -2 -3 205
 55 -4 0 21
 55 -1 -3 90
 55 -4 -1 2
 5 -3 -3 128
 55 1 -2 135
 "contig-ratio-green-core" 0.9473684210526315
 "contig-ratio-red-core" 0.8095238095238095
 "a-count" 0
 "b-count" 3
 "c-color-count" 25
 "c-express-count" 25
 "d-color-count" 28
 "d-express-count" 28
 "cell-count" 56
 15 2 0 252
 15 0 -1 355
 15 0 1 49
 15 3 1 58
 15 -1 0 215
 15 2 2 308
 15 2 3 12
 15 3 2 355
 15 1 2 121
 15 -3 -2 351
 15 -1 1 45
 15 -2 1 93
 15 -1 -4 237
 15 -1 -2 157
 15 -2 0 149
 15 1 0 257
 15 -3 3 217
 15 -3 -1 281
 15 3 0 48
 15 -4 -1 341
 15 4 -1 28
 15 2 1 166
 15 4 0 305
 15 -2 -1 97
 15 -2 -2 186
 15 0 0 346
 15 -2 4 89
 15 -1 -1 36
 55 2 -3 109
 55 1 -2 166
 55 -1 4 237
 55 0 2 267
 55 -4 0 30
 55 -1 3 302
 55 1 -4 112
 55 -3 0 226
 55 0 -2 93
 55 0 4 300
 5 4 1 61
 55 1 3 288
 55 -2 2 128
 55 -2 3 256
 5 1 -1 136
 55 -3 2 20
 55 -4 1 2
 55 -1 -3 232
 55 -1 2 324
 55 2 -2 174
 55 -3 1 254
 55 3 -2 167
 5 3 3 112
 55 -2 -3 179
 55 1 -3 29
 55 0 -3 358
 55 0 3 188
 55 0 -4 143
 "contig-ratio-green-core" 0.7368421052631579
 "contig-ratio-red-core" 0.5263157894736842
