 "a-count" 1
 "b-count" 3
 "c-color-count" 25
 "c-express-count" 25
 "d-color-count" 27
 "d-express-count" 27
 "cell-count" 56
 15 -3 2 246
 15 0 -2 61
 15 -2 -3 216
 15 2 -1 23
 105 -4 1 215
 15 0 4 277
 15 0 -4 297
 15 -2 -2 135
 15 -1 -4 82
 15 -1 -3 311
 15 -2 4 180
 15 1 -2 88
 15 -1 3 353
 15 -1 -2 187
 15 2 -2 88
 15 2 -3 35
 15 -4 0 267
 15 4 1 272
 15 -3 0 321
 15 -3 1 178
 15 0 3 295
 15 -2 3 329
 15 -1 4 81
 15 0 -3 152
 15 1 -1 181
 15 -4 -2 247
 15 3 -1 105
 15 1 -3 248
 55 2 1 0
 55 -2 1 248
 55 -1 0 195
 55 0 2 22
 55 3 1 103
 55 1 -4 127
 55 -1 -1 348
 55 1 0 40
 55 2 2 332
 55 2 0 247
 55 0 0 189
 55 -2 2 277
 55 -2 0 180
 55 -3 3 255
 55 2 3 280
 55 1 3 298
 55 1 1 307
 55 -4 -1 115
 55 0 -1 353
 5 -3 -3 246
 5 -2 -1 264
 55 -3 4 39
 55 -1 2 185
 55 3 0 118
 55 0 1 171
 5 -3 -2 55
 55 -3 -1 112
 55 -1 1 351
 "contig-ratio-green-core" 0.8333333333333334
 "contig-ratio-red-core" 0.7272727272727273
 "a-count" 2
 "b-count" 1
 "c-color-count" 27
 "c-express-count" 27
 "d-color-count" 26
 "d-express-count" 26
 "cell-count" 56
 15 2 -2 327
 15 0 4 86
 15 -2 -4 25
 15 3 0 256
 15 -1 3 245
 15 -2 -3 127
 15 4 1 107
 105 4 -1 343
 15 3 -1 163
 15 -1 -3 254
 15 1 4 14
 15 0 -3 117
 15 -1 -4 278
 15 0 -4 208
 15 3 1 330
 15 2 -3 178
 15 -4 -3 125
 15 2 3 255
 15 -1 -2 302
 15 -4 -2 321
 15 1 -3 134
 15 -3 0 224
 15 3 -2 138
 15 0 3 187
 15 -3 -4 228
 15 1 3 355
 105 4 0 183
 15 -3 -3 298
 55 -1 0 11
 55 1 2 23
 55 -2 0 217
 55 -1 -1 325
 55 -2 2 333
 55 1 -1 182
 55 2 0 275
 55 1 1 134
 55 0 0 247
 55 3 2 32
 55 0 2 81
 55 -1 2 38
 55 2 -1 93
 55 1 -2 322
 55 -2 4 130
 55 1 0 279
 55 2 1 118
 55 -2 -1 179
 55 -2 3 198
 55 -2 1 341
 55 3 -3 202
 55 -1 1 24
 55 0 -1 227
 55 0 1 300
 55 -3 1 18
 5 -2 -2 154
 55 2 2 177
 55 0 -2 211
 "contig-ratio-green-core" 0.75
 "contig-ratio-red-core" 0.5652173913043478
 "a-count" 1
 "b-count" 2
 "c-color-count" 26
 "c-express-count" 26
 "d-color-count" 27
 "d-express-count" 27
 "cell-count" 56
 15 1 -1 152
 15 -1 2 21
 15 -2 0 100
 15 -1 -1 175
 15 1 -2 311
 15 -4 1 78
 15 -2 1 41
 15 2 -2 161
 15 -1 1 178
 15 2 0 222
 15 -1 -5 166
 15 1 0 26
 15 0 1 109
 15 3 -3 107
 15 -4 0 241
 15 2 -1 267
 15 0 -1 39
 15 0 -2 96
 15 2 3 276
 15 3 3 351
 15 1 1 206
 15 0 2 171
 15 1 2 14
 15 0 0 98
 15 -3 1 278
 105 -2 -1 123
 15 -1 0 316
 15 -1 -2 352
 55 -2 -2 277
 5 2 1 163
 55 3 2 173
 55 2 2 274
 55 1 -3 209
 55 0 -3 127
 55 1 3 284
 55 0 3 46
 55 1 4 93
 55 -1 -3 355
 55 4 0 129
 55 2 -4 262
 55 3 0 159
 55 0 4 297
 55 3 1 65
 55 1 -4 232
 55 4 1 14
 55 3 -1 349
 55 -1 3 356
 55 -2 3 319
 55 0 -4 105
 55 2 -3 76
 55 -3 2 320
 5 3 -2 340
 55 4 -1 354
 55 -2 2 100
 55 -1 -4 39
 55 -1 4 128
 "contig-ratio-green-core" 0.625
 "contig-ratio-red-core" 0.8125
 "a-count" 0
 "b-count" 4
 "c-color-count" 24
 "c-express-count" 24
 "d-color-count" 28
 "d-express-count" 28
 "cell-count" 56
 15 3 -3 196
 15 3 -1 21
 15 1 -3 352
 15 -4 0 144
 15 4 0 260
 15 2 1 78
 15 4 1 346
 15 -3 2 200
 15 3 2 67
 15 2 3 295
 15 1 -2 248
 15 3 0 102
 15 -4 1 285
 15 -1 -4 292
 15 2 -2 245
 15 -3 0 271
 15 -2 2 16
 15 -3 1 284
 15 -3 -1 88
 15 -2 3 146
 15 4 -1 96
 15 -3 -2 38
 15 1 3 80
 15 0 -4 4
 15 3 -2 9
 15 3 1 103
 15 2 -3 154
 15 -4 -1 256
 55 -1 1 288
 5 -3 -3 64
 55 -1 0 60
 55 -2 -3 164
 55 1 0 10
 55 3 3 259
 55 -1 -2 171
 5 -2 -2 244
 55 2 2 149
 55 2 0 244
 55 1 -1 107
 55 0 -1 347
 55 -1 2 61
 55 0 0 207
 5 -1 3 117
 55 0 -2 159
 55 -1 -1 326
 55 1 1 337
 55 -2 -1 275
 55 0 3 332
 55 -2 0 105
 5 0 -3 252
 55 1 -4 211
 55 -2 1 230
 55 0 1 169
 55 1 2 241
 55 0 2 113
 55 -1 -3 268
 "contig-ratio-green-core" 0.8461538461538461
 "contig-ratio-red-core" 0.5185185185185185
