 "a-count" 1
 "b-count" 3
 "c-color-count" 25
 "c-express-count" 25
 "d-color-count" 27
 "d-express-count" 27
 "cell-count" 56
 15 -2 1 280
 15 2 2 264
 15 1 -3 133
 15 -2 -1 18
 15 2 3 183
 15 1 -4 273
 15 3 -2 139
 15 2 -3 294
 15 -3 -2 59
 15 1 -2 95
 15 -3 0 337
 15 -3 3 44
 15 1 3 292
 15 -1 3 175
 15 0 3 38
 15 -4 -1 295
 15 -4 1 257
 15 -2 0 315
 15 3 -3 290
 15 -3 -1 107
 15 2 -2 127
 15 -3 1 200
 15 -2 -2 332
 15 -2 -3 165
 15 3 2 102
 15 0 4 194
 15 -1 4 343
 105 -4 0 36
 55 0 -3 342
 55 3 1 186
 55 2 1 9
 5 -2 3 42
 55 0 -1 297
 5 1 2 212
 55 -1 0 210
 55 -1 2 243
 55 1 -1 141
 55 0 2 66
 55 1 4 300
 55 0 0 248
 55 2 0 60
 55 0 -2 268
 55 -2 2 290
 5 -3 2 6
 55 -3 -3 216
 55 1 0 332
 55 3 -1 152
 55 0 -4 102
 55 4 0 309
 55 2 -1 297
 55 3 0 138
 55 -1 1 323
 55 -1 -1 70
 55 0 1 212
 55 -1 -2 313
 55 1 1 328
 "contig-ratio-green-core" 0.8
 "contig-ratio-red-core" 0.7391304347826086
 "a-count" 1
 "b-count" 2
 "c-color-count" 26
 "c-express-count" 26
 "d-color-count" 27
 "d-express-count" 27
 "cell-count" 56
 15 2 0 320
 15 1 3 206
 15 4 0 97
 15 -4 -1 152
 15 -2 -2 335
 15 -3 0 98
 15 1 -2 260
 15 -4 0 330
 105 1 -4 119
 15 0 3 295
 15 -1 3 323
 15 -1 -2 176
 15 0 -4 189
 15 -2 -3 3
 15 0 -3 154
 15 1 -3 304
 15 -1 4 122
 15 2 -1 140
 15 0 4 279
 15 3 2 61
 15 3 1 77
 15 0 -2 162
 15 -3 -3 44
 15 -1 -4 137
 15 -3 1 272
 15 -1 -3 149
 15 3 0 346
 15 3 -1 23
 55 0 -1 180
 55 0 0 339
 55 -3 -1 187
 5 2 -2 246
 55 -2 2 49
 55 2 2 81
 55 -1 1 215
 55 -2 -1 359
 55 2 -3 275
 55 -1 -1 66
 55 -3 -2 69
 55 -4 -2 309
 55 -2 -4 347
 55 0 2 2
 55 -1 0 179
 55 -1 2 84
 55 1 -1 40
 55 1 0 79
 55 2 3 176
 55 -2 3 38
 55 3 -3 344
 55 0 1 321
 55 1 2 339
 55 -2 1 146
 55 2 1 325
 55 1 1 181
 55 -2 0 51
 5 4 -1 115
 "contig-ratio-green-core" 0.8
 "contig-ratio-red-core" 0.8260869565217391
 "a-count" 0
 "b-count" 4
 "c-color-count" 24
 "c-express-count" 24
 "d-color-count" 28
 "d-express-count" 28
 "cell-count" 56
 15 -2 1 210
 15 2 -1 309
 15 1 -2 150
 15 -1 1 151
 15 -4 2 269
 15 0 -1 164
 15 -3 3 215
 15 1 0 224
 15 -1 0 214
 15 3 2 2
 15 2 1 167
 15 3 3 119
 15 1 -1 75
 15 2 3 279
 15 0 0 74
 15 1 2 301
 15 -3 2 28
 15 -2 0 59
 15 1 -4 142
 15 -1 -1 71
 15 2 2 269
 15 2 0 54
 15 3 0 296
 15 -1 4 77
 15 -3 1 176
 15 1 4 282
 15 0 -2 63
 15 3 1 268
 55 -2 2 211
 55 -1 3 230
 55 -2 -3 213
 55 0 4 206
 55 0 3 217
 55 -3 -3 237
 55 0 1 226
 55 -1 -2 206
 55 3 -2 235
 55 -1 2 344
 5 -2 -1 209
 5 -3 0 146
 55 4 0 246
 55 -3 -2 74
 55 0 2 176
 55 -1 -3 109
 5 -2 3 15
 55 0 -4 280
 55 -4 0 66
 55 1 -3 121
 55 0 -3 188
 55 2 -2 349
 55 4 1 212
 55 3 -1 24
 5 -1 -4 185
 55 4 -1 189
 55 -2 -2 146
 55 -4 -1 111
 "contig-ratio-green-core" 0.6666666666666666
 "contig-ratio-red-core" 0.55
