 "a-count" 0
 "b-count" 5
 "c-color-count" 23
 "c-express-count" 23
 "d-color-count" 28
 "d-express-count" 28
 "cell-count" 56
 15 3 -3 3
 15 -4 1 168
 15 2 2 154
 15 -1 3 317
 15 2 -3 34
 15 -3 -1 334
 15 -3 0 55
 15 -3 1 309
 15 -1 -4 165
 15 1 3 77
 15 1 -2 158
 15 -4 0 171
 15 -3 2 327
 15 -2 2 269
 15 -2 -1 275
 15 1 4 296
 15 -2 -2 83
 15 -1 -2 100
 15 2 -2 12
 15 -2 3 349
 15 0 -3 251
 15 2 3 113
 15 0 3 223
 15 0 -2 122
 15 -1 -3 205
 15 -2 -3 137
 15 1 -3 103
 15 3 2 201
 5 3 -1 106
 55 0 0 30
 55 -2 0 187
 55 -3 -2 310
 55 0 -1 151
 55 -1 1 246
 55 3 3 249
 5 4 -1 83
 55 0 1 275
 55 -3 3 286
 55 2 0 167
 55 -1 2 332
 55 -1 0 69
 55 -3 -3 347
 55 0 2 329
 5 0 -4 0
 55 -4 -1 358
 55 0 4 250
 55 1 1 284
 55 1 0 262
 55 3 1 142
 55 2 1 27
 55 1 -1 102
 55 -2 1 36
 55 3 0 93
 55 1 2 279
 5 -1 4 272
 5 2 -1 194
 "contig-ratio-green-core" 1.0714285714285714
 "contig-ratio-red-core" 0.56
 "a-count" 1
 "b-count" 6
 "c-color-count" 22
 "c-express-count" 22
 "d-color-count" 28
 "d-express-count" 27
 "cell-count" 56
 15 1 -4 193
 15 0 3 229
 15 -1 3 89
 15 -2 -1 216
 15 1 2 310
 15 0 -1 330
 15 0 2 307
 15 2 2 254
 15 1 -1 51
 15 -2 -2 272
 15 -2 -3 97
 15 0 1 43
 15 2 0 318
 15 2 -2 274
 15 1 1 155
 15 -1 -3 41
 15 -1 -1 214
 15 1 0 259
 15 0 -2 82
 15 2 3 350
 15 0 0 192
 15 -2 3 135
 15 2 1 194
 15 1 -2 35
 15 1 3 67
 15 -1 0 225
 15 -1 -2 157
 15 -3 -3 227
 55 -4 -1 315
 5 3 2 195
 55 -3 2 342
 55 0 -4 284
 55 3 -2 200
 5 4 0 171
 5 -1 1 39
 55 4 1 305
 5 0 4 16
 55 -2 2 237
 55 -3 -1 338
 55 -4 -2 100
 5 3 3 190
 55 -4 1 320
 55 4 -1 204
 55 -2 0 217
 55 1 -3 240
 55 -1 -4 352
 5 1 4 58
 55 -1 2 344
 55 3 0 270
 55 -2 1 160
 55 3 1 352
 55 -4 0 205
 55 0 -3 89
 55 3 -1 90
 55 -3 1 316
 55 -3 0 277
 "contig-ratio-green-core" 0.631578947368421
 "contig-ratio-red-core" 0.5263157894736842
 "a-count" 0
 "b-count" 2
 "c-color-count" 26
 "c-express-count" 26
 "d-color-count" 28
 "d-express-count" 28
 "cell-count" 56
 15 -3 1 218
 15 1 1 341
 15 2 3 26
 15 -2 0 349
 15 -4 1 161
 15 2 -2 288
 15 -1 2 217
 15 0 2 187
 15 -1 3 319
 15 -2 -3 70
 15 0 2 95
 15 -2 2 313
 15 -1 1 102
 15 2 -3 177
 15 2 2 303
 15 3 -1 241
 15 0 1 11
 15 3 -2 123
 15 -2 3 287
 15 1 2 5
 15 3 0 246
 15 -3 -3 94
 15 2 0 76
 15 2 1 277
 15 2 -1 179
 15 1 2 350
 15 -2 1 81
 15 -3 2 46
 55 4 1 19
 55 0 4 176
 55 4 0 155
 55 -4 -1 217
 55 0 -2 273
 55 0 -3 320
 55 1 -3 19
 55 1 4 234
 55 -1 0 121
 55 -1 -2 25
 5 3 3 341
 55 -1 4 262
 55 0 -1 242
 55 -3 3 282
 55 1 -2 338
 55 -3 -1 77
 55 1 -1 315
 55 1 0 112
 55 0 0 162
 5 3 2 222
 55 -2 -1 91
 55 -1 -1 296
 55 -1 -4 39
 55 -2 -2 183
 55 3 1 247
 55 2 4 71
 55 0 -4 26
 55 -1 -3 242
 "contig-ratio-green-core" 0.7647058823529411
 "contig-ratio-red-core" 0.56
 "a-count" 2
 "b-count" 2
 "c-color-count" 26
 "c-express-count" 26
 "d-color-count" 26
 "d-express-count" 26
 "cell-count" 56
 15 -4 0 60
 15 0 -2 291
 15 3 0 306
 15 -3 3 347
 105 4 0 271
 105 -2 -3 247
 15 -2 4 286
 15 2 -3 75
 15 -3 -3 286
 15 -3 -2 256
 15 2 3 246
 15 1 -3 164
 15 -3 2 172
 15 0 -3 211
 15 -1 -3 338
 15 4 1 238
 15 2 1 146
 15 1 1 175
 15 -4 -1 73
 15 -2 3 24
 15 -2 2 236
 15 -2 -2 42
 15 4 -1 80
 15 3 1 32
 15 2 2 65
 15 0 -4 93
 15 1 -2 252
 15 -1 -2 313
 55 0 0 85
 55 1 0 329
 55 -2 1 294
 55 0 -1 225
 55 -2 -1 77
 55 3 -1 114
 55 -4 1 152
 55 2 0 0
 55 0 2 287
 55 -1 -4 224
 55 -1 3 193
 55 0 1 266
 55 -1 2 140
 5 1 3 333
 55 2 -2 359
 55 -3 -1 296
 55 -2 0 56
 5 -1 1 357
 55 1 -1 328
 55 -3 0 129
 55 0 3 72
 55 -1 -1 284
 55 3 3 328
 55 2 -1 326
 55 -1 0 170
 55 -3 1 285
 55 3 -2 265
 55 1 -4 337
 "contig-ratio-green-core" 0.7894736842105263
 "contig-ratio-red-core" 0.7916666666666666
