 "a-count" 2
 "b-count" 4
 "c-color-count" 24
 "c-express-count" 24
 "d-color-count" 26
 "d-express-count" 26
 "cell-count" 56
 15 2 2 234
 15 3 2 174
 15 -2 0 74
 15 2 3 232
 15 1 -3 144
 15 -3 -1 70
 15 3 -2 32
 15 -2 -1 162
 15 1 -4 53
 15 1 4 91
 15 3 -3 224
 15 -3 0 11
 15 -1 3 324
 15 3 3 50
 15 -3 1 146
 15 2 -2 284
 15 3 -1 261
 15 -1 -3 60
 105 2 -3 98
 15 0 -2 95
 15 -2 1 22
 15 -4 -1 200
 15 4 0 208
 15 -3 -2 135
 15 -3 2 63
 15 1 -2 358
 105 2 -4 185
 15 0 -3 320
 55 2 1 219
 55 2 0 223
 55 -1 2 82
 55 0 2 351
 55 3 1 331
 55 1 0 346
 55 0 4 237
 55 1 3 286
 55 -1 1 196
 55 1 1 112
 55 1 -1 314
 55 0 3 118
 55 2 -1 71
 55 0 1 172
 5 4 -1 46
 55 -2 -2 108
 55 0 -1 307
 55 -1 0 334
 55 -2 -3 16
 5 -1 -1 171
 55 0 0 337
 55 1 2 310
 55 -3 -3 216
 55 -4 1 308
 55 -2 2 290
 5 4 1 254
 55 3 0 243
 5 -4 0 83
 "contig-ratio-green-core" 0.9444444444444444
 "contig-ratio-red-core" 0.7142857142857143
 "a-count" 0
 "b-count" 6
 "c-color-count" 22
 "c-express-count" 22
 "d-color-count" 28
 "d-express-count" 28
 "cell-count" 56
 15 -3 2 73
 15 3 3 172
 15 1 3 101
 15 1 -3 173
 15 2 0 285
 15 -1 1 64
 15 -1 2 234
 15 0 -3 225
 15 2 1 311
 15 4 0 196
 15 -3 -2 156
 15 1 2 122
 15 2 0 112
 15 -4 -2 307
 15 3 0 358
 15 0 2 318
 15 0 3 253
 15 1 1 57
 15 3 1 187
 15 -2 -1 149
 15 0 -4 356
 15 -2 -2 260
 15 -1 3 104
 15 3 -3 163
 15 3 -1 192
 15 -1 -2 230
 15 -2 2 225
 15 0 1 132
 55 2 -2 55
 55 0 4 23
 55 4 1 161
 55 2 -1 237
 55 1 -1 116
 55 2 -1 299
 5 -3 1 167
 55 -1 -3 46
 5 -3 3 127
 55 0 -2 237
 55 -2 1 306
 55 2 2 66
 5 -2 3 354
 55 1 0 273
 55 1 4 281
 55 3 -2 195
 55 0 0 222
 5 -1 4 142
 5 -3 0 36
 55 -1 -1 153
 55 1 -2 156
 55 2 3 218
 55 0 -1 101
 5 -1 0 256
 55 4 -1 257
 55 2 -3 297
 55 3 2 144
 55 -2 0 17
 "contig-ratio-green-core" 1.1333333333333333
 "contig-ratio-red-core" 0.9047619047619048
 "a-count" 0
 "b-count" 2
 "c-color-count" 26
 "c-express-count" 26
 "d-color-count" 28
 "d-express-count" 28
 "cell-count" 56
 15 -3 2 273
 15 -2 3 36
 15 1 -2 23
 15 1 3 269
 15 3 0 70
 15 1 4 320
 15 -1 4 357
 15 0 3 322
 15 -3 1 238
 15 0 -2 306
 15 -4 -1 196
 15 -2 -3 105
 15 2 -1 340
 15 2 0 199
 15 0 -3 334
 15 -1 3 97
 15 2 -2 181
 15 1 -3 49
 15 3 2 81
 15 -1 -2 203
 15 3 1 180
 15 1 -4 32
 15 2 -3 81
 15 -1 -3 253
 15 3 -2 85
 15 3 -3 48
 15 0 4 49
 15 -4 0 70
 55 -2 1 327
 55 2 3 164
 55 4 0 4
 55 -2 0 291
 5 -3 -1 120
 55 1 0 350
 55 0 -1 11
 55 3 3 114
 55 4 -1 337
 55 -2 -2 214
 55 2 2 28
 55 0 -4 113
 55 -3 3 359
 55 -1 -4 332
 5 0 0 183
 55 1 1 295
 55 -2 4 26
 55 1 2 42
 55 -1 1 296
 55 1 -1 337
 55 2 1 110
 55 -1 2 59
 55 0 2 251
 55 -1 0 69
 55 -2 -1 219
 55 0 1 332
 55 -2 2 286
 55 -1 -1 27
 "contig-ratio-green-core" 0.9473684210526315
 "contig-ratio-red-core" 0.7916666666666666
 "a-count" 7
 "b-count" 2
 "c-color-count" 26
 "c-express-count" 26
 "d-color-count" 21
 "d-express-count" 21
 "cell-count" 56
 105 4 0 36
 15 -3 -1 71
 15 3 -2 303
 105 4 -1 358
 105 3 -3 344
 15 -1 -4 202
 15 2 1 319
 15 2 0 199
 105 3 1 176
 15 -4 1 179
 15 -3 2 287
 105 1 -4 260
 105 1 -3 356
 15 2 4 112
 15 -4 0 323
 15 2 -2 316
 105 4 1 142
 15 2 -1 211
 15 -4 -1 358
 15 -3 1 303
 15 3 3 343
 15 3 0 297
 15 -3 -1 258
 15 3 2 191
 15 4 2 209
 15 -3 -2 227
 15 -3 0 313
 15 0 -4 240
 5 1 3 40
 55 -1 -3 5
 55 1 -1 242
 5 2 3 346
 55 0 2 63
 55 0 0 216
 55 0 -3 309
 55 1 1 321
 55 -1 3 200
 55 0 -2 330
 55 -2 0 108
 55 -1 -2 8
 55 -1 4 254
 55 -1 -1 332
 55 0 -1 209
 55 -2 -2 252
 55 2 2 122
 55 1 -2 209
 55 0 3 124
 55 -1 1 7
 55 0 4 140
 55 -2 -1 247
 55 -1 2 293
 55 1 4 148
 55 1 2 302
 55 0 1 2
 55 1 0 300
 55 -1 0 19
 "contig-ratio-green-core" 0.75
 "contig-ratio-red-core" 0.4444444444444444
