 "a-count" 13
 "b-count" 7
 "c-color-count" 21
 "c-express-count" 21
 "d-color-count" 15
 "d-express-count" 15
 "cell-count" 56
 15 -2 -1 221
 105 3 3 227
 15 -3 -1 249
 105 -4 0 146
 15 -2 0 227
 15 -2 1 49
 15 2 0 325
 105 3 -3 87
 105 -3 1 87
 105 2 3 106
 105 3 2 121
 15 3 1 324
 105 -4 -1 279
 105 -1 -1 310
 105 -2 2 232
 105 -4 1 233
 105 -1 2 217
 15 2 1 224
 15 -1 -4 106
 15 -3 0 8
 15 2 -1 335
 105 -1 3 261
 15 -2 -2 143
 15 3 0 65
 105 -3 3 310
 15 3 -1 16
 15 -1 4 220
 15 1 3 323
 5 1 -4 271
 55 1 1 41
 5 3 -2 36
 55 -1 -3 3
 55 2 2 331
 55 0 -3 58
 55 1 2 81
 55 0 -2 199
 55 0 4 131
 55 4 0 61
 55 1 0 236
 55 -1 1 357
 55 1 -1 334
 55 0 3 229
 55 0 1 265
 55 -2 -3 231
 55 0 -1 130
 5 -3 -3 60
 55 0 -4 344
 5 1 -3 98
 5 2 -2 7
 5 2 -3 212
 55 -1 0 242
 55 0 0 78
 55 0 2 323
 55 -2 3 275
 5 4 1 336
 55 1 -2 352
 "contig-ratio-green-core" 0.6923076923076923
 "contig-ratio-red-core" 0.9166666666666666
 "a-count" 11
 "b-count" 5
 "c-color-count" 23
 "c-express-count" 23
 "d-color-count" 19
 "d-express-count" 17
 "cell-count" 56
 105 -2 3 256
 15 -1 -2 29
 105 1 -4 210
 15 4 2 357
 15 0 -3 352
 15 -1 3 163
 15 -3 -3 156
 15 3 2 290
 15 -2 -1 133
 15 4 1 236
 15 2 -2 253
 15 2 -3 221
 105 -4 -1 168
 15 0 4 40
 15 -1 2 172
 15 1 -2 200
 15 0 -2 250
 15 4 0 76
 105 1 3 59
 15 -1 -1 87
 15 -3 -1 127
 15 -1 -4 97
 105 -1 -3 34
 15 0 3 106
 105 -1 4 105
 105 -3 2 70
 105 -2 -2 355
 105 4 -1 179
 55 -2 1 349
 55 2 2 41
 55 3 -1 224
 55 0 -1 17
 55 -1 0 188
 55 0 2 140
 55 -3 -2 154
 55 2 0 95
 55 0 1 317
 55 3 -2 311
 5 -3 1 312
 55 1 -1 223
 55 0 -5 276
 55 3 0 71
 55 3 1 282
 55 0 0 209
 55 0 -4 200
 55 -1 1 110
 5 -4 0 179
 5 -4 1 244
 55 1 2 75
 55 1 0 330
 55 2 -1 335
 55 -2 0 27
 5 1 4 165
 55 2 1 158
 5 -2 2 85
 55 1 1 234
 "contig-ratio-green-core" 0.8
 "contig-ratio-red-core" 0.8333333333333334
 "a-count" 8
 "b-count" 7
 "c-color-count" 21
 "c-express-count" 21
 "d-color-count" 20
 "d-express-count" 20
 "cell-count" 56
 15 -1 2 268
 15 -1 -1 102
 105 1 4 305
 105 3 -2 109
 15 2 3 254
 15 0 -1 201
 15 -1 1 24
 105 2 -3 242
 105 1 2 297
 15 0 3 320
 15 0 2 34
 15 -1 0 61
 15 1 -2 327
 15 4 -1 84
 105 -2 3 207
 15 2 1 207
 15 2 2 172
 105 0 -3 89
 15 0 1 158
 15 -2 -1 247
 15 -3 -2 220
 15 1 -1 274
 15 1 1 116
 15 0 0 53
 105 0 -2 31
 15 1 0 352
 105 -1 4 120
 15 1 3 109
 55 3 2 130
 55 4 1 236
 55 -3 1 58
 5 -3 3 147
 55 3 -1 69
 55 1 -4 110
 55 -4 0 86
 55 2 -2 32
 55 -4 1 112
 55 0 -4 294
 55 -3 0 82
 5 0 4 194
 5 -1 3 239
 5 -2 2 359
 55 -3 2 306
 55 -2 1 70
 55 3 1 143
 55 -3 -1 2
 55 -1 -4 14
 55 3 0 283
 55 2 -1 29
 55 -1 -3 267
 5 3 -3 128
 55 2 0 318
 55 1 -3 2
 5 -2 -2 221
 5 -1 -2 262
 55 -2 0 355
 "contig-ratio-green-core" 0.5882352941176471
 "contig-ratio-red-core" 0.75
 "a-count" 8
 "b-count" 6
 "c-color-count" 22
 "c-express-count" 22
 "d-color-count" 20
 "d-express-count" 20
 "cell-count" 56
 15 2 -1 249
 15 0 0 237
 105 0 -4 218
 105 -1 -4 92
 105 1 3 110
 15 1 2 88
 15 -2 -3 106
 15 2 -2 230
 105 -3 -3 254
 15 1 -1 79
 105 -4 1 87
 15 -3 0 146
 15 -1 -3 31
 15 0 1 230
 15 1 -3 58
 15 1 -2 156
 105 0 -3 21
 15 -1 3 300
 15 1 1 11
 15 2 0 289
 15 0 2 63
 105 -3 3 270
 105 0 4 338
 15 0 3 330
 15 -3 -1 284
 15 -3 1 107
 15 -2 -2 293
 15 1 0 27
 5 1 4 335
 55 -1 -2 87
 5 0 -1 142
 5 4 1 297
 55 3 -3 172
 55 -2 3 43
 55 -2 2 348
 55 -3 2 186
 55 4 0 228
 55 0 -2 295
 55 3 2 335
 55 3 1 1
 55 -4 -1 253
 5 2 1 308
 55 2 2 312
 55 -1 1 277
 55 2 -3 36
 55 -2 1 207
 55 -1 0 133
 5 1 -4 167
 55 -1 -1 40
 55 -2 -1 191
 55 3 0 26
 55 -1 2 277
 5 -3 -2 214
 55 3 -1 71
 55 4 -1 188
 55 -2 0 329
 "contig-ratio-green-core" 0.8333333333333334
 "contig-ratio-red-core" 0.8235294117647058
