 "a-count" 11
 "b-count" 6
 "c-color-count" 22
 "c-express-count" 22
 "d-color-count" 18
 "d-express-count" 17
 "cell-count" 56
 15 -3 0 118
 15 -2 2 23
 105 2 3 53
 15 -3 1 207
 15 -1 -4 273
 15 3 0 26
 105 4 -1 209
 15 3 -1 44
 105 1 -2 211
 105 -4 1 37
 15 2 0 166
 105 -4 0 134
 105 3 2 191
 105 -3 3 37
 15 2 1 167
 15 -3 2 85
 15 0 -3 304
 15 -3 -2 309
 105 -2 3 302
 15 2 -1 234
 15 2 -2 157
 105 3 3 41
 15 3 1 150
 15 0 -4 285
 105 -2 -3 25
 15 2 2 207
 15 -3 -1 24
 15 -1 -3 68
 55 1 0 128
 55 -1 3 98
 55 -2 0 38
 55 -2 1 317
 55 -1 2 276
 5 -1 4 251
 5 1 -4 197
 5 0 4 224
 5 3 -2 107
 55 0 0 137
 55 0 -2 114
 55 0 1 114
 55 1 -3 115
 55 0 3 282
 5 4 0 121
 55 0 -1 203
 55 -2 -2 52
 55 -2 -1 280
 55 1 3 232
 5 4 1 236
 55 -1 0 86
 55 -1 -1 319
 55 1 -1 295
 55 0 2 15
 55 -1 1 0
 55 1 1 37
 55 1 2 18
 55 -1 -2 23
 "contig-ratio-green-core" 0.7857142857142857
 "contig-ratio-red-core" 0.6470588235294118
 "a-count" 9
 "b-count" 4
 "c-color-count" 24
 "c-express-count" 24
 "d-color-count" 19
 "d-express-count" 19
 "cell-count" 56
 15 1 0 237
 105 -4 1 239
 15 0 -1 351
 15 0 0 43
 105 -4 0 350
 15 -1 2 65
 15 -3 -3 159
 15 1 -4 353
 15 -1 -3 311
 15 -3 3 60
 15 -3 0 189
 15 1 1 356
 15 -1 1 55
 15 -2 -1 347
 105 -4 -1 316
 105 -3 -1 138
 105 0 4 37
 105 -2 -3 305
 15 0 3 14
 15 1 2 150
 15 2 2 335
 105 3 -3 259
 15 -1 0 131
 105 1 3 198
 15 0 -4 46
 105 0 1 23
 15 0 2 343
 15 1 -1 132
 55 1 -3 74
 5 2 3 187
 55 3 -1 300
 55 -3 -2 309
 55 2 -2 267
 55 4 -1 104
 55 2 1 251
 55 -2 1 217
 55 0 -3 279
 55 -1 -4 182
 55 -3 1 16
 55 3 0 184
 55 -2 3 315
 55 -1 -2 176
 55 0 -2 217
 5 -2 -2 26
 55 1 -2 337
 55 2 -1 318
 55 -3 2 217
 55 3 2 357
 55 -1 -1 125
 5 2 -3 23
 55 2 0 234
 55 3 1 6
 55 -2 0 49
 55 -2 2 72
 5 3 3 283
 55 4 0 116
 "contig-ratio-green-core" 0.7142857142857143
 "contig-ratio-red-core" 1.0666666666666667
 "a-count" 6
 "b-count" 7
 "c-color-count" 21
 "c-express-count" 21
 "d-color-count" 22
 "d-express-count" 22
 "cell-count" 56
 105 -4 -1 231
 15 2 1 199
 15 2 0 133
 15 2 -1 242
 15 1 0 343
 15 0 2 308
 105 -2 0 325
 15 -2 2 112
 15 0 1 305
 15 -3 0 230
 15 -2 1 272
 15 -1 1 23
 105 -2 -3 346
 15 0 0 313
 15 -3 1 18
 105 -4 1 192
 15 1 1 208
 15 1 2 46
 15 2 2 102
 105 -3 -1 144
 105 -2 -1 151
 15 0 4 69
 15 -1 2 245
 15 0 -1 177
 15 1 -1 248
 15 -4 0 169
 15 -1 0 204
 15 1 -2 33
 5 1 -4 139
 55 -3 -2 304
 55 -2 3 81
 5 -3 2 293
 55 -1 3 349
 5 2 -3 198
 55 3 1 166
 55 4 1 82
 55 0 -2 329
 55 3 0 260
 55 -1 -4 9
 55 0 3 92
 55 0 -3 56
 55 1 4 143
 55 -1 -1 35
 55 2 3 103
 55 1 -3 224
 5 -3 -3 173
 5 3 -3 107
 55 -1 -2 325
 55 3 -1 332
 55 1 3 282
 55 3 2 258
 55 -2 -2 185
 55 -1 -3 159
 5 -1 4 126
 5 3 -2 124
 55 3 3 218
 "contig-ratio-green-core" 0.5714285714285714
 "contig-ratio-red-core" 0.9230769230769231
 "a-count" 6
 "b-count" 6
 "c-color-count" 23
 "c-express-count" 22
 "d-color-count" 22
 "d-express-count" 22
 "cell-count" 56
 15 -4 -1 193
 15 1 -2 193
 15 0 -1 11
 15 3 -1 272
 15 -1 -1 308
 105 0 2 278
 15 1 4 232
 105 -4 0 195
 105 1 -4 168
 15 -2 2 122
 15 0 4 202
 15 0 -2 211
 105 -2 3 55
 15 -1 4 126
 15 -2 -1 125
 15 1 -1 36
 15 -3 -1 309
 105 3 3 124
 15 -2 -3 328
 15 -1 3 175
 15 4 -1 4
 15 0 -4 231
 15 -1 2 338
 15 -1 -2 84
 15 -2 -2 304
 15 2 -1 308
 105 3 -2 319
 15 3 2 4
 55 -2 0 326
 5 3 -3 314
 55 -3 2 141
 55 -3 -3 311
 55 1 -3 154
 55 -2 1 169
 55 2 0 43
 55 -1 0 197
 55 0 0 48
 55 2 -3 193
 55 2 1 16
 5 2 -2 194
 55 -1 1 227
 55 3 0 155
 55 2 3 203
 55 3 1 181
 55 1 2 263
 55 2 2 276
 55 -3 0 75
 55 1 3 127
 5 -1 -4 45
 55 1 1 184
 55 0 -3 357
 5 1 0 61
 55 -3 1 338
 55 0 1 152
 5 -3 -2 309
 55 -1 -3 282
 "contig-ratio-green-core" 0.631578947368421
 "contig-ratio-red-core" 0.7368421052631579
