 "a-count" 4
 "b-count" 7
 "c-color-count" 21
 "c-express-count" 21
 "d-color-count" 24
 "d-express-count" 24
 "cell-count" 56
 15 -3 0 124
 15 -1 -4 296
 15 1 -1 260
 105 4 -1 59
 15 2 -2 164
 15 -2 1 25
 15 -3 -1 348
 15 1 2 49
 15 3 -2 309
 15 1 1 162
 15 3 0 3
 15 2 0 50
 15 -3 -2 99
 15 2 -1 139
 15 0 -4 334
 105 2 1 136
 15 3 1 93
 15 -4 0 159
 15 -2 2 221
 15 3 -1 69
 105 4 0 316
 105 -3 -3 315
 15 -2 0 204
 15 -3 1 40
 15 2 2 119
 15 1 0 252
 15 0 4 357
 15 -1 4 234
 55 2 -3 248
 55 0 1 325
 55 0 -2 315
 55 0 3 16
 55 0 -1 280
 5 3 2 103
 55 -1 -2 158
 55 0 -3 37
 5 -4 -1 18
 55 -1 2 121
 5 1 -4 326
 55 -1 3 306
 55 1 3 233
 55 2 3 270
 55 -2 -1 32
 5 -2 -2 334
 5 -4 1 313
 55 -1 -1 199
 55 0 2 200
 55 1 -3 30
 55 0 0 264
 55 -1 1 153
 5 4 1 41
 55 1 4 269
 55 -2 3 313
 55 -1 0 312
 5 1 -2 87
 55 -1 -3 44
 "contig-ratio-green-core" 0.8235294117647058
 "contig-ratio-red-core" 1
 "a-count" 9
 "b-count" 5
 "c-color-count" 23
 "c-express-count" 23
 "d-color-count" 19
 "d-express-count" 19
 "cell-count" 56
 15 4 -1 101
 15 -3 -1 129
 15 1 -2 148
 15 -4 0 109
 15 0 2 221
 15 -3 0 22
 15 -4 1 258
 15 -1 -3 217
 105 -3 3 265
 105 3 3 30
 105 2 1 298
 15 -1 3 311
 15 1 2 334
 15 3 0 258
 15 -1 -4 127
 105 -3 -3 264
 105 2 -1 54
 105 3 -3 269
 15 3 -1 98
 15 -2 3 124
 15 1 -3 45
 15 0 -3 16
 105 -1 2 75
 15 -3 1 186
 15 0 3 46
 105 1 1 128
 105 2 2 1
 15 -4 -1 141
 55 0 -2 305
 55 0 0 229
 55 1 4 283
 55 -2 -1 185
 5 2 3 48
 55 -1 -1 163
 55 1 -1 222
 55 -2 1 62
 55 -1 1 205
 55 3 -2 25
 55 -2 2 356
 5 4 0 177
 55 3 2 139
 55 -2 0 184
 55 -3 -2 176
 55 -1 -2 71
 55 1 0 129
 5 2 -2 293
 55 1 3 114
 5 4 1 313
 55 0 -1 103
 55 3 1 63
 55 2 0 38
 55 -2 -2 255
 55 0 1 4
 5 2 -3 189
 55 0 4 353
 55 -1 4 96
 "contig-ratio-green-core" 0.631578947368421
 "contig-ratio-red-core" 0.8235294117647058
 "a-count" 6
 "b-count" 8
 "c-color-count" 20
 "c-express-count" 20
 "d-color-count" 23
 "d-express-count" 22
 "cell-count" 56
 15 -1 -3 52
 15 0 2 44
 15 1 4 235
 15 0 4 224
 15 2 2 270
 15 0 1 91
 15 -2 -3 194
 15 2 1 318
 15 -1 2 24
 15 -2 2 204
 15 1 -3 314
 15 0 -3 104
 105 4 1 308
 105 4 0 74
 15 -4 1 215
 15 -3 0 153
 15 1 1 233
 15 1 2 314
 105 -1 -4 343
 15 0 3 337
 15 0 -4 56
 15 -1 3 101
 15 -2 -2 175
 15 -4 0 24
 105 -4 -1 135
 105 3 -2 325
 15 -1 1 22
 15 3 1 32
 55 0 -2 329
 5 3 -3 280
 55 -2 -1 60
 5 -3 2 48
 55 -1 0 115
 5 -2 3 114
 55 -3 -1 284
 55 0 -1 184
 5 -3 1 256
 55 3 2 337
 55 -1 -2 281
 55 3 3 302
 55 -2 1 114
 55 1 0 40
 55 3 -1 337
 55 0 0 331
 5 2 3 169
 5 -3 -3 222
 55 2 -2 65
 55 2 0 130
 5 -1 4 156
 55 1 -1 205
 55 -1 -1 28
 55 1 3 159
 55 2 -1 26
 5 4 -1 5
 55 -2 0 225
 55 1 -2 302
 "contig-ratio-green-core" 1
 "contig-ratio-red-core" 0.65
 "a-count" 13
 "b-count" 4
 "c-color-count" 24
 "c-express-count" 24
 "d-color-count" 15
 "d-express-count" 15
 "cell-count" 56
 15 -2 3 144
 105 3 -2 165
 105 -4 -1 150
 15 -2 -1 96
 15 -3 2 56
 15 -3 -2 339
 15 -4 1 181
 15 -1 -2 61
 105 -2 -3 47
 15 1 3 222
 15 0 -3 252
 105 3 0 273
 105 -3 -3 288
 15 -2 -2 54
 105 4 1 314
 105 2 -3 140
 15 2 3 289
 105 0 -4 282
 105 1 -4 121
 105 3 1 107
 15 4 0 155
 105 1 -3 350
 15 0 -2 298
 15 -3 3 206
 105 -1 -4 220
 15 1 4 2
 105 3 -1 289
 15 4 -1 241
 55 -2 2 272
 55 1 1 207
 55 -1 3 338
 55 0 2 204
 5 3 3 357
 55 2 0 276
 55 0 4 358
 5 2 -1 26
 55 -3 1 111
 55 -2 0 284
 55 -4 0 137
 5 -1 1 48
 55 -3 0 123
 55 0 1 108
 55 -1 -1 188
 55 2 2 328
 55 1 0 256
 55 -2 1 249
 55 0 0 351
 55 -1 2 83
 55 1 2 166
 55 -1 0 175
 55 1 -1 184
 55 1 -2 240
 55 0 3 38
 55 2 1 289
 55 0 -1 199
 5 3 2 167
 "contig-ratio-green-core" 0.6
 "contig-ratio-red-core" 0.9166666666666666
