 "a-count" 15
 "b-count" 5
 "c-color-count" 24
 "c-express-count" 23
 "d-color-count" 14
 "d-express-count" 13
 "cell-count" 56
 105 -3 -3 259
 15 0 4 27
 15 3 -1 265
 105 -2 -2 37
 105 -2 2 143
 105 -4 -1 259
 105 -3 0 228
 15 4 1 90
 105 3 -3 105
 15 1 4 53
 15 -3 2 268
 15 -4 1 189
 15 3 0 102
 105 -3 3 82
 15 3 1 282
 15 0 -3 187
 105 -3 -2 170
 15 -4 0 7
 105 2 -2 196
 105 -2 -1 61
 105 4 0 115
 105 -1 -3 37
 15 4 -1 39
 15 -2 3 294
 105 -3 -1 205
 15 1 -2 75
 105 -1 -4 112
 15 -3 1 167
 55 2 0 55
 55 0 -1 71
 55 1 2 86
 55 -2 1 225
 55 1 -4 142
 55 -1 1 352
 55 0 0 263
 55 1 0 137
 5 0 -2 341
 55 -1 3 123
 55 1 3 92
 55 2 1 335
 5 3 -2 282
 55 1 -1 356
 55 -1 -2 119
 55 2 -1 64
 5 3 3 88
 55 0 2 265
 55 0 1 128
 55 2 2 298
 55 -1 2 310
 55 1 1 276
 5 2 -3 238
 55 -1 0 328
 55 3 2 5
 55 -1 -1 312
 55 -2 0 343
 55 0 3 15
 "contig-ratio-green-core" 0.5714285714285714
 "contig-ratio-red-core" 0.6428571428571429
 "a-count" 5
 "b-count" 6
 "c-color-count" 22
 "c-express-count" 22
 "d-color-count" 24
 "d-express-count" 23
 "cell-count" 56
 15 1 0 305
 15 0 -1 280
 105 -3 -3 59
 15 0 0 225
 105 2 2 171
 15 -1 -4 64
 15 1 1 165
 15 0 1 169
 15 -1 -1 196
 15 3 -1 285
 15 -1 0 314
 15 2 -3 255
 15 -1 3 68
 15 -1 1 173
 15 -2 -1 156
 15 1 3 160
 15 -2 0 320
 15 1 2 204
 105 2 -1 239
 15 3 0 281
 15 0 2 38
 15 3 -2 267
 15 -1 2 278
 15 0 0 287
 15 0 3 295
 15 -1 0 131
 105 2 3 96
 15 -4 -1 235
 55 -1 4 237
 55 0 -4 292
 55 -2 2 166
 55 0 -3 178
 5 0 4 339
 55 -3 -1 119
 55 -5 -1 285
 55 0 -2 300
 55 -2 -2 66
 55 4 -1 256
 55 -3 -2 169
 5 -3 2 169
 55 3 1 192
 55 1 -3 158
 55 -2 1 54
 55 -1 -3 141
 55 -2 -3 316
 5 -2 3 307
 55 -3 0 319
 55 1 -2 129
 55 -4 0 280
 55 1 -4 182
 55 -3 1 15
 5 -1 -2 32
 55 1 -1 0
 5 2 1 19
 5 2 0 40
 55 3 -3 13
 "contig-ratio-green-core" 0.6470588235294118
 "contig-ratio-red-core" 0.7857142857142857
 "a-count" 11
 "b-count" 2
 "c-color-count" 26
 "c-express-count" 26
 "d-color-count" 20
 "d-express-count" 17
 "cell-count" 56
 15 -4 0 92
 15 -1 -1 121
 15 1 -3 303
 15 -3 -1 1
 15 2 -3 21
 15 2 2 169
 15 -1 4 144
 15 -3 0 14
 105 3 2 205
 105 -2 0 29
 15 2 3 44
 105 -3 3 97
 15 -1 1 304
 15 1 -2 112
 15 3 -1 331
 15 -2 -1 215
 105 4 -1 275
 15 1 4 136
 15 0 1 177
 15 0 0 29
 15 -3 -2 320
 15 0 -1 7
 105 -2 3 26
 15 -1 0 326
 105 2 -2 290
 15 2 1 205
 105 3 1 6
 105 -2 -3 296
 55 0 4 114
 5 -4 1 351
 55 1 3 145
 55 4 0 26
 55 -3 1 239
 55 0 -2 226
 55 2 -1 99
 55 -1 -4 270
 55 -1 2 26
 55 2 0 156
 55 -2 -2 199
 55 0 3 246
 55 3 0 151
 55 1 -4 293
 55 0 2 44
 55 4 1 240
 55 1 5 294
 55 1 0 326
 55 -1 3 354
 55 0 -4 28
 55 -1 -2 38
 55 0 -3 262
 5 -4 -1 240
 55 1 1 262
 55 -3 2 190
 55 1 2 95
 55 -1 -3 39
 55 -2 1 168
 "contig-ratio-green-core" 0.7272727272727273
 "contig-ratio-red-core" 0.9411764705882353
 "a-count" 7
 "b-count" 3
 "c-color-count" 25
 "c-express-count" 25
 "d-color-count" 21
 "d-express-count" 21
 "cell-count" 56
 15 -1 -3 120
 15 -4 1 79
 105 3 2 5
 15 1 3 233
 15 -3 -2 339
 15 -4 -1 30
 15 1 2 13
 15 -2 3 99
 15 1 -4 298
 15 3 -2 304
 15 2 1 142
 15 3 0 330
 15 -1 2 134
 105 4 0 10
 105 0 3 71
 105 2 3 14
 15 0 -4 134
 105 0 4 155
 105 4 1 106
 15 -2 -2 114
 15 3 1 280
 15 0 2 294
 105 -1 4 211
 15 -3 3 349
 15 -4 0 274
 15 3 -1 24
 15 -2 -3 69
 15 -1 3 328
 55 -2 1 37
 55 0 -1 103
 55 -3 -1 27
 5 -3 1 327
 55 -2 -1 270
 55 1 -2 197
 55 -1 1 132
 55 -1 -1 227
 55 0 -3 220
 55 1 -1 324
 55 3 3 351
 55 0 1 323
 55 -1 -2 232
 55 -2 0 231
 5 -1 0 154
 55 1 -3 308
 55 1 0 66
 5 2 2 335
 55 2 -1 75
 55 -3 0 18
 55 -3 2 325
 55 0 -2 149
 55 1 1 16
 55 1 -1 149
 55 2 0 347
 55 2 -2 358
 55 0 0 222
 55 -2 2 228
 "contig-ratio-green-core" 1.1428571428571428
 "contig-ratio-red-core" 0.75
