 "a-count" 9
 "b-count" 5
 "c-color-count" 23
 "c-express-count" 23
 "d-color-count" 19
 "d-express-count" 19
 "cell-count" 56
 15 -2 2 347
 15 -3 -3 254
 105 -3 3 311
 15 0 -4 299
 15 -2 1 131
 15 -1 1 57
 15 3 -2 233
 15 -1 -4 202
 15 2 1 329
 15 -2 3 222
 105 1 -4 52
 15 -1 2 30
 105 0 3 77
 15 0 2 146
 15 1 0 172
 105 1 3 228
 105 -4 -1 105
 105 4 0 222
 15 0 1 312
 15 -2 -3 149
 105 2 -3 340
 15 2 0 205
 15 -3 -2 137
 15 0 0 222
 15 1 1 224
 105 2 3 186
 15 -4 0 308
 105 2 -2 324
 55 0 4 289
 55 -3 1 149
 55 -2 4 227
 5 2 -1 295
 55 -1 4 26
 55 -2 -2 0
 55 3 1 252
 55 1 -1 141
 55 0 -2 188
 55 -1 -1 357
 55 -4 1 326
 55 -1 -2 93
 55 -2 0 87
 55 3 0 143
 55 -2 -1 105
 5 1 2 94
 55 0 -3 310
 55 4 1 52
 55 1 -3 205
 5 2 2 201
 55 0 5 223
 55 1 -2 152
 55 -3 2 176
 5 3 -1 312
 55 -1 -3 13
 55 0 -1 10
 55 -3 0 178
 5 -3 -1 153
 "contig-ratio-green-core" 0.6111111111111112
 "contig-ratio-red-core" 0.7058823529411765
 "a-count" 9
 "b-count" 8
 "c-color-count" 20
 "c-express-count" 20
 "d-color-count" 19
 "d-express-count" 19
 "cell-count" 56
 15 -1 -1 233
 15 0 -1 1
 105 -4 1 239
 15 1 1 185
 15 0 0 261
 105 3 -1 349
 15 -2 0 87
 105 -2 -2 32
 15 0 0 47
 105 3 1 132
 105 1 -1 53
 15 1 2 234
 105 -2 -3 42
 15 1 0 144
 15 2 0 173
 15 -1 0 184
 15 -1 -3 205
 15 -3 -1 87
 105 3 -2 233
 15 -2 -1 161
 105 0 -2 165
 15 2 1 24
 15 2 -1 313
 105 -1 -4 52
 15 2 2 151
 15 -1 -2 227
 15 3 0 27
 15 3 -3 129
 55 0 1 272
 55 1 3 45
 55 0 -3 64
 55 -3 0 175
 55 -3 1 182
 55 4 0 186
 5 3 3 147
 55 1 -3 84
 5 2 -3 228
 55 -1 3 123
 55 0 3 174
 55 4 -1 37
 55 -1 1 333
 55 3 2 135
 5 -4 0 285
 5 -2 2 198
 5 -2 3 39
 55 4 1 78
 55 1 -2 228
 55 0 2 61
 55 2 3 180
 55 2 -2 317
 55 -1 2 128
 5 1 -4 177
 55 -2 1 186
 5 -3 -3 58
 5 -3 2 163
 55 0 -4 314
 "contig-ratio-green-core" 0.6666666666666666
 "contig-ratio-red-core" 0.9166666666666666
 "a-count" 12
 "b-count" 6
 "c-color-count" 22
 "c-express-count" 22
 "d-color-count" 17
 "d-express-count" 16
 "cell-count" 56
 105 -4 1 167
 105 2 3 277
 15 4 0 103
 105 2 2 12
 105 0 2 110
 105 0 4 82
 15 -1 -2 328
 105 4 -1 206
 15 3 -1 94
 15 0 3 24
 15 -3 3 149
 15 -1 -3 130
 15 -3 -2 57
 15 3 -2 1
 105 -1 4 102
 15 -2 -1 33
 15 4 1 333
 105 -3 -3 268
 15 -1 2 260
 105 -4 -1 351
 105 1 4 300
 15 -1 3 146
 15 3 0 17
 105 -3 2 326
 15 1 3 168
 15 -2 -2 89
 15 0 -2 20
 15 3 1 191
 55 2 -2 343
 55 3 2 175
 55 0 1 228
 55 1 1 321
 55 2 -1 327
 55 2 1 356
 55 1 -4 148
 55 -1 -1 278
 55 0 -1 234
 55 -3 0 119
 5 0 -4 305
 5 -2 3 101
 5 0 -3 91
 55 -3 1 24
 55 2 0 188
 55 1 0 21
 55 1 2 45
 55 1 -3 354
 55 -1 1 318
 55 -2 2 112
 55 -2 1 101
 55 -1 0 209
 5 -1 -4 113
 55 -2 0 217
 5 2 -3 243
 55 0 0 328
 55 1 -2 311
 5 -3 -1 116
 "contig-ratio-green-core" 0.5714285714285714
 "contig-ratio-red-core" 0.75
