 "a-count" 8
 "b-count" 6
 "c-color-count" 22
 "c-express-count" 22
 "d-color-count" 20
 "d-express-count" 20
 "cell-count" 56
 105 2 -2 238
 105 4 1 285
 15 3 0 15
 15 2 0 349
 15 -3 0 287
 105 -3 -3 345
 105 -3 3 308
 15 3 2 175
 105 3 -1 190
 15 4 -1 46
 15 0 -3 218
 15 -4 0 85
 15 -1 -4 181
 15 -2 2 312
 15 2 -1 187
 15 -1 -5 342
 15 -3 2 32
 15 -2 0 247
 15 -3 -1 7
 15 3 1 218
 15 -1 -3 81
 15 3 3 147
 105 -3 -2 272
 105 2 3 111
 15 -2 -1 156
 15 1 4 70
 105 -2 -3 312
 15 -3 1 38
 55 2 -3 358
 5 1 -1 173
 55 -1 3 266
 55 -1 1 174
 55 0 -2 24
 55 0 3 218
 5 1 -4 286
 5 -2 3 161
 55 -1 -1 317
 55 1 0 246
 55 0 1 57
 55 2 2 348
 55 1 3 187
 55 -1 0 239
 5 1 -3 97
 55 0 -1 19
 55 1 1 113
 55 1 -2 92
 55 -1 2 133
 55 -2 -2 336
 55 2 1 66
 5 -1 4 23
 55 0 2 133
 55 0 0 284
 55 -1 -2 252
 55 1 2 284
 55 0 4 181
 5 0 -4 241
 "contig-ratio-green-core" 0.6428571428571429
 "contig-ratio-red-core" 0.5333333333333333
 "a-count" 11
 "b-count" 4
 "c-color-count" 24
 "c-express-count" 24
 "d-color-count" 17
 "d-express-count" 17
 "cell-count" 56
 15 -1 4 40
 15 0 -4 36
 15 -4 0 241
 15 1 -2 266
 15 1 3 13
 105 3 2 153
 15 -3 -1 117
 15 1 -3 326
 15 1 2 138
 105 3 -1 10
 105 1 -4 88
 105 -4 -1 328
 15 2 -2 119
 105 2 -3 229
 15 0 3 96
 15 3 3 62
 15 -1 3 356
 105 -3 -3 312
 15 4 0 181
 15 0 -3 228
 15 -1 -3 66
 105 3 -2 140
 105 -2 -3 107
 105 0 4 329
 105 -3 -2 223
 15 0 2 176
 105 4 -1 250
 15 -3 0 215
 55 -1 -1 162
 5 -2 3 94
 55 2 2 39
 55 3 -3 353
 55 3 0 260
 55 -2 -2 292
 55 0 0 58
 55 1 0 275
 55 -3 1 323
 55 0 -1 307
 55 -2 0 93
 55 -1 1 298
 55 2 0 120
 5 -2 2 286
 55 1 -1 105
 55 -1 -2 207
 55 -2 1 155
 5 -3 2 311
 55 2 3 204
 55 0 1 119
 55 -1 0 324
 5 -4 1 300
 55 2 1 284
 55 0 -2 162
 55 -1 2 95
 55 1 1 288
 55 -2 -1 44
 55 3 1 216
 "contig-ratio-green-core" 0.7857142857142857
 "contig-ratio-red-core" 0.7857142857142857
 "a-count" 9
 "b-count" 5
 "c-color-count" 23
 "c-express-count" 23
 "d-color-count" 19
 "d-express-count" 19
 "cell-count" 56
 15 -3 3 206
 105 4 -1 61
 15 0 3 125
 105 0 -4 333
 15 3 1 148
 15 -3 -1 128
 105 -1 4 185
 105 2 0 203
 15 2 -1 349
 15 1 -2 75
 105 4 1 152
 15 2 2 261
 105 0 4 124
 15 2 -2 157
 15 -1 3 347
 15 -3 2 49
 105 -4 1 313
 105 3 0 35
 15 -2 3 202
 105 -1 -3 357
 15 1 3 80
 15 2 1 226
 15 -2 -2 343
 15 3 -2 246
 15 3 2 182
 15 -2 -1 346
 15 3 -1 97
 15 1 4 25
 55 0 1 198
 55 0 -2 239
 55 1 -1 195
 55 -2 1 24
 55 0 2 49
 5 -2 -3 155
 55 -2 2 169
 5 1 -3 331
 55 1 2 114
 55 -3 1 179
 5 -1 -4 32
 55 -2 0 36
 55 -1 0 56
 55 -3 -3 42
 55 1 1 14
 55 -3 0 17
 55 -1 -1 147
 55 -1 2 291
 55 2 -3 99
 55 -1 -2 235
 55 0 0 235
 5 -3 -2 333
 5 1 -4 326
 55 1 0 326
 55 0 -1 220
 55 -1 1 173
 55 3 -3 103
 55 3 3 313
 "contig-ratio-green-core" 0.8666666666666667
 "contig-ratio-red-core" 0.9375
 "a-count" 11
 "b-count" 4
 "c-color-count" 24
 "c-express-count" 24
 "d-color-count" 18
 "d-express-count" 17
 "cell-count" 56
 15 -3 -2 105
 15 -1 -3 61
 15 2 3 92
 105 4 -1 187
 15 3 2 265
 15 4 0 46
 15 -2 -3 256
 15 -3 2 207
 105 3 0 20
 105 -4 -1 61
 105 3 -2 271
 105 0 4 289
 105 -1 4 73
 15 -3 -1 238
 15 3 1 350
 105 -1 -4 203
 15 2 2 203
 105 1 4 293
 15 -1 3 234
 105 4 1 159
 15 -2 -2 264
 15 -3 1 208
 15 -3 0 212
 15 1 3 225
 105 2 -3 123
 15 -4 0 19
 15 -2 2 186
 15 0 3 213
 55 -1 2 304
 55 -2 3 177
 55 -1 -1 71
 55 -2 0 162
 55 0 0 156
 55 1 1 187
 55 0 2 51
 5 -3 3 74
 55 1 -1 277
 55 1 -2 72
 55 2 -2 315
 55 0 -1 252
 55 -2 1 97
 55 0 -2 333
 55 0 1 49
 55 2 0 141
 55 -4 1 277
 5 1 2 105
 5 -1 0 3
 55 0 -3 277
 55 -1 -2 203
 55 -2 -1 32
 55 2 -1 36
 55 -1 1 156
 55 1 0 104
 55 1 -3 347
 5 1 -4 341
 55 2 1 203
 "contig-ratio-green-core" 0.7692307692307693
 "contig-ratio-red-core" 0.5882352941176471
