 "a-count" 11
 "b-count" 6
 "c-color-count" 22
 "c-express-count" 22
 "d-color-count" 17
 "d-express-count" 17
 "cell-count" 56
 15 3 1 286
 105 1 -2 301
 15 0 -2 104
 15 2 2 0
 105 4 0 176
 15 -3 -1 342
 15 0 3 83
 15 1 2 190
 15 3 0 19
 105 -3 2 296
 105 -2 -3 219
 105 1 4 213
 15 -1 -2 264
 15 -4 1 136
 15 0 4 12
 105 3 2 158
 105 3 -2 290
 105 2 -2 245
 105 -3 3 173
 15 1 3 90
 15 1 -3 335
 15 -2 -2 338
 15 0 -3 344
 105 -1 -3 35
 15 -4 0 85
 105 -2 -1 323
 15 2 3 251
 15 -3 0 217
 55 1 1 205
 55 -2 2 146
 55 -1 2 228
 55 -1 -1 152
 55 -2 0 316
 55 1 -1 172
 55 0 -1 178
 55 0 0 219
 55 1 -4 61
 5 -1 -4 138
 5 -3 1 294
 55 -1 4 192
 55 -2 1 212
 5 2 -3 300
 5 3 -3 235
 55 -1 0 153
 55 4 1 22
 55 1 0 242
 55 2 1 99
 5 3 -1 88
 55 0 -4 226
 5 4 -1 128
 55 -1 1 91
 55 0 1 99
 55 2 -1 234
 55 2 0 298
 55 0 2 244
 55 -1 3 16
 "contig-ratio-green-core" 0.8333333333333334
 "contig-ratio-red-core" 0.7333333333333333
 "a-count" 6
 "b-count" 6
 "c-color-count" 22
 "c-express-count" 22
 "d-color-count" 22
 "d-express-count" 22
 "cell-count" 56
 105 -1 4 268
 15 -4 3 21
 15 -4 2 114
 105 2 -2 299
 15 3 1 301
 15 2 -3 257
 15 1 2 86
 105 3 -1 346
 15 1 -3 31
 15 -1 -5 132
 15 2 3 329
 15 1 3 58
 15 4 0 245
 15 -3 1 340
 15 -1 -3 168
 105 1 -2 214
 15 -4 1 51
 15 3 2 1
 105 -3 -3 340
 15 0 -4 304
 15 2 2 56
 15 3 0 314
 15 -2 -2 278
 15 1 -4 30
 15 -1 -4 223
 15 -3 2 235
 105 -4 0 41
 15 4 1 187
 55 2 0 270
 5 2 -1 256
 55 1 -1 144
 5 -1 0 152
 55 -2 0 123
 55 0 0 297
 55 1 1 240
 55 -1 -1 81
 55 0 4 238
 5 3 3 76
 55 -2 2 242
 5 -2 -3 85
 55 0 2 325
 55 -3 -1 86
 55 -2 1 6
 55 1 0 145
 55 -2 -1 166
 55 0 -1 17
 55 -1 3 274
 5 -1 1 76
 55 0 3 247
 5 -3 -2 111
 55 -1 2 66
 55 0 -2 113
 55 -1 -2 343
 55 0 1 40
 55 2 1 220
 55 0 -2 285
 "contig-ratio-green-core" 0.5625
 "contig-ratio-red-core" 0.4
 "a-count" 10
 "b-count" 3
 "c-color-count" 25
 "c-express-count" 25
 "d-color-count" 18
 "d-express-count" 18
 "cell-count" 56
 15 2 3 304
 15 -2 1 292
 15 -3 -1 271
 15 0 3 6
 15 -1 2 283
 15 1 3 47
 15 0 1 305
 105 -3 -3 169
 15 -3 1 142
 105 -2 -1 291
 105 -1 -4 251
 105 2 2 235
 105 1 4 259
 15 -2 0 95
 105 -4 -1 80
 15 -2 2 265
 15 1 -3 68
 15 -3 2 212
 15 -2 3 84
 105 2 -2 130
 15 2 -3 274
 15 -1 3 87
 105 1 -4 148
 105 0 -4 142
 105 -2 -2 119
 15 0 2 27
 15 -3 0 308
 15 -1 1 204
 5 4 0 147
 55 -2 -3 125
 55 -1 0 220
 5 3 3 280
 55 4 1 293
 55 -1 -2 113
 55 -4 0 231
 55 -1 -3 182
 5 -1 4 260
 55 1 -1 198
 55 1 0 268
 55 1 2 90
 55 2 -1 180
 55 3 1 118
 55 0 -1 311
 55 -3 3 240
 55 0 -2 94
 55 2 1 208
 55 -4 1 37
 55 1 -2 115
 55 -1 -1 200
 55 2 0 295
 55 3 -1 157
 55 1 1 4
 55 0 -3 117
 55 0 0 276
 55 0 4 353
 55 3 0 46
 "contig-ratio-green-core" 0.5
 "contig-ratio-red-core" 0.6666666666666666
 "a-count" 16
 "b-count" 6
 "c-color-count" 22
 "c-express-count" 22
 "d-color-count" 13
 "d-express-count" 12
 "cell-count" 56
 105 3 -3 67
 105 0 -4 23
 15 2 -1 153
 105 -1 4 267
 105 3 3 126
 15 3 -2 84
 15 2 -2 174
 105 -1 -4 44
 15 1 2 203
 105 2 -3 178
 15 1 -3 40
 105 -3 -3 152
 105 1 -4 9
 105 -2 3 271
 15 0 3 101
 105 -1 3 244
 15 1 3 263
 15 0 -3 165
 105 -3 -1 75
 15 0 4 67
 105 -3 2 326
 15 0 2 126
 15 2 2 1
 15 4 1 170
 105 -2 -2 218
 105 4 -1 23
 15 3 -1 286
 105 -2 -3 233
 55 0 0 354
 55 1 -1 238
 5 2 3 60
 55 -1 1 127
 55 -1 -2 173
 55 1 1 239
 55 -2 0 171
 55 1 -2 230
 55 0 1 5
 55 3 0 184
 5 -3 -2 117
 5 1 4 281
 55 -4 0 87
 55 -1 -3 208
 55 0 -2 323
 55 -2 -1 332
 5 -2 2 176
 55 2 1 319
 5 -3 1 246
 5 -2 1 349
 55 -1 0 8
 55 -3 0 61
 55 0 -1 186
 55 1 0 39
 55 -1 2 166
 55 3 1 216
 55 -1 -1 191
 55 2 0 172
 "contig-ratio-green-core" 0.6
 "contig-ratio-red-core" 0.9090909090909091
