 "a-count" 7
 "b-count" 6
 "c-color-count" 22
 "c-express-count" 22
 "d-color-count" 22
 "d-express-count" 21
 "cell-count" 56
 15 2 -3 92
 105 -4 -1 32
 105 -4 1 44
 105 3 3 139
 15 1 3 55
 15 -2 1 318
 105 -3 -1 322
 15 1 -3 197
 15 -4 0 85
 15 -3 0 225
 15 -1 3 207
 15 4 1 205
 15 -2 -3 268
 15 -3 1 171
 15 1 2 212
 105 -2 2 33
 15 0 3 309
 15 -3 -2 284
 15 -1 -2 27
 15 -1 -3 72
 15 0 -3 268
 15 4 -1 359
 15 0 4 243
 105 1 -4 53
 15 1 4 301
 15 4 0 341
 15 2 2 229
 15 0 2 164
 55 2 -2 233
 55 3 2 101
 5 3 -3 22
 55 2 -1 225
 55 1 -2 133
 55 3 1 259
 5 -1 -4 292
 55 2 3 282
 5 -3 2 350
 5 -1 2 66
 55 -1 -1 303
 55 3 -1 316
 55 0 0 50
 55 -2 -1 118
 55 -2 0 344
 55 0 -2 144
 5 2 0 23
 55 1 -1 293
 55 2 1 199
 55 0 -1 234
 55 1 1 1
 55 0 1 275
 5 -2 -2 4
 55 3 0 112
 55 1 0 282
 55 -1 1 183
 55 0 -4 146
 55 -1 0 261
 "contig-ratio-green-core" 0.8
 "contig-ratio-red-core" 0.6842105263157895
 "a-count" 11
 "b-count" 8
 "c-color-count" 20
 "c-express-count" 20
 "d-color-count" 17
 "d-express-count" 17
 "cell-count" 56
 105 -2 -3 261
 15 2 -2 217
 15 1 -3 32
 15 2 2 74
 105 -2 -1 347
 15 -1 2 75
 15 -4 -1 132
 105 -3 -2 188
 15 -2 -2 18
 105 4 -1 144
 15 -1 3 238
 15 3 -2 205
 105 -3 0 166
 105 -2 1 43
 105 -2 0 39
 15 1 -2 350
 15 -1 4 54
 15 1 2 111
 15 0 3 88
 105 0 -2 356
 105 -4 1 49
 105 -2 3 71
 15 0 2 350
 15 2 -3 179
 15 1 3 92
 105 0 -3 42
 15 -3 3 26
 15 1 -4 89
 55 2 -1 278
 55 1 4 235
 55 2 0 69
 55 -3 2 148
 5 -4 0 259
 55 3 -1 219
 55 -1 -1 27
 55 3 -1 294
 55 0 1 51
 55 4 0 47
 5 -2 2 19
 55 0 0 248
 55 3 0 314
 5 3 2 250
 5 -1 0 64
 5 -3 1 245
 55 0 -1 193
 5 3 1 65
 55 -1 -3 96
 55 2 -1 69
 55 2 0 281
 55 1 1 57
 55 1 -1 233
 5 3 -3 284
 55 -1 -2 91
 55 1 0 292
 5 2 1 258
 55 -1 1 193
 "contig-ratio-green-core" 0.5384615384615384
 "contig-ratio-red-core" 0.7857142857142857
 "a-count" 8
 "b-count" 4
 "c-color-count" 25
 "c-express-count" 24
 "d-color-count" 21
 "d-express-count" 20
 "cell-count" 56
 105 4 1 197
 15 2 -3 65
 15 1 -3 56
 15 -2 3 250
 105 3 -3 172
 15 2 3 243
 15 0 3 14
 15 1 3 123
 15 2 -2 68
 15 0 4 72
 15 -3 -2 131
 15 -3 1 62
 15 -2 2 243
 105 2 2 82
 15 -1 -4 8
 15 3 0 153
 15 4 -1 302
 15 -3 2 56
 15 1 -4 341
 15 0 -4 121
 105 -2 -3 71
 105 3 3 265
 15 0 -3 53
 15 3 -1 287
 15 -3 3 4
 15 -2 -2 51
 105 -4 0 181
 105 -1 4 319
 55 2 -1 206
 55 3 1 219
 55 2 1 84
 55 1 2 6
 55 1 -1 16
 55 -1 -2 337
 55 2 0 131
 55 -1 -1 159
 55 1 0 106
 55 1 4 170
 5 1 -2 55
 55 -2 1 333
 5 3 -2 7
 55 0 2 121
 55 -3 -1 334
 55 0 1 276
 55 -2 0 170
 5 3 2 78
 55 -1 2 297
 55 0 0 156
 55 -1 0 224
 55 -2 -1 62
 55 -1 1 292
 55 1 1 87
 55 0 -1 213
 55 -3 0 71
 55 0 -2 2
 55 -1 -3 286
 "contig-ratio-green-core" 0.7857142857142857
 "contig-ratio-red-core" 0.65
 "a-count" 9
 "b-count" 4
 "c-color-count" 25
 "c-express-count" 24
 "d-color-count" 20
 "d-express-count" 19
 "cell-count" 56
 15 -3 -1 101
 15 -4 0 191
 15 -4 1 186
 15 3 -2 317
 105 2 -2 129
 105 1 -3 36
 15 -3 1 278
 15 2 1 348
 105 2 -3 2
 15 -2 3 18
 15 3 0 164
 15 -2 0 105
 15 -2 -1 75
 105 4 0 65
 105 -4 -1 213
 15 -3 0 87
 15 -1 -4 126
 15 3 1 227
 15 -3 2 240
 15 2 -1 147
 15 0 -4 23
 105 -3 -3 187
 105 2 2 62
 15 3 2 111
 15 4 1 220
 15 2 0 136
 105 -3 3 76
 15 -3 -2 186
 55 -1 1 265
 55 0 -1 327
 55 -2 -3 206
 55 -1 2 288
 55 0 -3 5
 55 0 0 145
 55 -2 1 225
 55 -1 -2 26
 55 1 -1 193
 5 -1 4 26
 55 0 1 294
 55 -1 3 290
 55 4 -1 273
 55 -1 -3 52
 55 0 -2 276
 55 -1 0 231
 55 0 2 143
 55 1 4 249
 55 1 0 254
 55 -2 -2 136
 5 3 -1 98
 55 -2 2 86
 55 1 2 257
 55 -1 -1 195
 55 0 3 108
 55 1 3 181
 55 1 1 137
 5 4 2 63
 "contig-ratio-green-core" 0.6111111111111112
 "contig-ratio-red-core" 0.7142857142857143
