 "a-count" 11
 "b-count" 0
 "c-color-count" 28
 "c-express-count" 28
 "d-color-count" 17
 "d-express-count" 17
 "cell-count" 56
 15 -3 2 206
 105 3 -1 214
 15 1 -4 45
 105 3 0 142
 105 -4 0 162
 15 3 1 73
 105 -3 -3 185
 15 -3 0 131
 15 4 1 326
 15 -3 -1 35
 15 1 -3 33
 15 -3 1 186
 15 0 -4 22
 15 -3 -2 315
 105 1 4 213
 15 -1 -4 119
 15 -1 -3 291
 105 -4 -1 135
 15 2 -2 148
 15 -2 -2 97
 15 2 -3 242
 105 3 -2 205
 105 0 -3 331
 105 -2 3 82
 105 -2 -3 8
 15 -1 4 86
 15 3 2 130
 105 4 -1 94
 55 -2 0 18
 55 1 -1 177
 55 -1 3 243
 55 0 1 63
 55 1 0 266
 55 0 0 351
 55 2 0 132
 55 -1 1 216
 55 -4 1 140
 55 -2 1 241
 55 2 2 1
 55 -1 -1 141
 55 0 -1 270
 55 1 -2 116
 55 -2 2 55
 55 1 1 99
 55 -1 -2 209
 55 1 3 84
 55 1 2 90
 55 -1 0 136
 55 2 -1 144
 55 -2 -1 84
 55 -1 2 193
 55 0 2 276
 55 0 4 307
 55 0 -2 54
 55 2 1 49
 55 0 3 286
 "contig-ratio-green-core" 0.7857142857142857
 "contig-ratio-red-core" 0.5333333333333333
 "a-count" 11
 "b-count" 6
 "c-color-count" 23
 "c-express-count" 22
 "d-color-count" 19
 "d-express-count" 17
 "cell-count" 56
 15 1 2 122
 105 3 -2 37
 15 -2 2 183
 105 3 0 341
 105 -3 -3 268
 15 2 3 313
 105 3 -3 111
 105 3 -1 13
 15 -2 0 176
 105 2 -3 208
 105 1 3 268
 15 1 -3 251
 15 -2 -1 17
 15 1 4 352
 15 0 3 140
 15 4 0 259
 15 0 2 240
 105 -3 3 157
 15 -3 -1 353
 15 -2 3 273
 15 -3 -2 264
 15 -4 1 195
 105 -3 0 268
 15 0 4 50
 15 4 -1 204
 15 -1 3 271
 15 0 -3 237
 15 1 -4 347
 55 1 -2 220
 55 -2 -2 233
 55 2 0 67
 55 1 0 81
 55 3 1 305
 5 -2 -3 125
 55 0 1 335
 55 -1 4 229
 5 -1 -4 188
 5 -4 -1 171
 55 1 1 49
 55 -1 -1 166
 55 -1 -3 154
 55 -2 1 172
 5 -1 0 353
 55 1 -1 98
 5 2 -2 87
 55 0 -2 81
 55 -3 1 335
 55 0 -1 34
 55 2 2 320
 55 -1 1 224
 55 0 0 357
 55 -4 0 345
 55 2 -1 261
 55 -1 -2 181
 55 2 1 50
 55 -3 2 238
 "contig-ratio-green-core" 0.6
 "contig-ratio-red-core" 0.7333333333333333
 "a-count" 12
 "b-count" 8
 "c-color-count" 21
 "c-express-count" 20
 "d-color-count" 18
 "d-express-count" 16
 "cell-count" 56
 15 4 1 53
 15 -2 -2 130
 105 3 3 133
 105 1 -2 345
 105 2 -3 41
 15 -3 0 314
 15 -1 4 18
 105 3 0 216
 105 2 2 278
 15 -3 -1 304
 15 -3 1 292
 105 2 3 302
 105 -2 -3 213
 15 4 -1 359
 105 -4 -1 232
 105 -3 3 61
 15 -2 -1 85
 15 0 -4 276
 15 0 -3 79
 15 3 1 120
 15 4 0 218
 15 -2 1 349
 15 -2 0 239
 105 1 -4 61
 15 1 -3 338
 15 1 4 78
 15 -2 3 134
 15 0 4 21
 5 3 2 3
 55 0 2 196
 5 -4 1 5
 55 -1 -1 5
 55 1 1 289
 55 0 -2 30
 5 -1 -4 359
 55 -1 -2 154
 55 2 1 147
 5 3 -3 59
 55 -2 2 98
 55 1 2 310
 55 0 3 63
 55 0 0 317
 55 -1 0 158
 55 1 -1 111
 55 0 1 50
 55 -1 2 337
 5 2 -2 181
 55 3 -2 222
 55 0 -1 139
 5 -4 0 34
 55 2 -1 269
 55 1 3 193
 55 1 0 231
 5 -3 -2 89
 55 2 0 179
 55 -1 3 67
 "contig-ratio-green-core" 0.625
 "contig-ratio-red-core" 0.4666666666666667
