 "a-count" 11
 "b-count" 4
 "c-color-count" 24
 "c-express-count" 24
 "d-color-count" 18
 "d-express-count" 17
 "cell-count" 56
 105 -1 -3 233
 15 -1 -2 128
 15 -1 2 311
 15 -1 3 274
 15 0 2 3
 105 1 4 168
 105 -3 2 84
 15 0 -2 79
 105 -2 -3 204
 15 -2 -2 264
 105 -3 1 1
 105 0 -4 211
 105 3 -3 316
 105 4 0 124
 15 -2 3 191
 15 -3 -2 250
 15 0 2 346
 15 0 3 43
 15 1 -3 63
 15 3 0 39
 15 0 -3 210
 15 3 3 93
 105 -1 -4 70
 15 -2 2 294
 105 -4 1 332
 15 4 -1 351
 15 -4 -1 35
 15 3 -1 335
 5 2 3 65
 55 2 2 107
 55 2 -1 118
 55 -1 0 274
 55 2 -3 269
 55 -1 1 137
 55 2 0 297
 55 -1 -1 50
 5 -1 4 102
 55 -2 0 255
 55 -3 -1 257
 55 1 -1 340
 55 1 3 21
 55 -2 1 36
 55 -4 0 7
 55 1 2 264
 55 1 0 237
 55 1 -2 75
 55 2 1 321
 55 3 1 219
 5 0 4 218
 55 -3 0 11
 55 0 -1 168
 55 1 1 356
 55 2 -2 201
 5 4 1 339
 55 0 0 317
 55 0 1 315
 "contig-ratio-green-core" 0.7058823529411765
 "contig-ratio-red-core" 0.8666666666666667
 "a-count" 10
 "b-count" 4
 "c-color-count" 24
 "c-express-count" 24
 "d-color-count" 18
 "d-express-count" 18
 "cell-count" 56
 15 -1 4 104
 105 1 -4 175
 105 -2 -3 50
 105 -3 -3 89
 15 -4 0 93
 15 -1 3 287
 105 4 -1 210
 15 -3 -1 74
 105 1 4 19
 105 -1 -4 121
 15 -3 0 43
 15 2 -2 111
 105 4 1 325
 15 0 -4 190
 15 -3 2 202
 15 3 0 128
 15 3 1 277
 15 1 -3 14
 15 0 -3 258
 105 3 -2 66
 15 2 -3 160
 15 3 2 344
 15 -1 -3 187
 105 -4 1 359
 15 -3 1 67
 15 -3 -2 234
 15 -2 2 298
 105 -2 3 162
 55 2 -1 244
 55 -1 0 305
 55 -1 2 145
 55 -2 1 268
 55 0 3 131
 55 1 3 240
 55 1 0 245
 55 0 0 342
 55 2 1 16
 55 1 -2 99
 55 0 2 33
 55 2 2 291
 55 2 0 229
 5 4 0 284
 55 1 1 247
 5 -2 -2 178
 55 -1 1 268
 55 1 2 292
 5 -2 -1 164
 55 0 -1 251
 55 -2 0 128
 55 0 -2 272
 55 -1 -1 330
 55 0 1 278
 5 -3 3 98
 55 -4 -1 29
 55 -1 -2 140
 55 1 -1 214
 "contig-ratio-green-core" 0.9166666666666666
 "contig-ratio-red-core" 0.75
 "a-count" 6
 "b-count" 6
 "c-color-count" 22
 "c-express-count" 22
 "d-color-count" 23
 "d-express-count" 22
 "cell-count" 56
 15 -1 -3 4
 15 3 0 194
 15 -2 2 190
 15 -4 0 175
 15 -3 1 183
 15 3 -2 193
 105 -1 3 281
 15 0 -3 115
 105 2 3 353
 105 1 3 42
 15 -4 -1 105
 15 2 1 82
 15 2 -2 178
 15 -1 -4 1
 15 4 0 220
 15 2 0 211
 15 2 -1 267
 15 -3 0 302
 15 3 1 57
 15 3 2 107
 15 0 -4 253
 105 -3 3 120
 15 -3 2 304
 15 3 -1 155
 15 1 -4 289
 105 -1 -2 54
 15 -2 -3 273
 15 3 -3 146
 55 -2 1 238
 55 -1 0 77
 55 0 1 51
 55 -1 -1 355
 55 -1 2 353
 55 0 -2 3
 55 -2 -1 226
 55 1 1 179
 55 -3 -2 269
 55 1 0 119
 55 0 3 238
 5 -2 -2 345
 5 -4 1 32
 55 -2 0 224
 55 1 -3 248
 55 -3 -1 248
 55 1 -1 82
 55 1 2 211
 55 4 -1 356
 5 0 0 118
 55 0 -1 248
 55 0 2 83
 55 2 2 145
 5 -2 3 39
 5 0 4 12
 55 -1 1 111
 5 1 4 58
 55 1 -2 216
 "contig-ratio-green-core" 0.7857142857142857
 "contig-ratio-red-core" 0.6
 "a-count" 9
 "b-count" 7
 "c-color-count" 21
 "c-express-count" 21
 "d-color-count" 19
 "d-express-count" 19
 "cell-count" 56
 15 2 -2 337
 15 -2 -1 275
 15 -1 3 232
 15 -4 0 287
 15 -3 -1 148
 15 -2 -2 284
 15 -3 -2 181
 105 0 4 244
 15 0 3 291
 105 4 0 61
 105 -3 2 223
 15 3 0 201
 15 1 3 21
 105 1 -4 160
 15 -3 1 338
 15 3 -2 193
 105 4 1 120
 15 1 4 139
 15 3 -1 337
 105 3 2 54
 15 -2 1 151
 105 4 -1 21
 105 -1 -4 76
 15 1 2 335
 105 2 2 174
 15 -2 0 286
 15 -3 0 352
 15 -2 -3 62
 5 0 2 339
 55 3 1 135
 5 -4 -1 112
 5 0 -1 131
 55 0 -4 194
 55 -1 -1 103
 55 -1 0 248
 55 0 -3 153
 55 1 -2 122
 55 2 -1 331
 5 -2 3 156
 55 0 0 261
 55 1 1 55
 55 1 -1 81
 55 2 0 280
 55 0 -2 93
 55 -1 -1 167
 55 2 1 291
 55 -1 -2 180
 5 3 3 10
 55 -1 2 292
 55 1 0 264
 55 0 1 66
 5 1 -3 25
 55 -1 1 23
 55 -2 2 265
 55 -3 -3 218
 5 3 -3 155
 "contig-ratio-green-core" 0.6
 "contig-ratio-red-core" 0.7222222222222222
