 "a-count" 9
 "b-count" 6
 "c-color-count" 22
 "c-express-count" 22
 "d-color-count" 21
 "d-express-count" 19
 "cell-count" 56
 15 1 -3 311
 15 0 -4 272
 105 -1 4 148
 15 3 2 234
 105 4 1 329
 15 -1 3 66
 15 -3 2 225
 15 -2 -3 40
 15 3 -1 65
 15 0 -3 254
 105 1 -2 223
 15 -1 -3 279
 105 1 4 76
 15 1 -1 87
 15 -2 -2 65
 15 2 0 34
 105 0 3 112
 15 2 -2 113
 15 -3 -1 277
 15 3 1 259
 15 -2 2 346
 105 3 -2 180
 15 4 -1 190
 15 3 0 64
 15 4 0 37
 105 -4 -1 103
 15 -2 3 82
 15 2 -1 209
 5 -3 -2 87
 55 1 0 92
 55 1 3 80
 55 -2 1 291
 55 1 1 289
 55 2 1 286
 5 2 2 303
 55 0 0 310
 55 0 -2 58
 55 -4 1 90
 55 2 -3 319
 55 0 2 64
 55 -4 0 151
 55 -1 0 172
 5 0 4 210
 55 0 1 176
 55 -1 -4 170
 55 -3 0 133
 55 -1 1 293
 5 -3 3 331
 55 -2 0 138
 5 -1 -2 101
 55 -1 2 145
 5 3 3 245
 55 0 -1 300
 55 -1 -1 286
 55 -2 -1 329
 55 1 2 246
 "contig-ratio-green-core" 0.7272727272727273
 "contig-ratio-red-core" 0.5882352941176471
 "a-count" 13
 "b-count" 6
 "c-color-count" 23
 "c-express-count" 22
 "d-color-count" 15
 "d-express-count" 15
 "cell-count" 56
 105 -4 0 31
 15 -1 -4 104
 105 1 3 283
 105 -3 2 296
 15 3 2 126
 15 1 -3 79
 105 3 -2 275
 105 4 1 334
 105 3 1 313
 15 0 4 40
 15 3 0 37
 15 -3 3 340
 15 2 -1 97
 15 0 -4 257
 15 -2 -3 341
 15 -1 4 162
 15 -1 -3 84
 15 0 -3 1
 105 -3 -3 213
 15 1 -2 15
 105 -2 2 233
 105 3 -1 48
 105 4 -1 247
 15 1 2 254
 105 1 4 168
 105 2 2 286
 15 2 0 236
 105 -3 -1 80
 55 2 3 230
 55 0 -1 173
 55 1 0 120
 55 -1 -1 212
 5 -3 -2 27
 55 0 -2 212
 55 -1 0 207
 55 -2 -1 239
 55 0 2 140
 55 -1 1 23
 55 1 1 174
 5 -3 0 281
 55 4 0 238
 55 0 0 178
 55 -3 1 29
 55 1 -1 105
 55 -1 2 124
 55 1 -4 317
 55 -2 0 53
 55 -2 1 238
 55 0 1 355
 5 2 -3 19
 55 -1 3 183
 55 2 1 348
 55 -1 -2 350
 55 0 3 293
 5 3 3 197
 5 3 -3 318
 "contig-ratio-green-core" 0.5714285714285714
 "contig-ratio-red-core" 0.7692307692307693
 "a-count" 12
 "b-count" 3
 "c-color-count" 25
 "c-express-count" 25
 "d-color-count" 16
 "d-express-count" 16
 "cell-count" 56
 105 1 -3 327
 105 -1 4 250
 15 3 -3 260
 105 3 1 88
 15 -4 -1 120
 15 -2 1 329
 15 -3 0 342
 15 3 -1 47
 15 -3 1 60
 105 2 -3 75
 15 0 2 332
 105 -1 3 120
 105 2 -2 151
 105 4 0 244
 105 4 1 258
 105 0 -4 183
 15 3 -2 160
 15 0 3 122
 15 2 -1 0
 15 3 0 151
 15 -2 2 86
 15 2 1 28
 105 -2 3 147
 15 1 3 278
 15 -1 2 346
 15 2 0 247
 105 -4 1 177
 105 1 -4 116
 55 1 1 184
 55 -1 -2 101
 55 -3 -1 245
 5 -2 0 82
 5 2 3 9
 55 -1 -3 141
 55 0 1 186
 55 -1 0 58
 55 2 2 159
 55 1 -1 85
 55 0 -2 49
 55 1 2 74
 55 -1 -2 48
 55 -2 -1 55
 55 -2 -2 233
 55 -1 -1 119
 55 -4 0 263
 55 -3 3 23
 55 -3 -2 240
 55 0 0 335
 55 1 0 170
 55 -2 -1 107
 55 0 4 53
 55 0 -3 269
 55 0 -1 267
 55 -1 1 251
 55 -1 -4 206
 5 3 2 63
 "contig-ratio-green-core" 0.6428571428571429
 "contig-ratio-red-core" 0.7142857142857143
 "a-count" 7
 "b-count" 4
 "c-color-count" 24
 "c-express-count" 24
 "d-color-count" 22
 "d-express-count" 21
 "cell-count" 56
 15 -3 1 48
 105 -1 3 24
 15 1 -2 151
 15 -2 1 127
 15 0 5 0
 15 -4 1 249
 15 0 -2 72
 15 -1 -3 51
 105 2 -3 6
 105 -2 3 214
 15 -2 2 237
 15 -2 -3 90
 15 0 -3 277
 15 2 -2 67
 15 0 -4 173
 15 3 2 90
 105 4 1 123
 15 3 3 91
 15 -4 0 150
 15 0 4 185
 15 3 -2 123
 15 1 4 205
 15 2 3 133
 105 -4 -1 263
 15 -3 2 283
 105 1 -4 127
 15 1 3 345
 15 -1 4 67
 55 3 -1 41
 55 0 0 216
 55 4 0 75
 5 -3 3 58
 55 1 0 22
 55 -1 -2 205
 55 0 2 178
 55 3 1 259
 55 3 0 230
 55 1 1 169
 55 2 1 32
 55 -1 0 113
 55 1 2 110
 55 -2 -2 51
 55 2 0 100
 5 -3 -3 292
 55 -1 2 315
 55 1 -1 232
 55 0 -1 284
 55 2 -1 136
 55 -2 0 154
 55 -1 1 272
 55 -2 -1 298
 55 -3 -1 142
 5 -1 -1 49
 55 -3 0 349
 5 1 -3 2
 55 0 1 185
 "contig-ratio-green-core" 0.75
 "contig-ratio-red-core" 0.6111111111111112
