 "a-count" 14
 "b-count" 5
 "c-color-count" 23
 "c-express-count" 23
 "d-color-count" 16
 "d-express-count" 14
 "cell-count" 56
 105 -4 1 52
 105 1 -3 20
 15 0 -4 65
 105 -1 -3 345
 15 3 2 176
 105 4 0 74
 105 -2 -3 322
 105 4 -1 250
 15 -2 -1 323
 15 0 3 43
 15 -3 -2 86
 15 -2 0 22
 105 1 4 203
 15 0 4 29
 15 2 -1 300
 15 -3 -1 169
 15 1 3 36
 15 -1 3 325
 105 3 0 219
 105 -2 -2 132
 105 3 -3 309
 15 -3 0 82
 105 3 3 182
 15 3 -1 283
 15 1 -4 197
 15 2 -2 209
 105 -3 -3 205
 15 -4 0 108
 55 -1 0 56
 55 1 1 151
 55 1 0 308
 55 -2 1 216
 55 2 0 164
 55 2 2 72
 55 2 3 303
 5 -1 -4 110
 55 1 2 167
 55 0 1 177
 55 -1 1 259
 5 2 -3 351
 55 0 -1 98
 55 -2 2 342
 55 0 2 146
 55 0 0 119
 55 -3 1 21
 55 1 -1 92
 55 -1 -1 32
 55 0 -2 309
 5 -2 3 197
 5 -3 3 271
 55 1 -2 308
 55 3 1 177
 55 -1 -2 5
 55 2 1 343
 5 -1 2 251
 55 -4 -1 146
 "contig-ratio-green-core" 0.5333333333333333
 "contig-ratio-red-core" 0.8125
 "a-count" 12
 "b-count" 7
 "c-color-count" 23
 "c-express-count" 21
 "d-color-count" 17
 "d-express-count" 16
 "cell-count" 56
 15 -3 1 206
 15 1 -3 118
 15 -2 0 85
 105 3 3 352
 15 -1 3 311
 105 -1 2 251
 15 -2 -1 45
 15 4 1 291
 15 0 3 260
 15 1 4 29
 105 -3 -2 340
 15 -3 0 200
 15 2 -2 224
 15 -3 -1 315
 105 -3 -3 55
 105 3 -3 151
 105 -2 2 270
 105 3 2 209
 105 3 -2 119
 15 2 -1 217
 15 3 1 295
 15 0 4 234
 105 3 0 224
 105 -1 4 49
 105 4 -1 215
 15 1 -2 300
 15 -1 -4 287
 15 0 -4 154
 55 1 3 289
 55 1 -1 137
 55 -1 1 76
 55 -1 -2 338
 55 1 -4 339
 55 1 1 174
 55 0 1 243
 55 -1 -3 193
 55 2 0 50
 55 2 1 38
 55 1 2 183
 55 0 -2 143
 55 0 -1 238
 5 -3 2 310
 55 1 0 12
 55 -4 -1 183
 55 -1 -1 327
 55 0 0 237
 5 -2 -2 144
 55 -2 3 306
 5 -2 -3 242
 5 4 0 97
 55 -2 1 63
 55 0 2 339
 55 -1 0 144
 5 2 -3 125
 55 0 -3 182
 55 2 2 295
 "contig-ratio-green-core" 0.8461538461538461
 "contig-ratio-red-core" 0.8235294117647058
 "a-count" 16
 "b-count" 3
 "c-color-count" 25
 "c-express-count" 25
 "d-color-count" 13
 "d-express-count" 12
 "cell-count" 56
 105 4 1 91
 105 -4 -1 189
 15 -2 -3 261
 105 -1 4 257
 105 0 4 325
 15 -3 0 141
 105 -3 1 122
 15 2 -3 2
 105 1 -3 7
 15 4 0 168
 15 -3 -1 192
 105 -4 1 32
 105 -2 3 165
 15 -3 -2 128
 105 -3 2 36
 105 -2 2 218
 15 -4 0 221
 15 2 3 155
 105 -2 -1 187
 105 0 -3 70
 15 -1 3 357
 15 0 3 16
 15 -2 -2 134
 15 -3 3 247
 105 1 4 116
 105 0 -4 274
 15 4 -1 90
 105 1 3 43
 55 1 -2 293
 55 0 -1 179
 55 1 2 167
 55 3 2 40
 55 -1 0 36
 5 -3 -3 271
 55 1 0 305
 55 1 1 70
 55 0 -2 81
 55 -1 -1 168
 55 0 2 114
 55 0 0 47
 55 0 1 110
 55 3 0 13
 55 2 0 233
 55 -1 1 131
 55 2 2 338
 5 3 -3 104
 5 -1 2 142
 55 -2 1 244
 55 3 -1 188
 55 2 -1 316
 55 3 1 8
 55 2 1 88
 55 -1 -2 129
 55 2 -2 129
 55 1 -1 194
 55 -2 0 142
 "contig-ratio-green-core" 0.5
 "contig-ratio-red-core" 0.5454545454545454
 "a-count" 9
 "b-count" 2
 "c-color-count" 26
 "c-express-count" 26
 "d-color-count" 20
 "d-express-count" 19
 "cell-count" 56
 15 3 -3 10
 15 3 -1 278
 15 3 1 33
 105 2 -3 346
 105 -2 3 175
 15 -1 -5 355
 15 -4 0 32
 15 -2 2 282
 15 -4 1 139
 15 -1 -4 353
 105 3 2 243
 15 4 0 231
 15 3 -2 170
 15 -1 -3 180
 105 -3 -3 42
 15 1 -4 162
 15 1 4 54
 15 -4 -1 83
 15 0 -4 122
 105 -3 -2 78
 15 -1 4 199
 105 -3 -1 80
 15 -3 2 105
 105 -1 3 134
 15 2 2 87
 15 3 0 157
 105 1 3 350
 15 0 4 236
 55 2 1 301
 55 -2 1 217
 55 2 -1 231
 55 2 0 175
 55 1 -1 9
 5 -3 3 84
 5 4 -1 328
 55 0 0 199
 55 0 1 61
 55 -1 0 311
 55 1 0 270
 55 -1 -2 6
 55 -3 0 238
 55 -2 0 229
 55 0 2 228
 55 1 -3 233
 55 -1 2 199
 55 1 2 160
 55 -1 -1 346
 55 -1 1 111
 55 -2 -1 167
 55 1 1 189
 55 -2 -2 281
 55 0 -2 10
 55 1 -2 93
 55 -3 1 246
 55 0 -1 179
 55 0 3 54
 "contig-ratio-green-core" 0.7333333333333333
 "contig-ratio-red-core" 0.5714285714285714
