 "a-count" 10
 "b-count" 5
 "c-color-count" 23
 "c-express-count" 23
 "d-color-count" 19
 "d-express-count" 18
 "cell-count" 56
 15 -2 0 343
 105 4 -1 82
 105 -2 3 352
 15 3 -1 6
 15 -3 0 125
 15 -2 1 340
 15 -1 3 140
 15 -1 -3 157
 105 -3 -1 113
 15 2 3 331
 15 -2 -2 229
 15 2 -2 143
 105 -4 -1 166
 15 -1 2 65
 15 4 0 257
 15 1 3 66
 105 -3 -3 219
 15 0 3 279
 105 -3 -2 80
 15 2 4 98
 105 3 2 152
 15 3 0 150
 105 3 -2 323
 15 -2 -1 85
 15 0 -3 74
 105 3 -3 50
 15 2 -3 122
 15 -4 0 64
 5 -2 -3 229
 55 2 1 348
 55 1 -3 358
 5 0 -4 81
 55 1 -2 106
 55 3 3 335
 55 2 0 165
 55 1 -1 349
 55 4 1 233
 5 -3 2 190
 55 -1 -1 110
 5 -2 2 155
 5 0 4 86
 55 1 1 314
 55 -1 1 149
 55 0 0 147
 55 -3 1 354
 55 0 -2 102
 55 1 2 109
 55 3 1 125
 55 0 1 242
 55 0 2 262
 55 2 -1 336
 55 1 0 263
 55 2 2 102
 55 -1 0 216
 55 1 -4 50
 55 -1 -2 346
 "contig-ratio-green-core" 0.9285714285714286
 "contig-ratio-red-core" 0.8823529411764706
 "a-count" 5
 "b-count" 5
 "c-color-count" 24
 "c-express-count" 23
 "d-color-count" 23
 "d-express-count" 23
 "cell-count" 56
 105 -3 -2 148
 15 0 -4 85
 15 2 3 219
 15 -1 -4 312
 15 2 -2 295
 15 -1 -2 303
 15 3 1 294
 15 1 2 184
 15 1 -3 317
 15 2 2 283
 15 2 -3 17
 105 3 3 319
 15 -2 -3 224
 15 0 -3 221
 15 -4 1 318
 15 -2 3 187
 15 0 -2 206
 105 4 -2 34
 15 3 2 295
 15 -2 1 121
 15 -2 2 202
 15 -1 4 270
 105 -4 -1 131
 15 1 3 240
 15 4 0 311
 15 1 -2 7
 105 -3 3 152
 15 -1 -3 274
 55 3 -2 176
 5 -3 -1 28
 55 0 3 136
 55 0 0 117
 5 -3 1 156
 55 -1 3 76
 55 0 -1 211
 55 -1 0 205
 55 -2 -1 330
 55 2 0 311
 5 3 -3 210
 55 -1 2 142
 55 -2 0 130
 55 -2 -2 213
 5 0 1 93
 55 -1 1 300
 55 3 0 162
 55 -3 0 20
 55 1 1 137
 55 -1 -1 19
 55 2 -1 161
 55 4 -1 31
 55 1 0 187
 55 2 1 304
 55 1 -1 212
 55 3 -1 207
 55 0 4 139
 55 0 2 88
 "contig-ratio-green-core" 0.8235294117647058
 "contig-ratio-red-core" 0.8235294117647058
 "a-count" 11
 "b-count" 3
 "c-color-count" 25
 "c-express-count" 25
 "d-color-count" 18
 "d-express-count" 17
 "cell-count" 56
 15 2 -2 352
 15 -1 1 264
 15 3 0 356
 15 -3 1 292
 15 3 2 220
 15 -1 2 162
 15 -3 2 210
 15 -2 1 60
 15 3 1 274
 15 -2 0 148
 15 0 -4 334
 105 -3 -1 194
 15 2 -3 200
 105 3 -3 214
 15 -4 1 59
 15 0 4 262
 105 -3 -3 60
 15 -2 -1 19
 105 -4 -1 341
 105 -2 -3 237
 15 -3 0 282
 105 3 -2 180
 105 -3 -2 261
 15 3 -1 356
 105 4 -1 48
 105 4 1 228
 105 4 0 15
 15 -2 2 229
 55 2 0 260
 55 0 0 293
 55 1 -3 11
 55 1 2 273
 55 0 3 86
 55 0 2 27
 55 1 0 117
 55 -1 0 79
 55 -1 -3 276
 55 -1 -2 119
 55 0 -2 335
 55 1 1 107
 55 0 -3 66
 55 -1 -1 202
 55 -3 3 331
 5 -1 4 323
 55 2 1 230
 55 3 3 7
 55 2 3 90
 55 0 1 174
 55 -2 -2 107
 55 0 -1 223
 55 2 2 35
 55 2 -1 252
 55 1 -1 290
 5 1 -4 28
 5 -2 3 3
 55 1 -2 211
 "contig-ratio-green-core" 0.7222222222222222
 "contig-ratio-red-core" 0.9285714285714286
