 "a-count" 10
 "b-count" 5
 "c-color-count" 23
 "c-express-count" 23
 "d-color-count" 18
 "d-express-count" 18
 "cell-count" 56
 15 -3 -1 226
 15 2 0 258
 105 1 -4 204
 15 -3 -2 102
 15 3 -1 170
 15 0 -3 192
 105 3 -3 340
 15 1 3 60
 15 -2 3 214
 105 3 0 87
 15 0 2 179
 15 -2 2 56
 105 1 -3 350
 105 -1 3 163
 15 1 4 48
 15 2 1 122
 105 0 3 289
 15 3 1 298
 15 4 -1 50
 15 -4 1 130
 105 0 4 273
 105 -3 3 314
 15 -3 0 162
 15 2 -1 255
 105 -1 4 185
 15 -1 -3 110
 15 1 -2 71
 105 -1 2 257
 55 2 2 222
 55 2 3 173
 55 0 1 284
 55 -2 1 187
 5 -3 2 27
 55 -1 -2 75
 55 -2 -2 246
 55 0 0 39
 55 1 -1 27
 55 1 2 157
 55 -1 1 46
 55 1 1 315
 55 5 -1 125
 5 -3 -3 202
 55 -1 0 30
 55 0 -2 188
 55 2 4 205
 5 -4 0 262
 5 2 -3 53
 55 0 -1 355
 55 -1 -1 151
 55 -3 1 130
 5 -4 -1 87
 55 1 0 127
 55 3 -2 130
 55 -2 0 107
 55 3 3 191
 55 -2 -1 71
 "contig-ratio-green-core" 0.8235294117647058
 "contig-ratio-red-core" 1.0666666666666667
 "a-count" 10
 "b-count" 3
 "c-color-count" 26
 "c-express-count" 25
 "d-color-count" 19
 "d-express-count" 18
 "cell-count" 56
 105 4 0 122
 15 -3 1 1
 15 2 2 143
 15 2 1 114
 15 3 -1 98
 105 -4 0 316
 105 0 4 223
 15 1 4 53
 15 1 -2 127
 105 4 1 74
 15 1 -3 91
 105 0 -4 353
 105 3 0 159
 15 -2 3 282
 105 0 -3 122
 15 -3 0 258
 15 -2 -2 148
 15 -3 -1 74
 15 0 -2 293
 15 -1 -2 350
 15 -1 4 78
 15 2 -1 72
 15 -4 -1 338
 15 -2 2 60
 105 3 1 333
 105 -4 1 289
 15 2 0 55
 15 2 -3 352
 55 -2 1 31
 5 4 -1 19
 55 -1 0 195
 55 3 -3 340
 55 1 2 248
 55 0 0 236
 5 -3 2 145
 55 2 -2 187
 55 0 -1 112
 55 1 3 217
 55 -1 -1 229
 55 -1 1 94
 55 0 3 204
 55 -2 0 82
 55 3 2 328
 55 -2 -1 173
 55 -4 -2 83
 55 -3 -2 103
 55 1 0 278
 55 0 1 179
 55 -1 3 60
 55 0 2 101
 55 -1 2 274
 55 1 1 227
 55 -3 3 180
 55 2 3 206
 55 1 -1 65
 55 -2 4 159
 "contig-ratio-green-core" 0.9411764705882353
 "contig-ratio-red-core" 1.0555555555555556
 "a-count" 9
 "b-count" 4
 "c-color-count" 24
 "c-express-count" 24
 "d-color-count" 20
 "d-express-count" 19
 "cell-count" 56
 15 -4 -1 293
 15 0 -2 10
 15 3 2 260
 15 -2 0 292
 15 2 -1 298
 15 2 1 85
 105 1 -4 262
 15 -2 2 27
 15 -4 0 246
 15 -2 1 340
 105 2 -2 349
 105 3 -2 260
 105 -3 3 337
 105 3 0 144
 15 3 -1 183
 15 3 1 156
 15 -2 -3 206
 15 1 -2 51
 15 -3 -1 54
 15 -3 0 127
 15 -3 2 65
 15 -3 1 57
 15 2 0 337
 15 -1 -2 231
 105 -1 -3 29
 15 1 4 266
 105 2 -3 215
 105 -1 -4 258
 55 0 3 257
 55 -2 3 126
 55 1 3 260
 55 1 -1 162
 55 -1 -1 24
 55 1 1 260
 55 0 0 59
 55 0 1 15
 55 -1 4 339
 5 3 3 337
 5 4 1 318
 55 0 -1 201
 55 -1 0 107
 55 3 -3 9
 55 1 -3 175
 55 -3 -2 85
 55 1 -1 18
 55 1 0 91
 5 0 2 317
 55 2 3 77
 55 1 2 147
 55 -1 3 271
 55 -2 -1 328
 55 2 2 137
 55 -1 1 41
 55 -1 2 259
 5 -2 -2 240
 55 0 4 345
 "contig-ratio-green-core" 0.7058823529411765
 "contig-ratio-red-core" 0.75
 "a-count" 6
 "b-count" 5
 "c-color-count" 23
 "c-express-count" 23
 "d-color-count" 23
 "d-express-count" 22
 "cell-count" 56
 15 2 -1 142
 15 3 -2 249
 15 3 -1 196
 15 -2 -3 258
 15 -3 -1 91
 15 1 -2 32
 15 -1 -3 160
 15 -1 -2 137
 15 -2 3 44
 105 -3 2 253
 15 -3 -2 179
 105 -3 3 101
 105 1 4 202
 15 -4 1 43
 105 3 -3 57
 15 -3 0 24
 15 -2 -2 42
 105 2 -3 319
 15 1 3 216
 15 0 -3 21
 15 -4 -2 267
 15 0 -2 136
 15 2 -2 153
 15 -2 -1 202
 15 4 0 78
 15 -1 -1 46
 15 0 4 336
 15 3 3 209
 55 -1 3 344
 55 -2 0 276
 5 -4 0 210
 55 2 1 201
 55 -1 2 88
 55 -1 1 125
 55 1 2 150
 55 -3 -3 109
 55 3 1 72
 55 3 2 169
 55 1 0 232
 55 0 -1 18
 55 -2 2 158
 55 -1 0 303
 55 3 0 267
 55 -2 1 45
 55 2 2 180
 55 0 0 165
 5 1 -4 319
 55 1 1 148
 55 -3 1 49
 5 4 -1 271
 55 0 1 183
 5 2 3 73
 55 0 3 168
 55 0 2 244
 5 -1 -4 258
 55 2 0 19
 "contig-ratio-green-core" 0.9230769230769231
 "contig-ratio-red-core" 0.6875
