 "a-count" 13
 "b-count" 4
 "c-color-count" 25
 "c-express-count" 24
 "d-color-count" 17
 "d-express-count" 15
 "cell-count" 56
 15 3 0 60
 15 -3 -1 289
 15 -1 -2 304
 105 -2 -2 250
 15 1 2 43
 15 -3 -2 169
 15 -2 -1 84
 15 -4 -1 118
 105 -1 -4 24
 15 1 4 211
 105 0 -4 182
 15 4 0 270
 105 1 -3 50
 15 2 2 71
 105 -2 -3 332
 15 -3 2 344
 105 3 -2 111
 105 -1 -3 144
 15 2 -3 311
 105 0 -2 239
 15 -2 4 262
 105 3 3 42
 15 -3 3 108
 105 0 4 173
 105 0 -3 4
 15 1 -2 110
 15 1 3 236
 15 3 1 220
 55 0 0 248
 55 0 -1 84
 55 -1 3 235
 55 3 -1 306
 55 0 2 203
 55 -2 1 93
 55 2 0 16
 55 2 -1 235
 55 -1 2 268
 55 -4 0 113
 55 2 -2 262
 55 -2 3 74
 55 -3 1 72
 55 1 -1 227
 55 2 1 154
 55 -3 0 70
 5 -4 1 253
 55 0 3 181
 55 0 1 262
 55 -1 1 237
 55 -1 -1 78
 55 -2 0 287
 55 1 0 257
 55 -1 0 118
 55 1 1 292
 5 2 3 344
 5 3 2 311
 55 -2 2 129
 "contig-ratio-green-core" 0.8235294117647058
 "contig-ratio-red-core" 0.9333333333333333
 "a-count" 9
 "b-count" 1
 "c-color-count" 27
 "c-express-count" 27
 "d-color-count" 20
 "d-express-count" 19
 "cell-count" 56
 15 3 1 260
 15 0 3 134
 105 2 3 302
 15 -2 3 72
 15 -2 -1 135
 105 1 -4 67
 15 -4 0 337
 105 -4 1 139
 15 1 3 147
 15 1 -3 330
 15 3 2 196
 15 -2 -2 292
 15 2 -3 216
 15 -3 3 61
 105 4 1 40
 15 -3 -1 349
 105 -1 -4 297
 15 2 2 38
 15 -3 1 128
 15 3 3 302
 105 2 4 312
 105 0 4 244
 15 3 -2 167
 15 0 -3 274
 15 4 0 55
 15 1 4 3
 105 -1 3 307
 15 -3 0 257
 55 0 -1 96
 55 1 2 273
 55 -2 2 76
 55 1 1 89
 55 -1 1 44
 55 4 -1 93
 55 -2 1 195
 55 1 -1 82
 55 0 2 119
 55 -1 -3 2
 55 0 0 158
 55 0 -2 257
 55 2 -1 51
 55 0 1 157
 5 3 -3 78
 55 -2 -3 268
 55 -1 -2 74
 55 1 0 37
 55 1 -2 223
 55 -2 0 126
 55 -1 0 257
 55 2 -2 294
 55 3 -1 124
 55 -1 2 9
 55 -1 -1 193
 55 3 0 88
 55 2 1 251
 55 2 0 324
 "contig-ratio-green-core" 0.8235294117647058
 "contig-ratio-red-core" 0.7777777777777778
 "a-count" 6
 "b-count" 9
 "c-color-count" 20
 "c-express-count" 19
 "d-color-count" 24
 "d-express-count" 22
 "cell-count" 56
 15 -1 2 255
 15 2 0 42
 15 0 -4 344
 15 -1 4 234
 15 1 1 33
 15 3 -1 189
 105 1 3 232
 15 -3 0 213
 15 -2 -2 21
 15 -2 0 290
 15 3 1 146
 15 -2 1 144
 15 -4 0 302
 15 0 -3 224
 105 3 0 51
 105 -3 -1 305
 15 0 1 291
 15 -3 -2 332
 15 -1 -4 23
 15 -2 -1 88
 15 2 1 50
 15 0 4 122
 15 -1 1 314
 15 1 2 138
 15 -2 3 131
 15 -2 2 270
 15 -1 -3 22
 105 -3 -3 328
 55 0 0 295
 55 1 -3 176
 55 4 1 318
 5 -4 -1 36
 55 4 0 162
 55 1 0 340
 5 3 -2 83
 55 0 -2 258
 55 -3 1 256
 55 -1 -1 56
 5 2 3 160
 5 -2 -3 149
 55 -1 -2 60
 55 -3 2 358
 55 1 -1 192
 55 0 3 163
 5 3 3 157
 55 2 -2 190
 5 3 -3 254
 55 1 -2 347
 55 -4 1 26
 55 -1 3 203
 55 0 -1 139
 5 3 2 126
 55 2 -1 11
 5 1 -4 46
 55 -1 0 340
 55 -4 2 251
 "contig-ratio-green-core" 1.1875
 "contig-ratio-red-core" 0.5909090909090909
 "a-count" 5
 "b-count" 5
 "c-color-count" 24
 "c-express-count" 23
 "d-color-count" 26
 "d-express-count" 23
 "cell-count" 56
 15 0 2 205
 15 -3 -2 167
 15 -1 -3 69
 15 -3 -1 350
 15 -4 -1 47
 15 -2 -2 71
 15 3 1 263
 15 3 0 3
 15 3 -1 35
 15 2 -1 43
 15 -1 -4 293
 15 4 0 349
 15 1 0 320
 15 3 2 159
 105 2 0 174
 105 4 1 2
 15 2 1 306
 15 -2 2 119
 15 2 -1 196
 15 4 1 147
 15 2 -2 38
 15 2 1 257
 15 1 1 316
 15 0 -3 74
 15 0 1 129
 15 1 -3 326
 15 3 -1 344
 15 -2 -3 203
 55 2 -3 81
 55 3 3 271
 55 1 -2 230
 55 1 3 287
 55 -1 1 117
 55 -3 -3 275
 55 -1 -1 77
 55 -2 0 199
 5 0 -4 243
 55 -4 0 199
 55 1 -1 291
 5 4 -1 228
 5 -1 2 169
 55 -1 3 110
 55 -2 -1 328
 55 -4 1 16
 55 -2 1 86
 55 1 2 44
 55 0 0 48
 55 0 -2 40
 55 -1 0 176
 5 1 -4 13
 55 2 2 304
 55 -3 1 55
 55 -3 0 59
 55 0 -1 172
 55 -1 -2 195
 55 1 4 45
 "contig-ratio-green-core" 1.0625
 "contig-ratio-red-core" 0.5909090909090909
