 "a-count" 6
 "b-count" 4
 "c-color-count" 24
 "c-express-count" 24
 "d-color-count" 23
 "d-express-count" 22
 "cell-count" 56
 105 0 4 0
 15 3 2 228
 15 1 -3 82
 15 2 -1 30
 15 0 -4 204
 15 1 3 79
 15 -2 3 51
 15 -1 3 61
 15 -1 2 230
 15 -3 1 107
 15 -1 -3 110
 105 -3 -3 346
 15 1 -2 114
 15 2 0 343
 15 1 4 187
 105 4 1 5
 15 2 -2 3
 15 0 -3 219
 15 0 3 329
 15 3 1 77
 15 3 0 198
 15 -4 0 329
 15 3 -1 352
 15 -3 -2 357
 105 1 -4 359
 105 -1 -4 70
 15 -2 -2 279
 15 -2 2 268
 55 -1 -1 61
 55 -2 0 259
 55 2 -3 81
 55 0 1 166
 55 -2 -1 181
 5 4 -1 138
 5 -4 1 173
 55 4 0 22
 55 -1 -2 315
 55 -3 0 76
 55 -1 0 104
 55 2 1 275
 55 0 0 112
 55 -4 -1 206
 55 2 3 124
 55 1 0 347
 55 1 2 37
 55 -3 -1 161
 5 3 -3 227
 55 -1 1 207
 55 0 2 331
 55 0 -2 306
 55 -2 1 300
 5 -2 -3 298
 55 -3 2 68
 55 1 1 150
 55 1 -1 89
 55 2 2 148
 "contig-ratio-green-core" 0.9473684210526315
 "contig-ratio-red-core" 0.7619047619047619
 "a-count" 4
 "b-count" 3
 "c-color-count" 26
 "c-express-count" 25
 "d-color-count" 25
 "d-express-count" 24
 "cell-count" 56
 15 -4 1 57
 15 0 -3 302
 105 -1 -4 197
 15 -3 -3 338
 15 -1 2 224
 15 -4 0 264
 15 1 2 220
 105 3 -3 278
 15 2 3 329
 15 0 2 268
 15 -2 -1 158
 15 -3 1 147
 15 -1 -3 279
 15 0 3 185
 15 -1 3 119
 15 2 -1 309
 15 -3 0 306
 15 -2 -2 231
 15 3 0 336
 105 1 -4 61
 15 2 -2 212
 15 4 0 156
 15 1 3 88
 15 0 4 119
 15 3 -1 47
 15 4 -1 61
 15 -3 -1 263
 15 1 -3 86
 55 -1 0 64
 55 1 -2 356
 5 3 -2 81
 55 2 -3 253
 55 -1 -2 119
 55 2 1 342
 5 3 3 122
 55 0 1 284
 55 2 2 133
 55 -2 -3 20
 55 2 0 295
 55 3 1 84
 55 -3 -2 336
 55 1 0 268
 55 0 -1 100
 55 1 1 269
 55 -2 0 69
 55 -1 -1 177
 55 0 0 112
 55 0 -2 323
 55 -2 1 106
 55 -1 1 96
 55 -2 3 15
 55 3 2 142
 55 -2 2 68
 55 1 4 88
 55 1 -1 79
 55 4 1 198
 "contig-ratio-green-core" 1
 "contig-ratio-red-core" 0.8636363636363636
 "a-count" 6
 "b-count" 2
 "c-color-count" 26
 "c-express-count" 26
 "d-color-count" 24
 "d-express-count" 22
 "cell-count" 56
 15 -2 1 336
 15 -1 3 266
 15 -1 -3 320
 15 -4 -2 70
 15 -1 1 180
 105 -1 4 306
 15 0 2 106
 15 0 3 280
 15 -2 2 142
 15 0 1 316
 105 -1 2 291
 15 1 -4 302
 105 0 -4 299
 15 -2 -4 248
 15 1 -3 315
 15 -1 -4 159
 15 -4 -1 132
 15 -2 -3 63
 15 0 0 164
 15 1 4 17
 15 0 4 225
 15 1 3 75
 15 3 -3 123
 15 -3 -3 30
 15 -2 0 159
 105 2 3 215
 15 4 0 237
 15 -1 0 170
 55 -4 1 303
 55 -2 -2 56
 55 -1 -2 92
 55 1 1 160
 5 3 3 319
 55 2 -2 336
 55 3 -1 357
 55 4 1 306
 55 1 2 245
 55 0 -2 238
 55 2 1 47
 55 1 0 292
 55 -3 -2 141
 55 3 2 132
 55 1 -2 36
 55 2 -3 215
 55 2 2 203
 55 -2 3 197
 55 -3 1 104
 55 -1 -1 133
 55 2 0 91
 55 3 0 193
 55 -3 -1 103
 55 0 -1 133
 5 -3 2 177
 55 -3 0 33
 55 3 -2 132
 55 -2 -1 159
 "contig-ratio-green-core" 0.7142857142857143
 "contig-ratio-red-core" 0.75
 "a-count" 9
 "b-count" 3
 "c-color-count" 26
 "c-express-count" 25
 "d-color-count" 19
 "d-express-count" 19
 "cell-count" 56
 105 2 -3 261
 15 0 4 146
 15 -3 1 188
 105 -1 4 218
 15 3 0 38
 15 -1 -3 288
 15 4 1 106
 15 2 -2 58
 15 3 -1 257
 105 -4 -2 32
 105 4 -1 76
 15 1 -2 290
 15 0 -3 133
 15 -4 0 309
 105 0 -4 235
 15 -3 0 93
 15 -3 -2 168
 15 -3 2 203
 105 4 0 253
 105 -1 -4 189
 15 2 -1 7
 15 -3 -1 291
 15 -1 3 201
 15 3 1 289
 105 3 -2 292
 105 -2 3 252
 15 -2 -3 236
 15 -4 1 154
 55 -1 -2 272
 55 -2 0 228
 55 -1 1 244
 55 3 3 165
 55 -2 1 142
 55 -2 -1 29
 55 0 1 1
 55 0 -2 110
 55 2 3 246
 55 0 0 158
 55 -3 3 43
 55 -1 2 189
 55 -4 -1 17
 55 0 3 208
 55 1 0 79
 55 1 1 314
 55 0 2 69
 55 1 -1 301
 55 2 1 332
 55 -2 -2 50
 5 -3 -3 259
 55 1 3 54
 5 1 -3 326
 55 -1 0 109
 55 -1 -1 77
 55 0 -1 214
 55 -2 2 247
 55 1 2 325
 "contig-ratio-green-core" 0.8666666666666667
 "contig-ratio-red-core" 0.75
