 "a-count" 11
 "b-count" 3
 "c-color-count" 26
 "c-express-count" 25
 "d-color-count" 18
 "d-express-count" 17
 "cell-count" 56
 15 -3 1 20
 15 -2 2 211
 105 2 3 337
 15 -1 -2 9
 105 4 -1 356
 15 -3 2 320
 105 0 -3 182
 15 3 2 47
 15 1 -3 278
 105 -2 -3 329
 15 3 0 182
 15 -2 -1 95
 15 3 1 233
 15 -2 0 331
 105 0 -4 53
 105 -4 -1 255
 15 1 -2 109
 15 0 4 136
 105 -3 -1 146
 15 2 2 272
 15 -1 -3 268
 15 2 1 94
 105 3 -3 260
 15 -2 1 206
 15 3 -2 295
 105 -1 -4 86
 15 0 -2 260
 105 -3 -2 248
 55 0 2 13
 55 1 -1 300
 5 -3 -3 338
 55 1 1 137
 55 -1 -1 154
 55 -1 1 25
 55 0 1 176
 55 -4 0 268
 55 2 -3 300
 55 -1 0 307
 55 2 -1 303
 55 0 0 246
 55 0 3 7
 55 2 -2 152
 55 -3 3 157
 55 -2 -2 358
 55 1 2 92
 55 -1 2 303
 55 2 0 132
 5 4 1 217
 55 0 -1 247
 55 1 3 343
 55 1 -4 2
 55 1 0 176
 55 4 0 353
 55 -2 3 130
 55 -4 1 155
 55 3 -1 151
 "contig-ratio-green-core" 0.8333333333333334
 "contig-ratio-red-core" 1.1333333333333333
 "a-count" 9
 "b-count" 1
 "c-color-count" 27
 "c-express-count" 27
 "d-color-count" 20
 "d-express-count" 19
 "cell-count" 56
 15 -3 0 240
 15 -1 3 256
 15 4 0 204
 15 2 1 281
 15 2 -3 163
 105 -2 -3 26
 105 3 1 246
 15 -3 1 344
 15 -3 2 141
 105 4 1 69
 15 4 -1 38
 105 -4 1 338
 105 3 -3 51
 15 -3 -2 312
 15 3 -1 108
 15 3 -2 216
 15 -2 2 287
 105 0 3 273
 15 1 3 227
 15 2 3 137
 15 3 2 16
 105 -3 3 132
 15 -3 -1 295
 15 -4 0 61
 105 0 4 157
 15 3 0 118
 15 -1 4 237
 15 2 2 226
 5 -4 -1 55
 55 1 2 281
 55 0 -3 34
 55 0 -1 247
 55 -1 2 218
 55 1 -1 354
 55 0 -2 296
 55 -2 0 358
 55 -1 -1 288
 55 1 0 37
 55 1 -3 85
 55 0 1 91
 55 3 3 24
 55 -1 0 303
 55 1 1 302
 55 2 -1 49
 55 2 -2 292
 55 0 -4 242
 55 -1 -4 271
 55 -1 -3 267
 55 -1 1 284
 55 0 2 98
 55 -2 -1 144
 55 -1 -2 116
 55 -2 1 4
 55 1 -2 201
 55 2 0 75
 55 -2 -2 259
 "contig-ratio-green-core" 0.6842105263157895
 "contig-ratio-red-core" 0.6470588235294118
 "a-count" 8
 "b-count" 6
 "c-color-count" 23
 "c-express-count" 22
 "d-color-count" 20
 "d-express-count" 20
 "cell-count" 56
 15 1 3 359
 15 -2 -1 24
 15 3 -1 354
 15 2 2 336
 105 3 -2 306
 105 -4 -1 175
 15 -1 3 283
 15 -1 -3 31
 105 4 0 287
 15 3 0 228
 15 0 -3 210
 15 2 1 98
 105 3 2 161
 15 3 1 214
 105 -1 4 100
 105 -3 3 59
 15 -3 1 284
 105 0 -4 264
 15 -3 -1 249
 15 0 3 22
 105 3 -3 173
 15 -2 -2 94
 15 -3 0 27
 15 -1 -4 273
 15 -3 2 70
 15 -2 0 32
 15 2 -2 222
 15 0 4 156
 55 1 -2 271
 55 2 0 327
 55 0 0 144
 55 -1 1 313
 55 0 1 206
 55 2 3 343
 55 1 -3 225
 5 3 3 31
 55 -1 0 208
 5 -3 -3 287
 55 -2 1 198
 55 1 -1 0
 5 2 -3 126
 55 -1 -1 108
 55 -1 2 215
 55 2 -1 52
 55 1 2 108
 55 1 1 178
 5 1 4 329
 55 0 2 137
 55 -2 2 85
 55 0 -1 285
 55 0 -2 239
 55 1 0 317
 55 -4 1 134
 55 -2 -3 357
 55 -1 -2 260
 5 -3 -2 241
 "contig-ratio-green-core" 0.9375
 "contig-ratio-red-core" 0.8823529411764706
 "a-count" 12
 "b-count" 8
 "c-color-count" 21
 "c-express-count" 20
 "d-color-count" 18
 "d-express-count" 16
 "cell-count" 56
 105 1 -4 197
 15 -1 -3 186
 105 -3 -3 123
 15 -3 1 5
 15 3 -1 149
 105 3 -2 205
 15 -3 0 259
 15 2 -1 304
 15 0 -3 67
 15 1 -1 20
 105 -4 -1 53
 15 -2 -2 309
 15 2 2 76
 15 -2 -1 251
 15 -4 0 344
 105 4 -1 93
 15 1 1 20
 15 2 0 289
 105 -3 -2 140
 15 -2 2 113
 105 -3 -1 60
 105 -1 -4 4
 105 0 -4 243
 15 2 1 17
 15 1 0 285
 105 -3 3 123
 15 1 4 191
 15 1 -2 151
 5 3 3 170
 55 0 3 33
 55 1 3 195
 5 -2 -3 243
 55 -1 -2 300
 5 -1 3 294
 55 2 3 145
 5 -3 2 220
 55 -2 0 72
 55 0 -1 355
 55 0 2 184
 55 2 -3 19
 5 -2 3 273
 55 1 -3 78
 55 -1 -1 112
 55 3 1 203
 55 0 -2 167
 55 3 0 227
 55 3 -3 2
 5 -1 1 6
 55 -1 2 166
 55 -1 4 177
 55 0 1 358
 55 0 4 67
 55 -1 0 260
 55 -2 1 141
 55 0 0 149
 5 3 2 241
 "contig-ratio-green-core" 0.9333333333333333
 "contig-ratio-red-core" 0.75
