 "a-count" 12
 "b-count" 5
 "c-color-count" 24
 "c-express-count" 23
 "d-color-count" 18
 "d-express-count" 16
 "cell-count" 56
 15 3 2 213
 15 -1 3 16
 105 -2 -3 70
 15 -2 2 212
 105 2 -3 65
 105 -3 -2 211
 105 -3 3 31
 105 -2 3 202
 15 1 -3 91
 15 0 2 281
 15 1 2 85
 15 -3 2 98
 15 -1 -3 293
 105 2 3 226
 15 -1 2 315
 105 -4 1 116
 15 -4 -1 274
 105 -3 1 9
 15 0 3 120
 15 1 1 22
 15 4 -1 234
 105 3 -3 9
 15 2 2 241
 15 0 -4 128
 15 0 1 305
 15 0 -2 249
 15 -1 -2 52
 105 0 -3 329
 55 1 0 252
 5 1 4 301
 55 2 -2 136
 55 4 1 108
 55 0 0 76
 55 3 -1 36
 55 2 -1 334
 55 -1 1 134
 55 2 1 297
 5 3 -2 197
 55 1 -1 200
 55 0 4 250
 55 -1 0 215
 55 -3 0 28
 55 0 -1 142
 55 -2 1 320
 55 -1 -4 221
 5 -3 -3 45
 55 3 1 306
 55 2 0 290
 55 -2 -1 164
 55 -1 4 304
 55 -2 -2 273
 55 1 -2 183
 55 -1 -1 89
 55 -2 0 152
 55 3 0 259
 5 1 3 203
 "contig-ratio-green-core" 0.6470588235294118
 "contig-ratio-red-core" 0.9285714285714286
 "a-count" 11
 "b-count" 6
 "c-color-count" 22
 "c-express-count" 22
 "d-color-count" 18
 "d-express-count" 17
 "cell-count" 56
 105 -3 3 227
 105 3 -3 204
 15 2 3 356
 15 3 -2 352
 105 -2 -3 169
 15 1 3 312
 15 0 -3 354
 15 2 2 114
 15 1 4 53
 15 -3 0 283
 105 -4 0 220
 15 -1 3 123
 105 3 3 210
 15 3 0 141
 15 -2 -2 144
 15 0 3 205
 15 -2 -1 28
 105 -4 1 78
 15 3 -1 303
 105 -1 -4 76
 15 3 1 24
 15 -4 -1 275
 105 4 0 132
 15 -3 1 2
 15 -3 -1 211
 105 -1 -3 237
 15 2 -2 299
 105 -1 4 158
 55 -1 0 272
 5 4 -1 188
 55 2 1 178
 55 1 1 118
 55 -1 2 325
 55 1 -1 291
 55 2 4 308
 55 -2 2 326
 55 -2 0 273
 55 0 0 95
 55 1 0 285
 55 -1 -1 14
 5 -3 -3 136
 55 0 -1 303
 55 -1 -2 198
 5 3 2 16
 55 2 0 201
 55 2 -1 230
 55 -2 3 108
 55 -2 1 346
 55 0 2 260
 5 1 -3 146
 55 0 -2 232
 55 0 1 162
 55 1 -2 218
 55 1 2 0
 5 -1 1 343
 5 2 -3 80
 "contig-ratio-green-core" 0.9285714285714286
 "contig-ratio-red-core" 0.8
 "a-count" 7
 "b-count" 4
 "c-color-count" 24
 "c-express-count" 24
 "d-color-count" 22
 "d-express-count" 21
 "cell-count" 56
 15 -4 -1 139
 15 -2 -2 111
 15 1 -2 305
 15 -1 4 216
 15 -4 1 249
 15 2 -2 30
 105 3 -2 83
 15 -3 3 180
 15 1 -4 192
 15 1 -3 272
 105 -1 -3 116
 15 3 1 315
 15 4 1 291
 105 0 -3 231
 15 3 -1 354
 15 0 4 77
 15 -3 -3 140
 15 -2 -4 13
 15 -1 3 238
 15 0 -2 110
 15 -2 -3 303
 15 3 0 233
 105 -4 0 310
 15 2 -3 65
 15 -1 -2 153
 15 -3 -2 323
 105 3 -3 129
 105 0 -4 52
 5 2 2 345
 55 0 2 133
 55 0 3 308
 5 -2 3 12
 55 0 1 120
 55 -2 0 98
 5 4 0 156
 55 2 3 202
 55 2 0 14
 55 1 0 116
 55 -1 0 166
 55 0 -1 345
 55 1 -1 105
 55 -1 -1 302
 5 4 -1 57
 55 1 1 152
 55 3 3 27
 55 -3 -1 342
 55 -2 1 272
 55 -3 0 202
 55 -2 2 345
 55 2 -1 125
 55 2 1 165
 55 -3 1 7
 55 -2 -1 291
 55 0 0 76
 55 -1 1 106
 55 -1 2 83
 "contig-ratio-green-core" 0.7647058823529411
 "contig-ratio-red-core" 0.5882352941176471
 "a-count" 7
 "b-count" 5
 "c-color-count" 23
 "c-express-count" 23
 "d-color-count" 21
 "d-express-count" 21
 "cell-count" 56
 15 -3 1 85
 105 -1 -4 199
 15 0 4 269
 15 3 -1 149
 15 3 1 127
 15 -2 -2 123
 15 -1 4 273
 15 2 2 288
 15 2 1 136
 15 4 1 176
 15 3 0 111
 105 1 -3 67
 15 1 4 270
 15 3 2 282
 15 1 2 85
 15 3 3 29
 15 0 -3 275
 105 0 -4 50
 105 -3 3 134
 105 -3 -2 118
 15 2 -2 313
 15 4 0 320
 15 1 -2 304
 105 2 3 183
 15 0 -2 225
 15 -3 -3 108
 105 -4 -1 165
 15 1 3 98
 55 1 0 354
 55 0 3 84
 55 -2 4 347
 55 0 1 198
 5 -3 2 101
 55 2 0 243
 55 -2 2 186
 55 -1 -1 204
 55 1 -1 150
 55 -1 -2 179
 55 1 1 74
 55 -1 2 155
 55 2 -1 4
 5 -1 -3 94
 55 0 2 4
 5 -4 1 276
 55 3 -2 216
 55 -2 3 20
 55 -2 -1 270
 55 0 -1 133
 55 -2 1 44
 55 -1 3 292
 55 -1 0 67
 55 -2 0 130
 55 -1 1 85
 55 0 0 151
 5 -4 0 165
 5 2 -3 354
 "contig-ratio-green-core" 0.9230769230769231
 "contig-ratio-red-core" 0.7058823529411765
