 "a-count" 11
 "b-count" 4
 "c-color-count" 25
 "c-express-count" 24
 "d-color-count" 17
 "d-express-count" 17
 "cell-count" 56
 105 3 -3 25
 15 0 -2 53
 105 -1 -4 308
 105 -1 -3 216
 105 3 -2 241
 15 -3 2 242
 15 -4 -1 340
 105 -1 4 159
 105 1 4 166
 105 2 -2 280
 15 3 0 99
 15 4 1 343
 15 1 -3 176
 105 0 4 222
 105 -2 4 172
 15 1 -2 228
 15 -1 2 332
 15 2 -1 44
 105 1 -4 74
 15 -3 -2 45
 15 -1 3 73
 15 4 0 332
 15 -2 2 306
 15 0 3 357
 15 -4 0 26
 105 -2 -3 15
 15 3 -1 215
 15 -2 -2 66
 55 1 -1 40
 55 1 3 4
 55 -3 1 346
 55 -1 0 86
 55 3 1 359
 55 -3 0 93
 55 -3 -1 334
 5 -3 3 174
 55 -1 -1 131
 55 0 2 2
 55 2 0 144
 55 1 0 8
 55 -2 -1 140
 55 -1 1 166
 55 4 -1 95
 55 0 1 66
 55 0 0 105
 55 -2 1 53
 55 -4 1 82
 55 1 1 70
 55 2 1 338
 55 2 3 311
 5 2 2 283
 5 3 2 321
 55 -2 3 222
 55 -2 0 61
 55 0 -1 275
 55 1 2 303
 "contig-ratio-green-core" 0.875
 "contig-ratio-red-core" 0.9333333333333333
 "a-count" 11
 "b-count" 5
 "c-color-count" 26
 "c-express-count" 23
 "d-color-count" 19
 "d-express-count" 17
 "cell-count" 56
 15 -1 -3 62
 15 4 0 288
 15 -4 0 47
 15 2 -2 331
 105 -3 3 139
 15 2 2 346
 15 3 0 273
 15 1 3 199
 105 4 1 256
 15 1 4 254
 15 0 -4 152
 105 2 -3 201
 15 1 -2 311
 15 0 4 159
 15 -3 -3 108
 105 3 -3 244
 15 0 3 177
 105 1 -3 285
 105 3 3 173
 105 -3 2 337
 15 0 -2 325
 105 -1 -4 291
 15 -1 3 351
 105 3 -2 313
 15 -2 -2 128
 15 2 -1 329
 15 3 2 250
 15 -4 1 51
 55 1 2 287
 55 -3 1 177
 55 0 -3 241
 55 -2 3 188
 55 -2 -1 337
 55 -1 -1 310
 55 -2 1 0
 55 -1 1 353
 55 2 1 209
 5 -4 -1 128
 55 0 2 160
 55 2 0 295
 55 -2 2 46
 55 -3 -1 343
 55 -1 2 311
 55 -2 0 168
 55 1 0 45
 55 -3 -2 284
 55 1 1 27
 55 0 -1 11
 5 1 -4 48
 55 4 -1 144
 55 0 0 268
 55 -2 -3 180
 55 0 1 103
 55 1 -1 179
 55 -1 0 43
 55 -3 0 250
 "contig-ratio-green-core" 0.8571428571428571
 "contig-ratio-red-core" 0.8125
 "a-count" 7
 "b-count" 6
 "c-color-count" 23
 "c-express-count" 22
 "d-color-count" 21
 "d-express-count" 21
 "cell-count" 56
 15 1 3 145
 15 2 -1 188
 105 1 -4 321
 15 1 -1 100
 15 0 -3 32
 15 3 1 17
 15 -1 3 243
 15 2 -2 82
 105 -2 -3 271
 105 -4 -1 120
 15 2 0 238
 105 2 -3 123
 15 2 2 205
 15 1 -3 257
 15 3 2 176
 15 0 -4 353
 15 0 -2 63
 15 2 3 59
 15 -1 -2 230
 15 -3 1 285
 105 4 0 291
 15 0 3 39
 105 4 1 48
 105 3 -3 96
 15 1 -2 165
 15 3 0 213
 15 -2 -2 101
 15 1 0 188
 5 0 4 29
 55 -2 1 131
 55 -3 -2 2
 55 1 2 6
 5 3 -2 299
 55 -1 -1 266
 55 1 4 320
 55 2 4 294
 55 0 1 190
 55 -3 0 289
 55 -3 -1 116
 55 -1 -4 3
 55 -4 0 32
 55 0 0 132
 55 -1 2 357
 55 -1 1 141
 55 -1 0 209
 55 -2 2 123
 55 -3 -3 251
 55 -2 -1 271
 5 -3 3 129
 55 1 1 161
 55 3 3 85
 55 0 2 23
 5 -4 1 115
 5 -2 3 271
 55 0 -1 302
 55 -2 0 224
 "contig-ratio-green-core" 0.7333333333333333
 "contig-ratio-red-core" 0.6666666666666666
 "a-count" 7
 "b-count" 6
 "c-color-count" 23
 "c-express-count" 22
 "d-color-count" 22
 "d-express-count" 21
 "cell-count" 56
 105 -2 3 145
 15 1 -3 181
 15 1 2 162
 15 1 -2 292
 15 0 3 259
 105 -1 4 219
 15 -2 -1 310
 15 4 1 140
 15 -4 0 169
 15 -2 2 322
 15 1 3 338
 105 -3 -3 59
 105 -4 -1 303
 15 0 -4 168
 15 -3 0 180
 15 -3 -2 186
 15 0 2 13
 15 -1 3 116
 15 3 -3 276
 15 0 4 349
 15 -1 -3 357
 15 2 -2 1
 15 0 -3 358
 15 -2 0 148
 105 3 2 182
 105 3 3 231
 15 4 0 233
 15 3 -2 286
 55 -1 -4 135
 55 1 0 309
 55 -1 2 220
 55 2 2 49
 55 0 -1 227
 5 2 3 146
 55 2 -1 86
 55 3 0 242
 55 -1 -1 248
 5 1 4 69
 55 2 1 304
 55 -2 -2 273
 55 2 0 337
 55 0 -2 199
 5 -3 2 354
 55 0 0 353
 55 3 1 40
 5 2 -3 4
 55 -1 0 45
 55 -1 -2 175
 55 -1 1 316
 55 -3 1 319
 55 3 -1 81
 55 0 1 126
 55 1 -1 146
 55 -2 1 179
 5 1 -4 147
 55 1 1 217
 "contig-ratio-green-core" 1.0714285714285714
 "contig-ratio-red-core" 0.7894736842105263
