 "a-count" 6
 "b-count" 4
 "c-color-count" 24
 "c-express-count" 24
 "d-color-count" 23
 "d-express-count" 22
 "cell-count" 56
 15 1 -3 292
 15 -3 1 81
 15 -2 -2 146
 15 -4 1 344
 15 2 -1 12
 15 -4 -1 90
 105 -3 -2 243
 15 -1 -4 343
 15 1 3 260
 15 1 -1 128
 105 0 4 92
 105 4 0 21
 15 2 -2 351
 15 -2 0 59
 105 1 4 42
 15 1 -2 281
 15 3 3 331
 15 -3 0 309
 15 3 -2 309
 15 -4 0 220
 15 -2 1 215
 15 -1 3 336
 15 1 -4 30
 15 2 3 14
 105 -3 -1 3
 15 0 3 305
 15 3 -1 179
 15 -2 -1 289
 55 0 -3 297
 55 0 0 121
 55 1 1 75
 55 -1 -3 78
 5 4 1 328
 55 2 0 241
 55 -2 2 50
 55 1 0 231
 55 -2 -3 169
 55 1 2 278
 55 -1 -1 122
 55 0 -1 305
 5 -2 3 202
 55 3 0 255
 5 2 -3 38
 55 -1 2 136
 55 2 2 213
 55 0 -2 85
 55 2 1 241
 55 -1 0 305
 55 0 2 19
 55 -1 -2 273
 55 3 2 201
 55 -1 1 197
 55 0 1 268
 5 4 -1 1
 55 3 1 290
 55 -3 2 205
 "contig-ratio-green-core" 0.8421052631578947
 "contig-ratio-red-core" 0.8421052631578947
 "a-count" 9
 "b-count" 5
 "c-color-count" 23
 "c-express-count" 23
 "d-color-count" 22
 "d-express-count" 19
 "cell-count" 56
 15 4 1 178
 15 3 1 199
 15 2 2 138
 15 -3 1 28
 105 -1 -4 22
 15 1 -1 217
 15 2 0 76
 105 -3 2 107
 105 3 3 255
 105 3 2 143
 15 2 3 95
 15 1 2 188
 15 1 -3 159
 15 1 1 147
 15 1 0 251
 15 -4 -1 242
 105 3 0 136
 15 0 -3 203
 105 2 1 93
 15 1 -2 210
 15 -1 -3 268
 15 0 -4 316
 15 3 -1 322
 15 -3 -2 275
 15 -1 3 135
 15 0 2 156
 15 -2 3 283
 15 2 -1 204
 55 -1 -1 3
 55 -1 1 291
 55 -2 1 318
 55 -2 -2 232
 55 -2 0 31
 55 0 0 356
 55 -3 0 233
 55 -2 2 288
 55 0 -1 239
 55 -4 0 271
 55 -3 -1 10
 55 1 -4 202
 55 -1 0 235
 55 -1 -2 97
 55 -1 2 223
 5 2 -3 44
 55 0 4 95
 5 -2 -3 31
 55 -2 -1 241
 55 0 3 115
 55 0 -2 31
 55 1 3 44
 5 -1 4 250
 5 1 4 38
 55 4 -1 244
 5 -4 1 143
 55 4 0 160
 55 3 -3 198
 "contig-ratio-green-core" 0.8333333333333334
 "contig-ratio-red-core" 0.8125
 "a-count" 8
 "b-count" 1
 "c-color-count" 27
 "c-express-count" 27
 "d-color-count" 20
 "d-express-count" 20
 "cell-count" 56
 15 3 0 261
 15 -3 -1 291
 15 -1 2 176
 105 2 -3 106
 15 2 3 124
 105 -2 3 5
 15 0 -4 233
 105 1 -4 345
 15 1 2 177
 105 -3 -2 75
 105 -4 1 101
 105 4 1 17
 15 -2 2 93
 15 1 -3 136
 15 -2 -2 326
 15 3 1 289
 15 1 4 175
 15 -1 3 196
 15 1 3 116
 15 -3 1 190
 15 -1 4 210
 105 0 3 204
 15 0 2 238
 15 -2 -3 313
 15 3 -1 102
 105 0 4 168
 15 3 2 177
 15 -3 0 119
 55 -1 -1 77
 55 2 -2 46
 55 0 -3 84
 55 1 -2 236
 55 1 0 155
 55 0 -2 189
 55 2 0 302
 55 0 1 103
 55 -4 0 309
 55 -1 -3 266
 55 0 -1 253
 55 -2 0 238
 55 3 3 90
 55 -1 -4 172
 55 -2 -1 127
 55 3 -2 298
 55 0 0 32
 55 1 -1 62
 55 4 0 178
 55 -1 -2 163
 55 2 1 257
 55 -1 0 56
 55 2 -1 111
 5 4 -1 351
 55 -1 1 81
 55 -2 1 269
 55 1 1 191
 55 -3 3 262
 "contig-ratio-green-core" 0.8235294117647058
 "contig-ratio-red-core" 0.9333333333333333
