 "a-count" 8
 "b-count" 4
 "c-color-count" 25
 "c-express-count" 24
 "d-color-count" 21
 "d-express-count" 20
 "cell-count" 56
 15 -1 -2 342
 15 3 -1 30
 15 0 3 254
 15 -1 -4 4
 105 -2 -2 321
 15 1 -2 327
 15 1 2 316
 105 -4 2 158
 15 -4 0 31
 15 -1 3 126
 15 2 2 244
 15 2 -2 134
 105 1 4 57
 15 3 1 282
 105 1 -4 215
 105 2 3 115
 105 0 -3 129
 15 0 -2 98
 15 -3 3 133
 15 1 -3 301
 15 -3 -1 50
 15 -1 4 225
 15 3 0 334
 105 -3 -3 336
 15 -4 -1 188
 15 -2 -1 283
 15 0 4 34
 15 -4 1 311
 55 2 0 279
 55 2 -1 13
 55 -1 2 192
 55 0 -1 129
 55 2 -3 20
 55 -3 -2 101
 55 -2 0 289
 55 -1 1 350
 55 0 2 249
 5 3 -3 297
 55 -1 0 208
 55 -1 -1 337
 55 -3 0 127
 55 0 0 180
 55 -3 1 44
 55 3 2 232
 55 -2 1 113
 55 -3 2 285
 55 -2 2 14
 55 1 -1 218
 55 1 1 258
 55 3 3 206
 5 4 -1 199
 55 2 1 50
 5 4 1 123
 55 3 -2 183
 55 1 0 346
 55 0 1 178
 "contig-ratio-green-core" 0.9444444444444444
 "contig-ratio-red-core" 0.8571428571428571
 "a-count" 6
 "b-count" 4
 "c-color-count" 24
 "c-express-count" 24
 "d-color-count" 22
 "d-express-count" 22
 "cell-count" 56
 15 0 2 29
 15 -2 4 88
 15 3 -2 48
 15 -3 -3 153
 15 1 2 44
 105 4 0 180
 15 -3 2 203
 15 1 -3 88
 15 0 3 70
 15 -4 -1 172
 15 -2 -2 51
 105 0 4 209
 15 1 3 65
 15 -3 -1 42
 105 -1 4 170
 15 3 0 243
 15 0 -3 353
 105 1 -4 193
 15 -2 3 65
 15 3 -1 279
 15 -2 2 235
 15 2 2 303
 105 -2 -3 182
 15 -1 2 327
 15 3 1 50
 15 -1 -3 195
 105 1 4 325
 15 3 2 125
 55 -1 1 200
 5 -3 -2 137
 55 1 0 309
 55 -2 -1 271
 5 3 -3 311
 55 1 1 330
 55 2 -2 156
 55 2 3 9
 55 0 -1 216
 5 -1 -4 105
 55 -2 0 320
 55 -1 0 34
 55 0 1 232
 55 -1 -1 305
 55 1 -2 116
 55 -1 -2 42
 55 2 0 121
 55 -3 1 236
 55 0 0 135
 55 2 1 323
 55 -3 0 199
 55 -2 1 327
 55 0 -4 287
 55 2 -3 189
 55 2 -1 86
 5 -3 3 77
 55 1 -1 149
 55 0 -2 170
 "contig-ratio-green-core" 0.9375
 "contig-ratio-red-core" 0.8
 "a-count" 7
 "b-count" 4
 "c-color-count" 25
 "c-express-count" 24
 "d-color-count" 21
 "d-express-count" 21
 "cell-count" 56
 15 0 -3 50
 15 -1 -4 0
 15 3 -2 112
 15 4 1 213
 105 3 2 346
 15 3 0 54
 105 -3 -2 350
 105 -4 -1 72
 15 -3 2 184
 15 4 0 269
 15 -2 -2 78
 105 0 4 210
 15 -2 2 156
 15 4 -1 135
 15 3 -1 197
 15 1 -4 314
 105 -1 4 344
 15 0 3 309
 15 -1 -3 36
 15 -2 3 57
 15 0 -4 61
 15 2 -4 48
 15 -3 -1 186
 15 -2 -3 6
 15 3 1 359
 15 2 0 258
 105 1 3 223
 105 -3 -3 6
 55 2 1 62
 55 0 2 35
 55 1 -3 249
 55 -2 0 183
 5 4 -2 36
 55 1 1 151
 55 -4 0 199
 55 2 -3 39
 5 2 3 5
 55 -3 0 271
 55 -1 -2 357
 55 2 -2 115
 55 0 1 26
 55 1 0 48
 55 -3 1 302
 55 0 -1 2
 55 -1 1 45
 55 1 2 253
 55 3 -3 174
 55 -1 0 245
 55 3 3 93
 55 2 2 142
 55 -1 2 167
 55 0 0 167
 55 0 -2 187
 5 -4 1 158
 55 -2 1 108
 55 -2 -1 186
 "contig-ratio-green-core" 0.631578947368421
 "contig-ratio-red-core" 0.7368421052631579
 "a-count" 7
 "b-count" 9
 "c-color-count" 19
 "c-express-count" 19
 "d-color-count" 21
 "d-express-count" 21
 "cell-count" 56
 15 1 2 277
 15 2 -3 305
 15 -3 -1 273
 15 -1 -3 180
 15 3 1 144
 15 2 1 216
 15 -2 -2 163
 105 3 3 215
 15 -2 -1 227
 15 1 1 284
 15 -3 0 108
 105 -2 -3 162
 15 -2 2 22
 15 -4 0 297
 105 4 -1 242
 15 -1 2 296
 15 0 3 268
 15 0 2 225
 105 -4 1 230
 105 2 3 132
 15 0 4 282
 105 4 1 276
 15 -3 1 48
 15 1 -4 254
 15 0 1 294
 105 -1 4 284
 15 -1 3 94
 15 0 -4 335
 55 2 -2 30
 55 1 -2 160
 5 1 4 67
 5 -3 -3 114
 5 -1 -4 323
 55 -1 -1 147
 5 3 -2 248
 55 1 0 61
 55 0 -2 336
 55 -1 1 250
 5 3 2 166
 55 0 0 55
 55 3 0 95
 5 3 -3 256
 55 1 -1 23
 55 2 0 135
 55 -2 0 239
 55 -3 2 351
 55 -3 3 40
 5 -2 3 315
 55 -2 1 142
 55 2 -1 260
 55 -1 0 115
 5 2 2 134
 55 3 -1 69
 55 -1 -2 182
 5 1 -3 353
 55 0 -1 163
 "contig-ratio-green-core" 0.8571428571428571
 "contig-ratio-red-core" 0.5
