 "a-count" 6
 "b-count" 6
 "c-color-count" 22
 "c-express-count" 22
 "d-color-count" 23
 "d-express-count" 22
 "cell-count" 56
 15 4 1 303
 15 2 2 333
 15 3 -1 9
 15 -1 -2 89
 105 -1 4 163
 15 -3 0 309
 15 3 0 9
 15 -4 1 79
 15 -3 2 210
 15 -4 -1 70
 105 3 -3 4
 15 1 3 270
 15 1 2 279
 15 -3 1 231
 15 4 0 130
 15 -2 -3 211
 105 4 -1 256
 15 -2 -2 238
 105 3 -2 109
 15 0 -3 274
 105 -3 -3 167
 15 1 -3 208
 15 0 -4 118
 15 0 3 90
 15 -1 2 257
 15 -1 -3 74
 15 0 2 154
 15 2 -2 112
 55 1 -1 45
 55 0 -1 57
 55 -1 -1 229
 55 3 3 49
 55 -1 0 129
 55 -4 0 238
 55 -1 -4 192
 55 -2 3 141
 55 1 0 9
 55 -2 0 149
 55 0 -2 164
 55 1 -2 164
 55 0 1 18
 5 -2 2 261
 55 -2 -1 270
 55 -3 -1 244
 55 -3 3 242
 5 2 -1 95
 55 -1 1 16
 55 0 0 290
 55 1 1 189
 55 3 2 224
 5 2 -3 335
 5 -2 1 54
 55 3 1 41
 5 -1 3 94
 55 2 3 315
 5 1 4 63
 "contig-ratio-green-core" 1
 "contig-ratio-red-core" 0.6818181818181818
 "a-count" 6
 "b-count" 1
 "c-color-count" 27
 "c-express-count" 27
 "d-color-count" 23
 "d-express-count" 22
 "cell-count" 56
 15 3 -3 96
 15 -1 3 190
 15 -2 1 80
 15 1 -1 120
 105 0 3 0
 15 0 2 343
 105 -2 3 147
 15 4 1 68
 15 1 2 210
 15 3 3 55
 15 2 2 20
 15 1 1 80
 105 -3 -2 253
 15 1 4 266
 15 -2 2 260
 15 1 0 237
 15 -1 2 338
 15 -3 3 109
 15 0 1 138
 15 -1 -3 283
 15 2 3 101
 105 0 -3 190
 15 -1 0 211
 15 0 0 147
 15 -1 1 127
 15 -2 -2 243
 105 -3 -3 311
 15 1 3 27
 55 -1 -4 109
 55 -1 -2 304
 55 2 -2 351
 55 2 1 9
 55 3 2 14
 55 2 -1 135
 55 -3 2 290
 55 -3 -1 191
 55 -4 0 37
 55 -3 0 20
 55 -4 1 339
 55 0 -4 171
 5 -1 4 122
 55 2 -3 328
 55 3 1 77
 55 4 0 324
 55 2 -4 49
 55 3 -2 66
 55 -4 -1 5
 55 0 -2 344
 55 3 0 234
 55 1 -2 134
 55 -1 -1 291
 55 3 -1 338
 55 2 0 83
 55 1 -4 186
 55 -3 1 112
 55 0 4 331
 "contig-ratio-green-core" 0.7
 "contig-ratio-red-core" 0.7333333333333333
 "a-count" 2
 "b-count" 4
 "c-color-count" 24
 "c-express-count" 24
 "d-color-count" 26
 "d-express-count" 26
 "cell-count" 56
 105 0 -3 267
 15 0 1 167
 15 2 -3 128
 15 3 1 321
 15 -3 1 48
 15 2 -2 203
 15 -1 -1 173
 15 -3 0 230
 15 2 2 37
 15 3 -3 291
 15 1 2 325
 15 3 2 117
 15 -4 1 54
 15 -2 1 28
 15 1 -3 149
 15 3 3 235
 15 1 -2 199
 15 0 0 332
 15 0 4 313
 15 -2 -2 322
 15 -1 0 200
 15 -3 3 293
 105 1 -1 159
 15 -2 -1 291
 15 -3 2 267
 15 -2 0 231
 15 3 -2 60
 15 -1 1 219
 55 0 -2 233
 55 -4 0 255
 55 -4 -3 42
 55 1 1 121
 55 -1 -2 265
 55 -3 -3 113
 55 4 1 260
 55 1 3 15
 5 -3 -2 259
 55 -2 -3 36
 55 2 0 2
 5 0 3 275
 5 4 -2 154
 55 3 -1 79
 55 1 -4 17
 55 4 -1 150
 5 0 2 153
 55 3 0 91
 55 1 4 334
 55 2 -1 15
 55 1 0 317
 55 -5 0 36
 55 -2 2 105
 55 4 0 264
 55 -1 2 158
 55 -2 3 115
 55 -1 -3 258
 55 -1 3 144
 "contig-ratio-green-core" 0.7272727272727273
 "contig-ratio-red-core" 0.75
