 "a-count" 1
 "b-count" 2
 "c-color-count" 26
 "c-express-count" 26
 "d-color-count" 27
 "d-express-count" 27
 "cell-count" 56
 15 4 -1 351
 15 3 3 358
 15 2 0 334
 15 1 2 339
 15 2 2 314
 15 -1 2 139
 15 2 1 351
 15 1 1 344
 15 3 0 119
 15 0 2 77
 15 -3 0 353
 15 -3 -1 38
 15 -3 1 211
 15 -2 1 325
 15 3 1 85
 15 3 2 20
 15 -3 2 280
 15 3 -3 73
 15 -4 1 169
 15 -2 0 29
 15 -2 2 18
 15 0 0 104
 15 -1 1 238
 105 0 1 350
 15 -1 0 45
 15 -2 3 359
 15 1 0 194
 15 2 -4 163
 55 0 -1 222
 55 0 4 9
 5 3 -2 191
 55 1 -2 131
 55 1 -3 226
 55 -1 -2 157
 55 -1 -3 160
 55 -2 -3 73
 55 4 1 245
 55 -1 4 348
 55 1 -4 178
 55 4 0 76
 55 3 -1 273
 55 0 -3 202
 55 -1 -1 9
 55 1 3 4
 55 2 -2 355
 55 2 -1 67
 55 0 -2 4
 55 2 -3 205
 55 -2 -1 214
 55 -1 3 91
 55 -3 3 77
 55 1 -1 230
 5 0 -4 128
 55 1 4 124
 55 -2 -2 120
 55 0 3 126
 "contig-ratio-green-core" 0.7894736842105263
 "contig-ratio-red-core" 0.6666666666666666
 "a-count" 3
 "b-count" 3
 "c-color-count" 25
 "c-express-count" 25
 "d-color-count" 25
 "d-express-count" 25
 "cell-count" 56
 15 3 -1 66
 15 -1 -4 217
 15 0 2 243
 15 1 1 221
 15 -1 1 188
 15 -1 2 65
 15 0 -3 112
 15 1 3 187
 15 2 0 123
 105 -4 0 114
 15 -1 -3 204
 15 1 0 46
 15 -2 0 268
 105 -4 -1 209
 15 3 -2 138
 15 -3 -2 259
 15 -3 -1 170
 15 0 1 302
 15 0 -4 235
 15 -1 3 216
 105 -1 4 213
 15 -2 -2 209
 15 0 0 42
 15 -1 0 85
 15 -4 1 200
 15 0 3 154
 15 -2 -1 182
 15 -3 0 357
 55 2 -3 116
 55 2 -1 202
 55 3 3 179
 55 -2 3 25
 55 -2 -3 150
 55 -2 -4 132
 55 2 3 1
 55 -3 1 289
 55 2 2 270
 55 2 -2 243
 55 0 4 206
 55 -3 2 257
 5 1 -4 289
 55 2 1 330
 55 3 2 110
 5 4 0 53
 55 3 0 71
 55 0 -2 153
 55 -2 2 83
 55 3 1 296
 55 -1 -1 240
 5 -3 3 39
 55 -1 -2 185
 55 -3 -3 179
 55 1 -2 165
 55 0 -1 307
 55 1 -1 137
 55 -2 1 118
 "contig-ratio-green-core" 0.8333333333333334
 "contig-ratio-red-core" 0.782608695652174
 "a-count" 1
 "b-count" 4
 "c-color-count" 24
 "c-express-count" 24
 "d-color-count" 28
 "d-express-count" 27
 "cell-count" 56
 15 -2 -2 334
 15 2 -2 158
 15 3 1 332
 15 0 4 255
 15 -2 0 292
 15 2 1 353
 15 -3 1 310
 15 -1 4 74
 15 3 2 182
 15 3 0 318
 15 3 -1 262
 15 -1 -4 146
 15 2 0 16
 15 -3 3 93
 15 -1 1 174
 15 -3 -2 12
 15 1 -3 71
 15 -3 0 72
 15 -2 1 35
 15 1 3 98
 15 2 2 106
 15 -4 -1 27
 15 2 -3 18
 15 0 3 12
 15 -3 -1 33
 15 0 -4 18
 15 -1 0 260
 15 2 -1 162
 55 -1 -3 116
 55 -3 2 296
 55 -4 1 119
 55 -1 -1 318
 55 1 1 60
 5 1 0 220
 5 1 -4 316
 55 0 1 232
 55 0 2 13
 55 -2 2 305
 5 -2 3 255
 55 1 2 337
 55 0 0 215
 55 -4 0 207
 55 3 3 307
 55 0 -2 295
 55 -2 -3 104
 55 -1 2 209
 55 4 1 9
 55 1 -1 330
 55 -1 -2 168
 55 0 -3 271
 55 1 -2 124
 55 4 -1 44
 55 -3 -3 1
 5 2 3 177
 55 4 0 268
 55 0 -1 230
 "contig-ratio-green-core" 1.105263157894737
 "contig-ratio-red-core" 0.8461538461538461
 "a-count" 1
 "b-count" 4
 "c-color-count" 24
 "c-express-count" 24
 "d-color-count" 27
 "d-express-count" 27
 "cell-count" 56
 15 -3 -1 141
 15 3 1 151
 15 2 3 100
 15 0 -2 219
 15 -2 -2 240
 15 0 -1 66
 15 2 -2 288
 15 1 -1 56
 15 3 0 201
 15 -1 -2 71
 15 0 4 287
 15 -2 -1 41
 15 1 4 184
 15 1 1 169
 15 -2 -3 216
 15 -3 0 293
 15 2 -1 203
 15 -2 3 6
 15 -1 -1 281
 15 1 0 285
 15 3 -1 53
 15 -2 0 96
 105 3 3 183
 15 2 1 20
 15 -1 4 20
 15 3 2 332
 15 2 0 113
 15 1 -2 358
 55 0 -4 83
 55 -3 1 256
 55 -1 0 157
 5 1 -3 238
 55 0 0 243
 55 2 2 250
 55 -2 1 182
 55 0 -5 133
 55 1 -4 190
 55 1 3 93
 55 0 1 245
 55 -4 1 339
 55 -1 -4 314
 55 2 -4 54
 55 3 -3 283
 5 -3 2 280
 55 0 2 209
 55 -1 1 322
 5 4 1 88
 55 -1 -5 62
 5 4 0 91
 55 0 3 208
 55 -3 -2 109
 55 1 2 322
 55 -1 2 242
 55 -1 3 30
 55 3 -4 114
 55 3 -2 186
 "contig-ratio-green-core" 0.8333333333333334
 "contig-ratio-red-core" 0.55
