 "a-count" 0
 "b-count" 6
 "c-color-count" 22
 "c-express-count" 22
 "d-color-count" 28
 "d-express-count" 28
 "cell-count" 56
 15 0 2 47
 15 3 -3 73
 15 -3 -2 37
 15 -2 0 131
 15 3 -1 102
 15 -1 0 83
 15 1 2 81
 15 0 3 47
 15 -1 2 26
 15 -2 1 234
 15 4 -1 12
 15 1 -4 196
 15 -1 3 38
 15 2 1 323
 15 2 2 76
 15 -1 1 139
 15 4 0 348
 15 3 0 178
 15 -2 -1 352
 15 1 3 11
 15 3 1 149
 15 1 -5 277
 15 -2 0 306
 15 2 -1 81
 15 0 -4 244
 15 -3 -1 177
 15 -1 0 236
 15 2 0 112
 55 4 1 320
 55 4 2 252
 55 0 1 94
 55 0 0 336
 55 1 -1 242
 55 1 0 103
 55 -1 -3 9
 55 -4 0 202
 55 1 1 164
 55 -1 4 291
 55 3 -2 315
 5 -2 -2 350
 55 -3 0 13
 5 -2 2 324
 55 -3 1 310
 55 1 -3 140
 5 3 2 252
 55 -1 -1 132
 55 0 -2 63
 55 0 -3 297
 55 -1 -2 149
 5 2 -2 138
 55 1 -2 234
 5 -2 3 186
 55 0 4 282
 55 0 -1 98
 5 2 3 77
 55 2 -3 109
 "contig-ratio-green-core" 1.1666666666666667
 "contig-ratio-red-core" 0.5384615384615384
 "a-count" 0
 "b-count" 2
 "c-color-count" 26
 "c-express-count" 26
 "d-color-count" 28
 "d-express-count" 28
 "cell-count" 56
 15 -1 -2 165
 15 3 0 185
 15 2 -3 55
 15 -4 1 264
 15 -3 0 229
 15 2 0 210
 15 -3 2 285
 15 2 -1 128
 15 0 -3 39
 15 2 1 295
 15 -1 3 277
 15 1 3 10
 15 -3 -1 194
 15 -4 -1 45
 15 2 -2 347
 15 1 -3 203
 15 -4 0 304
 15 3 -1 326
 15 1 -4 232
 15 3 1 42
 15 0 3 304
 15 0 4 291
 15 4 0 61
 15 0 -2 87
 15 3 2 336
 15 1 -2 55
 15 4 1 263
 15 -3 1 54
 55 -2 3 345
 55 -1 1 104
 55 -2 -1 97
 55 -1 -1 207
 55 -2 0 23
 55 0 -1 2
 55 0 2 150
 55 -2 1 151
 55 1 -1 146
 55 0 -4 112
 55 -3 -2 32
 55 1 1 140
 55 2 2 288
 55 0 1 359
 55 -2 2 162
 55 2 3 315
 5 -2 -2 242
 55 3 -3 80
 55 -1 -4 95
 55 0 0 288
 55 4 -1 93
 55 1 0 168
 55 3 -2 271
 55 -1 0 41
 55 -2 -3 252
 55 -1 2 164
 55 -3 -3 159
 5 -1 -3 151
 "contig-ratio-green-core" 0.9047619047619048
 "contig-ratio-red-core" 0.76
 "a-count" 0
 "b-count" 3
 "c-color-count" 25
 "c-express-count" 25
 "d-color-count" 28
 "d-express-count" 28
 "cell-count" 56
 15 1 3 281
 15 -1 -2 192
 15 -4 1 275
 15 0 -2 297
 15 1 4 152
 15 2 0 62
 15 2 2 20
 15 0 0 271
 15 1 2 34
 15 2 -3 103
 15 2 -1 155
 15 0 -1 308
 15 1 -2 105
 15 -1 -1 316
 15 -2 2 153
 15 1 -1 38
 15 -3 3 347
 15 2 -2 149
 15 -2 3 131
 15 -3 2 69
 15 3 0 91
 15 2 1 332
 15 3 -1 320
 15 1 0 256
 15 -3 1 150
 15 3 -2 181
 15 1 -3 294
 15 1 1 338
 55 3 1 42
 55 -1 3 21
 55 -2 -3 45
 55 -2 0 111
 55 4 0 162
 5 3 3 316
 55 -2 -1 41
 55 0 1 1
 55 4 -1 141
 55 -3 -2 115
 55 -2 -2 210
 55 0 2 350
 55 3 -3 247
 55 -1 0 72
 5 -1 -4 68
 55 3 2 87
 55 4 1 108
 5 -3 0 33
 55 -1 1 218
 55 -1 2 255
 55 0 -4 275
 55 2 3 90
 55 -3 -1 107
 55 0 3 148
 55 -4 -1 70
 55 -1 -3 54
 55 -3 -3 102
 55 1 -4 272
 "contig-ratio-green-core" 0.65
 "contig-ratio-red-core" 0.75
 "a-count" 0
 "b-count" 6
 "c-color-count" 22
 "c-express-count" 22
 "d-color-count" 28
 "d-express-count" 28
 "cell-count" 56
 15 2 3 222
 15 -3 2 253
 15 1 -3 163
 15 -2 -3 131
 15 -4 0 321
 15 0 0 230
 15 1 3 52
 15 -1 -2 325
 15 1 2 111
 15 4 1 119
 15 0 2 73
 15 1 1 133
 15 -4 -1 220
 15 1 -1 44
 15 1 0 224
 15 0 -3 52
 15 -3 -1 244
 15 2 2 281
 15 -3 0 14
 15 1 -2 352
 15 0 1 5
 15 0 3 253
 15 0 -2 332
 15 0 -1 160
 15 -1 -3 122
 15 2 1 294
 15 0 4 237
 15 -2 -2 342
 55 -3 -3 229
 55 3 -2 267
 55 3 0 198
 55 -3 1 232
 55 -2 -1 350
 55 4 -1 17
 5 -4 1 92
 55 2 -2 181
 55 3 -3 48
 55 3 1 62
 55 2 0 344
 55 -1 -1 266
 55 1 4 25
 55 -1 0 289
 55 4 0 239
 55 -1 2 84
 55 -2 1 310
 55 -1 1 187
 55 -2 0 154
 5 -1 4 300
 55 -2 2 243
 55 3 -1 182
 55 3 2 286
 5 -3 3 161
 55 2 -1 55
 5 -1 3 122
 5 3 3 111
 5 -2 3 47
 "contig-ratio-green-core" 1
 "contig-ratio-red-core" 0.6086956521739131
