 "a-count" 1
 "b-count" 2
 "c-color-count" 26
 "c-express-count" 26
 "d-color-count" 27
 "d-express-count" 27
 "cell-count" 56
 15 0 -1 282
 15 0 3 4
 15 1 2 53
 15 1 0 6
 15 -3 0 60
 15 2 -1 324
 15 -1 -2 184
 15 1 1 120
 15 -1 -1 206
 15 0 2 266
 15 -2 0 347
 15 2 3 176
 15 -2 3 179
 15 2 0 318
 105 0 4 188
 15 2 2 23
 15 -1 -3 156
 15 4 1 63
 15 1 -1 286
 15 1 3 122
 15 -1 3 67
 15 -1 -4 102
 15 0 -2 173
 15 2 1 18
 15 1 -2 293
 15 -3 -1 75
 15 0 -3 113
 15 -2 -1 182
 5 1 -4 312
 55 4 0 36
 55 3 1 12
 55 3 0 168
 55 3 3 324
 55 3 -1 109
 55 -1 1 110
 55 -2 -2 180
 55 2 -2 328
 55 -3 2 99
 55 -3 1 110
 55 -3 -3 331
 55 -3 -2 232
 55 0 0 147
 55 -2 1 206
 55 1 -3 241
 55 3 -2 320
 55 -2 2 168
 55 -1 0 220
 5 -4 1 137
 55 0 -4 136
 55 4 -1 181
 55 -1 2 31
 55 -2 -3 275
 55 0 1 0
 55 3 2 54
 55 -3 3 118
 55 2 -3 22
 "contig-ratio-green-core" 0.8695652173913043
 "contig-ratio-red-core" 0.9047619047619048
 "a-count" 2
 "b-count" 6
 "c-color-count" 22
 "c-express-count" 22
 "d-color-count" 26
 "d-express-count" 26
 "cell-count" 56
 105 2 -3 1
 105 3 -1 87
 15 -3 2 148
 15 -1 3 227
 15 0 -3 91
 15 -2 -3 143
 15 -2 1 163
 15 0 -2 85
 15 1 -2 270
 15 -1 -3 316
 15 4 1 18
 15 2 3 260
 15 -1 2 86
 15 0 3 265
 15 1 3 196
 15 3 0 130
 15 -4 -1 64
 15 -1 1 288
 15 2 -2 306
 15 3 -2 47
 15 -2 2 210
 15 -1 -2 122
 15 0 4 262
 15 3 2 238
 15 0 -4 0
 15 4 -1 124
 15 2 -1 136
 15 1 4 150
 55 0 1 46
 5 -1 4 217
 55 3 3 95
 5 -1 -4 61
 55 2 2 309
 55 2 0 345
 5 3 1 178
 55 0 2 257
 55 -2 -1 237
 55 -3 1 255
 5 -4 1 350
 55 0 -1 277
 55 4 0 344
 55 1 0 219
 55 -3 0 152
 55 1 -1 110
 5 1 1 348
 55 -3 -2 63
 55 0 0 46
 55 -3 -1 42
 5 -1 -1 250
 55 2 1 53
 55 1 2 148
 55 -1 0 108
 55 -2 -2 210
 55 -4 0 349
 55 2 4 152
 55 -2 0 242
 "contig-ratio-green-core" 1.0714285714285714
 "contig-ratio-red-core" 0.6666666666666666
 "a-count" 2
 "b-count" 3
 "c-color-count" 25
 "c-express-count" 25
 "d-color-count" 26
 "d-express-count" 26
 "cell-count" 56
 15 2 -1 280
 15 1 -2 246
 15 2 0 45
 15 -2 1 326
 15 -2 0 341
 15 0 -2 182
 15 -1 -3 191
 15 2 4 313
 15 0 -1 73
 15 -2 -1 243
 105 -1 -4 64
 15 -1 -2 180
 15 0 -4 337
 15 -4 -1 273
 15 1 0 241
 15 3 -3 317
 15 1 5 103
 105 -3 -1 10
 15 1 4 51
 15 0 -3 88
 15 -3 -2 123
 15 1 -3 256
 15 -3 0 209
 15 -4 0 157
 15 -3 1 188
 15 -1 -1 207
 15 1 -1 190
 15 3 0 327
 55 3 2 341
 5 0 0 21
 55 4 0 37
 55 -4 1 288
 55 1 1 343
 55 -3 3 243
 55 4 -1 63
 55 2 -3 112
 5 -3 2 189
 55 -4 3 289
 55 -2 -3 97
 55 -2 2 77
 55 -4 -3 224
 55 2 1 231
 55 2 -2 255
 55 0 1 104
 55 -2 -2 302
 55 4 -2 123
 55 3 1 35
 55 -1 0 165
 55 3 -2 139
 55 -2 3 358
 55 -3 -3 8
 55 -1 2 227
 55 -2 4 0
 55 -1 1 18
 55 0 2 81
 5 1 -4 153
 "contig-ratio-green-core" 0.6666666666666666
 "contig-ratio-red-core" 0.6190476190476191
 "a-count" 0
 "b-count" 3
 "c-color-count" 25
 "c-express-count" 25
 "d-color-count" 28
 "d-express-count" 28
 "cell-count" 56
 15 2 0 280
 15 0 1 90
 15 0 -1 91
 15 -2 0 316
 15 2 -1 264
 15 -2 -1 199
 15 2 -2 182
 15 -1 -1 310
 15 -1 0 210
 15 3 0 141
 15 0 0 202
 15 1 1 303
 15 -4 2 129
 15 2 1 358
 15 -1 4 331
 15 1 -2 110
 15 1 -1 256
 15 -3 3 350
 15 -1 -2 38
 15 1 0 159
 15 0 4 100
 15 2 -3 15
 15 -3 2 230
 15 1 -3 235
 15 -1 1 50
 15 -2 1 98
 15 0 -2 210
 15 -2 -2 310
 55 2 2 256
 55 -4 0 275
 55 4 0 348
 55 -2 2 111
 5 1 4 148
 55 0 3 7
 55 1 3 295
 55 0 -3 192
 55 -1 -4 314
 55 2 3 98
 5 3 1 259
 55 -2 3 180
 55 3 -2 134
 5 3 3 224
 55 0 -4 175
 55 -1 2 6
 55 -1 -3 292
 55 4 -1 206
 55 0 2 122
 55 1 -4 285
 55 -3 -1 184
 55 -3 1 132
 55 -4 1 228
 55 -3 0 56
 55 1 2 60
 55 3 -1 111
 55 3 2 40
 55 -1 3 44
 "contig-ratio-green-core" 0.75
 "contig-ratio-red-core" 0.9
