 "a-count" 1
 "b-count" 5
 "c-color-count" 23
 "c-express-count" 23
 "d-color-count" 28
 "d-express-count" 27
 "cell-count" 56
 15 0 -3 186
 15 -5 1 95
 15 -4 -1 240
 15 3 0 90
 15 -1 2 232
 15 0 -4 251
 15 3 -1 175
 15 1 3 29
 15 -1 4 158
 15 -1 4 243
 15 1 1 327
 15 0 2 53
 15 -4 1 284
 15 0 3 259
 15 3 -2 92
 15 -2 -2 317
 15 -3 1 71
 15 2 -2 306
 15 4 0 348
 15 4 -1 33
 15 1 2 335
 15 -2 -3 77
 15 -1 -3 67
 15 -1 3 217
 15 -2 3 296
 15 0 4 337
 15 -5 -1 100
 15 -1 -4 340
 55 3 1 227
 55 1 -1 349
 55 -1 1 152
 55 -2 0 208
 55 1 -3 13
 55 -3 -1 294
 55 4 2 259
 55 -3 2 168
 5 1 4 150
 55 4 1 222
 55 -2 -1 332
 5 0 1 66
 55 0 -1 113
 55 0 0 358
 55 1 -4 207
 55 3 2 82
 55 -2 1 53
 5 2 1 249
 55 2 -1 38
 55 -1 -1 101
 55 -1 0 100
 55 -2 2 60
 5 2 0 16
 55 1 0 288
 55 2 2 215
 55 0 -2 57
 5 -3 -2 296
 55 1 -2 339
 "contig-ratio-green-core" 0.7222222222222222
 "contig-ratio-red-core" 0.6
 "a-count" 3
 "b-count" 2
 "c-color-count" 26
 "c-express-count" 26
 "d-color-count" 25
 "d-express-count" 25
 "cell-count" 56
 15 1 0 151
 15 -3 0 352
 15 -2 1 206
 15 0 1 127
 15 -3 -1 311
 15 1 1 210
 15 1 2 103
 15 2 2 1
 15 -1 -4 83
 105 1 4 77
 15 -1 3 285
 15 -3 1 179
 15 0 -4 75
 15 0 2 332
 15 0 4 237
 15 4 -2 172
 15 3 -2 39
 15 4 -1 44
 15 -1 0 281
 105 -1 2 226
 105 -1 1 262
 15 -3 2 61
 15 -2 0 189
 15 1 3 282
 15 2 3 68
 15 -2 2 293
 15 0 0 300
 15 0 3 335
 55 3 -1 294
 55 2 -1 132
 55 4 1 55
 55 -2 -1 223
 55 2 0 139
 55 -1 -1 243
 5 2 -3 279
 55 1 -1 68
 55 -2 -2 134
 55 -3 -2 338
 5 -1 -3 265
 55 1 -2 238
 55 -3 -3 353
 55 3 1 62
 55 -1 4 4
 55 -3 3 54
 55 -2 -3 82
 55 0 -3 182
 55 -2 3 274
 55 3 0 346
 55 2 -2 68
 55 0 -1 298
 55 1 -3 15
 55 4 0 73
 55 -1 -2 113
 55 2 1 317
 55 3 2 355
 55 0 -2 259
 "contig-ratio-green-core" 0.7222222222222222
 "contig-ratio-red-core" 0.7894736842105263
 "a-count" 1
 "b-count" 7
 "c-color-count" 21
 "c-express-count" 21
 "d-color-count" 27
 "d-express-count" 27
 "cell-count" 56
 15 1 2 90
 15 1 -3 20
 15 2 3 65
 15 1 -2 255
 15 -2 -1 27
 15 -3 0 35
 15 0 2 339
 15 -1 2 227
 105 0 -1 323
 15 1 -1 193
 15 -1 3 343
 15 -2 3 34
 15 -1 -4 276
 15 -1 -3 16
 15 2 2 177
 15 -1 -1 310
 15 -3 -1 146
 15 0 -2 239
 15 -2 2 107
 15 0 1 28
 15 0 0 99
 15 -3 -2 288
 15 -1 -2 64
 15 0 -3 85
 15 -2 -2 260
 15 1 1 152
 15 4 -1 70
 15 1 0 159
 5 -4 1 284
 5 2 -1 181
 55 3 -2 278
 55 4 0 125
 55 2 -2 157
 5 3 -3 171
 55 0 4 319
 5 4 1 336
 55 -1 1 209
 5 -3 3 257
 55 3 -1 40
 5 3 3 47
 55 1 3 332
 55 -4 -1 64
 55 3 0 112
 55 -2 0 218
 55 0 3 255
 55 -3 1 31
 55 0 -4 190
 55 2 1 42
 5 3 1 240
 55 2 -3 330
 55 -2 1 105
 55 0 -5 243
 55 2 0 153
 55 -1 0 308
 55 -4 -2 193
 55 -1 4 72
 "contig-ratio-green-core" 1.105263157894737
 "contig-ratio-red-core" 0.625
 "a-count" 2
 "b-count" 1
 "c-color-count" 27
 "c-express-count" 27
 "d-color-count" 26
 "d-express-count" 26
 "cell-count" 56
 15 1 -1 110
 15 1 -3 54
 15 -4 -1 80
 15 1 2 234
 15 2 1 286
 15 1 1 311
 15 2 2 253
 105 -1 4 26
 15 2 -1 140
 15 0 -2 235
 15 -1 -1 37
 105 2 -3 27
 15 -4 1 142
 15 -1 -2 309
 15 1 -2 87
 15 -2 -2 155
 15 -3 -1 311
 15 2 -2 227
 15 0 4 207
 15 -2 -1 65
 15 2 0 113
 15 0 3 0
 15 0 -1 275
 15 -4 0 279
 15 -3 0 22
 15 -1 3 206
 15 3 2 286
 15 1 0 330
 55 3 -1 276
 5 3 0 135
 55 -1 0 29
 55 -2 3 162
 55 -3 1 358
 55 -1 1 9
 55 4 1 32
 55 0 1 150
 55 0 -4 190
 55 -3 2 153
 55 3 -2 289
 55 -2 0 119
 55 0 0 107
 55 -3 3 59
 55 2 3 340
 55 1 3 193
 55 0 -3 199
 55 0 2 34
 55 1 4 354
 55 3 1 21
 55 -1 -4 314
 55 -2 -3 141
 55 4 -1 35
 55 4 0 264
 55 -2 2 217
 55 -2 1 174
 55 -1 -3 206
 55 -1 2 56
 "contig-ratio-green-core" 0.8333333333333334
 "contig-ratio-red-core" 0.7083333333333334
