 "a-count" 2
 "b-count" 4
 "c-color-count" 24
 "c-express-count" 24
 "d-color-count" 26
 "d-express-count" 26
 "cell-count" 56
 15 -3 2 198
 15 -1 3 40
 15 2 1 255
 15 0 -1 41
 15 1 3 297
 15 -2 3 175
 15 0 -2 196
 15 -1 -3 344
 15 4 0 246
 15 -1 -1 5
 15 1 -2 174
 15 1 -1 7
 15 0 4 28
 15 4 1 313
 15 -2 -2 169
 15 -4 0 1
 15 -3 -2 189
 105 -3 -3 158
 15 4 -1 258
 15 -2 -3 44
 15 3 1 120
 15 3 2 35
 15 -4 1 242
 15 1 -3 207
 15 0 -3 69
 15 -1 -2 294
 15 0 3 39
 105 1 -4 127
 55 -3 0 54
 55 2 0 200
 55 -3 3 228
 55 1 0 275
 55 -3 -1 126
 55 -1 -4 220
 55 -4 -1 227
 55 -1 1 19
 55 -2 2 117
 55 -2 -1 46
 5 2 3 32
 55 -1 0 43
 55 1 1 199
 55 1 2 298
 55 2 -1 347
 55 2 -2 88
 55 -1 2 5
 55 -2 0 328
 55 3 -1 62
 55 0 0 111
 5 3 3 200
 5 -1 4 304
 55 2 -3 76
 55 3 -2 71
 55 -2 1 344
 5 3 -3 19
 55 -3 1 285
 55 0 1 175
 "contig-ratio-green-core" 0.7894736842105263
 "contig-ratio-red-core" 0.8571428571428571
 "a-count" 2
 "b-count" 1
 "c-color-count" 27
 "c-express-count" 27
 "d-color-count" 26
 "d-express-count" 26
 "cell-count" 56
 15 2 -1 265
 15 -3 0 327
 15 -1 -2 193
 15 1 3 277
 15 1 -2 138
 15 -3 2 28
 15 1 -3 3
 15 -3 -1 323
 15 -1 -3 209
 15 0 -4 347
 15 -4 0 140
 105 4 -1 138
 15 -3 -3 188
 15 2 -3 78
 15 1 -4 287
 15 -3 1 105
 15 3 0 356
 15 0 -2 269
 15 0 -3 293
 105 -4 1 270
 15 3 1 15
 15 -3 3 247
 15 4 0 45
 15 -2 0 35
 15 2 3 182
 15 1 4 316
 15 -2 -1 199
 15 3 -1 292
 55 1 -1 260
 55 -1 1 302
 55 2 1 76
 55 -1 0 213
 55 -2 -3 78
 55 -1 2 178
 55 3 -2 314
 55 2 0 102
 55 -2 -2 224
 55 -3 -2 62
 55 -1 4 283
 55 -2 3 144
 55 0 3 79
 55 0 0 240
 55 0 -1 218
 55 3 -3 263
 55 1 0 307
 55 -1 3 236
 55 2 2 211
 55 -2 2 221
 55 -1 -1 202
 55 -4 -1 175
 55 1 2 356
 55 3 2 281
 55 0 1 147
 5 -1 -4 117
 55 0 2 50
 55 1 1 209
 "contig-ratio-green-core" 0.8947368421052632
 "contig-ratio-red-core" 0.8095238095238095
 "a-count" 0
 "b-count" 5
 "c-color-count" 23
 "c-express-count" 23
 "d-color-count" 28
 "d-express-count" 28
 "cell-count" 56
 15 1 -1 207
 15 -1 2 198
 15 1 0 247
 15 2 0 256
 15 -3 -3 199
 15 1 0 225
 15 2 2 170
 15 3 1 10
 15 -2 -4 59
 15 0 -1 206
 15 0 0 202
 15 -3 0 291
 15 0 -1 70
 15 1 1 225
 15 0 -1 324
 15 -2 1 245
 15 -2 -1 301
 15 2 1 352
 15 0 2 256
 15 -1 -1 130
 15 -2 0 171
 15 -1 0 197
 15 -1 1 256
 15 3 0 214
 15 1 2 135
 15 0 1 138
 15 -2 2 330
 15 1 -4 241
 55 3 -2 250
 55 -4 0 89
 5 3 -1 262
 55 -4 2 130
 55 -1 -4 43
 55 2 -3 118
 5 -3 1 43
 55 1 -3 65
 55 -4 1 183
 55 -2 -3 326
 55 1 4 180
 55 -1 -3 11
 55 1 3 20
 55 4 0 32
 5 0 -2 281
 55 1 -2 352
 55 4 -2 165
 55 0 4 232
 55 2 -2 35
 55 -3 -2 156
 55 0 -3 184
 5 -1 3 145
 55 4 1 279
 55 0 3 250
 55 -2 -2 24
 5 2 3 357
 55 0 -4 85
 55 -3 2 290
 "contig-ratio-green-core" 0.5
 "contig-ratio-red-core" 0.5
