 "a-count" 6
 "b-count" 4
 "c-color-count" 24
 "c-express-count" 24
 "d-color-count" 24
 "d-express-count" 22
 "cell-count" 56
 15 0 3 77
 15 1 2 274
 15 -1 -1 315
 15 0 1 244
 105 4 0 316
 15 1 0 88
 105 1 -1 73
 15 0 -1 117
 15 -2 1 255
 15 3 0 320
 15 -1 0 187
 15 1 1 106
 15 -1 3 154
 15 1 -3 106
 15 0 0 109
 15 -1 1 340
 15 0 -2 102
 15 -1 2 179
 105 2 -2 172
 15 2 1 171
 15 0 2 292
 15 -2 -3 183
 15 -2 0 285
 105 3 -1 300
 15 3 2 336
 15 2 0 9
 15 -1 -4 172
 15 2 -1 160
 55 -1 4 265
 5 1 -2 176
 55 -2 -1 258
 55 -1 -2 266
 55 -2 2 182
 55 3 3 136
 5 -3 3 304
 55 2 -3 122
 55 -2 -2 133
 55 3 -2 221
 55 -4 -1 14
 55 2 3 322
 55 -2 3 103
 55 -4 0 326
 55 1 4 216
 55 -3 1 329
 55 -3 -3 18
 55 -3 0 24
 55 -1 -3 239
 5 2 2 17
 55 0 4 212
 55 3 -3 37
 55 1 3 327
 5 -3 -2 104
 55 0 -3 133
 55 0 -4 332
 55 -4 1 198
 55 3 1 253
 "contig-ratio-green-core" 0.5454545454545454
 "contig-ratio-red-core" 1.1
 "a-count" 4
 "b-count" 5
 "c-color-count" 24
 "c-express-count" 23
 "d-color-count" 24
 "d-express-count" 24
 "cell-count" 56
 15 -1 0 295
 105 0 0 291
 15 -2 -1 47
 15 2 0 12
 15 1 1 265
 105 3 3 265
 15 -1 4 309
 105 4 -1 235
 15 -2 3 297
 15 3 -3 293
 15 -3 2 18
 15 -1 -1 348
 15 -1 1 85
 15 0 -2 273
 15 1 -1 61
 15 -4 0 62
 15 0 2 81
 15 1 2 93
 15 1 -2 228
 15 0 1 148
 15 -1 -2 255
 15 2 1 121
 15 -1 3 316
 15 0 4 338
 15 4 0 65
 15 1 0 237
 15 3 0 269
 105 0 -3 299
 55 -1 -4 81
 55 -2 4 285
 5 -2 0 57
 55 -3 -2 5
 5 -3 1 89
 55 3 2 103
 55 1 4 72
 55 3 -2 203
 55 3 -1 240
 55 1 3 291
 55 -2 2 299
 55 -1 -3 238
 55 4 1 349
 5 -3 -1 296
 55 -4 1 355
 55 1 -4 260
 55 2 -3 71
 55 2 -1 269
 55 0 -4 270
 55 -3 3 6
 55 -4 -1 124
 55 -1 2 100
 55 -2 -2 144
 55 1 -3 267
 55 2 2 152
 5 2 -2 212
 55 3 1 189
 55 2 3 32
 "contig-ratio-green-core" 0.8095238095238095
 "contig-ratio-red-core" 0.8125
 "a-count" 4
 "b-count" 8
 "c-color-count" 21
 "c-express-count" 20
 "d-color-count" 24
 "d-express-count" 24
 "cell-count" 56
 15 1 -3 340
 15 3 0 79
 15 0 2 87
 105 1 -1 277
 15 -1 2 213
 15 0 -1 265
 15 -4 0 288
 15 0 3 97
 15 -1 -2 253
 105 -1 -3 301
 15 1 -2 203
 15 2 3 58
 15 2 -1 324
 15 -1 1 282
 15 -1 -4 8
 15 1 0 166
 15 -2 -1 115
 15 0 -2 187
 15 1 2 108
 105 0 -3 205
 15 -1 -1 204
 15 1 1 103
 15 -1 0 294
 15 -1 3 300
 15 4 -1 115
 105 0 1 54
 15 -2 -2 337
 15 0 0 243
 5 3 -3 263
 55 -2 -3 301
 55 -2 2 169
 55 -2 1 73
 55 -4 -1 85
 55 4 1 95
 55 3 3 258
 55 1 -4 235
 5 2 1 185
 55 -3 -1 133
 5 -3 1 193
 55 -3 0 80
 55 0 4 64
 55 2 -2 3
 55 -1 4 81
 55 2 2 200
 5 -3 -2 255
 55 -2 0 174
 5 -3 3 298
 5 3 -2 119
 55 3 2 184
 55 2 -3 280
 55 3 1 198
 5 3 -1 223
 55 -2 3 28
 55 -3 -3 236
 55 4 0 182
 55 1 3 261
 "contig-ratio-green-core" 0.7777777777777778
 "contig-ratio-red-core" 0.9285714285714286
 "a-count" 3
 "b-count" 5
 "c-color-count" 23
 "c-express-count" 23
 "d-color-count" 26
 "d-express-count" 25
 "cell-count" 56
 15 -3 -2 272
 15 -3 0 347
 15 -2 0 149
 105 1 4 228
 15 0 0 32
 15 -2 -3 308
 15 2 3 76
 15 0 -1 275
 15 0 1 2
 15 -3 1 144
 15 3 -1 118
 15 -1 0 299
 15 1 -1 190
 15 -1 -1 188
 15 0 2 106
 15 0 4 283
 15 -3 -1 195
 15 -2 1 298
 15 0 -2 272
 15 2 1 304
 15 -4 0 313
 15 1 0 160
 15 3 1 64
 105 -1 1 63
 15 1 1 158
 15 2 0 225
 15 -1 2 283
 15 -1 3 232
 5 0 -3 72
 55 -1 4 296
 55 3 0 260
 55 -3 2 204
 55 -3 -3 13
 55 0 3 298
 55 1 -4 173
 55 -1 -3 206
 55 2 2 146
 5 3 3 18
 55 4 -1 256
 55 -1 -2 153
 55 1 -2 180
 55 -1 -4 259
 55 1 2 147
 55 -2 -2 201
 55 -2 2 339
 55 1 -3 183
 55 3 -2 305
 55 4 1 190
 55 -2 3 120
 5 4 0 232
 55 2 -3 202
 55 -3 3 202
 5 -4 1 56
 5 2 -2 308
 55 -4 -1 191
 55 -2 -1 254
 "contig-ratio-green-core" 1
 "contig-ratio-red-core" 0.9375
