 "a-count" 11
 "b-count" 3
 "c-color-count" 25
 "c-express-count" 25
 "d-color-count" 21
 "d-express-count" 17
 "cell-count" 56
 105 0 0 358
 105 4 -1 214
 15 -2 0 221
 15 -3 0 49
 15 -1 -1 117
 105 3 -2 219
 15 0 3 304
 15 0 1 354
 15 1 0 5
 15 4 0 135
 15 -1 1 130
 15 0 -1 34
 15 0 -4 119
 105 3 1 228
 15 2 1 294
 15 2 -3 346
 15 -2 -1 163
 15 0 -2 185
 15 -3 1 0
 15 1 2 160
 15 -1 0 304
 15 2 -2 95
 105 1 -3 223
 15 2 0 100
 105 -4 0 10
 15 0 2 140
 15 0 -3 210
 105 2 -1 181
 55 -3 -3 317
 55 -1 -4 158
 55 -1 4 256
 55 -3 -2 70
 55 1 -2 174
 5 1 3 327
 55 0 4 26
 55 2 3 138
 55 -4 -1 193
 55 -2 2 155
 55 -2 1 272
 55 -1 2 146
 55 2 2 139
 55 -4 1 351
 55 -2 3 163
 55 3 -1 10
 55 -1 -2 109
 55 -2 -2 43
 55 -3 2 220
 55 -1 3 29
 55 1 1 340
 5 3 3 18
 55 3 -3 87
 55 3 2 97
 55 -3 3 96
 55 -3 -1 302
 5 4 1 331
 55 -2 -3 86
 "contig-ratio-green-core" 0.6111111111111112
 "contig-ratio-red-core" 0.7777777777777778
 "a-count" 6
 "b-count" 6
 "c-color-count" 24
 "c-express-count" 22
 "d-color-count" 23
 "d-express-count" 22
 "cell-count" 56
 15 2 -3 342
 15 2 -2 323
 15 -1 -1 14
 15 -3 1 325
 15 -4 -1 358
 105 3 -2 174
 15 0 3 55
 15 3 0 346
 15 -2 2 4
 15 1 0 12
 15 4 0 109
 105 0 0 129
 15 2 -1 199
 15 2 0 100
 105 0 4 51
 105 0 1 359
 105 -1 -2 156
 15 -2 -1 266
 15 4 1 27
 15 -1 1 126
 15 2 1 186
 15 1 -1 249
 15 1 3 275
 15 1 1 35
 15 -3 3 290
 15 0 -1 143
 15 -1 -4 22
 15 0 2 164
 55 3 -1 265
 5 -1 0 54
 55 3 -3 169
 55 4 -1 43
 5 1 4 208
 55 -2 1 197
 55 0 -4 248
 55 -4 1 156
 55 -4 0 159
 55 -1 -3 160
 55 -2 -2 81
 55 -3 2 309
 55 3 3 251
 55 1 -2 130
 5 -3 -2 207
 55 1 -3 178
 55 -2 3 66
 55 0 -3 142
 55 4 -2 196
 55 -3 -3 348
 55 3 2 322
 55 0 -2 359
 55 3 1 225
 55 -2 -3 125
 5 2 2 289
 55 -1 2 217
 55 -3 -1 126
 55 1 -4 224
 "contig-ratio-green-core" 0.7647058823529411
 "contig-ratio-red-core" 0.7857142857142857
 "a-count" 3
 "b-count" 6
 "c-color-count" 22
 "c-express-count" 22
 "d-color-count" 25
 "d-express-count" 25
 "cell-count" 56
 15 0 -2 234
 15 2 2 27
 105 0 2 329
 15 1 3 307
 15 0 1 36
 15 -1 -1 145
 15 -1 -2 281
 15 3 3 323
 15 1 -1 352
 15 -2 1 323
 15 2 1 81
 15 -1 0 340
 15 2 -1 280
 15 -2 3 199
 15 1 -2 339
 15 0 -1 113
 15 -1 1 51
 15 1 0 124
 15 4 0 342
 15 2 0 81
 105 -4 0 88
 15 -2 -1 249
 15 3 2 101
 15 1 1 177
 105 -4 1 241
 15 -3 0 175
 15 0 0 84
 15 0 3 314
 55 -3 -2 58
 55 4 -1 27
 55 4 1 56
 5 2 -2 285
 55 -4 -1 210
 5 -2 -3 182
 55 3 -1 290
 55 -3 -1 178
 55 3 -3 46
 5 -3 -3 193
 55 1 4 223
 55 1 -3 282
 55 -3 3 58
 55 2 -3 260
 55 -1 4 122
 55 2 3 208
 5 -3 2 205
 5 1 -4 126
 5 0 -3 55
 55 -2 2 173
 55 -3 1 189
 55 -2 -2 218
 55 -1 3 193
 55 0 4 225
 55 3 -2 310
 55 3 0 106
 55 -1 -4 29
 55 0 -4 34
 "contig-ratio-green-core" 0.5789473684210527
 "contig-ratio-red-core" 0.6470588235294118
 "a-count" 6
 "b-count" 5
 "c-color-count" 23
 "c-express-count" 23
 "d-color-count" 22
 "d-express-count" 22
 "cell-count" 56
 105 -3 -2 218
 15 0 -1 343
 15 3 0 126
 105 -4 0 350
 105 -2 -3 324
 15 0 -2 150
 15 0 0 282
 15 1 3 228
 15 3 -1 215
 15 -1 2 223
 105 3 3 63
 15 0 2 351
 15 -2 -2 273
 15 -3 0 109
 15 1 2 43
 15 1 0 278
 15 0 3 250
 15 2 -1 329
 105 -1 -4 55
 15 1 1 132
 15 3 1 95
 105 3 -2 102
 15 0 1 110
 15 2 1 341
 15 -1 -1 141
 15 1 -1 214
 15 -1 -2 53
 15 2 0 137
 55 1 -2 73
 55 2 3 250
 55 -1 1 310
 55 4 0 337
 55 -3 -1 128
 5 -3 2 203
 55 -4 -1 285
 5 -2 1 18
 55 1 -3 148
 55 -1 3 36
 5 2 -2 45
 55 0 4 326
 55 -3 3 93
 55 -1 0 43
 5 1 4 284
 55 0 -4 303
 55 -4 1 317
 55 2 2 23
 5 -2 3 268
 55 4 -1 198
 55 3 2 14
 55 2 -3 123
 55 4 1 143
 55 0 -3 281
 55 -3 1 249
 55 -2 0 337
 55 -2 -1 275
 55 -1 -3 275
 "contig-ratio-green-core" 0.7142857142857143
 "contig-ratio-red-core" 1
