 "a-count" 5
 "b-count" 4
 "c-color-count" 24
 "c-express-count" 24
 "d-color-count" 25
 "d-express-count" 23
 "cell-count" 56
 15 0 0 234
 15 -2 -1 311
 15 -2 1 344
 15 0 -1 217
 15 2 2 207
 15 -1 -1 259
 15 -1 0 219
 15 0 -2 190
 15 0 3 258
 15 3 -2 101
 105 3 2 311
 15 -4 0 293
 105 -3 0 347
 15 1 4 26
 15 1 0 139
 15 1 -1 94
 15 2 0 312
 15 -1 3 267
 15 -2 0 151
 15 -4 1 245
 105 4 -1 6
 15 0 4 78
 15 -2 2 290
 15 3 1 97
 15 -3 1 283
 15 4 1 110
 15 2 -1 26
 15 1 -2 334
 55 2 1 204
 55 3 -3 202
 55 1 -3 297
 5 3 -1 258
 55 0 -4 111
 55 -1 2 108
 55 -1 -3 226
 55 -3 -2 108
 55 -2 -3 144
 55 2 3 232
 5 2 -3 285
 55 1 -4 305
 55 0 2 100
 55 -1 1 326
 55 1 3 64
 55 2 -2 23
 55 0 1 275
 55 -1 -2 14
 5 -1 -4 331
 55 1 1 240
 55 -3 3 206
 55 -2 -2 242
 55 -4 -1 301
 55 -2 3 77
 55 -3 2 159
 55 -1 4 53
 55 0 -3 57
 5 1 2 229
 "contig-ratio-green-core" 0.8571428571428571
 "contig-ratio-red-core" 0.8095238095238095
 "a-count" 7
 "b-count" 3
 "c-color-count" 25
 "c-express-count" 25
 "d-color-count" 22
 "d-express-count" 21
 "cell-count" 56
 15 0 -2 156
 105 0 0 29
 15 -2 -2 23
 15 3 1 281
 15 1 4 73
 15 -2 3 155
 15 3 -1 254
 15 0 1 315
 15 -2 0 311
 105 0 -1 334
 15 -1 0 51
 15 1 0 354
 105 2 1 141
 15 0 -3 112
 15 -1 -1 296
 15 1 3 93
 105 -3 -3 59
 15 4 0 321
 105 -1 -2 341
 15 2 2 176
 15 -2 -1 136
 15 0 2 328
 15 1 -2 211
 105 2 0 31
 15 -1 3 314
 15 3 0 308
 15 1 -1 217
 15 2 -1 226
 55 3 -3 324
 55 3 -2 352
 55 0 3 359
 55 -1 2 129
 55 2 -3 200
 55 -3 0 153
 55 -2 -3 206
 55 -4 1 52
 5 -1 -4 220
 5 1 -3 45
 55 -3 2 210
 55 2 3 23
 55 3 2 197
 55 -3 -2 34
 55 -2 2 193
 55 -2 1 184
 55 0 4 237
 55 -1 1 338
 55 -3 3 207
 55 0 -4 321
 55 4 1 123
 55 -4 0 272
 55 2 -2 200
 55 -1 -3 131
 5 1 2 92
 55 -1 4 234
 55 4 -1 133
 55 3 3 71
 "contig-ratio-green-core" 0.6818181818181818
 "contig-ratio-red-core" 1.1176470588235294
 "a-count" 4
 "b-count" 6
 "c-color-count" 22
 "c-express-count" 22
 "d-color-count" 26
 "d-express-count" 24
 "cell-count" 56
 15 2 -2 134
 15 0 -3 210
 15 -1 4 25
 15 -2 -1 314
 15 1 1 316
 15 0 -1 77
 15 -1 -2 172
 15 1 -3 127
 15 0 -2 349
 15 -2 1 340
 15 -4 1 219
 15 1 2 253
 105 1 -4 285
 105 4 0 203
 15 -1 1 205
 15 -1 -1 32
 15 1 -1 47
 15 2 0 76
 15 0 2 311
 15 1 0 187
 15 1 -2 185
 15 0 0 359
 15 0 1 65
 15 3 0 255
 15 -1 0 158
 15 2 -1 163
 15 1 4 180
 15 -2 0 307
 55 -3 0 153
 55 -3 3 265
 55 -3 2 330
 55 -1 2 236
 55 -2 2 178
 55 -3 -1 126
 55 -2 -2 70
 55 4 1 175
 55 2 3 194
 5 3 1 18
 5 -3 -3 90
 5 -1 -4 34
 55 -1 -3 51
 55 -3 -2 11
 55 3 -3 274
 5 2 1 184
 5 -2 -3 170
 55 3 3 3
 55 0 4 193
 55 -3 1 168
 55 2 -3 65
 55 0 -4 31
 55 1 3 197
 55 -2 3 357
 55 4 -1 95
 55 3 -2 267
 5 -4 0 24
 55 3 -1 297
 "contig-ratio-green-core" 0.7647058823529411
 "contig-ratio-red-core" 0.9230769230769231
 "a-count" 6
 "b-count" 3
 "c-color-count" 25
 "c-express-count" 25
 "d-color-count" 23
 "d-express-count" 22
 "cell-count" 56
 105 3 -3 222
 105 -1 -1 273
 15 3 1 247
 15 1 0 133
 15 1 -2 232
 15 0 0 269
 105 1 4 161
 15 -2 -1 266
 15 0 1 344
 15 2 1 250
 15 2 3 294
 105 3 -2 107
 15 0 -1 285
 15 -3 0 304
 15 1 -1 300
 15 -1 1 168
 105 3 3 39
 15 2 0 246
 15 0 2 46
 15 -1 0 326
 15 -2 0 327
 15 0 -3 191
 15 1 1 102
 15 2 -1 157
 15 -2 1 258
 15 0 3 240
 15 -1 -2 40
 15 -2 -2 14
 55 3 -1 78
 55 -2 -3 42
 55 1 3 251
 55 -1 -3 217
 55 -4 -1 351
 55 2 -2 22
 55 -1 2 303
 5 -3 -1 166
 55 1 -3 87
 55 -3 1 336
 55 2 2 5
 55 -1 -4 288
 55 -3 3 3
 55 -1 3 348
 55 4 1 111
 55 0 4 217
 55 3 2 280
 55 -3 -3 301
 55 -3 -2 54
 55 0 -4 97
 55 1 -4 7
 55 -4 0 203
 55 4 -1 350
 55 -2 2 225
 55 -1 4 231
 5 -4 1 280
 5 -3 2 198
 55 2 -3 309
 "contig-ratio-green-core" 0.7058823529411765
 "contig-ratio-red-core" 1.0666666666666667
