 "a-count" 8
 "b-count" 2
 "c-color-count" 26
 "c-express-count" 26
 "d-color-count" 22
 "d-express-count" 20
 "cell-count" 56
 105 4 0 178
 105 -1 4 180
 105 -1 -4 79
 15 -2 2 25
 15 0 1 211
 15 -4 1 230
 15 0 4 117
 15 -1 1 274
 15 -2 -1 353
 105 0 -1 316
 15 -3 1 46
 15 2 -1 183
 105 1 -1 213
 15 0 0 180
 15 -1 -1 104
 15 4 -1 309
 15 1 2 344
 15 0 -2 287
 15 -1 -2 320
 15 1 1 243
 105 -1 3 7
 15 -2 -2 120
 15 3 2 63
 15 -3 2 216
 15 1 0 67
 15 0 -3 283
 15 -1 -3 190
 15 1 -2 257
 55 -2 -3 237
 55 0 3 349
 55 2 2 53
 55 -3 -3 136
 55 1 -3 13
 55 -2 1 84
 55 -4 -1 275
 55 2 -2 297
 55 -3 -2 222
 55 2 1 47
 55 2 3 234
 5 -1 0 16
 55 0 2 167
 55 2 -3 182
 55 -4 0 112
 55 1 4 299
 55 3 -1 189
 55 1 -4 83
 55 -3 -1 196
 55 -1 2 241
 55 -3 0 196
 55 3 1 334
 55 1 3 269
 5 3 -3 212
 55 -2 0 127
 55 -3 3 143
 55 2 0 193
 55 3 -2 109
 "contig-ratio-green-core" 0.7391304347826086
 "contig-ratio-red-core" 1
 "a-count" 5
 "b-count" 4
 "c-color-count" 25
 "c-express-count" 24
 "d-color-count" 24
 "d-express-count" 23
 "cell-count" 56
 105 -1 -3 282
 15 -3 -1 52
 15 1 0 292
 15 1 -1 153
 15 2 -3 275
 15 -2 0 343
 15 -1 -2 168
 15 -1 0 218
 15 -2 1 241
 105 0 0 57
 15 1 2 157
 15 -3 0 310
 15 0 2 92
 15 -1 3 55
 105 1 1 138
 105 -3 3 159
 15 -1 4 35
 15 -1 2 118
 15 0 -2 332
 15 0 3 86
 15 0 1 288
 15 -1 1 68
 15 2 1 261
 15 1 3 359
 15 -1 -1 88
 15 0 -1 272
 15 0 -3 108
 15 3 -3 298
 5 4 -1 304
 55 1 -2 273
 55 -4 -1 287
 55 3 1 18
 5 1 4 163
 55 3 -1 76
 5 4 0 111
 55 -2 2 240
 55 -4 0 27
 55 2 2 185
 55 2 0 247
 55 -2 -2 153
 55 0 -4 140
 55 3 0 245
 55 -2 3 185
 55 3 -2 74
 55 1 -4 85
 55 -3 -2 120
 55 -3 2 233
 55 4 1 233
 55 2 -1 76
 55 1 -3 162
 55 2 3 219
 55 -4 1 85
 55 0 4 214
 55 -3 1 98
 55 -1 -4 32
 55 3 2 136
 "contig-ratio-green-core" 0.75
 "contig-ratio-red-core" 0.8947368421052632
 "a-count" 0
 "b-count" 4
 "c-color-count" 24
 "c-express-count" 24
 "d-color-count" 28
 "d-express-count" 28
 "cell-count" 56
 15 -1 -1 174
 15 -2 -3 359
 15 -1 1 46
 15 4 0 57
 15 0 1 248
 15 2 -1 13
 15 2 -2 308
 15 -3 0 328
 15 1 -2 12
 15 0 -2 122
 15 3 0 3
 15 -2 0 101
 15 -3 1 222
 15 4 1 343
 15 2 0 355
 15 1 -3 113
 15 1 1 136
 15 0 -1 90
 15 2 3 293
 15 1 0 42
 15 2 1 287
 15 3 1 85
 15 1 2 93
 15 -2 1 303
 15 0 4 155
 15 1 -1 225
 15 -1 0 69
 15 0 0 235
 55 -3 3 271
 55 -2 3 158
 55 0 -3 38
 55 -3 -3 63
 55 -1 -3 65
 55 1 -4 15
 55 3 2 25
 55 0 -4 17
 55 1 3 0
 55 -3 -1 318
 55 2 2 93
 55 2 -3 241
 55 -4 -1 183
 55 -2 -1 306
 55 -1 -2 120
 55 -1 -4 54
 5 0 2 1
 55 -4 1 133
 5 3 3 205
 55 1 4 276
 55 -2 2 339
 55 -4 0 172
 55 -3 2 303
 5 -1 2 189
 55 -1 4 293
 55 3 -2 227
 55 0 3 315
 5 -3 -2 102
 "contig-ratio-green-core" 0.65
 "contig-ratio-red-core" 0.8235294117647058
 "a-count" 6
 "b-count" 3
 "c-color-count" 25
 "c-express-count" 25
 "d-color-count" 23
 "d-express-count" 22
 "cell-count" 56
 15 1 0 260
 15 0 -3 17
 15 1 -1 213
 15 -1 2 212
 15 1 3 12
 15 4 1 327
 15 -3 0 220
 105 3 -2 71
 15 -2 0 67
 15 3 1 275
 15 1 1 158
 15 -1 1 122
 15 1 -2 169
 15 -3 -3 123
 15 1 2 309
 15 -1 -1 330
 105 2 2 275
 105 -3 3 287
 15 0 -2 159
 105 0 -1 52
 15 3 2 234
 15 0 1 55
 15 0 2 116
 15 -2 1 316
 105 3 -1 31
 15 -1 -2 79
 15 2 1 338
 15 -1 0 191
 55 -2 -1 116
 55 2 -3 124
 55 -1 -3 39
 55 -3 -1 306
 55 1 -3 202
 55 2 0 358
 55 1 -4 321
 55 -4 0 168
 55 3 3 28
 55 -2 -2 277
 55 1 4 228
 55 -3 2 247
 55 -1 4 40
 5 -2 3 24
 55 3 0 217
 55 4 0 278
 55 -3 -2 340
 5 0 -4 335
 55 2 -1 147
 55 2 -2 305
 55 -3 1 283
 55 -1 3 130
 5 0 4 128
 55 -1 -4 219
 55 -4 -1 138
 55 2 3 223
 55 -2 2 285
 55 -4 1 341
 "contig-ratio-green-core" 0.6666666666666666
 "contig-ratio-red-core" 1
