 "a-count" 4
 "b-count" 6
 "c-color-count" 24
 "c-express-count" 22
 "d-color-count" 24
 "d-express-count" 24
 "cell-count" 56
 15 1 0 278
 105 0 1 23
 15 -4 0 14
 15 -1 3 270
 15 -1 0 36
 15 4 0 184
 15 -1 2 211
 105 1 -3 47
 15 1 4 31
 15 3 -1 5
 105 -3 3 105
 15 3 0 177
 15 -1 -2 47
 15 -2 0 322
 15 3 -3 173
 15 0 -1 25
 15 2 1 108
 15 -2 -3 64
 15 2 -2 74
 15 2 -1 221
 15 -1 1 340
 15 0 0 152
 15 0 -3 113
 15 1 -1 330
 15 0 2 223
 15 1 1 226
 105 2 0 326
 15 -2 -1 245
 55 -2 1 227
 55 3 1 318
 55 -1 -1 319
 55 -4 1 23
 5 -2 3 20
 55 0 -2 179
 55 -3 -3 182
 5 -3 1 258
 5 -1 -4 225
 55 2 -3 180
 55 2 3 168
 55 3 2 203
 55 -3 -1 254
 5 2 2 170
 55 1 -4 344
 55 0 4 308
 55 -3 0 112
 55 3 -2 300
 55 4 -1 194
 55 0 3 169
 55 3 3 31
 55 -1 4 116
 55 1 2 126
 55 0 -4 332
 55 -1 -3 43
 55 -2 -2 284
 55 4 1 31
 55 1 3 336
 "contig-ratio-green-core" 0.9333333333333333
 "contig-ratio-red-core" 1
 "a-count" 4
 "b-count" 6
 "c-color-count" 22
 "c-express-count" 22
 "d-color-count" 24
 "d-express-count" 24
 "cell-count" 56
 15 2 0 68
 15 0 -1 137
 15 0 0 27
 15 -1 -3 197
 15 1 2 290
 105 3 3 178
 105 -1 -4 308
 15 -1 1 87
 15 -3 2 328
 15 0 3 270
 15 2 1 333
 15 0 2 184
 15 1 0 136
 15 -2 0 140
 15 3 -1 30
 15 -2 1 304
 15 -1 -2 57
 105 -1 -1 345
 15 -3 0 209
 15 -3 -1 102
 105 -2 -3 140
 15 0 1 132
 15 1 -1 256
 15 -2 -1 28
 15 -3 1 328
 15 -1 0 191
 15 1 1 165
 15 3 0 127
 55 2 3 351
 55 -1 4 117
 55 0 4 56
 5 1 -2 53
 55 2 2 269
 55 -4 -1 346
 55 -4 1 308
 55 1 -3 321
 5 2 -2 29
 55 -1 2 266
 55 -4 0 174
 5 1 3 314
 55 2 -1 345
 5 -3 3 274
 55 2 -3 5
 5 1 4 102
 5 -2 3 117
 55 4 0 18
 55 3 -3 266
 55 3 -2 77
 55 0 -4 133
 55 -1 3 143
 55 -3 -3 146
 55 0 -3 151
 55 4 -1 99
 55 3 1 114
 55 -2 2 7
 55 -2 -2 126
 "contig-ratio-green-core" 0.8235294117647058
 "contig-ratio-red-core" 0.8823529411764706
 "a-count" 5
 "b-count" 3
 "c-color-count" 25
 "c-express-count" 25
 "d-color-count" 26
 "d-express-count" 23
 "cell-count" 56
 15 0 3 179
 15 0 -2 223
 15 4 0 261
 15 0 0 220
 15 3 -2 256
 15 -2 1 133
 15 1 -1 140
 15 -1 -1 23
 15 0 -1 115
 15 1 0 73
 105 2 -1 119
 15 -4 0 344
 15 0 2 29
 15 1 1 291
 15 3 0 336
 15 1 2 83
 15 0 4 358
 15 -1 0 49
 15 0 1 111
 15 2 1 323
 15 3 1 170
 15 -3 1 258
 15 -1 3 297
 15 -3 -4 147
 15 -1 1 359
 105 -1 4 108
 15 0 -3 122
 15 2 0 80
 55 3 3 216
 55 4 -1 145
 55 4 1 19
 55 -2 3 173
 55 1 3 148
 55 -3 3 70
 55 -2 2 55
 55 -3 -2 272
 55 2 2 146
 55 1 4 173
 55 -1 -4 182
 55 -4 1 182
 55 -1 2 297
 55 -4 -1 213
 55 -2 -1 306
 5 2 3 292
 55 -3 -1 145
 55 -2 -2 155
 55 1 -2 158
 55 -1 -2 237
 55 2 -2 139
 5 1 -3 239
 55 -2 -3 252
 5 3 -3 220
 55 3 2 264
 55 -3 -3 155
 55 -2 0 284
 55 1 -4 190
 "contig-ratio-green-core" 0.8
 "contig-ratio-red-core" 0.8666666666666667
 "a-count" 2
 "b-count" 5
 "c-color-count" 23
 "c-express-count" 23
 "d-color-count" 27
 "d-express-count" 26
 "cell-count" 56
 15 4 0 201
 15 0 4 101
 15 2 1 68
 15 -1 0 336
 15 3 0 264
 15 -1 -1 331
 15 1 -1 302
 15 -2 -3 354
 15 -2 2 12
 15 -3 2 31
 15 0 -1 171
 15 0 0 81
 15 4 -1 172
 15 1 1 327
 15 -1 1 238
 15 2 0 86
 105 2 -3 349
 15 1 3 169
 15 0 1 210
 15 -2 -1 93
 15 -1 -3 196
 15 -1 2 23
 15 -2 -2 148
 15 3 -2 348
 15 2 -1 109
 15 -1 3 174
 15 1 0 326
 15 -2 3 303
 55 -3 -1 61
 55 2 2 337
 55 2 3 166
 5 -3 -3 195
 55 -3 0 115
 55 1 -4 331
 5 0 3 358
 55 1 2 145
 5 0 -4 136
 55 -2 4 1
 55 3 2 6
 55 1 -3 95
 55 3 1 180
 55 0 -3 274
 55 2 -2 133
 55 1 -2 298
 55 -4 0 178
 5 -4 1 188
 55 -2 1 321
 55 -3 -2 61
 55 4 1 79
 55 -3 1 201
 55 -3 3 182
 55 -1 -2 192
 55 -2 0 15
 55 0 -2 146
 5 3 3 61
 55 -1 4 272
 "contig-ratio-green-core" 1.0526315789473684
 "contig-ratio-red-core" 0.8421052631578947
