 "a-count" 10
 "b-count" 4
 "c-color-count" 25
 "c-express-count" 24
 "d-color-count" 19
 "d-express-count" 18
 "cell-count" 56
 15 -4 -1 151
 15 -1 -4 58
 15 -2 -3 303
 15 1 3 354
 15 3 1 289
 15 3 -1 10
 105 1 4 242
 15 2 2 164
 15 3 0 258
 15 -1 -2 43
 105 -4 1 107
 15 -2 3 334
 15 3 -2 246
 15 -1 -3 206
 105 -3 3 190
 105 -2 2 86
 15 1 2 210
 105 1 -4 287
 15 -2 -2 141
 15 3 -3 46
 105 0 4 231
 105 -3 -1 312
 15 0 -3 250
 15 0 3 112
 15 -1 3 326
 105 4 1 296
 105 -4 0 288
 15 3 -1 278
 55 2 1 113
 55 3 3 117
 55 2 3 38
 55 -2 -1 149
 55 -1 1 192
 55 1 -2 195
 55 0 -1 263
 55 2 0 48
 55 -1 -1 328
 55 2 -2 6
 55 0 0 63
 55 1 0 197
 55 -1 0 144
 5 -3 -3 145
 55 -3 0 3
 55 -2 0 216
 55 1 -2 23
 55 1 -3 232
 55 -1 2 331
 55 2 -1 8
 55 0 1 67
 55 2 -1 273
 5 4 -1 153
 55 0 -2 174
 55 1 1 96
 55 1 -1 120
 5 2 -3 343
 55 0 2 7
 "contig-ratio-green-core" 0.7647058823529411
 "contig-ratio-red-core" 0.6153846153846154
 "a-count" 6
 "b-count" 5
 "c-color-count" 24
 "c-express-count" 23
 "d-color-count" 23
 "d-express-count" 22
 "cell-count" 56
 15 -3 1 212
 105 3 -3 302
 15 -1 2 24
 105 -4 1 224
 15 3 0 314
 15 4 -1 197
 15 0 -3 107
 105 3 -2 104
 15 -1 -3 38
 15 2 -2 164
 15 -2 0 229
 15 -3 0 166
 15 -3 -1 8
 105 2 3 321
 15 -4 0 126
 15 -3 -2 115
 105 -1 4 331
 15 0 -4 143
 15 3 -1 5
 15 -1 -4 241
 15 -3 3 153
 15 -3 2 33
 15 -2 -3 135
 15 1 -4 133
 15 3 3 40
 15 -2 2 170
 15 -2 -2 49
 15 1 -3 63
 55 -1 -1 223
 55 0 1 307
 55 1 1 140
 55 1 2 20
 55 -4 -1 28
 55 0 3 180
 55 4 1 351
 55 1 3 44
 55 0 -1 15
 5 -3 -3 70
 55 -1 3 32
 55 1 0 110
 55 2 1 305
 55 3 2 97
 55 1 -1 246
 55 -2 -1 164
 55 2 -1 111
 55 1 4 301
 55 -1 0 105
 55 -1 1 39
 55 0 0 171
 55 2 -3 329
 55 0 2 122
 55 0 -2 124
 5 1 -2 3
 55 3 1 89
 5 4 0 156
 5 2 2 197
 "contig-ratio-green-core" 0.5625
 "contig-ratio-red-core" 0.55
 "a-count" 6
 "b-count" 4
 "c-color-count" 24
 "c-express-count" 24
 "d-color-count" 23
 "d-express-count" 22
 "cell-count" 56
 15 0 -2 273
 15 -2 1 91
 15 3 -1 180
 15 1 3 212
 15 3 2 240
 105 2 2 45
 15 -2 -2 199
 15 -3 1 243
 15 -2 0 260
 15 3 3 62
 15 3 1 88
 15 2 -3 133
 105 0 -3 148
 15 -3 -1 357
 105 -2 -1 204
 15 -3 3 15
 15 2 3 93
 15 -1 -3 103
 15 1 -3 228
 105 0 -4 296
 105 4 -1 21
 15 -1 -4 264
 15 -2 -3 218
 15 3 0 27
 15 -1 -2 21
 15 1 4 73
 15 -3 0 77
 15 3 -2 34
 55 0 0 10
 55 0 4 145
 55 1 -1 235
 55 0 1 118
 55 2 0 141
 55 -1 2 69
 55 0 -1 170
 55 1 -2 133
 55 -4 -1 2
 55 1 1 266
 55 1 2 336
 55 -3 -3 325
 5 -4 1 267
 55 2 -2 179
 55 0 2 223
 55 -1 -1 252
 55 -3 2 308
 55 -1 1 322
 55 1 0 267
 5 3 -3 67
 55 2 -1 286
 5 -1 3 252
 5 -3 -2 73
 55 4 1 53
 55 -1 4 141
 55 -1 0 50
 55 -2 2 318
 55 0 3 307
 "contig-ratio-green-core" 0.9333333333333333
 "contig-ratio-red-core" 0.7777777777777778
 "a-count" 5
 "b-count" 4
 "c-color-count" 24
 "c-express-count" 24
 "d-color-count" 24
 "d-express-count" 23
 "cell-count" 56
 15 -2 -2 69
 15 1 -2 6
 15 2 -2 166
 15 0 4 264
 15 -2 -1 64
 105 3 -3 60
 15 -2 -3 335
 15 3 0 12
 15 1 5 18
 15 -1 4 200
 15 1 -3 256
 15 2 -3 230
 15 0 3 16
 15 2 -1 247
 15 -1 -4 35
 15 4 -1 159
 105 4 0 12
 15 -3 -3 118
 15 -4 -1 193
 15 2 -4 339
 15 4 2 40
 105 -2 3 221
 15 4 1 150
 105 -2 2 295
 15 3 3 142
 15 3 -1 266
 15 1 4 167
 15 3 -2 284
 55 -1 -1 102
 55 1 2 340
 55 1 1 82
 55 -1 0 230
 5 -1 -3 294
 5 -3 -1 191
 55 3 1 78
 55 0 -2 109
 55 -4 1 3
 55 -2 0 327
 55 0 0 108
 55 0 1 284
 5 0 -4 324
 55 -1 2 284
 55 0 -3 212
 55 -2 1 345
 55 0 2 274
 55 3 2 214
 55 1 0 38
 55 4 -2 55
 55 -3 3 155
 55 1 -1 273
 55 -1 1 10
 55 0 -1 44
 5 -3 1 238
 55 -1 -2 99
 55 2 1 274
 55 2 2 123
 "contig-ratio-green-core" 0.625
 "contig-ratio-red-core" 0.5625
