 "a-count" 5
 "b-count" 3
 "c-color-count" 27
 "c-express-count" 25
 "d-color-count" 24
 "d-express-count" 23
 "cell-count" 56
 15 -1 -3 290
 105 2 -3 131
 105 2 2 156
 15 -1 4 145
 15 -3 -3 223
 15 -4 0 134
 105 -1 -2 191
 15 1 4 224
 15 -2 -2 266
 15 0 4 198
 15 3 1 175
 15 4 1 79
 105 1 -4 201
 15 -2 -3 208
 15 3 -1 243
 15 0 3 343
 15 3 0 163
 15 3 2 54
 15 4 0 17
 15 3 -3 78
 15 -2 3 347
 15 2 -1 250
 15 2 -2 129
 15 -4 -2 305
 15 4 2 351
 15 -4 -1 167
 15 4 -1 336
 15 0 -4 101
 55 -3 2 87
 55 2 3 103
 55 3 -2 283
 55 1 1 108
 55 0 -1 329
 55 2 1 31
 55 1 3 332
 55 1 -1 285
 55 1 2 109
 5 -3 -2 343
 55 -1 0 285
 55 1 -2 221
 55 0 0 1
 55 -4 1 75
 55 -3 0 91
 55 -3 -1 220
 55 1 0 304
 55 2 0 11
 55 0 2 271
 55 -1 2 60
 55 -1 -1 336
 55 -2 0 37
 55 0 1 77
 55 -3 1 314
 55 -2 1 257
 55 -2 -1 302
 55 -2 2 300
 55 0 -2 178
 "contig-ratio-green-core" 0.5263157894736842
 "contig-ratio-red-core" 0.42857142857142855
 "a-count" 8
 "b-count" 5
 "c-color-count" 24
 "c-express-count" 23
 "d-color-count" 20
 "d-express-count" 20
 "cell-count" 56
 15 3 2 3
 15 -3 -3 336
 15 1 4 194
 15 3 -2 122
 15 -2 0 20
 105 -1 -3 244
 105 1 -2 336
 105 -4 -1 77
 15 -3 0 309
 15 -2 -4 277
 15 3 3 60
 105 1 -4 308
 15 2 -3 273
 15 2 -2 207
 15 -3 1 184
 15 2 3 43
 105 -4 1 45
 15 -2 3 71
 15 3 0 59
 15 -3 3 70
 105 -3 2 31
 15 -2 -3 41
 15 3 1 293
 105 -1 -4 283
 15 3 -1 249
 15 -2 1 341
 15 0 4 338
 105 0 -4 159
 5 -2 -2 124
 55 0 -1 185
 55 -1 -2 328
 55 0 0 98
 55 -2 2 95
 55 -1 -1 231
 55 -1 0 85
 55 2 2 118
 5 3 -3 59
 55 0 1 3
 55 2 1 44
 55 0 2 319
 55 0 -3 213
 55 0 -2 351
 5 4 0 207
 5 4 -1 176
 55 1 2 35
 55 2 -1 25
 55 2 0 296
 55 -1 1 280
 55 -3 -1 84
 55 1 3 234
 55 0 3 77
 55 -1 2 250
 55 1 -1 300
 55 -2 -1 267
 55 1 0 58
 55 1 1 213
 "contig-ratio-green-core" 0.75
 "contig-ratio-red-core" 0.6
 "a-count" 5
 "b-count" 7
 "c-color-count" 21
 "c-express-count" 21
 "d-color-count" 23
 "d-express-count" 23
 "cell-count" 56
 15 2 -2 194
 15 -1 -2 215
 15 -1 4 47
 105 -3 1 164
 15 2 -3 70
 105 1 4 12
 105 -3 -2 23
 15 1 -3 267
 15 -2 -1 334
 15 1 -4 295
 105 4 -1 186
 15 -4 -1 217
 15 -2 -3 84
 15 -3 3 313
 15 2 3 137
 105 3 2 242
 15 2 2 65
 15 -3 -1 21
 15 0 -2 211
 15 -2 -2 312
 15 -1 -1 199
 15 -4 1 175
 15 4 0 95
 15 0 -3 57
 15 1 3 55
 15 3 0 340
 15 3 -1 319
 15 0 3 216
 55 0 0 320
 55 1 1 52
 5 3 -3 119
 55 2 -1 330
 55 -1 3 111
 55 2 1 214
 55 1 -2 76
 55 0 -1 178
 55 -2 1 66
 55 2 0 309
 55 0 1 238
 5 4 1 357
 55 3 1 295
 5 -4 0 279
 55 1 2 57
 5 -1 1 121
 55 -2 2 100
 55 -2 0 175
 55 1 -1 238
 55 -1 -3 114
 55 0 2 234
 55 -3 2 321
 55 -1 2 203
 5 -2 4 348
 55 -1 0 153
 5 3 -2 106
 5 0 -4 304
 55 1 0 138
 "contig-ratio-green-core" 0.9230769230769231
 "contig-ratio-red-core" 0.6
 "a-count" 8
 "b-count" 5
 "c-color-count" 23
 "c-express-count" 23
 "d-color-count" 22
 "d-express-count" 20
 "cell-count" 56
 15 3 1 139
 105 -4 1 359
 105 -3 1 188
 15 1 3 323
 15 2 3 94
 15 -2 -3 221
 105 1 2 339
 15 3 -3 358
 15 -1 4 132
 15 -3 2 58
 15 -2 3 19
 15 2 -2 168
 15 -3 -2 322
 15 -2 1 201
 15 3 -1 32
 15 -2 -2 186
 15 3 0 11
 15 -4 2 176
 15 1 -4 128
 15 -3 -3 349
 15 3 2 259
 15 2 1 189
 105 0 4 3
 105 4 0 166
 105 -3 3 239
 15 2 2 0
 15 -2 2 100
 15 3 3 143
 55 -4 0 253
 5 -2 -1 164
 55 1 0 275
 55 0 -1 84
 55 -1 1 197
 55 -1 -2 89
 5 1 -3 331
 55 -3 0 3
 55 2 -1 160
 55 0 0 262
 55 -3 -1 169
 55 0 -2 309
 5 1 4 231
 55 0 2 85
 55 1 1 343
 55 3 -2 217
 55 1 -2 169
 55 0 -3 262
 55 -1 0 319
 55 0 1 234
 55 -2 0 329
 5 4 1 237
 55 -1 2 320
 55 0 3 180
 55 1 -1 108
 5 -1 -1 99
 55 -1 -3 183
 55 2 0 325
 "contig-ratio-green-core" 0.6666666666666666
 "contig-ratio-red-core" 0.6470588235294118
