 "a-count" 11
 "b-count" 3
 "c-color-count" 25
 "c-express-count" 25
 "d-color-count" 20
 "d-express-count" 17
 "cell-count" 56
 105 3 -1 124
 15 4 1 90
 15 2 -2 23
 15 3 2 283
 105 -4 0 201
 15 -3 -1 140
 15 4 2 65
 15 2 3 150
 15 -1 -2 253
 15 2 -4 269
 15 -2 -2 82
 15 3 -2 218
 105 1 4 42
 15 -3 1 249
 15 0 3 119
 15 -1 -3 243
 15 -1 3 304
 15 -2 3 281
 15 -3 0 119
 105 -2 -3 226
 15 4 0 122
 105 -3 2 285
 105 3 -3 225
 15 2 -3 335
 15 -1 -4 232
 15 -2 2 312
 105 3 0 191
 105 2 2 116
 55 0 -3 195
 55 -1 2 222
 55 -3 -3 200
 55 2 1 124
 55 1 0 229
 55 0 0 56
 55 1 2 131
 5 3 3 355
 55 1 -2 218
 55 1 -1 230
 55 -1 0 216
 55 0 -1 313
 55 2 0 1
 55 -1 -1 92
 5 1 -4 185
 55 0 2 132
 55 -1 1 221
 55 0 1 21
 55 -2 1 302
 55 1 3 143
 55 0 -4 91
 55 1 1 308
 55 -2 0 101
 55 -3 -2 232
 55 2 -1 54
 5 -4 -1 287
 55 0 4 24
 55 0 -2 317
 "contig-ratio-green-core" 0.7333333333333333
 "contig-ratio-red-core" 0.8125
 "a-count" 6
 "b-count" 2
 "c-color-count" 26
 "c-express-count" 26
 "d-color-count" 23
 "d-express-count" 22
 "cell-count" 56
 15 1 -4 332
 15 -2 2 224
 15 3 -2 27
 15 -1 3 127
 15 4 -1 297
 15 3 1 54
 15 4 1 306
 15 -3 2 101
 15 3 2 99
 15 -3 0 295
 105 2 -3 169
 15 0 -4 249
 15 3 3 95
 15 -2 0 81
 105 -3 1 317
 15 2 -4 325
 105 -2 -3 326
 15 -4 0 118
 15 -3 -2 302
 105 4 0 255
 105 -4 -1 276
 15 3 -3 126
 15 -1 2 60
 15 2 3 131
 15 -3 3 347
 15 2 -2 234
 15 -3 -1 185
 15 2 -1 271
 55 -1 -4 237
 5 0 2 55
 55 1 0 214
 55 0 -3 27
 55 -1 -1 121
 55 3 0 134
 55 1 -3 27
 55 -1 0 252
 55 0 0 224
 55 -2 -2 23
 55 2 1 34
 55 0 4 173
 55 1 3 325
 55 0 -2 208
 55 1 -1 210
 55 1 4 175
 5 0 3 178
 55 1 2 131
 55 -1 1 168
 55 -1 -2 25
 55 2 2 331
 55 -1 4 267
 55 -1 -3 39
 55 1 -2 171
 55 3 -1 120
 55 2 0 153
 55 1 1 40
 55 -2 -1 196
 "contig-ratio-green-core" 0.6666666666666666
 "contig-ratio-red-core" 0.7894736842105263
 "a-count" 4
 "b-count" 4
 "c-color-count" 26
 "c-express-count" 24
 "d-color-count" 25
 "d-express-count" 24
 "cell-count" 56
 105 -4 1 152
 15 4 1 176
 15 1 -2 348
 15 3 2 318
 15 0 -3 194
 15 0 3 52
 15 1 -3 122
 15 -4 0 320
 15 -2 3 273
 15 0 2 203
 15 0 -2 65
 105 -3 3 70
 15 4 0 16
 15 1 3 133
 15 -1 -2 252
 15 -1 2 276
 15 -1 4 19
 15 0 -4 271
 15 1 4 277
 105 -1 -3 79
 15 -1 3 109
 15 -3 0 241
 15 3 -3 57
 15 2 -3 332
 15 2 -2 150
 15 -2 -2 100
 15 -3 1 279
 15 0 4 338
 55 3 1 65
 55 -1 -4 25
 55 0 0 289
 55 -2 -3 90
 55 2 2 359
 55 1 -4 229
 55 -3 -1 352
 55 -2 0 26
 55 -2 1 261
 55 -1 0 314
 55 1 1 345
 55 1 -1 82
 55 1 2 197
 55 3 -2 279
 5 3 -1 220
 55 0 1 45
 55 -2 -1 101
 55 -1 1 328
 55 2 -1 160
 55 2 1 294
 55 -1 -1 263
 5 4 -1 161
 55 3 0 280
 55 2 0 116
 55 1 0 16
 55 0 -1 357
 55 -2 2 306
 55 -3 -2 18
 "contig-ratio-green-core" 0.8823529411764706
 "contig-ratio-red-core" 0.95
