 "a-count" 2
 "b-count" 0
 "c-color-count" 28
 "c-express-count" 28
 "d-color-count" 26
 "d-express-count" 26
 "cell-count" 56
 15 3 -2 2
 15 -4 0 111
 105 -3 -3 93
 15 4 -1 170
 15 -3 -2 319
 15 -2 2 92
 15 2 3 68
 15 -2 -3 249
 15 3 -3 289
 15 0 -4 75
 15 0 2 174
 15 4 0 101
 105 -1 4 317
 15 -1 -2 338
 15 1 -3 301
 15 0 4 55
 15 -2 -2 216
 15 0 -3 38
 15 -1 2 320
 15 0 3 263
 15 2 -3 349
 15 -1 -3 116
 15 -4 -1 191
 15 -1 3 204
 15 4 1 242
 15 1 4 285
 15 3 -1 151
 15 -2 3 26
 55 -4 1 171
 55 -1 -4 141
 55 1 -2 267
 55 -1 -1 298
 55 0 1 27
 55 2 0 355
 55 -3 -1 164
 55 -2 1 275
 55 0 -2 205
 55 -2 0 179
 55 3 1 143
 55 -2 -1 67
 55 2 1 264
 55 -1 1 76
 55 1 3 34
 55 0 -1 84
 55 -3 0 69
 55 -3 1 339
 55 2 -2 220
 55 3 2 61
 55 1 1 187
 55 1 0 245
 55 2 -1 296
 55 0 0 107
 55 1 -1 163
 55 2 2 254
 55 1 2 109
 55 -1 0 258
 "contig-ratio-green-core" 0.8947368421052632
 "contig-ratio-red-core" 0.7
 "a-count" 3
 "b-count" 0
 "c-color-count" 28
 "c-express-count" 28
 "d-color-count" 25
 "d-express-count" 25
 "cell-count" 56
 15 0 4 336
 15 -3 1 105
 15 4 2 64
 105 -4 1 55
 105 4 -1 249
 15 -4 -1 147
 15 0 3 341
 15 3 1 12
 15 -1 3 168
 15 4 0 174
 15 -3 2 332
 15 1 -4 69
 15 -2 -2 134
 15 -2 2 307
 15 3 -1 94
 15 -3 -1 164
 15 2 3 223
 15 3 0 193
 15 4 1 119
 15 -2 3 228
 15 1 3 260
 105 1 4 124
 15 -2 -3 58
 15 -1 4 213
 15 -1 -2 89
 15 -1 -3 147
 15 3 -2 112
 15 -3 0 325
 55 0 -3 246
 55 1 -2 308
 55 2 2 116
 55 1 0 216
 55 1 -1 31
 55 0 -1 44
 55 -1 1 305
 55 -1 0 22
 55 2 -2 296
 55 1 -3 201
 55 0 -2 192
 55 -3 3 166
 55 -2 0 83
 55 2 1 42
 55 1 1 77
 55 0 1 207
 55 -2 -1 168
 55 -1 -1 292
 55 -1 2 294
 55 -2 1 254
 55 0 2 247
 55 1 2 287
 55 0 -4 73
 55 2 0 291
 55 2 -1 45
 55 -1 -4 13
 55 3 2 20
 55 2 -3 295
 "contig-ratio-green-core" 0.7391304347826086
 "contig-ratio-red-core" 0.6956521739130435
 "a-count" 1
 "b-count" 0
 "c-color-count" 28
 "c-express-count" 28
 "d-color-count" 28
 "d-express-count" 27
 "cell-count" 56
 15 2 -4 168
 15 -4 0 135
 15 0 -3 324
 15 1 -3 55
 15 -4 1 350
 15 -4 -2 276
 15 -3 2 152
 15 1 3 161
 15 1 2 69
 15 -2 3 71
 15 -2 0 278
 15 -5 1 50
 15 3 -3 211
 15 -1 3 30
 15 -4 3 36
 15 0 4 270
 15 -2 1 313
 15 4 -3 42
 15 3 -4 343
 15 -3 1 345
 15 -2 2 33
 15 2 4 32
 15 -1 4 269
 15 2 -3 8
 15 0 2 124
 15 2 3 61
 15 -4 -1 50
 15 -1 2 64
 55 -1 0 221
 55 0 -2 281
 55 -3 -3 108
 55 1 0 308
 55 1 -1 224
 55 -2 -2 242
 55 2 -2 69
 55 0 -1 70
 55 2 -1 140
 55 3 2 238
 55 3 1 328
 55 -2 -1 97
 55 -2 -3 348
 55 -1 1 27
 55 -1 1 205
 55 0 1 297
 55 4 0 109
 55 1 1 332
 55 1 -2 46
 55 -1 -1 174
 55 -3 3 110
 55 2 0 202
 55 -1 -2 352
 55 2 1 1
 55 4 -1 322
 55 0 0 146
 55 -1 -4 333
 55 -1 -3 210
 "contig-ratio-green-core" 0.38095238095238093
 "contig-ratio-red-core" 0.4090909090909091
 "a-count" 2
 "b-count" 0
 "c-color-count" 28
 "c-express-count" 28
 "d-color-count" 26
 "d-express-count" 26
 "cell-count" 56
 15 4 1 3
 105 0 -4 51
 15 0 -2 339
 15 -2 3 290
 15 1 3 38
 15 -1 4 63
 15 3 1 250
 15 3 3 160
 15 0 5 295
 15 -2 -3 179
 15 0 3 113
 15 -4 1 277
 15 2 -2 31
 15 2 -1 325
 15 -1 -4 53
 15 1 -2 24
 15 -1 3 36
 15 3 0 299
 15 -4 -1 111
 15 0 -3 146
 105 2 -3 352
 15 -4 0 280
 15 4 0 316
 15 -1 -3 184
 15 4 -1 313
 15 3 -1 148
 15 0 4 331
 15 3 -2 345
 55 -3 -3 86
 55 2 0 170
 55 -1 2 188
 55 1 0 220
 55 2 2 71
 55 0 1 32
 55 -2 1 260
 55 2 1 43
 55 -1 -1 341
 55 -1 -2 258
 55 -3 -1 280
 55 -3 2 84
 55 1 -1 4
 55 -2 -1 64
 55 2 3 271
 55 -2 0 216
 55 -1 0 151
 55 1 4 119
 55 1 2 201
 55 0 2 150
 55 1 1 214
 55 0 0 264
 55 0 -1 47
 55 -3 1 294
 55 -3 0 103
 55 3 2 346
 55 -3 -2 202
 55 -2 2 314
 "contig-ratio-green-core" 0.7368421052631579
 "contig-ratio-red-core" 0.7142857142857143
