 "a-count" 2
 "b-count" 0
 "c-color-count" 28
 "c-express-count" 28
 "d-color-count" 26
 "d-express-count" 26
 "cell-count" 56
 15 1 -5 24
 15 -2 -4 151
 15 -4 0 215
 15 -1 2 98
 15 -1 -3 272
 15 -2 -3 199
 105 0 -4 299
 15 4 0 121
 105 -4 -1 230
 15 0 2 356
 15 3 0 247
 15 -1 3 42
 15 -1 -4 49
 15 -3 0 89
 15 1 -4 34
 15 3 1 66
 15 -2 2 320
 15 -1 4 345
 15 -3 -1 183
 15 -2 4 72
 15 0 3 225
 15 1 -3 186
 15 3 -2 160
 15 1 3 87
 15 -4 1 34
 15 3 -1 198
 15 0 -3 202
 15 -2 3 218
 55 2 1 9
 55 2 -2 97
 55 2 -1 63
 55 -3 -2 59
 55 -2 0 174
 55 -1 -1 16
 55 -3 1 176
 55 0 0 175
 55 2 2 292
 55 0 -1 89
 55 1 0 111
 55 0 1 336
 55 -1 0 345
 55 1 -2 348
 55 -2 -1 50
 55 1 2 137
 55 0 -2 34
 55 2 3 100
 55 3 2 345
 55 -3 2 101
 55 1 1 155
 55 -1 -2 305
 55 -2 -2 178
 55 2 0 243
 55 -1 1 357
 55 2 4 191
 55 -2 1 20
 55 4 -1 254
 "contig-ratio-green-core" 0.6842105263157895
 "contig-ratio-red-core" 0.7916666666666666
 "a-count" 2
 "b-count" 0
 "c-color-count" 28
 "c-express-count" 28
 "d-color-count" 26
 "d-express-count" 26
 "cell-count" 56
 15 3 0 128
 15 3 3 233
 15 3 2 165
 15 0 4 204
 15 -3 -1 343
 15 0 3 265
 15 1 -2 245
 105 -1 3 354
 15 1 3 210
 15 3 1 313
 15 2 0 10
 15 2 3 66
 105 -1 4 9
 15 -2 1 61
 15 -1 2 267
 15 2 -2 154
 15 -3 0 48
 15 3 -1 2
 15 -2 3 214
 15 -3 1 118
 15 2 -1 21
 15 -2 2 44
 15 1 -4 72
 15 2 -3 199
 15 1 -3 54
 15 0 -4 110
 15 -3 2 75
 15 -1 -4 278
 55 1 1 275
 55 0 -3 70
 55 1 2 196
 55 -1 0 292
 55 4 0 69
 55 0 -2 67
 55 2 1 242
 55 -2 -2 25
 55 0 -1 318
 55 -1 -2 137
 55 -1 1 65
 55 -4 0 284
 55 0 0 348
 55 -1 -1 37
 55 2 2 20
 55 1 -1 4
 55 0 2 9
 55 1 4 303
 55 0 1 135
 55 -1 -1 331
 55 -3 -2 242
 55 4 -1 96
 55 1 0 271
 55 -3 3 308
 55 -1 0 145
 55 -1 -3 192
 55 -2 0 242
 55 -2 -1 21
 "contig-ratio-green-core" 1.0625
 "contig-ratio-red-core" 0.7894736842105263
 "a-count" 0
 "b-count" 0
 "c-color-count" 28
 "c-express-count" 28
 "d-color-count" 28
 "d-express-count" 28
 "cell-count" 56
 15 4 2 71
 15 2 -1 96
 15 -1 4 255
 15 -2 -3 215
 15 2 -2 161
 15 2 0 57
 15 3 1 221
 15 3 -1 18
 15 -2 4 231
 15 4 1 41
 15 3 2 269
 15 -3 -3 98
 15 3 -2 18
 15 4 0 270
 15 -1 -4 109
 15 4 -1 99
 15 -1 -2 144
 15 3 -3 251
 15 -1 3 206
 15 -1 -3 266
 15 0 -4 310
 15 -3 2 6
 15 0 -3 74
 15 -2 3 45
 15 0 4 315
 15 1 4 94
 15 -2 -2 54
 15 -4 2 327
 55 2 1 12
 55 -1 0 107
 55 1 2 11
 55 -3 -1 227
 55 1 1 122
 55 1 -1 59
 55 1 3 14
 55 -2 -4 256
 55 0 0 161
 55 0 3 110
 55 -2 1 320
 55 1 -3 126
 55 2 2 263
 55 1 -2 154
 55 -2 0 188
 55 0 1 9
 55 -2 2 343
 55 0 2 214
 55 -3 1 53
 55 0 -1 10
 55 -2 -1 74
 55 -1 1 53
 55 -4 0 275
 55 -1 -1 359
 55 -1 2 35
 55 1 0 326
 55 -3 0 185
 55 0 -2 98
 "contig-ratio-green-core" 0.8125
 "contig-ratio-red-core" 0.6
