 "a-count" 2
 "b-count" 0
 "c-color-count" 28
 "c-express-count" 28
 "d-color-count" 26
 "d-express-count" 26
 "cell-count" 56
 15 -3 0 92
 15 2 -4 317
 15 -3 -3 199
 15 -2 0 297
 105 3 -3 172
 15 4 -1 201
 15 3 3 143
 15 -1 0 356
 15 -3 1 323
 15 0 4 286
 15 -3 -1 202
 15 -3 2 321
 15 -2 1 3
 15 -3 -2 264
 15 2 -3 206
 15 3 1 232
 15 -3 3 3
 15 4 0 125
 15 3 -1 297
 15 3 2 176
 105 3 -2 273
 15 2 -1 139
 15 4 1 53
 15 -4 1 76
 15 2 -2 31
 15 3 0 274
 15 2 3 95
 15 -2 -1 132
 55 2 1 88
 55 -1 4 237
 55 0 1 30
 55 2 2 23
 55 -1 3 197
 55 1 -2 31
 55 0 2 326
 55 0 -4 228
 55 -4 -1 240
 55 -1 -3 283
 55 0 -1 263
 55 -2 2 95
 55 1 1 298
 55 1 -3 80
 55 1 2 128
 55 1 -1 107
 55 1 0 40
 55 1 3 101
 55 -1 -2 133
 55 0 0 238
 55 0 3 50
 55 -1 2 28
 55 0 -3 305
 55 1 -4 285
 55 0 -1 113
 55 0 -2 49
 55 -1 1 177
 55 2 0 330
 "contig-ratio-green-core" 0.631578947368421
 "contig-ratio-red-core" 0.631578947368421
 "a-count" 4
 "b-count" 0
 "c-color-count" 28
 "c-express-count" 28
 "d-color-count" 25
 "d-express-count" 24
 "cell-count" 56
 15 -3 1 278
 15 -4 1 165
 15 4 0 225
 15 -1 2 228
 15 -3 -1 111
 15 -2 2 350
 15 -1 -3 253
 15 3 -1 39
 15 0 3 117
 15 -3 0 264
 15 -2 -3 237
 105 -3 2 201
 15 0 -4 165
 15 -3 -3 128
 15 4 1 102
 15 -2 1 248
 105 4 -1 86
 15 -3 -4 226
 15 3 0 94
 15 3 -2 223
 15 1 -3 357
 15 -4 -1 40
 15 -2 1 220
 15 -1 3 144
 15 -1 -4 22
 15 0 -3 25
 105 -4 0 262
 15 -3 -2 185
 55 2 -1 314
 55 -2 -1 164
 55 2 2 238
 55 1 -1 80
 55 1 -2 348
 55 2 -3 153
 55 -1 -1 91
 55 2 0 272
 55 2 1 133
 55 3 1 274
 55 1 0 311
 55 1 1 341
 55 1 1 118
 55 2 -2 310
 55 -1 0 36
 55 -1 1 340
 55 0 -1 164
 55 0 -1 236
 55 -2 -2 279
 55 0 2 224
 55 -2 0 253
 55 -1 -2 262
 55 0 -2 207
 55 -1 -1 306
 55 1 2 193
 55 0 0 120
 55 0 1 177
 55 2 1 49
 "contig-ratio-green-core" 1
 "contig-ratio-red-core" 0.5454545454545454
 "a-count" 1
 "b-count" 0
 "c-color-count" 28
 "c-express-count" 28
 "d-color-count" 27
 "d-express-count" 27
 "cell-count" 56
 15 3 0 135
 15 -4 2 49
 15 0 3 208
 15 1 4 91
 15 -4 0 233
 15 1 -3 346
 15 -2 -3 327
 15 4 -1 10
 15 0 -4 94
 15 2 2 32
 15 1 -4 128
 15 3 -1 175
 15 3 -3 301
 15 -4 -1 348
 15 -1 3 345
 15 -3 2 204
 15 2 -3 255
 15 -1 -4 192
 15 0 4 92
 15 -2 3 90
 15 -3 -3 97
 15 0 2 54
 15 -4 1 301
 15 1 3 197
 15 3 1 138
 105 2 3 272
 15 -3 1 296
 15 1 2 153
 55 -1 1 271
 55 0 -1 108
 55 -2 -2 226
 55 -2 1 146
 55 1 0 174
 55 0 -2 221
 55 -3 3 338
 55 -1 2 153
 55 -1 4 184
 55 -1 -1 22
 55 -1 0 173
 55 2 0 134
 55 -3 0 70
 55 -1 -2 268
 55 1 -2 232
 55 -3 -1 171
 55 2 1 144
 55 -2 -1 313
 55 1 -1 94
 55 2 -2 43
 55 0 0 104
 55 2 -1 309
 55 -2 0 53
 55 1 1 179
 55 0 1 302
 55 -2 2 205
 55 -1 -3 343
 55 0 -3 274
 "contig-ratio-green-core" 1.1333333333333333
 "contig-ratio-red-core" 0.75
