 "a-count" 3
 "b-count" 0
 "c-color-count" 28
 "c-express-count" 28
 "d-color-count" 25
 "d-express-count" 25
 "cell-count" 56
 15 1 2 104
 15 -2 -3 277
 15 0 -4 165
 15 -3 2 125
 15 -2 2 199
 105 3 -3 81
 15 -1 -4 125
 15 2 2 179
 105 1 4 285
 15 -2 -4 60
 15 0 3 121
 15 -2 3 115
 15 -4 -2 183
 15 2 -3 238
 15 3 -2 176
 15 -3 -1 65
 15 -3 0 219
 15 1 -4 301
 15 1 3 41
 15 -1 -3 289
 15 -3 1 164
 15 -3 -3 39
 15 -1 3 322
 15 2 -4 30
 15 -2 -2 88
 15 -3 -2 150
 105 -4 -1 236
 15 2 -2 108
 55 1 1 172
 55 1 -3 61
 55 0 4 355
 55 -1 -1 119
 55 4 0 321
 55 4 1 62
 55 2 -1 258
 55 0 -1 154
 55 3 2 71
 55 0 -2 163
 55 1 0 340
 55 -1 -2 188
 55 -1 2 305
 55 -2 1 35
 55 3 3 250
 55 2 1 156
 55 -1 0 253
 55 3 1 57
 55 0 0 74
 55 0 1 184
 55 -1 1 121
 55 1 -1 260
 55 0 2 125
 55 3 0 42
 55 2 0 195
 55 -2 0 232
 55 1 -2 70
 55 0 -3 211
 "contig-ratio-green-core" 0.8125
 "contig-ratio-red-core" 0.6470588235294118
 "a-count" 3
 "b-count" 0
 "c-color-count" 28
 "c-express-count" 28
 "d-color-count" 25
 "d-express-count" 25
 "cell-count" 56
 15 -3 2 163
 15 0 4 153
 15 4 1 87
 15 -1 -4 208
 15 3 -1 355
 15 -3 -3 18
 15 -2 -4 210
 15 -2 1 291
 15 4 -1 39
 15 3 -2 16
 15 -4 0 47
 105 -3 1 1
 15 -4 -1 164
 15 3 2 327
 15 3 -3 38
 15 0 -4 178
 105 4 0 226
 15 2 3 66
 15 -2 3 116
 15 -1 4 309
 15 2 -2 319
 15 3 0 134
 15 -2 -3 331
 15 3 1 217
 105 -4 1 213
 15 1 4 229
 15 -2 2 215
 15 -3 0 339
 55 -1 -3 203
 55 -2 -1 222
 55 1 -2 60
 55 -1 -2 95
 55 1 1 312
 55 0 2 159
 55 0 -1 217
 55 -2 0 11
 55 0 1 315
 55 2 2 292
 55 0 3 8
 55 -1 -1 212
 55 1 2 106
 55 2 -1 114
 55 1 0 338
 55 1 3 185
 55 -1 2 190
 55 2 0 81
 55 -3 -1 294
 55 2 1 192
 55 -1 3 22
 55 -2 -2 49
 55 -1 0 354
 55 0 0 2
 55 1 -1 81
 55 0 -2 155
 55 -1 1 188
 55 3 3 92
 "contig-ratio-green-core" 1.0666666666666667
 "contig-ratio-red-core" 0.6363636363636364
 "a-count" 0
 "b-count" 0
 "c-color-count" 28
 "c-express-count" 28
 "d-color-count" 28
 "d-express-count" 28
 "cell-count" 56
 15 0 -3 47
 15 2 -2 100
 15 0 3 70
 15 3 -1 231
 15 3 0 174
 15 2 3 214
 15 -2 -2 200
 15 -1 -2 5
 15 -4 1 24
 15 3 2 96
 15 -1 4 151
 15 4 -1 28
 15 1 -2 278
 15 -1 -4 36
 15 -1 -3 64
 15 0 4 191
 15 -3 2 112
 15 0 -2 216
 15 -2 -3 301
 15 2 -1 285
 15 -3 2 41
 15 -2 -4 112
 15 4 0 128
 15 2 2 252
 15 1 3 124
 15 1 -3 80
 15 -3 2 325
 15 -4 0 203
 55 3 -2 153
 55 -2 -1 22
 55 0 1 5
 55 1 1 42
 55 -4 -1 264
 55 -2 1 342
 55 -3 0 243
 55 2 1 148
 55 -3 -1 284
 55 -4 2 9
 55 1 0 338
 55 -3 3 129
 55 0 2 229
 55 1 -4 105
 55 3 3 54
 55 -3 1 44
 55 -2 3 269
 55 -1 1 210
 55 0 -4 202
 55 1 2 320
 55 -2 2 312
 55 0 -1 297
 55 -2 0 210
 55 1 -1 173
 55 -1 3 225
 55 -1 0 83
 55 -3 -2 156
 55 0 0 284
 "contig-ratio-green-core" 0.8888888888888888
 "contig-ratio-red-core" 0.6956521739130435
 "a-count" 3
 "b-count" 0
 "c-color-count" 28
 "c-express-count" 28
 "d-color-count" 26
 "d-express-count" 25
 "cell-count" 56
 15 -2 -3 334
 15 0 4 92
 15 3 -2 139
 15 3 -3 190
 15 4 -1 20
 15 -4 -1 249
 15 2 -3 26
 15 -3 -3 329
 15 -3 -1 188
 15 -3 2 130
 15 -1 4 146
 15 3 0 70
 15 -4 2 35
 15 -1 -3 132
 15 -3 3 211
 15 -3 0 67
 15 1 -3 153
 15 1 4 224
 15 -2 3 332
 15 0 -3 156
 105 0 -4 289
 15 -2 -2 317
 15 3 -1 310
 15 4 0 228
 15 -4 0 326
 15 4 1 137
 15 -3 -2 161
 105 -1 -4 200
 55 2 3 45
 55 -2 1 295
 55 1 1 61
 55 0 2 302
 55 -2 4 282
 55 -1 0 228
 55 0 -1 190
 55 2 0 336
 55 -1 -1 82
 55 -2 0 359
 55 -2 -1 311
 55 1 -2 16
 55 1 3 215
 55 -1 2 339
 55 0 -2 345
 55 2 -1 93
 55 2 2 258
 55 -2 2 238
 55 1 2 77
 55 0 1 27
 55 -1 3 108
 55 -1 1 112
 55 2 1 274
 55 0 0 343
 55 1 0 80
 55 1 -1 258
 55 0 3 141
 55 -1 -2 316
 "contig-ratio-green-core" 0.8666666666666667
 "contig-ratio-red-core" 0.45454545454545453
