 "a-count" 3
 "b-count" 0
 "c-color-count" 28
 "c-express-count" 28
 "d-color-count" 25
 "d-express-count" 25
 "cell-count" 56
 15 -3 1 109
 15 -1 -4 35
 15 0 -3 236
 15 -1 -3 89
 15 -2 3 218
 15 -3 -1 304
 15 3 3 196
 15 3 -1 8
 15 -3 3 210
 15 -4 -1 260
 15 3 1 183
 15 -3 -2 297
 105 2 -3 193
 15 2 -2 156
 15 -3 0 14
 15 -4 0 321
 15 3 -2 251
 15 1 -3 189
 105 -4 1 203
 105 1 -4 320
 15 -1 3 323
 15 0 -4 250
 15 -2 -3 353
 15 0 4 161
 15 3 0 230
 15 -3 2 217
 15 3 2 63
 15 -1 4 309
 55 1 0 9
 55 -1 1 79
 55 0 -1 331
 55 0 2 351
 55 1 -1 358
 55 -2 1 46
 55 -1 -1 30
 55 1 4 200
 55 2 -1 351
 55 2 1 187
 55 1 2 256
 55 1 -2 223
 55 -2 0 175
 55 2 1 348
 55 2 2 159
 55 -2 -2 305
 55 -2 -1 36
 55 1 1 291
 55 1 3 44
 55 2 2 44
 55 2 0 346
 55 0 3 175
 55 0 1 61
 55 2 3 283
 55 0 -2 288
 55 -1 -2 78
 55 -2 2 341
 55 -3 -3 75
 "contig-ratio-green-core" 0.8095238095238095
 "contig-ratio-red-core" 0.631578947368421
 "a-count" 1
 "b-count" 0
 "c-color-count" 28
 "c-express-count" 28
 "d-color-count" 27
 "d-express-count" 27
 "cell-count" 56
 15 -2 -2 104
 15 -2 0 261
 15 3 -2 335
 15 2 2 134
 15 3 2 119
 15 -3 2 176
 15 -2 1 296
 15 -2 -3 161
 15 -3 0 338
 15 -3 1 157
 15 4 2 209
 15 1 3 25
 15 -1 -3 103
 15 3 -1 186
 15 -3 -1 128
 15 0 -4 272
 15 -1 4 155
 105 -1 -4 154
 15 3 -3 344
 15 -2 2 75
 15 0 3 220
 15 0 -3 265
 15 0 4 247
 15 1 4 294
 15 4 -1 214
 15 -2 -1 339
 15 -3 -2 36
 15 -1 3 84
 55 1 -2 191
 55 0 -1 122
 55 -1 0 43
 55 2 0 256
 55 2 -3 192
 55 2 1 143
 55 -3 -3 256
 55 -3 3 97
 55 0 0 215
 55 2 -1 227
 55 1 0 176
 55 -1 -2 252
 55 2 -2 147
 55 0 1 69
 55 3 0 302
 55 0 2 197
 55 1 2 143
 55 -1 1 282
 55 4 0 195
 55 -1 2 63
 55 0 -2 126
 55 -2 3 174
 55 4 1 294
 55 -1 -1 40
 55 1 1 127
 55 1 -1 73
 55 3 1 189
 55 2 -4 51
 "contig-ratio-green-core" 0.8947368421052632
 "contig-ratio-red-core" 0.68
 "a-count" 1
 "b-count" 0
 "c-color-count" 28
 "c-express-count" 28
 "d-color-count" 27
 "d-express-count" 27
 "cell-count" 56
 105 4 -1 75
 15 1 -3 145
 15 4 0 261
 15 -3 -1 296
 15 1 4 217
 15 3 1 314
 15 4 1 133
 15 3 -1 207
 15 2 2 294
 15 5 1 75
 15 3 -2 234
 15 3 2 107
 15 2 -3 76
 15 2 -2 338
 15 -1 4 343
 15 0 -3 128
 15 -4 2 164
 15 3 -3 173
 15 0 4 30
 15 -3 3 175
 15 2 -4 318
 15 5 0 127
 15 -4 -1 97
 15 2 0 27
 15 -3 -2 180
 15 -2 3 236
 15 3 -4 164
 15 3 0 210
 55 -3 1 178
 55 0 -1 125
 55 -1 3 140
 55 1 0 131
 55 1 -2 119
 55 1 1 29
 55 -2 1 353
 55 -1 1 224
 55 1 2 147
 55 1 3 249
 55 -2 2 135
 55 -4 0 41
 55 -1 2 242
 55 -3 2 131
 55 0 3 227
 55 1 -1 271
 55 -1 -2 20
 55 -2 -1 229
 55 0 1 349
 55 -1 0 138
 55 -3 0 13
 55 0 0 1
 55 -1 -1 115
 55 0 2 290
 55 -2 -2 129
 55 -4 1 113
 55 -2 0 130
 55 0 -2 253
 "contig-ratio-green-core" 0.8235294117647058
 "contig-ratio-red-core" 0.5714285714285714
 "a-count" 2
 "b-count" 0
 "c-color-count" 28
 "c-express-count" 28
 "d-color-count" 26
 "d-express-count" 26
 "cell-count" 56
 15 2 -4 340
 105 4 -1 175
 15 -4 -1 11
 15 -5 1 231
 15 -4 0 239
 15 3 0 311
 15 4 1 108
 15 2 -2 100
 15 2 3 272
 15 -5 0 319
 15 1 -2 308
 15 -2 -1 255
 15 2 -3 12
 15 0 -3 266
 15 0 -2 222
 15 3 -1 13
 15 -3 0 355
 15 -3 -1 239
 15 -1 3 267
 15 -4 -2 28
 15 3 -2 276
 15 1 -3 152
 15 2 -1 333
 15 -1 -3 74
 105 -2 -2 61
 15 3 1 257
 15 4 0 151
 15 2 2 115
 55 1 2 307
 55 0 4 348
 55 3 -3 170
 55 0 -1 119
 55 -2 0 9
 55 1 4 172
 55 0 0 155
 55 1 0 259
 55 -2 2 209
 55 1 -1 269
 55 -3 1 346
 55 0 1 314
 55 0 3 352
 55 -1 0 138
 55 2 0 342
 55 1 3 160
 55 -1 2 8
 55 -3 2 69
 55 -1 -2 351
 55 -1 -1 262
 55 -2 1 120
 55 2 4 109
 55 2 1 334
 55 -1 1 307
 55 0 2 238
 55 -4 1 121
 55 -4 2 157
 55 1 1 278
 "contig-ratio-green-core" 0.6842105263157895
 "contig-ratio-red-core" 0.5652173913043478
