 "a-count" 2
 "b-count" 0
 "c-color-count" 28
 "c-express-count" 28
 "d-color-count" 26
 "d-express-count" 26
 "cell-count" 56
 15 3 -3 55
 15 3 4 32
 15 -1 -2 323
 15 1 -4 207
 15 1 -2 76
 15 -1 -3 282
 105 0 -4 170
 15 -2 -3 75
 15 -3 -2 258
 15 0 -2 276
 15 -4 0 34
 15 3 3 152
 15 -1 3 121
 15 2 -2 216
 105 -2 -4 46
 15 0 4 124
 15 1 -3 192
 15 -2 -2 140
 15 -1 4 232
 15 0 5 23
 15 -1 -1 145
 15 2 -3 16
 15 -3 -3 193
 15 -4 1 331
 15 0 -3 314
 15 -1 -4 303
 15 0 -1 358
 15 2 3 227
 55 0 0 46
 55 1 0 54
 55 -1 2 115
 55 1 1 35
 55 0 2 20
 55 2 2 351
 55 -2 0 324
 55 -2 -1 121
 55 -3 0 329
 55 3 1 278
 55 -2 1 12
 55 4 1 88
 55 -3 2 14
 55 1 2 293
 55 -1 1 265
 55 1 4 208
 55 -2 2 259
 55 1 3 268
 55 -3 -1 106
 55 -3 1 221
 55 -4 -2 334
 55 2 1 11
 55 3 2 131
 55 0 3 166
 55 -4 -1 318
 55 2 -1 254
 55 1 -1 284
 55 -1 0 96
 "contig-ratio-green-core" 0.5
 "contig-ratio-red-core" 0.8
 "a-count" 2
 "b-count" 0
 "c-color-count" 28
 "c-express-count" 28
 "d-color-count" 26
 "d-express-count" 26
 "cell-count" 56
 15 -2 -2 296
 15 0 3 52
 15 1 -2 250
 15 -4 -1 233
 15 -1 -4 7
 15 -1 3 231
 15 0 -4 13
 15 -2 2 247
 105 -2 -3 266
 15 1 2 142
 15 1 -4 260
 15 3 -2 103
 15 -3 0 226
 15 -3 -1 283
 15 -3 -2 311
 15 2 -2 245
 15 2 -3 236
 15 -2 3 136
 15 0 -3 99
 15 -1 4 238
 15 1 -3 46
 15 2 2 174
 15 1 3 268
 15 2 4 121
 15 -3 2 275
 15 1 4 65
 105 0 4 353
 15 2 3 353
 55 4 -1 253
 55 -2 0 104
 55 0 2 58
 55 3 0 331
 55 -3 1 248
 55 0 1 229
 55 -1 -1 141
 55 -1 1 104
 55 -1 2 276
 55 4 1 284
 55 -1 0 43
 55 3 3 229
 55 3 2 331
 55 2 1 340
 55 0 0 131
 55 1 -1 131
 55 1 0 183
 55 -1 -2 344
 55 1 1 149
 55 2 -1 357
 55 3 1 123
 55 -1 -3 109
 55 4 0 208
 55 3 -1 76
 55 2 0 259
 55 0 -1 33
 55 -2 1 5
 55 0 -2 351
 "contig-ratio-green-core" 0.7777777777777778
 "contig-ratio-red-core" 0.625
