 "a-count" 7
 "b-count" 0
 "c-color-count" 28
 "c-express-count" 28
 "d-color-count" 21
 "d-express-count" 21
 "cell-count" 56
 15 -2 -2 354
 15 -1 -3 348
 15 3 2 207
 105 2 -3 197
 15 -3 2 100
 15 2 -1 309
 15 3 0 169
 105 3 -2 144
 15 1 -3 17
 15 1 -2 256
 105 -4 -1 134
 105 4 -1 186
 15 4 0 142
 15 -3 1 162
 15 -2 -3 336
 15 -3 -2 293
 15 -2 3 57
 15 2 0 8
 15 -3 0 239
 15 4 1 206
 105 3 -3 355
 15 -3 -1 202
 15 0 -2 288
 15 0 -3 268
 105 -4 1 49
 15 2 -2 50
 105 3 -1 99
 15 -1 -2 317
 55 1 -1 235
 55 2 2 248
 55 -1 -1 6
 55 1 3 334
 55 -1 1 38
 55 -2 0 32
 55 0 2 90
 55 -2 -1 275
 55 0 1 110
 55 -1 0 350
 55 0 3 317
 55 1 1 165
 55 0 0 264
 55 0 -1 4
 55 2 1 334
 55 -2 1 310
 55 -1 4 46
 55 0 4 146
 55 -1 3 155
 55 -3 -3 75
 55 1 -4 327
 55 -2 2 319
 55 1 2 105
 55 0 -4 128
 55 1 0 245
 55 -1 2 117
 55 -3 3 348
 55 3 1 319
 "contig-ratio-green-core" 0.9411764705882353
 "contig-ratio-red-core" 0.7647058823529411
 "a-count" 0
 "b-count" 0
 "c-color-count" 28
 "c-express-count" 28
 "d-color-count" 28
 "d-express-count" 28
 "cell-count" 56
 15 -2 1 175
 15 1 3 155
 15 -4 -2 37
 15 3 2 38
 15 -3 -3 307
 15 -2 2 184
 15 -3 0 186
 15 2 3 343
 15 3 -2 92
 15 2 1 345
 15 0 3 70
 15 3 1 101
 15 4 0 84
 15 -3 -2 296
 15 -3 2 54
 15 -3 -1 52
 15 0 4 123
 15 -1 -3 77
 15 0 -3 293
 15 2 -3 121
 15 -4 0 269
 15 1 4 182
 15 1 -3 277
 15 2 2 29
 15 -3 1 207
 15 -2 -3 294
 15 4 -1 314
 15 -3 3 258
 55 3 -3 204
 55 -1 1 31
 55 0 -4 39
 55 -1 3 170
 55 1 2 233
 55 -1 2 101
 55 0 1 261
 55 -2 0 245
 55 2 0 137
 55 -1 -1 322
 55 0 -2 140
 55 4 -2 291
 55 0 2 245
 55 -2 -1 95
 55 1 1 235
 55 0 -1 146
 55 -1 0 286
 55 0 0 137
 55 1 0 215
 55 -2 3 64
 55 2 -1 122
 55 1 -1 91
 55 1 -2 229
 55 3 0 117
 55 2 -2 352
 55 4 1 115
 55 3 -1 67
 55 -1 -2 307
 "contig-ratio-green-core" 1.0625
 "contig-ratio-red-core" 0.6818181818181818
 "a-count" 3
 "b-count" 0
 "c-color-count" 28
 "c-express-count" 28
 "d-color-count" 25
 "d-express-count" 25
 "cell-count" 56
 15 -2 -3 241
 105 2 4 6
 15 0 -4 354
 15 2 3 102
 15 4 -1 7
 15 1 4 333
 15 3 -1 300
 15 3 1 60
 15 -2 -2 106
 15 3 0 138
 15 -3 -1 45
 15 2 -2 184
 15 -3 0 330
 105 4 2 3
 15 1 -4 321
 15 -1 4 304
 15 2 -3 262
 105 3 3 189
 15 -3 -2 35
 15 3 -2 287
 15 4 0 241
 15 -2 3 290
 15 -1 -3 227
 15 1 -3 283
 15 0 4 82
 15 -3 1 174
 15 4 1 177
 15 3 2 278
 55 1 3 109
 55 2 -1 287
 55 2 1 106
 55 2 2 170
 55 1 2 201
 55 3 -3 235
 55 -1 -2 305
 55 -2 0 251
 55 0 -1 202
 55 -2 -1 19
 55 -1 3 27
 55 1 -2 84
 55 -2 2 206
 55 -1 2 97
 55 -1 1 349
 55 -1 0 189
 55 1 1 331
 55 1 -1 236
 55 -1 2 179
 55 -3 2 101
 55 1 0 332
 55 -1 -1 40
 55 2 0 138
 55 0 3 47
 55 0 -2 214
 55 0 1 79
 55 0 0 306
 55 0 2 147
 "contig-ratio-green-core" 1.1428571428571428
 "contig-ratio-red-core" 0.55
