 "a-count" 8
 "b-count" 0
 "c-color-count" 28
 "c-express-count" 28
 "d-color-count" 20
 "d-express-count" 20
 "cell-count" 56
 105 4 -1 183
 15 1 -2 345
 15 3 0 33
 15 2 -1 102
 105 1 -4 202
 105 -3 -3 347
 15 2 -3 326
 15 3 -1 354
 105 -3 3 274
 15 -3 2 178
 105 3 -2 359
 105 2 0 328
 15 -4 -1 68
 15 -1 -3 241
 15 0 -3 49
 15 0 4 355
 15 1 -3 322
 105 -1 -4 44
 15 -2 4 68
 15 -1 4 292
 15 -2 -3 217
 15 -4 0 62
 15 -3 -1 176
 15 4 0 72
 15 0 -4 333
 15 0 -2 161
 105 1 4 129
 15 -2 3 194
 55 -3 0 353
 55 -1 1 188
 55 -2 2 64
 55 -1 -2 201
 55 0 1 355
 55 1 1 265
 55 -2 -1 91
 55 0 -1 16
 55 -1 2 134
 55 3 2 241
 55 2 2 53
 55 3 1 44
 55 -2 0 150
 55 1 2 204
 55 0 3 89
 55 1 3 280
 55 -1 -1 153
 55 -1 3 212
 55 1 0 133
 55 -4 1 159
 55 0 2 224
 55 2 1 118
 55 -2 -2 139
 55 -2 1 359
 55 -1 0 114
 55 1 -1 172
 55 -3 1 156
 55 0 0 195
 "contig-ratio-green-core" 0.7058823529411765
 "contig-ratio-red-core" 0.7142857142857143
 "a-count" 7
 "b-count" 0
 "c-color-count" 28
 "c-express-count" 28
 "d-color-count" 21
 "d-express-count" 21
 "cell-count" 56
 15 1 4 89
 15 -3 -2 38
 15 4 1 64
 15 0 4 270
 15 -3 2 183
 15 2 2 322
 15 -2 2 237
 15 0 3 307
 105 -2 3 358
 15 -1 4 185
 15 -1 3 295
 15 1 3 108
 15 2 -3 8
 15 3 -1 202
 105 3 3 283
 15 3 0 93
 15 -3 -3 290
 105 -3 3 82
 15 -1 -4 223
 105 3 -2 259
 15 3 -3 87
 105 -1 -3 0
 105 -4 -1 142
 15 0 -4 243
 15 2 3 138
 15 1 -4 330
 15 4 -1 203
 105 4 0 208
 55 2 -1 45
 55 0 0 55
 55 -4 1 131
 55 -3 1 14
 55 1 -2 100
 55 -2 1 88
 55 1 0 62
 55 0 2 311
 55 -2 -1 212
 55 -1 2 329
 55 -3 -1 194
 55 -1 0 291
 55 -1 -1 288
 55 0 -2 334
 55 1 1 334
 55 1 -1 237
 55 0 -1 207
 55 -3 0 112
 55 3 -4 24
 55 1 2 222
 55 3 1 334
 55 2 1 297
 55 -2 0 37
 55 0 1 327
 55 -1 -2 325
 55 -1 1 87
 55 2 -2 208
 55 2 0 61
 "contig-ratio-green-core" 0.6470588235294118
 "contig-ratio-red-core" 0.6
 "a-count" 11
 "b-count" 0
 "c-color-count" 28
 "c-express-count" 28
 "d-color-count" 17
 "d-express-count" 17
 "cell-count" 56
 15 3 2 104
 15 -1 -2 181
 105 -3 -1 263
 105 -3 3 344
 105 -4 1 64
 15 1 -1 144
 15 3 -2 78
 15 1 -4 214
 105 -3 0 294
 105 -4 -1 22
 15 4 0 204
 15 0 -2 186
 15 -1 -3 199
 15 4 2 289
 105 -3 2 133
 15 3 3 150
 105 2 -2 295
 105 1 -3 251
 15 4 -1 70
 105 -1 4 47
 15 4 1 120
 15 1 -5 301
 105 1 -2 101
 105 -2 -3 288
 15 2 -1 173
 15 3 -1 81
 15 0 -3 232
 15 0 -4 304
 55 -2 -1 223
 55 -2 3 53
 55 1 0 150
 55 -1 2 116
 55 -2 2 129
 55 0 3 93
 55 1 1 36
 55 0 0 219
 55 2 3 279
 55 1 4 312
 55 -1 0 103
 55 -1 3 46
 55 -2 1 152
 55 2 2 41
 55 3 1 295
 55 3 0 61
 55 -3 1 17
 55 0 2 74
 55 -2 -2 156
 55 2 1 212
 55 1 3 107
 55 1 2 39
 55 -1 -1 258
 55 -1 1 131
 55 2 0 95
 55 0 4 152
 55 0 1 28
 55 -2 0 102
 "contig-ratio-green-core" 0.47058823529411764
 "contig-ratio-red-core" 0.5714285714285714
