 "a-count" 6
 "b-count" 0
 "c-color-count" 28
 "c-express-count" 28
 "d-color-count" 22
 "d-express-count" 22
 "cell-count" 56
 15 -4 0 39
 15 4 2 61
 105 -4 -1 231
 15 3 2 97
 15 -2 -2 69
 15 3 -1 157
 15 4 1 74
 15 -2 4 176
 15 -2 2 298
 15 -2 1 58
 105 -1 -3 42
 15 3 0 220
 105 0 -4 353
 15 -1 2 71
 15 4 3 28
 105 -1 -4 106
 105 0 3 318
 15 -3 -2 252
 105 -4 1 166
 15 4 0 30
 15 4 -2 266
 15 -1 1 136
 15 3 -2 77
 15 -1 -2 83
 15 -3 -1 48
 15 1 -4 182
 15 -2 -3 270
 15 -2 3 291
 55 -2 -1 63
 55 2 0 289
 55 1 -1 69
 55 1 -3 190
 55 0 -1 165
 55 1 2 13
 55 1 -3 86
 55 2 -3 35
 55 2 -1 32
 55 -2 -1 286
 55 -3 1 111
 55 -3 0 192
 55 -1 -1 294
 55 0 2 160
 55 0 1 33
 55 1 1 8
 55 2 2 208
 55 -2 0 213
 55 0 -2 358
 55 -1 0 262
 55 0 -3 51
 55 0 0 256
 55 2 1 18
 55 1 -2 2
 55 1 0 96
 55 -3 2 191
 55 2 -2 139
 55 -1 -1 75
 "contig-ratio-green-core" 0.6190476190476191
 "contig-ratio-red-core" 0.9444444444444444
 "a-count" 12
 "b-count" 0
 "c-color-count" 28
 "c-express-count" 28
 "d-color-count" 16
 "d-express-count" 16
 "cell-count" 56
 15 -3 -2 279
 105 -3 3 3
 15 -3 0 7
 15 2 2 145
 15 1 1 132
 105 -4 1 58
 105 3 -2 60
 15 2 3 49
 105 -1 3 121
 15 -3 1 134
 105 -1 4 264
 105 3 2 175
 15 1 -4 180
 105 -4 -1 325
 105 2 -1 158
 15 2 -3 332
 15 1 2 321
 15 1 3 48
 105 -2 -3 12
 105 2 0 176
 15 3 0 152
 15 1 -3 162
 15 3 -1 121
 15 -3 2 307
 105 0 4 304
 15 -3 -1 332
 15 2 -2 5
 105 3 1 96
 55 0 -2 78
 55 -1 1 333
 55 -2 0 79
 55 -1 -3 213
 55 0 -3 353
 55 0 -1 196
 55 -1 -1 83
 55 0 0 198
 55 -1 0 161
 55 -1 -4 336
 55 -1 2 138
 55 -2 -1 321
 55 1 0 173
 55 -2 0 265
 55 -2 1 216
 55 -1 -2 11
 55 0 -2 350
 55 -1 1 64
 55 -2 2 144
 55 -1 -1 239
 55 1 -1 44
 55 0 1 4
 55 0 -1 149
 55 -1 -3 148
 55 0 2 34
 55 1 -2 125
 55 -1 0 8
 55 -1 -2 180
 "contig-ratio-green-core" 0.47058823529411764
 "contig-ratio-red-core" 0.5
