 "a-count" 6
 "b-count" 0
 "c-color-count" 28
 "c-express-count" 28
 "d-color-count" 22
 "d-express-count" 22
 "cell-count" 56
 15 -3 0 273
 15 3 0 33
 15 -4 -1 300
 15 2 -3 60
 15 4 -1 119
 105 -3 2 46
 105 1 -4 159
 15 3 -1 201
 105 -4 1 302
 15 1 -3 359
 15 1 4 290
 15 2 -2 271
 15 -3 -1 38
 15 -1 1 24
 105 -2 3 6
 15 3 4 8
 15 -3 -2 284
 15 -1 2 300
 15 4 0 196
 15 2 4 123
 15 -2 1 146
 15 2 -1 218
 15 3 3 178
 15 3 -2 337
 15 -2 2 19
 105 0 4 250
 15 -3 1 315
 105 -1 4 346
 55 0 0 273
 55 1 2 297
 55 1 3 25
 55 0 2 321
 55 -1 -1 290
 55 -1 0 88
 55 2 0 137
 55 0 -1 242
 55 -2 0 239
 55 0 3 220
 55 0 1 174
 55 0 -3 65
 55 4 1 2
 55 0 -2 42
 55 2 2 281
 55 1 -1 347
 55 -1 -3 267
 55 3 2 82
 55 -1 3 97
 55 -2 -3 40
 55 3 1 312
 55 1 0 31
 55 -1 -4 50
 55 -1 -2 154
 55 1 -2 19
 55 -2 -1 172
 55 1 1 139
 55 2 1 343
 "contig-ratio-green-core" 0.631578947368421
 "contig-ratio-red-core" 0.8125
