 "a-count" 8
 "b-count" 0
 "c-color-count" 28
 "c-express-count" 28
 "d-color-count" 20
 "d-express-count" 20
 "cell-count" 56
 105 -2 4 32
 15 1 3 307
 15 -1 4 167
 15 4 0 149
 105 -3 3 234
 15 -1 -3 347
 15 0 4 10
 105 3 -3 201
 15 -3 -2 103
 15 -2 -3 70
 15 -3 2 206
 15 4 1 35
 15 3 2 135
 105 -4 2 336
 15 -4 1 9
 105 2 -2 64
 15 1 -3 180
 105 2 -3 258
 15 -2 -2 324
 15 -1 -2 78
 15 0 -3 263
 15 2 3 66
 15 3 0 317
 105 3 -2 354
 15 3 -1 235
 15 -2 3 306
 15 2 0 267
 105 3 3 276
 55 0 -2 254
 55 0 -1 78
 55 2 1 91
 55 -1 0 32
 55 0 2 270
 55 1 -2 145
 55 1 0 83
 55 -4 0 58
 55 -3 -1 93
 55 -2 -1 253
 55 -1 1 78
 55 1 4 233
 55 0 0 291
 55 -3 0 178
 55 0 1 35
 55 2 2 212
 55 -4 -1 94
 55 1 1 344
 55 -3 1 197
 55 -2 0 198
 55 1 -1 229
 55 -1 3 62
 55 -2 2 55
 55 -1 2 140
 55 -2 1 95
 55 0 3 20
 55 -1 -1 145
 55 3 1 190
 "contig-ratio-green-core" 0.8888888888888888
 "contig-ratio-red-core" 0.9333333333333333
 "a-count" 12
 "b-count" 0
 "c-color-count" 28
 "c-express-count" 28
 "d-color-count" 16
 "d-express-count" 16
 "cell-count" 56
 15 -4 -1 79
 15 0 4 148
 105 -3 -1 271
 105 -1 -4 113
 105 -2 3 270
 105 4 1 78
 15 1 -3 14
 15 3 3 227
 15 -2 -3 173
 105 1 -4 153
 105 -2 2 297
 15 -3 -3 36
 15 0 -3 54
 105 3 -1 47
 105 4 0 193
 15 2 -3 270
 15 1 4 259
 15 -4 0 26
 105 2 -1 227
 105 3 -2 279
 15 2 3 183
 105 4 -1 209
 15 -1 -3 319
 15 -1 4 127
 15 2 -2 3
 15 3 2 324
 105 -4 1 26
 15 0 -4 195
 55 -1 -1 258
 55 -1 0 215
 55 1 2 154
 55 3 1 47
 55 1 -2 62
 55 1 0 174
 55 -2 1 47
 55 -1 -2 18
 55 -2 -1 58
 55 0 -2 182
 55 2 0 181
 55 2 2 102
 55 1 -1 224
 55 1 3 271
 55 0 1 204
 55 0 3 204
 55 3 0 75
 55 -1 1 350
 55 2 1 240
 55 0 -1 170
 55 0 0 335
 55 -2 0 119
 55 1 1 212
 55 -1 2 57
 55 -3 1 300
 55 -1 3 277
 55 0 2 306
 55 -2 -2 187
 "contig-ratio-green-core" 0.5882352941176471
 "contig-ratio-red-core" 0.5384615384615384
 "a-count" 6
 "b-count" 0
 "c-color-count" 28
 "c-express-count" 28
 "d-color-count" 24
 "d-express-count" 22
 "cell-count" 56
 15 4 0 210
 15 -1 3 195
 15 1 4 51
 15 -4 -2 274
 15 -2 3 145
 15 -1 2 359
 15 1 -3 70
 15 -1 1 118
 15 -2 1 187
 15 2 3 273
 105 2 2 319
 105 -3 -3 249
 15 4 1 104
 15 -2 -2 11
 15 2 -3 178
 15 3 -2 148
 105 -3 2 218
 15 3 1 338
 15 4 -1 44
 105 3 2 196
 15 1 -4 306
 15 0 4 118
 15 -3 -2 136
 15 -2 2 116
 15 0 3 57
 15 1 3 43
 15 -1 4 176
 15 3 -3 52
 55 0 -2 101
 55 -2 -1 342
 55 -1 -1 257
 55 1 1 55
 55 0 -4 175
 55 -3 0 71
 55 0 0 126
 55 -3 -1 187
 55 2 -1 187
 55 2 1 314
 55 1 2 357
 55 -2 0 59
 55 0 -3 21
 55 0 -1 347
 55 2 0 324
 55 1 -2 148
 55 -1 -4 43
 55 -1 0 116
 55 0 2 29
 55 3 3 248
 55 -1 -3 211
 55 3 0 154
 55 2 -2 53
 55 3 -1 162
 55 0 1 272
 55 1 -1 61
 55 -1 -2 47
 55 1 0 335
 "contig-ratio-green-core" 0.7777777777777778
 "contig-ratio-red-core" 0.8
