 "a-count" 9
 "b-count" 0
 "c-color-count" 28
 "c-express-count" 28
 "d-color-count" 21
 "d-express-count" 19
 "cell-count" 56
 15 0 -3 217
 15 2 -3 103
 105 -1 -4 345
 15 1 -3 91
 15 2 0 346
 15 2 -2 320
 15 -1 -3 222
 15 -4 0 175
 15 4 -1 332
 105 1 -4 186
 105 3 -1 44
 15 -4 -1 315
 15 4 -2 244
 15 3 0 204
 105 -3 3 115
 105 -3 -2 194
 15 -1 4 348
 15 -5 -1 342
 105 -3 0 189
 15 3 -2 310
 15 2 -1 57
 105 0 4 279
 15 -1 3 131
 15 1 -2 162
 15 2 3 258
 15 -3 -1 161
 15 0 -2 50
 15 -2 -2 75
 55 -1 -2 262
 55 1 2 261
 55 0 -1 73
 55 2 2 12
 55 -3 2 154
 55 1 2 336
 55 4 0 15
 55 0 1 36
 55 2 1 150
 55 1 -1 172
 55 -1 -1 2
 55 -1 1 247
 55 1 1 310
 55 0 2 326
 55 3 1 180
 55 3 -3 177
 55 1 2 343
 55 3 2 225
 55 -1 0 167
 55 -2 0 85
 55 0 2 244
 55 1 3 338
 55 -1 2 115
 55 -2 -1 36
 55 -2 2 145
 55 0 0 185
 55 -2 1 1
 55 4 1 100
 "contig-ratio-green-core" 0.55
 "contig-ratio-red-core" 0.5
 "a-count" 4
 "b-count" 0
 "c-color-count" 28
 "c-express-count" 28
 "d-color-count" 24
 "d-express-count" 24
 "cell-count" 56
 15 4 2 202
 15 -1 3 194
 15 2 -1 328
 15 0 3 22
 15 -3 -1 284
 15 2 -2 40
 15 3 -2 45
 15 1 -3 116
 105 0 -4 109
 15 4 -1 281
 15 3 -2 11
 15 3 -1 92
 105 0 -3 226
 15 -3 0 241
 15 4 0 221
 15 2 -3 290
 15 5 1 239
 105 -3 3 188
 105 0 4 33
 15 3 -1 336
 15 -2 3 99
 15 -3 -2 24
 15 -3 1 286
 15 4 1 106
 15 3 3 130
 15 1 4 172
 15 1 3 118
 15 -1 4 266
 55 0 1 355
 55 -2 2 207
 55 1 0 124
 55 -2 0 349
 55 2 -1 225
 55 0 -1 1
 55 2 2 137
 55 2 1 69
 55 2 3 308
 55 -2 -1 189
 55 0 -2 186
 55 -1 -1 110
 55 -1 2 189
 55 0 0 148
 55 -2 -3 341
 55 -2 1 206
 55 1 2 217
 55 -3 2 302
 55 3 2 261
 55 -1 0 106
 55 1 1 275
 55 2 0 289
 55 -1 -2 310
 55 -2 -2 331
 55 0 2 294
 55 -1 1 205
 55 1 -1 170
 55 1 -2 322
 "contig-ratio-green-core" 0.8333333333333334
 "contig-ratio-red-core" 0.6666666666666666
 "a-count" 7
 "b-count" 0
 "c-color-count" 28
 "c-express-count" 28
 "d-color-count" 21
 "d-express-count" 21
 "cell-count" 56
 15 -3 -1 46
 15 3 -1 340
 105 2 -3 277
 15 -1 4 257
 15 1 -3 61
 15 -1 3 25
 15 -1 -3 194
 15 3 -2 287
 15 2 3 353
 15 -2 3 105
 105 0 -4 337
 105 4 1 301
 15 2 -2 39
 15 0 -3 244
 15 -3 -3 341
 15 1 3 113
 105 -3 3 334
 15 3 -3 352
 105 0 3 341
 15 0 4 53
 105 -3 -2 356
 15 -2 -3 142
 15 -2 -1 263
 15 1 -4 75
 15 -3 2 47
 105 -2 -2 121
 15 1 4 144
 15 3 0 178
 55 -1 -1 337
 55 -4 -1 56
 55 0 0 248
 55 2 0 208
 55 2 2 24
 55 -1 -2 238
 55 0 2 70
 55 2 -1 330
 55 0 -2 346
 55 -1 2 244
 55 -4 0 132
 55 1 1 336
 55 1 2 127
 55 -4 1 257
 55 0 -1 344
 55 -2 0 83
 55 -3 0 269
 55 -2 1 86
 55 1 -2 142
 55 1 0 134
 55 1 -1 209
 55 0 1 97
 55 -2 2 119
 55 2 1 152
 55 3 1 60
 55 -1 0 96
 55 -1 1 332
 55 -3 1 203
 "contig-ratio-green-core" 0.7222222222222222
 "contig-ratio-red-core" 0.7777777777777778
