 "a-count" 7
 "b-count" 0
 "c-color-count" 28
 "c-express-count" 28
 "d-color-count" 21
 "d-express-count" 21
 "cell-count" 56
 15 3 -3 3
 15 1 -4 356
 15 -3 1 17
 105 1 -3 251
 15 2 -4 50
 15 3 -1 330
 15 -2 2 175
 15 0 -3 348
 105 1 3 28
 15 4 0 184
 15 4 -1 59
 15 0 -4 191
 15 -4 0 157
 105 -3 3 67
 15 -4 1 348
 15 2 -2 268
 15 3 -2 112
 105 3 1 134
 105 2 -1 84
 15 3 0 119
 105 -3 -3 259
 15 2 3 184
 15 4 1 217
 15 -1 -4 310
 15 -2 3 116
 105 2 -3 225
 15 -1 -3 280
 15 -3 2 173
 55 0 2 115
 55 1 -1 175
 55 1 -2 330
 55 -1 -1 331
 55 -3 -1 55
 55 0 4 227
 55 2 0 88
 55 -2 -1 223
 55 1 0 311
 55 0 0 170
 55 0 -2 225
 55 -1 3 157
 55 -2 -2 280
 55 -1 0 304
 55 -1 2 9
 55 -1 -2 117
 55 0 -1 52
 55 0 1 256
 55 -2 -3 56
 55 -3 -2 24
 55 -2 0 274
 55 2 1 46
 55 -2 1 280
 55 0 3 0
 55 -3 0 178
 55 1 1 207
 55 -1 1 341
 55 1 2 283
 "contig-ratio-green-core" 0.5
 "contig-ratio-red-core" 0.45
 "a-count" 6
 "b-count" 0
 "c-color-count" 28
 "c-express-count" 28
 "d-color-count" 23
 "d-express-count" 22
 "cell-count" 56
 105 1 -3 57
 15 -1 3 38
 15 2 -1 107
 15 4 0 341
 15 2 -2 56
 15 -2 -2 194
 15 -2 3 232
 105 3 -3 281
 15 -1 4 91
 105 -1 -2 158
 15 -4 0 255
 15 -3 -1 325
 15 0 3 145
 15 2 3 177
 15 -4 -1 356
 15 -2 -3 117
 15 0 -3 261
 105 4 1 236
 15 3 -2 94
 15 0 -4 294
 15 -3 0 126
 105 1 -4 250
 15 0 4 136
 15 -3 -2 343
 15 -1 -3 111
 15 1 3 157
 15 3 0 151
 15 4 -1 19
 55 -2 0 292
 55 0 0 224
 55 2 0 76
 55 -1 -1 244
 55 1 1 79
 55 2 1 211
 55 -2 1 113
 55 3 1 157
 55 3 3 102
 55 -1 2 193
 55 3 2 140
 55 -2 2 71
 55 -1 0 55
 55 0 2 95
 55 -2 -1 264
 55 1 0 256
 55 2 2 327
 55 0 1 60
 55 0 -1 199
 55 1 -2 159
 55 -3 3 35
 55 0 -2 37
 55 -3 2 58
 55 1 2 261
 55 -4 2 57
 55 1 4 262
 55 -1 1 37
 55 1 -1 3
 "contig-ratio-green-core" 0.631578947368421
 "contig-ratio-red-core" 0.6363636363636364
 "a-count" 11
 "b-count" 0
 "c-color-count" 28
 "c-express-count" 28
 "d-color-count" 18
 "d-express-count" 17
 "cell-count" 56
 15 0 3 239
 15 3 -2 321
 15 -4 -1 279
 15 1 2 114
 15 -4 -3 326
 105 3 3 211
 15 2 2 352
 105 -3 -1 282
 15 4 -1 337
 15 0 -3 89
 105 2 3 107
 15 1 3 352
 15 1 1 284
 105 3 2 193
 105 4 0 323
 15 3 -1 47
 105 2 -2 169
 15 -4 -2 268
 105 -2 -3 107
 105 -2 -2 3
 15 -5 -1 131
 105 -1 -4 269
 105 1 4 335
 15 0 4 145
 15 3 1 179
 15 -1 -3 47
 15 2 1 178
 15 3 0 176
 55 0 -1 61
 55 1 0 245
 55 0 0 293
 55 1 -1 27
 55 -2 3 317
 55 -1 2 150
 55 -3 2 48
 55 -4 2 359
 55 4 2 123
 55 -2 1 286
 55 -1 -1 63
 55 2 0 22
 55 -2 0 187
 55 0 -2 319
 55 -1 -2 241
 55 -4 1 37
 55 0 1 59
 55 -1 3 177
 55 -3 1 44
 55 1 -3 209
 55 4 1 135
 55 -2 -1 117
 55 -1 0 215
 55 2 -1 272
 55 0 2 340
 55 -1 1 243
 55 1 -2 169
 55 -2 2 217
 "contig-ratio-green-core" 0.47368421052631576
 "contig-ratio-red-core" 0.6666666666666666
