 "a-count" 4
 "b-count" 5
 "c-color-count" 24
 "c-express-count" 23
 "d-color-count" 25
 "d-express-count" 24
 "cell-count" 56
 15 0 0 152
 105 0 2 170
 15 -3 -1 15
 15 0 3 190
 15 -1 -1 238
 15 -1 -2 92
 15 1 2 13
 15 -2 -3 289
 15 -2 -1 76
 15 -1 2 12
 15 -1 0 148
 15 1 0 253
 15 -2 1 145
 15 -2 0 350
 105 -3 3 183
 15 4 0 321
 105 -3 -3 298
 15 0 -3 332
 15 -1 1 62
 15 0 -2 195
 15 1 -1 148
 15 -2 2 273
 15 0 1 120
 15 0 -1 203
 15 1 1 152
 15 -3 0 138
 15 0 4 218
 15 1 3 315
 55 -4 1 351
 55 4 1 139
 55 -3 -2 45
 55 -2 -2 10
 5 2 1 288
 55 2 2 128
 55 2 -1 341
 55 3 1 32
 55 -1 3 200
 55 -4 0 256
 55 2 -3 58
 55 -1 -4 168
 55 3 0 204
 55 -3 1 110
 5 1 4 97
 55 -3 2 267
 55 2 0 101
 55 2 -2 12
 55 2 3 33
 5 3 -2 58
 55 3 2 195
 55 1 -4 192
 55 3 -1 54
 5 4 -1 60
 55 1 -2 139
 55 0 -4 141
 55 -1 -3 157
 55 1 -3 154
 "contig-ratio-green-core" 0.7368421052631579
 "contig-ratio-red-core" 0.8235294117647058
 "a-count" 4
 "b-count" 8
 "c-color-count" 21
 "c-express-count" 20
 "d-color-count" 25
 "d-express-count" 24
 "cell-count" 56
 15 -3 1 255
 105 0 3 156
 15 0 0 161
 15 1 2 327
 15 0 -2 187
 15 2 -1 345
 15 2 0 275
 15 2 2 289
 15 -1 3 184
 15 1 3 66
 15 -2 3 224
 15 1 0 88
 15 -1 -1 344
 15 2 1 122
 15 -1 2 305
 15 1 -1 270
 105 -2 -3 20
 15 -4 1 138
 15 0 -3 327
 15 -2 1 85
 15 0 2 199
 15 0 -1 131
 15 1 -2 313
 15 1 1 42
 15 -1 0 193
 105 0 1 165
 15 -2 0 233
 15 -1 1 53
 55 -3 2 242
 5 3 -2 335
 5 -3 -2 110
 55 1 4 246
 55 -3 -1 343
 55 -4 0 35
 55 -1 4 83
 55 -2 4 276
 55 4 1 185
 55 2 3 18
 5 0 4 215
 55 3 2 181
 5 2 -2 356
 55 -3 3 115
 55 -1 -2 35
 5 3 3 353
 55 -4 -1 190
 55 -2 -1 259
 55 3 -1 105
 55 2 -3 216
 55 -2 -2 313
 55 3 0 127
 5 1 -4 318
 55 4 -1 312
 55 -1 -3 307
 55 -3 0 10
 55 1 -3 168
 5 3 1 109
 "contig-ratio-green-core" 0.6470588235294118
 "contig-ratio-red-core" 0.9333333333333333
 "a-count" 7
 "b-count" 3
 "c-color-count" 25
 "c-express-count" 25
 "d-color-count" 22
 "d-express-count" 21
 "cell-count" 56
 15 -2 2 188
 105 -1 4 194
 15 -2 1 117
 15 2 1 94
 15 -2 0 340
 15 0 3 41
 15 4 0 246
 15 1 1 156
 105 -2 3 274
 15 1 -1 31
 15 0 4 168
 105 1 3 230
 15 -1 1 246
 15 0 0 54
 15 -3 1 198
 105 1 4 71
 15 0 -1 39
 105 2 -1 32
 15 -1 2 87
 15 2 0 101
 15 0 2 94
 15 -1 -1 344
 15 -2 -1 194
 15 1 0 76
 105 4 1 101
 15 0 1 13
 15 -1 0 253
 15 -3 -2 308
 55 1 2 46
 55 -2 -3 261
 55 -3 0 213
 55 0 -4 339
 55 -4 -1 70
 55 3 -2 117
 55 1 -4 300
 5 -1 -4 293
 55 -1 3 131
 55 3 -3 308
 55 2 -3 346
 55 -3 3 99
 55 3 -1 301
 55 -1 -2 114
 5 0 -3 126
 55 0 -2 185
 55 1 -2 324
 55 3 1 179
 55 3 3 157
 55 2 2 5
 55 3 2 51
 55 -4 1 180
 55 -1 -3 106
 55 4 -1 237
 55 -3 -3 294
 55 1 -3 205
 5 -3 -1 251
 55 -3 2 280
 "contig-ratio-green-core" 0.6470588235294118
 "contig-ratio-red-core" 0.7333333333333333
 "a-count" 8
 "b-count" 4
 "c-color-count" 25
 "c-express-count" 24
 "d-color-count" 21
 "d-express-count" 20
 "cell-count" 56
 105 -1 4 211
 15 1 3 94
 105 3 2 238
 15 0 0 2
 15 -1 1 264
 105 -2 -2 286
 15 0 3 222
 15 0 -1 102
 15 2 0 146
 15 0 4 319
 105 4 1 207
 15 0 2 224
 105 -4 0 341
 15 1 1 177
 15 1 0 50
 15 0 1 201
 105 2 -2 311
 15 1 -1 272
 15 0 -2 143
 15 -2 3 91
 15 2 -1 319
 15 -1 -1 241
 15 2 1 121
 105 3 -2 19
 15 -1 0 288
 15 1 -2 50
 15 -1 -2 337
 15 -1 3 78
 5 1 -3 50
 55 -3 -2 264
 55 1 -4 29
 55 4 -1 71
 5 -3 -1 155
 55 4 0 271
 55 0 -4 315
 55 2 3 168
 55 2 -3 202
 55 -3 -3 310
 55 -2 2 164
 55 3 1 81
 55 1 4 292
 55 -2 1 323
 55 -2 0 33
 55 -4 1 152
 55 -2 -1 43
 55 -3 2 44
 55 -3 3 242
 55 -1 -4 73
 5 -3 1 113
 55 3 -3 8
 55 2 2 292
 55 -2 -3 119
 55 1 2 259
 55 3 -1 169
 55 -3 0 215
 55 -1 -3 189
 "contig-ratio-green-core" 0.5263157894736842
 "contig-ratio-red-core" 0.8571428571428571
