 "a-count" 4
 "b-count" 5
 "c-color-count" 24
 "c-express-count" 23
 "d-color-count" 26
 "d-express-count" 24
 "cell-count" 56
 15 1 2 219
 15 1 -1 48
 15 -2 1 92
 15 0 -1 177
 15 0 3 282
 105 -3 -2 356
 15 0 0 236
 15 2 -1 211
 15 -1 4 191
 15 -1 -1 254
 15 0 1 132
 105 -2 0 282
 15 0 -3 313
 15 2 2 226
 15 0 -2 166
 15 1 1 161
 15 -1 -4 23
 15 -2 -1 293
 15 2 1 356
 15 1 0 301
 15 -3 2 41
 15 -1 0 34
 15 0 2 182
 15 -2 -3 68
 15 -1 1 66
 15 1 -3 94
 15 -3 0 54
 15 2 0 141
 55 2 -3 59
 55 4 1 122
 55 -1 -2 325
 55 3 2 96
 55 -2 -2 65
 5 -3 -3 93
 55 -3 1 346
 55 0 4 92
 55 2 3 152
 55 -2 2 256
 5 2 -2 50
 55 0 -4 213
 55 3 0 247
 55 -3 3 241
 55 3 3 227
 55 -1 2 265
 55 3 1 317
 55 4 0 345
 5 1 3 28
 55 -4 0 353
 55 3 -1 283
 55 1 4 231
 55 -1 -3 191
 55 -4 -1 219
 5 4 -1 246
 55 3 -3 121
 55 -1 3 35
 55 -3 -1 316
 "contig-ratio-green-core" 0.8947368421052632
 "contig-ratio-red-core" 1.1333333333333333
 "a-count" 6
 "b-count" 3
 "c-color-count" 25
 "c-express-count" 25
 "d-color-count" 25
 "d-express-count" 22
 "cell-count" 56
 15 0 3 170
 15 -1 -2 30
 15 -2 2 311
 15 -2 -1 249
 15 -4 -1 189
 15 1 2 243
 15 -2 1 343
 15 2 1 223
 105 -3 3 349
 15 0 -2 57
 15 2 -3 204
 15 -2 0 56
 15 1 0 199
 15 0 2 43
 15 -1 -1 286
 15 -1 1 181
 15 0 1 245
 15 -1 2 44
 15 1 1 1
 15 1 -2 347
 15 -1 0 136
 105 -3 1 153
 15 1 -1 5
 15 0 0 36
 15 -3 0 83
 15 -3 2 233
 105 -3 -2 163
 15 0 -1 93
 55 4 0 147
 5 1 -4 97
 55 -2 -3 221
 55 0 4 300
 55 3 -2 166
 5 3 1 227
 55 -1 4 282
 55 1 -3 220
 55 2 2 148
 55 2 0 342
 55 -2 3 86
 55 -3 -1 258
 55 4 1 234
 55 -4 1 65
 55 0 -4 2
 55 3 2 331
 55 3 0 140
 55 1 4 112
 55 -2 -2 99
 55 3 -1 29
 55 -4 0 166
 55 1 3 306
 5 -3 -3 244
 55 -1 -4 91
 55 2 -1 273
 55 -1 -3 67
 55 2 3 11
 55 3 3 104
 "contig-ratio-green-core" 0.55
 "contig-ratio-red-core" 0.8461538461538461
 "a-count" 2
 "b-count" 7
 "c-color-count" 21
 "c-express-count" 21
 "d-color-count" 26
 "d-express-count" 26
 "cell-count" 56
 15 -3 1 209
 105 1 0 343
 15 2 1 72
 15 0 3 278
 15 -1 1 88
 15 -1 3 216
 15 0 0 82
 15 0 -2 247
 15 0 1 349
 15 2 -1 342
 15 3 -2 345
 105 -4 0 155
 15 -2 0 234
 15 3 0 292
 15 -3 -2 145
 15 -2 -2 109
 15 1 -2 209
 15 -1 2 106
 15 2 0 350
 15 -1 0 305
 15 -2 1 218
 15 1 -1 341
 15 0 4 24
 15 1 1 236
 15 0 2 201
 15 -1 -2 344
 15 3 -1 141
 15 0 -1 0
 55 -3 0 178
 55 1 2 335
 55 -1 -3 16
 55 2 -3 253
 5 4 1 242
 55 3 1 71
 55 1 -4 276
 55 3 2 356
 55 -3 2 43
 55 -4 1 266
 55 0 -4 117
 5 3 3 281
 55 1 -3 43
 5 -2 -3 142
 5 -3 -3 71
 55 -3 3 33
 55 4 -1 210
 55 4 0 144
 5 2 -2 319
 55 1 4 274
 55 3 -3 324
 55 -4 -1 279
 55 -3 -1 146
 55 1 3 343
 5 0 -3 321
 55 2 3 271
 55 -1 4 150
 5 2 2 127
 "contig-ratio-green-core" 0.7058823529411765
 "contig-ratio-red-core" 0.6842105263157895
 "a-count" 2
 "b-count" 3
 "c-color-count" 25
 "c-express-count" 25
 "d-color-count" 28
 "d-express-count" 26
 "cell-count" 56
 15 1 1 258
 15 2 2 279
 15 0 2 311
 15 2 0 256
 15 0 3 307
 15 2 -1 228
 15 3 2 304
 15 3 0 102
 15 -1 3 57
 15 -2 1 158
 15 -1 1 27
 15 2 1 158
 15 0 0 194
 15 -2 -3 274
 15 -2 0 58
 15 0 1 219
 15 1 3 125
 15 1 2 142
 15 0 -4 164
 15 3 1 352
 15 1 -1 86
 15 -1 -2 225
 15 -1 -1 123
 15 -1 2 19
 15 1 0 276
 15 0 -1 69
 15 -3 0 12
 15 -1 0 217
 55 2 -3 216
 55 4 1 334
 55 2 3 358
 55 -3 -3 107
 55 0 -3 23
 55 -1 -4 114
 55 3 -2 162
 55 -3 3 88
 55 -3 -2 311
 55 2 -2 87
 55 -2 -2 187
 55 -2 2 121
 55 0 4 341
 55 -3 -1 316
 5 -4 0 290
 55 1 -2 234
 55 3 -1 255
 5 3 -3 248
 55 -2 3 233
 55 1 -3 134
 5 -4 1 312
 55 4 0 227
 55 -2 -1 239
 55 -3 1 104
 55 1 4 290
 55 3 3 233
 55 -1 4 313
 55 -3 2 318
 "contig-ratio-green-core" 0.6956521739130435
 "contig-ratio-red-core" 1
