 "a-count" 5
 "b-count" 4
 "c-color-count" 24
 "c-express-count" 24
 "d-color-count" 25
 "d-express-count" 23
 "cell-count" 56
 15 0 0 277
 15 -1 -2 306
 15 3 1 124
 15 1 1 242
 15 0 -2 16
 15 1 -1 59
 15 0 2 270
 15 0 1 286
 15 4 0 324
 15 -1 0 338
 15 2 2 243
 105 -4 -1 304
 15 -1 4 48
 15 2 1 175
 15 -3 -2 239
 15 1 -2 124
 15 -1 1 17
 15 2 -1 265
 15 -1 3 305
 15 -1 -1 225
 105 1 0 140
 15 1 2 268
 15 3 -1 258
 15 0 3 282
 15 3 0 145
 105 2 0 199
 15 0 -1 113
 15 -1 2 46
 55 -2 2 86
 55 2 -3 220
 5 -2 1 7
 55 -2 0 112
 5 2 -2 325
 55 -2 -1 286
 55 -3 1 138
 55 -3 2 155
 55 -3 3 255
 55 1 -3 353
 55 3 3 34
 55 4 1 277
 55 -2 3 112
 55 3 -3 161
 55 -4 1 108
 55 3 -2 151
 5 1 -4 139
 55 -1 -4 22
 55 1 4 48
 55 1 3 331
 55 -3 0 223
 55 2 3 279
 55 -1 -3 342
 55 -2 -3 182
 55 0 -4 92
 5 -3 -1 96
 55 -3 -3 48
 55 4 -1 117
 "contig-ratio-green-core" 0.5555555555555556
 "contig-ratio-red-core" 0.6875
 "a-count" 5
 "b-count" 3
 "c-color-count" 25
 "c-express-count" 25
 "d-color-count" 26
 "d-express-count" 23
 "cell-count" 56
 15 -3 -2 9
 15 2 -1 216
 15 2 2 218
 105 -1 0 144
 15 -1 -1 252
 15 -1 1 23
 15 -3 2 294
 15 1 1 253
 15 -2 0 186
 15 1 -4 272
 15 -2 -1 300
 15 2 1 221
 15 1 2 70
 15 1 -1 39
 105 -3 3 338
 15 0 3 9
 15 0 2 238
 15 -4 1 350
 15 1 0 339
 15 -3 -3 142
 15 -2 -2 137
 15 0 1 339
 15 0 -1 338
 15 2 -2 115
 15 2 0 75
 15 0 0 256
 15 4 0 141
 15 3 1 215
 55 0 4 123
 55 -2 -3 101
 5 -1 4 134
 55 1 -2 218
 55 3 0 119
 55 0 -4 286
 55 -3 1 261
 5 0 -2 203
 55 1 -3 28
 55 -3 -1 274
 55 -2 3 158
 55 4 -1 323
 55 -2 1 163
 55 2 3 70
 55 -2 2 181
 55 1 3 314
 55 -1 -2 243
 55 2 -3 31
 55 3 -1 331
 55 -4 2 228
 55 -4 0 42
 55 3 2 70
 55 -4 -1 294
 55 -1 2 273
 5 3 -3 209
 55 4 1 343
 55 1 4 78
 55 -3 0 346
 "contig-ratio-green-core" 1.0555555555555556
 "contig-ratio-red-core" 1
 "a-count" 4
 "b-count" 5
 "c-color-count" 23
 "c-express-count" 23
 "d-color-count" 25
 "d-express-count" 24
 "cell-count" 56
 15 -1 1 130
 15 1 -4 104
 15 1 2 34
 15 1 0 279
 15 4 0 20
 15 -1 0 322
 15 3 0 194
 15 0 0 339
 105 -3 -3 107
 15 -1 -1 312
 15 1 1 135
 15 -1 -2 228
 15 -2 0 101
 15 -3 -1 149
 15 -1 2 228
 105 2 3 315
 15 0 -2 28
 15 -2 -1 124
 15 2 1 352
 15 2 0 267
 15 -3 0 28
 15 0 1 104
 15 0 2 273
 15 0 -1 334
 15 -2 1 136
 105 0 -4 142
 15 1 -1 242
 15 0 -3 44
 55 -2 -2 321
 55 4 1 201
 55 -1 -3 17
 55 1 4 115
 5 3 -3 256
 5 2 -1 26
 55 3 2 156
 55 2 2 352
 55 -2 -3 245
 55 -1 -4 171
 5 -3 2 6
 55 2 -3 224
 55 1 -3 248
 55 -1 3 274
 5 -4 0 242
 55 2 -2 244
 55 3 -2 304
 55 0 3 8
 55 -2 2 130
 55 1 3 102
 55 1 -2 285
 5 -4 -1 198
 55 -2 3 6
 55 -3 -2 10
 55 -3 1 18
 55 3 -1 74
 55 0 4 76
 55 3 1 147
 "contig-ratio-green-core" 0.7142857142857143
 "contig-ratio-red-core" 0.9285714285714286
 "a-count" 5
 "b-count" 5
 "c-color-count" 24
 "c-express-count" 23
 "d-color-count" 24
 "d-express-count" 23
 "cell-count" 56
 15 -1 -1 109
 15 2 0 100
 105 3 2 248
 15 2 1 312
 15 1 -3 249
 15 -2 0 20
 15 2 2 65
 15 2 3 318
 15 1 0 266
 15 1 -1 58
 15 3 -1 168
 15 3 1 131
 105 -3 -1 258
 15 -1 -2 326
 15 -1 0 157
 15 0 0 138
 15 1 2 92
 15 -2 1 102
 15 2 -1 221
 15 1 1 17
 15 0 -2 57
 105 0 -1 143
 15 -1 1 214
 15 -2 -2 158
 15 -4 0 242
 15 0 1 250
 15 -3 2 285
 105 -3 0 355
 55 -1 4 307
 55 2 -2 47
 55 1 3 71
 55 2 -3 183
 55 -1 -3 227
 5 -2 -3 321
 55 0 4 279
 55 -4 1 231
 55 -1 3 140
 55 -1 -4 232
 55 -2 2 138
 55 -3 3 17
 55 3 -2 155
 55 4 -1 101
 55 -2 3 52
 55 0 -4 274
 55 3 3 35
 55 0 2 154
 55 4 0 154
 5 1 -4 151
 55 0 3 39
 5 -4 -1 1
 55 -3 -2 237
 55 -3 -3 42
 5 -3 1 271
 55 4 1 303
 55 -1 2 256
 55 1 4 65
 "contig-ratio-green-core" 0.6842105263157895
 "contig-ratio-red-core" 0.75
