 "a-count" 6
 "b-count" 4
 "c-color-count" 24
 "c-express-count" 24
 "d-color-count" 23
 "d-express-count" 22
 "cell-count" 56
 15 0 -2 335
 105 2 0 161
 15 -3 3 140
 15 1 2 188
 15 -2 0 303
 15 -1 1 176
 15 -2 -1 18
 15 1 0 129
 15 0 -1 235
 105 -4 -1 51
 15 3 1 337
 15 0 1 348
 15 -1 0 348
 105 -1 4 104
 15 0 2 213
 15 1 -2 350
 15 0 3 313
 15 -3 -1 199
 15 -1 -3 259
 105 1 -1 253
 15 -3 0 46
 105 2 2 122
 15 -2 1 278
 15 1 1 349
 15 2 1 202
 15 2 -1 210
 15 3 0 283
 15 0 0 47
 55 -1 -1 51
 55 -1 -2 206
 55 -4 0 170
 55 -3 1 329
 55 4 1 93
 55 -2 2 306
 55 3 -1 153
 55 -2 -3 212
 55 2 -2 281
 5 3 3 174
 5 3 -2 104
 55 0 -3 92
 55 -1 2 315
 55 2 -3 240
 55 -1 -4 130
 55 4 0 235
 5 1 -4 45
 55 -3 -2 137
 55 3 -3 131
 5 1 3 312
 55 4 -1 235
 55 -4 1 168
 55 1 4 17
 55 -2 -2 31
 55 -2 3 33
 55 -1 3 152
 55 1 -3 242
 55 3 2 16
 "contig-ratio-green-core" 0.7272727272727273
 "contig-ratio-red-core" 1.0666666666666667
 "a-count" 5
 "b-count" 7
 "c-color-count" 22
 "c-express-count" 21
 "d-color-count" 26
 "d-express-count" 23
 "cell-count" 56
 15 2 0 51
 15 -1 0 227
 105 -3 -2 38
 15 0 -1 287
 15 2 2 171
 15 1 0 354
 15 -3 -1 212
 15 0 -2 144
 15 0 2 331
 15 2 -2 312
 15 0 1 299
 15 0 0 164
 15 0 -3 105
 15 -1 -1 325
 15 -2 0 276
 15 -1 2 305
 15 1 -1 117
 15 3 -3 272
 105 -1 -2 336
 15 1 1 249
 15 2 1 137
 15 -2 -1 99
 15 -1 1 30
 15 -3 0 66
 15 0 3 304
 15 1 2 48
 15 -4 0 284
 15 3 1 214
 5 2 -3 197
 55 1 -4 311
 55 -1 4 340
 55 2 3 166
 55 -2 1 313
 55 -3 2 48
 55 3 -2 177
 55 -2 2 277
 55 1 4 60
 5 3 0 95
 55 3 3 93
 55 -1 3 144
 55 1 3 139
 55 -2 3 239
 55 -2 -3 125
 5 1 -3 223
 5 4 0 179
 55 2 -1 88
 55 -3 1 220
 55 4 1 123
 5 -3 3 103
 55 -1 -4 34
 55 4 -1 216
 55 3 2 214
 55 -1 -3 105
 5 -4 -1 279
 55 -3 -3 177
 55 -2 -2 297
 "contig-ratio-green-core" 0.5263157894736842
 "contig-ratio-red-core" 0.7333333333333333
 "a-count" 6
 "b-count" 4
 "c-color-count" 24
 "c-express-count" 24
 "d-color-count" 24
 "d-express-count" 22
 "cell-count" 56
 15 -2 0 41
 15 1 1 228
 15 -1 -3 319
 105 2 -3 151
 15 0 1 274
 15 0 0 208
 15 1 -1 274
 15 -2 2 243
 15 -1 -1 327
 15 3 3 157
 15 -1 2 223
 15 -2 -2 0
 15 0 -1 87
 15 1 0 253
 15 -3 0 18
 15 3 -1 204
 105 -4 1 355
 15 0 3 17
 15 -1 -2 253
 105 -3 2 354
 15 0 2 215
 15 4 0 32
 15 -1 1 25
 15 -2 1 185
 15 0 -4 55
 15 -1 3 47
 15 -2 -1 248
 105 -1 0 341
 55 1 -4 299
 55 0 -2 8
 55 1 -2 276
 55 2 -2 358
 55 3 -3 29
 55 -3 -1 39
 55 2 2 304
 55 3 1 127
 55 3 -2 234
 55 -3 -3 301
 55 -1 4 245
 5 -4 0 131
 5 -3 -2 84
 55 1 4 89
 55 2 0 120
 5 -3 1 60
 55 1 2 95
 55 1 3 320
 55 0 4 134
 5 4 -1 272
 55 -1 -4 112
 55 2 1 183
 55 1 -3 262
 55 -2 -3 227
 55 4 1 100
 55 2 -1 92
 55 3 2 287
 55 -2 3 73
 "contig-ratio-green-core" 0.8235294117647058
 "contig-ratio-red-core" 0.9285714285714286
 "a-count" 4
 "b-count" 5
 "c-color-count" 23
 "c-express-count" 23
 "d-color-count" 24
 "d-express-count" 24
 "cell-count" 56
 15 0 -2 134
 15 -2 1 81
 15 0 1 196
 15 -1 -1 195
 15 1 1 324
 15 2 -1 175
 15 -2 0 119
 15 3 1 216
 105 4 1 85
 105 0 2 217
 15 0 3 226
 15 -3 0 258
 15 -4 0 203
 15 2 1 331
 15 -1 0 174
 15 -3 -1 240
 15 1 -2 96
 105 4 -1 83
 105 -1 -4 191
 15 1 -1 159
 15 2 -2 24
 15 -2 -1 344
 15 1 2 354
 15 1 0 150
 15 2 0 344
 15 -1 1 99
 15 -1 2 74
 15 0 -1 156
 55 0 4 164
 55 1 -3 338
 55 1 4 59
 55 3 3 4
 55 -3 3 22
 55 -3 2 3
 55 -3 1 93
 55 3 2 26
 55 0 -4 281
 5 -3 -3 139
 5 3 -1 206
 55 -2 2 59
 55 -2 -3 86
 55 -1 -2 242
 55 -1 3 286
 55 -2 3 38
 55 -1 4 275
 55 2 -3 40
 55 0 -3 339
 55 -1 -3 190
 55 2 2 246
 5 -3 -2 161
 5 2 3 285
 55 -4 -1 142
 55 4 0 243
 55 -4 1 304
 55 3 -2 70
 5 1 3 140
 "contig-ratio-green-core" 0.6111111111111112
 "contig-ratio-red-core" 0.631578947368421
