 "a-count" 7
 "b-count" 5
 "c-color-count" 23
 "c-express-count" 23
 "d-color-count" 21
 "d-express-count" 21
 "cell-count" 56
 15 0 1 257
 15 -1 -3 268
 105 3 0 45
 15 0 0 141
 15 -1 -2 313
 15 -1 0 340
 15 0 -1 163
 15 2 1 200
 15 1 -2 38
 105 -3 0 302
 15 -1 -1 245
 15 -3 3 323
 105 -4 -1 5
 15 1 1 56
 105 1 2 188
 15 1 -4 269
 105 -4 0 348
 15 1 0 88
 105 0 -2 25
 105 -3 2 270
 15 -2 1 142
 15 -2 -1 124
 15 0 2 8
 15 -1 1 134
 15 0 -3 28
 15 1 -1 305
 15 -2 0 84
 15 -3 -1 233
 55 2 0 308
 5 -3 1 151
 55 1 3 87
 55 -2 -3 79
 55 2 3 281
 5 -2 2 175
 5 3 -1 73
 55 3 3 16
 55 2 -2 279
 55 4 -1 222
 5 3 -2 159
 55 0 4 47
 55 -1 4 209
 55 2 -3 191
 55 -1 2 302
 55 -3 -2 102
 55 2 -1 72
 5 1 4 12
 55 2 2 273
 55 0 3 349
 55 -3 -3 320
 55 1 -3 203
 55 3 1 222
 55 -1 3 166
 55 0 -4 68
 55 -2 -2 356
 55 4 1 274
 55 -4 1 92
 "contig-ratio-green-core" 0.5454545454545454
 "contig-ratio-red-core" 0.9230769230769231
 "a-count" 6
 "b-count" 1
 "c-color-count" 27
 "c-express-count" 27
 "d-color-count" 24
 "d-express-count" 22
 "cell-count" 56
 15 0 0 124
 15 -1 2 238
 105 -1 -4 236
 15 -1 -1 176
 15 1 2 112
 15 4 -1 65
 15 1 -1 286
 15 1 1 92
 15 0 2 186
 15 1 0 211
 105 1 -4 203
 15 -1 0 280
 15 -2 1 281
 15 2 -1 141
 15 -2 -2 237
 105 0 3 206
 15 -1 -2 52
 105 0 -1 116
 15 1 -2 179
 15 -2 -1 12
 15 2 3 29
 15 -2 0 158
 15 -1 1 258
 15 1 -3 207
 15 0 1 304
 15 -3 0 334
 15 2 0 43
 15 0 -3 317
 55 2 -3 214
 55 2 -2 98
 55 -1 4 299
 55 3 3 171
 55 3 -1 51
 55 -2 2 220
 55 0 -4 1
 55 4 1 137
 55 4 0 339
 55 -4 -1 145
 55 0 4 240
 55 3 0 186
 55 1 4 274
 5 -4 0 359
 55 -1 -3 108
 55 -2 -3 205
 55 -3 -3 279
 55 3 -3 236
 55 2 1 28
 55 3 -2 164
 55 3 2 28
 55 3 1 333
 55 -3 -1 18
 55 1 3 68
 55 -3 3 358
 55 -3 1 285
 55 -1 3 353
 55 -2 3 258
 "contig-ratio-green-core" 0.7
 "contig-ratio-red-core" 1.0833333333333333
 "a-count" 2
 "b-count" 3
 "c-color-count" 25
 "c-express-count" 25
 "d-color-count" 26
 "d-express-count" 26
 "cell-count" 56
 15 -1 -2 51
 15 -1 -1 184
 15 3 1 348
 15 1 -1 287
 105 2 0 97
 15 -1 1 209
 15 3 -1 107
 15 0 -1 300
 15 0 2 165
 105 1 -4 115
 15 -1 -3 309
 15 -3 1 35
 15 2 1 45
 15 -4 -1 14
 15 -2 0 118
 15 1 2 259
 15 3 0 256
 15 1 -2 176
 15 0 -3 155
 15 0 0 132
 15 2 -2 213
 15 1 1 61
 15 2 -1 49
 15 -1 2 353
 15 -2 1 286
 15 0 1 316
 15 1 0 201
 15 -1 0 108
 55 -3 -3 266
 55 1 4 107
 55 -2 -2 40
 55 3 2 218
 55 -1 3 199
 55 -1 4 203
 55 4 0 246
 5 -3 0 101
 55 -4 0 135
 55 3 -2 295
 55 2 2 358
 55 0 4 213
 55 -2 2 239
 55 3 3 38
 55 -2 -1 47
 55 3 -3 17
 55 4 -1 199
 55 1 3 182
 55 -2 3 233
 55 -3 -1 228
 55 2 -3 2
 5 0 -4 206
 55 1 -3 134
 55 -2 -3 157
 55 -3 2 1
 55 -4 1 212
 5 2 3 94
 55 -1 -4 57
 "contig-ratio-green-core" 0.6818181818181818
 "contig-ratio-red-core" 0.9375
 "a-count" 6
 "b-count" 1
 "c-color-count" 27
 "c-express-count" 27
 "d-color-count" 24
 "d-express-count" 22
 "cell-count" 56
 15 1 2 284
 105 -3 1 289
 15 1 -1 299
 15 0 3 168
 15 -1 1 284
 15 2 0 251
 15 0 1 96
 15 3 -1 229
 15 -1 3 160
 15 1 0 257
 15 -1 -1 191
 15 1 3 39
 15 1 1 45
 15 -2 -1 209
 105 -3 2 226
 15 -2 -2 27
 15 -2 1 298
 15 2 1 176
 105 -1 4 123
 15 1 -2 98
 15 -2 0 189
 15 0 -1 145
 15 0 0 112
 15 0 2 147
 15 -1 0 23
 105 -1 -2 10
 15 0 -2 51
 15 -1 -3 35
 55 -3 -1 10
 55 -2 3 292
 55 -4 0 86
 55 -2 2 273
 55 0 -4 50
 55 -2 -3 145
 55 1 4 282
 5 2 3 53
 55 -1 -4 15
 55 4 1 299
 55 2 -1 35
 55 0 -3 287
 55 3 3 305
 55 3 1 192
 55 2 -2 351
 55 1 -4 173
 55 3 0 33
 55 1 -3 323
 55 -4 -1 245
 55 3 -2 278
 55 -4 1 293
 55 4 0 228
 55 -3 -2 110
 55 3 2 233
 55 2 -3 256
 55 -3 3 207
 55 -3 0 323
 55 -1 2 284
 "contig-ratio-green-core" 0.5833333333333334
 "contig-ratio-red-core" 0.9375
