 "a-count" 12
 "b-count" 7
 "c-color-count" 21
 "c-express-count" 21
 "d-color-count" 16
 "d-express-count" 16
 "cell-count" 56
 15 3 2 285
 105 1 4 37
 105 1 -2 94
 15 0 2 81
 105 -4 1 347
 105 2 3 148
 15 -1 4 148
 15 2 2 254
 105 -3 -1 338
 15 3 -1 177
 15 0 -3 62
 15 -1 3 245
 15 -2 -3 161
 15 -1 -3 13
 105 1 3 31
 15 1 2 28
 105 -3 3 299
 105 4 1 346
 15 0 4 66
 15 -2 3 124
 15 -1 -2 345
 15 2 -3 77
 105 0 -2 13
 105 -1 -4 204
 15 0 3 273
 105 3 3 338
 15 1 -3 221
 105 3 -3 103
 5 -3 2 146
 55 1 0 277
 55 -2 1 134
 5 -3 -3 182
 55 1 -1 102
 55 -1 -1 305
 55 2 -1 230
 55 -2 2 50
 55 -1 1 331
 55 -2 0 131
 55 -2 -1 228
 55 2 0 288
 55 -3 1 240
 55 2 1 73
 5 4 0 16
 55 -3 0 23
 55 -1 0 48
 55 -1 2 62
 5 -2 -2 270
 55 1 1 158
 55 0 -1 244
 5 -4 0 12
 5 3 1 114
 5 4 -1 149
 55 3 0 11
 55 0 0 346
 55 2 -2 338
 55 0 1 112
 "contig-ratio-green-core" 0.5714285714285714
 "contig-ratio-red-core" 0.45454545454545453
 "a-count" 8
 "b-count" 8
 "c-color-count" 20
 "c-express-count" 20
 "d-color-count" 20
 "d-express-count" 20
 "cell-count" 56
 15 -2 0 100
 105 4 0 352
 105 -1 -4 326
 15 4 -1 80
 15 0 -3 4
 15 -3 0 32
 15 1 -3 82
 105 -1 3 22
 105 0 -2 66
 105 -4 1 56
 15 -4 0 264
 105 -1 -2 273
 15 -3 -1 232
 15 -2 2 204
 15 3 1 178
 105 2 3 338
 15 -1 0 61
 15 -2 1 312
 15 -2 -2 305
 15 2 2 23
 15 1 -2 71
 105 -4 -1 303
 15 3 0 38
 15 -2 -1 170
 15 3 -1 282
 15 -3 1 190
 15 3 -2 121
 15 4 1 272
 5 1 4 205
 55 3 -3 49
 55 0 3 138
 55 1 3 314
 5 -1 -1 120
 55 1 1 49
 5 2 -1 286
 5 3 2 241
 55 -3 2 166
 55 1 2 179
 5 3 3 341
 55 0 0 278
 55 0 4 239
 55 1 -1 357
 55 -1 2 243
 55 2 1 125
 5 -3 3 103
 55 -1 -3 278
 55 0 -1 280
 55 -3 -2 168
 55 1 0 328
 55 0 1 261
 55 0 2 175
 55 2 -3 322
 55 -1 1 83
 5 -1 4 114
 55 2 0 15
 5 1 -4 100
 "contig-ratio-green-core" 0.7142857142857143
 "contig-ratio-red-core" 0.6666666666666666
 "a-count" 12
 "b-count" 6
 "c-color-count" 23
 "c-express-count" 22
 "d-color-count" 16
 "d-express-count" 16
 "cell-count" 56
 15 -3 2 226
 105 4 0 26
 15 1 -3 77
 105 -1 -4 173
 105 -3 3 106
 15 -3 -1 176
 105 3 -3 23
 15 0 -2 50
 15 -1 -2 341
 105 3 3 212
 105 1 -4 97
 15 1 -2 82
 15 2 -2 143
 15 -3 0 35
 105 0 -4 338
 15 2 0 167
 105 -1 -3 257
 15 3 1 60
 105 2 2 331
 15 -3 1 263
 105 -3 -2 253
 15 0 -3 209
 15 -4 -1 142
 15 2 -1 51
 105 -2 3 246
 15 3 0 298
 15 3 2 290
 105 4 1 214
 55 1 -1 251
 55 0 1 109
 55 3 -2 171
 55 -1 3 192
 5 3 -1 184
 55 0 0 238
 5 -2 -3 79
 5 -1 4 13
 55 1 1 191
 55 1 2 206
 55 4 -1 43
 55 -4 0 168
 55 -2 -2 153
 55 0 4 111
 55 1 0 162
 55 0 2 245
 55 -1 1 330
 55 -1 -1 41
 55 -2 0 137
 5 2 3 282
 55 -2 1 353
 55 -1 0 274
 55 0 -1 2
 55 2 1 3
 55 -1 2 322
 55 0 3 262
 55 -2 -1 32
 5 2 -3 162
 "contig-ratio-green-core" 0.6666666666666666
 "contig-ratio-red-core" 0.8181818181818182
 "a-count" 7
 "b-count" 4
 "c-color-count" 24
 "c-express-count" 24
 "d-color-count" 24
 "d-express-count" 21
 "cell-count" 56
 15 -3 1 126
 15 -3 -2 229
 15 2 4 259
 15 1 -3 247
 105 4 0 329
 15 3 -2 306
 15 1 3 166
 15 0 3 105
 15 -1 -2 159
 15 3 -1 344
 15 -1 -4 336
 15 -4 0 208
 15 3 0 81
 105 0 2 351
 15 -1 4 104
 105 4 1 243
 15 2 -1 249
 15 3 1 243
 15 -1 -3 171
 15 2 -2 290
 15 0 -3 204
 15 0 4 175
 15 -2 -3 283
 15 1 4 204
 105 -3 3 312
 15 -4 -1 47
 15 -2 -2 176
 15 -1 3 118
 55 2 1 33
 55 0 -4 194
 55 2 0 80
 5 2 -3 271
 55 1 1 229
 55 -1 1 50
 55 -3 -1 278
 55 1 -2 322
 55 0 0 269
 55 0 -2 170
 55 -2 1 57
 55 1 2 296
 55 1 -1 254
 55 -1 -1 52
 55 2 3 173
 5 0 5 260
 55 1 0 133
 55 0 -1 224
 55 -1 0 348
 55 -2 0 131
 5 3 3 235
 55 -3 0 309
 55 3 2 80
 5 1 -4 348
 55 -2 -1 213
 55 -2 2 31
 55 2 2 65
 55 0 1 91
 "contig-ratio-green-core" 0.8823529411764706
 "contig-ratio-red-core" 0.65
