 "a-count" 7
 "b-count" 3
 "c-color-count" 25
 "c-express-count" 25
 "d-color-count" 21
 "d-express-count" 21
 "cell-count" 56
 15 -1 3 128
 105 1 4 95
 15 3 0 320
 15 0 3 208
 15 3 -1 80
 15 3 -2 193
 15 2 3 310
 15 -3 -3 76
 15 2 0 59
 105 0 -4 302
 15 1 3 318
 15 2 2 311
 15 -4 1 86
 15 0 4 84
 105 -3 -1 249
 15 -4 -1 346
 15 -2 -3 221
 15 3 1 220
 105 -2 -2 300
 15 2 1 309
 105 -3 -2 79
 15 2 -1 90
 15 -2 2 151
 15 -1 2 143
 15 4 0 15
 15 -4 0 279
 105 2 -3 71
 105 3 2 327
 55 1 2 312
 55 -2 0 298
 55 1 -1 261
 5 -1 4 63
 55 -1 -1 259
 55 -3 2 20
 55 3 3 202
 55 1 -3 335
 55 1 1 183
 55 1 0 327
 55 -3 0 19
 55 1 -2 321
 55 -3 3 315
 55 0 -1 38
 55 -1 0 101
 55 0 2 155
 55 -1 -2 204
 55 0 -3 62
 55 -2 -1 162
 55 0 1 117
 5 4 -1 251
 55 0 0 154
 55 2 -2 79
 55 -2 1 136
 55 -1 1 211
 55 -1 -3 183
 55 0 -2 118
 5 -2 3 124
 "contig-ratio-green-core" 0.6875
 "contig-ratio-red-core" 0.5789473684210527
 "a-count" 11
 "b-count" 4
 "c-color-count" 24
 "c-express-count" 24
 "d-color-count" 18
 "d-express-count" 17
 "cell-count" 56
 15 2 1 237
 105 1 -3 220
 15 0 -4 83
 105 1 4 246
 15 3 -1 44
 15 1 -4 347
 15 -4 1 294
 105 -1 -3 156
 105 1 2 193
 105 3 -2 144
 15 2 -4 333
 15 -4 -1 247
 15 0 4 334
 15 2 3 200
 105 3 2 200
 15 4 1 139
 105 -1 -4 51
 15 -4 0 113
 105 -3 2 345
 15 0 3 105
 105 4 0 180
 15 -1 3 241
 15 2 2 106
 15 1 3 272
 105 -3 1 161
 15 -1 2 357
 15 1 1 117
 15 0 2 16
 5 3 3 102
 55 2 -1 274
 55 -3 3 257
 55 -2 0 119
 55 3 0 25
 55 -2 1 51
 55 1 -2 154
 55 0 0 116
 55 -2 3 281
 5 -2 -3 142
 55 2 0 289
 55 2 -2 155
 5 2 -3 72
 55 -1 1 91
 55 -1 -1 348
 55 0 -2 333
 55 -2 2 102
 5 -3 -1 304
 55 -2 -2 220
 55 1 -1 348
 55 -2 -1 347
 55 -1 -2 22
 55 -3 0 307
 55 1 0 16
 55 -1 0 196
 55 0 1 61
 55 0 -1 116
 55 3 1 64
 "contig-ratio-green-core" 0.5
 "contig-ratio-red-core" 0.6923076923076923
 "a-count" 7
 "b-count" 7
 "c-color-count" 21
 "c-express-count" 21
 "d-color-count" 21
 "d-express-count" 21
 "cell-count" 56
 15 0 4 315
 105 1 2 171
 15 0 3 354
 15 3 0 41
 15 -3 2 256
 15 -3 -1 335
 15 -2 2 249
 15 -3 0 221
 15 -4 0 326
 15 2 3 270
 15 2 -2 2
 15 3 -1 87
 105 3 -3 91
 105 2 2 128
 15 1 -1 93
 15 1 -2 209
 15 1 -3 2
 15 0 2 150
 105 -2 3 292
 105 1 4 176
 105 -4 1 234
 15 -1 -4 143
 15 2 -1 272
 15 -3 1 211
 105 1 3 214
 15 -1 4 318
 15 -3 -2 150
 15 -1 2 195
 55 1 0 282
 55 -1 -2 62
 55 -1 1 69
 55 3 1 149
 5 -2 -3 68
 55 0 -2 10
 55 4 1 237
 5 -4 -1 252
 5 3 3 233
 55 -2 0 0
 55 1 1 194
 55 0 0 350
 5 3 -2 6
 55 0 -1 114
 5 4 -1 126
 55 -3 3 92
 55 0 -3 235
 55 -2 1 178
 5 2 0 278
 55 0 -4 21
 55 -1 0 134
 55 0 1 220
 55 -2 -1 256
 5 1 -4 27
 55 -1 -1 74
 55 -2 -2 25
 55 -1 -3 257
 55 2 1 274
 "contig-ratio-green-core" 0.7333333333333333
 "contig-ratio-red-core" 0.5555555555555556
 "a-count" 10
 "b-count" 6
 "c-color-count" 22
 "c-express-count" 22
 "d-color-count" 19
 "d-express-count" 18
 "cell-count" 56
 15 0 -3 233
 15 -1 -3 339
 15 0 4 320
 105 3 3 126
 15 3 0 238
 15 1 4 281
 15 2 -2 120
 15 3 -1 263
 105 3 -2 86
 15 3 1 256
 15 0 3 121
 15 0 -2 333
 105 -3 -2 126
 105 -3 2 330
 15 1 -3 129
 15 -2 -2 308
 15 -4 0 299
 105 1 3 147
 15 -1 4 287
 15 -3 0 152
 15 2 -3 97
 105 -4 1 57
 105 -2 3 72
 105 3 -3 211
 15 -1 -2 71
 15 -3 1 0
 105 -1 3 148
 15 1 -2 327
 55 -1 -1 197
 55 3 2 336
 55 -3 -1 150
 5 2 -1 138
 55 -2 1 176
 55 2 1 118
 55 1 0 276
 5 -2 -3 305
 55 1 -1 153
 55 2 0 346
 5 0 -4 65
 55 1 1 214
 55 0 0 143
 5 4 0 227
 55 -1 1 281
 55 1 2 22
 5 2 2 301
 55 0 -1 47
 55 0 1 125
 55 0 2 70
 55 -2 -1 268
 55 -2 0 272
 55 -1 2 108
 55 -1 0 174
 55 1 -4 236
 55 -2 2 2
 5 -3 -3 320
 55 4 -1 297
 "contig-ratio-green-core" 0.6875
 "contig-ratio-red-core" 0.625
