 "a-count" 8
 "b-count" 0
 "c-color-count" 28
 "c-express-count" 28
 "d-color-count" 20
 "d-express-count" 20
 "cell-count" 56
 15 3 0 294
 15 0 -4 108
 15 4 0 18
 15 -2 -3 295
 105 2 -3 237
 15 0 -3 136
 105 2 -2 233
 15 3 -1 258
 15 3 -2 195
 15 0 4 178
 105 -2 2 317
 15 -1 -3 141
 15 1 3 141
 15 0 3 117
 15 -3 -2 45
 15 -3 1 328
 105 4 -1 58
 15 -4 1 272
 15 3 3 88
 15 -1 3 103
 15 1 -4 162
 105 -3 -3 250
 15 2 3 90
 105 -3 3 178
 15 -2 -2 224
 105 -3 2 189
 15 1 4 6
 105 -1 -4 84
 55 2 2 241
 55 1 1 113
 55 3 1 107
 55 1 -2 284
 55 1 -3 22
 55 -1 -2 44
 55 1 0 44
 55 -2 1 175
 55 0 -2 259
 55 2 -1 273
 55 3 2 105
 55 0 -1 135
 55 -2 -1 347
 55 -1 -1 222
 55 1 2 280
 55 2 1 239
 55 4 1 106
 55 1 -1 47
 55 2 0 269
 55 0 1 303
 55 -2 0 274
 55 -3 -1 262
 55 -3 0 126
 55 -1 0 243
 55 -1 2 40
 55 0 0 124
 55 -1 1 215
 55 0 2 226
 "contig-ratio-green-core" 0.8235294117647058
 "contig-ratio-red-core" 0.7894736842105263
 "a-count" 3
 "b-count" 0
 "c-color-count" 28
 "c-express-count" 28
 "d-color-count" 25
 "d-express-count" 25
 "cell-count" 56
 15 -1 -3 153
 15 1 -4 101
 15 1 3 271
 15 0 -4 350
 15 0 -3 186
 15 4 0 193
 15 -3 -3 348
 15 -4 2 76
 15 1 2 154
 15 1 -2 80
 15 -4 -1 171
 15 -3 2 104
 15 -2 -3 187
 15 -2 3 98
 105 3 -3 136
 15 4 1 324
 15 -3 3 350
 15 -4 0 176
 15 -4 1 228
 15 1 -3 9
 15 4 -1 278
 15 3 3 39
 105 2 -3 160
 105 2 3 337
 15 1 4 161
 15 2 2 6
 15 0 -2 102
 15 3 -1 331
 55 0 3 194
 55 -2 -2 355
 55 3 2 33
 55 -3 1 311
 55 2 -1 221
 55 -1 3 211
 55 2 1 243
 55 3 0 11
 55 0 1 188
 55 0 2 339
 55 -1 2 348
 55 1 1 111
 55 1 0 261
 55 -2 0 223
 55 0 -1 334
 55 1 -1 269
 55 2 0 233
 55 2 -2 51
 55 -3 -1 288
 55 -1 1 341
 55 -2 2 357
 55 0 0 302
 55 -3 0 320
 55 -1 -1 358
 55 -2 -1 322
 55 -1 0 173
 55 -2 1 31
 55 3 1 137
 "contig-ratio-green-core" 0.8333333333333334
 "contig-ratio-red-core" 0.8333333333333334
 "a-count" 11
 "b-count" 0
 "c-color-count" 28
 "c-express-count" 28
 "d-color-count" 18
 "d-express-count" 17
 "cell-count" 56
 105 -4 -1 65
 15 0 -3 32
 15 3 -1 0
 15 2 -3 107
 15 0 3 149
 105 0 4 344
 105 -1 4 242
 15 1 -3 299
 105 0 -4 181
 15 2 -2 105
 105 3 3 139
 105 4 0 31
 15 2 3 331
 15 -3 -2 278
 105 4 1 344
 15 3 2 228
 15 -4 0 168
 15 -2 3 90
 105 -1 -4 144
 15 1 3 16
 15 -4 1 35
 15 -3 -1 2
 15 1 4 298
 105 3 -2 229
 15 2 -1 18
 15 -2 -2 98
 15 -1 3 285
 105 1 -4 73
 55 1 -1 34
 55 0 -2 238
 55 -2 1 351
 55 -2 2 191
 55 -1 -3 196
 55 0 1 117
 55 -1 -2 315
 55 -3 0 30
 55 -2 -1 288
 55 1 -2 84
 55 2 1 170
 55 2 0 326
 55 -1 0 311
 55 3 0 314
 55 2 2 345
 55 3 -3 215
 55 3 1 309
 55 0 2 198
 55 1 0 316
 55 1 1 43
 55 -1 -1 56
 55 -3 1 164
 55 -1 2 247
 55 0 -1 357
 55 0 0 273
 55 -1 1 82
 55 1 2 358
 55 -2 0 71
 "contig-ratio-green-core" 0.9375
 "contig-ratio-red-core" 1.0625
