 "a-count" 9
 "b-count" 0
 "c-color-count" 28
 "c-express-count" 28
 "d-color-count" 19
 "d-express-count" 19
 "cell-count" 56
 15 -1 1 172
 105 4 -1 252
 15 3 -1 308
 15 -3 -1 100
 15 4 0 333
 105 -1 -4 56
 15 4 1 295
 15 -2 0 244
 15 1 3 10
 15 -1 4 13
 105 3 3 116
 105 0 3 158
 15 3 -2 1
 15 -1 -1 358
 105 -3 1 213
 15 -2 -1 324
 15 -3 0 176
 15 -1 2 62
 15 -1 0 339
 105 2 3 61
 15 -3 -2 208
 15 3 2 169
 15 2 -3 62
 15 -2 1 131
 105 1 4 245
 15 -2 2 303
 105 0 4 95
 105 3 -3 169
 55 2 0 29
 55 0 1 224
 55 0 -3 356
 55 1 -3 259
 55 2 -1 184
 55 1 0 284
 55 2 2 168
 55 1 -1 193
 55 0 -4 253
 55 -2 -2 3
 55 -2 3 77
 55 0 2 103
 55 1 -2 322
 55 -1 3 170
 55 2 1 259
 55 3 1 141
 55 1 1 15
 55 1 -4 47
 55 0 0 333
 55 -1 -3 358
 55 -4 1 342
 55 -1 -2 53
 55 1 2 180
 55 0 -2 99
 55 2 -2 0
 55 0 -1 102
 55 -4 0 257
 55 3 0 287
 "contig-ratio-green-core" 0.8
 "contig-ratio-red-core" 1.0666666666666667
 "a-count" 7
 "b-count" 0
 "c-color-count" 28
 "c-express-count" 28
 "d-color-count" 21
 "d-express-count" 21
 "cell-count" 56
 15 3 -2 215
 105 -2 3 110
 105 -4 -1 81
 105 -4 0 130
 15 0 4 262
 15 -1 -3 32
 15 -3 0 208
 15 -3 2 27
 15 -1 4 130
 15 0 3 321
 105 -4 1 210
 15 -3 -1 222
 105 2 -4 192
 105 -3 -3 356
 15 2 -3 347
 15 -3 1 354
 15 1 -3 297
 15 1 -4 202
 15 1 4 321
 15 -1 -2 266
 15 0 -3 252
 15 -2 -2 60
 15 4 -1 225
 15 0 -4 91
 15 2 3 104
 105 -1 -4 24
 15 -3 -2 141
 15 -2 -3 317
 55 0 1 295
 55 -1 0 297
 55 1 0 174
 55 4 1 353
 55 2 1 141
 55 2 2 96
 55 -2 0 146
 55 -1 2 332
 55 2 -1 75
 55 3 1 108
 55 2 -2 331
 55 1 -1 302
 55 0 2 301
 55 2 0 258
 55 3 -3 272
 55 0 0 207
 55 -2 2 240
 55 3 -1 76
 55 4 0 218
 55 -1 -1 225
 55 1 3 149
 55 -1 1 138
 55 1 -2 2
 55 0 -1 221
 55 3 0 183
 55 1 2 103
 55 -2 1 181
 55 1 1 273
 "contig-ratio-green-core" 0.7333333333333333
 "contig-ratio-red-core" 0.5294117647058824
 "a-count" 5
 "b-count" 0
 "c-color-count" 28
 "c-express-count" 28
 "d-color-count" 23
 "d-express-count" 23
 "cell-count" 56
 15 -2 -2 169
 15 2 3 30
 15 4 1 5
 105 -4 -1 131
 15 4 0 353
 15 4 -1 8
 15 -3 2 124
 15 1 3 98
 105 -4 0 336
 105 -4 1 135
 15 0 -4 297
 15 3 -2 123
 15 3 3 32
 105 -1 4 18
 15 -3 0 35
 15 -2 -3 147
 15 0 4 43
 15 2 4 93
 15 2 -2 311
 15 1 -4 51
 15 -3 1 284
 15 3 2 170
 15 -1 -4 316
 105 -3 -1 158
 15 -4 2 94
 15 1 -3 262
 15 -2 -4 47
 15 3 -1 176
 55 0 1 144
 55 1 -2 115
 55 -2 1 42
 55 2 1 112
 55 2 0 184
 55 3 0 58
 55 -1 0 234
 55 -2 0 185
 55 -2 -1 8
 55 -1 -1 177
 55 2 -1 85
 55 1 4 90
 55 -2 2 98
 55 -1 1 149
 55 -1 -2 287
 55 0 0 141
 55 -1 3 13
 55 -1 2 84
 55 3 1 79
 55 0 2 135
 55 0 -1 20
 55 2 2 221
 55 1 2 58
 55 1 1 225
 55 1 0 351
 55 1 -1 204
 55 0 -3 23
 55 0 -2 298
 "contig-ratio-green-core" 0.9285714285714286
 "contig-ratio-red-core" 0.6842105263157895
