 "a-count" 7
 "b-count" 0
 "c-color-count" 28
 "c-express-count" 28
 "d-color-count" 21
 "d-express-count" 21
 "cell-count" 56
 15 -3 -3 228
 15 -1 4 59
 15 -3 0 276
 105 -3 3 60
 15 1 4 358
 15 -4 1 56
 15 4 -1 281
 105 1 -3 41
 15 3 2 168
 15 1 -1 304
 15 4 1 341
 15 -1 -4 131
 15 2 -2 236
 15 -1 3 329
 105 1 -4 154
 105 -1 -3 119
 15 0 -3 204
 105 1 -2 317
 15 0 4 332
 15 3 -2 98
 105 3 3 244
 105 2 3 91
 15 -3 2 348
 15 2 -1 229
 15 -2 3 90
 15 -4 0 176
 15 -4 2 183
 15 0 -4 21
 55 2 2 349
 55 1 0 45
 55 0 0 311
 55 -2 2 6
 55 -3 -2 238
 55 -1 -1 288
 55 2 1 99
 55 0 2 43
 55 -1 1 316
 55 3 -1 340
 55 0 -2 69
 55 3 0 142
 55 1 3 260
 55 0 -1 136
 55 0 1 3
 55 -1 0 190
 55 -2 1 83
 55 -1 -2 109
 55 3 1 304
 55 -2 0 315
 55 4 0 232
 55 -2 -1 235
 55 1 1 189
 55 2 0 105
 55 -2 -2 101
 55 -3 -1 52
 55 -1 2 30
 55 1 2 176
 "contig-ratio-green-core" 0.7222222222222222
 "contig-ratio-red-core" 0.8
 "a-count" 8
 "b-count" 0
 "c-color-count" 28
 "c-express-count" 28
 "d-color-count" 20
 "d-express-count" 20
 "cell-count" 56
 15 0 -4 42
 105 1 -4 136
 105 0 -3 292
 15 -4 0 309
 15 2 4 31
 105 -3 2 282
 105 4 0 12
 15 1 4 232
 15 -3 -1 269
 105 1 -3 7
 15 1 -2 287
 105 4 1 262
 105 -1 3 328
 15 -1 4 138
 15 -4 1 28
 15 2 -2 146
 15 3 0 223
 15 2 -3 39
 15 -3 0 79
 15 -2 -3 319
 15 3 -2 171
 15 2 -1 104
 15 -1 -3 8
 15 -4 2 144
 15 3 -3 61
 15 3 -1 337
 15 0 4 292
 105 3 1 50
 55 -2 0 290
 55 0 -2 48
 55 2 0 173
 55 0 0 298
 55 1 2 99
 55 -1 2 174
 55 1 -1 126
 55 -2 2 266
 55 1 0 211
 55 1 3 203
 55 -1 0 97
 55 -1 1 348
 55 -3 -2 36
 55 0 3 234
 55 2 2 80
 55 -2 1 12
 55 -1 -1 207
 55 2 1 257
 55 0 1 282
 55 -2 -2 181
 55 -1 -4 308
 55 -2 -1 219
 55 1 1 102
 55 -3 -3 226
 55 -1 -2 227
 55 0 -1 279
 55 0 2 65
 55 -4 -1 255
 "contig-ratio-green-core" 0.5625
 "contig-ratio-red-core" 0.6666666666666666
 "a-count" 3
 "b-count" 0
 "c-color-count" 28
 "c-express-count" 28
 "d-color-count" 26
 "d-express-count" 25
 "cell-count" 56
 15 -2 -1 357
 15 -4 1 188
 15 1 -2 273
 105 3 1 191
 15 -1 -1 78
 15 -4 2 186
 15 -1 -2 157
 15 0 -2 241
 15 -2 -2 229
 15 4 0 46
 15 3 -2 341
 15 4 -1 321
 15 1 -3 162
 15 4 1 327
 15 0 -4 251
 15 -3 2 9
 15 0 -3 336
 15 3 2 27
 15 3 0 127
 15 -2 3 212
 105 3 -1 294
 15 -3 3 349
 15 -2 2 135
 15 1 -2 262
 15 1 3 127
 15 3 3 251
 15 -4 0 182
 15 2 3 358
 55 -3 -2 120
 55 0 3 242
 55 0 1 130
 55 2 0 208
 55 0 4 113
 55 -3 0 302
 55 -3 1 39
 55 0 0 97
 55 1 2 296
 55 1 1 273
 55 -2 1 13
 55 -1 1 12
 55 -1 3 32
 55 2 -1 282
 55 -3 -1 278
 55 -1 2 315
 55 1 0 247
 55 2 1 300
 55 0 -1 54
 55 2 2 53
 55 2 -2 199
 55 -1 -3 80
 55 -3 -3 37
 55 -1 0 342
 55 -2 0 306
 55 0 2 10
 55 1 -1 207
 55 -2 -3 343
 "contig-ratio-green-core" 0.8947368421052632
 "contig-ratio-red-core" 0.7391304347826086
 "a-count" 4
 "b-count" 0
 "c-color-count" 28
 "c-express-count" 28
 "d-color-count" 24
 "d-express-count" 24
 "cell-count" 56
 15 -1 0 358
 15 4 -2 212
 105 -1 -3 113
 15 0 4 3
 15 -2 0 94
 15 -4 -2 307
 15 1 -3 193
 15 -3 0 38
 15 3 2 13
 15 -2 1 163
 15 -2 2 156
 15 4 -3 111
 15 -3 -1 142
 105 -2 -1 161
 15 -1 1 114
 15 3 3 197
 15 -4 -1 3
 105 -2 -2 121
 15 -3 -2 294
 15 2 -3 189
 105 0 -4 175
 15 -3 3 242
 15 4 -1 66
 15 -3 2 53
 15 3 -2 4
 15 3 -3 253
 15 -1 2 259
 15 -3 1 249
 55 0 1 157
 55 1 -1 84
 55 2 2 90
 55 2 -1 192
 55 1 -2 161
 55 -1 -1 121
 55 3 0 277
 55 3 -1 75
 55 0 0 282
 55 -1 4 76
 55 2 0 207
 55 -1 -2 185
 55 2 3 20
 55 1 3 65
 55 1 2 142
 55 -4 1 40
 55 -4 0 215
 55 2 -2 111
 55 1 1 255
 55 1 0 190
 55 -1 3 157
 55 3 1 140
 55 0 3 342
 55 0 -1 43
 55 -2 3 290
 55 0 -2 46
 55 0 2 46
 55 2 1 286
 "contig-ratio-green-core" 0.75
 "contig-ratio-red-core" 0.7368421052631579
