 "a-count" 3
 "b-count" 0
 "c-color-count" 28
 "c-express-count" 28
 "d-color-count" 25
 "d-express-count" 25
 "cell-count" 56
 15 -2 2 249
 15 -4 -1 124
 15 -4 0 224
 15 4 2 74
 15 -4 -2 295
 15 -2 3 278
 15 -1 -4 289
 15 -3 -2 177
 15 -3 2 63
 15 -1 3 169
 15 4 3 265
 105 -3 -3 195
 15 0 3 335
 15 2 -2 78
 15 4 1 41
 15 -2 -3 153
 15 -1 2 216
 15 2 -3 5
 15 1 -3 42
 15 -3 1 179
 15 3 3 83
 105 -1 4 180
 15 -2 1 288
 105 -4 1 224
 15 3 2 293
 15 -3 3 12
 15 3 1 53
 15 0 4 0
 55 -1 0 295
 55 2 -1 354
 55 0 -4 16
 55 0 -2 210
 55 -3 -1 299
 55 -3 0 115
 55 2 0 274
 55 1 -1 112
 55 1 -2 16
 55 -1 1 146
 55 -2 -2 244
 55 0 -3 344
 55 0 2 304
 55 -1 -2 162
 55 2 2 224
 55 1 1 281
 55 -2 -1 116
 55 1 2 133
 55 -2 0 54
 55 1 0 167
 55 0 -1 103
 55 0 1 346
 55 1 3 339
 55 -1 -1 299
 55 2 3 72
 55 2 1 17
 55 0 0 244
 55 -1 -3 95
 "contig-ratio-green-core" 0.875
 "contig-ratio-red-core" 0.7
 "a-count" 3
 "b-count" 0
 "c-color-count" 28
 "c-express-count" 28
 "d-color-count" 25
 "d-express-count" 25
 "cell-count" 56
 15 -1 4 71
 15 1 -3 183
 15 2 -2 353
 15 -1 3 177
 15 1 -4 163
 15 4 1 250
 105 -3 3 223
 15 -1 -3 69
 15 2 3 272
 15 2 -3 41
 15 -4 -3 238
 15 -2 2 46
 15 -3 2 308
 105 0 -4 244
 15 -3 -2 20
 15 3 2 353
 15 -2 3 106
 15 -3 -3 16
 15 0 3 296
 15 -2 -3 222
 15 -1 2 186
 15 3 -2 269
 15 1 3 201
 15 -2 -2 125
 15 0 -3 0
 15 1 4 250
 105 1 -2 171
 15 0 4 339
 55 2 -1 267
 55 0 0 358
 55 -1 0 90
 55 1 0 170
 55 -1 1 188
 55 3 1 175
 55 4 0 100
 55 1 -1 268
 55 0 2 267
 55 3 -1 16
 55 -3 0 164
 55 0 -1 149
 55 -3 1 81
 55 3 0 199
 55 -2 0 73
 55 -2 1 17
 55 -1 -1 19
 55 2 1 75
 55 -2 -1 318
 55 1 2 95
 55 -3 -1 94
 55 3 3 163
 55 1 1 214
 55 0 1 243
 55 0 -2 126
 55 2 0 295
 55 2 2 6
 55 -1 -2 347
 "contig-ratio-green-core" 0.875
 "contig-ratio-red-core" 0.65
 "a-count" 9
 "b-count" 0
 "c-color-count" 28
 "c-express-count" 28
 "d-color-count" 19
 "d-express-count" 19
 "cell-count" 56
 15 1 4 170
 105 3 3 200
 15 -2 -1 300
 15 -1 -3 231
 15 -1 -4 252
 15 3 -3 292
 105 -3 -2 132
 15 -3 0 161
 15 1 3 82
 15 -3 1 107
 15 -1 -2 296
 15 4 0 214
 15 4 1 288
 105 4 -1 136
 105 3 -2 255
 15 0 -3 184
 15 3 0 136
 105 3 2 116
 15 0 4 20
 105 -2 -2 203
 105 -4 -1 196
 105 -3 -3 343
 15 -3 -1 100
 15 3 1 263
 105 -4 1 92
 15 -4 0 334
 15 -2 -3 340
 15 0 -4 108
 55 2 -3 102
 55 2 -2 114
 55 -1 1 203
 55 0 -2 160
 55 -2 3 43
 55 2 2 320
 55 -2 0 78
 55 2 1 107
 55 1 2 180
 55 -1 -1 358
 55 1 -1 319
 55 1 -2 203
 55 1 1 61
 55 0 -1 148
 55 0 2 234
 55 -1 2 137
 55 -1 0 169
 55 2 0 325
 55 2 -4 36
 55 0 3 15
 55 1 0 344
 55 0 0 349
 55 -2 2 57
 55 2 -1 305
 55 0 1 125
 55 -1 3 138
 55 -2 1 258
 55 1 -3 242
 "contig-ratio-green-core" 0.5882352941176471
 "contig-ratio-red-core" 0.5882352941176471
