 "a-count" 6
 "b-count" 4
 "c-color-count" 24
 "c-express-count" 24
 "d-color-count" 23
 "d-express-count" 22
 "cell-count" 56
 105 2 3 33
 15 1 0 206
 15 1 2 352
 15 0 -1 204
 15 1 3 75
 15 -1 0 317
 15 -1 0 332
 15 2 2 74
 105 2 1 204
 15 0 1 196
 15 0 2 87
 15 2 -1 159
 15 2 -2 179
 15 1 1 121
 15 2 -3 344
 105 -4 -1 161
 15 -1 1 290
 15 2 0 347
 15 0 0 180
 15 3 1 97
 105 1 -1 341
 15 -3 1 310
 15 3 0 347
 15 1 4 79
 15 3 -1 211
 15 -3 3 202
 105 3 3 212
 15 -3 -3 177
 55 4 0 112
 55 -2 0 170
 55 0 -2 18
 55 -1 -1 350
 55 0 -4 5
 55 -1 -3 40
 55 1 -2 334
 55 1 -2 357
 5 -2 -3 147
 55 -1 3 12
 55 -2 2 225
 55 -1 4 268
 55 -1 2 198
 55 3 -3 247
 55 -1 4 200
 55 -2 4 246
 55 -2 -1 119
 55 -1 -2 268
 55 0 3 84
 55 -2 3 26
 55 0 -2 300
 5 -4 1 125
 5 -4 0 32
 55 4 1 264
 55 -3 -1 36
 55 0 -3 142
 55 -3 0 78
 5 4 -1 340
 "contig-ratio-green-core" 0.47619047619047616
 "contig-ratio-red-core" 0.75
 "a-count" 1
 "b-count" 3
 "c-color-count" 25
 "c-express-count" 25
 "d-color-count" 28
 "d-express-count" 27
 "cell-count" 56
 15 -2 -1 351
 15 0 -2 309
 15 -1 -2 210
 15 1 2 205
 15 1 -3 299
 15 -1 2 146
 15 3 -1 220
 15 -1 0 150
 15 -1 -1 197
 15 1 -1 197
 15 -3 0 337
 15 -1 4 171
 15 2 2 110
 15 3 2 200
 15 -1 1 63
 15 -3 3 88
 15 -2 0 191
 15 0 2 58
 15 -3 -1 115
 15 -4 -1 269
 15 1 1 38
 15 -2 2 315
 15 0 -1 71
 15 -2 1 31
 15 2 1 340
 15 1 -2 129
 15 0 0 235
 15 0 1 149
 55 4 0 266
 55 -2 3 322
 5 3 -3 112
 55 -1 3 125
 55 -3 -2 106
 55 -3 1 312
 55 -3 2 182
 5 2 3 91
 55 4 -2 73
 55 -1 -3 92
 55 -4 2 337
 55 1 4 26
 55 0 -3 12
 55 4 1 205
 55 3 1 200
 55 -2 -2 246
 55 2 -2 198
 55 1 3 199
 5 -3 -3 256
 55 3 -2 212
 55 -4 0 269
 55 -4 1 248
 55 -2 -3 41
 55 0 3 125
 55 3 0 213
 55 2 -1 279
 55 2 0 151
 55 0 4 280
 "contig-ratio-green-core" 0.7727272727272727
 "contig-ratio-red-core" 0.7894736842105263
 "a-count" 4
 "b-count" 3
 "c-color-count" 25
 "c-express-count" 25
 "d-color-count" 25
 "d-express-count" 24
 "cell-count" 56
 15 -1 2 185
 15 -2 2 276
 15 2 -1 159
 15 1 -3 110
 15 0 -4 301
 15 2 1 236
 105 -1 4 287
 15 -1 -2 156
 15 1 -2 260
 15 1 -1 271
 15 2 0 230
 15 -2 -2 9
 15 -4 1 38
 15 -1 -4 339
 15 1 1 19
 15 0 -2 312
 15 1 4 137
 15 -4 -1 48
 15 1 0 132
 15 -2 3 206
 105 -3 3 340
 15 0 -3 258
 15 0 0 67
 15 -1 3 243
 15 0 2 143
 15 4 1 302
 15 2 -2 55
 105 4 0 96
 55 1 3 316
 55 -3 -1 307
 55 1 -4 2
 5 3 2 107
 55 -3 1 317
 55 2 2 291
 55 1 2 201
 55 -3 0 1
 5 4 -1 155
 55 -2 -1 66
 55 -1 -3 343
 55 3 -1 144
 55 0 3 153
 55 -2 1 285
 55 2 -3 225
 55 -1 0 66
 55 -1 1 135
 55 -4 0 340
 55 0 4 33
 55 -2 0 136
 55 -1 -1 168
 55 -3 -3 211
 55 -3 -2 141
 55 3 0 325
 5 -3 2 122
 55 3 1 158
 55 2 -4 215
 55 2 3 335
 "contig-ratio-green-core" 0.8421052631578947
 "contig-ratio-red-core" 0.7368421052631579
 "a-count" 2
 "b-count" 6
 "c-color-count" 22
 "c-express-count" 22
 "d-color-count" 26
 "d-express-count" 26
 "cell-count" 56
 15 2 2 344
 15 -1 0 3
 105 3 3 13
 15 1 3 209
 15 -4 0 319
 15 1 1 49
 15 -2 0 340
 15 2 1 157
 15 0 -2 145
 105 -3 -2 116
 15 1 2 279
 15 -3 -3 356
 15 -3 0 358
 15 0 0 50
 15 0 -1 288
 15 -2 -2 318
 15 -1 -1 222
 15 -2 -1 358
 15 -3 -1 96
 15 3 1 49
 15 2 3 216
 15 -1 -2 300
 15 -1 1 236
 15 0 1 355
 15 1 0 227
 15 -4 1 107
 15 3 2 182
 15 2 0 253
 5 -3 2 195
 55 -2 1 26
 5 -1 3 135
 55 2 -2 57
 55 4 -1 14
 55 -2 3 331
 55 0 3 14
 55 0 -3 129
 55 2 -1 129
 55 -2 -3 264
 5 1 -1 321
 55 -3 3 336
 5 -4 -1 205
 55 -1 2 128
 55 4 0 193
 55 0 2 231
 55 -1 -4 225
 55 -1 -3 354
 5 0 4 124
 55 -3 1 139
 55 1 -3 273
 55 3 -2 174
 5 1 4 264
 55 3 -1 88
 55 3 0 64
 55 3 -1 237
 55 2 -3 81
 55 -2 2 311
 "contig-ratio-green-core" 0.7058823529411765
 "contig-ratio-red-core" 0.5263157894736842
