 "a-count" 5
 "b-count" 4
 "c-color-count" 24
 "c-express-count" 24
 "d-color-count" 24
 "d-express-count" 23
 "cell-count" 56
 15 1 4 243
 105 4 0 117
 15 2 1 118
 105 1 1 302
 15 1 2 292
 15 -3 -1 178
 15 2 2 105
 15 -2 -2 209
 15 -2 0 126
 15 1 3 155
 105 -1 -4 300
 15 1 -4 166
 15 -2 2 181
 15 0 0 349
 15 2 3 320
 15 -3 -2 165
 15 -1 2 339
 15 0 -4 23
 15 -1 1 112
 15 4 -1 343
 15 -2 -1 132
 15 0 1 76
 15 -3 0 241
 105 -4 -1 265
 15 -3 -3 243
 15 1 0 123
 15 0 2 196
 15 -1 3 142
 55 -1 4 57
 55 -1 -3 107
 55 3 0 40
 55 0 -1 55
 55 -1 -1 35
 55 2 -1 187
 55 -3 1 139
 55 -3 2 273
 5 -4 1 237
 55 -3 3 73
 55 -2 4 200
 55 2 -2 57
 55 1 -1 315
 55 0 -2 65
 5 3 2 57
 55 2 4 92
 55 -2 -3 167
 55 3 3 210
 55 4 1 174
 5 3 -1 6
 55 0 -3 122
 55 0 4 130
 55 2 0 85
 55 3 -2 193
 55 1 -3 125
 55 -2 3 33
 55 1 -2 162
 5 3 1 180
 "contig-ratio-green-core" 0.7222222222222222
 "contig-ratio-red-core" 0.6842105263157895
 "a-count" 3
 "b-count" 6
 "c-color-count" 22
 "c-express-count" 22
 "d-color-count" 26
 "d-express-count" 25
 "cell-count" 56
 15 -2 2 143
 15 4 -1 39
 15 -1 2 213
 15 1 -1 287
 15 -3 3 187
 15 -4 -2 270
 15 1 0 250
 105 0 4 358
 105 2 3 120
 15 -1 3 36
 15 0 2 0
 15 -1 -1 291
 15 2 -1 5
 15 0 3 279
 15 2 2 117
 15 -3 1 340
 15 3 2 68
 15 -1 1 284
 15 2 1 338
 15 -2 0 81
 15 1 1 205
 15 -2 -3 142
 15 -2 1 10
 15 -1 0 342
 15 0 1 89
 15 -2 3 114
 15 2 0 16
 15 0 0 20
 55 -3 -1 259
 55 -2 -2 86
 55 0 -2 150
 55 1 -2 288
 55 0 -4 14
 5 -2 -1 210
 55 -4 0 186
 55 3 0 38
 55 -3 2 202
 55 3 -1 70
 55 4 1 142
 55 3 -2 60
 5 -4 1 95
 5 2 -2 104
 55 1 4 337
 55 4 0 114
 55 1 3 311
 55 -1 -2 237
 55 -3 -2 91
 55 2 4 153
 5 1 -4 213
 55 3 1 76
 55 -4 -1 23
 5 -3 0 332
 55 2 -3 67
 55 0 -3 276
 5 -3 -3 190
 55 1 -3 203
 "contig-ratio-green-core" 0.47058823529411764
 "contig-ratio-red-core" 0.4117647058823529
 "a-count" 7
 "b-count" 5
 "c-color-count" 23
 "c-express-count" 23
 "d-color-count" 21
 "d-express-count" 21
 "cell-count" 56
 105 -4 -1 101
 15 3 -2 352
 15 3 0 207
 105 0 -1 128
 15 -1 -1 151
 105 -1 2 340
 15 2 2 118
 15 0 1 297
 15 -1 1 290
 105 1 -3 26
 15 -1 -4 128
 15 2 1 38
 15 0 0 212
 15 3 -1 15
 15 1 1 177
 15 0 4 58
 15 0 -4 264
 15 -2 -1 302
 15 -3 3 1
 15 2 0 191
 105 -2 -2 259
 15 3 1 263
 15 1 0 268
 15 -1 0 111
 105 4 -1 0
 105 1 -4 194
 15 -3 2 242
 15 -3 -1 4
 55 4 1 255
 55 1 3 245
 55 2 -2 255
 55 1 -2 128
 55 4 0 81
 5 3 2 135
 55 0 -2 141
 55 5 1 353
 55 -3 1 77
 55 -1 3 158
 55 0 2 121
 55 -3 -3 268
 5 2 -1 153
 55 -1 -3 107
 5 3 3 85
 5 3 -3 188
 55 1 -1 158
 55 -1 4 103
 55 -2 0 331
 55 1 2 309
 55 -2 1 131
 55 2 -3 17
 55 -2 -3 243
 55 -1 -2 170
 5 -2 2 149
 55 -4 1 244
 55 -3 0 164
 55 1 4 0
 "contig-ratio-green-core" 0.75
 "contig-ratio-red-core" 0.6875
 "a-count" 3
 "b-count" 4
 "c-color-count" 24
 "c-express-count" 24
 "d-color-count" 25
 "d-express-count" 25
 "cell-count" 56
 105 -2 3 117
 15 -1 -2 52
 15 2 -2 157
 15 2 0 260
 15 0 -2 264
 15 0 -1 237
 15 -1 -3 66
 15 1 -1 152
 15 -3 2 13
 105 3 3 302
 15 -1 -1 166
 105 3 -2 112
 15 0 0 154
 15 -3 -2 163
 15 3 -1 318
 15 3 -3 169
 15 2 3 212
 15 -1 0 102
 15 1 -2 186
 15 2 -3 25
 15 -2 -3 37
 15 -2 -2 122
 15 2 -1 19
 15 1 0 258
 15 2 1 74
 15 -1 -4 231
 15 3 0 37
 15 -3 3 334
 55 -3 1 106
 55 1 -3 358
 5 0 4 168
 55 1 1 257
 5 4 0 155
 55 -3 0 123
 55 -1 2 77
 55 3 1 22
 5 -4 0 123
 55 3 2 10
 55 0 -3 127
 55 2 2 5
 55 -2 0 342
 55 0 -4 212
 55 0 1 146
 55 -3 -3 137
 55 -1 1 50
 55 1 -4 326
 55 -1 3 338
 55 -2 1 82
 55 4 -1 302
 55 -3 -1 215
 55 1 3 149
 55 1 2 197
 55 1 4 211
 55 -1 4 295
 5 0 3 317
 55 -2 4 204
 "contig-ratio-green-core" 0.6842105263157895
 "contig-ratio-red-core" 0.7368421052631579
