 "a-count" 5
 "b-count" 7
 "c-color-count" 21
 "c-express-count" 21
 "d-color-count" 24
 "d-express-count" 23
 "cell-count" 56
 15 0 -3 115
 15 1 1 215
 105 4 -1 146
 15 0 2 5
 15 1 -2 190
 15 0 4 267
 15 -1 -2 140
 15 1 -1 123
 15 0 0 157
 15 -1 2 247
 15 1 2 220
 15 -1 3 230
 15 -2 3 204
 15 0 1 60
 15 1 0 7
 15 0 3 132
 105 -3 2 271
 105 -1 0 342
 15 3 1 200
 15 -1 1 21
 105 3 2 338
 15 0 -2 96
 15 -3 -2 344
 15 -1 -3 170
 15 0 -1 205
 15 2 2 352
 15 -1 -1 275
 15 1 3 190
 5 4 1 155
 55 -3 0 170
 55 3 3 60
 55 -3 1 165
 55 2 -2 246
 55 1 -4 60
 55 -2 0 328
 55 -2 1 64
 5 -3 -3 199
 55 -2 -1 116
 55 3 -1 315
 55 3 -3 160
 5 -4 1 196
 55 0 -4 354
 55 -4 -1 164
 55 2 -1 170
 55 3 -2 290
 55 4 0 33
 5 -3 3 64
 55 3 0 358
 55 -3 -1 69
 55 2 0 181
 5 2 3 160
 55 -1 -4 264
 5 1 -3 96
 55 1 4 193
 5 -2 2 28
 55 -1 4 306
 "contig-ratio-green-core" 0.4444444444444444
 "contig-ratio-red-core" 0.6666666666666666
 "a-count" 8
 "b-count" 4
 "c-color-count" 25
 "c-express-count" 24
 "d-color-count" 23
 "d-express-count" 20
 "cell-count" 56
 15 3 1 169
 105 1 3 310
 15 2 0 227
 15 1 2 264
 15 0 3 5
 15 -2 -3 328
 15 -1 -4 356
 15 -4 -2 95
 15 -3 -1 12
 15 0 2 200
 15 1 0 164
 105 2 -3 93
 15 0 1 102
 15 -3 -2 80
 15 -4 0 61
 15 3 -3 3
 15 -1 2 116
 15 -3 0 285
 15 3 0 279
 15 4 0 110
 15 1 1 201
 105 -3 1 348
 105 -1 4 109
 15 -4 -1 288
 15 2 1 352
 15 -2 -1 8
 15 -2 0 268
 105 3 2 133
 55 1 4 224
 55 0 -1 181
 55 0 -4 213
 55 2 -2 161
 55 -1 -1 72
 55 0 -2 141
 55 3 -2 314
 55 -2 1 82
 55 -3 3 216
 55 1 -1 260
 55 0 5 318
 55 2 -1 263
 5 2 3 63
 55 1 -3 318
 55 -1 0 257
 55 -3 2 173
 5 4 -1 73
 55 0 4 307
 55 0 -3 48
 5 -2 2 118
 55 -1 -3 100
 55 -1 -2 321
 55 -3 -3 77
 55 -1 3 33
 55 0 0 49
 55 1 -4 251
 55 -2 -2 96
 55 1 -2 38
 "contig-ratio-green-core" 0.5555555555555556
 "contig-ratio-red-core" 0.6470588235294118
 "a-count" 4
 "b-count" 2
 "c-color-count" 26
 "c-express-count" 26
 "d-color-count" 25
 "d-express-count" 24
 "cell-count" 56
 15 -2 -3 51
 15 -1 3 53
 105 2 3 98
 15 4 1 346
 15 1 1 27
 15 -2 -2 305
 15 -4 0 277
 15 1 -1 311
 15 2 0 264
 15 1 2 214
 15 0 4 209
 15 1 -2 140
 15 1 -3 14
 15 -1 -1 74
 15 2 -1 54
 15 1 0 17
 105 3 -3 180
 15 0 3 258
 15 3 3 277
 15 -4 1 169
 15 0 -1 295
 15 -1 -2 116
 15 -1 4 359
 105 1 -4 149
 15 0 -2 77
 15 2 2 38
 15 0 -4 260
 15 2 1 202
 55 -1 -4 288
 55 -1 1 153
 55 0 0 357
 5 -3 1 305
 55 -2 0 98
 55 0 1 198
 55 3 -1 21
 55 3 2 97
 55 -1 0 119
 55 -2 1 284
 5 -3 -3 124
 55 -1 2 352
 55 2 -4 178
 55 1 4 48
 55 1 3 14
 55 2 -3 124
 55 3 0 157
 55 -2 -1 351
 55 -2 2 206
 55 -3 2 247
 55 -3 -2 105
 55 -3 -1 308
 55 -3 0 5
 55 -1 -3 272
 55 3 1 313
 55 4 0 272
 55 0 2 189
 55 4 -1 139
 "contig-ratio-green-core" 0.9047619047619048
 "contig-ratio-red-core" 0.7272727272727273
 "a-count" 10
 "b-count" 3
 "c-color-count" 25
 "c-express-count" 25
 "d-color-count" 20
 "d-express-count" 18
 "cell-count" 56
 15 -2 0 282
 15 3 0 95
 15 0 -2 263
 105 0 -4 127
 105 4 -1 264
 105 -4 2 242
 15 -3 -1 336
 15 -1 -3 144
 15 3 1 134
 15 2 2 137
 15 2 1 255
 105 3 -3 269
 15 -3 2 34
 15 2 3 229
 105 3 -2 91
 105 -3 -3 59
 15 -2 1 114
 105 -2 -2 8
 15 1 2 126
 15 -2 2 40
 15 -3 0 21
 15 -1 -2 148
 15 0 -3 134
 105 2 -2 77
 15 -4 -1 359
 15 -2 -1 39
 15 -1 4 301
 15 -3 1 142
 55 1 4 174
 55 1 -1 245
 55 -4 0 19
 55 1 0 92
 55 -2 3 285
 55 -1 2 136
 5 2 -3 60
 55 0 0 90
 55 0 3 320
 5 0 1 150
 55 1 -2 145
 55 -1 0 64
 55 1 -3 232
 55 0 2 8
 55 2 0 87
 55 -3 -2 277
 55 2 -1 128
 55 0 -1 120
 55 -1 1 157
 55 3 -1 351
 55 -1 3 325
 55 0 4 221
 55 -3 3 298
 5 -4 1 279
 55 4 1 133
 55 1 -4 14
 55 1 1 345
 55 -1 -1 181
 "contig-ratio-green-core" 0.7777777777777778
 "contig-ratio-red-core" 0.8421052631578947
