 "a-count" 8
 "b-count" 5
 "c-color-count" 23
 "c-express-count" 23
 "d-color-count" 24
 "d-express-count" 20
 "cell-count" 56
 15 -3 0 82
 15 0 4 204
 15 1 2 351
 15 -3 2 214
 15 -4 1 185
 15 1 0 334
 15 2 -1 292
 15 1 1 325
 15 -2 -3 292
 15 3 1 42
 15 2 1 93
 15 -3 -1 324
 15 -1 -3 240
 15 0 0 351
 15 1 -4 301
 15 0 -3 302
 105 -1 4 252
 15 -1 -2 121
 15 0 -4 121
 15 4 -1 294
 15 1 -1 167
 15 -3 -3 199
 105 -3 1 336
 105 2 0 189
 105 2 3 336
 15 3 0 82
 15 -2 3 170
 15 -4 0 337
 5 -3 3 223
 55 0 2 257
 55 -2 -1 275
 55 1 3 69
 55 3 -1 315
 55 -2 1 199
 55 1 4 129
 55 3 2 25
 5 3 -2 326
 55 0 -2 10
 55 -1 0 344
 55 -2 0 185
 55 -1 2 3
 5 -2 -2 34
 55 -1 3 307
 55 2 2 50
 55 4 1 290
 55 -2 2 102
 55 1 -3 287
 5 -1 -4 123
 55 1 -2 140
 55 2 -2 163
 55 0 -1 35
 55 -1 -1 28
 5 -4 -1 273
 55 -1 1 18
 55 0 3 111
 55 2 -3 286
 "contig-ratio-green-core" 0.7619047619047619
 "contig-ratio-red-core" 0.9
 "a-count" 3
 "b-count" 6
 "c-color-count" 22
 "c-express-count" 22
 "d-color-count" 25
 "d-express-count" 25
 "cell-count" 56
 105 3 -3 200
 15 -2 2 270
 15 -1 -2 219
 15 -1 4 127
 15 0 -1 222
 15 4 1 88
 15 -1 0 143
 15 1 2 168
 15 -3 2 154
 15 1 1 237
 15 1 3 284
 15 0 0 258
 15 0 1 273
 15 0 2 77
 15 0 3 118
 105 0 -4 93
 15 1 -1 340
 15 -2 1 103
 15 0 4 266
 15 -1 1 90
 15 0 -2 231
 105 -4 -1 149
 15 0 -3 129
 15 3 2 346
 15 -3 1 135
 15 1 0 103
 15 3 3 318
 15 -1 -1 234
 5 4 -1 123
 55 -2 -2 85
 55 3 -1 252
 5 -3 -3 306
 55 -2 3 179
 5 -3 3 78
 55 -4 0 147
 55 -3 -1 110
 5 2 -3 346
 55 4 0 56
 55 -1 3 169
 55 -1 -3 47
 55 3 -2 2
 5 2 -2 334
 55 2 1 173
 55 -2 -3 261
 5 1 -3 74
 55 -3 0 237
 55 2 0 67
 55 -3 -2 70
 55 2 2 276
 55 1 -2 40
 55 3 1 225
 55 -2 -1 174
 55 3 0 47
 55 -2 0 120
 55 2 -1 26
 55 2 3 307
 "contig-ratio-green-core" 0.8888888888888888
 "contig-ratio-red-core" 0.7
 "a-count" 5
 "b-count" 7
 "c-color-count" 21
 "c-express-count" 21
 "d-color-count" 25
 "d-express-count" 23
 "cell-count" 56
 15 3 3 60
 15 1 -1 249
 15 -1 -2 205
 15 2 -1 130
 15 -3 2 139
 15 -3 3 46
 15 3 2 312
 15 0 -2 11
 105 -4 0 4
 15 0 -1 159
 15 0 0 209
 15 1 -3 337
 15 -4 -1 29
 15 -1 -3 205
 105 4 0 3
 15 1 -2 249
 15 2 3 249
 15 2 2 81
 15 1 0 10
 105 -4 1 336
 15 -1 0 72
 15 3 1 225
 15 1 3 163
 15 -1 -1 142
 15 4 -1 327
 15 0 -3 15
 15 2 -2 219
 15 0 -4 160
 55 -2 0 324
 55 -3 -2 87
 5 3 -3 308
 55 -1 1 217
 55 3 -1 1
 5 -2 2 97
 55 -1 4 63
 5 1 4 201
 55 -1 3 293
 5 -3 -1 321
 55 -2 1 237
 55 0 2 318
 55 -2 -3 97
 5 0 4 152
 55 2 0 131
 5 4 1 229
 55 -3 0 267
 55 -2 -2 333
 55 2 1 336
 5 1 -4 62
 55 0 1 75
 55 2 -3 278
 55 1 2 238
 55 3 0 211
 55 1 1 8
 55 3 -2 323
 55 -3 -3 234
 55 -1 2 28
 "contig-ratio-green-core" 0.6470588235294118
 "contig-ratio-red-core" 0.65
