 "a-count" 7
 "b-count" 7
 "c-color-count" 22
 "c-express-count" 21
 "d-color-count" 23
 "d-express-count" 21
 "cell-count" 56
 15 -2 3 102
 15 -1 1 81
 15 2 -1 235
 15 -1 -2 293
 15 1 0 208
 15 -3 -1 198
 15 0 0 192
 105 -2 -2 66
 15 2 -2 142
 15 -1 -1 165
 15 2 0 63
 15 -2 -1 246
 105 1 -2 204
 15 2 1 344
 15 0 -1 185
 15 -1 0 189
 15 -1 2 110
 105 4 1 1
 15 0 1 299
 105 2 3 1
 105 4 -1 108
 15 -1 3 214
 15 2 -3 39
 15 -3 0 26
 15 0 -2 86
 15 -2 0 337
 15 -1 4 267
 15 1 -1 246
 55 3 -1 13
 5 3 -2 92
 55 2 2 264
 55 -4 2 181
 55 -4 1 59
 5 3 1 234
 55 0 -3 126
 55 0 3 258
 55 0 -4 353
 5 3 3 162
 55 1 4 333
 55 -2 2 237
 55 1 -3 327
 5 -1 -4 249
 55 3 0 89
 5 -4 -1 344
 55 0 4 23
 55 -2 1 294
 55 0 2 90
 55 -3 1 163
 55 -3 -3 353
 55 1 2 172
 55 1 3 299
 55 1 -4 179
 5 -3 3 266
 55 -4 0 266
 55 -1 -3 195
 55 -3 -2 313
 "contig-ratio-green-core" 0.6666666666666666
 "contig-ratio-red-core" 0.875
 "a-count" 7
 "b-count" 4
 "c-color-count" 25
 "c-express-count" 24
 "d-color-count" 22
 "d-express-count" 21
 "cell-count" 56
 15 3 -1 295
 15 0 4 281
 15 2 0 215
 105 -1 -4 107
 15 -2 3 55
 15 2 2 42
 105 1 4 322
 15 3 0 117
 15 -1 -1 153
 15 1 0 17
 15 -4 -1 224
 15 -3 -3 228
 15 -4 0 303
 15 3 1 18
 15 2 1 194
 15 -1 0 66
 15 0 0 258
 15 1 -1 104
 105 1 -3 208
 15 0 -1 257
 15 -2 -3 126
 15 1 1 282
 105 2 3 286
 105 -1 4 153
 15 1 2 319
 15 2 -1 106
 105 3 2 6
 15 1 -2 263
 55 0 -4 204
 55 3 3 74
 55 0 -3 210
 55 -2 2 149
 55 -3 0 172
 55 -2 1 208
 55 -2 -2 6
 55 -1 -2 234
 55 -2 -1 210
 55 0 3 275
 55 -3 -1 14
 55 -1 2 171
 55 1 -4 93
 5 -4 1 62
 55 -1 3 165
 55 -3 2 273
 5 -2 0 35
 55 4 1 295
 55 2 -2 329
 55 -1 1 188
 5 1 3 40
 55 -1 -3 45
 55 0 2 168
 55 3 -3 258
 55 3 -2 3
 55 2 -4 210
 55 -3 1 258
 55 4 0 47
 "contig-ratio-green-core" 0.65
 "contig-ratio-red-core" 0.8571428571428571
 "a-count" 1
 "b-count" 4
 "c-color-count" 24
 "c-express-count" 24
 "d-color-count" 28
 "d-express-count" 27
 "cell-count" 56
 15 2 3 325
 15 -3 2 19
 15 1 -3 324
 15 4 -1 282
 15 0 -3 272
 15 2 -2 359
 15 2 2 271
 15 0 4 3
 15 1 3 74
 15 -1 4 319
 15 1 -1 128
 15 2 0 325
 15 -1 3 148
 15 0 -4 22
 15 -2 -1 153
 15 0 -2 154
 15 3 3 343
 15 -2 2 184
 15 -1 -4 178
 15 3 2 117
 15 4 -2 108
 15 2 -1 347
 15 2 1 29
 15 0 3 18
 15 -3 -1 244
 15 -3 3 60
 15 -2 3 239
 15 1 0 200
 5 -2 -3 268
 5 -4 0 301
 55 3 -1 32
 55 -2 -2 47
 55 3 0 216
 55 3 -2 93
 55 0 1 79
 55 -1 -3 14
 55 -3 0 198
 55 4 0 218
 55 0 0 335
 55 4 1 50
 55 -1 1 28
 55 -1 -1 213
 55 0 2 168
 55 -1 0 270
 55 0 -1 91
 55 2 4 347
 5 -4 -1 285
 55 2 -3 337
 55 1 4 88
 55 -2 1 229
 55 -1 -2 81
 5 -3 -2 16
 55 -2 0 55
 55 3 -3 237
 55 -3 1 330
 55 1 1 186
 "contig-ratio-green-core" 0.9
 "contig-ratio-red-core" 0.7307692307692307
 "a-count" 4
 "b-count" 2
 "c-color-count" 26
 "c-express-count" 26
 "d-color-count" 24
 "d-express-count" 24
 "cell-count" 56
 15 -1 -4 288
 105 -1 4 132
 15 1 1 308
 15 0 -1 9
 15 1 2 50
 15 2 2 288
 15 3 -3 359
 15 -4 -1 230
 15 -1 2 50
 15 3 -2 276
 15 2 1 47
 105 -2 3 234
 15 -1 -1 240
 15 0 0 62
 15 -1 1 57
 15 -3 -2 135
 15 -1 0 122
 15 4 0 128
 105 -4 1 134
 15 0 3 203
 15 -2 1 253
 15 -4 2 359
 15 -2 2 123
 15 3 1 224
 15 4 -1 199
 15 -2 -3 65
 105 -1 3 92
 15 1 3 125
 55 2 -1 9
 55 -3 -1 104
 55 -2 -2 99
 55 3 3 259
 55 2 3 166
 55 1 4 230
 55 -3 2 6
 55 1 0 341
 55 1 -3 351
 55 2 4 236
 55 3 2 164
 55 1 -2 318
 55 -4 0 211
 55 0 -4 16
 55 2 -3 118
 55 -3 0 258
 55 1 -4 260
 55 -2 0 33
 5 -3 -3 60
 5 2 0 304
 55 -3 3 48
 55 -1 -2 127
 55 -1 -3 356
 55 0 -3 27
 55 1 -1 162
 55 2 -2 249
 55 -3 1 238
 55 -2 -1 168
 "contig-ratio-green-core" 0.6818181818181818
 "contig-ratio-red-core" 0.631578947368421
