 "a-count" 7
 "b-count" 0
 "c-color-count" 28
 "c-express-count" 28
 "d-color-count" 21
 "d-express-count" 21
 "cell-count" 56
 15 -2 3 69
 15 0 -3 281
 105 0 4 96
 15 -2 2 1
 15 2 -1 233
 15 1 -1 336
 15 1 0 4
 105 0 1 15
 15 0 0 358
 15 1 -2 264
 15 -2 1 48
 15 0 -4 291
 105 -1 -4 102
 15 1 -3 5
 105 -1 4 130
 15 -1 1 102
 105 -4 0 10
 15 -1 -3 317
 15 -3 1 166
 15 -1 2 151
 15 2 0 104
 15 -3 2 227
 105 3 -2 275
 15 -3 -3 18
 15 0 3 47
 15 0 2 271
 105 -4 1 100
 15 3 -1 316
 55 1 3 255
 55 4 -1 89
 55 2 3 249
 55 3 2 273
 55 2 -3 43
 55 4 0 239
 55 -1 -2 193
 55 -3 -1 215
 55 -2 0 89
 55 -2 -2 13
 55 2 -2 78
 55 -1 -1 125
 55 1 4 179
 55 1 -4 254
 55 -2 -1 174
 55 2 2 291
 55 0 -1 123
 55 1 2 61
 55 2 4 74
 55 1 1 63
 55 -2 -3 255
 55 -1 0 30
 55 -3 -2 175
 55 0 -2 42
 55 2 1 212
 55 3 0 346
 55 4 2 95
 55 -3 0 193
 "contig-ratio-green-core" 0.7272727272727273
 "contig-ratio-red-core" 0.8823529411764706
 "a-count" 5
 "b-count" 0
 "c-color-count" 28
 "c-express-count" 28
 "d-color-count" 23
 "d-express-count" 23
 "cell-count" 56
 15 -2 -2 96
 15 -1 3 79
 15 3 0 175
 15 0 1 189
 105 -1 4 209
 15 -1 -3 333
 15 3 1 249
 15 -1 -4 16
 15 -3 1 267
 15 2 -3 49
 15 -2 -3 121
 15 0 -2 251
 15 -2 3 25
 105 2 1 312
 15 0 -3 285
 15 -3 2 246
 15 -2 2 236
 15 4 0 159
 105 0 4 15
 15 -1 -2 26
 105 -3 -2 251
 15 4 -1 78
 15 5 -1 62
 15 -1 1 80
 15 0 3 69
 105 0 2 355
 15 -1 2 250
 15 1 4 248
 55 2 0 120
 55 3 -2 321
 55 2 -2 325
 55 -2 -1 327
 55 -3 -1 177
 55 0 -1 37
 55 1 -3 321
 55 1 1 125
 55 -1 0 220
 55 0 -4 277
 55 1 0 213
 55 -2 0 196
 55 0 0 64
 55 3 -1 329
 55 2 3 159
 55 1 -2 114
 55 -3 3 263
 55 -1 -1 54
 55 1 3 37
 55 3 0 343
 55 1 -1 320
 55 2 -1 7
 55 -3 0 74
 55 -4 0 203
 55 1 2 236
 55 1 -4 326
 55 3 3 146
 55 2 4 279
 "contig-ratio-green-core" 0.7142857142857143
 "contig-ratio-red-core" 0.8421052631578947
 "a-count" 4
 "b-count" 0
 "c-color-count" 28
 "c-express-count" 28
 "d-color-count" 24
 "d-express-count" 24
 "cell-count" 56
 15 3 0 349
 105 0 -4 41
 15 2 0 245
 105 -4 0 58
 15 1 3 271
 15 2 -2 235
 15 0 3 199
 15 -1 4 335
 105 1 -2 150
 15 2 0 219
 15 -3 -1 270
 15 -1 3 85
 15 -2 3 112
 15 1 -3 219
 15 -2 -1 26
 15 -3 -2 358
 15 1 -1 142
 15 -3 0 272
 15 3 -1 343
 15 3 -2 210
 15 -2 -3 265
 15 -2 -2 232
 105 3 1 44
 15 0 4 160
 15 2 -3 128
 15 2 -1 81
 15 4 -2 12
 15 -3 3 107
 55 2 3 232
 55 0 0 256
 55 2 2 246
 55 -3 -3 277
 55 -3 2 314
 55 -1 0 298
 55 1 2 157
 55 -2 2 104
 55 -1 -1 332
 55 1 0 57
 55 0 1 251
 55 3 2 274
 55 0 -2 277
 55 0 -3 165
 55 0 1 80
 55 -2 0 84
 55 0 2 295
 55 -1 -2 88
 55 0 2 178
 55 -1 -3 97
 55 0 -1 95
 55 1 1 48
 55 -2 1 126
 55 2 1 226
 55 -4 -1 275
 55 -2 4 6
 55 -3 1 34
 55 -1 1 319
 "contig-ratio-green-core" 0.6666666666666666
 "contig-ratio-red-core" 0.8095238095238095
 "a-count" 5
 "b-count" 0
 "c-color-count" 28
 "c-express-count" 28
 "d-color-count" 23
 "d-express-count" 23
 "cell-count" 56
 15 -4 0 185
 15 -3 0 168
 15 1 3 89
 15 -1 3 73
 15 1 2 182
 15 3 -2 219
 15 -1 -4 309
 15 2 -2 154
 15 3 0 204
 15 3 1 106
 15 -3 2 99
 15 0 -4 234
 105 1 4 318
 15 4 -1 205
 105 -2 3 332
 15 -3 -2 267
 15 4 0 333
 15 3 -1 349
 105 -2 -3 171
 15 -3 -1 101
 15 2 3 123
 105 -3 3 94
 15 1 -3 350
 15 2 -3 252
 15 -3 1 164
 105 0 4 122
 15 0 3 134
 15 -1 4 96
 55 -1 0 101
 55 0 -1 232
 55 -4 1 284
 55 2 0 122
 55 -1 2 295
 55 2 4 208
 55 1 0 183
 55 -1 -2 263
 55 0 0 25
 55 1 -1 280
 55 -2 1 359
 55 -2 2 343
 55 1 1 319
 55 -1 -1 234
 55 -2 -2 21
 55 2 -1 85
 55 0 -3 18
 55 0 1 18
 55 0 -2 219
 55 -1 1 316
 55 3 3 145
 55 1 -4 198
 55 -2 -1 323
 55 0 2 260
 55 -4 -1 99
 55 -1 -3 287
 55 -2 0 57
 55 3 2 327
 "contig-ratio-green-core" 1
 "contig-ratio-red-core" 0.7894736842105263
