 "a-count" 4
 "b-count" 0
 "c-color-count" 28
 "c-express-count" 28
 "d-color-count" 24
 "d-express-count" 24
 "cell-count" 56
 15 0 -4 267
 15 0 4 118
 15 -3 -3 31
 105 4 -1 241
 15 2 -4 319
 15 -4 0 120
 15 4 1 189
 15 0 3 39
 15 1 -4 340
 15 4 0 115
 15 -1 -3 199
 15 3 -1 329
 15 3 0 88
 15 3 2 209
 15 -2 3 181
 105 1 3 33
 15 2 -1 39
 15 -1 2 273
 105 3 3 213
 15 2 -2 282
 105 1 -3 163
 15 -1 3 211
 15 -2 -3 133
 15 -1 -4 224
 15 3 1 272
 15 -2 2 329
 15 3 -2 185
 15 -4 1 161
 55 -1 1 84
 55 -2 -1 280
 55 -1 -1 177
 55 2 0 176
 55 0 -2 27
 55 -3 2 113
 55 -2 0 89
 55 1 2 355
 55 2 1 85
 55 0 -1 333
 55 -1 -2 69
 55 -1 0 43
 55 -1 4 42
 55 -2 -2 131
 55 1 -1 160
 55 1 -2 347
 55 -3 1 10
 55 -2 1 49
 55 1 1 266
 55 1 0 249
 55 -4 -1 266
 55 0 1 152
 55 -3 -1 74
 55 2 3 113
 55 2 2 270
 55 0 2 275
 55 -3 0 195
 55 0 0 313
 "contig-ratio-green-core" 0.6666666666666666
 "contig-ratio-red-core" 0.65
 "a-count" 8
 "b-count" 0
 "c-color-count" 28
 "c-express-count" 28
 "d-color-count" 21
 "d-express-count" 20
 "cell-count" 56
 15 1 4 108
 15 1 -4 121
 105 -2 -2 189
 15 1 3 331
 15 -4 0 179
 105 -3 -2 310
 15 -3 2 261
 15 0 3 63
 15 4 -3 11
 15 0 2 333
 105 2 2 322
 15 -3 0 274
 15 3 -3 20
 15 -3 -1 324
 15 2 -2 237
 105 -2 1 358
 15 -3 1 344
 15 1 2 163
 15 0 4 17
 15 0 1 51
 15 -2 0 270
 15 -4 1 162
 105 1 1 279
 15 -2 -1 255
 15 1 -3 13
 15 3 -2 158
 105 2 -3 203
 105 2 -4 21
 55 -1 2 297
 55 3 1 317
 55 -1 -3 57
 55 -1 -4 61
 55 -1 -1 137
 55 2 -1 327
 55 0 -4 146
 55 3 0 202
 55 0 -3 128
 55 1 -2 130
 55 3 -1 55
 55 0 0 185
 55 2 0 310
 55 -1 3 45
 55 0 -2 58
 55 -1 1 314
 55 4 1 166
 55 1 0 170
 55 -1 0 237
 55 -2 3 224
 55 4 0 354
 55 -1 4 210
 55 0 -1 34
 55 2 1 29
 55 4 2 292
 55 -1 -2 208
 55 -2 2 94
 55 1 -1 223
 "contig-ratio-green-core" 0.5
 "contig-ratio-red-core" 0.7222222222222222
 "a-count" 10
 "b-count" 0
 "c-color-count" 28
 "c-express-count" 28
 "d-color-count" 18
 "d-express-count" 18
 "cell-count" 56
 15 2 -3 316
 105 -3 -2 77
 15 3 -2 199
 15 4 -1 21
 105 -4 0 31
 15 -1 -2 28
 15 3 -1 203
 15 -2 -2 201
 15 4 -2 334
 105 -4 -1 281
 15 -1 4 114
 15 2 -2 266
 15 2 3 128
 105 -1 -4 309
 105 1 4 350
 15 -3 2 56
 105 -4 1 296
 15 -1 -1 355
 15 -3 0 63
 15 -2 2 354
 105 4 0 219
 105 4 1 322
 15 -2 -1 243
 105 -3 -3 51
 15 -3 1 206
 15 -2 3 165
 15 1 -4 328
 105 -3 3 135
 55 3 2 65
 55 1 -2 279
 55 0 -1 197
 55 0 -2 253
 55 0 1 132
 55 3 1 342
 55 0 0 8
 55 -1 2 346
 55 -1 1 142
 55 1 0 207
 55 0 2 162
 55 2 2 271
 55 1 1 153
 55 0 3 231
 55 -2 1 13
 55 0 -3 301
 55 -1 0 90
 55 1 -1 256
 55 1 -3 283
 55 -2 0 92
 55 2 0 289
 55 1 3 106
 55 2 -1 262
 55 1 2 327
 55 0 4 231
 55 2 1 2
 55 -1 -3 334
 55 -1 3 101
 "contig-ratio-green-core" 0.7222222222222222
 "contig-ratio-red-core" 0.7333333333333333
 "a-count" 11
 "b-count" 0
 "c-color-count" 28
 "c-express-count" 28
 "d-color-count" 17
 "d-express-count" 17
 "cell-count" 56
 105 3 -1 180
 15 -2 -3 104
 15 -3 1 131
 15 2 3 185
 15 -4 0 126
 15 -3 -1 68
 105 2 -2 297
 105 1 4 225
 105 3 -3 276
 105 -1 3 205
 105 3 -2 14
 15 2 -1 82
 105 2 -3 162
 15 4 1 246
 15 0 4 206
 15 -1 -3 172
 15 1 -1 171
 15 4 0 247
 105 -3 2 257
 105 1 -2 76
 105 -1 -4 250
 15 -1 4 180
 15 4 -1 86
 15 0 -3 329
 15 0 -4 154
 15 -3 0 252
 105 -2 3 52
 15 1 -3 230
 55 -2 0 173
 55 0 2 145
 55 2 0 187
 55 0 -1 159
 55 3 1 251
 55 1 2 342
 55 -2 2 327
 55 -1 1 2
 55 -2 -2 1
 55 -1 0 328
 55 -2 -1 256
 55 -2 1 306
 55 3 2 226
 55 2 2 307
 55 0 1 189
 55 3 0 230
 55 2 1 1
 55 -1 2 257
 55 1 -4 219
 55 -1 -2 167
 55 0 -2 2
 55 0 3 186
 55 -1 -1 254
 55 0 0 313
 55 1 3 359
 55 1 0 3
 55 1 1 246
 55 -3 -2 23
 "contig-ratio-green-core" 0.6666666666666666
 "contig-ratio-red-core" 0.8461538461538461
