 "a-count" 8
 "b-count" 0
 "c-color-count" 28
 "c-express-count" 28
 "d-color-count" 21
 "d-express-count" 20
 "cell-count" 56
 15 -2 3 231
 15 0 4 196
 15 -1 4 234
 105 -1 0 35
 15 -3 1 263
 15 3 0 112
 105 -4 -1 57
 15 0 -1 318
 15 -1 3 180
 15 -1 -3 71
 15 3 -1 81
 15 -2 -1 26
 15 -1 -4 158
 15 -1 -2 35
 15 -2 1 78
 105 -4 0 194
 105 4 1 333
 105 -3 -1 254
 15 -2 0 347
 15 4 0 99
 105 3 -3 125
 15 3 2 347
 15 3 1 80
 15 -3 0 319
 15 3 -2 346
 15 -2 -2 346
 105 -3 -3 116
 15 0 -2 49
 55 0 -4 347
 55 0 0 203
 55 -1 1 329
 55 2 1 116
 55 1 -2 248
 55 3 4 67
 55 -1 2 142
 55 1 4 214
 55 0 1 250
 55 0 3 23
 55 2 0 224
 55 1 -3 90
 55 0 -3 186
 55 1 -1 98
 55 2 -4 181
 55 -3 -2 337
 55 2 -1 355
 55 3 3 224
 55 1 1 312
 55 -2 2 78
 55 1 0 286
 55 -3 2 7
 55 1 2 41
 55 2 -2 98
 55 2 -3 218
 55 0 2 103
 55 1 -4 31
 55 1 3 265
 "contig-ratio-green-core" 0.6190476190476191
 "contig-ratio-red-core" 0.9375
 "a-count" 8
 "b-count" 0
 "c-color-count" 28
 "c-express-count" 28
 "d-color-count" 20
 "d-express-count" 20
 "cell-count" 56
 15 -2 2 274
 15 1 -3 209
 105 -4 1 95
 15 -4 0 317
 105 -3 1 243
 105 0 3 101
 105 3 -3 86
 15 -2 3 76
 15 0 -5 66
 15 -1 0 3
 105 2 -3 282
 105 0 4 161
 15 1 -2 91
 15 0 -4 303
 15 3 -1 120
 15 3 3 283
 105 -3 2 352
 105 -1 1 214
 15 -3 -3 304
 15 0 -3 264
 15 3 -2 33
 15 2 -2 180
 15 -1 3 111
 15 -1 2 122
 15 -3 0 62
 15 3 2 257
 15 -2 1 36
 15 -2 0 80
 55 3 0 76
 55 1 0 92
 55 -4 -2 328
 55 -2 -2 264
 55 2 1 47
 55 -1 -2 101
 55 -1 -3 9
 55 1 3 138
 55 2 3 150
 55 3 1 305
 55 -1 -4 313
 55 -2 -3 192
 55 1 4 99
 55 0 -1 72
 55 0 2 318
 55 0 0 287
 55 -2 -1 268
 55 0 1 144
 55 2 2 321
 55 2 0 295
 55 4 1 208
 55 1 1 108
 55 2 -1 95
 55 -3 -2 113
 55 -1 -1 263
 55 0 -2 180
 55 1 2 29
 55 1 -1 346
 "contig-ratio-green-core" 0.5789473684210527
 "contig-ratio-red-core" 0.75
 "a-count" 4
 "b-count" 0
 "c-color-count" 28
 "c-express-count" 28
 "d-color-count" 26
 "d-express-count" 24
 "cell-count" 56
 15 0 1 66
 15 -3 3 107
 15 1 3 170
 105 1 4 230
 15 -1 0 27
 15 1 -3 348
 15 1 1 285
 15 4 1 250
 15 1 -2 308
 15 2 3 107
 15 2 -3 342
 15 -1 4 159
 15 0 0 203
 15 -4 1 185
 105 1 -4 308
 15 3 -3 279
 15 0 -2 27
 15 0 2 198
 15 -2 -1 42
 15 0 -3 252
 15 1 2 43
 15 4 0 91
 15 -1 -1 75
 15 4 -1 329
 15 0 -1 214
 15 3 -2 124
 15 0 4 206
 15 2 -2 79
 55 2 -1 206
 55 -2 3 61
 55 0 3 18
 55 -2 2 42
 55 -3 1 256
 55 -1 3 338
 55 3 -1 204
 55 -2 -3 100
 55 2 0 32
 55 3 0 154
 55 -3 -1 11
 55 3 3 291
 55 -2 0 113
 55 -2 1 196
 55 -2 -4 297
 55 0 -4 116
 55 1 -1 287
 55 3 2 140
 55 -1 1 196
 55 -1 2 356
 55 2 1 27
 55 -1 -3 344
 55 -3 0 208
 55 -1 -2 305
 55 3 1 161
 55 -3 2 351
 55 -4 -1 245
 55 -1 -4 89
 "contig-ratio-green-core" 0.84
 "contig-ratio-red-core" 0.7142857142857143
 "a-count" 4
 "b-count" 0
 "c-color-count" 28
 "c-express-count" 28
 "d-color-count" 24
 "d-express-count" 24
 "cell-count" 56
 105 0 2 73
 15 0 -2 98
 15 -1 -3 139
 15 0 -3 95
 15 -1 4 270
 105 1 -2 139
 15 -1 -4 254
 15 2 2 343
 15 -2 1 104
 105 -3 1 294
 15 1 2 6
 15 -1 2 72
 15 4 0 193
 15 -1 3 120
 15 -2 0 86
 15 1 -3 111
 15 0 3 359
 15 2 3 193
 15 -3 2 64
 15 -2 3 250
 15 -2 2 310
 105 -3 0 4
 15 0 4 246
 15 -3 3 156
 15 -3 -3 257
 15 1 3 169
 15 1 -4 312
 15 4 -1 201
 55 1 -1 176
 55 -2 -3 132
 55 -1 1 182
 55 3 2 35
 55 2 -2 114
 55 1 0 143
 55 -1 -2 82
 55 1 1 65
 55 2 -1 189
 55 3 0 228
 55 2 0 348
 55 3 -1 288
 55 0 0 184
 55 -2 -1 292
 55 0 1 88
 55 -1 -1 175
 55 -3 -1 25
 55 -2 -4 174
 55 2 -3 133
 55 1 4 319
 55 3 1 249
 55 2 1 200
 55 -2 -2 27
 55 3 3 16
 55 0 -1 240
 55 -3 -2 255
 55 4 1 93
 55 -1 0 105
 "contig-ratio-green-core" 0.7647058823529411
 "contig-ratio-red-core" 0.8
