 "a-count" 8
 "b-count" 0
 "c-color-count" 28
 "c-express-count" 28
 "d-color-count" 20
 "d-express-count" 20
 "cell-count" 56
 15 -2 2 250
 15 4 0 309
 105 1 4 78
 15 -2 -4 101
 15 2 -2 195
 15 -2 -3 150
 15 -1 3 68
 15 3 -1 173
 15 -2 3 350
 105 2 -3 333
 15 -3 0 303
 105 3 -2 197
 15 0 4 167
 105 -4 0 341
 105 4 -1 135
 15 2 3 305
 105 4 1 37
 15 -3 2 87
 15 0 3 321
 15 3 1 186
 15 -3 3 166
 105 -3 1 241
 15 -3 -1 38
 15 2 -1 229
 15 1 3 264
 15 -4 -1 192
 15 3 0 151
 105 3 -3 164
 55 1 -1 326
 55 -2 1 188
 55 3 2 143
 55 -1 2 333
 55 -1 1 289
 55 2 1 8
 55 0 -3 150
 55 1 -3 230
 55 -1 4 151
 55 -1 0 17
 55 0 0 43
 55 2 2 195
 55 0 -2 187
 55 0 2 312
 55 1 -4 11
 55 1 2 202
 55 1 -2 115
 55 -3 -2 118
 55 -2 -2 319
 55 2 0 85
 55 0 -1 1
 55 1 1 308
 55 -1 -2 11
 55 1 0 63
 55 0 1 31
 55 -1 -1 354
 55 -2 -1 194
 55 -2 0 183
 "contig-ratio-green-core" 0.6666666666666666
 "contig-ratio-red-core" 0.8333333333333334
 "a-count" 9
 "b-count" 0
 "c-color-count" 28
 "c-express-count" 28
 "d-color-count" 19
 "d-express-count" 19
 "cell-count" 56
 15 2 0 77
 15 1 4 1
 105 -4 1 256
 15 0 -4 320
 15 2 4 227
 105 1 -4 255
 15 2 3 264
 105 3 -2 76
 105 3 -1 81
 15 1 3 157
 15 2 -2 114
 15 1 -2 298
 15 -2 2 144
 15 0 -3 211
 15 3 3 261
 105 4 -1 236
 105 0 3 236
 105 -1 3 295
 15 1 0 94
 15 1 -3 74
 15 -4 0 314
 15 1 -1 317
 105 2 -1 322
 15 0 4 198
 15 -3 2 232
 105 3 -3 169
 15 2 -3 154
 15 -3 -3 6
 55 -2 -1 58
 55 1 1 71
 55 0 2 301
 55 3 1 191
 55 0 -1 26
 55 -3 0 82
 55 -2 -3 261
 55 -3 -1 289
 55 -2 1 240
 55 3 2 72
 55 3 0 241
 55 2 2 106
 55 0 -2 13
 55 -1 -1 115
 55 -1 -3 55
 55 -1 0 172
 55 -1 -4 335
 55 -3 -2 323
 55 -1 1 241
 55 -2 -2 95
 55 -3 1 41
 55 -1 2 54
 55 2 1 306
 55 0 0 299
 55 1 2 319
 55 -1 -2 186
 55 0 1 326
 55 -2 0 328
 "contig-ratio-green-core" 0.65
 "contig-ratio-red-core" 0.9375
 "a-count" 6
 "b-count" 0
 "c-color-count" 28
 "c-express-count" 28
 "d-color-count" 22
 "d-express-count" 22
 "cell-count" 56
 15 -3 -2 275
 105 -1 1 55
 15 -3 1 250
 105 0 -4 184
 15 2 -3 265
 15 1 -2 192
 15 1 3 279
 105 -4 0 280
 15 0 2 173
 15 4 0 191
 105 1 -3 190
 15 -3 2 319
 15 -1 2 290
 15 0 1 345
 15 3 0 247
 105 1 -4 236
 15 0 3 53
 15 -1 3 270
 15 4 -1 302
 105 -1 -4 56
 15 2 3 220
 15 -2 3 76
 15 -1 -3 280
 15 0 -2 271
 15 1 4 108
 15 -2 2 274
 15 4 1 277
 15 0 -3 164
 55 3 3 204
 55 2 -1 354
 55 -3 3 95
 55 1 0 183
 55 -2 0 273
 55 -1 0 339
 55 -1 4 88
 55 -1 -1 259
 55 1 1 273
 55 -2 -2 220
 55 0 0 116
 55 3 -2 273
 55 0 5 108
 55 2 -2 188
 55 2 0 13
 55 1 -1 102
 55 -1 -2 314
 55 -2 -1 50
 55 0 4 241
 55 0 -1 207
 55 3 2 224
 55 -3 0 188
 55 2 2 295
 55 -2 -3 294
 55 3 -3 27
 55 1 2 357
 55 -3 -1 322
 55 2 1 26
 "contig-ratio-green-core" 0.5833333333333334
 "contig-ratio-red-core" 0.8421052631578947
 "a-count" 9
 "b-count" 0
 "c-color-count" 28
 "c-express-count" 28
 "d-color-count" 19
 "d-express-count" 19
 "cell-count" 56
 15 -3 2 39
 15 2 -2 295
 15 4 -1 36
 15 -3 1 308
 15 0 4 299
 15 2 -1 74
 105 1 4 203
 15 3 3 153
 105 -4 1 272
 15 -3 0 260
 15 -1 3 230
 105 2 -3 135
 105 -3 4 8
 15 -1 -2 118
 105 0 -4 82
 15 1 -2 225
 15 -4 0 74
 15 4 0 77
 15 5 1 10
 15 -2 3 275
 15 0 -2 126
 15 -3 3 322
 15 4 1 112
 105 1 -4 65
 105 0 -3 73
 15 3 2 132
 105 3 -1 99
 105 -2 -3 11
 55 0 3 112
 55 -2 2 132
 55 1 3 125
 55 3 1 177
 55 -2 0 151
 55 1 -1 1
 55 -1 0 145
 55 -1 1 178
 55 0 1 271
 55 2 1 178
 55 -1 4 34
 55 0 2 108
 55 2 3 292
 55 -2 -2 33
 55 -2 -1 68
 55 -1 2 306
 55 2 0 216
 55 1 0 52
 55 -1 -1 84
 55 1 2 170
 55 1 1 249
 55 3 0 190
 55 -3 -1 129
 55 2 2 50
 55 0 0 208
 55 -2 1 120
 55 -3 -2 176
 55 0 -1 16
 "contig-ratio-green-core" 0.8235294117647058
 "contig-ratio-red-core" 0.9333333333333333
