 "a-count" 10
 "b-count" 0
 "c-color-count" 28
 "c-express-count" 28
 "d-color-count" 19
 "d-express-count" 18
 "cell-count" 56
 105 2 3 42
 15 0 -4 58
 105 3 2 99
 15 4 1 103
 15 -4 0 295
 15 -3 1 53
 15 -3 2 275
 15 -2 -2 212
 15 -2 3 13
 105 -4 1 120
 15 0 4 246
 15 -3 0 210
 15 -1 -4 214
 15 1 3 105
 15 3 -1 116
 15 -2 0 257
 105 3 3 181
 105 -4 2 171
 15 -2 -3 343
 15 3 -2 296
 105 -3 3 230
 15 2 2 96
 15 0 -3 240
 15 1 2 292
 105 -3 -1 4
 105 1 4 358
 105 -3 -2 205
 15 -2 -1 161
 55 1 1 110
 55 0 1 347
 55 -1 2 306
 55 3 0 10
 55 2 -3 214
 55 0 -2 171
 55 2 1 238
 55 2 0 62
 55 1 0 244
 55 0 3 294
 55 -1 0 213
 55 0 0 303
 55 1 -3 173
 55 -1 1 311
 55 0 2 239
 55 1 -2 240
 55 4 0 300
 55 -1 3 310
 55 3 -3 354
 55 -1 -2 307
 55 -1 -1 132
 55 -2 2 103
 55 3 1 188
 55 1 -1 97
 55 -2 1 332
 55 0 -1 171
 55 2 -2 53
 55 -1 4 353
 "contig-ratio-green-core" 0.6666666666666666
 "contig-ratio-red-core" 0.9411764705882353
 "a-count" 3
 "b-count" 0
 "c-color-count" 28
 "c-express-count" 28
 "d-color-count" 25
 "d-express-count" 25
 "cell-count" 56
 15 3 2 199
 105 3 -2 9
 15 0 -3 37
 15 1 -3 62
 15 0 2 122
 15 -3 -2 312
 15 1 0 33
 15 2 3 295
 15 2 -1 234
 15 3 1 285
 15 -1 3 150
 15 2 -2 236
 15 2 0 313
 105 -4 -1 227
 15 1 -4 298
 15 1 -1 266
 15 -1 2 261
 15 2 1 166
 105 -1 -4 28
 15 0 3 40
 15 1 -2 173
 15 -2 -3 56
 15 1 1 247
 15 -1 -3 232
 15 3 0 330
 15 0 4 97
 15 -3 3 225
 15 -2 3 96
 55 -2 -1 272
 55 1 2 228
 55 -2 -2 241
 55 -4 1 46
 55 4 -1 40
 55 -3 -1 88
 55 1 3 37
 55 3 -1 315
 55 -3 0 292
 55 -1 -1 227
 55 -2 0 61
 55 0 -1 184
 55 3 3 58
 55 -1 0 302
 55 -1 1 232
 55 2 2 226
 55 0 -2 354
 55 -2 1 342
 55 4 1 304
 55 -3 -3 257
 55 1 4 72
 55 -1 -2 332
 55 4 0 166
 55 0 1 211
 55 -2 2 315
 55 -4 0 311
 55 0 0 276
 55 -3 1 88
 "contig-ratio-green-core" 1
 "contig-ratio-red-core" 0.85
 "a-count" 8
 "b-count" 0
 "c-color-count" 28
 "c-express-count" 28
 "d-color-count" 20
 "d-express-count" 20
 "cell-count" 56
 15 -2 2 170
 15 2 3 206
 15 3 0 124
 105 2 -1 325
 15 -3 -1 98
 105 -1 4 354
 15 -4 0 74
 15 3 -1 168
 15 -3 -3 143
 15 4 0 36
 15 0 2 196
 15 -2 -3 322
 15 -3 0 274
 15 4 -1 19
 15 -3 -2 308
 105 1 -4 251
 15 -1 2 116
 105 1 -3 195
 15 1 3 316
 15 -4 1 36
 105 1 4 246
 15 0 3 220
 105 1 -2 79
 105 2 -2 274
 15 3 -3 178
 105 0 4 74
 15 -2 3 55
 15 -1 3 304
 55 -2 -2 293
 55 -2 1 133
 55 -4 -1 287
 55 1 0 307
 55 1 -1 268
 55 0 0 200
 55 3 1 312
 55 -1 1 108
 55 -2 -1 135
 55 0 1 195
 55 -2 0 323
 55 4 2 206
 55 0 -1 321
 55 2 1 66
 55 -3 2 65
 55 -3 1 284
 55 1 1 346
 55 -1 -1 308
 55 2 0 98
 55 0 -2 225
 55 0 -3 269
 55 -1 -2 321
 55 3 2 179
 55 -1 -3 54
 55 4 1 10
 55 -3 3 240
 55 1 2 175
 55 -1 0 89
 "contig-ratio-green-core" 0.631578947368421
 "contig-ratio-red-core" 0.9333333333333333
