 "a-count" 5
 "b-count" 6
 "c-color-count" 22
 "c-express-count" 22
 "d-color-count" 23
 "d-express-count" 23
 "cell-count" 56
 15 0 -3 146
 15 0 -2 48
 15 3 -1 286
 15 -1 3 352
 15 0 4 229
 105 1 -4 220
 15 -4 1 110
 15 4 1 166
 105 -3 3 247
 15 -1 -3 305
 105 -3 2 275
 15 3 0 259
 105 -3 -2 60
 15 3 -2 45
 15 0 -4 57
 15 -2 -2 118
 15 4 -1 97
 15 -1 4 288
 15 -2 2 317
 15 -4 -1 301
 15 -1 -2 89
 15 3 1 168
 15 0 3 342
 15 -3 -1 282
 15 -2 -1 103
 15 -3 0 262
 105 3 3 182
 15 4 0 94
 55 0 1 78
 5 1 4 340
 5 1 3 273
 55 -2 0 339
 55 0 0 209
 55 2 0 205
 55 -1 2 258
 55 0 2 336
 55 0 -1 238
 55 1 -1 68
 5 1 1 173
 5 2 -3 38
 55 -3 -3 207
 55 -3 1 62
 55 1 2 301
 55 -1 -1 255
 55 2 3 68
 5 1 0 129
 55 -1 1 28
 55 2 2 182
 55 -2 1 278
 55 2 4 85
 55 2 -2 253
 55 2 -1 148
 5 -2 -3 334
 55 2 1 351
 55 -1 0 253
 55 1 -2 47
 "contig-ratio-green-core" 0.75
 "contig-ratio-red-core" 0.5714285714285714
 "a-count" 5
 "b-count" 8
 "c-color-count" 20
 "c-express-count" 20
 "d-color-count" 25
 "d-express-count" 23
 "cell-count" 56
 15 4 1 196
 105 -4 -1 183
 15 1 -1 89
 15 2 4 279
 15 -2 -1 81
 15 0 -1 303
 15 2 -2 208
 15 2 3 129
 15 1 3 328
 15 -1 -2 66
 15 2 -1 84
 15 0 4 60
 15 -3 2 325
 15 -1 -1 23
 15 3 3 119
 15 0 3 39
 15 -3 -1 163
 15 -1 3 15
 15 -1 4 255
 105 -1 -4 36
 15 0 -3 158
 15 1 -2 354
 15 1 4 20
 105 3 -3 47
 15 -2 -3 278
 15 0 -2 349
 15 -3 3 4
 15 -2 0 289
 5 -3 -2 206
 5 4 -1 46
 55 0 2 276
 55 3 0 57
 55 -1 1 338
 5 -4 1 137
 55 0 0 271
 55 2 0 17
 55 2 1 329
 5 1 -4 34
 55 3 2 59
 55 -4 0 9
 55 3 1 256
 55 1 2 248
 5 0 -4 343
 55 -1 2 174
 55 3 -1 64
 5 1 -3 251
 55 3 -2 122
 5 1 1 57
 5 4 0 239
 55 2 2 323
 55 -1 0 41
 55 -2 2 303
 55 -2 3 355
 55 -2 1 9
 55 -3 1 148
 55 1 0 145
 "contig-ratio-green-core" 0.8
 "contig-ratio-red-core" 0.7142857142857143
 "a-count" 9
 "b-count" 4
 "c-color-count" 25
 "c-express-count" 24
 "d-color-count" 21
 "d-express-count" 19
 "cell-count" 56
 15 -3 0 181
 15 -3 -1 156
 15 2 -3 316
 15 0 3 281
 15 4 2 13
 105 -2 -3 60
 15 3 -2 48
 105 3 0 9
 105 -3 -2 40
 15 -2 -2 224
 15 -1 3 144
 105 2 2 27
 15 -3 3 319
 15 4 -1 304
 105 -4 -2 176
 105 -2 3 155
 15 -1 -4 168
 15 1 -4 58
 15 4 -2 164
 15 4 0 72
 15 0 -4 43
 15 -4 0 202
 15 -1 -3 347
 15 4 1 99
 15 0 4 163
 15 -1 4 251
 105 -2 2 129
 15 -4 -1 235
 55 2 0 126
 55 0 0 87
 55 1 3 341
 55 1 1 188
 55 0 -1 18
 55 -1 1 187
 55 1 2 143
 55 0 2 75
 55 2 1 147
 55 2 -1 176
 55 0 1 207
 55 -1 -1 112
 55 1 -1 103
 55 2 -2 218
 55 -2 0 60
 55 -1 2 41
 5 -3 1 141
 55 -2 -1 258
 55 0 -2 345
 55 1 -2 166
 55 -1 -2 139
 5 1 4 273
 55 0 -3 176
 55 -4 1 218
 55 1 -3 190
 5 -3 -3 174
 55 1 0 285
 55 -1 0 7
 "contig-ratio-green-core" 0.7857142857142857
 "contig-ratio-red-core" 0.5882352941176471
 "a-count" 4
 "b-count" 7
 "c-color-count" 21
 "c-express-count" 21
 "d-color-count" 24
 "d-express-count" 24
 "cell-count" 56
 15 -1 2 179
 15 -4 -1 163
 15 -1 0 113
 15 0 4 210
 15 -2 2 93
 105 4 1 177
 105 -3 2 79
 15 2 -4 228
 105 3 -1 30
 15 -1 1 314
 105 -1 4 59
 15 3 1 100
 15 1 3 34
 15 1 1 235
 15 1 -1 202
 15 2 0 184
 15 0 1 37
 15 2 -1 220
 15 -2 -2 207
 15 0 -1 164
 15 0 2 231
 15 -3 -3 4
 15 2 1 103
 15 3 0 3
 15 0 3 101
 15 -1 -2 140
 15 0 0 320
 15 -1 -1 304
 55 2 2 59
 55 -3 1 51
 5 -1 3 219
 55 0 -3 346
 5 0 -4 135
 55 2 3 54
 55 1 -4 70
 55 -3 0 75
 55 -4 0 168
 55 -4 1 242
 55 0 -2 239
 5 3 -2 300
 55 1 -2 22
 55 1 -3 134
 55 -2 -3 344
 55 3 -3 41
 5 -1 -4 15
 5 -2 3 104
 5 4 -1 298
 55 -3 -2 180
 55 -3 -1 142
 55 2 -3 105
 5 1 4 144
 55 -2 1 92
 55 2 -2 58
 55 4 0 233
 55 -1 -3 179
 55 3 2 237
 "contig-ratio-green-core" 0.7777777777777778
 "contig-ratio-red-core" 0.5882352941176471
