 "a-count" 5
 "b-count" 4
 "c-color-count" 24
 "c-express-count" 24
 "d-color-count" 24
 "d-express-count" 23
 "cell-count" 56
 15 -1 -2 259
 105 -2 1 300
 15 -3 2 162
 15 -1 -3 164
 15 0 -3 221
 15 2 2 93
 15 3 1 159
 15 -3 3 126
 15 1 -3 291
 15 -3 -2 217
 105 -3 -3 181
 15 -2 3 265
 105 3 -3 51
 15 -1 -4 168
 15 3 2 74
 15 2 -2 194
 15 -3 0 152
 15 3 0 184
 15 0 -2 150
 15 3 -2 212
 15 -3 -1 206
 105 1 -4 299
 15 3 -1 118
 15 -3 1 117
 15 2 -3 45
 15 -1 3 83
 15 3 3 186
 15 0 -4 98
 55 0 1 87
 55 2 -1 125
 55 0 2 25
 55 -2 -3 55
 55 2 1 78
 55 0 -1 286
 55 1 1 107
 55 -2 -1 284
 55 1 4 102
 5 4 1 173
 55 1 0 17
 55 0 3 90
 55 0 4 52
 55 -2 -2 144
 55 -1 0 164
 55 4 -1 141
 55 -1 1 261
 55 1 3 2
 55 -1 2 329
 5 -1 4 241
 55 0 0 191
 5 2 3 70
 5 -2 4 343
 55 -4 0 90
 55 -1 -1 153
 55 2 0 283
 55 1 -1 357
 55 1 2 60
 "contig-ratio-green-core" 0.6666666666666666
 "contig-ratio-red-core" 0.6
 "a-count" 7
 "b-count" 4
 "c-color-count" 25
 "c-express-count" 24
 "d-color-count" 22
 "d-express-count" 21
 "cell-count" 56
 15 1 -3 93
 15 -3 -1 4
 15 3 -2 14
 15 0 -4 278
 15 1 -4 344
 15 -4 0 79
 15 -3 0 91
 15 4 2 104
 105 2 -3 19
 15 -1 3 258
 15 -1 2 185
 105 -1 4 37
 15 2 -2 225
 15 -2 1 335
 15 -3 2 31
 15 0 3 175
 15 -1 -4 89
 105 1 -2 134
 105 -3 -3 194
 15 1 3 63
 15 -2 3 107
 15 2 -1 115
 105 -4 -1 22
 105 -4 1 105
 15 0 2 147
 15 3 2 212
 15 -2 2 359
 15 -3 -2 283
 55 -3 3 140
 55 4 -1 254
 55 2 3 148
 55 4 0 188
 55 -1 1 165
 55 -1 -2 55
 55 4 -2 159
 55 3 1 116
 5 4 1 58
 55 2 2 44
 55 1 0 49
 55 1 1 205
 55 0 -2 3
 5 1 2 83
 55 2 1 236
 55 0 1 63
 55 2 0 8
 55 -2 0 280
 55 -1 0 329
 55 0 0 5
 55 3 0 358
 55 -1 -3 278
 5 3 3 350
 55 -1 -1 152
 55 -2 -1 355
 55 1 -1 17
 55 0 4 70
 55 0 -1 72
 "contig-ratio-green-core" 0.6666666666666666
 "contig-ratio-red-core" 0.7647058823529411
 "a-count" 7
 "b-count" 4
 "c-color-count" 24
 "c-express-count" 24
 "d-color-count" 23
 "d-express-count" 21
 "cell-count" 56
 15 -1 -3 312
 15 -4 -1 286
 15 -1 -4 22
 15 2 -2 328
 15 -3 2 338
 15 -3 1 49
 105 4 0 128
 15 -2 3 342
 15 -2 -2 65
 15 0 -4 162
 15 2 0 86
 15 -2 2 264
 15 1 -2 306
 15 2 3 19
 15 3 -1 172
 105 -3 3 230
 15 1 3 346
 15 -1 1 263
 15 -1 2 288
 105 3 -2 27
 15 2 -1 62
 105 -1 4 32
 15 1 -3 260
 15 0 -3 54
 15 4 -1 356
 105 4 1 75
 15 -2 1 83
 15 -3 -2 235
 5 2 -3 68
 55 -4 2 164
 55 1 2 25
 55 -1 0 192
 55 0 3 23
 55 1 0 326
 55 -1 3 108
 55 1 1 146
 55 -4 1 159
 55 0 1 295
 55 3 3 55
 55 0 2 48
 55 -4 0 314
 55 1 -1 76
 55 0 -1 295
 5 -3 -3 170
 5 1 -4 91
 55 -3 -1 266
 55 -1 -1 116
 5 -2 -1 340
 55 -1 -2 326
 55 3 -3 220
 55 2 1 35
 55 -3 0 140
 55 -2 0 14
 55 2 2 243
 55 0 0 199
 55 0 -2 178
 "contig-ratio-green-core" 0.8888888888888888
 "contig-ratio-red-core" 0.8571428571428571
 "a-count" 9
 "b-count" 7
 "c-color-count" 21
 "c-express-count" 21
 "d-color-count" 20
 "d-express-count" 19
 "cell-count" 56
 15 1 0 135
 15 0 -1 175
 15 -1 -2 24
 105 3 1 310
 105 -3 -3 334
 15 1 -1 325
 15 2 1 5
 15 0 -2 215
 15 2 2 81
 105 -4 -2 356
 105 -4 -1 193
 15 -1 4 225
 105 -2 3 158
 15 1 -2 354
 15 2 -1 153
 15 -1 -4 330
 105 -3 3 279
 15 -1 3 131
 15 -2 -2 40
 15 2 0 182
 105 -4 1 350
 15 -3 1 155
 15 -2 -3 26
 15 -3 -1 254
 15 -4 0 239
 105 -3 0 283
 15 -3 2 96
 15 -3 -2 287
 55 -1 1 145
 55 0 1 24
 55 0 2 60
 55 -1 2 305
 55 0 0 321
 55 -1 -3 264
 55 1 1 333
 5 3 -2 17
 55 0 -3 250
 55 -2 2 273
 55 -1 0 137
 5 2 3 256
 55 3 0 135
 5 3 -1 38
 55 1 -3 22
 55 0 3 119
 55 1 3 159
 5 3 2 324
 5 2 -3 210
 5 4 -1 199
 55 4 0 20
 55 -2 1 330
 55 0 4 86
 5 0 -4 176
 55 1 2 268
 55 -2 -1 221
 55 3 3 99
 55 -2 0 2
 "contig-ratio-green-core" 0.8823529411764706
 "contig-ratio-red-core" 0.8
