 "a-count" 7
 "b-count" 6
 "c-color-count" 24
 "c-express-count" 22
 "d-color-count" 21
 "d-express-count" 21
 "cell-count" 56
 15 2 2 83
 15 0 -3 113
 105 -4 0 280
 15 2 -2 281
 105 0 -4 58
 15 -3 2 329
 15 1 0 268
 105 1 -4 92
 15 0 -2 58
 15 2 1 55
 15 2 3 233
 15 2 -1 316
 15 -3 0 27
 15 0 -1 247
 15 4 1 201
 15 0 0 135
 15 -3 -1 241
 105 -2 3 214
 15 1 -1 177
 15 -3 1 346
 15 3 1 120
 15 1 -2 347
 105 -4 -1 34
 15 1 -3 340
 15 2 0 274
 105 4 -1 156
 15 2 -3 343
 105 -2 2 227
 55 -2 -1 217
 55 -2 0 358
 55 -1 3 3
 5 1 4 206
 5 3 2 260
 5 3 3 209
 55 -2 -3 71
 55 -3 3 277
 55 -2 1 218
 55 1 2 351
 55 -1 1 43
 55 -1 2 124
 55 -4 1 310
 55 0 1 307
 55 0 3 311
 5 -1 0 306
 55 -1 -3 213
 55 -1 -1 33
 55 1 3 142
 55 3 0 253
 55 -1 -2 334
 55 1 1 133
 55 3 -1 214
 55 -3 -2 102
 55 0 2 148
 55 3 -2 265
 55 -3 -3 133
 55 -1 4 210
 "contig-ratio-green-core" 0.7647058823529411
 "contig-ratio-red-core" 0.8666666666666667
 "a-count" 9
 "b-count" 5
 "c-color-count" 23
 "c-express-count" 23
 "d-color-count" 20
 "d-express-count" 19
 "cell-count" 56
 15 2 4 307
 15 1 3 319
 15 1 4 352
 15 1 -4 170
 105 -4 0 323
 15 -3 -1 94
 105 4 -1 358
 15 -2 2 190
 105 -4 1 332
 105 0 3 21
 15 -1 3 96
 105 4 1 214
 15 -3 1 146
 15 -3 -2 227
 15 -1 2 137
 105 3 3 202
 15 0 4 284
 15 2 -3 55
 15 3 1 265
 15 -2 3 73
 105 4 0 151
 15 -3 0 33
 15 1 -3 11
 15 3 -1 294
 15 3 -2 52
 15 3 2 128
 105 -1 4 324
 15 0 -4 11
 55 -2 0 273
 5 -1 -1 352
 5 3 -3 272
 55 -1 -2 340
 5 -1 -4 114
 55 0 2 301
 55 0 -2 45
 55 0 -3 94
 55 -2 -2 80
 55 2 -1 123
 55 -1 0 336
 55 -2 -1 171
 55 2 0 14
 55 2 1 296
 55 1 0 68
 55 2 3 69
 5 -1 -3 143
 55 2 2 254
 55 0 0 152
 5 1 1 84
 55 -1 1 253
 55 -2 1 291
 55 1 -1 159
 55 0 -1 28
 55 -3 3 140
 55 0 1 205
 55 -4 -1 222
 55 1 2 17
 "contig-ratio-green-core" 0.8666666666666667
 "contig-ratio-red-core" 0.6470588235294118
 "a-count" 5
 "b-count" 2
 "c-color-count" 26
 "c-express-count" 26
 "d-color-count" 26
 "d-express-count" 23
 "cell-count" 56
 15 3 1 243
 15 1 -2 91
 15 3 0 199
 15 -4 0 227
 15 3 3 259
 15 0 -3 55
 15 -1 4 323
 15 2 2 291
 15 4 0 98
 105 0 -4 49
 105 3 -2 266
 15 -3 0 56
 15 -4 -1 131
 15 3 -3 12
 15 4 1 236
 15 0 4 238
 15 -2 -1 249
 15 -1 -4 287
 15 -3 -2 146
 15 2 -2 207
 15 4 -1 274
 15 1 -3 151
 15 3 2 333
 15 1 4 94
 15 -2 0 184
 15 -4 1 191
 15 -3 -1 90
 15 2 -1 45
 55 1 0 37
 55 0 2 121
 55 -1 1 223
 55 -1 -1 177
 55 0 1 332
 55 1 -4 352
 55 0 -1 339
 55 1 1 160
 55 0 0 309
 55 -2 -3 331
 55 -1 -2 282
 55 2 -4 149
 55 -2 -2 310
 5 -2 3 60
 5 -2 2 184
 55 1 -1 297
 55 1 2 344
 55 -2 1 133
 55 -3 1 177
 55 2 0 183
 55 3 -1 320
 55 -3 -3 208
 55 -1 2 175
 55 2 1 229
 55 0 3 97
 55 -1 -3 351
 55 -1 0 197
 55 1 3 165
 "contig-ratio-green-core" 0.7894736842105263
 "contig-ratio-red-core" 0.5833333333333334
