 "a-count" 8
 "b-count" 6
 "c-color-count" 24
 "c-express-count" 22
 "d-color-count" 20
 "d-express-count" 20
 "cell-count" 56
 15 3 -1 64
 15 -1 -3 70
 105 3 2 257
 15 1 2 249
 105 -3 -2 0
 15 -2 3 33
 15 -2 2 340
 15 0 -2 323
 15 1 4 114
 105 0 -4 41
 15 1 -3 0
 105 4 -2 157
 15 2 -2 8
 105 2 3 139
 15 0 -3 12
 15 3 1 328
 15 4 -1 122
 15 1 -1 17
 15 1 -2 144
 15 2 -3 212
 15 2 2 321
 105 -1 4 62
 15 3 0 206
 105 1 3 24
 15 -3 1 226
 105 4 1 343
 15 2 -1 109
 15 -3 2 140
 55 0 3 35
 55 -4 0 53
 5 -2 1 230
 55 -1 1 314
 55 -3 -1 284
 55 -2 -2 212
 55 -1 0 2
 55 0 0 27
 55 -1 -1 53
 55 3 -2 236
 55 0 1 178
 55 -4 -1 79
 55 0 2 139
 5 3 -3 190
 55 1 -4 43
 55 1 0 202
 55 0 4 65
 55 2 1 166
 55 1 1 104
 55 0 -1 262
 55 -2 -1 101
 5 -1 2 201
 55 2 0 34
 55 3 3 353
 55 -3 0 68
 55 -2 0 341
 55 -2 -3 258
 5 -1 3 345
 "contig-ratio-green-core" 0.8
 "contig-ratio-red-core" 0.6470588235294118
 "a-count" 8
 "b-count" 3
 "c-color-count" 26
 "c-express-count" 25
 "d-color-count" 21
 "d-express-count" 20
 "cell-count" 56
 15 0 4 299
 105 -2 -3 75
 105 2 3 235
 15 -3 0 77
 15 -4 1 30
 15 -1 -2 223
 15 4 1 124
 15 -1 4 62
 105 2 -3 137
 15 -1 3 16
 15 -2 -2 242
 105 -3 -1 252
 15 1 -2 326
 15 -4 2 339
 105 3 -3 88
 15 -3 3 314
 15 3 3 309
 15 4 0 255
 15 -3 -2 218
 15 1 -1 69
 105 -4 -1 17
 15 0 -2 297
 15 1 -3 273
 15 1 4 108
 105 1 -4 170
 15 0 -3 288
 15 0 -4 130
 15 0 -1 352
 55 -2 3 241
 55 3 0 71
 55 2 0 296
 55 -1 1 167
 55 2 2 253
 55 2 1 330
 55 -2 2 253
 55 2 -1 347
 55 1 1 227
 55 1 2 28
 55 -1 2 253
 55 0 3 233
 55 0 2 227
 5 -3 1 94
 55 1 3 121
 55 3 1 205
 5 4 -1 267
 55 3 -1 23
 55 0 1 30
 55 -3 2 258
 55 -2 0 171
 55 -3 -3 2
 55 0 0 315
 55 -1 0 47
 55 -2 1 125
 55 1 0 200
 55 -1 -1 285
 55 3 -2 245
 "contig-ratio-green-core" 0.7857142857142857
 "contig-ratio-red-core" 0.8125
 "a-count" 3
 "b-count" 6
 "c-color-count" 22
 "c-express-count" 22
 "d-color-count" 27
 "d-express-count" 25
 "cell-count" 56
 15 1 -3 98
 15 -2 -2 344
 15 -2 0 181
 15 0 -2 307
 15 -2 2 90
 15 -2 3 167
 15 1 -4 100
 15 4 2 194
 15 0 -3 319
 105 -3 1 1
 15 -2 -1 121
 15 -2 -3 337
 15 -2 1 193
 15 2 -2 81
 15 -3 -2 70
 15 -4 1 198
 15 3 -2 341
 15 -3 0 162
 15 2 -3 281
 15 -1 -3 233
 15 1 4 264
 15 3 2 76
 15 1 -2 282
 15 4 1 54
 15 -1 -2 231
 15 -1 3 26
 15 -4 0 106
 15 0 4 88
 55 0 3 69
 55 0 2 75
 5 4 0 300
 55 3 0 135
 5 -3 2 201
 5 3 -1 50
 55 0 1 205
 55 3 1 132
 55 -1 2 215
 55 -1 1 99
 55 2 2 183
 55 2 -1 159
 55 0 -4 310
 55 -1 0 318
 55 -1 -1 199
 55 0 -1 46
 55 -3 -1 206
 55 1 -1 255
 55 -1 -4 317
 55 0 0 332
 5 -1 4 306
 55 2 0 340
 55 1 1 146
 5 -4 -1 169
 5 2 3 43
 55 1 3 301
 55 1 0 300
 55 2 1 319
 "contig-ratio-green-core" 1.2142857142857142
 "contig-ratio-red-core" 0.6086956521739131
 "a-count" 6
 "b-count" 6
 "c-color-count" 22
 "c-express-count" 22
 "d-color-count" 22
 "d-express-count" 22
 "cell-count" 56
 15 -2 -2 141
 15 0 4 63
 105 -1 4 203
 15 -2 1 247
 15 -3 -2 118
 105 -2 -3 340
 15 1 4 72
 15 -2 0 319
 15 -2 2 309
 15 0 -2 326
 15 -1 -3 175
 15 -3 -3 359
 105 -2 3 100
 15 -4 0 71
 105 -3 3 12
 15 -3 -1 37
 15 4 0 306
 105 -4 -1 187
 15 4 -1 154
 15 -1 1 302
 15 3 3 71
 15 1 -3 108
 15 -1 2 286
 105 1 -4 93
 15 4 -2 67
 15 -1 -2 342
 15 -3 0 64
 15 0 -3 252
 55 2 -1 304
 55 3 -2 258
 5 -3 1 345
 55 3 1 322
 55 1 -1 335
 55 0 3 83
 55 0 -4 70
 5 1 -2 3
 5 2 3 249
 55 -1 0 92
 55 1 1 269
 55 0 0 318
 55 -1 -4 250
 5 3 2 253
 55 3 0 227
 55 1 0 147
 55 2 1 296
 55 2 0 178
 55 0 2 209
 55 2 -2 75
 55 -1 -1 52
 55 0 -1 283
 5 -3 2 163
 55 3 -1 114
 55 -1 3 159
 55 0 1 223
 5 2 2 99
 55 1 2 134
 "contig-ratio-green-core" 0.7333333333333333
 "contig-ratio-red-core" 0.5263157894736842
