 "a-count" 7
 "b-count" 9
 "c-color-count" 20
 "c-express-count" 19
 "d-color-count" 24
 "d-express-count" 21
 "cell-count" 56
 15 -2 3 118
 15 3 3 190
 15 2 -1 186
 15 1 0 276
 15 3 4 102
 105 -4 0 244
 15 1 -1 221
 105 -4 1 157
 15 -3 0 73
 15 2 3 288
 15 -3 -1 30
 105 -4 -1 111
 15 -1 2 140
 15 0 -4 193
 15 -1 1 37
 15 2 0 255
 15 -3 -2 340
 15 1 -3 134
 15 1 1 289
 15 0 1 287
 15 1 -2 303
 15 0 2 96
 105 -2 -2 94
 15 -3 2 139
 15 1 2 99
 15 2 4 252
 15 -2 2 27
 15 1 -4 225
 55 1 4 20
 5 1 3 38
 55 0 -2 246
 5 -1 -4 289
 55 3 0 346
 55 0 3 23
 55 2 1 325
 55 0 4 65
 5 4 1 307
 55 3 1 38
 55 -1 -3 39
 55 -1 0 264
 5 3 -3 133
 5 3 -2 339
 55 0 -3 250
 55 -2 0 157
 55 4 -1 41
 55 -1 -1 240
 55 2 2 319
 55 -1 -2 33
 55 3 -1 69
 55 0 -1 245
 5 -3 -3 95
 55 -3 1 130
 5 -1 4 157
 55 2 -3 138
 55 0 0 98
 5 2 -2 129
 "contig-ratio-green-core" 0.8333333333333334
 "contig-ratio-red-core" 0.5454545454545454
 "a-count" 8
 "b-count" 5
 "c-color-count" 23
 "c-express-count" 23
 "d-color-count" 20
 "d-express-count" 20
 "cell-count" 56
 15 2 -1 296
 15 0 -3 321
 15 -2 0 16
 15 3 -1 262
 105 3 -2 144
 15 -1 4 122
 15 3 0 72
 15 -3 0 36
 105 3 -3 198
 105 1 -4 88
 105 -4 0 26
 15 1 4 206
 15 -2 -2 135
 15 -3 -1 26
 15 1 -2 280
 15 0 4 99
 105 3 2 60
 15 -3 3 285
 105 1 -3 143
 15 -2 -1 2
 15 -3 1 80
 15 -1 -1 291
 15 -1 -2 308
 105 -4 1 151
 15 2 -2 156
 105 -2 1 275
 15 0 -2 6
 15 4 0 162
 55 2 2 85
 5 4 -1 206
 55 -1 3 75
 5 2 -3 157
 55 1 3 219
 55 -2 2 94
 55 -3 2 94
 5 -3 -2 170
 55 0 3 298
 55 0 1 23
 5 3 1 260
 55 0 -4 72
 55 1 0 78
 55 -2 3 68
 55 -1 -4 193
 55 0 0 195
 55 -1 0 108
 5 -1 2 215
 55 1 1 346
 55 2 0 121
 55 -1 -3 242
 55 -1 1 332
 55 1 2 98
 55 2 1 210
 55 0 2 324
 55 2 3 122
 55 1 -1 354
 55 0 -1 8
 "contig-ratio-green-core" 0.8125
 "contig-ratio-red-core" 0.5625
 "a-count" 6
 "b-count" 7
 "c-color-count" 21
 "c-express-count" 21
 "d-color-count" 24
 "d-express-count" 22
 "cell-count" 56
 15 -1 1 249
 15 2 -2 262
 15 2 3 168
 15 -1 3 149
 15 1 3 250
 105 3 -2 212
 15 -2 0 341
 15 -1 2 258
 15 1 -2 317
 105 -3 -2 183
 15 -1 -1 303
 15 1 4 339
 15 -2 1 275
 15 0 4 165
 15 1 -1 347
 15 0 0 203
 15 0 3 79
 15 -1 -2 336
 15 -1 0 226
 15 0 -1 238
 15 1 -3 340
 15 -2 -1 167
 15 0 -2 41
 15 -2 2 38
 15 0 -3 153
 105 1 -4 276
 105 2 -3 101
 15 -2 -2 242
 55 -3 -1 95
 55 -3 -3 17
 55 0 2 335
 55 -4 0 177
 55 2 -1 329
 55 -3 0 3
 55 -3 3 261
 5 -3 2 237
 55 1 1 130
 55 4 0 283
 55 -4 -1 251
 5 -1 -4 271
 55 1 0 197
 55 3 0 301
 55 2 0 273
 55 2 1 340
 55 4 1 217
 55 0 1 150
 5 -4 1 192
 5 0 -4 74
 5 4 -1 274
 55 -1 -3 62
 55 1 2 298
 5 -2 -3 318
 5 3 3 30
 55 3 1 53
 55 2 2 23
 55 -2 3 239
 "contig-ratio-green-core" 0.7777777777777778
 "contig-ratio-red-core" 0.5555555555555556
 "a-count" 4
 "b-count" 6
 "c-color-count" 22
 "c-express-count" 22
 "d-color-count" 25
 "d-express-count" 24
 "cell-count" 56
 15 -2 -2 179
 15 2 1 273
 15 1 3 67
 15 0 -1 62
 15 3 -1 249
 15 -2 -3 198
 15 -3 3 328
 15 -1 -2 66
 15 2 2 244
 15 -1 -1 15
 105 2 -4 158
 15 0 -2 140
 15 1 -2 332
 15 1 -3 80
 15 -4 -1 179
 15 3 1 268
 15 3 2 313
 15 0 -3 337
 15 -1 -3 58
 15 -3 -2 297
 15 2 0 290
 15 -2 3 87
 105 3 3 234
 15 2 -2 60
 15 3 0 331
 105 2 -1 110
 15 1 -1 111
 15 2 3 193
 5 -3 -3 65
 55 -4 0 113
 55 0 0 221
 55 -1 0 208
 55 -2 0 61
 55 -3 1 34
 55 0 3 5
 5 3 -2 302
 55 -3 0 96
 55 1 -5 332
 5 4 -1 237
 55 -1 1 88
 55 1 1 330
 55 4 1 163
 5 -1 4 294
 55 0 2 352
 55 1 -4 280
 55 0 1 312
 55 1 0 307
 55 0 -4 205
 55 -1 2 145
 55 -3 -1 68
 5 -2 1 186
 55 -1 -4 262
 55 4 0 263
 55 2 -3 138
 55 3 -3 38
 5 -2 2 45
 "contig-ratio-green-core" 0.7058823529411765
 "contig-ratio-red-core" 0.5714285714285714
