 "a-count" 6
 "b-count" 7
 "c-color-count" 21
 "c-express-count" 21
 "d-color-count" 23
 "d-express-count" 22
 "cell-count" 56
 15 1 -2 99
 105 -3 -3 130
 15 4 0 34
 105 -2 -3 29
 15 4 2 325
 105 1 4 318
 105 3 3 286
 15 1 -3 13
 15 0 2 92
 15 2 2 342
 15 4 -1 245
 15 -4 1 168
 15 4 1 162
 15 1 2 166
 15 -4 0 18
 15 2 -3 115
 15 -1 -4 229
 15 -1 -3 264
 15 -3 -2 100
 15 -2 3 288
 15 2 3 209
 15 2 -2 324
 105 -3 0 181
 15 0 -4 334
 15 0 -3 308
 15 1 3 86
 15 3 -2 6
 15 3 2 356
 55 0 -1 77
 55 1 -1 210
 55 3 1 256
 55 0 1 341
 55 0 3 193
 5 -3 -1 142
 55 1 1 22
 55 2 0 69
 55 -2 1 199
 55 -1 -1 61
 55 0 -2 172
 55 -1 0 181
 55 -1 2 324
 55 -1 -2 319
 55 -2 -1 316
 5 -1 1 20
 55 2 -1 66
 55 3 0 223
 55 2 1 328
 5 1 0 90
 55 0 0 118
 5 1 -4 359
 55 -2 0 150
 5 -1 4 82
 5 3 -3 194
 5 -3 2 229
 55 -2 2 230
 55 -1 3 263
 "contig-ratio-green-core" 0.75
 "contig-ratio-red-core" 0.5
 "a-count" 10
 "b-count" 2
 "c-color-count" 26
 "c-express-count" 26
 "d-color-count" 18
 "d-express-count" 18
 "cell-count" 56
 105 -3 1 313
 105 -4 1 321
 15 3 3 268
 105 4 0 172
 15 0 -4 3
 105 1 4 110
 105 2 -2 83
 15 2 -3 283
 15 -2 1 208
 15 -2 2 324
 15 -3 2 25
 15 -2 3 310
 105 -1 3 216
 15 -1 -2 331
 15 3 -1 73
 15 -2 4 287
 105 -3 -2 68
 15 -1 -3 201
 15 1 -3 79
 15 3 -2 337
 15 3 0 222
 105 -4 0 77
 15 -2 -3 231
 15 1 -4 281
 105 1 -2 197
 15 3 1 224
 15 0 -3 187
 105 0 -2 43
 55 -1 1 203
 55 2 2 353
 55 1 3 237
 55 1 2 35
 55 0 4 291
 55 -2 -1 293
 55 2 0 50
 55 1 -1 350
 55 -2 0 231
 55 0 1 166
 55 2 3 237
 55 3 2 172
 55 -2 -2 287
 5 1 1 19
 55 0 0 196
 55 -1 2 214
 55 -3 3 224
 55 1 0 272
 55 -1 0 280
 55 0 2 299
 5 -1 -4 278
 55 2 -1 90
 55 0 -1 31
 55 0 3 70
 55 3 -3 7
 55 -3 -1 69
 55 2 1 51
 55 -1 -1 178
 "contig-ratio-green-core" 0.5
 "contig-ratio-red-core" 0.7142857142857143
 "a-count" 9
 "b-count" 6
 "c-color-count" 24
 "c-express-count" 22
 "d-color-count" 22
 "d-express-count" 19
 "cell-count" 56
 15 4 0 171
 15 5 0 206
 105 0 3 182
 15 4 -1 357
 15 -4 -1 205
 15 2 2 39
 105 3 2 95
 15 -2 -3 308
 15 -3 2 343
 15 -1 4 320
 105 -3 -2 24
 15 0 4 31
 15 3 -3 319
 105 -2 3 100
 15 -1 3 81
 15 -3 1 316
 15 3 -2 214
 15 -3 0 180
 15 0 -3 52
 15 -2 1 102
 105 -3 3 181
 105 2 -3 55
 15 -2 -2 80
 15 3 3 329
 15 1 3 242
 15 4 1 237
 15 1 2 14
 15 -1 -3 312
 55 -1 -4 242
 55 0 0 254
 55 -2 2 255
 55 2 -1 163
 5 1 4 17
 55 1 1 33
 55 -1 0 258
 55 2 0 98
 55 2 1 212
 5 1 -3 165
 5 2 -2 316
 5 1 -4 261
 55 3 0 267
 55 3 1 148
 55 0 1 263
 55 0 -1 15
 55 -1 1 187
 55 1 -2 26
 55 -1 -2 282
 55 0 2 171
 55 1 0 246
 55 -1 -1 85
 55 1 -1 44
 55 -1 2 156
 55 -2 0 213
 55 -4 0 331
 55 3 -1 182
 55 -2 -1 210
 "contig-ratio-green-core" 0.8571428571428571
 "contig-ratio-red-core" 0.6666666666666666
 "a-count" 8
 "b-count" 5
 "c-color-count" 26
 "c-express-count" 23
 "d-color-count" 21
 "d-express-count" 20
 "cell-count" 56
 15 1 -3 352
 15 -1 3 348
 105 1 -1 206
 15 -2 0 95
 15 3 -3 109
 15 0 -3 238
 105 -4 0 178
 105 -3 3 288
 105 3 3 84
 15 4 2 79
 15 -1 -2 97
 15 -3 -1 285
 15 -2 1 295
 15 1 -4 54
 105 -3 2 156
 15 -1 2 281
 15 0 -2 253
 15 3 2 265
 15 -2 -1 65
 15 -3 0 289
 15 3 -2 110
 15 2 -3 72
 105 0 -4 118
 15 -2 -2 266
 15 3 -1 271
 15 1 4 244
 105 2 -1 247
 15 -1 -3 321
 55 0 -1 269
 55 -1 -1 5
 55 3 1 199
 55 -1 -4 126
 55 2 3 186
 55 -4 -1 163
 55 -1 4 346
 55 0 4 293
 55 -1 1 345
 55 -1 0 291
 55 1 3 238
 55 1 1 235
 55 3 0 173
 55 -2 3 312
 55 0 1 318
 55 0 0 11
 55 -2 2 130
 55 1 0 315
 55 2 2 148
 5 -2 -3 313
 55 -4 1 359
 55 0 2 14
 55 0 3 30
 55 4 1 42
 55 1 2 80
 55 2 0 207
 5 -3 -3 91
 55 2 1 186
 "contig-ratio-green-core" 0.6111111111111112
 "contig-ratio-red-core" 0.8823529411764706
