 "a-count" 1
 "b-count" 0
 "c-color-count" 28
 "c-express-count" 28
 "d-color-count" 27
 "d-express-count" 27
 "cell-count" 56
 15 0 3 274
 15 -2 2 229
 15 2 -1 333
 15 1 3 315
 15 1 2 22
 15 0 0 188
 105 -1 4 20
 15 1 -1 197
 15 -4 -1 250
 15 1 1 267
 15 -2 0 25
 15 -1 1 335
 15 0 4 283
 15 -1 2 33
 15 2 -3 307
 15 -3 1 288
 15 0 2 159
 15 2 2 285
 15 -1 3 200
 15 -3 -1 293
 15 4 1 5
 15 -2 -4 157
 15 2 0 352
 15 0 1 177
 15 -1 0 277
 15 -3 0 343
 15 -2 1 280
 15 1 0 248
 55 -1 -3 15
 55 -3 2 7
 55 2 3 99
 55 3 -2 88
 55 3 3 37
 55 3 1 155
 55 -1 -2 346
 55 1 -3 228
 55 -1 -4 67
 55 -3 3 45
 55 0 -2 194
 55 0 -1 215
 55 -2 3 207
 55 0 -3 145
 55 0 -4 40
 55 3 2 156
 55 1 4 343
 55 2 -2 180
 55 1 -2 268
 55 -3 -2 37
 55 -2 -3 79
 55 -2 -1 284
 55 -1 -1 32
 55 3 0 183
 55 3 -1 258
 55 -3 -3 359
 55 -2 -2 11
 55 -4 0 32
 "contig-ratio-green-core" 0.75
 "contig-ratio-red-core" 0.875
 "a-count" 1
 "b-count" 0
 "c-color-count" 28
 "c-express-count" 28
 "d-color-count" 27
 "d-express-count" 27
 "cell-count" 56
 15 0 3 209
 15 0 -3 12
 15 2 2 61
 15 0 1 276
 15 0 2 257
 15 -4 1 345
 15 -3 -3 136
 15 0 -1 319
 15 -3 2 22
 15 2 1 177
 15 3 1 0
 15 0 -4 178
 15 0 0 49
 15 -1 -4 319
 15 0 -2 238
 15 -1 -1 352
 15 2 0 209
 15 1 2 226
 15 1 1 115
 15 1 -2 282
 15 1 0 176
 105 -2 -3 90
 15 -4 2 202
 15 4 -1 304
 15 1 -1 99
 15 -1 0 320
 15 3 -3 357
 15 1 -3 295
 55 2 -2 120
 55 -2 4 294
 55 -1 -2 185
 55 4 1 320
 55 -2 1 297
 55 1 3 26
 55 2 -1 132
 55 -4 -1 180
 55 -2 2 49
 55 3 3 76
 55 -1 4 3
 55 -1 2 54
 55 -2 0 313
 55 -2 -2 190
 55 -3 -1 215
 55 3 0 247
 55 3 -2 254
 55 2 -3 138
 55 3 -1 34
 55 4 0 146
 55 2 3 351
 55 -3 0 22
 55 -2 3 330
 55 -3 1 98
 55 -2 -1 117
 55 -1 1 210
 55 -3 -2 301
 55 0 4 34
 "contig-ratio-green-core" 0.7391304347826086
 "contig-ratio-red-core" 0.8
 "a-count" 0
 "b-count" 0
 "c-color-count" 28
 "c-express-count" 28
 "d-color-count" 28
 "d-express-count" 28
 "cell-count" 56
 15 0 -4 299
 15 0 -3 203
 15 2 1 57
 15 -1 -2 310
 15 1 -1 346
 15 0 1 272
 15 1 2 17
 15 -2 -3 264
 15 -1 -3 55
 15 -1 2 314
 15 1 0 6
 15 -1 3 187
 15 1 -2 19
 15 2 3 336
 15 2 0 34
 15 2 2 237
 15 0 4 1
 15 1 3 237
 15 0 2 0
 15 0 2 146
 15 0 -1 334
 15 0 3 329
 15 -1 -1 3
 15 1 1 331
 15 0 0 260
 15 0 0 242
 15 0 1 179
 15 0 -2 273
 55 1 -4 101
 55 1 -3 189
 55 -3 -1 170
 55 2 -4 137
 55 -2 3 0
 55 3 3 197
 55 -1 0 286
 55 2 -3 117
 55 2 -1 349
 55 4 2 12
 55 -2 1 300
 55 -2 -1 182
 55 -1 1 172
 55 -2 -2 293
 55 -3 0 55
 55 3 2 137
 55 -2 2 21
 55 4 -1 31
 55 3 -1 228
 55 3 0 256
 55 1 4 146
 55 3 1 119
 55 2 -2 92
 55 4 1 260
 55 4 -2 66
 55 4 0 304
 55 -3 1 91
 55 -3 -2 314
 "contig-ratio-green-core" 0.7083333333333334
 "contig-ratio-red-core" 0.75
