 "a-count" 0
 "b-count" 0
 "c-color-count" 28
 "c-express-count" 28
 "d-color-count" 28
 "d-express-count" 28
 "cell-count" 56
 15 2 -3 151
 15 3 3 251
 15 -3 -1 283
 15 2 -1 35
 15 -3 0 46
 15 -1 0 97
 15 -2 -1 174
 15 0 2 165
 15 1 -1 31
 15 3 -1 323
 15 0 0 71
 15 4 -1 57
 15 3 0 115
 15 -3 -2 284
 15 1 0 49
 15 4 0 95
 15 1 -2 113
 15 -1 3 307
 15 -1 1 120
 15 0 1 307
 15 2 0 276
 15 -2 0 122
 15 -1 2 355
 15 -2 -2 66
 15 -4 -2 101
 15 -4 -1 229
 15 2 -2 12
 15 1 -3 264
 55 2 1 225
 55 2 3 202
 55 -1 -3 118
 55 0 -1 84
 55 3 1 206
 55 2 2 125
 55 -2 1 47
 55 1 3 303
 55 -1 -2 225
 55 3 -3 353
 55 0 -2 244
 55 0 -3 192
 55 -4 0 130
 55 -1 4 341
 55 -3 2 283
 55 1 4 172
 55 3 -2 315
 55 -2 -4 63
 55 -3 1 76
 55 1 1 208
 55 0 4 275
 55 3 2 275
 55 -1 -1 111
 55 -2 -3 29
 55 1 2 320
 55 -3 3 352
 55 -4 1 335
 55 -2 2 319
 "contig-ratio-green-core" 0.8461538461538461
 "contig-ratio-red-core" 0.68
 "a-count" 2
 "b-count" 0
 "c-color-count" 28
 "c-express-count" 28
 "d-color-count" 26
 "d-express-count" 26
 "cell-count" 56
 15 0 -1 314
 15 4 1 145
 15 -2 -1 240
 15 0 -3 174
 15 0 0 36
 15 0 1 285
 15 -2 3 237
 15 2 -2 210
 15 -1 -3 320
 15 2 -1 106
 15 0 -2 358
 15 2 0 92
 15 3 -3 355
 105 4 0 153
 15 -1 3 333
 15 -1 -1 298
 15 -1 -2 240
 15 1 -3 94
 105 1 -1 163
 15 3 -1 28
 15 1 -2 291
 15 1 1 42
 15 3 0 21
 15 1 0 215
 15 4 -1 27
 15 4 2 50
 15 2 3 319
 15 -2 -2 28
 55 0 4 182
 55 0 2 105
 55 0 -4 119
 55 -1 0 271
 55 -3 -3 99
 55 2 1 306
 55 1 4 305
 55 2 -4 180
 55 3 2 290
 55 -2 0 122
 55 -2 2 165
 55 1 3 283
 55 3 1 257
 55 -3 -1 332
 55 -2 -4 57
 55 2 -3 239
 55 -3 -2 358
 55 1 -4 27
 55 -2 1 186
 55 -1 2 15
 55 3 -2 86
 55 1 2 275
 55 2 2 173
 55 -2 -3 51
 55 -1 1 36
 55 -3 1 275
 55 -3 0 146
 55 0 3 56
 "contig-ratio-green-core" 0.782608695652174
 "contig-ratio-red-core" 1.0588235294117647
