 "a-count" 0
 "b-count" 0
 "c-color-count" 28
 "c-express-count" 28
 "d-color-count" 28
 "d-express-count" 28
 "cell-count" 56
 15 -1 1 267
 15 1 -1 339
 15 -4 -1 158
 15 -3 1 345
 15 1 1 166
 15 4 -1 105
 15 -3 -3 4
 15 2 -3 284
 15 1 0 116
 15 0 1 93
 15 1 3 56
 15 2 0 149
 15 1 2 208
 15 -4 0 34
 15 -1 0 180
 15 -2 1 63
 15 2 -2 146
 15 -3 -1 158
 15 3 -1 155
 15 2 3 107
 15 -3 0 287
 15 3 0 285
 15 -2 0 76
 15 0 0 266
 15 -3 2 56
 15 2 1 197
 15 2 -4 138
 15 1 -2 5
 55 3 3 100
 55 0 -3 202
 55 4 2 177
 55 -4 1 296
 55 0 2 128
 55 4 1 211
 55 -3 -2 335
 55 -1 -4 80
 55 -2 -3 74
 55 -1 -1 241
 55 -1 3 322
 55 3 1 93
 55 0 3 349
 55 -2 3 242
 55 -1 -2 265
 55 0 -1 274
 55 -1 -3 328
 55 -2 -2 141
 55 -2 -4 11
 55 -2 2 52
 55 -1 2 156
 55 -4 -2 10
 55 0 4 147
 55 -1 4 75
 55 -2 -1 328
 55 0 -2 225
 55 1 4 23
 55 3 2 97
 "contig-ratio-green-core" 0.7727272727272727
 "contig-ratio-red-core" 0.6666666666666666
 "a-count" 1
 "b-count" 0
 "c-color-count" 28
 "c-express-count" 28
 "d-color-count" 27
 "d-express-count" 27
 "cell-count" 56
 15 3 0 72
 15 2 0 87
 105 4 0 179
 15 1 -2 265
 15 0 2 23
 15 3 -2 97
 15 2 -1 109
 15 1 3 334
 15 -3 -1 334
 15 0 3 180
 15 1 -4 78
 15 2 -2 154
 15 -1 -3 75
 15 -1 -4 242
 15 -1 3 242
 15 -1 2 172
 15 0 -4 331
 15 1 -3 96
 15 3 1 125
 15 1 4 138
 15 -4 -1 285
 15 2 1 15
 15 -3 0 248
 15 -4 0 210
 15 3 -1 191
 15 0 -3 3
 15 0 4 27
 15 1 2 124
 55 -1 0 307
 55 2 2 44
 55 -1 -1 302
 55 0 0 147
 55 -2 -1 330
 55 -2 -2 101
 55 -1 4 131
 55 1 0 3
 55 -4 2 57
 55 -1 5 16
 55 -2 2 36
 55 -3 1 351
 55 -5 0 208
 55 -3 -2 137
 55 1 1 209
 55 0 1 324
 55 -2 0 107
 55 2 -3 185
 55 -3 2 331
 55 -1 -2 292
 55 1 -1 17
 55 3 3 291
 55 2 3 156
 55 0 -1 53
 55 -4 1 312
 55 -2 1 358
 55 0 -2 86
 55 3 2 210
 "contig-ratio-green-core" 0.6956521739130435
 "contig-ratio-red-core" 0.72
 "a-count" 0
 "b-count" 0
 "c-color-count" 28
 "c-express-count" 28
 "d-color-count" 28
 "d-express-count" 28
 "cell-count" 56
 15 4 0 307
 15 0 4 210
 15 -3 0 108
 15 -2 1 326
 15 -2 0 287
 15 -3 1 222
 15 0 -4 89
 15 -4 -1 305
 15 -1 -4 195
 15 2 0 337
 15 3 0 127
 15 -3 -3 25
 15 -1 -1 112
 15 1 -1 95
 15 1 -1 84
 15 2 -1 94
 15 0 -2 57
 15 -1 -2 178
 15 -1 -3 291
 15 0 -3 231
 15 -1 4 196
 15 1 -2 255
 15 1 4 251
 15 0 -1 13
 15 2 1 99
 15 -4 0 224
 15 3 1 59
 15 -4 -2 305
 55 -1 1 0
 55 -2 -1 91
 55 1 3 221
 55 -2 -3 266
 55 -4 1 250
 55 2 -3 301
 55 0 2 189
 55 2 3 50
 55 1 -3 115
 55 -3 3 324
 55 0 0 104
 55 -2 -2 77
 55 -3 2 44
 55 0 1 97
 55 0 3 96
 55 -2 2 208
 55 -1 2 182
 55 0 0 206
 55 3 -3 229
 55 1 0 151
 55 2 2 196
 55 0 1 254
 55 -2 -4 290
 55 -1 3 357
 55 -3 -1 24
 55 0 2 223
 55 -1 0 245
 55 -3 -2 184
 "contig-ratio-green-core" 0.8636363636363636
 "contig-ratio-red-core" 0.75
 "a-count" 1
 "b-count" 0
 "c-color-count" 28
 "c-express-count" 28
 "d-color-count" 27
 "d-express-count" 27
 "cell-count" 56
 15 2 0 150
 15 -2 1 230
 15 0 0 143
 15 3 -2 299
 15 0 1 91
 15 0 2 72
 15 -1 -2 306
 15 -1 -1 312
 15 3 0 283
 15 2 -1 166
 15 1 2 138
 15 -1 -3 168
 15 -1 0 92
 15 1 -1 227
 15 -2 2 265
 15 -1 1 7
 15 3 -1 187
 15 -2 -1 204
 15 -1 2 262
 15 3 -3 10
 15 3 3 203
 15 0 -1 262
 15 1 0 358
 105 3 -4 275
 15 -3 2 342
 15 -2 0 275
 15 -2 -2 226
 15 1 1 262
 55 0 -2 158
 55 4 0 95
 55 -1 3 62
 55 2 -2 79
 55 0 -4 299
 55 2 -3 272
 55 2 2 196
 55 4 -1 335
 55 2 1 142
 55 -4 0 3
 55 -3 -1 162
 55 -3 1 280
 55 1 -4 234
 55 1 3 154
 55 1 -2 186
 55 3 1 283
 55 3 2 192
 55 0 -3 327
 55 -3 0 137
 55 1 4 327
 55 4 1 95
 55 1 -5 170
 55 0 4 103
 55 -3 -2 186
 55 1 -3 252
 55 0 3 155
 55 -4 -1 332
 55 2 3 287
 "contig-ratio-green-core" 0.7692307692307693
 "contig-ratio-red-core" 0.8888888888888888
