 "a-count" 0
 "b-count" 0
 "c-color-count" 28
 "c-express-count" 28
 "d-color-count" 28
 "d-express-count" 28
 "cell-count" 56
 15 -4 -1 163
 15 2 0 217
 15 0 3 33
 15 3 2 335
 15 -1 3 38
 15 0 2 116
 15 1 2 15
 15 -3 2 306
 15 0 -2 198
 15 1 1 163
 15 0 1 103
 15 -1 -2 169
 15 -4 1 46
 15 2 1 242
 15 -1 4 116
 15 3 1 268
 15 3 0 228
 15 -1 -1 273
 15 1 0 270
 15 -1 0 302
 15 -4 0 319
 15 -1 2 129
 15 2 2 159
 15 0 0 232
 15 -2 3 300
 15 0 -1 100
 15 -1 1 101
 15 -2 2 2
 55 -2 -2 9
 55 -2 -3 169
 55 1 -3 343
 55 3 -3 147
 55 3 -2 113
 55 2 -1 235
 55 -3 -1 171
 55 -4 -2 148
 55 2 -2 2
 55 4 0 99
 55 -3 3 187
 55 3 3 47
 55 -2 1 115
 55 4 -1 146
 55 -2 -1 0
 55 1 -2 187
 55 -1 -3 184
 55 1 -1 167
 55 1 4 333
 55 -2 0 201
 55 -3 -2 229
 55 -3 0 266
 55 -3 -3 117
 55 3 -1 157
 55 -3 1 115
 55 0 -3 302
 55 1 3 296
 55 2 3 206
 "contig-ratio-green-core" 0.7391304347826086
 "contig-ratio-red-core" 0.9
 "a-count" 1
 "b-count" 0
 "c-color-count" 28
 "c-express-count" 28
 "d-color-count" 27
 "d-express-count" 27
 "cell-count" 56
 15 -1 2 359
 15 -1 3 243
 105 -3 -3 43
 15 -1 -3 330
 15 -4 -1 248
 15 -1 -2 262
 15 0 3 239
 15 -1 -4 74
 15 -3 -1 117
 15 -2 -4 249
 15 -3 0 216
 15 0 -2 312
 15 -2 -2 107
 15 0 2 144
 15 -2 1 161
 15 3 1 3
 15 4 1 235
 15 0 -4 141
 15 4 -1 260
 15 -2 -3 344
 15 -1 1 207
 15 0 1 342
 15 0 -3 72
 15 -2 -1 127
 15 -2 3 262
 15 4 2 215
 15 4 0 250
 15 -2 2 177
 55 1 -2 125
 55 1 2 171
 55 -4 0 26
 55 2 3 104
 55 2 -1 254
 55 1 1 264
 55 -3 1 332
 55 3 -1 166
 55 1 0 254
 55 2 2 45
 55 0 -1 239
 55 -1 -1 151
 55 1 4 109
 55 -3 3 234
 55 3 3 152
 55 -3 2 46
 55 2 0 129
 55 -1 0 255
 55 3 0 227
 55 1 3 194
 55 0 0 37
 55 -4 1 203
 55 3 -2 173
 55 0 4 226
 55 2 1 158
 55 1 -1 89
 55 -3 -2 132
 55 2 -2 49
 "contig-ratio-green-core" 0.6363636363636364
 "contig-ratio-red-core" 0.7391304347826086
 "a-count" 3
 "b-count" 0
 "c-color-count" 28
 "c-express-count" 28
 "d-color-count" 25
 "d-express-count" 25
 "cell-count" 56
 15 -3 -1 241
 15 3 3 87
 15 1 3 148
 15 -3 -3 73
 15 -1 3 32
 15 4 1 350
 15 4 0 13
 15 -4 -1 155
 15 2 -2 182
 15 0 -2 288
 15 -3 0 192
 15 -2 3 205
 105 1 4 198
 15 -4 1 346
 15 -2 -3 298
 15 3 -2 140
 15 4 2 230
 15 0 3 310
 105 3 -3 355
 15 1 -3 319
 15 -4 0 100
 15 4 -1 72
 105 -1 -3 65
 15 -3 1 62
 15 0 -3 357
 15 -1 -2 204
 15 1 -2 7
 15 2 3 128
 55 -2 -1 190
 55 3 -1 171
 55 -2 0 41
 55 2 1 22
 55 -1 -1 6
 55 -2 2 277
 55 3 0 134
 55 2 2 21
 55 1 0 328
 55 0 -4 244
 55 3 1 356
 55 -3 2 334
 55 0 0 315
 55 0 1 108
 55 -1 1 248
 55 -1 0 73
 55 -2 1 36
 55 1 -1 17
 55 -1 -4 77
 55 1 2 74
 55 2 0 34
 55 0 2 265
 55 1 1 199
 55 1 -4 64
 55 3 2 236
 55 -1 2 108
 55 0 -1 297
 55 2 -1 212
 "contig-ratio-green-core" 1
 "contig-ratio-red-core" 0.7222222222222222
