 "a-count" 0
 "b-count" 0
 "c-color-count" 28
 "c-express-count" 28
 "d-color-count" 28
 "d-express-count" 28
 "cell-count" 56
 15 -1 2 317
 15 0 3 98
 15 1 2 110
 15 2 0 324
 15 0 2 187
 15 4 -1 213
 15 -4 0 17
 15 1 0 67
 15 0 1 11
 15 3 0 167
 15 -3 -2 330
 15 3 -2 163
 15 1 -4 61
 15 4 0 344
 15 3 -1 53
 15 3 -3 80
 15 -4 -1 79
 15 -3 -1 11
 15 1 -1 326
 15 2 -1 302
 15 -2 -4 111
 15 -1 1 14
 15 -3 -3 322
 15 1 3 341
 15 0 0 288
 15 1 1 259
 15 -1 3 196
 15 2 1 181
 55 -2 1 290
 55 0 -1 328
 55 -2 -3 153
 55 2 3 207
 55 0 -3 31
 55 -2 -2 270
 55 -1 4 159
 55 3 2 301
 55 -1 -4 132
 55 0 4 328
 55 1 -3 130
 55 0 -4 170
 55 -2 2 176
 55 -3 0 124
 55 2 -3 86
 55 -3 1 299
 55 0 -2 184
 55 -1 -3 124
 55 -1 0 19
 55 1 -2 331
 55 -2 0 143
 55 -4 2 102
 55 -4 -2 282
 55 2 -2 295
 55 -1 -1 177
 55 -1 -2 275
 55 3 3 107
 55 -3 2 107
 "contig-ratio-green-core" 0.6956521739130435
 "contig-ratio-red-core" 0.7222222222222222
 "a-count" 0
 "b-count" 0
 "c-color-count" 28
 "c-express-count" 28
 "d-color-count" 28
 "d-express-count" 28
 "cell-count" 56
 15 3 -2 251
 15 1 -3 14
 15 1 3 199
 15 2 3 105
 15 1 2 19
 15 1 4 10
 15 -1 1 272
 15 4 -1 263
 15 -1 -4 40
 15 -4 0 355
 15 -3 -1 23
 15 -2 0 190
 15 -2 -4 313
 15 -4 -1 4
 15 3 1 349
 15 -3 0 144
 15 -2 1 50
 15 0 3 95
 15 4 0 134
 15 4 1 318
 15 -1 -3 195
 15 -3 1 175
 15 -2 2 16
 15 3 -1 218
 15 3 0 90
 15 0 1 236
 15 0 -3 282
 15 0 2 338
 55 2 0 244
 55 -1 -2 100
 55 0 -1 312
 55 -2 4 238
 55 -2 -3 329
 55 1 1 293
 55 -1 0 165
 55 1 0 127
 55 2 -2 4
 55 0 -2 143
 55 4 2 286
 55 1 -1 218
 55 -2 -2 190
 55 -4 1 356
 55 -2 3 238
 55 2 1 185
 55 3 2 224
 55 1 -2 223
 55 0 0 126
 55 -3 3 137
 55 -1 -1 201
 55 -3 2 340
 55 2 -1 293
 55 -1 3 343
 55 2 2 148
 55 0 4 277
 55 -1 4 265
 55 -2 -1 274
 "contig-ratio-green-core" 0.8636363636363636
 "contig-ratio-red-core" 0.8260869565217391
