 "a-count" 7
 "b-count" 0
 "c-color-count" 28
 "c-express-count" 28
 "d-color-count" 21
 "d-express-count" 21
 "cell-count" 56
 15 -1 -4 12
 105 -2 1 132
 15 -4 1 359
 15 2 3 119
 105 -3 3 358
 15 0 4 196
 15 1 4 136
 15 -2 -3 121
 105 -4 -1 263
 15 1 -3 76
 15 -2 2 15
 105 -1 4 156
 15 -1 3 142
 15 0 -3 90
 15 -2 3 180
 15 -3 0 217
 15 2 -3 302
 15 0 -4 79
 15 -3 2 307
 105 3 3 127
 15 2 -2 195
 15 -3 1 270
 105 -2 -2 246
 15 -1 -3 286
 15 3 2 240
 15 3 -2 235
 15 -3 -1 323
 105 -4 2 89
 55 1 1 107
 55 -2 -1 127
 55 -1 -1 11
 55 -1 -2 122
 55 -1 2 98
 55 3 1 177
 55 3 -1 242
 55 -1 0 180
 55 0 3 38
 55 1 -1 262
 55 1 0 327
 55 -1 1 149
 55 1 -2 28
 55 0 -1 216
 55 0 1 321
 55 -2 0 233
 55 0 2 124
 55 0 0 235
 55 0 -2 68
 55 1 2 268
 55 2 0 166
 55 3 0 327
 55 2 1 348
 55 4 1 1
 55 2 2 32
 55 1 3 180
 55 2 -1 249
 55 4 0 169
 "contig-ratio-green-core" 0.8666666666666667
 "contig-ratio-red-core" 0.6875
 "a-count" 9
 "b-count" 0
 "c-color-count" 28
 "c-express-count" 28
 "d-color-count" 20
 "d-express-count" 19
 "cell-count" 56
 105 -4 0 221
 15 1 -4 353
 15 -4 1 8
 15 0 3 82
 15 2 3 248
 105 -3 3 275
 15 0 -4 66
 105 4 -1 195
 105 -2 3 175
 105 3 -2 110
 15 1 3 234
 105 -3 -1 72
 15 -1 -4 358
 15 -3 -3 217
 15 -2 1 228
 15 -3 1 140
 15 1 4 326
 15 2 -2 320
 15 4 0 0
 105 3 -3 1
 15 3 2 79
 15 3 -1 0
 15 2 -3 160
 15 0 4 69
 15 -3 2 63
 15 1 2 299
 105 -3 0 163
 15 -2 2 323
 55 -3 -2 168
 55 4 1 243
 55 -2 -3 314
 55 -1 0 173
 55 -1 -3 304
 55 -1 -2 249
 55 1 -3 81
 55 0 2 165
 55 -2 -4 277
 55 1 0 109
 55 0 -2 151
 55 0 -3 28
 55 -1 2 47
 55 0 1 3
 55 3 0 328
 55 2 0 323
 55 -1 3 92
 55 3 1 196
 55 2 -1 190
 55 -1 -1 125
 55 1 -2 244
 55 2 1 269
 55 1 1 226
 55 -2 -2 355
 55 0 -1 313
 55 -2 -1 204
 55 -1 1 195
 55 1 -1 105
 "contig-ratio-green-core" 0.6190476190476191
 "contig-ratio-red-core" 0.8
 "a-count" 12
 "b-count" 0
 "c-color-count" 28
 "c-express-count" 28
 "d-color-count" 16
 "d-express-count" 16
 "cell-count" 56
 15 3 -1 137
 15 0 3 327
 15 -3 -2 35
 105 4 -1 291
 105 0 4 322
 15 -4 1 276
 105 1 4 174
 105 -1 4 260
 105 3 2 221
 15 -2 2 221
 15 2 -2 29
 105 4 0 338
 15 -2 -3 22
 105 1 -3 10
 15 -3 -3 119
 105 -3 3 277
 15 -1 3 22
 15 3 1 204
 105 2 -3 57
 105 4 1 215
 15 3 -2 263
 105 3 3 115
 15 -2 -2 51
 105 3 0 229
 15 3 -3 253
 15 1 3 116
 15 -3 2 239
 15 -2 3 224
 55 1 -1 100
 55 2 2 13
 55 0 -3 316
 55 1 1 339
 55 0 0 37
 55 1 0 109
 55 -1 -3 144
 55 0 -1 53
 55 -2 0 166
 55 0 1 290
 55 -4 0 358
 55 2 3 255
 55 -3 0 223
 55 -2 -1 150
 55 -2 1 246
 55 2 0 176
 55 2 -1 123
 55 -1 2 20
 55 -1 -2 149
 55 -3 -1 352
 55 1 2 342
 55 -3 1 119
 55 -1 0 334
 55 -1 1 35
 55 0 -2 337
 55 -1 -1 90
 55 2 1 166
 55 0 2 221
 "contig-ratio-green-core" 0.6666666666666666
 "contig-ratio-red-core" 0.8
