 "a-count" 7
 "b-count" 0
 "c-color-count" 28
 "c-express-count" 28
 "d-color-count" 21
 "d-express-count" 21
 "cell-count" 56
 15 -2 -3 267
 15 0 -4 269
 15 1 1 310
 15 2 2 66
 105 -1 4 13
 15 1 2 316
 15 1 3 5
 15 3 2 110
 15 2 -2 93
 15 -3 -3 100
 15 2 3 60
 105 -4 1 240
 15 2 -3 248
 105 -2 -2 195
 15 1 -3 25
 15 -3 -4 138
 15 -4 2 143
 105 0 2 173
 105 3 -2 192
 15 1 4 262
 15 -1 -4 243
 15 0 4 197
 15 0 3 231
 105 -4 0 273
 15 1 -5 296
 15 -3 2 48
 15 1 -4 274
 105 -3 1 309
 55 2 -1 304
 55 1 0 328
 55 0 1 195
 55 -1 -1 6
 55 1 -1 221
 55 0 0 246
 55 0 -3 331
 55 1 -1 56
 55 -2 2 78
 55 3 1 354
 55 3 -1 228
 55 -1 3 139
 55 -1 2 299
 55 -2 -1 265
 55 -1 0 260
 55 -1 1 356
 55 -1 -2 30
 55 -1 -3 182
 55 2 0 43
 55 1 -2 267
 55 0 -1 264
 55 -2 0 58
 55 2 -1 50
 55 0 -2 303
 55 2 -1 272
 55 -3 -1 53
 55 3 0 131
 55 -2 1 59
 "contig-ratio-green-core" 0.45
 "contig-ratio-red-core" 0.6111111111111112
 "a-count" 7
 "b-count" 0
 "c-color-count" 28
 "c-express-count" 28
 "d-color-count" 21
 "d-express-count" 21
 "cell-count" 56
 105 -1 -3 206
 15 -2 3 315
 15 -3 -2 89
 15 -1 -5 64
 15 -3 0 179
 15 2 -3 250
 15 3 -3 320
 105 -3 -3 242
 15 2 3 174
 15 2 2 158
 15 -1 3 143
 15 -3 1 165
 15 -3 3 108
 105 -4 0 146
 105 0 -4 137
 15 4 -1 22
 15 -2 -1 309
 15 2 4 171
 15 -3 2 236
 15 -1 -4 75
 105 1 -3 215
 15 4 0 13
 15 -2 -2 137
 15 3 -2 189
 105 -4 -1 219
 105 3 3 239
 15 -3 -1 306
 15 3 2 73
 55 2 1 28
 55 0 -2 194
 55 0 0 229
 55 -2 1 50
 55 2 -2 293
 55 -1 2 204
 55 -1 1 201
 55 0 3 4
 55 -1 0 188
 55 -2 2 356
 55 1 2 295
 55 1 0 204
 55 -2 0 101
 55 0 -1 139
 55 -1 -2 95
 55 1 1 24
 55 3 0 266
 55 1 3 160
 55 4 1 315
 55 0 -3 144
 55 3 1 287
 55 3 -1 328
 55 0 2 55
 55 2 0 321
 55 1 -2 107
 55 -1 -1 307
 55 0 1 55
 55 2 -1 199
 "contig-ratio-green-core" 0.7368421052631579
 "contig-ratio-red-core" 0.8125
 "a-count" 10
 "b-count" 0
 "c-color-count" 28
 "c-express-count" 28
 "d-color-count" 20
 "d-express-count" 18
 "cell-count" 56
 105 -1 -4 284
 15 1 -3 42
 105 -1 -3 26
 15 4 0 43
 15 1 3 231
 15 -2 3 116
 15 0 4 173
 15 3 2 100
 15 1 -2 67
 15 2 4 128
 105 -3 3 118
 15 0 -3 184
 105 4 -1 213
 15 2 3 324
 15 -4 1 347
 15 -3 -2 119
 105 3 -1 190
 15 -3 2 349
 15 2 -3 54
 105 1 4 337
 15 2 -1 34
 15 2 -2 121
 15 2 0 126
 15 3 0 152
 15 -4 0 51
 15 -4 2 69
 105 -3 -3 48
 105 3 -2 261
 55 0 0 327
 55 0 -2 252
 55 -4 -1 250
 55 -3 0 246
 55 -1 2 277
 55 1 1 309
 55 -1 -1 166
 55 -1 3 297
 55 1 2 200
 55 -2 0 287
 55 -1 0 336
 55 1 0 300
 55 0 3 59
 55 -2 -2 72
 55 -3 -1 237
 55 2 2 229
 55 -1 1 114
 55 -2 -1 162
 55 -1 4 105
 55 -2 -3 191
 55 -1 -2 172
 55 0 1 169
 55 2 1 319
 55 0 2 308
 55 0 -1 271
 55 -2 2 335
 55 -2 1 77
 55 1 -1 145
 "contig-ratio-green-core" 0.7058823529411765
 "contig-ratio-red-core" 0.875
 "a-count" 2
 "b-count" 0
 "c-color-count" 28
 "c-express-count" 28
 "d-color-count" 26
 "d-express-count" 26
 "cell-count" 56
 15 2 2 277
 15 3 2 143
 15 -2 3 167
 15 0 -3 219
 15 1 2 285
 15 1 -3 287
 15 -1 -3 294
 15 4 0 131
 15 0 -2 153
 15 -1 1 106
 15 -2 1 106
 15 -1 2 114
 15 -1 3 164
 15 0 3 123
 15 2 -3 317
 15 0 4 265
 15 1 3 114
 15 -2 2 343
 15 4 -1 180
 105 1 -4 177
 15 1 4 132
 15 3 -3 150
 15 -4 0 205
 15 0 2 316
 105 0 -4 14
 15 3 -2 230
 15 -2 -3 265
 15 -1 -2 119
 55 1 -1 252
 55 -1 0 346
 55 0 0 180
 55 -3 2 313
 55 -3 0 18
 55 3 1 267
 55 0 -1 275
 55 2 -1 17
 55 1 0 289
 55 -1 -1 203
 55 3 0 288
 55 2 0 77
 55 -2 -2 223
 55 -3 -1 157
 55 -2 0 109
 55 3 3 88
 55 4 1 172
 55 -3 -3 59
 55 3 -1 39
 55 2 -2 200
 55 -3 -2 251
 55 1 -2 319
 55 1 1 53
 55 -3 1 115
 55 2 1 21
 55 0 1 7
 55 -4 -1 245
 55 -2 -1 150
 "contig-ratio-green-core" 0.8421052631578947
 "contig-ratio-red-core" 0.85
