 "a-count" 10
 "b-count" 0
 "c-color-count" 28
 "c-express-count" 28
 "d-color-count" 19
 "d-express-count" 18
 "cell-count" 56
 15 -4 -1 160
 105 1 4 244
 15 0 4 176
 105 1 2 260
 105 -3 -2 265
 15 0 3 44
 15 3 3 66
 15 -4 0 211
 15 -1 4 259
 105 -2 -2 228
 15 1 3 227
 15 1 -4 348
 15 -3 3 340
 105 -1 -4 256
 15 1 -5 176
 15 -1 -2 251
 105 1 -3 237
 15 2 3 331
 105 0 -3 21
 15 4 0 15
 15 3 -1 3
 15 -4 1 33
 105 1 -2 64
 15 -3 -1 322
 15 5 0 75
 15 4 -1 185
 15 0 -2 62
 105 -1 -3 288
 55 -3 0 257
 55 1 -1 200
 55 -1 3 64
 55 3 2 263
 55 -3 2 265
 55 -1 -1 130
 55 -1 1 281
 55 1 0 149
 55 2 1 317
 55 1 1 172
 55 -1 0 314
 55 2 -2 152
 55 0 -1 349
 55 -3 1 204
 55 0 1 322
 55 2 -3 189
 55 2 -1 137
 55 -2 0 96
 55 -2 -1 18
 55 4 1 253
 55 0 2 80
 55 0 0 32
 55 3 0 59
 55 2 0 351
 55 3 1 85
 55 -1 2 195
 55 -2 2 278
 55 -2 1 2
 "contig-ratio-green-core" 0.6470588235294118
 "contig-ratio-red-core" 0.7857142857142857
 "a-count" 5
 "b-count" 0
 "c-color-count" 28
 "c-express-count" 28
 "d-color-count" 24
 "d-express-count" 23
 "cell-count" 56
 15 2 3 287
 15 -2 -2 46
 15 -4 0 327
 15 0 -4 166
 15 -2 -3 34
 15 0 -3 273
 15 -1 4 13
 15 1 4 119
 15 3 2 122
 15 2 -1 295
 15 1 -2 65
 15 2 -3 96
 15 3 -1 283
 15 2 -2 249
 15 1 -3 238
 15 4 1 254
 15 0 4 357
 105 3 3 189
 15 -4 -1 141
 105 3 0 301
 105 -4 1 98
 15 2 0 124
 15 4 0 218
 15 3 -2 99
 15 3 1 66
 105 3 -3 279
 15 -2 4 205
 15 -1 -3 301
 55 1 2 93
 55 0 2 180
 55 0 0 293
 55 0 -1 338
 55 -1 -1 152
 55 0 3 104
 55 4 -2 54
 55 -3 2 151
 55 1 1 292
 55 -2 0 307
 55 -2 -1 168
 55 1 0 265
 55 -1 -2 213
 55 -3 0 245
 55 -1 3 310
 55 4 -1 97
 55 -1 2 287
 55 2 2 173
 55 1 -1 243
 55 -2 2 31
 55 1 3 175
 55 2 1 128
 55 0 1 117
 55 -1 0 266
 55 -3 -1 159
 55 -1 1 82
 55 0 -2 271
 55 -3 1 104
 "contig-ratio-green-core" 1
 "contig-ratio-red-core" 0.6111111111111112
 "a-count" 8
 "b-count" 0
 "c-color-count" 28
 "c-express-count" 28
 "d-color-count" 20
 "d-express-count" 20
 "cell-count" 56
 105 4 1 11
 15 -4 1 213
 15 4 -1 132
 15 4 0 150
 15 1 3 233
 15 2 -4 223
 15 1 4 139
 15 3 1 224
 15 2 2 29
 15 1 1 113
 15 -1 -4 112
 15 2 -3 16
 15 -3 -3 269
 105 3 3 196
 15 1 -4 328
 15 -2 -3 8
 15 0 -4 56
 15 2 4 221
 105 -1 3 117
 105 2 3 112
 105 -4 -1 296
 105 -3 -1 10
 105 -1 4 322
 15 1 2 188
 105 0 4 310
 15 -3 -2 268
 15 3 -3 166
 15 3 2 88
 55 -2 1 150
 55 -1 1 25
 55 -1 2 155
 55 0 1 110
 55 -2 -1 39
 55 3 -1 31
 55 -1 -1 11
 55 -2 0 298
 55 -3 1 67
 55 -3 0 202
 55 2 -2 115
 55 3 0 296
 55 -1 -2 256
 55 -2 2 158
 55 0 0 252
 55 -3 2 267
 55 -1 -3 252
 55 1 -3 41
 55 0 -3 304
 55 1 -2 154
 55 2 -1 4
 55 0 2 63
 55 -1 0 109
 55 1 -1 75
 55 0 -2 235
 55 2 0 262
 55 1 0 203
 55 -2 -2 222
 "contig-ratio-green-core" 0.5714285714285714
 "contig-ratio-red-core" 0.6
