 "a-count" 11
 "b-count" 0
 "c-color-count" 28
 "c-express-count" 28
 "d-color-count" 18
 "d-express-count" 17
 "cell-count" 56
 105 2 -3 62
 15 2 -1 118
 105 0 -4 338
 15 -3 2 259
 15 2 -2 96
 15 3 3 277
 105 -2 3 355
 15 1 -1 31
 105 -2 1 253
 105 4 -1 68
 15 -3 3 75
 15 3 0 189
 105 0 -3 64
 15 3 -1 69
 15 4 0 35
 15 3 1 201
 15 4 2 192
 15 -4 2 278
 15 1 -2 263
 105 -2 2 311
 15 -4 -1 202
 15 -4 0 72
 15 0 -2 161
 105 3 -3 339
 105 1 -4 230
 15 4 1 108
 105 -1 -4 272
 15 1 -3 335
 55 -2 -3 78
 55 -3 0 55
 55 2 1 210
 55 1 1 146
 55 -1 2 251
 55 -3 -1 257
 55 -2 -2 137
 55 -1 0 275
 55 0 2 301
 55 -1 -1 210
 55 3 2 306
 55 2 3 127
 55 -1 3 334
 55 1 3 293
 55 -1 -3 222
 55 1 2 0
 55 -2 -1 149
 55 -3 -2 320
 55 1 4 352
 55 -1 1 228
 55 0 1 242
 55 0 0 355
 55 2 2 233
 55 0 -1 29
 55 -1 -2 287
 55 1 0 167
 55 -2 0 26
 55 0 3 195
 "contig-ratio-green-core" 0.4117647058823529
 "contig-ratio-red-core" 0.4666666666666667
 "a-count" 10
 "b-count" 0
 "c-color-count" 28
 "c-express-count" 28
 "d-color-count" 19
 "d-express-count" 18
 "cell-count" 56
 105 2 0 234
 105 -3 2 161
 105 -2 2 286
 15 1 -3 124
 15 2 -4 118
 15 1 -2 175
 105 -2 3 18
 105 3 -1 341
 15 1 4 323
 15 -2 -3 221
 15 2 -2 344
 15 1 3 347
 105 -1 -4 166
 105 3 0 49
 15 0 -4 228
 15 -4 0 64
 15 -4 -1 195
 15 -3 -3 153
 15 2 3 70
 15 2 -1 308
 105 0 4 331
 15 -3 -2 191
 15 0 -3 116
 15 -3 0 163
 105 -4 1 223
 15 1 -4 195
 15 -1 -3 355
 15 -3 -1 317
 55 0 -2 220
 55 -2 0 42
 55 0 1 88
 55 1 1 107
 55 0 -1 5
 55 1 3 83
 55 1 0 133
 55 0 -1 221
 55 -1 -1 210
 55 -1 -1 167
 55 -2 1 3
 55 -2 -1 238
 55 -1 3 318
 55 -3 1 85
 55 2 2 189
 55 0 0 284
 55 -1 -2 29
 55 -1 1 267
 55 3 1 359
 55 1 1 281
 55 2 1 238
 55 1 2 212
 55 -1 2 194
 55 0 3 179
 55 -1 0 266
 55 0 1 107
 55 0 2 78
 55 0 0 252
 "contig-ratio-green-core" 0.5
 "contig-ratio-red-core" 0.5
 "a-count" 5
 "b-count" 0
 "c-color-count" 28
 "c-express-count" 28
 "d-color-count" 23
 "d-express-count" 23
 "cell-count" 56
 105 1 4 166
 15 -3 1 112
 15 3 -1 186
 15 4 0 259
 105 -3 3 219
 15 0 3 131
 15 -2 1 319
 15 3 -3 199
 15 -2 3 345
 15 -2 -2 191
 15 -2 2 311
 15 4 -1 210
 15 3 1 347
 105 0 4 316
 15 -4 -1 158
 105 -3 -2 98
 15 3 0 279
 15 -1 3 204
 15 5 -1 278
 15 -1 2 22
 105 -3 -3 148
 15 -2 -4 329
 15 -1 1 180
 15 3 -2 179
 15 1 3 4
 15 -1 -4 74
 15 2 3 6
 15 -2 -3 258
 55 1 1 142
 55 -3 -1 267
 55 -2 0 170
 55 1 -3 195
 55 -1 -3 35
 55 -4 0 93
 55 0 -2 222
 55 2 -1 43
 55 0 1 138
 55 -2 -1 302
 55 2 0 62
 55 0 -3 40
 55 -1 -2 207
 55 2 2 147
 55 0 -1 0
 55 -3 0 19
 55 0 2 145
 55 2 -2 134
 55 2 1 8
 55 1 2 345
 55 1 -2 356
 55 1 0 175
 55 -1 0 12
 55 -1 -1 230
 55 1 -1 149
 55 -4 1 141
 55 3 2 273
 55 0 0 355
 "contig-ratio-green-core" 0.75
 "contig-ratio-red-core" 0.7142857142857143
