 "a-count" 9
 "b-count" 0
 "c-color-count" 28
 "c-express-count" 28
 "d-color-count" 23
 "d-express-count" 19
 "cell-count" 56
 15 -1 4 325
 15 3 -1 63
 15 3 2 60
 105 -3 -3 274
 15 -4 -1 306
 15 -2 -3 163
 15 -4 0 72
 105 0 -4 96
 105 3 3 9
 15 -2 -2 175
 15 3 1 123
 15 2 -2 141
 15 1 3 152
 15 3 -2 29
 105 1 -4 50
 15 4 0 351
 15 3 0 76
 15 2 -3 86
 15 4 -1 48
 15 1 4 324
 105 2 3 299
 15 -1 -3 140
 15 1 -3 262
 15 0 -3 207
 15 4 1 357
 15 -3 -2 238
 15 0 4 337
 15 -4 1 221
 55 -1 3 305
 55 2 2 359
 55 1 -1 194
 55 1 -2 15
 55 -1 2 353
 55 -1 -1 296
 55 0 3 256
 55 0 0 182
 55 -2 3 225
 55 -1 -2 295
 55 -3 0 160
 55 2 1 104
 55 0 2 54
 55 -3 -1 108
 55 1 1 32
 55 -2 1 46
 55 1 0 151
 55 0 -1 246
 55 -2 0 278
 55 -1 1 331
 55 -1 0 176
 55 2 0 234
 55 -3 1 337
 55 0 -2 332
 55 0 1 316
 55 1 2 189
 55 -2 -1 244
 55 -2 2 266
 "contig-ratio-green-core" 0.9375
 "contig-ratio-red-core" 0.5789473684210527
 "a-count" 5
 "b-count" 0
 "c-color-count" 28
 "c-express-count" 28
 "d-color-count" 24
 "d-express-count" 23
 "cell-count" 56
 15 3 -1 269
 105 -3 -1 339
 15 2 3 105
 15 1 -3 23
 15 1 4 339
 105 -4 0 25
 15 1 3 329
 15 3 -2 43
 15 2 2 152
 15 -4 -2 174
 15 -1 -3 83
 15 -1 4 255
 15 3 3 260
 15 3 2 104
 15 -2 -3 86
 15 2 -3 290
 15 -3 2 131
 15 0 4 232
 15 3 -3 184
 15 -2 -2 159
 15 -3 1 65
 105 3 0 245
 105 -1 -4 129
 15 2 4 87
 15 -4 -3 280
 15 -3 0 269
 15 0 -3 313
 15 1 -4 331
 55 0 3 225
 55 2 -2 340
 55 -1 -1 328
 55 1 1 193
 55 -1 -2 99
 55 4 1 168
 55 2 1 284
 55 -2 -1 302
 55 4 2 183
 55 0 2 157
 55 1 0 229
 55 2 0 301
 55 -1 0 311
 55 5 1 310
 55 1 2 124
 55 -1 2 271
 55 -1 1 359
 55 0 1 239
 55 0 -1 7
 55 0 -2 23
 55 -2 0 10
 55 -2 2 121
 55 0 0 27
 55 2 -1 230
 55 -1 3 164
 55 1 -1 26
 55 -2 1 157
 55 1 -2 136
 "contig-ratio-green-core" 0.8823529411764706
 "contig-ratio-red-core" 0.5882352941176471
 "a-count" 10
 "b-count" 0
 "c-color-count" 28
 "c-express-count" 28
 "d-color-count" 18
 "d-express-count" 18
 "cell-count" 56
 15 0 4 107
 15 4 -3 331
 105 3 1 43
 15 3 0 220
 105 -3 0 176
 15 -4 1 47
 105 4 0 29
 15 -2 0 102
 15 -3 2 317
 15 -3 -3 128
 15 -3 1 274
 105 0 -2 53
 15 2 -3 98
 105 -2 -1 45
 15 -4 0 43
 15 3 -3 110
 15 -3 -2 291
 105 3 3 252
 15 3 -2 188
 105 -3 -1 354
 15 2 -4 147
 105 3 2 336
 15 -1 4 106
 15 -4 -1 346
 15 1 -4 237
 15 3 -1 163
 105 2 -2 343
 105 1 -2 138
 55 0 0 15
 55 0 1 215
 55 2 1 210
 55 -2 3 252
 55 -2 1 231
 55 0 -1 53
 55 -1 0 220
 55 1 -1 205
 55 -1 -1 321
 55 -1 -3 135
 55 2 0 33
 55 1 2 211
 55 -2 -3 142
 55 -2 2 134
 55 2 3 18
 55 2 2 157
 55 -1 -2 38
 55 1 3 189
 55 -2 -2 268
 55 -1 1 46
 55 -1 2 18
 55 1 4 343
 55 1 1 108
 55 0 3 115
 55 -1 3 263
 55 0 2 217
 55 -1 -4 354
 55 2 -1 284
 "contig-ratio-green-core" 0.4
 "contig-ratio-red-core" 0.5
