 "a-count" 7
 "b-count" 2
 "c-color-count" 26
 "c-express-count" 26
 "d-color-count" 21
 "d-express-count" 21
 "cell-count" 56
 15 -1 2 144
 15 1 3 95
 15 -3 2 182
 105 1 -3 85
 15 2 2 212
 15 3 3 141
 15 -2 3 145
 15 -4 1 193
 105 -4 2 148
 15 2 3 29
 15 0 2 12
 15 -2 -3 355
 15 0 -2 208
 15 0 3 108
 15 -1 -3 328
 15 1 1 31
 15 1 2 298
 105 -3 3 119
 105 1 -4 163
 105 -1 3 233
 15 -1 -2 268
 15 -2 -2 274
 105 -3 -1 201
 15 0 -4 94
 15 -1 -4 356
 15 0 1 131
 105 3 -2 355
 15 -4 0 196
 5 -3 -3 116
 55 0 -1 225
 55 0 4 238
 55 -2 1 280
 55 -1 -1 286
 55 4 1 131
 55 1 -1 221
 55 4 0 261
 55 -2 0 214
 55 1 0 130
 55 3 0 34
 55 3 2 64
 55 -2 -1 319
 55 2 -1 281
 55 -1 0 343
 55 0 0 203
 55 2 1 132
 55 -2 2 53
 55 2 0 233
 5 2 -3 137
 55 -1 4 4
 55 -1 1 289
 55 3 -1 198
 55 1 -2 65
 55 2 -2 116
 55 -3 0 1
 55 1 4 19
 55 -3 1 28
 "contig-ratio-green-core" 0.6666666666666666
 "contig-ratio-red-core" 0.875
 "a-count" 4
 "b-count" 5
 "c-color-count" 23
 "c-express-count" 23
 "d-color-count" 26
 "d-express-count" 24
 "cell-count" 56
 15 -1 4 298
 15 1 0 242
 15 0 -1 157
 15 -2 -3 69
 15 3 -1 264
 15 0 -3 125
 15 -1 -3 94
 15 -1 -2 307
 15 -1 -1 320
 105 -3 2 228
 15 0 -2 332
 105 -3 3 98
 15 2 -1 274
 15 -3 -3 45
 15 -3 1 226
 15 -1 3 216
 15 3 0 140
 15 2 2 314
 15 -4 -1 190
 15 2 0 191
 15 3 1 283
 15 3 2 160
 15 1 -2 223
 15 -4 1 33
 15 0 4 262
 15 1 -1 321
 15 -4 0 259
 15 0 3 357
 5 2 3 241
 55 -1 0 135
 55 -3 0 41
 5 3 -2 94
 55 -3 -1 352
 55 2 -3 279
 55 -2 2 229
 55 0 -4 247
 55 1 -3 341
 5 4 -1 322
 55 0 0 166
 55 4 1 175
 55 -1 2 321
 55 3 3 19
 55 4 0 13
 5 1 4 34
 5 3 -3 9
 55 1 2 278
 55 -1 1 246
 55 -2 -2 333
 55 0 2 18
 55 -3 -2 320
 55 0 1 58
 55 1 -4 161
 55 -2 -1 250
 55 1 1 161
 55 -2 0 108
 55 -2 1 105
 "contig-ratio-green-core" 0.8888888888888888
 "contig-ratio-red-core" 0.7619047619047619
 "a-count" 9
 "b-count" 2
 "c-color-count" 27
 "c-express-count" 26
 "d-color-count" 20
 "d-express-count" 19
 "cell-count" 56
 15 2 3 130
 15 2 -2 303
 15 -2 1 150
 105 1 -4 209
 15 3 1 13
 105 -4 -1 208
 15 -2 0 179
 15 3 2 168
 105 1 4 287
 105 3 -3 271
 15 2 -3 330
 15 -1 2 61
 15 4 -1 11
 105 -3 3 230
 105 -2 3 30
 15 -3 2 285
 105 -3 -2 54
 15 3 -1 202
 15 2 2 195
 15 1 -3 135
 15 4 0 213
 15 4 1 323
 15 -2 -1 79
 15 3 0 44
 15 -1 -4 254
 15 0 4 64
 15 -2 2 247
 105 -1 3 61
 55 0 -2 197
 55 -3 1 45
 55 -1 -3 1
 55 1 3 87
 55 2 1 144
 55 -2 -2 304
 55 -3 -1 234
 55 0 2 37
 55 2 -1 247
 55 0 -1 231
 5 -3 0 92
 55 -2 -3 49
 55 0 3 233
 55 0 1 33
 55 -1 -2 260
 55 2 0 314
 55 3 3 237
 55 1 -2 250
 55 -1 4 120
 55 -1 0 154
 55 -4 0 318
 55 1 1 250
 55 1 0 22
 55 0 -3 288
 55 -1 -1 40
 55 1 -1 232
 55 1 2 123
 55 -1 1 340
 "contig-ratio-green-core" 0.65
 "contig-ratio-red-core" 1
 "a-count" 7
 "b-count" 8
 "c-color-count" 20
 "c-express-count" 20
 "d-color-count" 22
 "d-express-count" 21
 "cell-count" 56
 15 1 3 118
 15 -3 -1 307
 15 0 4 44
 15 -1 1 38
 15 0 -4 311
 15 -4 -1 117
 105 4 0 229
 105 -2 3 32
 15 1 -3 62
 15 -1 2 124
 105 -1 -4 26
 105 -2 -1 348
 15 3 0 216
 15 0 -1 183
 105 -3 -2 166
 15 2 3 27
 15 0 0 91
 15 -3 0 117
 15 1 -2 356
 15 -2 -2 120
 15 2 -2 232
 15 -1 0 86
 15 3 -1 302
 105 3 -2 84
 15 1 4 147
 15 2 2 219
 15 -1 -1 261
 15 -2 0 126
 55 1 2 119
 55 -3 -3 252
 55 1 -1 305
 55 3 3 124
 5 -2 2 64
 55 4 1 320
 55 2 1 148
 55 -1 -3 300
 55 3 -3 102
 55 -1 3 137
 5 4 -1 147
 55 -2 1 41
 55 0 2 320
 5 4 2 286
 55 2 0 326
 5 -3 3 90
 55 1 0 174
 5 -3 2 29
 55 1 1 96
 55 -2 -3 268
 5 2 -3 287
 55 3 1 32
 5 -4 1 161
 55 1 -4 126
 55 -4 0 84
 5 -1 4 221
 55 3 2 79
 55 2 -1 175
 "contig-ratio-green-core" 0.7777777777777778
 "contig-ratio-red-core" 0.8235294117647058
