 "a-count" 6
 "b-count" 3
 "c-color-count" 25
 "c-express-count" 25
 "d-color-count" 22
 "d-express-count" 22
 "cell-count" 56
 105 0 -3 173
 15 2 2 113
 15 0 3 141
 15 -4 0 311
 15 -1 2 194
 15 1 -3 44
 15 -1 -2 27
 15 -2 -2 75
 15 1 2 243
 15 -1 -4 352
 15 1 3 174
 15 0 -2 144
 105 1 -4 42
 15 -1 3 340
 15 1 -2 210
 105 3 3 359
 15 0 2 216
 15 0 -4 294
 105 -2 -3 98
 15 0 -5 116
 15 -1 4 216
 15 0 1 307
 15 3 -2 244
 105 -3 3 63
 15 4 -1 176
 105 -2 2 48
 15 2 -2 309
 15 -1 1 254
 55 2 0 77
 55 3 -1 343
 55 -3 -2 335
 55 -3 -3 70
 55 0 -1 327
 5 2 -3 315
 55 0 4 113
 5 -4 1 66
 55 3 1 171
 55 -1 -1 7
 55 1 1 39
 55 2 1 208
 5 2 3 101
 55 -3 1 9
 55 3 0 141
 55 4 1 325
 55 -3 0 100
 55 1 -1 91
 55 2 -1 211
 55 -3 -1 177
 55 3 2 303
 55 1 0 65
 55 -2 0 273
 55 -2 1 13
 55 0 0 205
 55 -2 -1 215
 55 -4 -2 152
 55 -1 0 10
 "contig-ratio-green-core" 0.6
 "contig-ratio-red-core" 0.8
 "a-count" 5
 "b-count" 3
 "c-color-count" 26
 "c-express-count" 25
 "d-color-count" 25
 "d-express-count" 23
 "cell-count" 56
 15 -2 1 1
 15 -2 4 24
 15 -3 -2 200
 15 -1 1 179
 105 -3 -3 91
 105 3 -2 228
 15 0 -2 305
 15 -1 -1 63
 15 -3 3 190
 105 3 3 228
 15 2 -3 215
 15 0 4 75
 15 -2 -1 93
 15 0 -1 127
 15 1 3 307
 15 0 0 49
 15 4 -1 165
 15 0 1 16
 15 -3 1 298
 15 -1 -2 167
 15 -2 0 352
 15 -1 0 23
 15 1 2 88
 15 1 0 163
 15 1 1 265
 15 -2 -2 321
 15 2 1 290
 15 3 0 137
 55 -1 3 260
 55 4 1 290
 55 0 3 176
 55 1 -1 195
 55 -4 1 278
 55 -2 -3 155
 55 1 4 355
 55 -1 -3 176
 55 -3 0 308
 55 -3 -1 250
 55 2 -2 176
 55 0 -3 102
 55 3 1 157
 55 -1 2 348
 55 1 -4 23
 55 -4 0 319
 55 1 -3 114
 55 1 -2 320
 55 0 2 270
 55 2 -1 32
 55 -1 -4 342
 55 -4 -1 93
 5 2 0 120
 55 -2 3 356
 55 4 0 66
 5 3 2 349
 55 0 -4 128
 55 -2 2 293
 "contig-ratio-green-core" 0.84
 "contig-ratio-red-core" 1
 "a-count" 10
 "b-count" 5
 "c-color-count" 24
 "c-express-count" 23
 "d-color-count" 20
 "d-express-count" 18
 "cell-count" 56
 15 3 1 207
 15 -3 -1 98
 105 1 -4 263
 105 0 -4 71
 15 -1 2 77
 15 1 -3 289
 15 0 -2 209
 105 -4 0 166
 15 3 2 15
 105 -3 3 331
 105 3 3 79
 15 0 4 319
 15 1 -2 302
 105 -1 3 42
 15 -2 0 41
 15 -2 -2 224
 105 -1 4 20
 15 -1 -1 191
 105 -4 1 343
 15 1 2 177
 15 -2 -1 149
 15 0 2 225
 15 -1 -2 347
 15 2 3 71
 15 1 3 136
 15 -3 -2 11
 15 -3 1 241
 15 2 2 152
 55 2 -2 150
 55 3 0 41
 5 3 -3 128
 55 1 1 93
 55 -1 1 10
 55 2 -1 141
 5 0 0 88
 55 1 -1 289
 55 -1 -3 44
 55 -2 2 176
 5 4 -1 126
 55 3 -1 161
 55 -1 -4 128
 55 0 -1 324
 55 -4 -1 153
 55 2 1 200
 55 -3 -3 270
 55 -2 -3 70
 55 4 0 309
 55 2 -3 232
 5 3 -2 7
 55 2 0 95
 55 -2 3 236
 55 0 1 221
 55 1 0 124
 55 1 4 66
 55 -2 1 245
 55 -1 0 111
 "contig-ratio-green-core" 0.8125
 "contig-ratio-red-core" 0.9375
 "a-count" 6
 "b-count" 2
 "c-color-count" 27
 "c-express-count" 26
 "d-color-count" 23
 "d-express-count" 22
 "cell-count" 56
 15 0 1 243
 15 -1 1 193
 15 3 -3 29
 15 2 -1 187
 15 2 1 351
 15 0 3 111
 105 3 -2 42
 15 1 -3 268
 15 -3 -2 239
 15 -3 -3 313
 15 -1 3 176
 105 3 0 168
 105 0 2 47
 15 -3 3 80
 15 1 1 302
 15 1 0 156
 15 2 0 318
 15 3 -1 228
 15 -2 3 115
 105 1 -4 132
 15 2 -2 278
 15 2 2 278
 15 1 2 59
 105 -4 1 119
 15 0 -3 174
 15 1 3 188
 15 -1 2 205
 15 -2 2 163
 55 2 3 299
 55 -1 4 332
 55 -4 -1 66
 55 2 -3 344
 55 -1 -2 16
 55 -2 -3 330
 5 0 -4 147
 55 4 1 12
 55 -1 -1 283
 55 -4 0 275
 55 -1 -3 324
 55 4 0 89
 55 -3 -1 14
 55 0 4 339
 55 4 -1 226
 55 -3 0 228
 55 0 -2 291
 55 0 0 244
 55 3 1 104
 55 -3 2 262
 55 -2 0 122
 55 -1 0 246
 55 -2 -2 120
 55 0 -1 125
 55 -2 -1 134
 55 -2 1 90
 55 1 -2 284
 55 -3 1 99
 "contig-ratio-green-core" 0.7368421052631579
 "contig-ratio-red-core" 0.8421052631578947
