 "a-count" 6
 "b-count" 7
 "c-color-count" 23
 "c-express-count" 21
 "d-color-count" 24
 "d-express-count" 22
 "cell-count" 56
 15 -3 -3 270
 15 0 -1 254
 15 -3 2 136
 15 0 2 351
 15 -2 2 52
 15 4 1 200
 15 0 3 47
 15 2 1 123
 105 -3 3 122
 15 0 1 290
 15 -1 0 127
 15 -2 -1 54
 15 2 -1 237
 15 1 2 208
 15 1 1 332
 15 1 -1 223
 105 -1 4 146
 105 2 2 198
 15 -1 1 299
 15 -1 -1 2
 15 -1 3 101
 15 -2 1 172
 15 2 0 284
 15 1 0 237
 15 -4 1 150
 15 0 0 106
 15 -1 2 127
 105 3 0 210
 55 3 1 87
 55 1 3 131
 55 2 -3 101
 5 -2 -2 119
 55 3 2 224
 55 0 -2 213
 55 1 -2 333
 5 -2 0 204
 55 -2 -3 355
 55 0 4 84
 5 3 -2 27
 55 -1 -3 346
 55 1 -4 1
 55 -4 0 131
 55 3 -3 327
 5 0 -4 25
 55 4 -1 355
 55 1 -3 330
 55 -2 3 38
 55 0 -3 231
 55 1 4 61
 55 -3 1 81
 55 -3 0 110
 55 2 -2 271
 5 -4 -1 176
 55 4 0 243
 55 2 3 229
 55 -1 -2 117
 "contig-ratio-green-core" 0.6
 "contig-ratio-red-core" 0.6923076923076923
 "a-count" 9
 "b-count" 5
 "c-color-count" 25
 "c-express-count" 23
 "d-color-count" 21
 "d-express-count" 19
 "cell-count" 56
 15 1 -1 199
 105 3 -1 26
 15 -1 -1 220
 15 2 1 215
 15 -2 -2 31
 15 1 1 4
 105 2 2 128
 105 3 -3 165
 105 4 -1 287
 15 0 0 244
 105 -4 0 343
 15 1 -2 85
 15 -3 -1 171
 15 -1 -2 213
 15 0 -1 99
 15 4 0 0
 15 -2 3 296
 15 -1 0 58
 15 -3 0 117
 15 0 4 267
 105 2 -2 81
 15 1 0 229
 105 1 -4 5
 15 1 3 85
 15 -2 -1 156
 15 2 -3 222
 15 1 4 169
 15 0 -2 142
 55 0 3 209
 55 -1 1 137
 55 -3 -3 11
 55 -3 -2 235
 55 2 3 104
 55 -4 -1 275
 5 3 3 100
 55 1 -3 303
 55 -1 2 131
 5 -3 2 319
 55 -1 -4 102
 55 3 2 103
 55 0 2 102
 55 0 -3 77
 55 2 -1 334
 55 4 1 171
 55 0 1 137
 55 -1 3 28
 5 -2 -3 48
 55 2 0 42
 55 3 -2 245
 55 -2 1 320
 55 3 0 195
 55 -2 2 88
 55 -1 -3 39
 55 0 -4 191
 55 3 1 152
 55 -2 0 336
 "contig-ratio-green-core" 0.8571428571428571
 "contig-ratio-red-core" 0.8333333333333334
 "a-count" 8
 "b-count" 6
 "c-color-count" 23
 "c-express-count" 22
 "d-color-count" 23
 "d-express-count" 20
 "cell-count" 56
 15 2 0 129
 105 -1 -3 175
 15 -1 3 343
 15 -1 4 266
 15 2 -1 26
 15 0 0 60
 15 1 -4 217
 15 1 2 44
 15 -1 1 286
 15 2 2 294
 15 1 -2 290
 15 3 2 243
 15 -1 0 136
 15 0 3 210
 15 1 1 309
 15 -1 2 340
 105 3 1 222
 105 -3 3 25
 15 3 -1 216
 15 0 -1 205
 15 4 -1 154
 15 1 -1 292
 15 2 1 87
 15 2 -2 132
 105 1 0 126
 15 0 -3 25
 105 1 4 89
 15 0 2 303
 55 4 1 134
 55 1 -3 159
 55 -2 2 298
 55 3 -3 290
 55 -3 -2 112
 5 -3 2 108
 55 -4 1 172
 55 -4 0 203
 5 -3 0 23
 55 2 -3 32
 55 4 2 147
 5 -2 3 63
 55 -1 -1 79
 55 -2 1 162
 55 -2 0 267
 55 -3 -1 266
 55 2 3 256
 55 0 4 179
 5 -4 -1 137
 55 -2 -3 159
 55 3 -2 79
 55 1 3 314
 55 -3 1 21
 55 -1 -2 23
 55 3 3 0
 55 -2 -1 79
 55 0 -2 89
 5 -3 -3 322
 "contig-ratio-green-core" 0.7058823529411765
 "contig-ratio-red-core" 0.7058823529411765
 "a-count" 6
 "b-count" 1
 "c-color-count" 27
 "c-express-count" 27
 "d-color-count" 22
 "d-express-count" 22
 "cell-count" 56
 15 -2 -3 241
 15 0 4 143
 15 0 -3 38
 15 0 -2 184
 15 0 3 215
 15 -1 -4 262
 105 2 -3 167
 15 -4 1 177
 15 2 2 260
 105 2 3 147
 15 1 -2 197
 105 3 -1 335
 15 -2 -2 273
 105 0 -4 70
 15 4 1 76
 15 1 2 205
 15 1 3 327
 105 1 -4 248
 15 -2 3 217
 15 -4 0 359
 15 -3 3 122
 15 2 -2 198
 15 -1 -2 65
 105 -1 4 125
 15 4 0 95
 15 -1 -3 340
 15 3 3 301
 15 -1 3 124
 55 -3 -2 257
 55 2 1 115
 55 -2 -1 276
 55 3 2 320
 55 -1 -1 21
 55 -2 1 268
 55 0 1 42
 55 0 2 282
 55 1 1 2
 5 1 4 241
 55 3 1 64
 55 0 -1 336
 55 1 0 38
 55 1 -1 200
 55 0 0 157
 55 -1 0 153
 55 3 0 260
 55 2 -1 258
 55 -1 2 137
 55 -3 -1 23
 55 -1 1 266
 55 -3 2 117
 55 -3 0 134
 55 -2 2 143
 55 -2 0 355
 55 -3 -3 87
 55 -3 1 225
 55 2 0 76
 "contig-ratio-green-core" 0.9444444444444444
 "contig-ratio-red-core" 0.8421052631578947
