 "a-count" 5
 "b-count" 3
 "c-color-count" 25
 "c-express-count" 25
 "d-color-count" 23
 "d-express-count" 23
 "cell-count" 56
 15 -3 -1 268
 15 3 3 114
 15 4 1 322
 15 -2 -3 18
 15 -1 3 81
 105 -4 -1 185
 15 1 2 354
 105 0 3 202
 15 2 -1 264
 15 1 1 151
 15 3 1 219
 15 0 1 54
 15 0 -1 181
 105 1 4 101
 15 1 -1 358
 15 -3 3 240
 15 1 -2 93
 15 -1 2 131
 15 0 2 170
 15 0 0 37
 15 2 0 137
 105 3 2 211
 15 -1 -4 248
 15 2 2 152
 15 2 1 80
 105 -1 4 158
 15 2 -2 149
 15 3 -1 100
 55 -1 1 21
 55 -4 1 170
 5 -3 -2 196
 55 -2 0 86
 55 -3 2 217
 55 1 -4 61
 55 -4 0 189
 55 -1 -1 345
 55 -2 -2 307
 5 0 4 85
 5 3 -3 350
 55 -2 -1 74
 55 -2 2 226
 55 2 -3 324
 55 -1 -2 269
 55 -2 1 170
 55 1 -3 76
 55 -1 0 20
 55 4 -1 116
 55 0 -3 297
 55 0 -4 218
 55 -2 3 89
 55 1 3 193
 55 -3 0 174
 55 -1 -3 339
 55 2 3 239
 55 4 0 47
 55 -3 1 24
 "contig-ratio-green-core" 0.7142857142857143
 "contig-ratio-red-core" 0.8
 "a-count" 9
 "b-count" 5
 "c-color-count" 23
 "c-express-count" 23
 "d-color-count" 22
 "d-express-count" 19
 "cell-count" 56
 15 1 -3 238
 105 2 -3 175
 105 1 4 231
 15 -3 3 96
 15 -1 2 126
 15 0 -3 287
 15 -4 1 79
 105 0 3 327
 105 0 -4 73
 15 1 -2 93
 105 4 -1 205
 15 1 2 172
 15 -1 4 159
 15 2 2 128
 15 1 1 13
 15 3 1 117
 15 2 1 260
 15 -3 -2 8
 15 -3 -1 50
 15 3 0 323
 15 0 2 183
 15 -4 0 15
 15 0 1 303
 105 1 -4 244
 15 2 0 218
 15 -3 0 222
 15 -1 3 59
 15 4 1 72
 55 1 3 25
 55 -3 2 204
 55 1 0 278
 5 -4 -1 71
 55 -1 -4 272
 55 -2 1 152
 55 0 -2 230
 5 3 -3 330
 55 0 0 107
 55 3 -2 122
 55 2 3 229
 55 -2 2 216
 55 -2 -1 161
 5 3 -1 233
 55 1 -1 276
 5 2 -2 275
 55 -1 -3 158
 5 3 2 178
 55 -2 3 117
 55 2 -1 274
 55 -1 -2 4
 55 0 -1 297
 55 -1 1 216
 55 -2 0 267
 55 -1 0 101
 55 -3 1 313
 55 -1 -1 218
 55 -2 -2 174
 "contig-ratio-green-core" 0.8235294117647058
 "contig-ratio-red-core" 0.8235294117647058
 "a-count" 5
 "b-count" 8
 "c-color-count" 20
 "c-express-count" 20
 "d-color-count" 26
 "d-express-count" 23
 "cell-count" 56
 15 1 -1 136
 15 -3 0 275
 15 -1 -2 12
 15 3 0 141
 15 1 1 129
 15 -1 0 84
 15 2 0 141
 15 -3 3 36
 15 -1 -3 354
 15 1 -2 39
 15 0 0 89
 15 0 -3 2
 15 -3 -2 226
 105 0 -1 171
 15 -2 1 309
 15 2 2 238
 105 3 1 339
 15 -1 1 355
 15 -1 2 257
 15 1 0 206
 15 2 -2 125
 15 -2 0 122
 15 -3 1 137
 15 2 1 293
 15 -1 -1 344
 15 0 1 217
 15 0 -2 321
 15 -2 -1 63
 55 0 3 165
 55 -4 0 84
 55 -1 -4 285
 5 3 3 306
 5 4 0 102
 55 -4 1 287
 55 -1 3 330
 55 1 4 302
 55 -2 4 47
 55 0 -4 326
 5 1 -4 313
 5 -3 -3 162
 5 -3 -1 165
 55 -3 2 79
 55 0 4 351
 55 1 2 106
 55 4 -1 146
 55 2 3 340
 55 -2 3 252
 5 3 -3 136
 55 -1 4 78
 5 2 -3 126
 55 -2 -2 226
 5 3 2 310
 55 2 -1 270
 55 1 -3 30
 55 0 2 43
 55 1 3 88
 "contig-ratio-green-core" 0.7692307692307693
 "contig-ratio-red-core" 0.75
 "a-count" 8
 "b-count" 6
 "c-color-count" 22
 "c-express-count" 22
 "d-color-count" 22
 "d-express-count" 20
 "cell-count" 56
 15 3 2 321
 105 -2 -2 160
 15 -4 -2 170
 15 -3 -1 265
 15 2 -3 156
 15 -1 -1 108
 15 -1 2 165
 105 4 -1 122
 105 -3 3 248
 15 1 1 10
 15 -2 -1 209
 15 0 0 65
 15 -1 0 24
 15 0 1 165
 15 -2 2 210
 15 1 4 112
 15 -1 -4 47
 15 -1 1 34
 15 -1 -3 2
 105 2 -1 180
 15 3 -1 171
 105 3 3 117
 15 -3 -2 298
 15 -2 1 283
 15 0 2 293
 15 0 -1 47
 15 -2 0 52
 105 -2 -3 29
 55 1 3 99
 55 0 -4 110
 55 3 -2 212
 55 2 3 257
 5 2 -2 330
 55 2 2 274
 55 1 -2 230
 55 -4 -1 17
 55 -3 -3 7
 5 -1 3 53
 5 3 0 164
 55 0 -3 100
 55 2 0 312
 55 0 3 272
 5 -2 3 269
 55 0 -2 20
 55 1 -1 332
 55 2 1 214
 55 1 -3 296
 55 -3 0 114
 5 -1 4 143
 55 3 1 147
 55 -3 2 216
 55 1 0 48
 55 -4 1 326
 55 -3 1 83
 5 0 4 155
 55 -4 0 166
 "contig-ratio-green-core" 0.8235294117647058
 "contig-ratio-red-core" 0.9333333333333333
