 "a-count" 10
 "b-count" 4
 "c-color-count" 25
 "c-express-count" 24
 "d-color-count" 23
 "d-express-count" 18
 "cell-count" 56
 15 -1 -3 26
 15 2 1 134
 15 2 2 353
 15 1 -3 245
 15 3 -2 32
 15 -1 4 238
 15 3 1 250
 15 -2 2 4
 15 -4 0 315
 15 0 -4 177
 15 -2 1 288
 105 3 3 358
 105 4 -1 2
 15 1 2 187
 15 0 -3 282
 15 3 2 292
 105 1 -4 77
 105 -1 2 179
 105 4 1 26
 15 -3 1 125
 15 -2 0 259
 15 1 3 292
 15 0 2 251
 15 -3 -1 81
 15 -3 -2 309
 15 -3 0 157
 15 2 -2 271
 15 4 0 114
 5 -3 -3 228
 55 1 -2 245
 55 0 -1 249
 55 1 0 233
 55 -3 3 86
 55 -2 -3 211
 55 -2 -2 350
 55 3 -1 181
 55 -2 3 301
 55 -1 1 285
 55 2 0 192
 55 -1 -2 104
 55 0 0 4
 55 0 1 137
 55 -1 -4 357
 5 3 -3 96
 55 3 0 245
 55 0 4 14
 55 -4 1 3
 55 2 -1 227
 55 1 1 288
 55 -2 -1 343
 55 -3 2 172
 55 -1 0 56
 55 0 -2 328
 5 2 -3 322
 55 -1 -1 290
 55 1 4 93
 "contig-ratio-green-core" 0.8571428571428571
 "contig-ratio-red-core" 1
 "a-count" 5
 "b-count" 1
 "c-color-count" 27
 "c-express-count" 27
 "d-color-count" 27
 "d-express-count" 23
 "cell-count" 56
 15 -1 4 117
 15 4 -1 29
 15 -1 3 89
 15 2 -2 161
 15 0 -1 45
 15 0 -2 172
 15 -1 2 197
 15 2 0 58
 15 1 -3 74
 15 0 0 217
 15 3 1 300
 15 -1 -1 332
 105 -2 -3 182
 15 -3 -1 358
 15 -3 2 49
 15 1 -2 114
 15 1 1 238
 15 2 2 61
 15 -2 2 254
 15 -3 -3 7
 15 1 -1 158
 15 0 4 17
 15 2 1 134
 15 0 -3 42
 15 -2 3 47
 15 -3 -2 200
 15 1 0 229
 15 -1 -2 96
 55 1 2 41
 55 2 -3 227
 55 -3 1 303
 55 0 -4 260
 55 2 3 245
 55 -4 0 81
 55 -2 1 178
 55 4 1 323
 55 0 3 244
 55 1 4 177
 55 -1 -4 70
 55 0 1 271
 55 -2 -1 88
 55 3 0 39
 55 -1 -3 90
 55 -4 1 1
 55 3 -3 334
 55 3 -1 44
 55 3 -2 325
 55 -1 1 117
 55 -2 0 114
 55 4 0 53
 55 -1 0 266
 5 3 3 154
 55 1 3 154
 55 -3 0 212
 55 0 2 283
 55 -2 -2 32
 "contig-ratio-green-core" 0.8571428571428571
 "contig-ratio-red-core" 0.95
 "a-count" 11
 "b-count" 3
 "c-color-count" 25
 "c-express-count" 25
 "d-color-count" 21
 "d-express-count" 17
 "cell-count" 56
 15 -2 1 255
 15 3 1 341
 15 -3 -2 171
 105 2 3 291
 105 3 -3 310
 15 2 1 42
 105 -3 -3 222
 15 0 2 221
 105 -1 -4 346
 105 1 -4 293
 15 0 3 280
 15 0 -4 49
 105 1 2 275
 15 3 -2 28
 15 -2 -3 309
 15 -1 2 177
 15 -2 0 136
 15 1 0 322
 15 0 -3 71
 105 3 2 135
 15 0 1 154
 15 1 3 227
 15 3 3 254
 15 1 1 204
 15 -1 1 137
 15 -2 -1 219
 15 0 0 307
 15 2 0 12
 55 2 -1 281
 55 -1 -2 193
 55 0 -2 190
 55 0 -1 28
 55 1 -3 136
 55 1 -2 4
 55 1 4 50
 55 -4 -1 191
 55 -3 1 283
 55 4 1 209
 55 -1 3 8
 5 4 0 295
 55 1 -1 120
 55 -3 2 104
 55 -2 -2 106
 55 0 4 265
 55 -2 2 133
 5 -1 4 178
 55 4 -1 240
 5 -4 1 184
 55 2 -2 196
 55 -1 -3 287
 55 -3 0 164
 55 -2 3 175
 55 3 -1 211
 55 -3 -1 39
 55 -4 0 211
 55 3 0 281
 "contig-ratio-green-core" 0.6086956521739131
 "contig-ratio-red-core" 1
 "a-count" 6
 "b-count" 5
 "c-color-count" 23
 "c-express-count" 23
 "d-color-count" 22
 "d-express-count" 22
 "cell-count" 56
 15 -2 -1 343
 15 -2 3 93
 105 0 -4 249
 15 1 2 114
 105 4 0 103
 15 0 -2 251
 15 1 0 108
 15 -1 0 335
 15 -3 -1 239
 15 -2 0 193
 15 2 2 194
 15 -1 4 174
 15 -1 1 160
 15 3 -3 278
 15 -4 -2 231
 105 -3 -2 175
 105 4 1 307
 15 -1 -2 275
 15 -1 -1 176
 105 -1 -4 162
 105 -2 -2 115
 15 0 -1 121
 15 1 1 11
 15 0 1 8
 15 -2 -3 322
 15 -2 1 4
 15 -1 -3 10
 15 0 0 138
 5 0 4 20
 55 -2 2 353
 55 1 -1 353
 55 0 -3 186
 55 -3 2 351
 55 3 2 52
 5 1 4 156
 55 2 -3 27
 55 0 3 157
 55 3 -2 293
 55 -1 3 131
 5 4 -1 259
 55 1 -3 346
 55 -1 2 135
 55 3 0 78
 55 3 1 354
 55 -4 -1 113
 55 2 -1 303
 55 3 -1 130
 55 0 2 204
 55 2 0 294
 55 2 1 240
 55 -3 1 224
 55 1 -2 255
 5 -3 3 140
 5 3 3 296
 55 -3 -3 274
 55 2 -2 329
 "contig-ratio-green-core" 0.8125
 "contig-ratio-red-core" 0.8571428571428571
