 "a-count" 11
 "b-count" 9
 "c-color-count" 21
 "c-express-count" 19
 "d-color-count" 19
 "d-express-count" 17
 "cell-count" 56
 15 1 3 120
 15 2 -2 301
 15 2 3 214
 15 -2 -3 263
 15 3 1 47
 15 -3 -2 72
 105 -1 -4 81
 105 1 -4 276
 15 0 3 217
 15 3 0 186
 15 -3 0 349
 105 -3 -1 290
 15 -2 0 272
 15 3 -1 291
 105 -1 -2 73
 105 -2 1 114
 15 1 2 347
 15 -3 2 347
 105 -1 3 279
 105 -4 0 23
 105 -2 -1 176
 15 -1 -1 17
 15 3 -3 58
 15 1 4 59
 15 -1 -3 136
 15 0 2 265
 105 -2 3 32
 15 -1 2 222
 55 -1 1 178
 55 0 4 0
 55 0 0 59
 55 2 -3 33
 55 1 1 75
 5 -2 -2 48
 55 0 -4 217
 55 1 -3 352
 5 0 -2 286
 55 1 -1 298
 55 1 -2 87
 55 -1 0 234
 5 -3 3 280
 55 0 1 309
 55 -1 4 359
 55 2 0 255
 55 -2 2 3
 5 -3 1 96
 55 1 0 262
 55 2 -1 76
 55 4 -1 81
 5 3 -2 358
 55 0 -1 131
 55 2 1 110
 55 2 2 202
 55 -4 1 49
 5 4 0 88
 5 3 2 250
 "contig-ratio-green-core" 0.8125
 "contig-ratio-red-core" 0.7857142857142857
 "a-count" 6
 "b-count" 3
 "c-color-count" 25
 "c-express-count" 25
 "d-color-count" 22
 "d-express-count" 22
 "cell-count" 56
 105 3 -3 101
 15 -3 -2 207
 15 1 -4 24
 15 -4 1 153
 15 3 -2 88
 15 0 4 300
 15 1 2 86
 15 3 2 333
 15 0 2 45
 15 3 -1 17
 105 -3 2 332
 15 -3 -1 298
 15 3 0 31
 15 2 -3 265
 15 -3 -3 82
 105 -2 3 7
 105 -1 4 341
 15 2 2 282
 105 4 -1 284
 105 4 1 331
 15 -3 0 74
 15 1 3 351
 15 -3 1 196
 15 1 1 45
 15 4 0 88
 15 -2 2 203
 15 0 1 203
 15 -1 2 201
 55 -2 -1 210
 55 -1 -3 127
 55 3 1 249
 55 3 3 40
 55 1 -3 129
 55 -1 1 14
 55 0 0 202
 55 2 0 47
 55 1 0 230
 55 1 4 281
 55 0 -2 352
 55 1 -1 215
 55 -2 -2 102
 5 0 -1 5
 55 -2 1 298
 55 -1 -1 273
 55 -2 -3 41
 55 2 -2 98
 55 0 -4 213
 55 0 -3 92
 55 -1 0 23
 55 -2 0 53
 5 -1 -4 41
 55 2 1 84
 55 1 -2 359
 55 -1 -2 46
 55 2 -1 28
 5 -4 -1 106
 "contig-ratio-green-core" 1.0666666666666667
 "contig-ratio-red-core" 0.9285714285714286
 "a-count" 7
 "b-count" 2
 "c-color-count" 26
 "c-express-count" 26
 "d-color-count" 22
 "d-express-count" 21
 "cell-count" 56
 15 1 -4 140
 15 2 3 30
 15 -3 0 123
 15 3 -2 327
 15 -3 -2 309
 15 -4 -1 285
 15 1 -3 184
 105 -2 3 358
 15 1 4 35
 15 2 2 23
 15 -2 0 86
 15 3 1 76
 105 -1 -4 145
 15 0 4 118
 15 -1 3 215
 15 2 1 127
 15 -2 1 12
 15 -2 2 0
 105 -3 1 17
 15 -2 -1 264
 15 3 2 173
 15 -2 -3 75
 105 0 -3 98
 105 -1 -3 254
 15 2 -3 359
 105 -4 0 78
 15 -3 -1 272
 15 -2 -2 271
 55 2 -2 356
 55 1 0 44
 55 3 -1 181
 55 0 3 86
 55 3 0 204
 55 1 -2 352
 55 1 3 175
 55 2 0 237
 55 1 -1 344
 55 -3 -3 226
 55 -1 -2 210
 55 0 0 183
 55 -1 0 148
 55 0 1 206
 55 1 2 49
 5 3 3 109
 55 -1 2 249
 55 4 0 118
 55 2 4 43
 55 0 -1 230
 55 -1 1 99
 5 -3 2 95
 55 0 2 273
 55 -4 1 34
 55 2 -1 169
 55 0 -2 59
 55 1 1 298
 55 -1 -1 133
 "contig-ratio-green-core" 0.9375
 "contig-ratio-red-core" 0.8333333333333334
 "a-count" 6
 "b-count" 4
 "c-color-count" 25
 "c-express-count" 24
 "d-color-count" 24
 "d-express-count" 22
 "cell-count" 56
 15 3 -2 273
 15 -1 -3 312
 15 -4 -2 238
 15 3 2 196
 15 4 1 81
 105 0 4 153
 15 4 0 322
 15 -2 1 329
 15 -1 -4 65
 15 -3 -2 179
 15 2 2 326
 15 3 -3 292
 15 0 -4 68
 15 4 -1 131
 105 3 3 57
 15 -3 1 247
 15 3 1 67
 15 -4 0 221
 105 -2 -4 244
 15 -2 2 285
 15 3 -1 65
 15 3 0 357
 15 -4 -1 134
 105 -3 3 36
 15 -2 3 52
 15 0 -3 128
 15 -1 4 264
 15 -2 -3 25
 55 0 0 185
 55 -1 0 144
 55 0 2 54
 55 -3 -1 317
 55 -2 -1 51
 55 -1 1 72
 55 -3 -3 236
 55 -2 0 328
 55 1 3 253
 55 0 1 293
 55 -1 2 82
 55 1 1 254
 55 -4 1 54
 55 2 0 326
 55 2 1 356
 55 -1 -2 189
 5 -1 3 347
 55 -1 -1 341
 5 2 -2 65
 55 2 3 54
 55 -3 0 300
 55 0 -1 150
 55 1 0 301
 55 0 -2 87
 55 -2 -2 144
 5 1 -1 60
 55 1 -3 357
 55 1 -2 128
 "contig-ratio-green-core" 0.8
 "contig-ratio-red-core" 0.6190476190476191
