 "a-count" 7
 "b-count" 4
 "c-color-count" 24
 "c-express-count" 24
 "d-color-count" 21
 "d-express-count" 21
 "cell-count" 56
 15 -3 0 199
 105 -3 -3 356
 15 -1 -3 132
 15 -3 -1 318
 15 3 0 166
 15 1 3 261
 15 0 2 40
 15 2 -3 286
 15 3 -3 52
 105 -3 -2 183
 15 1 4 147
 15 -2 3 268
 15 3 -1 42
 15 0 3 337
 105 2 3 170
 105 3 3 342
 105 4 0 269
 15 3 -2 312
 15 4 -1 321
 105 0 -3 131
 15 2 -1 35
 15 -1 3 284
 15 2 -2 12
 15 3 2 90
 15 -3 1 147
 15 -1 2 290
 105 0 -4 320
 15 -2 2 42
 55 -1 -1 217
 55 2 1 288
 55 2 2 156
 55 1 2 246
 5 -1 -4 71
 5 -4 0 199
 55 -1 1 332
 55 1 0 248
 55 -3 2 82
 55 -1 0 358
 55 -2 -1 138
 55 1 -1 84
 55 0 1 186
 55 -1 -2 180
 55 -2 0 75
 55 0 4 288
 5 4 1 134
 55 1 -2 258
 55 0 -1 105
 5 -4 -1 121
 55 -1 4 64
 55 -2 -3 167
 55 2 0 223
 55 -2 -2 120
 55 0 0 303
 55 0 -2 32
 55 -2 1 310
 55 1 1 52
 "contig-ratio-green-core" 0.8823529411764706
 "contig-ratio-red-core" 0.7222222222222222
 "a-count" 11
 "b-count" 3
 "c-color-count" 26
 "c-express-count" 25
 "d-color-count" 18
 "d-express-count" 17
 "cell-count" 56
 15 -3 1 97
 15 -4 0 27
 15 -1 4 337
 105 -3 2 132
 15 3 1 295
 15 1 -2 220
 15 1 -1 315
 105 2 2 167
 105 2 3 132
 15 0 4 135
 105 1 4 262
 105 2 -3 243
 105 -1 -4 76
 15 -2 2 326
 105 1 -4 168
 15 0 -4 86
 105 -2 -3 288
 15 -4 -1 122
 15 -4 1 34
 105 1 3 279
 15 4 1 163
 15 2 -2 103
 15 3 2 132
 15 3 0 156
 15 -2 3 281
 15 2 -1 289
 105 -1 -3 144
 15 -3 -3 6
 55 3 -2 3
 55 -3 3 358
 55 -3 -1 31
 55 -3 0 333
 55 2 1 150
 55 0 2 129
 55 0 -1 66
 55 0 -3 56
 55 -2 -2 350
 55 1 1 177
 55 0 1 102
 55 0 -2 306
 55 0 3 157
 55 4 0 162
 55 2 0 166
 55 -1 0 149
 55 1 0 206
 55 0 0 346
 55 -1 2 302
 55 -1 1 158
 55 3 -3 168
 55 -1 3 247
 55 -1 -2 257
 55 -2 0 334
 55 -2 -1 233
 5 4 -1 214
 5 -1 -1 168
 55 -2 1 10
 "contig-ratio-green-core" 0.7894736842105263
 "contig-ratio-red-core" 0.8666666666666667
 "a-count" 7
 "b-count" 5
 "c-color-count" 23
 "c-express-count" 23
 "d-color-count" 23
 "d-express-count" 21
 "cell-count" 56
 15 0 -4 138
 105 -1 -3 275
 15 -2 1 57
 15 4 -1 118
 15 -2 2 312
 15 -2 0 300
 15 -1 2 189
 15 0 3 197
 15 -3 -1 253
 105 -4 -1 216
 15 -3 1 352
 105 -1 -4 292
 15 0 2 198
 15 3 -2 308
 15 3 2 126
 15 3 -3 285
 15 4 1 123
 15 -1 -2 29
 15 -2 3 260
 105 -4 0 200
 15 -2 -3 279
 105 -3 -3 135
 15 -3 0 52
 15 -2 -2 270
 15 2 3 111
 15 4 0 264
 15 -3 2 134
 15 0 -2 228
 55 2 1 355
 55 2 0 108
 5 -1 3 89
 55 3 -1 45
 55 3 0 232
 55 1 2 181
 55 -2 -1 240
 55 2 2 338
 55 -1 0 284
 55 2 -1 80
 55 1 1 24
 55 0 1 262
 55 -1 1 257
 5 0 -3 56
 5 -3 -2 40
 55 1 0 15
 5 1 -4 295
 55 -3 3 258
 55 0 -1 53
 55 1 -1 142
 5 0 4 228
 55 1 -2 94
 55 2 -2 0
 55 1 -3 260
 55 3 1 293
 55 -1 -1 335
 55 0 0 205
 55 1 3 30
 "contig-ratio-green-core" 1
 "contig-ratio-red-core" 0.7647058823529411
 "a-count" 5
 "b-count" 4
 "c-color-count" 24
 "c-express-count" 24
 "d-color-count" 23
 "d-express-count" 23
 "cell-count" 56
 105 2 -2 213
 15 -3 0 270
 15 -1 4 340
 105 -1 -4 20
 15 -2 -2 263
 15 -3 -1 123
 15 3 0 181
 15 3 3 258
 15 3 -1 170
 105 -4 -1 102
 15 2 1 144
 105 1 -4 296
 15 -3 2 315
 15 4 -1 174
 15 3 2 335
 15 1 -3 23
 15 -3 -2 121
 105 -4 0 243
 15 2 -1 294
 15 -3 1 114
 15 -2 -1 53
 15 0 4 220
 15 2 0 255
 15 0 -4 288
 15 1 -1 28
 15 1 -2 353
 15 -1 3 84
 15 3 -2 45
 55 1 2 4
 5 -3 3 94
 55 -4 1 99
 55 -1 0 192
 55 0 -2 169
 5 4 1 299
 55 -2 1 23
 55 -1 1 81
 55 0 -3 207
 55 1 1 26
 55 4 0 287
 55 -1 -3 34
 55 3 1 212
 55 0 3 347
 55 0 2 222
 55 -1 -2 201
 55 2 3 178
 55 0 1 1
 55 3 -3 306
 5 1 3 209
 55 -2 0 68
 55 0 -1 189
 5 0 0 247
 55 1 0 270
 55 -2 -3 188
 55 1 4 13
 55 -1 -1 303
 55 2 2 58
 "contig-ratio-green-core" 0.8421052631578947
 "contig-ratio-red-core" 0.8823529411764706
