 "a-count" 10
 "b-count" 3
 "c-color-count" 26
 "c-express-count" 25
 "d-color-count" 19
 "d-express-count" 18
 "cell-count" 56
 105 -3 -3 110
 105 -1 -3 17
 15 2 1 219
 105 4 1 197
 15 -2 1 68
 15 -3 0 142
 15 4 0 328
 105 2 3 148
 15 -4 1 8
 15 1 -4 62
 105 -3 -2 182
 105 2 -3 9
 15 -1 0 34
 15 -2 0 119
 105 -3 2 167
 15 -1 -1 246
 15 -2 -3 68
 15 -2 -2 69
 15 -4 0 98
 15 -2 -1 22
 15 1 2 138
 105 -3 3 343
 15 1 4 219
 15 1 1 51
 15 3 1 207
 15 -1 3 219
 105 3 -3 258
 15 -3 -1 164
 55 -1 -2 93
 55 2 0 250
 55 1 3 131
 55 2 2 72
 55 3 -1 218
 55 -1 1 239
 55 -4 -1 61
 55 0 -4 154
 55 3 0 291
 5 -3 1 108
 55 4 -1 265
 55 0 1 81
 55 3 -2 191
 55 1 0 11
 55 0 -1 157
 55 -1 2 140
 55 0 2 201
 55 2 -1 146
 55 0 3 243
 55 0 -3 245
 55 0 0 238
 55 2 -2 45
 55 1 -3 129
 55 1 -2 252
 55 -2 2 235
 55 0 -2 170
 5 0 4 275
 55 1 -1 261
 "contig-ratio-green-core" 0.631578947368421
 "contig-ratio-red-core" 1.0833333333333333
 "a-count" 5
 "b-count" 6
 "c-color-count" 24
 "c-express-count" 22
 "d-color-count" 25
 "d-express-count" 23
 "cell-count" 56
 15 3 3 121
 15 -2 -3 205
 15 -1 4 220
 15 0 3 137
 15 -1 2 170
 105 1 -4 243
 15 2 -3 228
 15 -1 -3 281
 15 -4 0 291
 15 -1 -2 169
 15 1 2 60
 15 -3 0 204
 105 -3 -1 144
 105 -3 3 301
 15 1 3 177
 15 -2 3 240
 15 4 0 181
 15 -2 -2 306
 15 -2 2 69
 15 0 4 26
 15 0 -3 117
 15 -1 3 334
 15 -3 1 170
 15 4 1 127
 15 0 -2 205
 15 0 2 251
 15 -2 -1 8
 15 -2 2 159
 5 -4 1 243
 55 1 1 335
 55 1 4 229
 55 3 2 134
 55 2 1 190
 55 -2 0 347
 55 -1 -1 112
 55 0 0 240
 5 -1 -4 233
 55 1 0 189
 55 1 -1 251
 55 0 -1 149
 55 3 -1 92
 55 -1 1 24
 5 1 -3 190
 55 -1 1 233
 55 0 0 36
 55 2 -1 79
 55 3 0 266
 55 -2 1 64
 55 -4 -1 4
 55 2 -2 31
 55 -1 0 121
 55 -3 2 240
 55 2 2 18
 5 -3 -3 4
 55 3 1 27
 55 0 1 296
 "contig-ratio-green-core" 0.7647058823529411
 "contig-ratio-red-core" 0.6666666666666666
 "a-count" 11
 "b-count" 3
 "c-color-count" 25
 "c-express-count" 25
 "d-color-count" 19
 "d-express-count" 17
 "cell-count" 56
 15 0 4 211
 15 -3 1 188
 15 1 -3 186
 15 -2 0 315
 15 1 -2 210
 105 -3 -1 270
 15 4 0 172
 105 -3 -2 228
 15 3 3 83
 15 0 -2 95
 15 2 -2 103
 105 -3 -3 135
 15 -4 0 296
 15 3 2 301
 105 2 -3 303
 15 -3 2 211
 105 -1 -4 340
 105 0 -4 106
 15 -2 3 324
 15 -2 -1 139
 105 -2 -2 156
 105 -4 1 271
 15 4 -1 144
 15 3 -1 203
 15 2 4 23
 105 1 -4 254
 15 -1 -3 247
 15 -3 0 338
 55 0 2 6
 55 3 0 336
 55 2 1 132
 55 1 1 167
 5 4 1 295
 5 -1 4 351
 55 -1 -1 261
 55 2 2 323
 55 0 3 290
 55 2 3 124
 55 0 0 190
 55 -1 1 79
 55 -1 2 73
 55 -1 0 0
 55 1 2 143
 55 -1 -2 338
 55 3 -2 36
 55 -2 2 168
 55 3 1 161
 5 -2 -3 324
 55 -3 3 101
 55 -2 1 112
 55 0 -1 100
 55 2 -1 200
 55 -1 3 90
 55 1 -1 179
 55 0 1 57
 55 1 0 227
 "contig-ratio-green-core" 0.8823529411764706
 "contig-ratio-red-core" 0.9333333333333333
 "a-count" 10
 "b-count" 4
 "c-color-count" 25
 "c-express-count" 24
 "d-color-count" 20
 "d-express-count" 18
 "cell-count" 56
 15 3 1 293
 15 -4 0 228
 105 1 -4 250
 15 -3 2 291
 15 -3 -3 161
 15 0 -3 195
 15 -2 3 307
 15 2 -1 160
 15 0 2 179
 15 -4 1 227
 15 2 -2 230
 105 -1 -4 120
 15 0 4 331
 15 -2 2 70
 105 1 -2 116
 15 4 0 310
 15 -2 -1 333
 105 3 -2 242
 15 -1 4 121
 15 2 0 278
 15 -3 -1 114
 105 -1 4 292
 105 4 1 114
 15 3 3 15
 15 1 -3 234
 105 3 2 220
 105 3 -3 101
 15 2 3 336
 55 -2 1 142
 55 -3 1 178
 5 1 3 190
 55 2 1 293
 55 0 1 200
 55 4 -1 123
 55 1 1 162
 55 -2 0 345
 55 0 0 192
 5 1 4 184
 55 -1 -1 247
 55 1 0 140
 55 1 -1 104
 55 2 2 172
 55 -1 3 42
 55 0 -1 128
 55 -3 0 5
 55 -1 1 29
 55 1 2 334
 55 0 -2 289
 55 -1 0 154
 55 0 3 225
 55 -1 2 169
 55 0 2 107
 5 -3 3 230
 55 -1 -2 358
 55 -1 -3 80
 55 -2 -2 334
 "contig-ratio-green-core" 0.9375
 "contig-ratio-red-core" 0.8823529411764706
