 "a-count" 2
 "b-count" 6
 "c-color-count" 22
 "c-express-count" 22
 "d-color-count" 27
 "d-express-count" 26
 "cell-count" 56
 15 1 -2 310
 15 0 0 77
 15 1 -1 51
 15 2 1 199
 15 2 0 335
 15 -1 0 59
 15 3 -1 64
 15 -2 0 264
 15 0 4 101
 15 -2 -2 105
 15 2 -1 172
 15 2 2 185
 15 4 1 202
 15 -1 2 99
 15 -1 -1 340
 15 1 0 266
 15 0 2 268
 15 0 3 212
 15 1 3 148
 15 -2 -1 209
 105 0 -2 333
 15 -1 1 220
 15 -3 -1 17
 15 0 1 269
 15 -1 -2 114
 15 1 1 91
 15 1 2 127
 15 0 -1 26
 55 3 3 209
 55 3 -2 307
 55 3 -3 349
 55 -1 4 78
 55 -3 3 107
 5 -3 -2 39
 55 -1 -3 221
 5 4 0 350
 5 -3 2 131
 5 0 -4 47
 55 -1 -4 111
 55 -3 1 231
 55 2 -3 35
 5 -4 0 218
 55 1 -4 313
 55 -4 -1 27
 55 -2 1 330
 5 -3 -3 318
 55 1 -3 250
 55 -2 3 57
 55 2 3 268
 55 0 -3 160
 55 -1 3 245
 55 2 -2 53
 55 3 2 236
 55 -3 0 16
 55 -2 -3 214
 55 4 -1 212
 "contig-ratio-green-core" 0.6
 "contig-ratio-red-core" 0.8666666666666667
 "a-count" 3
 "b-count" 5
 "c-color-count" 23
 "c-express-count" 23
 "d-color-count" 26
 "d-express-count" 25
 "cell-count" 56
 15 2 1 152
 15 -1 2 160
 15 1 2 100
 15 0 -2 81
 15 -1 1 267
 15 1 -4 244
 15 2 2 113
 15 2 -1 320
 15 3 1 115
 15 -2 -1 318
 15 -3 0 258
 15 -1 0 270
 15 2 -2 173
 15 0 3 140
 15 0 1 309
 15 3 0 141
 15 -2 0 155
 15 0 4 15
 15 1 -3 177
 105 2 3 199
 15 1 -1 170
 15 2 0 269
 15 1 -2 326
 15 0 -1 191
 15 -1 -1 84
 15 0 0 212
 105 1 0 284
 15 0 2 53
 55 -2 -2 200
 55 -1 -4 301
 55 4 -1 321
 5 3 2 210
 55 3 -1 359
 55 4 1 48
 55 -3 -3 260
 55 -1 4 236
 55 -3 -1 35
 5 3 3 21
 5 3 -3 47
 55 -2 3 271
 55 -3 1 159
 55 -2 -3 43
 55 0 -3 75
 55 -1 -2 323
 55 1 3 148
 55 4 0 99
 55 -1 3 153
 55 -2 1 337
 55 -2 2 297
 5 -1 -3 52
 55 2 -3 279
 55 -4 1 153
 55 -4 0 130
 5 -3 2 207
 55 3 -2 1
 55 -3 -2 348
 "contig-ratio-green-core" 0.7
 "contig-ratio-red-core" 0.9375
 "a-count" 6
 "b-count" 9
 "c-color-count" 19
 "c-express-count" 19
 "d-color-count" 23
 "d-express-count" 22
 "cell-count" 56
 15 -2 -1 118
 15 0 -1 186
 15 1 0 261
 15 0 -2 106
 15 0 1 302
 15 -2 0 99
 15 -1 -2 318
 105 2 3 36
 15 0 4 82
 105 4 0 319
 105 0 0 320
 15 2 0 21
 15 1 -1 93
 15 -3 -2 217
 15 -3 0 28
 105 2 2 256
 105 2 -3 164
 15 -1 0 155
 15 -1 1 282
 15 1 2 117
 15 -1 -1 6
 15 2 -1 328
 15 2 1 327
 15 0 2 278
 15 -3 -1 252
 15 1 1 267
 15 -1 3 327
 15 -4 -1 180
 55 3 0 112
 55 -4 0 248
 55 -2 -2 324
 5 1 -3 338
 55 -1 -3 262
 55 -4 1 153
 55 1 3 262
 55 -3 2 228
 55 3 -1 161
 5 -1 2 79
 55 4 -1 107
 5 0 3 349
 5 1 -4 186
 5 -1 -4 169
 55 3 -3 41
 55 -3 1 215
 5 -2 -3 353
 5 3 2 330
 55 1 -2 200
 55 -4 -2 183
 55 3 1 2
 55 -3 -3 330
 55 -2 3 301
 55 3 3 49
 55 -1 4 274
 5 3 -2 201
 55 -2 1 145
 5 -3 3 41
 "contig-ratio-green-core" 0.8571428571428571
 "contig-ratio-red-core" 0.8571428571428571
 "a-count" 1
 "b-count" 6
 "c-color-count" 22
 "c-express-count" 22
 "d-color-count" 27
 "d-express-count" 27
 "cell-count" 56
 15 1 -2 221
 15 1 -1 255
 15 2 1 215
 15 0 -1 106
 15 -1 -1 330
 15 0 3 286
 15 1 0 102
 15 3 0 295
 15 1 1 309
 15 -1 3 0
 15 1 2 27
 15 -1 2 21
 15 -1 -2 238
 15 2 0 24
 15 1 3 124
 15 2 2 87
 15 3 1 68
 15 -1 0 191
 15 0 2 211
 15 0 -3 359
 15 -2 0 166
 15 -1 1 299
 15 0 1 167
 15 -2 1 294
 105 4 1 323
 15 0 0 76
 15 -2 -1 202
 15 0 -2 304
 5 2 -3 23
 55 2 -1 259
 5 -3 -3 80
 55 4 -1 308
 55 1 4 342
 55 -2 -2 325
 55 -2 2 180
 55 2 -2 189
 5 1 -3 171
 55 -4 -1 142
 55 -2 3 55
 55 -1 -3 52
 55 4 0 349
 55 0 4 32
 55 -4 1 263
 5 -2 -3 196
 55 -1 4 167
 55 3 -1 96
 55 -3 -2 258
 55 1 -4 139
 55 -3 0 200
 5 -4 0 169
 55 -3 1 55
 5 3 2 251
 55 0 -4 82
 55 3 -2 255
 55 -3 -1 165
 55 2 3 297
 "contig-ratio-green-core" 0.6
 "contig-ratio-red-core" 1.0666666666666667
