 "a-count" 6
 "b-count" 9
 "c-color-count" 19
 "c-express-count" 19
 "d-color-count" 22
 "d-express-count" 22
 "cell-count" 56
 15 -2 2 71
 15 1 2 98
 15 0 0 199
 105 2 2 198
 15 3 1 156
 15 -1 1 239
 15 -2 1 97
 15 1 0 124
 15 3 2 132
 15 -1 2 262
 105 0 2 306
 15 1 3 111
 15 -1 0 189
 105 2 1 140
 105 4 1 227
 105 1 4 279
 15 -1 -1 331
 15 0 -1 145
 15 0 1 211
 15 0 4 280
 15 2 -1 72
 15 1 -1 29
 105 -3 -2 172
 15 2 0 6
 15 0 -2 183
 15 1 1 184
 15 -2 0 287
 15 0 3 124
 5 2 -3 140
 55 -3 0 127
 55 -3 2 145
 55 3 0 168
 55 0 -4 18
 55 -3 -3 161
 5 2 -2 277
 5 -3 3 189
 55 1 -4 214
 55 3 -1 307
 55 -1 4 257
 55 -1 3 151
 55 2 3 190
 5 -3 -1 112
 55 -4 0 138
 5 -4 1 247
 55 3 -2 26
 55 -2 3 79
 5 -1 -3 350
 5 -3 1 158
 55 0 -3 145
 55 3 -3 292
 55 -1 -2 248
 55 1 -3 27
 55 4 -1 212
 5 1 -2 141
 55 -2 -3 307
 5 -1 -4 220
 "contig-ratio-green-core" 0.6428571428571429
 "contig-ratio-red-core" 0.7142857142857143
 "a-count" 6
 "b-count" 6
 "c-color-count" 23
 "c-express-count" 22
 "d-color-count" 23
 "d-express-count" 22
 "cell-count" 56
 15 -2 -3 254
 15 0 -1 16
 15 -2 -1 251
 15 -3 1 49
 15 -2 -2 228
 15 2 1 58
 105 0 -3 217
 15 2 2 302
 105 2 -3 272
 15 1 -1 239
 15 1 0 98
 15 1 2 332
 15 0 2 164
 15 0 -2 74
 15 -1 2 270
 15 -1 3 302
 105 -1 -3 322
 15 -2 0 107
 15 -2 1 102
 15 2 0 55
 105 1 1 218
 15 0 0 95
 15 1 -2 245
 15 -1 -1 65
 15 -1 1 258
 105 -1 0 14
 15 -2 2 198
 15 0 1 295
 55 -1 -2 313
 55 -2 3 227
 55 -4 1 125
 5 0 3 77
 5 -4 0 202
 55 4 1 225
 5 3 3 56
 55 3 -3 18
 55 -3 3 161
 55 3 1 225
 55 -3 -1 328
 5 -3 -2 104
 55 3 -1 225
 5 4 0 327
 55 1 3 148
 55 1 -3 11
 55 2 3 56
 55 -1 4 95
 55 -3 -3 78
 55 -4 -1 275
 55 1 -4 33
 55 -3 2 56
 55 4 -1 289
 55 3 -2 49
 55 0 4 235
 55 2 -1 333
 55 1 4 64
 55 -3 0 340
 "contig-ratio-green-core" 0.55
 "contig-ratio-red-core" 0.8666666666666667
 "a-count" 4
 "b-count" 1
 "c-color-count" 27
 "c-express-count" 27
 "d-color-count" 25
 "d-express-count" 24
 "cell-count" 56
 15 -3 0 223
 15 -3 -1 326
 15 2 1 92
 105 -1 2 341
 15 -1 0 137
 105 4 1 340
 15 -2 2 60
 15 -1 -1 67
 15 1 3 33
 15 -1 1 108
 15 2 2 211
 15 1 2 32
 15 -2 1 19
 15 3 1 181
 15 1 -1 183
 15 0 2 198
 15 0 1 317
 15 0 4 352
 15 -1 3 9
 15 -2 -1 25
 15 -2 0 52
 15 3 0 316
 15 0 -1 91
 15 1 0 326
 105 0 3 151
 15 2 0 355
 15 1 -2 161
 15 1 1 199
 55 -2 -3 269
 55 1 -3 193
 55 3 2 305
 55 0 -3 337
 55 0 -2 114
 55 -1 -2 359
 5 2 3 140
 55 1 4 283
 55 -1 4 122
 55 -2 -2 218
 55 -3 1 240
 55 2 -3 179
 55 -4 0 104
 55 3 3 256
 55 -4 1 180
 55 3 -1 306
 55 1 5 118
 55 0 -4 179
 55 3 -3 349
 55 -2 3 311
 55 3 -2 66
 55 -1 -4 87
 55 2 -1 270
 55 -3 -3 348
 55 4 0 122
 55 2 -2 148
 55 -3 -2 17
 55 -1 -3 19
 "contig-ratio-green-core" 0.6666666666666666
 "contig-ratio-red-core" 0.8333333333333334
