 "a-count" 10
 "b-count" 6
 "c-color-count" 22
 "c-express-count" 22
 "d-color-count" 23
 "d-express-count" 18
 "cell-count" 56
 15 1 4 30
 15 1 1 72
 15 -1 0 312
 15 2 -3 265
 105 -1 4 158
 15 -2 -1 272
 15 2 1 24
 105 2 -2 338
 15 -1 2 247
 15 1 0 42
 15 0 -1 101
 15 3 1 312
 15 -3 -1 124
 15 -4 -1 4
 15 0 2 34
 15 -1 -1 232
 15 -1 1 352
 105 -1 -4 230
 15 -4 1 200
 15 -1 -2 327
 15 1 -3 287
 105 -2 -3 301
 15 3 0 236
 15 0 0 113
 15 0 -2 202
 15 1 2 261
 15 0 1 344
 105 0 -3 106
 55 1 3 124
 5 0 3 267
 5 -3 1 169
 55 -3 -2 84
 55 4 0 20
 55 0 -4 139
 5 -2 -2 45
 55 -3 0 93
 55 3 -3 324
 5 4 1 234
 55 3 2 337
 5 -2 3 86
 55 -4 0 314
 55 1 -2 86
 55 3 -2 5
 55 1 -1 185
 5 -2 2 90
 55 2 -1 60
 55 -3 3 242
 55 1 -4 13
 55 -2 0 81
 55 2 3 98
 55 -1 3 239
 55 -2 1 346
 55 -1 -3 99
 55 3 3 233
 55 2 2 259
 55 0 4 190
 "contig-ratio-green-core" 0.8421052631578947
 "contig-ratio-red-core" 0.9230769230769231
 "a-count" 8
 "b-count" 6
 "c-color-count" 22
 "c-express-count" 22
 "d-color-count" 24
 "d-express-count" 20
 "cell-count" 56
 15 0 1 302
 15 -4 -1 180
 105 -1 3 253
 15 1 3 311
 15 -1 -3 117
 105 -1 4 18
 15 -2 0 184
 15 0 -1 72
 15 1 -1 299
 15 1 1 332
 15 -1 2 217
 15 1 2 215
 15 -1 -1 354
 15 -1 -2 241
 15 -4 1 116
 15 -1 1 135
 15 2 2 253
 15 -3 -1 218
 15 0 0 332
 105 -3 1 265
 15 0 4 138
 15 0 2 2
 15 2 1 261
 15 1 0 47
 15 -2 -1 342
 15 0 -2 335
 105 -3 3 174
 15 -1 0 251
 5 0 -4 164
 55 -2 2 264
 55 2 3 166
 55 -2 3 91
 55 2 0 334
 55 3 -3 109
 55 1 4 249
 55 4 -1 96
 55 4 1 91
 5 1 -4 130
 5 4 0 92
 55 2 -1 265
 55 1 -3 244
 55 3 -2 292
 55 3 -1 189
 55 -1 -4 302
 55 -3 0 195
 55 -4 0 296
 55 1 -2 324
 55 -3 -3 240
 55 -2 -3 185
 5 3 3 297
 55 -2 1 83
 5 -2 -2 267
 55 3 1 59
 55 0 -3 113
 5 2 -3 32
 55 3 2 318
 "contig-ratio-green-core" 0.7058823529411765
 "contig-ratio-red-core" 0.875
 "a-count" 2
 "b-count" 5
 "c-color-count" 23
 "c-express-count" 23
 "d-color-count" 27
 "d-express-count" 26
 "cell-count" 56
 15 2 1 256
 15 1 1 335
 15 1 -1 5
 15 1 -2 129
 15 2 0 149
 15 -1 -1 270
 15 1 2 9
 15 2 -2 8
 15 -1 -2 55
 15 1 -3 98
 15 -2 0 68
 15 -1 -3 172
 15 1 0 136
 15 -4 0 134
 15 -3 -1 307
 15 -1 0 248
 15 0 0 334
 15 0 -3 192
 15 0 1 144
 105 0 -2 333
 15 -1 2 75
 15 -2 1 11
 15 0 4 207
 15 -2 -1 183
 15 -3 0 228
 15 -1 1 45
 15 2 -1 347
 15 0 -1 157
 55 3 2 7
 55 3 0 205
 55 -1 3 184
 55 -2 -3 317
 55 2 3 76
 55 -2 2 179
 5 4 1 346
 55 -3 3 342
 55 0 3 242
 55 -3 1 270
 55 1 4 96
 55 1 3 15
 55 -4 -1 162
 55 -1 -4 263
 55 2 -3 312
 5 3 -3 83
 55 4 -1 1
 55 -2 -2 107
 55 3 -1 25
 55 1 -4 54
 55 -3 -2 105
 55 -4 1 74
 55 2 2 113
 5 0 2 345
 55 3 1 247
 5 -3 2 268
 5 4 0 314
 55 0 -4 131
 "contig-ratio-green-core" 0.7142857142857143
 "contig-ratio-red-core" 1.0625
 "a-count" 4
 "b-count" 5
 "c-color-count" 23
 "c-express-count" 23
 "d-color-count" 26
 "d-express-count" 24
 "cell-count" 56
 15 -1 -2 336
 15 2 2 347
 15 1 4 249
 15 1 0 49
 15 -1 2 156
 15 1 -2 49
 15 0 -1 294
 15 -1 0 62
 15 0 4 355
 15 2 1 243
 15 0 1 28
 15 2 -1 275
 15 -1 -1 78
 15 3 0 18
 15 1 1 343
 15 -1 3 266
 15 -1 1 266
 105 0 -3 179
 15 1 -1 87
 15 2 0 183
 105 -3 3 113
 15 0 2 43
 15 -1 -4 178
 15 0 -2 205
 15 1 2 155
 15 0 0 231
 15 0 3 226
 15 3 1 211
 55 -2 0 337
 55 -4 0 40
 55 -2 -1 283
 55 -3 -2 347
 55 -3 -1 323
 5 -2 -2 117
 55 3 -3 85
 55 2 -2 258
 55 -4 -1 317
 55 -2 1 133
 55 3 -1 29
 55 -1 4 28
 5 -3 2 181
 55 -3 1 172
 55 1 3 174
 5 4 0 314
 55 3 2 278
 55 -3 0 120
 55 1 -4 165
 55 0 -4 100
 55 3 3 321
 55 3 -2 252
 55 2 -3 341
 55 2 3 294
 55 -2 -3 179
 55 -1 -3 244
 5 -2 3 257
 5 -4 1 121
 "contig-ratio-green-core" 0.7222222222222222
 "contig-ratio-red-core" 0.6666666666666666
