 "a-count" 8
 "b-count" 5
 "c-color-count" 23
 "c-express-count" 23
 "d-color-count" 25
 "d-express-count" 20
 "cell-count" 56
 15 1 2 53
 15 0 1 301
 15 1 1 149
 15 -1 1 13
 15 0 -4 265
 15 -4 0 264
 15 -1 0 358
 15 -2 -1 7
 15 -2 0 219
 15 0 0 103
 15 -3 2 213
 105 -4 -1 61
 15 2 -1 49
 15 -1 2 67
 15 -2 1 335
 15 -1 -1 136
 15 0 -2 243
 15 2 0 234
 15 -3 0 35
 105 0 2 172
 15 2 1 218
 15 1 3 153
 15 1 0 303
 15 1 -1 276
 105 0 -1 28
 15 3 -1 338
 15 -1 -2 180
 15 1 -2 78
 55 -1 3 133
 55 2 3 163
 55 2 2 313
 55 -1 -3 200
 55 -3 -3 126
 5 3 -3 110
 55 -3 3 245
 5 2 -3 8
 55 -2 -2 337
 5 -1 -4 51
 55 -3 -1 58
 55 1 -3 10
 55 3 1 231
 55 4 0 118
 55 3 2 288
 55 0 -3 145
 55 -4 1 56
 5 3 -2 352
 55 -3 1 77
 55 -2 -3 48
 55 3 0 32
 55 1 4 53
 55 -1 4 67
 5 -2 3 106
 55 0 4 33
 55 2 -2 153
 55 1 -4 64
 55 0 3 264
 "contig-ratio-green-core" 0.75
 "contig-ratio-red-core" 1.1538461538461537
 "a-count" 3
 "b-count" 9
 "c-color-count" 20
 "c-express-count" 19
 "d-color-count" 26
 "d-express-count" 25
 "cell-count" 56
 15 2 -1 82
 15 -1 2 113
 15 -2 0 133
 15 1 -2 353
 15 0 4 331
 15 1 2 183
 15 2 -2 75
 15 -1 0 216
 15 0 0 357
 15 0 -3 319
 15 -1 1 340
 15 -3 1 213
 15 -1 -2 250
 15 0 -2 94
 15 1 0 202
 15 1 4 314
 15 1 3 329
 105 0 1 356
 15 1 -1 201
 15 -2 -1 352
 15 0 2 289
 15 0 3 94
 15 -1 -1 34
 15 2 0 214
 15 1 1 272
 15 0 -1 99
 105 -1 -4 331
 15 -2 1 214
 55 3 1 5
 5 3 3 163
 5 -1 3 194
 5 -3 -1 250
 55 3 -1 292
 55 3 -2 126
 55 -1 -3 245
 55 0 -4 18
 55 2 3 70
 55 -4 0 56
 55 -3 -3 3
 55 -3 -2 263
 55 -2 -2 327
 55 2 1 349
 55 -3 3 23
 5 -3 2 155
 55 3 0 30
 55 4 1 147
 55 -4 -1 48
 5 3 -3 238
 5 -4 1 10
 55 -2 3 334
 5 2 -3 64
 55 -2 2 44
 55 2 2 244
 5 -2 -3 358
 55 1 -4 352
 55 1 -3 303
 "contig-ratio-green-core" 0.6
 "contig-ratio-red-core" 0.6470588235294118
 "a-count" 3
 "b-count" 3
 "c-color-count" 25
 "c-express-count" 25
 "d-color-count" 27
 "d-express-count" 25
 "cell-count" 56
 15 0 -2 219
 15 -1 -1 40
 15 1 0 205
 15 -2 1 3
 15 -3 -1 12
 15 0 -1 241
 15 0 0 223
 15 -1 0 203
 15 0 -3 122
 15 1 -1 314
 15 -2 2 23
 15 1 -2 100
 15 2 -1 229
 15 -2 -1 192
 15 0 1 59
 15 0 3 345
 15 -1 2 190
 15 2 0 130
 15 -3 0 150
 15 1 2 235
 15 -3 1 282
 15 1 1 105
 15 0 2 181
 15 -4 -1 45
 15 -1 1 179
 105 1 -4 61
 15 3 -2 165
 15 -2 0 50
 55 -3 -3 356
 55 2 3 98
 55 -2 -3 63
 55 3 -1 217
 5 -2 3 143
 55 3 1 206
 55 -1 3 17
 5 1 4 142
 55 1 3 262
 55 -1 4 264
 55 -4 1 276
 55 -3 3 283
 55 -1 -3 130
 55 -1 -4 310
 55 -3 2 313
 55 4 0 121
 5 0 4 233
 55 -2 -2 247
 55 2 -3 34
 55 -1 -2 276
 55 -4 0 332
 55 3 -3 247
 55 3 0 298
 55 0 -4 188
 55 2 2 2
 55 2 -2 79
 55 2 1 132
 55 1 -3 38
 "contig-ratio-green-core" 0.6666666666666666
 "contig-ratio-red-core" 0.9375
 "a-count" 3
 "b-count" 6
 "c-color-count" 22
 "c-express-count" 22
 "d-color-count" 25
 "d-express-count" 25
 "cell-count" 56
 15 0 2 73
 15 0 -3 137
 15 0 1 40
 15 -1 -2 91
 15 2 2 38
 15 0 -1 354
 15 -2 0 208
 15 1 0 28
 15 -1 1 115
 15 1 2 228
 15 3 2 236
 15 -2 -1 311
 15 1 -1 341
 15 0 -2 27
 15 -1 0 199
 15 -1 2 235
 105 -1 -3 101
 15 2 -1 68
 15 -2 1 177
 105 0 -4 262
 15 3 1 221
 15 0 4 41
 15 0 3 315
 15 3 0 284
 15 1 -2 348
 15 -1 -1 176
 15 1 1 273
 105 0 0 8
 55 -4 0 352
 55 -3 2 90
 55 -2 3 259
 55 1 -3 321
 55 1 4 317
 5 -2 -3 116
 55 -3 -1 278
 55 -3 1 21
 55 2 -2 92
 5 2 -3 169
 55 -3 0 346
 55 3 -3 107
 55 -1 4 351
 55 -3 -2 162
 5 1 3 164
 5 -3 3 136
 55 -2 -2 16
 55 4 -1 115
 55 -4 -1 331
 55 3 3 118
 55 -2 2 32
 55 4 1 345
 55 3 -1 339
 55 -4 1 96
 55 -1 3 8
 55 2 3 35
 5 -3 -3 256
 5 -1 -4 51
 "contig-ratio-green-core" 0.6
 "contig-ratio-red-core" 0.8571428571428571
