 "a-count" 0
 "b-count" 0
 "c-color-count" 28
 "c-express-count" 28
 "d-color-count" 28
 "d-express-count" 28
 "cell-count" 56
 15 -2 -1 352
 15 -3 -1 80
 15 1 1 73
 15 1 3 59
 15 -1 1 101
 15 -4 1 189
 15 3 -3 25
 15 -3 0 168
 15 0 2 156
 15 1 2 43
 15 0 3 219
 15 -3 1 200
 15 -2 0 232
 15 0 0 180
 15 0 1 39
 15 -4 0 340
 15 -2 1 328
 15 -2 2 73
 15 2 3 30
 15 4 0 189
 15 -1 0 249
 15 4 -1 9
 15 -1 3 327
 15 3 2 137
 15 -1 -1 178
 15 2 2 220
 15 0 -1 219
 15 -1 2 178
 55 1 -1 75
 55 2 -3 108
 55 4 1 142
 55 -4 -1 312
 55 1 -3 269
 55 -1 -2 138
 55 -2 -3 56
 55 -3 -2 53
 55 1 -4 171
 55 -1 -3 271
 55 3 3 160
 55 3 -2 166
 55 2 0 77
 55 2 -1 2
 55 1 0 63
 55 -3 -3 53
 55 -2 -2 342
 55 3 1 354
 55 0 -4 171
 55 3 -1 259
 55 1 -2 331
 55 0 -3 79
 55 -1 4 263
 55 -2 3 65
 55 -2 4 178
 55 2 1 288
 55 3 0 197
 55 2 -2 70
 "contig-ratio-green-core" 0.5909090909090909
 "contig-ratio-red-core" 0.7777777777777778
 "a-count" 0
 "b-count" 0
 "c-color-count" 28
 "c-express-count" 28
 "d-color-count" 28
 "d-express-count" 28
 "cell-count" 56
 15 3 1 238
 15 2 2 32
 15 4 0 69
 15 1 -4 231
 15 -3 1 134
 15 -3 0 199
 15 3 2 221
 15 1 2 279
 15 1 1 259
 15 0 -4 11
 15 -2 0 134
 15 2 4 301
 15 4 -1 330
 15 1 3 270
 15 -4 0 332
 15 -2 -1 18
 15 -1 2 227
 15 -1 1 61
 15 -2 1 184
 15 0 1 347
 15 1 4 357
 15 2 1 248
 15 -1 0 107
 15 0 2 201
 15 4 -2 253
 15 -3 -1 278
 15 2 3 227
 15 0 3 357
 55 -1 -4 292
 55 -1 -2 85
 55 -2 2 212
 55 1 0 190
 55 0 -3 81
 55 0 0 187
 55 -3 -2 18
 55 4 1 259
 55 1 -1 149
 55 -1 4 219
 55 3 3 237
 55 1 -2 339
 55 4 2 167
 55 -1 -3 19
 55 -2 -2 302
 55 -2 -3 333
 55 2 0 302
 55 2 -2 359
 55 2 -1 349
 55 3 0 187
 55 -1 -1 87
 55 3 -1 321
 55 -3 2 244
 55 -2 3 255
 55 -1 3 229
 55 2 -3 260
 55 1 -3 74
 55 0 -1 198
 "contig-ratio-green-core" 0.6956521739130435
 "contig-ratio-red-core" 0.8
 "a-count" 0
 "b-count" 0
 "c-color-count" 28
 "c-express-count" 28
 "d-color-count" 28
 "d-express-count" 28
 "cell-count" 56
 15 3 1 19
 15 2 1 137
 15 2 4 265
 15 0 1 56
 15 1 -4 48
 15 -4 0 188
 15 0 -3 354
 15 -2 1 12
 15 -3 0 102
 15 2 2 149
 15 0 -4 111
 15 4 -1 56
 15 -3 -1 84
 15 2 0 79
 15 1 -3 332
 15 1 2 105
 15 0 2 27
 15 3 0 207
 15 -1 -3 260
 15 -1 1 98
 15 3 2 169
 15 -2 0 64
 15 -2 2 29
 15 1 1 324
 15 2 3 200
 15 -3 -2 75
 15 -2 -1 335
 15 -1 2 171
 55 0 3 83
 55 -2 4 280
 55 0 4 295
 55 4 1 235
 55 2 -2 232
 55 -4 2 260
 55 -4 1 278
 55 -1 4 320
 55 3 -2 221
 55 -2 -4 89
 55 0 -1 350
 55 0 -2 273
 55 -1 -1 313
 55 1 0 322
 55 3 3 350
 55 -2 -3 320
 55 -2 -2 208
 55 0 0 23
 55 -1 3 147
 55 2 -1 231
 55 -4 3 114
 55 4 0 305
 55 1 -2 17
 55 -3 3 232
 55 -1 -2 216
 55 3 -1 37
 55 1 -1 174
 55 -1 0 346
 "contig-ratio-green-core" 0.6956521739130435
 "contig-ratio-red-core" 0.7083333333333334
 "a-count" 0
 "b-count" 0
 "c-color-count" 28
 "c-express-count" 28
 "d-color-count" 28
 "d-express-count" 28
 "cell-count" 56
 15 -2 2 321
 15 3 0 293
 15 1 0 64
 15 -2 0 226
 15 -3 -3 76
 15 -3 0 331
 15 1 1 56
 15 3 -1 306
 15 0 -4 88
 15 2 2 308
 15 -2 1 242
 15 -1 3 204
 15 2 1 190
 15 3 2 247
 15 -1 2 353
 15 1 2 76
 15 3 -2 319
 15 2 0 85
 15 0 3 52
 15 0 1 331
 15 -3 -1 354
 15 -1 1 208
 15 3 1 102
 15 1 3 257
 15 -2 3 315
 15 2 -1 343
 15 -1 -4 8
 15 0 2 256
 55 -2 -2 302
 55 -3 -2 81
 55 3 -3 97
 55 0 -2 121
 55 0 4 91
 55 -2 -1 5
 55 -2 -3 84
 55 -1 4 179
 55 4 1 109
 55 1 4 156
 55 0 -3 326
 55 1 -1 36
 55 1 -2 28
 55 1 -4 199
 55 -4 0 143
 55 -1 -1 249
 55 0 0 163
 55 -3 2 217
 55 -1 -3 105
 55 2 -2 32
 55 4 0 358
 55 0 -1 326
 55 -1 -2 130
 55 1 -3 82
 55 -4 1 121
 55 2 -3 83
 55 -1 0 135
 55 -3 1 312
 "contig-ratio-green-core" 0.85
 "contig-ratio-red-core" 0.8571428571428571
