 "a-count" 0
 "b-count" 0
 "c-color-count" 28
 "c-express-count" 28
 "d-color-count" 28
 "d-express-count" 28
 "cell-count" 56
 15 1 -3 150
 15 -3 1 22
 15 1 -2 298
 15 3 -2 29
 15 0 -3 50
 15 1 -4 29
 15 3 2 152
 15 4 1 254
 15 3 1 76
 15 2 -2 72
 15 -3 0 48
 15 -1 4 190
 15 4 0 48
 15 0 4 256
 15 -4 0 127
 15 -1 -1 356
 15 0 -1 297
 15 2 -1 59
 15 1 -1 130
 15 0 3 65
 15 -1 3 258
 15 -2 1 70
 15 -2 4 304
 15 0 -2 146
 15 1 3 167
 15 -2 -1 39
 15 -4 1 296
 15 -2 0 6
 55 1 2 112
 55 3 -1 149
 55 -3 -1 348
 55 2 0 186
 55 2 3 34
 55 3 0 113
 55 -2 2 276
 55 -3 2 77
 55 -3 -2 86
 55 0 0 237
 55 0 2 120
 55 -1 1 253
 55 -2 3 176
 55 0 1 99
 55 -4 2 354
 55 2 2 198
 55 -1 2 139
 55 -1 -3 34
 55 1 1 114
 55 -2 -3 130
 55 -4 -1 349
 55 -1 0 234
 55 2 4 221
 55 -2 -2 309
 55 4 -1 282
 55 2 1 220
 55 1 0 231
 55 -4 -2 247
 "contig-ratio-green-core" 0.7916666666666666
 "contig-ratio-red-core" 0.8461538461538461
 "a-count" 0
 "b-count" 0
 "c-color-count" 28
 "c-express-count" 28
 "d-color-count" 28
 "d-express-count" 28
 "cell-count" 56
 15 0 4 312
 15 -1 0 221
 15 -4 1 38
 15 -2 -2 311
 15 1 0 201
 15 0 0 246
 15 1 4 281
 15 -4 0 61
 15 4 1 19
 15 -1 -1 1
 15 2 -1 99
 15 0 3 231
 15 -1 -2 44
 15 0 -1 305
 15 1 3 112
 15 2 3 29
 15 3 1 52
 15 1 -3 356
 15 -3 -1 172
 15 3 0 120
 15 -2 0 93
 15 -2 -1 273
 15 0 -2 181
 15 -3 0 264
 15 2 0 193
 15 1 -2 90
 15 -1 4 73
 15 1 -1 51
 55 -3 -2 159
 55 3 2 305
 55 4 0 30
 55 4 -1 325
 55 0 -4 344
 55 2 1 288
 55 0 2 123
 55 3 -3 198
 55 -1 -3 262
 55 4 3 338
 55 -2 1 5
 55 1 -4 140
 55 2 -2 190
 55 0 -3 306
 55 0 1 59
 55 2 2 37
 55 4 -2 48
 55 -1 -4 255
 55 1 2 331
 55 -1 2 135
 55 1 1 5
 55 -1 3 116
 55 3 -2 319
 55 -1 -5 21
 55 -3 -3 287
 55 -2 2 47
 55 -2 -3 246
 55 3 3 265
 "contig-ratio-green-core" 0.6923076923076923
 "contig-ratio-red-core" 0.7083333333333334
 "a-count" 0
 "b-count" 0
 "c-color-count" 28
 "c-express-count" 28
 "d-color-count" 28
 "d-express-count" 28
 "cell-count" 56
 15 -1 -1 247
 15 2 0 220
 15 0 0 264
 15 1 -2 331
 15 -1 -3 136
 15 2 1 81
 15 1 0 299
 15 1 1 283
 15 0 -2 147
 15 0 2 94
 15 -1 -4 140
 15 3 -2 349
 15 -1 -2 80
 15 -1 4 160
 15 -1 3 320
 15 -2 3 128
 15 1 -1 236
 15 0 -4 289
 15 0 1 161
 15 -2 -2 168
 15 -2 -3 183
 15 -3 2 282
 15 3 2 284
 15 0 -3 340
 15 0 -1 287
 15 3 1 14
 15 1 2 289
 15 2 2 304
 55 -4 0 83
 55 -2 0 254
 55 3 -1 143
 55 -3 -1 319
 55 1 3 287
 55 2 -2 71
 55 2 -1 187
 55 0 3 359
 55 -1 2 218
 55 3 0 111
 55 2 -4 223
 55 -3 1 80
 55 0 4 221
 55 -2 1 314
 55 4 2 295
 55 -3 -2 58
 55 2 3 338
 55 -2 2 270
 55 1 -4 79
 55 2 -3 188
 55 -1 1 141
 55 -1 0 148
 55 -3 0 18
 55 1 -3 211
 55 4 1 274
 55 -2 -1 210
 55 4 0 270
 55 1 4 181
 "contig-ratio-green-core" 0.8260869565217391
 "contig-ratio-red-core" 0.8947368421052632
