 "a-count" 0
 "b-count" 0
 "c-color-count" 28
 "c-express-count" 28
 "d-color-count" 28
 "d-express-count" 28
 "cell-count" 56
 15 2 2 329
 15 1 3 88
 15 4 0 294
 15 -2 3 133
 15 4 1 256
 15 0 2 5
 15 -1 2 116
 15 -4 -1 122
 15 1 -2 202
 15 -3 -3 65
 15 -2 -3 222
 15 -1 5 92
 15 4 -1 197
 15 2 -2 78
 15 -1 -3 354
 15 0 3 197
 15 -1 4 331
 15 1 -3 319
 15 0 -2 171
 15 1 -1 307
 15 -1 3 300
 15 0 -4 164
 15 0 -1 32
 15 0 -3 271
 15 -1 -2 284
 15 1 -4 98
 15 1 2 135
 15 -4 0 259
 55 2 0 340
 55 -3 1 265
 55 -1 1 195
 55 -2 1 51
 55 3 2 154
 55 -2 2 117
 55 -1 -4 116
 55 -3 -2 242
 55 0 0 235
 55 0 1 78
 55 -3 0 150
 55 2 1 344
 55 -4 -2 296
 55 -4 2 59
 55 2 3 303
 55 3 1 99
 55 3 -1 211
 55 -2 -1 159
 55 3 0 213
 55 -1 -1 144
 55 -1 0 233
 55 -2 0 209
 55 1 1 234
 55 1 0 187
 55 2 -1 329
 55 -4 1 224
 55 -3 -1 23
 55 -2 -2 52
 "contig-ratio-green-core" 0.7619047619047619
 "contig-ratio-red-core" 0.9523809523809523
 "a-count" 0
 "b-count" 0
 "c-color-count" 28
 "c-express-count" 28
 "d-color-count" 28
 "d-express-count" 28
 "cell-count" 56
 15 2 0 196
 15 -2 2 11
 15 -1 -3 283
 15 0 2 82
 15 -4 -1 347
 15 2 2 66
 15 0 -3 224
 15 2 -2 101
 15 1 1 353
 15 0 -4 44
 15 3 0 160
 15 2 1 199
 15 3 -2 144
 15 1 -1 82
 15 -1 -4 218
 15 -4 0 163
 15 1 -3 177
 15 -1 2 121
 15 0 1 305
 15 2 -3 167
 15 3 3 225
 15 1 0 29
 15 -1 1 192
 15 -2 -3 95
 15 0 -2 149
 15 1 -2 182
 15 3 -1 169
 15 -2 1 294
 55 -1 4 305
 55 -2 0 30
 55 -3 -1 113
 55 -3 -2 192
 55 -1 3 33
 55 2 -4 223
 55 1 3 170
 55 4 1 292
 55 2 3 355
 55 -1 0 68
 55 4 -1 129
 55 4 0 353
 55 -1 -2 76
 55 -2 -2 135
 55 -3 0 27
 55 1 -4 16
 55 -3 1 135
 55 3 1 265
 55 -1 -1 232
 55 1 4 70
 55 0 4 135
 55 -4 1 161
 55 0 3 209
 55 0 -1 265
 55 3 2 12
 55 -3 2 106
 55 0 0 344
 55 -2 -1 130
 "contig-ratio-green-core" 0.84
 "contig-ratio-red-core" 0.8260869565217391
