 "a-count" 9
 "b-count" 6
 "c-color-count" 22
 "c-express-count" 22
 "d-color-count" 21
 "d-express-count" 19
 "cell-count" 56
 15 2 4 328
 15 -3 -1 324
 105 -1 4 109
 15 -2 0 241
 15 -1 -3 3
 15 -2 -3 107
 15 0 -3 339
 15 -3 -2 326
 15 1 -2 5
 105 -1 -4 4
 105 4 1 351
 105 -3 -3 320
 15 -2 1 309
 105 3 3 282
 105 1 -4 306
 15 0 4 51
 15 3 -3 92
 15 0 -2 130
 15 1 4 127
 15 -2 -1 238
 105 0 -4 97
 15 -4 1 100
 15 -3 0 238
 15 1 -3 173
 15 -3 2 116
 15 -3 1 301
 15 2 -3 76
 15 3 1 13
 55 0 2 13
 5 4 -1 17
 55 1 1 295
 5 3 2 190
 55 -4 0 267
 55 2 -1 123
 55 -1 0 114
 55 0 1 2
 55 2 1 106
 55 1 -1 195
 5 1 0 247
 5 2 -2 20
 55 -2 3 316
 5 3 -1 23
 55 0 -1 36
 55 -1 -1 125
 55 -1 3 72
 55 2 0 41
 55 -1 2 251
 55 -4 -1 197
 55 2 2 188
 55 0 0 178
 55 -1 1 347
 55 1 2 234
 55 -1 -2 77
 55 0 3 111
 55 -2 -2 332
 5 4 0 297
 "contig-ratio-green-core" 0.7647058823529411
 "contig-ratio-red-core" 0.7692307692307693
 "a-count" 4
 "b-count" 7
 "c-color-count" 21
 "c-express-count" 21
 "d-color-count" 24
 "d-express-count" 24
 "cell-count" 56
 15 0 2 341
 15 4 -1 309
 15 3 -1 141
 15 1 -4 134
 15 -1 -3 7
 15 1 2 11
 15 0 -4 234
 15 3 0 36
 105 3 -3 185
 15 2 0 246
 105 3 -2 19
 15 0 3 29
 15 -3 1 54
 105 -3 -3 74
 15 -4 -1 180
 15 2 1 157
 15 -3 -1 266
 15 3 1 321
 15 -4 0 209
 105 0 4 258
 15 -2 -3 337
 15 4 0 265
 15 2 -1 339
 15 -3 0 116
 15 -3 -2 156
 15 -1 4 262
 15 -1 3 135
 15 -1 2 223
 5 -1 -4 350
 55 -3 2 174
 55 1 4 49
 55 1 0 236
 5 1 3 209
 55 -2 2 60
 5 3 3 219
 55 1 -1 235
 55 0 1 13
 55 1 -2 82
 55 0 -2 174
 55 -2 0 109
 55 3 2 35
 55 0 -3 212
 5 -2 -1 224
 55 -4 1 313
 55 1 -3 253
 55 -1 -1 96
 5 4 1 184
 55 -2 1 143
 55 -1 -2 349
 55 0 -1 218
 55 4 2 104
 5 -1 0 40
 5 2 2 306
 55 1 1 244
 55 -2 -2 78
 55 0 0 20
 "contig-ratio-green-core" 0.9333333333333333
 "contig-ratio-red-core" 0.65
 "a-count" 4
 "b-count" 4
 "c-color-count" 24
 "c-express-count" 24
 "d-color-count" 25
 "d-express-count" 24
 "cell-count" 56
 15 -1 2 120
 15 3 -1 173
 15 1 3 9
 15 -3 0 38
 15 -1 -3 23
 15 0 3 77
 15 0 -3 39
 15 -2 -3 282
 105 -4 1 225
 15 -3 -3 170
 15 -1 -2 321
 15 2 3 33
 15 -1 3 288
 105 3 2 260
 15 4 0 121
 105 -4 -1 262
 15 -3 2 306
 15 1 4 6
 15 1 -3 65
 15 3 0 89
 15 -2 3 95
 15 -2 -2 340
 15 2 -3 316
 15 -3 -2 144
 15 -3 1 350
 15 0 4 156
 15 -2 2 143
 15 -4 0 81
 55 -2 -1 145
 55 2 1 328
 55 -1 0 166
 55 -2 0 199
 55 1 0 46
 55 0 1 32
 55 -1 4 306
 55 -1 1 69
 55 -3 3 71
 5 3 -2 182
 5 4 -1 228
 55 2 -1 37
 55 0 -4 171
 55 2 -2 162
 55 3 1 176
 55 0 -1 86
 55 1 -1 193
 55 2 0 226
 55 0 2 251
 55 1 1 152
 55 0 0 339
 55 1 2 60
 55 -1 -4 88
 55 -1 -1 344
 55 2 2 168
 55 -2 1 107
 5 3 -3 125
 5 1 -4 256
 "contig-ratio-green-core" 0.8666666666666667
 "contig-ratio-red-core" 0.6521739130434783
 "a-count" 3
 "b-count" 6
 "c-color-count" 23
 "c-express-count" 22
 "d-color-count" 25
 "d-express-count" 25
 "cell-count" 56
 15 0 -3 215
 15 -4 1 224
 15 -3 -2 188
 15 0 4 191
 15 -1 4 268
 105 2 3 315
 15 -4 0 326
 15 -1 -2 204
 15 -3 -1 161
 15 2 -2 288
 15 2 -3 353
 15 -2 -3 147
 15 1 -2 238
 15 -4 -1 221
 15 1 -3 241
 15 -1 -3 88
 15 -1 -4 296
 105 -3 -3 286
 15 3 1 101
 15 4 2 126
 15 -3 1 233
 15 0 3 222
 15 1 2 286
 15 -1 3 29
 15 2 -4 236
 15 3 2 331
 105 4 1 302
 15 2 2 277
 55 3 0 201
 55 -2 -4 6
 5 0 -4 149
 55 -1 1 164
 55 -1 -1 268
 55 -2 -1 38
 55 -2 1 262
 55 4 -1 113
 55 -2 0 266
 5 -3 3 31
 55 2 -1 276
 55 0 -1 279
 55 0 1 107
 55 1 -1 335
 55 1 -4 348
 55 0 0 326
 55 0 2 70
 55 -1 0 120
 55 -2 2 315
 55 3 -1 17
 5 -3 2 97
 55 1 0 344
 55 1 1 177
 55 -2 -2 207
 5 1 4 336
 5 3 -2 25
 55 2 0 185
 55 -1 2 262
 "contig-ratio-green-core" 0.8125
 "contig-ratio-red-core" 0.6
