 "a-count" 6
 "b-count" 5
 "c-color-count" 23
 "c-express-count" 23
 "d-color-count" 22
 "d-express-count" 22
 "cell-count" 56
 105 -1 2 354
 15 -2 1 37
 15 1 4 153
 105 0 4 104
 105 -3 2 20
 15 0 -3 323
 105 3 3 161
 15 0 -4 128
 15 -2 -1 218
 15 2 3 103
 15 1 -3 264
 15 -1 -2 199
 15 -1 -3 204
 15 -1 -1 136
 15 -3 1 258
 15 4 -1 243
 15 1 5 100
 15 -1 -4 340
 15 2 -2 14
 15 1 3 247
 15 0 3 208
 105 3 2 338
 15 0 -2 172
 105 -4 0 149
 15 -3 0 237
 15 -2 0 123
 15 1 -2 38
 15 0 -1 131
 55 2 -1 107
 55 3 -1 283
 5 -2 -3 48
 55 2 0 191
 5 2 -3 14
 55 -3 3 165
 55 1 0 147
 55 -3 -2 55
 5 -3 -1 119
 55 0 1 113
 55 3 1 97
 55 0 0 147
 55 0 2 122
 55 2 1 39
 5 1 -4 286
 55 4 1 29
 55 2 2 271
 55 3 0 113
 55 3 -2 84
 55 -1 0 295
 55 -3 -3 288
 55 1 2 63
 55 -1 1 181
 55 -2 -2 24
 55 4 0 312
 55 1 1 346
 55 3 -3 143
 5 1 -1 145
 "contig-ratio-green-core" 0.7333333333333333
 "contig-ratio-red-core" 0.4444444444444444
 "a-count" 5
 "b-count" 1
 "c-color-count" 27
 "c-express-count" 27
 "d-color-count" 25
 "d-express-count" 23
 "cell-count" 56
 15 4 2 66
 15 3 -3 147
 15 4 0 151
 15 -4 0 159
 15 1 -3 305
 15 1 3 100
 15 -3 3 183
 15 -3 -2 144
 15 2 -3 45
 15 -3 -1 311
 15 3 -1 237
 15 4 1 128
 15 -3 2 136
 105 2 3 135
 15 2 4 43
 15 4 -1 179
 105 3 1 258
 15 0 4 306
 105 -4 1 53
 15 -2 1 354
 15 -3 0 299
 15 -2 -1 297
 15 3 -2 52
 15 0 -3 162
 15 -3 1 212
 15 -1 4 185
 15 4 -2 325
 15 -4 -1 101
 55 1 0 357
 55 1 -2 221
 55 2 0 338
 55 2 2 315
 55 1 2 172
 55 0 -1 43
 55 -1 -1 190
 55 0 1 326
 55 -1 0 146
 55 -2 -3 328
 55 2 -1 167
 55 3 3 29
 55 2 1 272
 55 0 -2 325
 55 0 2 45
 55 -1 2 68
 55 -1 -2 289
 55 3 2 286
 55 -2 2 91
 55 -1 1 180
 55 -1 3 191
 55 -2 -2 355
 55 0 0 333
 5 2 -2 67
 55 -2 3 202
 55 1 4 343
 55 1 1 308
 55 0 3 299
 "contig-ratio-green-core" 0.5263157894736842
 "contig-ratio-red-core" 0.631578947368421
 "a-count" 8
 "b-count" 5
 "c-color-count" 23
 "c-express-count" 23
 "d-color-count" 23
 "d-express-count" 20
 "cell-count" 56
 15 -3 -2 353
 15 0 -3 345
 15 -4 -1 319
 15 -3 -1 282
 15 3 2 212
 15 -1 -3 193
 15 2 1 252
 105 -3 3 132
 15 -1 -2 329
 15 1 -3 91
 15 -1 3 75
 15 2 0 335
 15 -2 -2 25
 105 3 -2 183
 15 0 -2 346
 105 -2 -3 41
 15 2 -3 112
 15 0 -4 283
 15 3 3 340
 15 0 3 231
 105 -1 -4 177
 15 -1 4 26
 15 4 1 132
 15 2 2 147
 105 -3 -3 260
 15 1 1 54
 15 2 -2 167
 15 -2 3 121
 55 3 1 124
 55 2 -1 187
 5 4 -1 27
 55 -1 -1 91
 55 -3 0 334
 55 0 0 173
 55 0 1 257
 55 -3 1 227
 55 -2 -1 126
 5 1 -4 284
 5 -2 2 233
 55 1 4 342
 55 1 -1 212
 55 -1 0 59
 55 -4 1 32
 55 1 -2 304
 55 0 2 117
 55 -2 1 215
 55 1 3 203
 5 2 3 323
 55 3 0 210
 55 -2 0 196
 55 0 -1 326
 5 4 0 34
 55 3 -1 318
 55 -4 0 40
 55 -1 1 4
 55 -1 2 130
 "contig-ratio-green-core" 0.7777777777777778
 "contig-ratio-red-core" 0.7222222222222222
 "a-count" 5
 "b-count" 6
 "c-color-count" 23
 "c-express-count" 22
 "d-color-count" 24
 "d-express-count" 23
 "cell-count" 56
 15 4 -2 223
 15 3 -2 308
 15 4 -1 208
 15 -2 2 171
 15 0 -3 356
 15 -1 2 116
 15 -1 3 120
 15 1 2 94
 15 -2 -2 195
 15 -2 -3 306
 15 -2 -1 222
 15 0 2 81
 105 -4 0 106
 105 1 4 335
 105 3 0 315
 15 -1 -3 135
 15 2 3 3
 15 3 -1 144
 15 -1 -2 119
 15 -3 -1 194
 15 -2 3 147
 105 4 1 241
 15 3 -3 25
 15 0 4 335
 15 0 3 44
 15 4 -3 76
 15 -3 3 334
 15 1 3 292
 5 -4 1 226
 55 -3 0 324
 55 2 0 26
 55 1 -3 182
 55 0 -2 309
 55 0 -1 43
 5 -3 1 301
 55 -4 -1 90
 55 -1 -1 331
 55 4 2 310
 55 3 1 56
 55 1 1 129
 55 1 -2 168
 55 -1 1 21
 55 -1 0 105
 55 1 0 217
 55 0 1 193
 55 -2 1 85
 5 -3 2 244
 5 -3 -3 230
 55 1 -1 166
 55 2 -1 142
 55 4 3 265
 5 0 -4 84
 55 2 -2 344
 55 -1 4 227
 55 2 1 179
 55 -2 0 197
 "contig-ratio-green-core" 0.5
 "contig-ratio-red-core" 0.5909090909090909
