 "a-count" 7
 "b-count" 3
 "c-color-count" 26
 "c-express-count" 25
 "d-color-count" 22
 "d-express-count" 21
 "cell-count" 56
 15 -2 -3 58
 15 -1 -4 53
 105 3 2 301
 15 -2 -4 133
 105 4 -1 232
 15 4 1 246
 15 0 4 9
 15 -3 2 33
 15 -4 1 60
 15 0 2 201
 15 2 2 289
 15 -1 4 321
 15 4 0 39
 15 -3 -3 160
 15 3 -3 45
 15 0 -4 12
 15 -3 0 330
 15 -1 3 357
 105 3 3 304
 15 3 -1 95
 15 2 -4 105
 15 1 2 22
 105 1 3 100
 15 3 -4 124
 15 -3 -1 305
 15 -3 1 287
 105 -3 3 38
 105 1 4 308
 55 -1 1 184
 55 0 0 144
 55 0 -1 46
 5 2 -3 199
 55 -2 0 210
 55 2 1 96
 55 -2 2 130
 55 0 1 198
 55 2 3 314
 55 1 0 146
 55 0 -3 102
 55 -1 -2 115
 55 -4 -1 204
 55 0 -2 84
 55 -1 2 182
 55 1 -1 282
 55 1 1 177
 55 -1 0 332
 55 2 0 19
 55 -3 -2 22
 55 -2 1 32
 55 -2 -2 224
 5 -2 -1 6
 55 3 0 186
 55 1 -2 329
 55 -1 -3 181
 55 2 -1 98
 55 3 1 117
 "contig-ratio-green-core" 0.8333333333333334
 "contig-ratio-red-core" 0.75
 "a-count" 8
 "b-count" 2
 "c-color-count" 26
 "c-express-count" 26
 "d-color-count" 22
 "d-express-count" 20
 "cell-count" 56
 15 -3 0 345
 15 -3 -2 179
 105 4 1 149
 15 3 -1 341
 15 3 3 42
 105 3 2 193
 15 3 -3 49
 105 2 -3 144
 15 3 1 179
 15 1 1 52
 105 -4 0 314
 15 2 1 66
 15 -4 -1 319
 15 -4 -2 50
 105 2 2 42
 15 -2 -3 342
 15 1 -4 254
 15 0 3 330
 15 0 2 92
 15 0 4 288
 105 2 -2 192
 15 1 3 55
 15 3 0 97
 15 -3 -1 266
 15 3 -2 215
 15 4 0 19
 15 1 2 244
 15 -3 -3 107
 55 -1 -2 112
 55 2 0 316
 55 0 1 190
 55 0 -2 291
 55 -1 -1 146
 5 -3 2 338
 55 -2 -1 116
 55 -1 1 312
 55 -2 -2 311
 55 1 0 346
 55 1 -3 158
 55 -1 -3 163
 55 1 -2 39
 55 0 0 68
 55 2 -1 332
 55 0 -3 65
 55 0 0 244
 5 -1 -4 279
 55 -2 3 56
 55 -1 0 204
 55 -2 1 132
 55 0 -1 282
 55 -2 0 35
 55 2 3 6
 55 1 0 176
 55 -2 2 30
 55 1 -1 328
 55 4 -1 324
 "contig-ratio-green-core" 0.625
 "contig-ratio-red-core" 0.5555555555555556
 "a-count" 12
 "b-count" 4
 "c-color-count" 25
 "c-express-count" 24
 "d-color-count" 17
 "d-express-count" 16
 "cell-count" 56
 15 -2 -2 94
 105 -2 3 36
 105 2 -2 95
 15 -2 0 240
 15 2 -1 221
 15 1 3 129
 15 0 3 91
 105 -3 -3 173
 15 -4 1 239
 15 -1 4 162
 105 3 2 254
 105 -3 -1 218
 15 -3 0 308
 15 3 -1 188
 105 3 0 278
 15 3 3 351
 15 -1 3 75
 15 1 -3 290
 105 -4 0 359
 15 2 3 62
 105 3 -3 277
 105 -3 -2 39
 15 1 -4 86
 15 2 -3 222
 15 -2 -1 338
 105 4 -1 178
 105 -3 2 136
 15 -2 1 359
 55 0 -3 253
 55 1 2 165
 5 -1 1 80
 55 1 0 134
 55 -2 2 301
 55 0 1 102
 5 -1 -4 260
 55 1 -2 67
 55 0 -4 154
 55 2 1 262
 55 0 -2 292
 55 0 0 353
 55 -1 0 233
 5 1 4 301
 55 4 1 70
 55 1 1 231
 55 -1 -3 68
 55 -1 -2 336
 55 -1 -1 229
 55 -2 -3 305
 55 4 0 301
 55 0 4 163
 55 0 2 109
 55 3 1 340
 55 -3 1 200
 55 0 -1 51
 55 -1 2 80
 55 1 -1 269
 "contig-ratio-green-core" 0.6875
 "contig-ratio-red-core" 0.8571428571428571
 "a-count" 5
 "b-count" 6
 "c-color-count" 23
 "c-express-count" 22
 "d-color-count" 23
 "d-express-count" 23
 "cell-count" 56
 15 -4 -1 297
 15 -4 0 271
 15 -3 1 222
 15 4 3 70
 15 -3 0 190
 15 1 -2 118
 15 -2 0 166
 15 3 2 227
 105 4 0 153
 15 -1 3 36
 15 -1 -1 192
 15 -2 -2 44
 105 -3 -1 65
 105 -1 -2 102
 15 -2 1 252
 15 2 -2 99
 15 3 1 151
 15 -2 -3 23
 15 1 -1 149
 105 3 -2 104
 15 2 -1 44
 15 4 1 247
 15 2 -3 184
 15 4 2 110
 15 -2 -1 107
 15 0 -1 40
 15 -1 0 26
 105 -3 -3 186
 55 -2 -4 281
 55 2 1 219
 55 1 -4 73
 5 -3 3 39
 55 -2 2 322
 5 -1 4 308
 55 0 0 88
 55 1 3 17
 5 -2 3 314
 55 -1 1 147
 55 3 3 30
 55 -1 -4 104
 55 1 0 346
 55 1 2 274
 55 -1 -3 343
 55 0 -4 127
 55 1 -3 169
 55 0 4 17
 55 0 -3 186
 55 2 0 317
 55 -1 2 46
 55 1 1 273
 55 1 4 173
 55 0 3 239
 55 0 2 353
 55 0 1 4
 5 -3 2 210
 5 3 -3 255
 "contig-ratio-green-core" 0.5263157894736842
 "contig-ratio-red-core" 0.625
