 "a-count" 4
 "b-count" 6
 "c-color-count" 22
 "c-express-count" 22
 "d-color-count" 25
 "d-express-count" 24
 "cell-count" 56
 15 -2 4 323
 105 -2 -3 308
 15 3 1 263
 15 0 3 294
 15 -1 4 84
 105 1 -4 181
 15 2 3 139
 15 2 1 59
 15 -3 -2 335
 15 3 2 37
 15 -1 3 186
 15 1 3 84
 15 -1 -2 27
 15 2 -3 310
 15 0 4 189
 15 1 -3 354
 15 0 -4 276
 15 -4 1 286
 15 -1 -3 71
 15 2 2 197
 15 3 -3 317
 15 -2 -2 350
 15 -1 2 9
 105 3 -2 275
 15 1 2 188
 15 0 -3 174
 15 0 2 272
 15 0 -2 357
 55 -1 1 301
 55 -3 0 263
 55 2 0 292
 5 -3 -3 233
 55 -1 -1 68
 55 -2 2 184
 55 -2 1 278
 5 1 -1 312
 55 3 0 318
 55 -3 2 103
 5 1 -2 93
 55 0 -1 141
 5 4 -1 53
 55 -3 1 195
 55 2 -1 359
 55 -2 0 175
 55 -4 0 259
 55 -1 -4 127
 55 0 0 56
 55 3 -1 82
 55 2 -2 311
 55 -1 0 324
 5 -2 3 129
 55 1 1 67
 55 1 0 345
 55 0 1 294
 5 -2 -1 297
 55 -3 -1 257
 "contig-ratio-green-core" 0.7142857142857143
 "contig-ratio-red-core" 0.5
 "a-count" 10
 "b-count" 4
 "c-color-count" 25
 "c-express-count" 24
 "d-color-count" 20
 "d-express-count" 18
 "cell-count" 56
 105 -3 -2 23
 105 -1 3 200
 15 0 -2 237
 15 -4 -1 299
 105 0 -4 154
 15 2 4 337
 15 0 4 312
 15 0 -3 242
 15 2 2 53
 105 1 -3 107
 15 3 0 191
 15 4 -1 332
 15 -3 3 335
 15 -2 -2 247
 15 0 3 5
 15 -4 0 47
 15 -1 -2 12
 15 -4 1 2
 15 -3 -3 72
 15 2 3 299
 15 -1 -4 231
 105 4 0 273
 105 3 -1 30
 105 3 2 70
 15 1 3 205
 105 1 4 19
 15 -1 -3 68
 15 -3 -1 15
 55 1 2 168
 55 -1 1 242
 55 -2 -1 190
 55 -2 0 108
 55 0 1 253
 55 -2 3 97
 55 0 -1 10
 55 -3 0 156
 5 4 1 317
 55 2 -1 150
 55 -1 4 45
 55 2 -2 119
 55 0 2 290
 55 2 1 18
 5 -1 0 255
 55 2 0 5
 55 1 1 260
 55 -2 -3 354
 55 -2 2 69
 55 1 -1 97
 55 -3 2 287
 55 -1 2 344
 55 -2 1 51
 55 -3 1 114
 5 1 0 305
 55 -1 -1 220
 55 0 0 233
 55 2 -3 227
 "contig-ratio-green-core" 0.7333333333333333
 "contig-ratio-red-core" 0.6875
 "a-count" 7
 "b-count" 4
 "c-color-count" 26
 "c-express-count" 24
 "d-color-count" 22
 "d-express-count" 21
 "cell-count" 56
 15 -2 -4 198
 15 -1 -4 138
 15 1 1 311
 15 -1 3 317
 15 2 0 192
 105 -3 3 60
 15 -3 2 326
 15 1 -2 276
 15 2 -1 196
 15 1 3 183
 15 1 -1 79
 105 2 -3 238
 15 -3 1 201
 15 0 -4 300
 15 3 2 166
 15 0 4 85
 15 0 -3 311
 15 0 3 233
 15 2 -2 325
 15 1 2 48
 15 2 2 173
 15 -4 1 141
 105 4 1 75
 105 3 -3 42
 105 -2 -3 102
 15 2 1 183
 105 -3 -3 62
 15 -1 4 50
 55 0 1 132
 55 -3 -1 190
 55 -1 -3 210
 55 0 2 172
 55 -1 0 32
 55 -2 2 49
 55 -2 -2 187
 55 -1 1 93
 5 -2 4 269
 55 3 -1 314
 55 -2 -1 14
 55 -3 0 134
 55 4 0 33
 55 -2 3 167
 55 3 -2 9
 55 0 -1 334
 5 0 -2 328
 55 -1 2 182
 55 3 0 180
 55 -2 0 65
 55 -2 1 63
 55 3 1 99
 55 0 0 137
 55 -1 -2 29
 55 -4 -1 68
 55 4 -1 106
 55 3 3 43
 55 -1 -1 74
 "contig-ratio-green-core" 0.7777777777777778
 "contig-ratio-red-core" 0.631578947368421
 "a-count" 7
 "b-count" 7
 "c-color-count" 22
 "c-express-count" 21
 "d-color-count" 22
 "d-express-count" 21
 "cell-count" 56
 15 -3 3 20
 105 -1 4 49
 15 0 2 341
 105 -4 1 319
 15 4 -1 324
 15 0 3 282
 15 4 0 169
 15 0 -3 304
 105 4 -2 226
 105 -2 2 75
 15 3 -1 77
 15 -1 2 73
 15 -2 1 344
 15 1 2 351
 15 -1 0 12
 105 -1 3 245
 15 -1 1 220
 15 -2 -2 239
 105 -2 3 330
 15 -2 -3 302
 15 3 -3 52
 15 1 3 121
 15 -3 -2 68
 15 -1 -3 62
 15 3 0 117
 15 0 1 252
 15 3 -2 273
 15 -3 -1 198
 5 0 -4 305
 55 2 2 195
 55 2 4 281
 55 1 -1 282
 55 2 -3 130
 55 -3 1 274
 55 1 0 316
 5 3 2 99
 55 3 1 101
 55 -3 0 187
 5 2 0 155
 55 0 -1 32
 55 -1 -1 346
 55 0 4 165
 5 1 -4 167
 55 0 0 338
 55 -1 -4 317
 55 1 1 251
 55 -4 0 119
 5 1 -2 177
 55 -3 2 349
 55 1 4 17
 55 -4 -1 350
 5 3 3 35
 55 2 -2 29
 55 -1 -2 141
 55 2 1 194
 55 1 -3 266
 "contig-ratio-green-core" 0.6666666666666666
 "contig-ratio-red-core" 0.8333333333333334
