 "a-count" 6
 "b-count" 3
 "c-color-count" 25
 "c-express-count" 25
 "d-color-count" 23
 "d-express-count" 22
 "cell-count" 56
 105 1 4 35
 15 4 0 243
 15 2 3 318
 15 -3 0 43
 15 0 -4 288
 15 -3 1 329
 15 -1 -2 318
 105 0 2 284
 15 1 3 61
 15 1 -3 77
 105 3 2 246
 15 0 -3 299
 105 -1 4 154
 15 -4 0 330
 15 1 2 163
 15 0 3 276
 15 -1 3 192
 15 -2 0 101
 15 -2 -1 138
 15 3 3 42
 15 0 -2 74
 15 -1 2 23
 105 1 -4 26
 15 0 4 95
 15 -2 3 329
 15 -3 -3 20
 15 -2 2 236
 15 -1 -1 308
 55 1 -1 227
 55 3 0 97
 55 -2 -2 208
 55 -1 1 84
 55 -3 -1 279
 55 0 0 183
 55 1 0 79
 55 0 1 44
 55 2 1 154
 55 2 -2 143
 55 -3 -2 128
 55 3 -2 255
 55 2 0 193
 55 1 -2 176
 5 -4 1 70
 55 1 1 9
 55 -4 2 201
 55 2 -1 163
 55 -3 3 113
 55 -2 -3 306
 55 3 1 309
 55 0 -1 289
 5 -1 -3 83
 5 4 1 259
 55 -3 2 342
 55 3 -1 44
 55 -1 0 145
 55 2 2 262
 "contig-ratio-green-core" 0.7894736842105263
 "contig-ratio-red-core" 0.5882352941176471
 "a-count" 5
 "b-count" 5
 "c-color-count" 23
 "c-express-count" 23
 "d-color-count" 23
 "d-express-count" 23
 "cell-count" 56
 15 -1 -4 281
 15 -2 -4 107
 105 -1 -2 190
 15 -3 0 113
 105 -3 2 26
 105 2 3 1
 15 1 3 244
 105 -1 4 28
 15 1 -2 98
 15 -2 -2 11
 15 1 -3 338
 15 -3 -1 198
 15 1 4 31
 15 1 -4 128
 15 0 -4 338
 15 2 -2 66
 15 1 2 319
 15 2 2 278
 15 -4 0 192
 15 -1 3 214
 15 -1 2 114
 105 0 -2 241
 15 0 -3 315
 15 1 -1 183
 15 -2 -3 86
 15 4 1 21
 15 2 -3 145
 15 0 3 179
 55 3 -2 36
 55 1 1 288
 55 0 0 217
 55 -2 1 54
 55 -3 -2 348
 55 -2 -1 212
 55 4 -2 350
 55 -1 1 236
 55 1 0 281
 5 -3 1 324
 55 2 0 167
 5 -4 -1 266
 5 2 -1 173
 55 -1 0 82
 55 4 -1 204
 55 0 1 52
 55 3 0 9
 55 2 1 146
 55 -2 2 343
 55 -1 -1 348
 55 3 1 255
 5 -3 -3 343
 55 -2 0 183
 55 4 0 234
 55 0 -1 325
 55 3 2 66
 5 3 -3 57
 55 3 -1 159
 "contig-ratio-green-core" 0.5294117647058824
 "contig-ratio-red-core" 0.6875
 "a-count" 4
 "b-count" 4
 "c-color-count" 24
 "c-express-count" 24
 "d-color-count" 26
 "d-express-count" 24
 "cell-count" 56
 15 -3 -3 166
 15 -2 4 79
 15 -1 4 118
 15 -2 -3 73
 15 2 -3 295
 15 0 -3 194
 15 1 4 243
 15 1 -4 299
 15 -1 -3 321
 15 -3 -2 146
 15 2 -1 327
 105 -3 3 83
 15 3 1 139
 15 3 -1 279
 15 2 -2 21
 15 2 3 49
 15 -2 3 232
 15 -3 1 22
 105 0 -4 203
 15 4 1 121
 15 3 -2 101
 15 0 4 335
 15 1 -3 348
 15 4 -1 260
 15 2 -4 266
 15 3 3 284
 15 -2 -2 126
 15 4 0 69
 55 1 0 161
 55 2 0 137
 55 -2 0 20
 55 -2 1 49
 55 0 2 351
 55 0 1 17
 55 -4 0 161
 55 -3 0 327
 55 -1 2 260
 55 2 1 198
 55 0 -2 76
 55 -1 -2 74
 5 3 -3 185
 55 1 -2 54
 55 -2 -1 92
 55 1 3 110
 55 4 -2 336
 55 1 2 75
 5 -4 1 343
 55 0 0 176
 5 -1 3 137
 55 -1 -1 250
 55 2 2 272
 55 -3 -1 10
 55 -2 2 91
 55 0 -1 172
 55 1 1 117
 5 -1 1 37
 "contig-ratio-green-core" 0.631578947368421
 "contig-ratio-red-core" 0.5238095238095238
 "a-count" 6
 "b-count" 4
 "c-color-count" 24
 "c-express-count" 24
 "d-color-count" 23
 "d-express-count" 22
 "cell-count" 56
 15 -2 2 7
 105 -1 4 307
 15 -1 3 305
 15 -4 -1 233
 15 0 -2 158
 15 -3 2 7
 105 4 0 215
 15 3 -1 334
 15 1 3 81
 15 -2 3 315
 15 2 -2 203
 15 2 3 266
 15 0 3 62
 15 1 -2 26
 15 0 -4 207
 15 1 -3 164
 15 3 2 230
 15 -4 1 99
 15 0 -3 217
 105 1 -4 354
 15 -3 -3 296
 105 1 4 77
 15 2 -1 208
 15 4 1 6
 15 -4 0 156
 105 4 -1 203
 15 1 -1 8
 15 -1 -2 208
 5 -1 2 340
 55 1 0 150
 55 -2 1 281
 55 -1 0 31
 55 -2 -3 184
 55 -2 -1 43
 55 0 -1 182
 55 1 1 118
 55 -3 -2 70
 5 -3 0 82
 55 0 1 155
 55 -2 -2 93
 55 -1 1 16
 55 -3 1 284
 55 3 -2 161
 55 1 2 309
 55 -1 -1 192
 55 2 1 104
 5 -1 -4 2
 55 -3 -1 350
 55 -2 0 67
 55 3 1 52
 55 2 2 32
 5 2 -3 316
 55 0 2 137
 55 -3 3 50
 55 2 0 245
 55 0 0 161
 "contig-ratio-green-core" 1
 "contig-ratio-red-core" 0.7647058823529411
