 "a-count" 6
 "b-count" 5
 "c-color-count" 24
 "c-express-count" 23
 "d-color-count" 23
 "d-express-count" 22
 "cell-count" 56
 15 1 3 196
 105 0 4 138
 105 -1 4 132
 15 1 -2 156
 15 1 2 30
 15 -4 0 98
 15 -1 -3 155
 105 0 3 210
 15 2 1 41
 15 2 2 251
 15 2 0 99
 15 -1 -4 81
 15 3 0 280
 105 1 -3 62
 15 0 -2 212
 15 -3 3 227
 15 -2 -3 283
 15 4 0 185
 15 2 3 7
 15 -1 3 288
 15 0 2 36
 15 2 -1 115
 15 -4 1 157
 15 3 -1 174
 15 -3 -1 167
 15 -3 -2 108
 105 -3 -3 135
 15 3 1 168
 55 -2 0 163
 55 -2 -2 151
 55 -3 1 55
 55 1 4 49
 55 1 -1 344
 55 0 1 18
 5 -3 2 103
 55 -1 1 195
 55 -1 2 257
 55 1 -1 136
 55 -1 -2 228
 55 0 -1 66
 5 4 -1 295
 55 1 0 319
 55 -1 0 197
 55 3 2 246
 55 -2 1 307
 55 -2 3 302
 55 -2 2 189
 5 3 3 345
 55 -1 -1 345
 55 0 0 266
 55 1 0 26
 55 -2 -1 326
 55 -4 -1 340
 55 1 1 249
 5 4 1 56
 55 -3 0 345
 "contig-ratio-green-core" 1.1333333333333333
 "contig-ratio-red-core" 0.8421052631578947
 "a-count" 6
 "b-count" 5
 "c-color-count" 23
 "c-express-count" 23
 "d-color-count" 22
 "d-express-count" 22
 "cell-count" 56
 15 -2 -1 299
 15 -4 0 328
 15 0 -2 222
 15 4 0 154
 15 0 4 156
 15 -1 -2 356
 15 1 -2 77
 15 -2 1 52
 15 -3 -1 246
 15 -3 3 76
 105 -4 -1 259
 15 -3 1 326
 105 -1 4 282
 15 -2 0 79
 15 -3 0 147
 105 -2 -3 78
 15 1 -3 137
 15 0 -3 232
 105 3 -2 296
 15 -1 -3 271
 15 1 4 28
 15 2 -2 313
 105 2 -3 33
 15 4 1 76
 105 4 -1 144
 15 0 -4 134
 15 -2 -2 158
 15 -3 2 93
 55 1 1 14
 55 0 -1 177
 55 3 0 61
 55 1 0 357
 55 2 1 110
 55 2 2 12
 5 -1 2 201
 55 3 -1 152
 55 -1 1 139
 55 2 -1 46
 5 -1 -4 185
 5 3 2 318
 55 0 3 192
 55 1 3 95
 5 -1 0 34
 55 -4 1 172
 55 -3 -3 127
 55 1 2 50
 55 0 1 9
 55 3 1 31
 55 1 -1 184
 55 2 0 99
 5 2 3 178
 55 -1 3 96
 55 0 0 113
 55 0 2 108
 55 -1 -1 191
 55 -2 3 97
 "contig-ratio-green-core" 0.9166666666666666
 "contig-ratio-red-core" 0.5294117647058824
 "a-count" 4
 "b-count" 3
 "c-color-count" 25
 "c-express-count" 25
 "d-color-count" 26
 "d-express-count" 24
 "cell-count" 56
 15 2 3 128
 15 -2 1 164
 105 -4 1 15
 15 2 -4 82
 15 -2 -4 92
 15 1 2 226
 15 4 0 130
 15 3 -2 333
 15 1 -4 90
 15 1 3 24
 15 1 -3 182
 15 2 -3 188
 15 -3 1 92
 15 -2 -1 194
 15 -2 0 283
 15 -1 -3 156
 15 0 4 290
 15 -4 0 245
 15 -1 -4 22
 15 -2 -2 331
 15 0 -4 26
 15 3 2 92
 15 2 2 256
 105 3 -3 317
 15 1 4 157
 15 -4 -1 238
 15 -3 -3 25
 15 4 -1 223
 55 3 0 270
 5 -3 0 14
 55 0 2 318
 5 -3 2 158
 5 -3 3 44
 55 -1 -2 293
 55 1 1 315
 55 -1 -1 69
 55 2 0 280
 55 -1 1 110
 55 1 -2 235
 55 2 -1 43
 55 0 -2 136
 55 -1 0 237
 55 -2 3 308
 55 0 3 166
 55 0 0 170
 55 -1 2 0
 55 1 0 0
 55 -1 3 88
 55 1 -1 252
 55 4 1 305
 55 3 1 11
 55 -3 -2 45
 55 3 -1 81
 55 0 1 134
 55 0 -1 302
 55 2 1 195
 "contig-ratio-green-core" 0.8235294117647058
 "contig-ratio-red-core" 0.6
 "a-count" 7
 "b-count" 7
 "c-color-count" 21
 "c-express-count" 21
 "d-color-count" 22
 "d-express-count" 21
 "cell-count" 56
 15 -2 -3 321
 15 0 3 218
 15 2 -3 144
 15 -3 -1 63
 15 -4 1 314
 15 0 -4 223
 15 0 -3 301
 15 -1 -3 58
 15 4 2 22
 105 1 -2 114
 105 3 -3 335
 15 0 -2 23
 15 3 1 206
 105 -1 3 215
 15 -3 2 196
 105 -4 -1 82
 105 -3 -3 42
 15 0 4 25
 15 3 2 123
 15 1 -4 0
 15 -3 0 285
 15 1 3 278
 15 -4 0 231
 105 2 -2 250
 15 1 -3 158
 15 2 2 264
 15 -3 1 281
 15 4 1 338
 55 -2 2 145
 55 1 1 8
 55 1 -1 102
 55 4 -1 4
 5 -1 4 25
 55 -1 0 32
 55 2 -1 345
 55 0 1 340
 5 4 0 125
 55 0 0 201
 55 2 1 81
 55 -2 -1 43
 5 3 3 312
 55 -1 -1 184
 5 -3 3 137
 55 -2 1 208
 55 3 -1 239
 55 -2 0 93
 5 -1 1 282
 55 -1 -4 6
 55 0 -1 76
 55 -1 2 303
 55 0 2 142
 5 1 2 140
 5 -1 -2 93
 55 1 0 326
 55 2 3 188
 55 -2 -2 181
 "contig-ratio-green-core" 0.7692307692307693
 "contig-ratio-red-core" 0.5
