 "a-count" 0
 "b-count" 16
 "c-color-count" 12
 "c-express-count" 12
 "d-color-count" 28
 "d-express-count" 28
 "cell-count" 56
 15 -2 2 299
 15 -2 0 26
 15 0 -1 268
 15 2 0 45
 15 1 -1 256
 15 -1 2 190
 15 -4 -1 176
 15 -5 -1 162
 15 1 2 22
 15 -4 1 122
 15 -1 1 246
 15 0 1 112
 15 1 -2 118
 15 0 2 84
 15 -3 0 100
 15 -3 1 186
 15 -2 1 130
 15 1 0 27
 15 0 -3 205
 15 -3 -1 196
 15 2 1 345
 15 1 1 325
 15 -1 -1 103
 15 -2 -1 339
 15 0 0 132
 15 0 -2 281
 15 -1 0 173
 15 2 -1 46
 55 -3 -2 138
 5 -3 2 210
 5 -1 -3 201
 55 4 -1 78
 55 4 0 170
 5 3 3 55
 55 -1 3 327
 5 -3 3 63
 5 2 -3 53
 55 1 3 238
 5 -1 -4 42
 55 -2 -2 105
 5 -2 3 92
 5 -1 4 13
 55 0 3 315
 55 -2 -3 205
 5 0 -4 93
 55 0 4 122
 5 3 2 28
 5 1 4 92
 5 2 -2 327
 5 2 2 212
 55 2 3 70
 5 1 -4 85
 5 3 -1 343
 55 4 1 254
 5 1 -3 175
 55 -3 -3 209
 "contig-ratio-green-core" 0.45454545454545453
 "contig-ratio-red-core" 0.29411764705882354
 "a-count" 0
 "b-count" 15
 "c-color-count" 13
 "c-express-count" 13
 "d-color-count" 28
 "d-express-count" 28
 "cell-count" 56
 15 0 4 134
 15 0 2 221
 15 -1 -2 99
 15 0 0 7
 15 2 1 252
 15 0 -2 159
 15 -2 0 23
 15 1 2 119
 15 1 -1 89
 15 0 -1 333
 15 -3 -1 94
 15 -3 0 158
 15 -1 1 113
 15 2 2 265
 15 1 0 7
 15 0 1 234
 15 2 -1 30
 15 1 3 51
 15 2 0 226
 15 -3 1 219
 15 0 3 199
 15 -1 0 127
 15 -2 -1 201
 15 1 1 300
 15 -2 1 253
 15 1 -2 10
 15 -1 2 60
 15 -1 -1 55
 5 3 -1 194
 55 -4 0 166
 5 -3 -3 312
 5 -1 4 20
 5 2 3 125
 55 -2 -3 59
 55 3 -2 11
 55 3 1 295
 5 -1 -3 222
 55 1 -3 190
 5 1 -4 264
 5 -3 -2 217
 5 4 -1 198
 5 0 -4 318
 55 -1 3 189
 5 -3 3 218
 55 -2 -2 193
 5 2 -3 118
 55 3 2 316
 55 -2 3 334
 55 2 -2 351
 55 -4 1 325
 55 0 -3 102
 5 3 -3 13
 5 3 0 3
 5 -2 2 235
 55 -4 -1 201
 5 -3 2 242
 "contig-ratio-green-core" 0.9090909090909091
 "contig-ratio-red-core" 0.625
 "a-count" 0
 "b-count" 15
 "c-color-count" 13
 "c-express-count" 13
 "d-color-count" 28
 "d-express-count" 28
 "cell-count" 56
 15 0 1 26
 15 1 3 36
 15 2 1 351
 15 1 -2 348
 15 1 -1 75
 15 -1 0 214
 15 -2 0 126
 15 1 1 282
 15 3 1 32
 15 0 2 327
 15 1 2 193
 15 1 0 82
 15 -1 -2 219
 15 0 -2 189
 15 -3 0 176
 15 0 0 228
 15 -4 -1 57
 15 -2 -2 41
 15 -3 -1 70
 15 0 -3 148
 15 0 -1 359
 15 -1 2 232
 15 -1 -1 331
 15 -1 1 199
 15 2 0 317
 15 -1 -3 31
 15 -2 -1 92
 15 4 1 324
 55 0 4 251
 5 -3 3 178
 5 -2 3 32
 5 -1 -4 67
 5 3 3 21
 55 3 -3 347
 5 -2 1 155
 5 1 -3 23
 55 3 -2 242
 55 0 3 340
 5 -1 3 297
 55 3 -1 104
 55 -3 -3 214
 5 2 -1 199
 5 -3 1 20
 5 2 3 302
 55 -2 -3 257
 55 -1 4 281
 55 -3 2 255
 55 -2 2 190
 55 1 4 255
 5 -4 0 188
 55 -2 -4 71
 5 1 -4 258
 55 2 -3 279
 5 2 2 243
 5 -4 1 3
 5 2 -2 64
 "contig-ratio-green-core" 0.38461538461538464
 "contig-ratio-red-core" 0.23529411764705882
