 "a-count" 0
 "b-count" 15
 "c-color-count" 13
 "c-express-count" 13
 "d-color-count" 28
 "d-express-count" 28
 "cell-count" 56
 15 1 0 280
 15 2 -2 178
 15 1 -1 258
 15 1 1 268
 15 2 -1 15
 15 2 2 346
 15 0 -2 33
 15 0 4 175
 15 -3 0 312
 15 -1 2 190
 15 0 -1 219
 15 -2 0 176
 15 1 2 104
 15 -1 -2 116
 15 1 4 83
 15 -1 1 306
 15 0 0 160
 15 -2 -1 160
 15 0 3 263
 15 0 1 271
 15 1 -2 121
 15 2 3 38
 15 0 2 35
 15 -1 -1 47
 15 2 0 135
 15 1 3 190
 15 -1 0 192
 15 2 1 239
 55 -2 2 203
 5 -2 3 299
 5 1 -4 129
 55 3 0 177
 55 3 1 41
 55 -1 -5 248
 55 -4 0 322
 55 4 0 157
 5 -3 -2 113
 55 -1 -4 120
 5 -3 2 292
 5 -1 -3 251
 5 -1 3 77
 55 -4 1 285
 5 -3 1 236
 55 -2 -4 231
 55 3 -1 56
 55 4 1 240
 5 0 -3 58
 5 -3 -3 53
 5 3 -2 36
 5 1 -3 329
 5 -2 -2 218
 5 3 3 11
 5 3 -3 14
 55 4 -1 191
 55 -2 1 68
 5 2 -3 118
 "contig-ratio-green-core" 0.5384615384615384
 "contig-ratio-red-core" 0.35294117647058826
 "a-count" 0
 "b-count" 16
 "c-color-count" 12
 "c-express-count" 12
 "d-color-count" 28
 "d-express-count" 28
 "cell-count" 56
 15 -3 2 4
 15 1 3 2
 15 0 0 310
 15 2 0 74
 15 2 -1 146
 15 0 3 208
 15 -1 -2 49
 15 0 -1 255
 15 -3 -1 160
 15 1 0 57
 15 -2 -1 120
 15 -3 1 119
 15 1 1 33
 15 -2 2 145
 15 -1 2 87
 15 1 2 36
 15 0 1 20
 15 0 -2 173
 15 2 1 219
 15 -3 0 163
 15 0 2 277
 15 -1 -1 36
 15 -1 0 250
 15 -2 0 351
 15 -2 -2 305
 15 -2 1 10
 15 1 -1 63
 15 -1 1 80
 5 -3 3 72
 55 3 0 259
 55 4 0 287
 5 1 4 265
 5 1 -2 100
 55 -4 0 95
 55 -4 -1 61
 55 0 -3 282
 5 -1 3 137
 55 -1 -4 156
 5 3 -3 267
 5 -3 -2 346
 55 1 -3 266
 5 -3 -3 40
 5 3 -1 261
 55 0 -4 214
 55 5 1 305
 55 5 0 140
 55 -4 1 118
 5 3 1 28
 5 -2 3 69
 5 -1 -3 26
 5 3 -2 343
 55 4 1 178
 5 1 -4 358
 5 2 -2 32
 5 3 2 72
 5 4 -1 52
 "contig-ratio-green-core" 0.4
 "contig-ratio-red-core" 0.3125
 "a-count" 0
 "b-count" 15
 "c-color-count" 13
 "c-express-count" 13
 "d-color-count" 28
 "d-express-count" 28
 "cell-count" 56
 15 1 1 249
 15 0 1 153
 15 2 2 268
 15 -2 0 225
 15 1 2 113
 15 -3 0 79
 15 0 0 137
 15 1 1 261
 15 -1 -1 279
 15 1 2 129
 15 -2 -2 221
 15 0 -1 165
 15 -1 1 147
 15 -1 1 347
 15 0 2 193
 15 -1 -2 30
 15 -2 0 45
 15 -1 0 90
 15 -1 0 304
 15 -3 -2 212
 15 1 3 256
 15 2 1 348
 15 -3 -1 86
 15 0 1 77
 15 1 3 241
 15 0 -2 348
 15 -2 -1 88
 15 -1 2 252
 5 -2 2 116
 55 -1 4 316
 5 -1 -3 356
 5 -1 3 139
 55 -3 1 201
 5 -2 3 41
 5 2 0 17
 55 2 -4 76
 55 4 1 307
 5 -4 1 168
 5 1 -2 47
 55 0 -4 216
 5 -4 -1 289
 55 1 4 324
 5 2 -1 303
 55 0 3 165
 5 3 -2 271
 5 3 1 354
 55 0 4 313
 55 -3 2 108
 55 4 0 3
 5 1 0 132
 55 0 -3 67
 5 2 -2 34
 5 -4 0 224
 5 1 -1 9
 55 -2 4 197
 55 1 -4 272
 "contig-ratio-green-core" 0.4166666666666667
 "contig-ratio-red-core" 0.2
 "a-count" 0
 "b-count" 16
 "c-color-count" 12
 "c-express-count" 12
 "d-color-count" 28
 "d-express-count" 28
 "cell-count" 56
 15 0 3 114
 15 -3 1 26
 15 -2 0 40
 15 0 -1 243
 15 1 -1 210
 15 2 -1 311
 15 -2 1 51
 15 0 1 341
 15 -1 -1 301
 15 -3 0 90
 15 2 1 124
 15 1 1 199
 15 -1 2 218
 15 1 -2 246
 15 -1 -2 216
 15 -1 1 241
 15 3 1 131
 15 1 2 336
 15 -1 0 75
 15 2 2 258
 15 2 0 272
 15 -2 2 295
 15 1 0 106
 15 0 0 128
 15 2 -2 27
 15 0 -2 301
 15 -1 3 351
 15 0 2 105
 5 1 -4 334
 55 4 -1 261
 5 0 -3 43
 5 -2 3 93
 55 -4 -1 237
 55 -3 -1 353
 5 3 -3 80
 5 -1 4 323
 55 -4 -2 185
 5 -3 -2 154
 55 1 4 65
 5 0 4 346
 5 4 1 46
 5 -1 -3 92
 5 3 0 106
 5 -2 -2 89
 55 -4 0 295
 55 0 -4 12
 55 -1 -4 165
 5 3 2 231
 55 -4 2 62
 5 -2 -1 312
 5 3 -1 254
 5 3 -2 214
 55 1 3 277
 55 -4 1 359
 5 -3 3 119
 55 4 0 135
 "contig-ratio-green-core" 0.3
 "contig-ratio-red-core" 0.25
