 "a-count" 0
 "b-count" 20
 "c-color-count" 8
 "c-express-count" 8
 "d-color-count" 28
 "d-express-count" 28
 "cell-count" 56
 15 2 1 185
 15 3 -1 196
 15 2 -1 308
 15 0 -3 353
 15 3 0 249
 15 0 1 344
 15 4 0 158
 15 -2 -1 188
 15 1 0 155
 15 2 0 319
 15 1 -2 89
 15 1 -1 259
 15 0 0 14
 15 -2 2 258
 15 3 1 279
 15 -3 0 242
 15 -2 1 336
 15 1 1 202
 15 -2 0 8
 15 0 -2 260
 15 -1 -1 56
 15 -1 0 203
 15 0 -1 213
 15 1 4 133
 15 0 4 18
 15 -1 2 313
 15 -1 1 34
 15 2 -2 156
 5 3 -3 169
 5 0 -4 25
 5 -1 -3 1
 5 -1 -2 323
 55 -2 -3 254
 5 2 2 96
 55 -4 -3 155
 55 3 3 282
 5 1 -3 39
 5 -4 0 141
 55 -1 4 141
 5 -3 2 248
 5 -3 3 320
 5 -1 3 21
 5 -1 -4 118
 5 -4 1 267
 55 3 -2 198
 5 1 -4 353
 55 -3 -3 197
 5 -3 -2 310
 55 3 2 275
 5 0 2 237
 5 -2 3 75
 5 1 3 2
 5 -4 -1 295
 5 0 3 233
 5 -2 -2 60
 55 2 3 80
 "contig-ratio-green-core" 0.5
 "contig-ratio-red-core" 0.16666666666666666
 "a-count" 0
 "b-count" 14
 "c-color-count" 14
 "c-express-count" 14
 "d-color-count" 28
 "d-express-count" 28
 "cell-count" 56
 15 1 2 271
 15 -3 -3 325
 15 -2 -1 99
 15 0 -1 52
 15 -1 0 151
 15 -1 -1 224
 15 -3 0 38
 15 1 -2 313
 15 -2 -2 195
 15 0 -2 301
 15 -3 -1 304
 15 1 0 61
 15 2 -1 226
 15 1 1 182
 15 -2 0 203
 15 -1 1 141
 15 -1 -2 138
 15 2 0 334
 15 0 2 310
 15 -3 -2 336
 15 0 1 242
 15 -3 -3 169
 15 -3 -1 275
 15 1 -1 273
 15 0 0 349
 15 -2 -1 155
 15 -2 -3 349
 15 -3 -2 269
 55 -2 2 274
 5 -1 3 41
 55 -3 2 83
 55 -3 1 323
 5 -4 1 40
 55 4 2 66
 5 3 -1 325
 5 3 -2 40
 5 -1 2 344
 55 -2 1 206
 5 1 3 2
 55 4 1 64
 5 -1 4 126
 55 1 -3 168
 5 1 -4 96
 55 -1 -3 145
 55 0 -3 90
 5 -4 0 27
 55 3 3 303
 55 3 1 46
 5 2 2 343
 55 4 0 215
 55 4 -1 193
 55 3 2 293
 5 1 4 183
 5 -2 3 290
 5 3 0 66
 5 2 -2 287
 "contig-ratio-green-core" 0.5454545454545454
 "contig-ratio-red-core" 0.2777777777777778
 "a-count" 0
 "b-count" 15
 "c-color-count" 13
 "c-express-count" 13
 "d-color-count" 28
 "d-express-count" 28
 "cell-count" 56
 15 0 1 321
 15 3 0 143
 15 -2 1 30
 15 -2 2 82
 15 -1 -1 334
 15 -2 -2 247
 15 0 -1 3
 15 2 -1 120
 15 -1 3 283
 15 -2 0 151
 15 -2 -1 30
 15 3 1 254
 15 -1 -2 163
 15 1 1 306
 15 -2 -3 176
 15 1 0 177
 15 -3 -2 28
 15 2 -2 227
 15 -1 2 305
 15 0 3 94
 15 2 1 233
 15 -1 -3 50
 15 1 -1 271
 15 0 0 58
 15 -1 1 310
 15 -1 0 112
 15 2 0 279
 15 0 2 26
 5 1 2 327
 55 0 -2 262
 5 3 -1 61
 55 -4 1 147
 55 -3 0 6
 55 4 2 40
 5 -4 -1 269
 55 0 -3 176
 5 -2 3 321
 55 -3 -1 308
 55 1 -4 307
 5 1 -2 47
 5 -1 4 51
 55 4 0 3
 5 -3 -3 86
 5 -2 -4 294
 5 1 -3 134
 5 -4 0 84
 5 -1 -4 323
 55 4 1 142
 5 3 2 86
 5 2 2 191
 5 2 -3 176
 55 0 -4 283
 55 1 4 284
 5 1 3 88
 55 0 4 339
 55 -3 1 73
 "contig-ratio-green-core" 0.7272727272727273
 "contig-ratio-red-core" 0.42105263157894735
