 "a-count" 12
 "b-count" 4
 "c-color-count" 24
 "c-express-count" 24
 "d-color-count" 16
 "d-express-count" 16
 "cell-count" 56
 105 2 -3 213
 15 -1 2 114
 105 -2 0 45
 15 0 -4 319
 15 0 1 220
 105 0 2 112
 15 5 1 19
 15 1 1 176
 15 -2 1 96
 105 -3 3 50
 15 -2 -1 95
 15 2 0 54
 15 0 -3 78
 105 2 -2 235
 105 -3 -2 182
 105 -1 -4 299
 105 -2 -3 262
 15 4 -1 52
 15 -1 1 355
 15 1 -4 176
 105 -4 -1 92
 15 3 3 224
 105 -4 1 264
 15 -1 -3 206
 15 3 0 142
 105 -4 0 133
 105 -3 0 179
 15 -3 1 311
 55 1 -2 206
 55 -2 3 11
 55 2 3 153
 5 4 0 255
 55 4 1 17
 55 -3 -1 100
 55 -1 3 153
 55 3 1 84
 55 -1 -1 62
 55 -1 0 355
 55 -3 2 60
 55 2 -1 273
 55 0 3 21
 55 -2 2 142
 55 0 0 288
 55 0 -2 263
 55 -1 -2 165
 5 1 4 111
 55 1 -1 32
 55 1 -3 49
 5 2 2 357
 55 1 0 54
 55 -2 -2 73
 55 0 -1 104
 55 1 3 52
 5 3 -2 9
 55 -1 4 157
 55 3 2 319
 "contig-ratio-green-core" 0.7
 "contig-ratio-red-core" 1.0769230769230769
 "a-count" 2
 "b-count" 4
 "c-color-count" 24
 "c-express-count" 24
 "d-color-count" 26
 "d-express-count" 26
 "cell-count" 56
 15 4 -1 70
 15 -2 1 344
 15 1 -3 161
 15 1 3 12
 15 -1 2 98
 15 -3 1 57
 15 0 -4 142
 15 -4 0 139
 15 3 1 166
 15 -1 4 321
 15 2 -3 326
 105 2 3 111
 15 2 1 309
 15 -3 -2 134
 15 -1 3 258
 15 -1 -4 271
 15 -2 2 351
 15 1 2 165
 105 -3 -3 273
 15 0 2 56
 15 -2 3 302
 15 3 0 46
 15 1 1 214
 15 -1 -3 1
 15 -4 1 35
 15 0 3 236
 15 0 -3 83
 15 -3 0 254
 55 2 -2 89
 55 -3 2 93
 55 3 2 316
 55 -1 1 132
 55 2 0 197
 5 -4 -1 171
 55 -1 0 127
 55 -3 3 248
 55 0 -1 302
 55 3 -2 315
 5 1 -4 257
 55 -1 -1 64
 55 0 1 254
 55 -2 -2 114
 55 2 -1 3
 55 -2 -1 45
 55 3 -1 228
 5 0 4 95
 55 -2 0 337
 5 4 1 144
 55 1 0 262
 55 1 -1 56
 55 1 -2 288
 55 0 0 27
 55 3 3 282
 55 0 -2 188
 55 -2 -3 288
 55 -1 -2 316
 "contig-ratio-green-core" 0.9444444444444444
 "contig-ratio-red-core" 0.6363636363636364
 "a-count" 8
 "b-count" 3
 "c-color-count" 25
 "c-express-count" 25
 "d-color-count" 22
 "d-express-count" 20
 "cell-count" 56
 105 2 2 203
 15 1 3 208
 15 -1 0 150
 15 -2 0 46
 15 2 -1 162
 15 3 2 13
 105 3 -1 153
 105 -2 3 228
 15 -2 -2 16
 15 -2 -1 283
 105 -1 -4 136
 15 0 -4 345
 15 3 1 118
 15 2 1 339
 15 2 -3 212
 15 -2 -3 356
 15 2 0 156
 15 3 0 149
 15 2 -2 150
 15 0 4 254
 15 3 -2 342
 15 -1 3 165
 15 1 2 143
 15 -3 1 123
 105 -3 2 166
 15 -1 -1 353
 105 3 -3 193
 15 -3 0 68
 55 -4 -1 247
 55 0 -2 323
 5 -2 1 191
 55 -1 4 41
 55 -1 1 262
 55 1 -1 251
 55 0 2 304
 55 0 -1 293
 5 3 3 259
 55 0 1 314
 55 1 -2 248
 5 -3 -2 357
 55 -1 2 173
 55 0 0 112
 55 -4 0 168
 55 0 -3 146
 55 1 -4 163
 55 1 1 123
 55 -4 1 141
 55 1 4 342
 55 -1 -3 259
 55 4 -1 167
 55 1 -3 199
 55 1 0 281
 55 -2 2 58
 55 4 1 150
 55 -1 -2 113
 55 4 0 340
 "contig-ratio-green-core" 0.7368421052631579
 "contig-ratio-red-core" 1
 "a-count" 3
 "b-count" 5
 "c-color-count" 23
 "c-express-count" 23
 "d-color-count" 26
 "d-express-count" 25
 "cell-count" 56
 15 1 1 298
 15 1 0 144
 15 0 -2 236
 15 1 -3 120
 15 1 2 6
 15 -1 3 40
 15 -2 -3 53
 15 -3 3 36
 15 -1 4 313
 15 -1 1 137
 15 -4 1 197
 15 -2 3 35
 105 0 1 103
 15 2 2 45
 15 -1 -1 16
 15 3 1 295
 15 -1 -2 205
 15 0 0 338
 15 -2 4 192
 15 1 -4 137
 15 0 -3 63
 15 2 1 200
 15 -1 -3 117
 15 1 -2 345
 15 -4 0 234
 105 2 3 210
 15 0 -1 22
 15 1 -1 63
 55 2 -1 271
 5 -1 2 175
 55 -3 -1 280
 55 -1 0 58
 5 3 3 40
 55 2 -2 332
 55 3 -1 50
 55 -2 -2 125
 55 0 4 196
 5 0 2 226
 55 4 1 2
 55 -2 1 279
 5 3 -2 163
 55 4 0 325
 55 3 2 354
 55 -2 2 81
 5 -4 -1 32
 55 -3 0 285
 55 1 3 202
 55 -3 -3 69
 55 -3 2 227
 55 3 -3 34
 55 -2 0 176
 55 1 4 259
 55 3 0 28
 55 -2 -1 114
 55 0 3 181
 55 -3 1 276
 "contig-ratio-green-core" 0.7619047619047619
 "contig-ratio-red-core" 0.7391304347826086
