 "a-count" 6
 "b-count" 4
 "c-color-count" 24
 "c-express-count" 24
 "d-color-count" 25
 "d-express-count" 22
 "cell-count" 56
 15 4 0 76
 15 0 0 315
 15 -2 1 130
 15 1 -2 124
 15 -3 0 146
 105 -4 0 45
 15 -1 1 27
 15 0 -1 27
 15 -3 1 107
 15 1 -3 334
 15 -2 0 79
 15 -2 -3 90
 15 2 -3 153
 15 -2 -1 47
 15 0 -3 275
 105 -1 4 166
 15 4 1 41
 15 -2 -2 83
 15 1 -4 239
 105 -4 -1 356
 15 -3 2 149
 15 4 2 134
 15 -1 0 108
 15 3 -3 26
 15 -2 2 226
 15 0 -2 16
 15 -1 -1 221
 15 -1 -2 51
 55 0 1 89
 55 0 2 60
 55 2 1 20
 55 3 1 289
 55 -1 3 116
 55 0 -4 154
 5 1 4 173
 55 -3 -2 32
 55 -1 -4 306
 5 0 4 115
 55 2 -1 193
 55 -1 2 84
 55 2 -2 214
 5 1 3 88
 55 1 2 311
 55 2 2 335
 55 3 2 269
 55 3 -2 252
 55 2 0 199
 55 -3 3 338
 55 -2 -4 190
 55 -2 3 0
 55 1 1 262
 55 3 3 30
 55 3 0 71
 55 1 0 245
 5 4 -1 341
 55 -3 -1 176
 "contig-ratio-green-core" 0.9411764705882353
 "contig-ratio-red-core" 0.7647058823529411
 "a-count" 6
 "b-count" 4
 "c-color-count" 24
 "c-express-count" 24
 "d-color-count" 24
 "d-express-count" 22
 "cell-count" 56
 15 3 0 84
 105 -3 -2 346
 15 -3 -1 196
 15 -1 2 147
 15 0 -4 197
 15 3 -1 241
 105 -2 3 23
 15 0 -3 246
 15 -2 0 200
 15 -3 1 190
 15 -3 -3 14
 15 3 -3 224
 15 -2 -1 67
 15 -2 1 234
 15 4 0 145
 105 -3 0 91
 15 -3 3 359
 105 1 -4 350
 15 2 2 131
 15 2 -2 149
 15 1 -2 52
 15 2 3 42
 15 4 1 66
 15 -1 -3 109
 15 2 1 179
 15 3 1 299
 15 2 0 61
 15 -2 2 348
 55 0 1 226
 55 -1 -1 132
 5 3 3 106
 5 -1 -4 186
 55 3 -2 48
 55 1 0 98
 55 0 0 261
 55 1 3 118
 5 0 3 278
 55 0 -2 239
 55 -4 -1 356
 55 -2 -3 197
 55 -4 0 35
 55 1 2 225
 55 -4 1 229
 55 -1 0 19
 55 0 -1 162
 55 0 2 215
 55 1 1 254
 55 2 -3 51
 55 1 -3 352
 5 4 -1 101
 55 0 4 33
 55 -1 1 31
 55 3 2 15
 55 -3 2 329
 55 -1 -2 24
 55 1 -1 18
 "contig-ratio-green-core" 0.9411764705882353
 "contig-ratio-red-core" 0.8571428571428571
 "a-count" 7
 "b-count" 3
 "c-color-count" 25
 "c-express-count" 25
 "d-color-count" 23
 "d-express-count" 21
 "cell-count" 56
 105 0 -3 207
 15 -1 -4 2
 15 2 -2 246
 15 -1 -2 51
 15 -1 4 189
 15 -3 0 16
 15 -1 -3 208
 15 1 0 185
 15 3 1 179
 15 2 0 325
 15 1 -1 350
 15 2 -1 166
 105 -3 3 314
 15 1 -2 1
 15 0 -1 166
 15 -3 1 63
 105 -4 -1 25
 105 4 1 117
 105 -2 0 119
 15 -4 0 257
 15 1 -3 174
 15 -1 -1 157
 15 -1 0 279
 15 0 -2 246
 15 -2 1 297
 15 0 0 133
 15 -3 2 151
 15 -1 3 158
 55 -1 2 202
 55 -2 -2 19
 55 -3 -1 42
 55 1 1 340
 55 2 2 47
 55 -4 1 256
 55 0 4 289
 55 3 -2 337
 55 1 2 346
 5 1 -4 79
 55 4 -1 252
 55 3 0 210
 55 -1 1 267
 55 1 3 301
 5 -3 -3 198
 55 -2 2 309
 55 2 1 82
 55 1 4 291
 55 0 1 253
 55 3 -1 8
 55 0 -4 288
 55 0 2 351
 55 -2 -3 127
 55 0 3 218
 5 3 3 287
 55 2 -3 271
 55 -3 -2 48
 55 2 3 189
 "contig-ratio-green-core" 0.75
 "contig-ratio-red-core" 0.9444444444444444
 "a-count" 4
 "b-count" 3
 "c-color-count" 25
 "c-express-count" 25
 "d-color-count" 26
 "d-express-count" 24
 "cell-count" 56
 15 -4 0 194
 15 -3 2 353
 15 -3 -1 44
 15 -2 -1 219
 15 4 0 69
 15 2 -1 354
 15 1 -2 346
 15 -1 -2 280
 15 2 -3 212
 15 -3 0 173
 15 3 0 345
 105 0 -4 170
 105 3 -2 22
 15 -3 -2 281
 15 3 -1 352
 15 -3 -3 98
 15 3 1 57
 15 3 2 47
 15 1 -1 253
 15 -3 1 319
 15 -2 -2 247
 15 0 4 325
 15 0 5 74
 15 -1 -4 264
 15 -4 1 102
 15 0 -3 176
 15 -2 2 324
 15 4 -1 273
 5 -2 3 315
 55 0 -1 137
 55 4 1 335
 55 2 2 136
 55 0 3 71
 55 1 1 65
 55 0 0 71
 55 2 3 243
 55 1 0 39
 55 -1 2 7
 55 2 1 306
 55 -2 -3 313
 55 2 0 329
 55 -1 -3 113
 55 1 2 66
 55 0 -2 201
 55 0 2 238
 55 -2 1 276
 55 1 3 6
 55 -4 -1 281
 55 -1 1 169
 55 -1 -1 13
 55 1 4 95
 5 3 3 222
 55 -1 0 271
 55 -2 0 174
 5 1 -3 298
 55 0 1 40
 "contig-ratio-green-core" 1.0666666666666667
 "contig-ratio-red-core" 0.6818181818181818
