 "a-count" 5
 "b-count" 8
 "c-color-count" 21
 "c-express-count" 20
 "d-color-count" 23
 "d-express-count" 23
 "cell-count" 56
 105 0 3 10
 15 1 3 262
 15 -1 -1 129
 15 0 2 304
 15 2 2 304
 15 4 1 9
 15 3 -2 52
 15 -1 1 3
 15 3 1 304
 15 -2 3 182
 15 3 2 263
 105 0 4 209
 15 4 0 216
 15 -1 2 167
 15 -3 -2 9
 105 3 3 322
 15 -2 -2 259
 105 0 -4 117
 15 1 2 198
 105 2 3 16
 15 -1 3 43
 15 -2 -3 187
 15 -1 -4 197
 15 -2 -1 94
 15 3 -3 298
 15 -1 4 276
 15 1 -4 21
 15 -1 0 55
 55 1 4 72
 55 -3 2 153
 55 0 -1 66
 55 3 0 75
 55 1 -2 100
 55 3 -1 307
 55 2 1 37
 55 2 -1 148
 55 0 -2 346
 5 4 -1 260
 55 0 1 57
 55 2 0 257
 55 1 1 232
 55 1 -3 87
 55 -1 -3 75
 55 0 -3 313
 5 -3 0 113
 55 -2 2 332
 5 -3 1 48
 5 -3 3 339
 55 0 0 21
 55 2 -3 256
 5 -3 -3 187
 55 2 -2 346
 5 -3 -1 193
 55 -4 -2 263
 55 -1 -2 99
 5 -4 -1 159
 "contig-ratio-green-core" 0.9375
 "contig-ratio-red-core" 0.7
 "a-count" 7
 "b-count" 3
 "c-color-count" 25
 "c-express-count" 25
 "d-color-count" 22
 "d-express-count" 21
 "cell-count" 56
 15 1 3 328
 15 1 4 271
 15 0 -2 174
 105 3 2 59
 15 3 -2 224
 105 -3 1 198
 15 -3 0 352
 105 -3 2 163
 15 1 -3 258
 15 4 -1 214
 15 -2 -2 336
 15 1 2 219
 15 0 -3 334
 15 -1 -2 108
 15 -1 -1 222
 15 -2 1 39
 105 3 3 43
 15 -1 -3 174
 15 -2 -1 253
 105 -4 1 204
 15 -4 0 354
 105 0 3 194
 15 0 4 134
 15 4 0 213
 15 1 -2 61
 15 0 2 228
 15 -2 0 285
 15 1 -4 144
 55 3 0 255
 55 -1 0 273
 5 -2 -3 326
 55 0 0 170
 55 -1 -4 260
 55 1 -1 345
 55 4 1 130
 55 1 0 317
 5 2 -3 347
 55 3 -1 281
 55 -2 -4 290
 55 3 1 291
 55 2 0 345
 55 -3 -2 27
 5 -2 2 76
 55 1 1 301
 55 2 -1 59
 55 2 1 32
 55 -2 3 78
 55 0 1 148
 55 -3 -1 226
 55 -1 1 321
 55 -1 2 318
 55 -1 3 41
 55 0 -1 117
 55 -4 -1 165
 55 -3 3 40
 55 0 -4 240
 "contig-ratio-green-core" 0.7619047619047619
 "contig-ratio-red-core" 0.75
 "a-count" 3
 "b-count" 5
 "c-color-count" 23
 "c-express-count" 23
 "d-color-count" 26
 "d-express-count" 25
 "cell-count" 56
 15 0 1 124
 15 -2 1 240
 15 -3 -1 205
 15 -1 2 243
 15 -2 -1 201
 15 -2 2 54
 15 -1 -3 218
 15 -3 1 286
 15 3 2 51
 15 -1 1 57
 15 0 -3 160
 15 -1 3 275
 15 -2 -3 343
 15 0 2 234
 105 -4 1 280
 15 2 -3 307
 15 -3 0 96
 15 3 3 219
 105 1 -4 49
 15 -3 2 169
 15 4 0 56
 15 -4 -1 250
 15 2 4 110
 15 2 -2 6
 15 1 -2 135
 15 -1 4 0
 15 -2 0 39
 15 -1 -4 290
 5 4 -1 30
 55 2 2 330
 55 1 2 70
 5 1 -3 153
 55 0 -2 126
 55 2 1 42
 55 -1 -1 202
 55 1 1 101
 5 0 -4 217
 55 3 -1 287
 55 -3 -3 32
 55 2 -1 268
 55 -3 3 82
 55 -2 4 65
 55 1 -1 220
 5 3 -3 49
 55 3 1 247
 55 -2 -2 157
 55 -1 0 196
 55 1 4 108
 55 2 3 72
 55 1 0 218
 55 -4 3 40
 55 0 -1 334
 55 -2 3 102
 55 0 0 39
 55 4 1 317
 5 3 0 302
 "contig-ratio-green-core" 0.8235294117647058
 "contig-ratio-red-core" 0.8
 "a-count" 5
 "b-count" 4
 "c-color-count" 24
 "c-express-count" 24
 "d-color-count" 23
 "d-express-count" 23
 "cell-count" 56
 105 0 3 150
 15 -1 3 128
 15 4 0 207
 15 3 -3 279
 15 0 4 92
 15 -1 -3 23
 15 -3 0 196
 15 -1 -4 244
 15 1 2 32
 15 0 2 284
 15 2 1 340
 105 0 -4 105
 15 1 3 147
 15 3 1 64
 15 1 4 251
 15 -1 2 206
 15 1 -4 81
 15 2 -3 10
 15 3 0 116
 105 2 2 342
 15 0 -3 167
 15 -3 1 146
 15 -2 -3 101
 105 -3 2 110
 15 -4 0 100
 105 -4 1 187
 15 2 3 9
 15 1 -3 11
 55 1 -1 98
 55 0 -2 95
 5 -2 3 186
 55 -2 0 116
 55 0 0 55
 55 0 -1 194
 55 2 -1 106
 55 -3 -1 209
 55 1 0 166
 55 0 1 245
 55 3 2 65
 55 2 -2 80
 5 3 3 264
 55 -1 -2 172
 55 -3 -2 147
 55 1 1 234
 55 -1 4 332
 55 -1 1 205
 5 4 -1 127
 55 -2 -1 209
 55 -2 -2 176
 55 3 -2 47
 55 -2 1 296
 55 2 0 49
 55 4 1 224
 5 -4 -1 158
 55 -2 2 57
 55 -3 -3 64
 "contig-ratio-green-core" 0.6470588235294118
 "contig-ratio-red-core" 0.7619047619047619
