 "a-count" 6
 "b-count" 5
 "c-color-count" 24
 "c-express-count" 23
 "d-color-count" 22
 "d-express-count" 22
 "cell-count" 56
 15 -4 0 129
 15 1 4 215
 105 -4 -1 263
 15 0 4 249
 15 -1 4 220
 15 1 -3 336
 15 -2 2 74
 105 -1 3 294
 15 1 -2 212
 15 3 1 247
 105 0 -4 268
 15 -1 -4 254
 15 1 3 233
 15 2 3 347
 105 3 -1 115
 15 0 3 11
 15 -1 -3 68
 15 -1 2 199
 15 0 -3 204
 105 3 -2 150
 15 3 0 259
 105 4 -1 84
 15 2 -2 341
 15 -2 3 23
 15 2 2 10
 15 4 0 251
 15 -3 -3 266
 15 -2 -3 213
 55 0 2 242
 55 0 1 67
 5 4 1 162
 55 1 -1 333
 55 0 -1 294
 55 1 0 112
 55 -2 -1 286
 55 -3 -2 188
 55 2 -1 109
 55 -3 0 324
 55 -1 1 283
 55 -1 -1 158
 55 1 1 20
 55 -3 -1 21
 55 -2 -2 271
 55 1 -4 8
 55 0 -2 224
 5 -2 0 329
 55 0 0 358
 55 2 1 53
 55 1 2 278
 5 -4 1 143
 55 -2 1 112
 5 -3 3 242
 55 3 -3 50
 55 -1 -2 229
 55 -3 1 133
 55 2 0 249
 "contig-ratio-green-core" 0.875
 "contig-ratio-red-core" 0.6
 "a-count" 7
 "b-count" 2
 "c-color-count" 26
 "c-express-count" 26
 "d-color-count" 23
 "d-express-count" 21
 "cell-count" 56
 105 1 -3 318
 15 -1 -3 279
 15 0 2 29
 15 2 -2 262
 15 -3 3 218
 15 -2 2 252
 105 0 4 227
 105 1 4 184
 15 0 -2 134
 15 2 1 32
 15 3 2 308
 15 -2 -1 186
 105 0 -3 30
 15 -1 4 68
 15 2 -1 134
 15 2 0 198
 15 -3 -1 280
 15 -1 3 338
 15 2 3 304
 15 0 -4 274
 15 1 1 287
 15 -1 -4 93
 15 1 -2 117
 105 -3 -3 143
 15 -1 2 226
 15 1 2 109
 15 1 3 306
 15 -2 3 254
 55 1 -1 115
 55 2 -3 114
 55 4 1 124
 55 -3 1 246
 55 4 2 65
 55 1 0 119
 55 3 1 94
 55 0 0 100
 55 3 -3 355
 55 -2 -3 279
 55 -2 -4 84
 55 -2 1 251
 55 -2 -2 152
 55 -1 -2 294
 55 3 -2 177
 55 1 -4 173
 55 -3 0 205
 55 0 1 71
 55 -1 0 136
 55 -3 2 24
 5 4 0 237
 5 -4 0 334
 55 0 -1 128
 55 -1 1 99
 55 -2 0 167
 55 -1 -1 5
 55 -4 1 312
 55 -4 -1 252
 "contig-ratio-green-core" 0.7619047619047619
 "contig-ratio-red-core" 1
 "a-count" 7
 "b-count" 7
 "c-color-count" 22
 "c-express-count" 21
 "d-color-count" 21
 "d-express-count" 21
 "cell-count" 56
 105 4 -1 323
 15 0 3 332
 15 1 -3 330
 105 3 -2 250
 15 1 0 310
 15 3 2 262
 15 1 1 149
 15 0 4 313
 15 1 -2 213
 15 -2 2 151
 15 -1 3 140
 15 3 0 60
 15 1 -1 239
 15 -3 -1 323
 105 3 3 182
 15 -2 -2 143
 15 2 -1 345
 105 1 -4 108
 15 -2 3 116
 15 2 0 204
 15 3 1 279
 105 3 -1 61
 105 -1 4 248
 105 -4 -1 309
 15 2 1 103
 15 -2 -3 341
 15 -2 1 28
 15 2 2 211
 5 3 -3 293
 55 0 1 190
 55 0 -2 184
 55 -1 -1 224
 55 2 3 161
 55 1 2 106
 5 -3 2 305
 55 0 2 347
 55 -2 -1 21
 55 -1 2 77
 55 1 3 152
 55 -3 -2 133
 55 -1 -3 254
 5 -3 -3 47
 5 1 4 259
 55 -3 0 71
 55 -4 0 80
 5 -3 1 297
 55 2 -3 206
 55 0 -4 97
 55 4 0 350
 55 -2 0 166
 55 0 -3 160
 5 -4 1 61
 55 -1 -4 111
 55 -1 0 326
 55 0 0 73
 55 0 -1 117
 "contig-ratio-green-core" 0.631578947368421
 "contig-ratio-red-core" 0.875
 "a-count" 8
 "b-count" 7
 "c-color-count" 22
 "c-express-count" 21
 "d-color-count" 20
 "d-express-count" 20
 "cell-count" 56
 15 -1 3 21
 15 2 1 59
 15 1 1 1
 15 -1 1 59
 105 -2 3 219
 15 -3 -1 98
 105 -1 -4 270
 15 3 2 343
 15 2 0 93
 15 2 -1 156
 15 -1 0 246
 15 0 -4 239
 105 3 -1 333
 15 3 1 31
 15 -1 2 311
 105 -2 -2 329
 105 -4 0 116
 105 -4 1 18
 15 1 -1 70
 105 3 0 119
 15 0 1 309
 15 -2 -1 11
 15 0 -1 239
 15 -1 -1 299
 15 0 0 357
 15 1 0 165
 15 -2 2 157
 105 -2 -3 278
 55 -3 1 255
 55 -1 -3 290
 5 -3 2 17
 55 1 2 134
 5 4 1 349
 55 2 2 115
 5 1 -2 284
 55 2 -3 1
 55 1 3 346
 55 2 -2 308
 55 -2 1 180
 55 0 -3 143
 55 1 -4 3
 5 4 0 173
 55 -1 4 46
 55 0 2 156
 55 -2 0 176
 55 1 -3 175
 5 3 -3 44
 55 -3 0 82
 55 3 3 354
 55 1 4 160
 55 -1 -2 182
 55 0 3 51
 5 -3 3 303
 55 0 4 262
 55 0 -2 255
 55 2 3 136
 "contig-ratio-green-core" 0.75
 "contig-ratio-red-core" 0.8235294117647058
