 "a-count" 7
 "b-count" 8
 "c-color-count" 21
 "c-express-count" 20
 "d-color-count" 21
 "d-express-count" 21
 "cell-count" 56
 15 3 2 182
 15 -3 -2 167
 15 1 -1 307
 105 -4 1 46
 15 -2 3 287
 105 1 -3 56
 105 -1 -3 68
 15 1 3 118
 105 -4 0 2
 15 1 -2 184
 15 -2 -3 277
 15 -1 3 209
 15 3 1 38
 105 -4 -1 249
 15 1 4 83
 15 -2 2 284
 15 -1 -2 187
 15 1 2 8
 15 2 -2 52
 15 3 0 155
 15 0 3 161
 15 0 -2 231
 15 0 2 164
 15 -1 2 88
 105 0 -3 156
 15 -2 4 150
 105 -3 -3 296
 15 -2 -2 78
 55 1 0 241
 55 -3 3 281
 55 0 -4 258
 55 -1 -1 27
 55 -2 0 270
 55 -3 -1 310
 55 4 1 113
 55 0 0 350
 55 -1 0 8
 5 3 -1 223
 55 0 -1 184
 5 3 3 5
 5 -1 -4 338
 55 -2 1 120
 5 4 0 232
 55 -3 0 200
 55 -3 1 121
 55 -3 2 6
 5 2 -3 313
 55 -4 -2 166
 55 2 1 76
 55 -1 4 188
 55 0 1 289
 55 3 -3 230
 55 1 1 25
 5 3 -2 316
 5 4 -1 184
 55 0 4 53
 "contig-ratio-green-core" 0.7222222222222222
 "contig-ratio-red-core" 0.631578947368421
 "a-count" 8
 "b-count" 6
 "c-color-count" 23
 "c-express-count" 22
 "d-color-count" 22
 "d-express-count" 20
 "cell-count" 56
 15 1 -4 286
 105 4 -1 307
 15 -2 -2 334
 15 -1 1 41
 15 0 -3 142
 105 0 3 186
 15 3 0 326
 15 -1 2 337
 15 -3 2 311
 15 -4 -1 129
 15 3 1 309
 15 -3 -2 19
 15 3 -2 99
 15 -2 1 284
 15 2 2 301
 15 3 -3 90
 105 4 0 339
 105 -3 -3 45
 15 -1 -4 69
 15 2 3 220
 15 3 -1 40
 15 4 -2 260
 15 -1 3 318
 105 0 4 336
 15 -2 4 63
 15 -1 -2 75
 105 1 4 28
 15 4 1 59
 55 -2 -1 190
 55 1 1 194
 55 0 -1 31
 55 -3 0 200
 55 0 1 106
 55 0 0 261
 55 -2 -3 218
 55 1 -3 357
 5 -4 1 98
 55 -1 -1 280
 5 1 -1 22
 55 1 0 220
 55 2 1 140
 55 -2 3 26
 55 0 2 123
 55 -2 0 120
 55 1 2 22
 55 1 -2 50
 55 -1 0 329
 5 -1 -3 92
 5 -4 0 110
 55 0 -2 33
 55 3 3 308
 55 2 -2 212
 55 2 -1 195
 55 2 -3 280
 55 2 0 195
 5 -2 2 245
 "contig-ratio-green-core" 0.9375
 "contig-ratio-red-core" 0.9285714285714286
 "a-count" 9
 "b-count" 6
 "c-color-count" 22
 "c-express-count" 22
 "d-color-count" 19
 "d-express-count" 19
 "cell-count" 56
 105 -1 4 41
 15 -2 2 229
 15 -1 -3 55
 15 1 -2 317
 15 0 2 92
 15 -1 2 234
 15 3 1 314
 105 -1 -4 8
 15 1 3 273
 105 4 1 28
 105 2 -3 198
 15 3 0 303
 105 1 4 26
 105 2 -2 13
 15 3 -3 233
 15 1 -3 103
 15 -3 1 160
 105 0 4 164
 105 0 -4 223
 15 -3 2 25
 15 0 3 55
 15 3 -1 182
 15 0 -2 275
 105 3 3 74
 15 -1 -2 273
 15 0 -3 66
 15 1 2 75
 15 3 -2 126
 5 1 -4 164
 55 -1 3 352
 55 2 -1 88
 5 -3 0 161
 55 -2 1 3
 55 2 1 67
 55 -2 -3 40
 55 -1 0 62
 55 2 2 309
 55 0 1 339
 55 1 -1 96
 55 0 0 319
 55 -1 -1 138
 55 3 2 343
 5 -3 -2 196
 55 -2 -2 155
 5 -4 0 348
 55 1 0 0
 55 2 0 141
 55 0 -1 128
 5 -2 3 226
 5 4 -1 281
 55 2 3 63
 55 -2 0 359
 55 -1 1 108
 55 1 1 65
 55 -2 -1 196
 55 -3 -3 111
 "contig-ratio-green-core" 0.7777777777777778
 "contig-ratio-red-core" 0.9285714285714286
 "a-count" 11
 "b-count" 4
 "c-color-count" 25
 "c-express-count" 24
 "d-color-count" 17
 "d-express-count" 17
 "cell-count" 56
 105 1 4 186
 105 -4 0 217
 105 -4 -1 219
 15 -3 1 82
 15 3 -1 108
 105 -2 -3 46
 105 4 0 180
 15 -1 3 154
 105 3 3 197
 15 3 2 258
 15 1 -2 134
 105 1 -4 167
 15 -1 -3 183
 105 4 1 56
 15 3 0 69
 15 -1 -4 123
 15 0 3 142
 15 1 3 252
 105 2 3 299
 105 0 4 232
 15 0 -3 359
 15 3 1 228
 15 2 -2 164
 15 -2 -2 151
 105 2 -3 21
 15 -1 4 211
 15 2 -1 206
 15 -3 0 159
 55 0 1 202
 55 0 0 21
 55 0 2 124
 55 -2 0 246
 55 -1 -2 340
 5 -3 -2 266
 55 -3 2 342
 55 -2 1 102
 55 2 2 194
 55 -2 2 296
 55 0 -1 64
 55 -1 0 42
 55 0 -2 249
 55 3 -2 235
 55 -1 2 74
 55 -1 1 88
 55 2 1 315
 55 1 -1 221
 55 0 -4 338
 55 1 0 276
 55 -2 3 1
 55 1 2 90
 5 -4 1 202
 55 1 1 132
 55 -2 -1 212
 55 2 0 52
 5 -3 3 21
 55 -1 -1 334
 "contig-ratio-green-core" 0.9285714285714286
 "contig-ratio-red-core" 0.9375
