 "a-count" 9
 "b-count" 5
 "c-color-count" 24
 "c-express-count" 23
 "d-color-count" 21
 "d-express-count" 19
 "cell-count" 56
 15 -2 -2 275
 15 1 -1 53
 15 4 0 62
 15 0 -1 123
 105 -4 0 104
 105 4 -2 167
 15 -2 -1 195
 105 -4 1 199
 105 -3 3 153
 15 -1 4 354
 15 3 0 134
 15 2 1 131
 15 -3 1 320
 105 3 -3 350
 105 4 1 69
 15 3 2 236
 15 1 -2 210
 15 -2 2 130
 105 1 4 73
 15 -1 -1 335
 15 2 2 105
 15 -3 -3 349
 15 2 -3 125
 15 0 -2 326
 15 2 -2 228
 15 -3 0 224
 15 -1 -2 295
 15 -1 3 273
 55 0 3 145
 55 -1 1 62
 5 -3 -2 99
 55 1 1 313
 5 -4 -1 346
 55 0 1 117
 55 0 2 96
 55 -1 2 141
 55 0 0 287
 55 -2 1 288
 55 -2 -3 44
 55 1 3 65
 55 2 -1 165
 55 1 -3 317
 5 0 4 173
 55 -1 -3 333
 55 2 0 126
 55 1 0 232
 55 3 -2 115
 55 -1 -4 120
 55 3 -1 127
 5 4 -1 138
 55 0 -4 237
 55 -3 2 75
 55 -2 0 347
 55 1 2 122
 55 1 -4 305
 55 0 -3 354
 "contig-ratio-green-core" 0.8095238095238095
 "contig-ratio-red-core" 0.8947368421052632
 "a-count" 9
 "b-count" 4
 "c-color-count" 24
 "c-express-count" 24
 "d-color-count" 20
 "d-express-count" 19
 "cell-count" 56
 15 -2 1 349
 15 -2 2 312
 15 3 3 108
 105 -3 2 306
 15 2 3 300
 15 -4 0 123
 15 1 3 17
 15 3 1 64
 105 -3 3 159
 15 2 -1 3
 15 -3 1 237
 15 0 -3 279
 105 -4 1 66
 15 -4 -1 90
 15 0 4 293
 15 1 -2 318
 105 4 1 214
 15 3 -1 75
 15 -1 -3 90
 15 1 -1 5
 105 1 -3 35
 105 4 -1 304
 15 3 -2 144
 15 3 0 279
 105 2 -3 125
 15 0 3 112
 105 3 -3 139
 15 1 -4 215
 55 -3 -1 327
 55 -1 0 319
 55 -1 -4 305
 55 -2 -2 110
 55 -1 2 348
 55 0 1 122
 5 -1 4 190
 5 -3 -2 209
 55 0 -2 284
 55 2 2 227
 55 -2 -1 9
 55 0 0 273
 55 2 1 130
 55 -2 -3 347
 55 -1 -2 154
 55 -2 0 328
 55 1 2 66
 5 -3 -3 137
 55 -1 1 60
 55 -3 0 61
 55 0 -1 357
 55 1 0 35
 55 -1 3 259
 55 0 2 44
 55 3 2 103
 55 1 1 134
 5 1 4 232
 55 -1 -1 228
 "contig-ratio-green-core" 0.9333333333333333
 "contig-ratio-red-core" 1.2727272727272727
 "a-count" 9
 "b-count" 2
 "c-color-count" 26
 "c-express-count" 26
 "d-color-count" 19
 "d-express-count" 19
 "cell-count" 56
 15 1 3 42
 105 3 -2 258
 105 2 3 318
 15 1 2 10
 105 -4 0 96
 15 -3 0 160
 15 2 2 264
 15 4 1 85
 15 -1 3 262
 15 3 -1 24
 15 2 -3 199
 15 -1 2 207
 15 0 3 185
 105 -3 3 199
 15 -3 1 288
 105 -4 -1 339
 15 2 -2 244
 15 -3 -2 155
 15 -1 4 257
 15 4 0 50
 15 1 -3 316
 105 4 -1 243
 15 -3 -1 290
 105 3 3 122
 105 -1 -4 249
 15 0 -4 199
 105 0 4 174
 15 2 -1 40
 55 1 -2 119
 55 -2 -2 278
 55 -2 2 353
 55 -2 1 15
 55 -1 -3 248
 55 3 0 290
 55 -2 -1 0
 55 -1 1 46
 55 2 1 121
 55 -1 0 336
 55 0 -1 350
 55 -2 3 319
 55 1 1 38
 55 0 0 96
 5 -3 -3 327
 55 0 -3 18
 55 -1 -1 299
 55 0 1 1
 55 -2 -3 17
 55 -3 2 127
 55 0 -2 254
 55 1 0 349
 55 3 1 66
 55 3 -3 152
 5 -4 1 231
 55 -2 0 315
 55 2 0 197
 55 1 -1 252
 "contig-ratio-green-core" 0.7368421052631579
 "contig-ratio-red-core" 0.9444444444444444
 "a-count" 8
 "b-count" 5
 "c-color-count" 24
 "c-express-count" 23
 "d-color-count" 22
 "d-express-count" 20
 "cell-count" 56
 15 -1 -2 247
 15 4 -1 150
 15 2 2 40
 15 2 3 93
 105 3 3 179
 15 2 -3 247
 15 -3 0 78
 15 -2 1 17
 15 0 3 44
 15 3 0 139
 15 1 -3 62
 15 -2 3 271
 15 3 1 280
 15 -4 -1 346
 15 -3 1 120
 105 1 3 256
 15 3 -1 91
 15 4 0 313
 15 3 2 311
 105 -3 -3 25
 15 0 -4 209
 105 4 1 234
 15 -1 3 133
 15 3 -2 71
 15 -2 2 66
 105 0 -3 65
 15 -1 2 188
 105 -2 -2 48
 5 4 -2 44
 55 1 -1 61
 55 1 -4 170
 55 0 1 150
 55 -3 3 81
 55 2 -2 299
 55 -1 -1 227
 55 -2 0 113
 55 0 2 33
 55 -3 2 80
 5 -2 -3 357
 55 1 2 43
 55 -2 -1 59
 55 0 -2 177
 55 -4 0 267
 55 1 0 75
 55 1 1 111
 55 -3 -1 174
 55 0 -1 272
 5 0 4 191
 55 -1 4 63
 55 0 0 297
 55 2 1 19
 55 2 0 306
 55 1 -2 177
 5 -4 1 230
 55 3 -3 259
 55 -1 0 316
 "contig-ratio-green-core" 0.8888888888888888
 "contig-ratio-red-core" 0.7894736842105263
