 "a-count" 12
 "b-count" 3
 "c-color-count" 27
 "c-express-count" 25
 "d-color-count" 16
 "d-express-count" 16
 "cell-count" 56
 15 0 4 179
 15 -4 -1 253
 15 1 4 111
 105 4 -1 137
 15 -4 0 264
 15 2 -2 75
 105 1 -3 147
 105 -2 3 352
 105 1 -4 109
 105 -3 2 197
 15 2 2 147
 105 2 -3 24
 105 3 3 73
 15 4 1 17
 105 3 -2 155
 15 -1 3 155
 15 -3 1 270
 15 4 0 258
 15 -1 -4 301
 15 -1 -3 205
 15 3 -1 332
 105 3 -3 312
 105 -2 2 57
 105 0 -4 323
 105 -2 -3 231
 15 -4 1 189
 15 2 -1 96
 15 -1 -2 159
 55 2 0 281
 55 0 2 4
 55 1 3 135
 55 0 -2 349
 55 3 1 198
 55 -1 0 335
 55 1 2 21
 55 2 1 310
 55 -2 -1 4
 55 -2 0 156
 55 0 -1 27
 55 -2 1 179
 55 1 -1 73
 55 -3 -1 283
 55 -1 2 313
 55 0 0 79
 5 -2 -2 163
 55 0 1 316
 55 -1 -1 4
 55 3 0 223
 55 3 2 164
 55 1 0 258
 55 1 -2 218
 55 -1 1 274
 55 -3 -2 282
 55 -3 0 187
 55 1 1 212
 55 0 3 11
 "contig-ratio-green-core" 0.7647058823529411
 "contig-ratio-red-core" 1
 "a-count" 10
 "b-count" 4
 "c-color-count" 25
 "c-express-count" 24
 "d-color-count" 20
 "d-express-count" 18
 "cell-count" 56
 15 -2 2 85
 15 -1 2 268
 15 0 -3 69
 15 3 -3 359
 105 -4 1 243
 15 4 -1 105
 105 -4 -1 115
 15 3 2 174
 15 -2 0 49
 15 -3 0 279
 15 -3 1 61
 15 -2 -2 286
 15 -3 -3 182
 15 2 -3 296
 105 3 3 345
 105 1 -4 0
 15 -1 -3 93
 105 2 -2 53
 105 3 0 196
 15 1 4 105
 105 -4 0 140
 105 -2 -1 354
 15 2 -1 81
 15 3 -1 156
 15 2 1 129
 15 4 2 176
 15 3 1 70
 15 2 2 64
 55 0 0 345
 55 0 -2 158
 55 2 0 237
 55 0 1 195
 55 1 1 315
 55 -2 -3 285
 55 -1 -2 44
 55 -1 3 52
 55 0 -1 150
 5 -2 3 172
 55 0 3 302
 55 3 -2 37
 55 -1 -1 49
 55 0 2 87
 55 1 -2 260
 5 -1 4 164
 55 1 0 82
 5 2 4 40
 55 -1 0 112
 55 4 0 263
 55 -3 2 249
 55 -1 1 41
 55 1 2 308
 55 1 -1 84
 55 2 3 296
 55 4 1 188
 55 0 4 339
 55 1 3 73
 "contig-ratio-green-core" 0.7058823529411765
 "contig-ratio-red-core" 0.9411764705882353
 "a-count" 7
 "b-count" 5
 "c-color-count" 23
 "c-express-count" 23
 "d-color-count" 22
 "d-express-count" 21
 "cell-count" 56
 105 2 -3 284
 15 4 1 170
 15 -3 1 313
 15 3 0 210
 15 3 1 210
 15 3 -1 225
 15 1 -3 338
 15 2 3 122
 15 0 -3 289
 15 -3 2 262
 15 -3 -1 153
 105 1 -4 228
 15 -1 4 233
 15 1 -2 237
 15 -2 3 2
 15 3 3 340
 15 -4 2 90
 105 2 2 130
 15 1 3 5
 15 -3 0 300
 15 2 1 27
 15 0 -4 177
 105 3 -2 188
 105 -4 1 111
 15 0 4 308
 15 -4 0 292
 15 4 0 65
 105 -3 3 155
 55 -2 -1 138
 5 -1 0 19
 55 0 1 343
 55 -1 2 233
 55 0 -2 164
 55 -3 -2 224
 55 -2 0 99
 55 0 3 46
 55 2 -1 323
 5 -2 -3 65
 55 2 0 71
 55 -1 -3 288
 55 0 2 47
 55 1 -1 208
 55 0 0 316
 5 -2 4 30
 55 -2 1 345
 55 1 1 132
 55 0 -1 329
 55 1 4 313
 55 -2 -2 165
 55 -1 -1 220
 55 -1 3 327
 55 -1 -2 120
 55 1 0 138
 5 -3 -3 26
 55 -2 2 322
 5 3 -3 309
 "contig-ratio-green-core" 0.8
 "contig-ratio-red-core" 0.65
 "a-count" 10
 "b-count" 2
 "c-color-count" 26
 "c-express-count" 26
 "d-color-count" 19
 "d-express-count" 18
 "cell-count" 56
 15 2 2 73
 15 -2 -1 349
 15 -3 0 323
 15 -2 0 153
 105 0 -4 245
 15 2 1 53
 15 -3 3 324
 15 -3 2 350
 15 -2 -2 216
 15 3 0 330
 15 -2 1 225
 15 3 -1 99
 105 -1 -3 244
 105 -1 -4 9
 15 1 -4 58
 15 1 -3 63
 15 3 1 97
 105 -1 4 314
 105 0 -3 279
 15 -4 0 337
 15 -3 1 304
 105 3 3 126
 105 3 -2 12
 15 -3 -1 155
 15 4 -1 147
 15 4 1 256
 105 4 0 281
 105 -2 -3 160
 55 -1 2 173
 55 0 1 243
 55 2 0 190
 55 0 3 221
 55 1 1 246
 55 -2 3 195
 55 -1 1 336
 55 2 -3 126
 55 2 3 170
 55 -1 -2 302
 55 0 2 121
 55 0 0 67
 55 0 -1 72
 55 -1 0 321
 55 2 -2 144
 55 -3 -3 73
 55 -1 3 73
 55 2 -1 271
 55 1 3 357
 55 0 -2 225
 55 1 -1 152
 5 -3 -2 107
 55 1 -2 345
 55 -1 -1 323
 55 1 0 336
 5 -4 1 186
 55 1 2 84
 55 -2 2 359
 "contig-ratio-green-core" 0.5789473684210527
 "contig-ratio-red-core" 0.75
