 "a-count" 12
 "b-count" 4
 "c-color-count" 24
 "c-express-count" 24
 "d-color-count" 17
 "d-express-count" 16
 "cell-count" 56
 15 -1 -3 166
 15 0 -4 214
 105 -4 1 316
 15 -2 1 161
 105 -3 2 285
 105 3 0 230
 15 2 -2 75
 105 2 -3 157
 15 -2 0 66
 15 0 4 341
 15 1 4 151
 15 -3 -2 96
 105 4 -1 31
 105 -4 -1 176
 15 -1 3 113
 105 -3 -1 278
 15 3 2 228
 15 -1 -4 311
 105 4 0 162
 15 3 1 172
 15 2 1 136
 105 -2 2 12
 15 3 -1 321
 15 0 -3 95
 15 -4 0 350
 105 3 -2 173
 15 2 2 318
 105 1 -3 73
 55 0 2 337
 55 1 -1 206
 55 0 -1 54
 55 -2 -1 55
 55 1 0 242
 55 -2 -3 172
 55 1 1 159
 5 -2 3 181
 55 2 -1 235
 55 -1 1 133
 55 -1 -2 350
 55 2 3 266
 55 -2 -2 297
 5 3 -3 246
 55 1 -2 199
 5 -3 3 46
 55 -1 2 356
 55 -1 -1 173
 55 -1 0 19
 55 1 2 113
 55 1 3 116
 55 0 3 319
 55 2 4 265
 55 0 0 160
 55 0 1 261
 55 0 -2 295
 55 2 0 282
 5 -3 1 109
 "contig-ratio-green-core" 0.7058823529411765
 "contig-ratio-red-core" 1.0714285714285714
 "a-count" 9
 "b-count" 4
 "c-color-count" 24
 "c-express-count" 24
 "d-color-count" 20
 "d-express-count" 19
 "cell-count" 56
 15 0 3 85
 105 2 -2 28
 15 4 1 171
 105 -1 4 107
 15 1 3 239
 105 2 -3 196
 15 3 -2 262
 105 -4 1 339
 15 -2 1 276
 15 3 0 54
 105 -2 2 95
 15 -3 1 318
 15 -1 2 260
 15 3 1 5
 105 -3 -3 26
 15 3 -1 235
 105 -3 3 357
 15 0 2 56
 15 0 -3 192
 15 -2 3 167
 15 -3 -2 108
 15 -1 3 37
 15 -1 -3 259
 15 1 -3 225
 105 -3 2 125
 15 1 2 80
 15 3 2 184
 15 -2 -3 323
 55 -1 0 78
 55 2 -1 233
 55 0 -1 154
 55 4 -1 354
 55 0 0 141
 55 1 4 296
 55 2 1 57
 5 1 -4 5
 55 -1 1 215
 55 1 -1 287
 55 1 1 359
 55 1 -2 288
 55 2 3 295
 55 -4 0 193
 55 0 1 221
 55 2 0 81
 55 3 3 196
 55 -2 -1 42
 55 0 -2 307
 55 -2 0 177
 55 -3 -1 247
 5 -4 -1 237
 55 1 0 248
 55 -1 -1 284
 55 -2 -2 322
 5 0 4 336
 5 -1 -4 84
 55 -3 0 91
 "contig-ratio-green-core" 0.8235294117647058
 "contig-ratio-red-core" 0.8461538461538461
 "a-count" 12
 "b-count" 3
 "c-color-count" 26
 "c-express-count" 25
 "d-color-count" 16
 "d-express-count" 16
 "cell-count" 56
 15 3 2 9
 105 2 -2 127
 105 -4 1 105
 105 -4 -1 5
 15 -1 -2 267
 15 0 -3 344
 15 4 1 242
 15 4 0 101
 15 3 -1 262
 105 1 -3 229
 105 4 2 19
 15 -1 4 295
 105 1 4 263
 15 -2 -2 332
 15 2 2 107
 105 -3 -2 197
 105 3 3 195
 15 0 -4 72
 15 0 4 145
 15 -3 1 15
 105 1 -4 3
 15 -2 4 312
 105 4 -1 2
 15 -3 0 26
 15 1 2 296
 105 -2 -3 184
 15 1 3 343
 105 3 -2 316
 55 -2 1 333
 55 1 -2 20
 55 -2 2 129
 55 0 -2 108
 55 1 0 81
 55 2 0 68
 55 1 1 33
 55 3 1 40
 55 -1 0 173
 55 -1 1 106
 55 -1 -1 42
 55 2 3 301
 55 -3 2 241
 55 -2 3 288
 55 2 1 217
 55 -1 3 68
 55 -2 -1 334
 55 0 -1 73
 55 -2 0 219
 55 0 2 9
 5 2 -3 139
 55 -3 3 248
 55 2 -1 171
 55 -1 2 204
 55 3 0 353
 55 0 3 162
 5 0 0 111
 55 1 -1 224
 "contig-ratio-green-core" 0.8333333333333334
 "contig-ratio-red-core" 1.2
 "a-count" 10
 "b-count" 2
 "c-color-count" 27
 "c-express-count" 26
 "d-color-count" 19
 "d-express-count" 18
 "cell-count" 56
 105 3 -1 269
 105 -4 -1 54
 15 -1 1 52
 15 -2 -1 285
 15 3 2 221
 15 -1 3 258
 15 2 3 329
 15 -1 0 282
 15 -2 1 110
 105 3 -3 195
 15 -1 -2 351
 15 -2 0 187
 15 0 3 145
 15 3 1 113
 105 0 4 174
 105 -1 -4 206
 15 -1 -1 262
 15 -2 -2 55
 15 1 3 31
 15 2 -3 134
 105 -2 3 202
 105 4 1 112
 15 3 0 302
 15 -3 -3 132
 105 3 -2 279
 15 2 -2 130
 15 4 -1 206
 105 3 3 326
 55 -2 -3 256
 55 1 1 287
 55 0 -1 43
 55 -3 3 210
 55 1 2 40
 55 2 2 233
 55 -3 0 153
 55 1 -1 225
 55 -4 1 167
 55 1 -2 203
 55 -3 -1 195
 55 1 -3 82
 55 2 0 285
 5 1 0 336
 55 0 -3 146
 55 -1 -3 288
 55 0 2 16
 55 -1 4 102
 55 0 -4 279
 55 2 -1 73
 55 2 1 301
 55 -3 2 181
 55 0 0 197
 55 -3 -2 235
 55 0 1 81
 55 -4 0 265
 55 -3 1 115
 55 0 -2 238
 "contig-ratio-green-core" 0.8
 "contig-ratio-red-core" 1.1538461538461537
