 "a-count" 7
 "b-count" 4
 "c-color-count" 24
 "c-express-count" 24
 "d-color-count" 21
 "d-express-count" 21
 "cell-count" 56
 15 3 1 2
 15 2 3 249
 15 -3 2 285
 15 2 -2 15
 15 0 4 185
 15 3 0 168
 105 -4 -1 28
 15 3 3 60
 15 -1 3 240
 15 -1 4 255
 105 1 -3 130
 15 -2 -2 158
 15 4 1 155
 15 -3 -3 300
 15 -3 -1 150
 15 3 -2 300
 15 3 -1 326
 15 -1 -3 194
 15 -3 0 286
 15 3 2 276
 105 -4 0 103
 15 0 3 160
 15 0 -3 148
 105 -3 -2 181
 105 1 4 36
 105 -2 -3 14
 15 1 3 164
 105 -3 3 317
 55 -1 1 4
 55 2 2 259
 55 -2 2 14
 55 0 -2 319
 55 2 1 178
 55 -2 0 53
 55 -2 1 284
 55 1 2 338
 55 2 -1 266
 55 1 -2 238
 55 -2 3 122
 55 -2 -1 329
 5 4 0 312
 55 0 0 246
 55 0 1 66
 55 0 -1 229
 55 0 2 330
 55 -1 -1 138
 55 -1 2 234
 55 1 1 182
 55 2 0 211
 55 -1 0 112
 5 4 -1 248
 55 1 -1 94
 5 -4 1 141
 55 -1 -2 118
 5 0 -4 82
 55 1 0 180
 "contig-ratio-green-core" 1
 "contig-ratio-red-core" 0.7333333333333333
 "a-count" 8
 "b-count" 7
 "c-color-count" 22
 "c-express-count" 21
 "d-color-count" 20
 "d-express-count" 20
 "cell-count" 56
 15 1 4 156
 15 -3 -1 78
 15 0 -3 321
 15 -1 -3 198
 15 2 -1 126
 15 3 1 161
 15 3 2 191
 15 2 0 94
 15 -2 2 228
 15 -2 -2 195
 15 0 -2 114
 15 0 3 60
 15 3 -1 278
 15 -2 1 190
 105 3 -2 198
 15 -3 0 72
 105 -1 -4 190
 105 4 1 75
 105 -1 4 174
 105 3 -3 212
 105 -3 3 38
 105 2 3 298
 15 -1 -2 195
 15 1 3 108
 15 3 0 149
 15 -4 0 296
 15 0 -4 137
 105 -4 -1 282
 55 2 1 106
 55 0 2 211
 55 0 -1 57
 5 -3 -3 86
 55 -4 1 82
 55 -1 0 151
 55 1 -2 44
 55 0 1 113
 55 1 2 169
 55 -1 1 44
 55 1 -3 130
 55 -2 -1 300
 55 1 0 193
 55 3 3 245
 55 -1 2 93
 5 2 -3 206
 55 2 2 261
 5 4 0 21
 55 -2 0 264
 55 1 -1 97
 55 -3 2 303
 55 1 1 198
 5 2 -2 290
 55 -1 3 318
 5 4 -1 45
 5 -3 1 278
 55 -1 -1 100
 55 0 0 271
 "contig-ratio-green-core" 0.8823529411764706
 "contig-ratio-red-core" 0.9
 "a-count" 13
 "b-count" 6
 "c-color-count" 23
 "c-express-count" 22
 "d-color-count" 16
 "d-express-count" 15
 "cell-count" 56
 15 -2 2 341
 15 -3 -1 189
 105 -2 3 250
 15 3 0 298
 15 3 2 21
 105 1 -3 63
 15 2 -1 298
 15 1 3 100
 105 -2 -3 238
 105 -3 0 187
 105 0 4 231
 105 2 -3 117
 105 1 -4 252
 15 -1 4 238
 105 3 -2 268
 15 -2 1 66
 15 1 -2 303
 105 -4 0 141
 15 0 3 208
 15 0 -3 6
 15 4 0 322
 105 -4 1 292
 15 -3 2 268
 15 -4 -1 206
 15 -1 -3 319
 15 1 -1 130
 105 4 -1 260
 105 0 -4 314
 55 2 0 75
 55 2 2 2
 55 -2 0 291
 55 -3 -2 73
 55 -1 2 70
 55 -1 1 38
 5 3 -1 225
 55 -1 3 94
 5 3 3 284
 5 4 1 296
 55 0 2 251
 55 1 2 119
 55 0 -2 306
 55 1 1 187
 5 -3 -3 324
 55 -2 -2 348
 55 0 -1 167
 55 0 1 256
 55 -1 -1 291
 55 0 0 320
 55 -1 -4 136
 55 -2 -1 140
 55 2 1 47
 55 -1 0 250
 5 2 3 240
 55 1 0 281
 55 -1 -2 48
 55 3 1 70
 "contig-ratio-green-core" 0.8666666666666667
 "contig-ratio-red-core" 1
