 "a-count" 6
 "b-count" 7
 "c-color-count" 22
 "c-express-count" 21
 "d-color-count" 22
 "d-express-count" 22
 "cell-count" 56
 15 4 0 237
 15 -3 -1 114
 15 -2 -3 231
 15 2 2 277
 15 0 3 335
 15 -2 -1 45
 15 -3 0 73
 15 2 -2 351
 15 -1 -2 352
 15 -1 3 8
 105 3 -3 140
 15 2 1 340
 105 -2 3 193
 15 3 1 78
 105 3 2 9
 15 1 -4 247
 15 -4 0 265
 15 3 -2 148
 15 -3 1 133
 15 2 -3 275
 15 1 -2 294
 15 0 -2 291
 105 -1 -4 200
 15 -1 -3 207
 15 1 4 61
 105 3 3 335
 105 4 1 187
 15 -3 -2 220
 5 2 3 276
 55 1 3 180
 55 1 -1 98
 55 0 2 254
 55 -2 0 118
 55 -1 0 183
 55 1 1 146
 55 -1 -1 26
 55 -1 4 11
 5 -4 -1 346
 55 0 0 176
 55 3 0 140
 55 1 2 91
 5 4 -1 22
 55 0 -4 93
 55 2 0 259
 5 1 -3 154
 55 -2 1 263
 55 0 -1 108
 55 0 1 153
 55 2 -1 243
 5 5 -1 72
 55 -3 -3 223
 55 3 -1 162
 55 -1 2 254
 55 1 0 36
 5 0 -3 342
 55 -1 1 217
 "contig-ratio-green-core" 1.0666666666666667
 "contig-ratio-red-core" 0.7058823529411765
 "a-count" 9
 "b-count" 3
 "c-color-count" 25
 "c-express-count" 25
 "d-color-count" 19
 "d-express-count" 19
 "cell-count" 56
 15 0 4 110
 105 -3 0 149
 15 4 -1 358
 15 0 -1 108
 15 -3 -2 60
 15 -2 1 323
 15 -2 -1 323
 15 -4 1 347
 15 3 -1 62
 105 -4 0 304
 105 3 -2 79
 105 1 -3 307
 15 -2 0 197
 105 4 0 220
 15 -3 -1 93
 105 -4 2 10
 15 -2 -4 53
 15 -2 2 97
 15 -2 3 101
 105 -1 4 122
 15 -1 -1 323
 15 4 1 26
 15 -1 3 284
 15 3 0 73
 15 -3 1 250
 105 -3 2 74
 105 -3 3 202
 15 0 -4 310
 55 -1 0 58
 55 1 -2 206
 55 1 3 288
 55 2 -2 305
 55 0 3 102
 55 0 0 103
 55 2 2 66
 55 3 2 62
 55 1 4 198
 55 0 -3 324
 55 -2 -2 287
 55 0 2 163
 55 1 2 169
 55 -2 -3 72
 5 3 -3 261
 55 2 0 84
 55 2 1 118
 5 1 -4 8
 55 0 1 291
 55 -3 -3 249
 55 1 -1 254
 55 1 1 308
 55 2 -1 272
 55 -1 1 276
 55 1 0 1
 55 -1 2 253
 5 0 -2 263
 55 -1 -3 5
 "contig-ratio-green-core" 0.6842105263157895
 "contig-ratio-red-core" 0.7333333333333333
 "a-count" 13
 "b-count" 7
 "c-color-count" 22
 "c-express-count" 21
 "d-color-count" 17
 "d-express-count" 15
 "cell-count" 56
 15 0 -4 203
 15 4 1 353
 105 3 -3 283
 105 -2 3 87
 105 -4 0 319
 15 3 2 68
 15 -2 1 58
 15 -3 0 58
 105 -3 -2 28
 15 -3 -1 97
 15 3 -2 80
 15 -1 2 56
 15 -1 1 69
 15 -1 0 71
 105 -1 -3 8
 105 -3 3 11
 15 -2 -2 354
 105 3 3 48
 15 -2 2 335
 15 -1 3 132
 15 -3 2 278
 15 -2 -1 350
 105 -3 -3 112
 105 1 4 324
 105 -2 0 215
 105 2 3 196
 15 2 2 80
 15 -1 -1 110
 55 0 -2 39
 55 0 -3 156
 5 4 -1 140
 55 1 1 285
 55 3 0 176
 55 -3 1 300
 55 2 1 358
 55 3 -1 226
 5 1 0 285
 55 0 4 308
 55 0 2 90
 5 2 -3 151
 5 -1 -4 313
 5 1 -3 152
 55 -4 -1 313
 55 1 -1 220
 55 0 -1 192
 55 2 -1 244
 55 2 0 113
 55 -1 -2 350
 55 3 1 227
 55 1 -2 208
 55 1 3 248
 55 1 2 16
 55 0 3 199
 55 0 1 312
 55 0 0 172
 5 -2 -3 150
 "contig-ratio-green-core" 0.6875
 "contig-ratio-red-core" 0.9230769230769231
