 "a-count" 8
 "b-count" 2
 "c-color-count" 26
 "c-express-count" 26
 "d-color-count" 20
 "d-express-count" 20
 "cell-count" 56
 15 1 3 337
 15 -3 -1 107
 105 1 -4 162
 15 -1 -3 202
 15 2 2 170
 105 4 0 71
 15 -2 3 63
 15 1 4 314
 15 -1 -4 39
 15 3 2 261
 15 -3 -2 148
 15 4 -1 57
 15 0 3 200
 15 -3 2 144
 15 -2 -2 268
 15 3 -3 100
 105 -4 0 310
 105 2 -3 87
 15 3 1 32
 105 0 -4 244
 105 1 -3 229
 105 2 3 189
 15 1 2 319
 15 0 2 254
 15 -1 3 178
 105 4 1 5
 15 0 -3 61
 15 -2 -1 309
 55 2 1 36
 5 -3 3 12
 55 -2 0 144
 55 -2 -3 195
 55 -2 2 219
 55 -3 0 13
 55 0 0 279
 55 0 1 104
 55 0 -2 97
 55 -1 1 301
 55 1 -2 179
 55 -1 0 36
 5 -3 -3 89
 55 0 4 251
 55 2 -2 263
 55 -1 -1 125
 55 -1 1 62
 55 1 0 233
 55 -1 2 80
 55 2 -1 151
 55 3 3 233
 55 1 1 8
 55 -1 -2 131
 55 1 -1 104
 55 2 0 350
 55 -3 1 344
 55 -2 1 6
 55 0 -1 325
 "contig-ratio-green-core" 0.75
 "contig-ratio-red-core" 0.7647058823529411
 "a-count" 8
 "b-count" 8
 "c-color-count" 20
 "c-express-count" 20
 "d-color-count" 21
 "d-express-count" 20
 "cell-count" 56
 105 3 -3 127
 105 0 -2 184
 15 3 1 223
 15 2 -1 314
 15 -4 0 174
 15 -3 1 326
 15 -2 3 121
 105 2 -2 232
 15 1 -1 106
 15 -2 -4 4
 15 -2 1 210
 15 -2 0 162
 15 2 1 129
 15 -2 -1 353
 15 2 0 89
 105 -3 -3 57
 15 -4 1 320
 15 1 4 235
 15 -1 -2 290
 15 3 -2 102
 105 4 1 246
 15 -3 0 238
 15 0 -1 43
 105 -1 2 222
 15 0 4 304
 105 3 3 167
 15 -3 2 236
 15 3 2 162
 5 3 0 15
 55 0 3 88
 5 0 -4 2
 55 0 2 307
 5 -1 4 52
 55 1 0 214
 5 1 -3 231
 5 -2 2 82
 55 0 -3 75
 55 -1 -4 58
 55 0 0 322
 55 0 1 256
 5 2 -3 222
 55 1 2 132
 55 -2 -3 152
 55 -1 0 150
 55 -3 -1 67
 55 2 3 216
 55 -1 1 123
 55 -4 -1 233
 5 4 0 169
 55 -3 3 9
 55 -1 -3 188
 55 -3 -2 332
 5 1 3 246
 55 1 1 256
 55 -2 -2 330
 55 2 2 173
 "contig-ratio-green-core" 0.7647058823529411
 "contig-ratio-red-core" 0.7333333333333333
 "a-count" 7
 "b-count" 5
 "c-color-count" 23
 "c-express-count" 23
 "d-color-count" 22
 "d-express-count" 21
 "cell-count" 56
 15 -3 0 258
 15 -1 -3 25
 15 -4 0 279
 15 -1 3 185
 105 -2 -1 154
 15 -3 2 81
 15 3 -3 66
 15 -1 -2 224
 105 -3 1 247
 15 -2 -3 213
 15 1 3 268
 105 -2 3 316
 105 -2 -2 170
 15 -2 0 168
 15 -1 0 260
 105 -3 -2 254
 15 -1 -1 210
 15 2 3 160
 15 2 -1 209
 15 3 -1 132
 105 -3 -3 194
 15 -1 0 348
 15 2 -2 5
 15 2 0 279
 15 3 0 257
 15 -2 2 212
 15 -3 -1 180
 15 -2 1 260
 5 1 2 298
 55 0 4 71
 55 1 0 16
 55 0 -1 122
 55 0 2 202
 55 0 1 227
 55 1 -2 87
 55 1 -3 182
 55 0 -4 112
 55 0 -2 108
 5 3 2 170
 5 4 0 200
 55 -1 1 290
 5 -4 -1 338
 55 -1 1 134
 55 0 3 220
 55 0 -3 213
 55 -1 -4 7
 55 0 -5 196
 5 2 2 172
 55 0 -1 216
 55 2 -3 217
 55 -3 3 223
 55 0 0 307
 55 1 -4 128
 55 1 -1 130
 55 -1 2 332
 55 1 1 97
 "contig-ratio-green-core" 0.7058823529411765
 "contig-ratio-red-core" 0.7894736842105263
 "a-count" 6
 "b-count" 7
 "c-color-count" 23
 "c-express-count" 21
 "d-color-count" 24
 "d-express-count" 22
 "cell-count" 56
 15 -2 0 28
 15 3 0 341
 105 3 -3 122
 15 -1 4 243
 15 -3 0 183
 15 1 -1 206
 105 1 -3 138
 15 -3 0 26
 15 -1 -3 178
 15 -2 -2 263
 15 1 2 27
 15 0 -1 192
 15 -1 -2 88
 15 0 -3 334
 15 2 3 147
 15 3 1 45
 15 2 1 195
 15 -1 -1 198
 15 1 1 321
 15 -3 1 83
 15 0 0 256
 15 -2 0 122
 15 -2 -1 118
 15 -4 1 182
 105 -1 0 89
 15 1 0 295
 105 0 4 47
 15 1 -2 71
 55 -1 1 352
 55 3 2 120
 55 -4 -1 1
 5 1 -4 210
 55 -4 0 285
 5 -3 3 151
 55 -3 2 204
 55 0 3 343
 55 -2 1 129
 55 -3 -1 190
 5 -2 3 25
 55 -1 3 40
 55 -1 -4 40
 55 1 3 169
 55 0 2 152
 55 4 -1 3
 55 -3 -2 36
 55 0 1 314
 5 2 -1 143
 55 -2 1 172
 55 3 3 211
 55 -1 2 41
 55 -2 2 296
 5 2 -2 116
 55 -3 -3 172
 55 0 -4 72
 55 -2 -3 130
 55 4 0 285
 "contig-ratio-green-core" 0.8421052631578947
 "contig-ratio-red-core" 0.7368421052631579
