 "a-count" 6
 "b-count" 6
 "c-color-count" 22
 "c-express-count" 22
 "d-color-count" 22
 "d-express-count" 22
 "cell-count" 56
 15 -2 -3 39
 15 0 -4 323
 105 3 -3 354
 15 1 -2 263
 15 3 1 48
 15 2 -1 222
 15 2 0 340
 15 0 4 240
 15 -1 4 193
 15 -3 2 60
 15 -1 -2 158
 15 -2 -2 240
 15 3 2 109
 15 0 -2 318
 15 -4 1 26
 105 4 0 180
 105 -3 -3 128
 15 0 -3 161
 105 -1 -3 2
 15 -2 2 107
 15 -1 3 164
 15 -3 1 44
 105 -1 -4 44
 15 -4 0 86
 15 -1 2 344
 15 3 0 293
 15 1 -3 123
 105 4 -1 344
 55 -2 1 2
 55 -2 0 336
 5 2 -2 219
 55 3 -1 156
 5 1 4 203
 5 -2 3 160
 55 2 2 33
 55 0 3 207
 55 1 2 200
 55 1 3 64
 55 -1 0 152
 55 1 1 163
 55 0 -1 90
 55 -4 -1 94
 55 -3 -1 152
 55 -1 -1 251
 5 2 -3 28
 55 -2 -1 330
 55 0 1 11
 55 1 -1 180
 5 2 3 110
 55 3 -2 337
 55 0 0 242
 55 2 1 289
 55 1 0 294
 5 4 1 74
 55 0 2 335
 55 -1 1 304
 "contig-ratio-green-core" 1
 "contig-ratio-red-core" 0.7222222222222222
 "a-count" 9
 "b-count" 5
 "c-color-count" 25
 "c-express-count" 23
 "d-color-count" 23
 "d-express-count" 19
 "cell-count" 56
 15 0 3 33
 105 3 -2 124
 105 -2 3 47
 15 -2 -1 161
 15 3 1 191
 15 2 -3 27
 105 -4 -1 271
 15 -3 -3 106
 15 0 -3 171
 15 -4 0 248
 15 -2 0 19
 15 2 2 259
 105 3 3 354
 105 1 4 94
 15 -2 1 229
 15 1 3 118
 15 0 2 87
 15 0 -4 83
 15 1 -3 185
 15 3 0 228
 15 -3 3 208
 15 4 0 195
 15 0 4 29
 15 1 2 113
 15 2 1 240
 15 3 -1 1
 15 -4 1 67
 15 2 3 355
 55 0 -2 61
 55 2 -1 334
 55 2 -2 209
 55 -1 2 103
 55 -1 -3 181
 55 0 1 238
 55 -1 0 315
 55 3 -3 255
 55 1 1 316
 55 1 -2 181
 55 0 0 157
 55 -3 1 262
 55 3 2 28
 5 -2 -2 352
 55 2 0 169
 55 -1 -1 260
 55 -1 -4 249
 55 1 -1 279
 55 4 1 312
 55 4 -1 28
 5 1 -4 347
 55 -2 2 229
 55 -1 3 284
 55 -2 -3 242
 55 1 0 49
 55 0 -1 272
 5 -3 -1 210
 55 -3 -2 183
 "contig-ratio-green-core" 0.875
 "contig-ratio-red-core" 0.9411764705882353
 "a-count" 11
 "b-count" 6
 "c-color-count" 23
 "c-express-count" 22
 "d-color-count" 20
 "d-express-count" 17
 "cell-count" 56
 15 0 2 313
 15 -1 2 9
 15 -1 3 72
 105 0 -3 141
 15 -1 1 114
 15 -2 2 257
 15 -3 2 26
 15 -5 0 64
 15 1 1 352
 15 1 3 301
 15 0 1 305
 15 1 2 161
 105 -1 -4 170
 15 -4 -2 190
 15 2 2 164
 105 1 -4 284
 15 -4 -1 354
 15 2 -1 154
 105 3 0 203
 105 1 -3 225
 15 2 0 234
 15 -4 1 70
 15 2 1 97
 15 2 3 41
 15 -1 -3 114
 105 0 -4 233
 105 -3 3 41
 105 4 0 351
 55 -2 3 321
 55 -2 0 293
 55 2 -3 192
 55 -4 0 21
 55 1 -2 234
 55 -1 0 231
 55 -2 -3 317
 55 3 -3 33
 55 -1 -1 142
 55 -3 0 339
 55 -3 -1 174
 55 0 4 343
 55 -2 -2 289
 55 1 4 78
 55 1 -1 195
 55 -3 -2 45
 5 0 3 36
 55 0 -1 177
 55 3 1 302
 5 2 -2 179
 55 0 -2 150
 5 4 1 168
 5 3 -2 271
 55 1 0 230
 55 -1 -2 214
 55 0 0 107
 5 -1 4 94
 55 3 3 97
 "contig-ratio-green-core" 0.6666666666666666
 "contig-ratio-red-core" 0.8666666666666667
 "a-count" 6
 "b-count" 4
 "c-color-count" 24
 "c-express-count" 24
 "d-color-count" 22
 "d-express-count" 22
 "cell-count" 56
 15 2 -2 163
 15 -1 -2 0
 15 4 1 301
 105 3 -2 69
 105 3 0 231
 105 -1 4 118
 15 -3 3 152
 15 3 1 282
 15 0 -3 270
 15 -1 -3 321
 105 0 3 326
 15 1 2 261
 15 0 2 68
 15 1 -4 210
 15 1 -2 224
 15 -3 -2 264
 15 -1 -4 107
 105 4 0 165
 15 2 0 286
 15 -2 -2 107
 15 2 -1 289
 105 0 -4 343
 15 1 -3 318
 15 -2 3 87
 15 -2 4 195
 15 1 4 87
 15 -1 3 307
 15 1 3 182
 55 3 3 59
 55 -1 -1 12
 55 1 0 30
 55 1 1 37
 55 -3 -1 171
 55 0 0 290
 5 -4 -1 152
 55 2 2 250
 55 0 -1 58
 55 2 4 32
 5 2 -3 286
 55 -1 2 310
 55 -2 0 235
 55 -3 -3 81
 55 3 2 221
 55 -2 1 228
 5 4 -1 108
 55 3 -3 197
 5 -3 1 335
 55 -3 0 109
 55 2 1 157
 55 -1 0 315
 55 -4 0 135
 55 -2 2 334
 55 2 3 195
 55 -1 1 242
 55 0 1 319
 55 1 -1 21
 "contig-ratio-green-core" 0.6666666666666666
 "contig-ratio-red-core" 0.7
