 "a-count" 5
 "b-count" 5
 "c-color-count" 23
 "c-express-count" 23
 "d-color-count" 23
 "d-express-count" 23
 "cell-count" 56
 15 -3 1 255
 15 -1 2 172
 15 -1 3 209
 15 -1 -3 347
 15 -3 -3 268
 105 1 -4 7
 15 3 2 358
 15 4 -1 26
 105 -3 -2 237
 15 2 -3 217
 15 -2 1 292
 15 3 -1 312
 15 -2 0 36
 15 1 -3 111
 15 0 -3 354
 15 4 1 248
 15 -2 -1 90
 15 -3 -1 96
 15 -2 2 18
 105 -1 4 263
 15 0 4 336
 105 0 -4 64
 105 4 0 23
 15 3 1 348
 15 2 3 242
 15 1 3 102
 15 -3 0 266
 15 3 0 61
 55 1 1 10
 55 -1 -2 156
 55 -1 1 321
 55 0 1 172
 55 1 2 353
 5 0 3 265
 55 2 2 235
 55 0 -2 134
 55 0 2 48
 5 -3 2 261
 5 -4 -1 227
 55 -2 -3 54
 55 -2 -2 222
 55 2 -2 336
 55 3 3 229
 55 -1 -1 162
 55 2 -1 234
 55 2 0 20
 55 -2 3 53
 5 3 -3 116
 55 -4 0 190
 55 -4 1 90
 5 -3 3 316
 55 0 0 164
 55 0 -1 29
 55 2 1 28
 55 -1 0 206
 55 1 -1 212
 "contig-ratio-green-core" 0.9411764705882353
 "contig-ratio-red-core" 0.8181818181818182
 "a-count" 5
 "b-count" 6
 "c-color-count" 23
 "c-express-count" 22
 "d-color-count" 23
 "d-express-count" 23
 "cell-count" 56
 15 -1 1 32
 15 -3 1 164
 15 -2 1 79
 15 -3 -1 355
 15 3 -1 230
 15 -2 -1 89
 15 -1 -4 20
 15 -2 2 45
 15 0 3 88
 15 4 0 21
 15 2 2 341
 105 -1 3 151
 15 1 3 147
 15 -4 0 204
 15 -4 1 15
 105 -3 2 129
 15 3 0 168
 15 -2 3 94
 15 -2 -4 38
 15 -3 -2 219
 15 4 -1 102
 105 2 3 91
 15 -1 0 291
 105 -1 4 158
 15 1 -2 88
 15 2 -2 112
 105 -2 0 230
 15 0 -4 35
 55 3 -2 141
 55 0 -2 256
 5 1 -3 109
 55 2 1 89
 55 -2 -3 229
 55 -4 -1 298
 5 -3 -3 116
 55 2 -1 41
 55 0 -3 243
 55 1 -1 70
 55 3 1 36
 55 -1 -2 197
 55 0 1 265
 55 1 0 79
 55 0 2 329
 55 -2 -2 205
 5 2 -3 167
 55 -1 -1 242
 5 1 -4 162
 55 1 1 185
 55 -1 2 31
 55 1 4 84
 55 2 0 271
 55 0 0 212
 55 0 -1 184
 55 3 3 333
 5 3 -3 249
 55 -1 -3 54
 "contig-ratio-green-core" 0.8235294117647058
 "contig-ratio-red-core" 0.7894736842105263
 "a-count" 10
 "b-count" 6
 "c-color-count" 24
 "c-express-count" 22
 "d-color-count" 20
 "d-express-count" 18
 "cell-count" 56
 15 -3 2 245
 105 -3 1 182
 15 3 -1 98
 15 2 3 345
 105 -1 -3 43
 15 2 -3 98
 15 0 2 79
 15 -3 -2 268
 15 -2 -3 52
 105 0 -4 267
 105 -1 4 359
 15 -1 2 316
 15 -3 -1 270
 15 -1 3 231
 15 1 3 98
 15 1 -4 197
 105 -2 0 176
 15 3 1 191
 105 3 0 86
 105 3 -3 261
 15 2 2 182
 105 4 0 121
 15 0 3 331
 15 -3 0 287
 15 -2 -1 345
 15 1 2 232
 15 -1 1 162
 15 0 1 167
 55 -4 0 351
 55 3 2 40
 55 2 -2 126
 55 1 -3 314
 55 -1 -1 161
 55 -3 3 284
 55 1 -2 234
 55 0 -2 41
 55 0 -1 349
 5 3 3 152
 5 1 4 94
 55 1 -1 343
 55 -4 -1 260
 55 0 0 295
 55 -3 -3 294
 55 0 -3 35
 55 1 0 246
 55 1 1 297
 55 2 1 43
 55 0 4 90
 5 2 0 104
 55 -2 2 149
 55 3 -2 291
 5 4 1 241
 55 -2 1 234
 55 2 -1 208
 55 -1 0 198
 55 -1 -2 197
 "contig-ratio-green-core" 0.8235294117647058
 "contig-ratio-red-core" 0.8947368421052632
 "a-count" 6
 "b-count" 3
 "c-color-count" 25
 "c-express-count" 25
 "d-color-count" 22
 "d-express-count" 22
 "cell-count" 56
 15 2 -1 88
 15 1 3 120
 15 -2 3 200
 15 4 -1 4
 105 2 -3 74
 15 -1 -1 289
 15 2 -2 111
 15 3 2 166
 15 0 2 209
 15 -1 -2 281
 105 -4 1 359
 15 -1 -3 40
 15 -3 1 32
 15 3 0 13
 105 3 -1 337
 15 3 1 339
 15 -2 2 205
 105 3 -3 41
 15 1 -2 314
 15 1 -3 140
 105 0 -1 293
 15 -3 2 191
 15 4 1 98
 15 0 -3 55
 15 -1 2 146
 105 0 3 203
 15 1 -1 296
 15 2 3 77
 55 -4 -1 194
 55 1 1 285
 5 -1 -4 338
 55 -4 -2 36
 55 2 0 225
 55 0 4 155
 55 -3 -1 325
 55 -1 4 108
 55 3 -2 292
 55 1 2 66
 55 -1 0 288
 55 -3 0 317
 5 1 -4 225
 55 -2 -2 237
 55 0 0 109
 55 -3 3 200
 55 -1 1 114
 55 1 0 184
 55 2 2 26
 55 -2 -1 133
 5 3 3 63
 55 2 1 65
 55 -2 1 308
 55 -3 -3 271
 55 0 1 351
 55 1 4 24
 55 -2 0 222
 55 -3 -2 236
 "contig-ratio-green-core" 0.7222222222222222
 "contig-ratio-red-core" 0.7058823529411765
