 "a-count" 7
 "b-count" 5
 "c-color-count" 23
 "c-express-count" 23
 "d-color-count" 23
 "d-express-count" 21
 "cell-count" 56
 105 2 0 9
 15 2 -3 143
 15 1 0 21
 15 3 1 275
 15 -2 1 315
 105 -2 -3 3
 15 0 0 62
 105 -3 3 235
 15 -1 0 111
 15 -3 -1 183
 15 -1 4 254
 15 0 -4 150
 15 1 -1 23
 15 -2 -1 323
 15 2 1 123
 105 -4 -1 198
 15 -2 0 155
 15 3 2 159
 15 3 0 86
 15 -2 2 128
 15 1 1 278
 15 0 4 350
 105 -3 0 147
 15 -3 -2 125
 15 2 -1 30
 15 4 -1 249
 15 -1 -1 81
 15 0 -1 236
 55 0 -2 62
 55 -1 -3 86
 55 0 -3 239
 55 -1 1 311
 55 -1 2 340
 55 4 1 303
 5 3 -3 92
 55 1 -2 90
 55 -2 -2 56
 5 -3 2 259
 55 -3 1 200
 55 -4 1 230
 55 1 2 255
 5 1 4 191
 55 3 -2 289
 55 -1 -2 229
 55 4 0 218
 5 1 -4 93
 55 2 -2 251
 55 1 -3 8
 55 0 1 246
 5 0 2 59
 55 2 2 220
 55 1 3 129
 55 0 3 25
 55 -4 0 266
 55 -1 3 187
 55 -1 -4 222
 "contig-ratio-green-core" 0.8636363636363636
 "contig-ratio-red-core" 0.875
 "a-count" 5
 "b-count" 5
 "c-color-count" 24
 "c-express-count" 23
 "d-color-count" 26
 "d-express-count" 23
 "cell-count" 56
 15 2 0 124
 15 -4 0 302
 15 1 -1 244
 15 1 -4 120
 15 2 -2 59
 15 2 1 209
 105 -1 4 279
 15 -2 3 82
 15 -1 2 76
 15 1 0 62
 15 0 -3 156
 15 2 -1 177
 105 1 4 215
 15 0 -1 92
 15 1 -2 177
 15 0 -2 266
 15 1 1 275
 15 4 1 263
 15 0 4 166
 15 1 3 230
 15 1 2 247
 15 0 3 338
 15 0 2 19
 15 0 -4 105
 15 -2 -3 240
 15 3 -3 275
 15 -1 -2 313
 15 -1 -3 137
 55 -1 0 27
 55 -2 -2 129
 55 -1 -1 294
 55 2 2 234
 55 -3 2 41
 55 2 -3 12
 55 -2 1 197
 55 -3 0 255
 5 -1 -4 120
 55 3 1 297
 55 1 -3 345
 55 -4 2 340
 55 0 1 229
 55 -1 1 22
 5 2 3 141
 5 3 0 77
 55 3 2 233
 55 -2 -1 319
 55 -3 -2 91
 55 -3 1 129
 55 -3 3 235
 55 4 -1 138
 55 -2 0 317
 5 -3 -1 105
 55 4 0 213
 55 -4 -1 311
 55 0 0 134
 55 3 -2 257
 "contig-ratio-green-core" 0.8947368421052632
 "contig-ratio-red-core" 0.5
 "a-count" 4
 "b-count" 2
 "c-color-count" 26
 "c-express-count" 26
 "d-color-count" 24
 "d-express-count" 24
 "cell-count" 56
 15 2 1 201
 15 2 3 192
 15 -4 1 2
 15 0 -3 2
 15 3 2 247
 105 -3 -2 22
 15 -3 -1 252
 15 -3 0 264
 15 -4 -1 136
 15 -1 4 198
 15 -2 2 303
 15 4 1 242
 15 0 -4 21
 15 1 -2 353
 15 -2 -3 241
 105 2 4 295
 105 -4 0 113
 15 0 4 326
 15 -2 3 347
 15 -2 1 33
 15 3 1 228
 15 -1 3 237
 15 -2 -2 250
 105 -3 2 223
 15 4 0 271
 15 -1 -4 201
 15 -1 -3 275
 15 2 2 290
 55 -3 -3 249
 55 -1 -1 155
 55 1 3 142
 55 -1 -2 289
 55 0 0 155
 5 -3 1 171
 55 1 -4 257
 55 -2 -1 184
 55 2 -1 79
 55 1 1 323
 55 0 1 310
 55 3 -2 20
 55 0 -2 255
 5 3 -3 264
 55 3 3 182
 55 -2 0 55
 55 1 2 115
 55 -3 3 222
 55 1 -1 45
 55 1 4 53
 55 -1 2 284
 55 3 0 301
 55 -1 0 87
 55 3 -1 199
 55 0 -1 97
 55 0 2 77
 55 1 0 109
 55 -1 1 350
 "contig-ratio-green-core" 1
 "contig-ratio-red-core" 0.6363636363636364
 "a-count" 7
 "b-count" 3
 "c-color-count" 25
 "c-express-count" 25
 "d-color-count" 21
 "d-express-count" 21
 "cell-count" 56
 105 1 4 263
 15 -4 0 103
 15 0 -2 52
 105 2 -2 333
 15 2 -1 179
 105 -1 -4 15
 15 -2 -2 197
 15 3 -3 318
 15 2 1 0
 15 -2 2 202
 105 1 -4 355
 105 3 -2 222
 15 1 3 266
 15 -3 2 67
 15 -1 -2 154
 105 0 -3 115
 15 -1 4 300
 15 0 4 253
 15 3 2 43
 105 -4 1 324
 15 3 -1 268
 15 3 0 118
 15 3 1 108
 15 1 -2 102
 15 0 3 87
 15 2 0 100
 15 -1 3 230
 15 -1 -3 240
 55 1 0 280
 55 -1 1 321
 55 2 2 79
 55 -1 2 301
 55 -2 3 35
 55 -2 1 174
 55 -2 -1 214
 55 1 1 294
 55 -1 0 151
 55 1 -1 263
 5 -2 -3 243
 55 -3 0 209
 55 -3 -1 271
 55 -2 0 136
 55 -3 1 316
 55 -1 -1 46
 55 2 3 16
 55 0 1 199
 55 -3 3 317
 55 0 -4 138
 55 1 2 120
 5 1 -3 142
 55 -3 -2 175
 55 0 2 78
 55 4 0 251
 55 0 -1 50
 5 2 -3 139
 55 0 0 100
 "contig-ratio-green-core" 0.7777777777777778
 "contig-ratio-red-core" 0.9
