 "a-count" 5
 "b-count" 3
 "c-color-count" 26
 "c-express-count" 25
 "d-color-count" 24
 "d-express-count" 23
 "cell-count" 56
 15 2 2 229
 15 -1 1 58
 15 -4 -1 295
 105 1 -4 54
 15 3 1 126
 15 1 -1 125
 15 -2 2 76
 15 2 1 247
 15 1 -3 191
 15 -2 3 253
 15 -3 2 216
 15 -3 0 46
 15 0 -1 21
 15 0 -4 181
 15 0 0 293
 15 1 -2 194
 15 -3 1 266
 15 -1 0 23
 15 2 3 291
 15 -1 -1 9
 105 3 2 187
 15 -1 -2 211
 15 0 -3 66
 105 0 -2 338
 15 -2 -3 184
 15 -4 2 193
 15 -2 0 344
 105 3 -3 25
 55 2 -2 242
 55 2 -1 219
 55 -4 0 126
 55 -1 4 302
 55 -4 1 136
 55 -2 -2 82
 55 4 0 104
 55 3 -1 283
 55 0 1 331
 55 -1 3 61
 55 -3 -1 83
 55 -2 -1 343
 55 0 2 166
 55 4 -1 284
 55 1 1 269
 55 3 -2 340
 55 0 3 54
 5 3 3 298
 55 2 -3 184
 55 -1 2 104
 55 2 0 244
 5 -3 -3 22
 55 0 4 308
 55 1 0 247
 55 -3 3 233
 55 -1 -4 352
 55 3 0 102
 55 1 2 318
 "contig-ratio-green-core" 0.8181818181818182
 "contig-ratio-red-core" 1
 "a-count" 7
 "b-count" 4
 "c-color-count" 24
 "c-express-count" 24
 "d-color-count" 22
 "d-express-count" 21
 "cell-count" 56
 15 0 2 327
 15 0 3 164
 105 -3 2 278
 15 2 1 182
 15 2 2 206
 15 1 -3 342
 15 -2 1 252
 15 -1 1 135
 15 1 -2 305
 15 -1 0 66
 15 0 -4 101
 15 1 2 349
 105 -1 4 344
 15 -3 0 324
 15 -1 2 119
 15 3 1 118
 15 -2 2 13
 105 1 3 207
 15 -3 -1 253
 15 1 4 146
 15 0 4 66
 105 3 -2 167
 15 2 3 3
 105 2 -2 303
 105 3 2 243
 15 -4 -1 232
 15 0 1 130
 15 -2 0 223
 55 -4 1 224
 5 -3 -3 260
 55 -3 1 230
 55 2 4 70
 55 -2 -1 288
 55 0 -2 253
 5 1 -4 254
 55 1 0 259
 55 -4 0 60
 55 4 1 249
 55 3 3 35
 55 -1 3 233
 55 2 -1 180
 55 0 0 56
 5 -2 -3 247
 55 -2 3 274
 55 1 -1 171
 55 -1 -1 305
 55 4 0 191
 55 4 -1 68
 55 3 0 0
 5 3 -3 41
 55 -2 -2 300
 55 0 -1 56
 55 0 -3 63
 55 2 0 180
 55 -1 -2 178
 55 -1 -3 238
 "contig-ratio-green-core" 0.7894736842105263
 "contig-ratio-red-core" 0.8333333333333334
 "a-count" 5
 "b-count" 2
 "c-color-count" 27
 "c-express-count" 26
 "d-color-count" 24
 "d-express-count" 23
 "cell-count" 56
 15 2 0 173
 15 0 -3 127
 15 -4 0 99
 15 2 3 57
 15 -2 2 257
 15 3 1 101
 15 -1 -3 94
 15 -3 -2 276
 15 0 -4 108
 15 3 2 308
 15 1 1 259
 105 3 -2 85
 15 0 4 290
 15 1 -1 311
 105 3 -3 339
 15 -1 4 344
 15 1 -2 220
 15 -4 1 274
 15 1 4 339
 15 2 -1 88
 15 2 1 215
 15 -1 -4 204
 105 -3 3 353
 15 2 2 157
 105 4 1 105
 15 1 0 77
 15 1 2 326
 15 -2 -3 188
 55 -1 -1 332
 5 -4 -1 25
 55 3 0 155
 55 3 -1 260
 55 4 -1 167
 55 -1 1 309
 55 -3 1 139
 55 0 1 9
 55 -2 0 308
 55 0 -1 90
 55 -2 1 112
 55 -1 2 62
 55 -1 3 27
 55 0 3 299
 55 4 0 33
 55 1 -3 65
 55 -1 0 334
 55 1 -4 166
 55 1 3 240
 55 -2 -2 262
 55 -3 2 73
 55 -2 -1 84
 55 -3 -3 358
 55 0 0 263
 55 -1 -2 108
 55 0 -2 244
 55 -3 0 149
 55 0 2 164
 "contig-ratio-green-core" 0.9090909090909091
 "contig-ratio-red-core" 0.8421052631578947
 "a-count" 9
 "b-count" 3
 "c-color-count" 25
 "c-express-count" 25
 "d-color-count" 20
 "d-express-count" 19
 "cell-count" 56
 15 3 0 224
 105 0 3 307
 15 -1 2 165
 15 1 0 162
 15 0 1 206
 15 0 2 75
 15 0 -4 273
 15 1 1 160
 15 -1 0 110
 105 3 -3 159
 105 3 2 34
 105 3 3 174
 15 2 0 297
 105 4 1 111
 15 -4 1 70
 105 0 4 128
 15 2 3 81
 15 1 2 291
 105 1 4 292
 15 -1 -4 181
 15 -1 1 19
 15 2 1 317
 105 -3 -3 98
 15 0 0 119
 15 1 3 298
 15 -1 -3 302
 15 -1 3 222
 15 -2 -2 1
 55 -2 0 23
 55 -2 2 69
 55 -4 0 178
 55 1 -1 152
 55 -3 0 236
 5 1 -3 287
 55 -1 -2 268
 55 -3 -1 330
 55 4 0 264
 55 2 -1 211
 55 1 -2 58
 55 -3 2 212
 55 -1 -1 102
 55 3 -1 349
 55 -3 1 171
 55 0 -2 209
 55 -2 -1 130
 55 2 -3 157
 55 4 -1 337
 55 -2 3 78
 5 -4 -1 157
 55 2 -2 137
 5 3 -2 169
 55 -3 -2 312
 55 0 -3 347
 55 -2 1 255
 55 1 -4 311
 55 -3 3 185
 "contig-ratio-green-core" 0.5238095238095238
 "contig-ratio-red-core" 0.9230769230769231
