 "a-count" 6
 "b-count" 6
 "c-color-count" 22
 "c-express-count" 22
 "d-color-count" 23
 "d-express-count" 22
 "cell-count" 56
 15 -3 1 7
 15 -3 0 277
 15 1 -3 293
 15 3 1 193
 105 4 1 164
 15 1 4 130
 15 -2 1 107
 15 2 -2 107
 15 -1 -3 250
 15 -3 3 96
 15 -2 0 306
 105 -4 -1 102
 15 0 -3 64
 15 -3 -2 35
 105 -4 1 302
 15 -2 -1 299
 105 -4 0 352
 15 -3 2 96
 15 3 0 263
 105 -3 -1 233
 15 1 -2 291
 15 0 -2 105
 15 3 -2 51
 15 4 0 359
 15 -2 -2 219
 15 3 2 346
 15 -1 -2 226
 15 2 -3 329
 55 0 3 1
 55 1 2 355
 55 -2 2 250
 55 1 1 244
 5 1 0 233
 5 -2 3 58
 55 -1 2 33
 55 0 2 292
 55 -1 -1 262
 55 1 3 187
 55 2 0 193
 5 3 3 296
 55 0 4 114
 55 1 -1 279
 55 3 -3 255
 5 -1 1 106
 5 2 3 287
 55 3 -1 210
 55 4 -1 232
 55 0 -4 80
 55 0 0 141
 55 2 1 84
 55 -1 0 5
 55 2 2 233
 5 -1 -4 204
 55 2 -1 164
 55 0 1 192
 55 0 -1 252
 "contig-ratio-green-core" 0.9333333333333333
 "contig-ratio-red-core" 0.6842105263157895
 "a-count" 5
 "b-count" 7
 "c-color-count" 21
 "c-express-count" 21
 "d-color-count" 25
 "d-express-count" 23
 "cell-count" 56
 15 3 1 272
 15 -2 -1 97
 15 -1 0 196
 15 1 -3 109
 15 0 3 319
 15 -1 -2 325
 15 0 -2 68
 15 1 3 169
 15 3 0 226
 15 0 -1 338
 15 -1 3 223
 15 -2 0 225
 15 2 -1 81
 15 1 -1 195
 15 0 -3 321
 15 -1 -3 193
 105 4 1 138
 15 4 0 178
 15 2 1 200
 15 2 0 351
 15 0 -4 172
 15 -3 1 319
 105 1 -2 172
 105 -3 -2 13
 15 3 -1 158
 15 2 -2 50
 15 -1 -1 238
 15 -2 -2 199
 55 -2 3 247
 55 0 4 200
 55 -1 2 55
 5 -1 4 142
 55 3 -3 177
 55 1 1 157
 55 0 0 195
 5 -1 -4 220
 55 -4 0 200
 55 -5 -1 306
 5 3 3 73
 5 1 -4 136
 55 -2 2 323
 5 4 -1 83
 55 3 -2 223
 55 -4 1 26
 55 1 0 112
 55 1 2 229
 55 3 2 289
 55 0 1 138
 55 -1 1 295
 55 2 3 173
 5 1 4 276
 55 0 2 216
 55 2 2 273
 55 2 -3 189
 55 -4 -1 2
 5 -3 0 75
 "contig-ratio-green-core" 0.6842105263157895
 "contig-ratio-red-core" 0.7058823529411765
 "a-count" 5
 "b-count" 14
 "c-color-count" 14
 "c-express-count" 14
 "d-color-count" 25
 "d-express-count" 23
 "cell-count" 56
 15 1 -1 11
 15 -1 4 334
 15 1 -2 336
 15 4 0 50
 15 2 0 153
 15 1 4 184
 15 -3 -1 24
 15 -3 2 50
 105 -4 -1 303
 105 3 2 49
 15 1 -3 49
 15 -3 1 3
 15 0 -3 145
 15 -2 -2 70
 15 -1 -4 52
 15 -3 0 257
 15 1 1 330
 15 3 0 266
 15 -2 -3 240
 15 3 -1 113
 15 4 -1 287
 105 -1 -3 182
 15 2 -1 319
 15 2 1 281
 15 0 4 230
 15 -3 -2 202
 15 -1 3 29
 15 1 0 112
 5 3 -2 31
 5 -3 -3 44
 55 0 -1 33
 55 0 2 157
 55 1 3 131
 5 0 -4 26
 5 -2 1 90
 5 3 1 38
 55 1 2 82
 5 -2 3 299
 5 -1 -1 235
 55 0 0 120
 5 2 3 142
 55 -2 -1 40
 5 -3 3 156
 55 -1 0 46
 55 0 1 287
 55 0 3 120
 5 -4 0 130
 5 2 2 299
 55 -1 -2 29
 55 0 -2 193
 5 -4 1 302
 55 -1 1 154
 55 -2 0 126
 55 -1 2 266
 5 2 -2 305
 5 -2 2 271
 "contig-ratio-green-core" 1
 "contig-ratio-red-core" 0.47368421052631576
 "a-count" 0
 "b-count" 13
 "c-color-count" 15
 "c-express-count" 15
 "d-color-count" 28
 "d-express-count" 28
 "cell-count" 56
 15 -1 1 288
 15 1 1 96
 15 2 -1 38
 15 1 -3 308
 15 0 3 87
 15 0 -4 152
 15 -2 2 13
 15 0 2 39
 15 0 -3 161
 15 -4 -1 155
 15 -1 3 134
 15 1 -4 125
 15 -3 -1 199
 15 3 0 146
 15 1 3 69
 15 0 1 279
 15 2 1 214
 15 1 2 280
 15 -2 1 261
 15 -1 2 320
 15 2 -2 11
 15 3 -1 47
 15 -2 3 281
 15 2 0 298
 15 1 0 249
 15 3 1 16
 15 -3 0 163
 15 -1 -3 66
 55 -3 1 357
 55 0 0 259
 5 3 -2 273
 55 -2 0 289
 55 -3 2 134
 55 -4 1 155
 5 2 2 255
 5 -2 -3 62
 55 2 3 201
 5 4 1 351
 5 -1 -4 114
 55 -1 -1 239
 55 1 -2 223
 55 1 -1 311
 55 -2 -2 119
 55 0 -1 189
 55 0 -2 310
 5 0 4 27
 5 -3 -3 129
 55 -1 -2 88
 55 -1 0 6
 5 3 -3 295
 5 -3 -2 155
 5 1 4 0
 5 4 0 12
 5 -4 0 41
 5 4 -1 129
 55 -3 3 36
 "contig-ratio-green-core" 0.9230769230769231
 "contig-ratio-red-core" 0.4583333333333333
