 "a-count" 1
 "b-count" 8
 "c-color-count" 20
 "c-express-count" 20
 "d-color-count" 27
 "d-express-count" 27
 "cell-count" 56
 15 -3 -1 169
 15 2 -3 135
 15 -2 3 319
 15 -4 -1 336
 15 2 3 3
 15 0 -4 190
 15 -3 -2 52
 15 0 3 354
 15 2 2 101
 15 1 2 301
 15 0 2 186
 15 1 -2 47
 15 -1 3 103
 15 1 -3 1
 15 -3 1 4
 15 -1 -3 201
 15 -2 -3 4
 15 -2 -2 76
 15 1 3 115
 15 0 -2 267
 15 0 -3 291
 15 4 1 201
 105 -4 0 75
 15 1 4 29
 15 -1 -2 346
 15 3 2 100
 15 -3 0 264
 15 -1 2 106
 55 3 -1 357
 5 -3 2 59
 55 0 4 51
 55 2 -1 17
 55 2 0 90
 55 -1 1 289
 5 3 -2 20
 55 1 -4 240
 55 0 0 280
 5 -2 -1 294
 55 0 1 213
 5 3 1 119
 55 3 0 16
 55 -2 2 326
 55 1 -1 17
 55 -2 1 314
 55 -1 -1 205
 5 1 0 280
 5 -3 -3 167
 55 3 3 132
 5 1 1 207
 55 4 0 34
 55 0 -1 294
 55 2 1 213
 55 2 -2 183
 55 -1 4 246
 5 -3 3 220
 55 -1 0 61
 "contig-ratio-green-core" 0.9285714285714286
 "contig-ratio-red-core" 0.5416666666666666
 "a-count" 4
 "b-count" 10
 "c-color-count" 18
 "c-express-count" 18
 "d-color-count" 24
 "d-express-count" 24
 "cell-count" 56
 15 4 0 280
 15 0 -4 72
 15 -3 -1 64
 15 3 0 132
 15 -2 1 157
 15 -3 0 114
 15 0 5 40
 15 -3 1 326
 15 -2 -2 50
 15 1 -1 156
 105 -3 -2 39
 15 -2 0 51
 15 2 -1 65
 15 -1 -2 127
 105 -1 -3 199
 105 -2 -3 350
 15 -1 -1 224
 15 -2 -1 176
 15 0 -3 72
 15 0 4 281
 15 2 -2 7
 15 0 -2 6
 15 3 -1 139
 15 -4 -1 281
 105 -1 -4 255
 15 0 -1 17
 15 -1 0 206
 15 1 -2 6
 55 0 3 106
 55 -4 0 185
 55 1 -4 71
 55 1 2 358
 55 -2 2 90
 55 1 1 325
 5 -1 2 3
 5 -3 -3 334
 55 2 1 195
 55 0 2 61
 5 3 -3 72
 5 4 -1 256
 55 -1 1 90
 55 -2 3 109
 55 3 2 286
 5 -3 3 228
 55 1 0 90
 55 1 -3 324
 5 2 -3 359
 5 3 -2 210
 5 2 3 144
 55 0 1 34
 5 1 3 330
 55 2 0 272
 55 -4 1 4
 55 0 0 310
 55 -1 3 292
 5 3 1 246
 "contig-ratio-green-core" 0.8666666666666667
 "contig-ratio-red-core" 0.5882352941176471
