 "a-count" 1
 "b-count" 10
 "c-color-count" 18
 "c-express-count" 18
 "d-color-count" 27
 "d-express-count" 27
 "cell-count" 56
 15 -2 1 245
 15 0 0 105
 15 -2 -1 144
 15 -3 -1 216
 105 -2 3 272
 15 1 0 106
 15 1 -4 135
 15 -1 -1 108
 15 -2 1 22
 15 0 1 338
 15 -3 0 31
 15 1 1 145
 15 0 0 83
 15 -2 2 228
 15 -1 1 221
 15 0 -1 16
 15 -1 0 32
 15 -1 0 33
 15 -4 -1 267
 15 -2 0 255
 15 0 -1 323
 15 -4 0 72
 15 1 -1 106
 15 -3 1 199
 15 -2 0 280
 15 -1 -1 346
 15 0 -1 175
 15 -3 -3 294
 55 0 -3 104
 55 0 2 292
 5 2 3 312
 5 -2 -3 309
 5 3 -2 66
 5 3 1 202
 5 3 2 297
 55 0 -2 311
 55 2 0 329
 55 3 0 244
 55 -1 3 199
 5 4 -1 73
 55 3 -3 72
 55 -1 2 293
 55 2 -1 235
 55 -3 -2 3
 55 2 -2 68
 5 2 1 47
 5 -1 -3 96
 55 4 0 210
 5 3 -1 5
 55 0 3 230
 55 1 -3 5
 5 -1 -4 130
 55 -1 -2 49
 55 -2 -2 220
 55 1 2 93
 55 2 -3 332
 "contig-ratio-green-core" 0.875
 "contig-ratio-red-core" 0.6
 "a-count" 0
 "b-count" 10
 "c-color-count" 18
 "c-express-count" 18
 "d-color-count" 28
 "d-express-count" 28
 "cell-count" 56
 15 -2 2 117
 15 2 -1 251
 15 2 -2 37
 15 -1 -3 26
 15 3 2 336
 15 0 4 168
 15 3 0 154
 15 -3 2 339
 15 -2 3 126
 15 0 -4 43
 15 -1 2 111
 15 1 4 30
 15 1 -1 29
 15 -1 -4 231
 15 0 -3 297
 15 -1 3 40
 15 3 1 310
 15 -3 1 305
 15 2 0 253
 15 2 1 297
 15 3 3 265
 15 0 3 54
 15 3 -1 29
 15 -3 0 197
 15 2 2 353
 15 0 -2 137
 15 1 -3 167
 15 1 -2 202
 55 -2 1 202
 55 -1 -1 207
 55 0 0 284
 55 4 0 111
 5 0 -1 36
 5 -3 3 214
 5 4 -1 221
 55 -4 -3 340
 55 0 2 18
 55 -3 -4 265
 55 -3 -3 264
 55 -2 0 328
 55 -2 -1 99
 5 2 -3 328
 5 -3 -2 284
 55 -1 1 293
 5 -4 0 138
 5 -3 -1 349
 5 1 1 292
 55 -4 1 279
 55 -1 0 358
 55 0 1 32
 5 3 -2 257
 5 -2 -2 143
 55 4 1 275
 55 -2 -3 68
 55 -1 -2 138
 55 -1 4 54
 "contig-ratio-green-core" 0.7272727272727273
 "contig-ratio-red-core" 0.375
 "a-count" 5
 "b-count" 13
 "c-color-count" 15
 "c-express-count" 15
 "d-color-count" 23
 "d-express-count" 23
 "cell-count" 56
 105 1 4 28
 15 -2 -3 197
 15 2 2 82
 15 1 1 74
 15 2 1 42
 15 0 3 208
 105 3 1 334
 15 1 -2 301
 15 1 3 75
 15 -1 -3 88
 105 4 1 130
 15 1 2 190
 15 3 2 54
 15 -1 3 351
 15 3 -1 14
 15 -4 2 166
 15 2 0 129
 15 -4 1 130
 105 3 3 115
 15 4 0 100
 15 0 -2 331
 15 0 -3 2
 15 -1 2 88
 15 3 0 207
 15 -3 1 105
 105 -4 0 318
 15 1 -3 180
 15 0 2 192
 5 -4 -1 267
 5 2 -1 291
 5 -2 -2 294
 55 -1 1 217
 55 -2 -1 358
 5 -1 -4 282
 5 -3 -3 99
 55 0 -4 356
 55 -2 0 188
 55 -1 -1 246
 5 -3 -1 352
 55 1 -1 352
 5 -3 3 313
 55 1 0 249
 55 2 -3 12
 5 4 -1 80
 55 -1 4 59
 55 0 -1 165
 5 0 4 232
 5 -3 -2 284
 55 -1 0 352
 55 3 -3 8
 5 -2 3 129
 55 0 0 81
 55 2 -2 210
 55 0 1 39
 5 -2 1 14
 5 -3 2 276
 "contig-ratio-green-core" 0.8181818181818182
 "contig-ratio-red-core" 0.47368421052631576
 "a-count" 4
 "b-count" 4
 "c-color-count" 24
 "c-express-count" 24
 "d-color-count" 24
 "d-express-count" 24
 "cell-count" 56
 105 4 -1 26
 15 -3 2 337
 15 2 -1 42
 15 1 -2 353
 15 -2 2 132
 15 3 0 28
 15 0 -3 255
 15 0 3 63
 15 3 -2 344
 15 1 -3 351
 15 3 1 20
 105 1 4 208
 15 -2 3 120
 15 -1 -3 143
 15 -4 1 96
 15 0 4 65
 15 1 -1 343
 15 -1 3 236
 15 -4 0 152
 105 2 -3 227
 15 3 3 191
 15 2 -2 3
 15 -4 -1 305
 15 0 -2 168
 15 1 3 350
 15 2 0 297
 15 -1 -4 68
 105 3 -1 200
 55 -1 2 271
 5 3 -3 312
 55 2 3 295
 55 -3 -2 29
 55 0 0 63
 5 -3 -3 215
 55 1 2 323
 55 0 1 50
 55 -1 -1 357
 55 -3 1 163
 55 -2 1 76
 5 1 -4 284
 55 0 2 12
 55 -2 -2 306
 55 -2 0 69
 5 -1 4 342
 55 0 -1 356
 55 -1 -2 135
 55 1 1 99
 55 -2 -1 232
 55 2 2 271
 55 3 2 351
 55 -3 -1 213
 55 -1 1 23
 55 -1 0 43
 55 1 0 167
 55 -3 0 160
 55 0 -4 60
 "contig-ratio-green-core" 0.9411764705882353
 "contig-ratio-red-core" 0.6666666666666666
