 "a-count" 4
 "b-count" 9
 "c-color-count" 19
 "c-express-count" 19
 "d-color-count" 24
 "d-express-count" 24
 "cell-count" 56
 15 -1 3 195
 15 1 4 18
 15 1 3 266
 15 -4 0 267
 15 -2 2 258
 15 -3 2 337
 15 2 -3 199
 15 -1 -3 265
 15 1 -3 193
 105 0 -4 240
 15 2 -2 21
 15 0 -3 329
 15 1 -2 21
 15 4 0 170
 15 3 0 138
 15 -2 -1 96
 15 -3 -1 75
 105 -3 -3 104
 15 -2 3 118
 15 3 -1 326
 15 0 3 90
 15 -4 1 16
 15 4 1 69
 15 0 2 323
 105 -1 4 193
 105 3 -2 129
 15 1 -4 355
 15 -1 2 48
 55 -2 0 54
 55 1 1 294
 5 0 -2 88
 55 -4 -1 282
 5 -1 -2 90
 5 -2 -3 156
 5 -3 3 78
 55 -3 0 154
 55 2 0 344
 5 2 -1 319
 55 -1 -1 194
 5 3 -3 111
 55 -1 0 59
 55 -1 -4 64
 55 3 2 280
 55 0 -1 148
 55 0 0 264
 55 -3 1 176
 55 2 1 273
 55 3 3 129
 55 -2 1 30
 5 -2 -2 268
 55 1 0 165
 55 2 2 253
 5 -1 1 238
 55 1 2 163
 5 0 1 32
 55 1 -1 312
 "contig-ratio-green-core" 0.8333333333333334
 "contig-ratio-red-core" 0.47619047619047616
 "a-count" 6
 "b-count" 10
 "c-color-count" 20
 "c-express-count" 18
 "d-color-count" 23
 "d-express-count" 22
 "cell-count" 56
 15 1 -1 355
 15 -3 0 77
 15 1 -2 112
 15 -2 1 212
 15 -3 1 1
 105 -3 -1 81
 15 0 -2 147
 15 3 3 294
 15 2 0 237
 105 3 -3 203
 15 -2 -1 304
 15 -3 3 54
 15 3 0 66
 15 -2 3 340
 105 2 -3 245
 15 0 -4 242
 15 -4 0 120
 15 -1 3 27
 15 -1 -2 284
 15 -2 0 338
 105 -3 -2 169
 15 2 -2 27
 15 2 1 224
 105 -4 -1 109
 15 0 -3 62
 15 -2 2 193
 15 -2 -2 174
 15 2 -1 158
 5 -2 -3 115
 55 -1 0 201
 55 0 0 42
 55 -3 2 231
 55 1 2 84
 55 0 1 330
 5 3 -2 334
 55 -1 -3 148
 55 1 1 169
 55 1 -3 328
 5 1 4 129
 5 4 0 49
 55 -1 -1 3
 55 0 -1 334
 55 0 2 184
 5 3 1 108
 55 1 -4 165
 55 3 -1 79
 5 -1 4 204
 55 1 3 315
 55 3 2 214
 55 0 3 88
 5 -4 1 53
 5 -3 -3 106
 55 1 0 19
 55 -1 2 284
 55 -1 1 326
 55 2 2 23
 "contig-ratio-green-core" 1.1428571428571428
 "contig-ratio-red-core" 0.7222222222222222
 "a-count" 2
 "b-count" 8
 "c-color-count" 20
 "c-express-count" 20
 "d-color-count" 26
 "d-express-count" 26
 "cell-count" 56
 15 -2 0 299
 15 -1 -1 215
 15 3 1 94
 15 3 -3 52
 15 -2 2 74
 15 -3 1 233
 15 3 0 23
 15 -2 -1 146
 15 -1 -2 110
 15 2 1 320
 15 -3 0 50
 15 3 -1 107
 15 -2 1 51
 15 0 3 8
 15 2 2 328
 15 0 -3 244
 15 1 2 223
 15 3 2 251
 105 -4 -1 201
 15 1 -3 270
 15 1 -2 241
 15 2 -2 43
 15 -3 -1 315
 15 1 -4 302
 15 1 3 262
 15 2 3 6
 105 3 -2 309
 15 0 -2 142
 5 -4 1 283
 5 0 -1 16
 55 -1 -4 21
 55 4 -1 17
 55 -1 -3 219
 55 -1 0 199
 55 1 0 151
 55 -2 3 10
 55 -1 2 257
 5 1 4 136
 55 0 2 195
 55 0 1 129
 55 0 -4 220
 55 2 -3 186
 55 2 -1 251
 55 -1 1 215
 5 4 1 209
 55 3 3 17
 55 1 1 139
 5 -2 -3 286
 55 0 -5 67
 55 1 -1 272
 5 0 4 167
 5 4 0 110
 5 -2 -2 187
 55 -1 3 338
 55 0 0 28
 55 2 0 125
 "contig-ratio-green-core" 0.9333333333333333
 "contig-ratio-red-core" 0.5909090909090909
 "a-count" 2
 "b-count" 8
 "c-color-count" 20
 "c-express-count" 20
 "d-color-count" 26
 "d-express-count" 26
 "cell-count" 56
 15 0 -3 301
 15 3 -1 237
 15 1 -2 356
 105 1 -1 169
 15 -1 -2 192
 15 -2 2 51
 15 3 -2 322
 15 -1 -1 293
 15 -1 1 273
 15 0 -2 185
 15 -2 -2 230
 15 -2 3 196
 15 1 -3 82
 15 3 0 38
 15 -2 1 62
 15 0 -1 97
 15 -3 1 234
 15 0 0 344
 15 3 1 276
 15 -1 0 227
 15 -1 2 226
 15 1 0 312
 15 2 -1 148
 15 -2 0 6
 15 2 -2 94
 15 2 0 217
 105 -4 1 239
 15 -2 -1 347
 55 4 -1 308
 55 -4 0 265
 5 3 3 223
 55 -4 -3 134
 55 2 -3 22
 55 1 -4 223
 55 0 3 42
 5 -3 0 303
 55 -1 -3 329
 55 1 1 223
 55 2 1 74
 5 1 4 136
 5 2 2 156
 55 0 -4 1
 55 3 -3 336
 55 4 0 79
 5 -3 -3 100
 55 -1 3 121
 5 0 4 77
 55 -2 -3 265
 55 0 1 356
 5 2 3 62
 55 1 3 37
 55 -4 -1 350
 5 3 2 339
 55 1 2 334
 55 0 2 327
 55 -4 -2 55
 "contig-ratio-green-core" 1
 "contig-ratio-red-core" 0.7222222222222222
