 "a-count" 6
 "b-count" 10
 "c-color-count" 19
 "c-express-count" 18
 "d-color-count" 22
 "d-express-count" 22
 "cell-count" 56
 15 2 1 107
 15 -1 -3 23
 15 -1 -1 319
 15 0 4 190
 15 0 -1 55
 15 -2 -3 286
 15 -2 -2 356
 15 -3 2 300
 15 3 -1 305
 105 -3 -2 255
 105 -3 3 39
 15 -2 3 260
 15 2 -2 103
 15 1 -1 276
 15 -2 2 30
 105 1 -3 306
 15 -1 3 211
 15 3 2 166
 105 2 -3 350
 15 3 0 164
 15 2 -1 141
 15 1 4 305
 15 0 -2 142
 105 0 -4 282
 15 2 0 129
 15 3 1 61
 15 0 -3 278
 105 -1 -2 264
 5 -2 1 129
 55 -2 0 288
 55 0 0 130
 55 0 2 3
 5 -4 -1 244
 55 -1 2 138
 55 -4 2 330
 55 1 0 180
 55 4 -1 68
 55 -4 0 292
 55 1 1 61
 5 -3 -1 107
 55 1 2 295
 55 4 0 272
 55 0 3 142
 5 2 3 219
 5 -3 1 343
 55 -4 1 342
 55 2 2 287
 5 -1 1 181
 55 -3 -3 285
 5 -3 0 76
 55 5 0 6
 55 1 3 216
 55 -1 0 191
 55 0 1 169
 5 4 1 222
 5 -2 -1 34
 "contig-ratio-green-core" 0.9285714285714286
 "contig-ratio-red-core" 0.6666666666666666
 "a-count" 2
 "b-count" 11
 "c-color-count" 17
 "c-express-count" 17
 "d-color-count" 26
 "d-express-count" 26
 "cell-count" 56
 15 3 -2 206
 15 3 1 40
 15 4 -1 293
 105 -4 1 84
 15 -2 1 57
 15 -2 0 192
 15 2 2 134
 15 1 2 0
 15 -2 -1 357
 15 0 -2 96
 15 -1 -1 238
 15 4 0 169
 15 -1 2 151
 15 1 1 318
 105 4 1 103
 15 3 -1 44
 15 2 1 9
 15 -1 -2 170
 15 0 1 302
 15 3 2 95
 15 -1 0 170
 15 -1 1 138
 15 0 -1 209
 15 -1 4 86
 15 3 0 174
 15 0 2 200
 15 -2 2 320
 15 0 0 257
 55 0 3 226
 5 -4 -1 123
 55 -1 3 348
 55 -3 -3 307
 55 1 0 45
 5 2 0 60
 55 1 -1 246
 55 1 -3 194
 5 2 -1 278
 5 -3 2 118
 55 -3 0 279
 5 0 -4 57
 55 -1 -3 342
 5 -1 -4 164
 5 -4 0 348
 5 -3 1 287
 55 1 3 350
 55 -2 3 302
 5 1 -4 294
 5 -2 -3 294
 55 1 4 278
 55 2 -2 359
 55 2 -3 302
 55 1 -2 129
 55 -3 -1 221
 5 -2 -2 198
 55 0 -3 200
 55 0 4 158
 "contig-ratio-green-core" 0.8
 "contig-ratio-red-core" 0.6
 "a-count" 2
 "b-count" 9
 "c-color-count" 19
 "c-express-count" 19
 "d-color-count" 26
 "d-express-count" 26
 "cell-count" 56
 15 -2 -3 200
 15 -3 2 107
 15 -3 1 315
 15 2 -1 27
 15 4 0 324
 15 1 -2 74
 15 -4 -1 92
 15 -1 -1 301
 105 -1 -4 94
 15 2 3 151
 105 -3 -3 55
 15 -1 2 9
 15 1 4 353
 15 0 2 154
 15 0 -4 178
 15 1 -1 88
 15 0 -3 348
 15 0 -2 199
 15 3 -2 288
 15 -2 2 151
 15 0 4 157
 15 0 3 333
 15 -1 -2 343
 15 -1 4 347
 15 1 3 84
 15 0 -1 314
 15 -1 3 32
 15 2 -2 45
 55 -1 -3 257
 55 -2 0 45
 55 1 0 345
 5 3 3 193
 55 0 1 75
 55 2 1 190
 55 3 0 47
 5 -4 0 12
 5 4 1 244
 55 3 1 299
 55 -2 -2 8
 55 2 0 354
 5 1 -4 277
 55 -1 0 286
 55 1 2 315
 5 3 2 269
 5 1 -3 180
 55 3 -1 276
 5 2 2 14
 5 -4 1 47
 55 -3 0 98
 5 -3 -2 284
 55 -2 -1 207
 55 -3 -1 105
 55 0 0 129
 55 -2 1 174
 55 1 1 106
 55 -1 1 232
 "contig-ratio-green-core" 1
 "contig-ratio-red-core" 0.65
 "a-count" 1
 "b-count" 6
 "c-color-count" 22
 "c-express-count" 22
 "d-color-count" 27
 "d-express-count" 27
 "cell-count" 56
 15 2 3 353
 15 1 -2 182
 15 2 -2 104
 15 0 -2 15
 15 2 -3 175
 15 4 -1 335
 15 1 1 325
 15 0 -3 288
 15 1 -3 335
 15 2 1 273
 15 -1 -4 229
 15 1 2 339
 15 2 2 85
 15 3 1 263
 15 -1 -2 228
 15 -4 -1 5
 15 -3 -1 244
 15 4 0 230
 15 -2 -3 343
 15 -3 1 210
 15 3 -1 138
 15 -1 -3 58
 15 -3 2 173
 15 -2 3 106
 15 -4 0 22
 15 3 0 80
 15 -3 3 342
 105 -4 1 248
 5 3 -3 317
 55 -2 -2 5
 55 -2 1 303
 55 -3 -3 53
 55 -1 -1 62
 55 -2 -1 131
 55 -2 0 225
 55 2 0 103
 55 -1 2 264
 5 3 2 187
 55 0 -1 294
 55 -1 0 312
 55 1 -1 197
 55 1 3 69
 5 -1 4 33
 55 0 0 13
 55 0 3 251
 5 1 -4 358
 55 -1 3 204
 55 -3 -2 322
 55 -1 1 136
 55 2 -1 318
 55 0 2 328
 55 0 1 332
 5 1 4 95
 5 4 1 11
 55 -2 2 213
 55 1 0 71
 "contig-ratio-green-core" 0.8333333333333334
 "contig-ratio-red-core" 0.6666666666666666
