 "a-count" 1
 "b-count" 10
 "c-color-count" 18
 "c-express-count" 18
 "d-color-count" 27
 "d-express-count" 27
 "cell-count" 56
 15 1 2 274
 15 2 1 325
 15 -1 2 48
 15 -2 -1 171
 15 -2 1 217
 15 -3 -1 63
 15 0 1 165
 15 -1 3 82
 15 0 2 34
 105 -3 -3 286
 15 2 -3 249
 15 1 1 18
 15 1 -4 333
 15 2 -1 135
 15 3 -2 6
 15 1 0 206
 15 1 -1 120
 15 -2 -2 245
 15 -2 2 204
 15 0 3 25
 15 -3 2 5
 15 -1 0 163
 15 2 0 110
 15 -2 0 90
 15 4 1 229
 15 -1 1 268
 15 0 -4 94
 15 0 0 316
 55 0 -3 313
 55 -3 0 203
 5 3 -1 284
 55 1 -3 141
 5 1 3 295
 55 1 4 338
 55 0 4 227
 55 1 -2 282
 55 0 -2 176
 5 -1 -4 65
 55 -1 -2 260
 5 4 -1 278
 5 -3 1 338
 55 3 1 315
 5 2 2 125
 55 3 2 308
 55 -4 1 26
 55 4 0 249
 55 -4 0 199
 5 3 -3 214
 55 -1 -3 38
 5 3 3 60
 55 3 0 287
 55 -1 -1 183
 5 -3 -2 314
 5 -1 4 49
 55 0 -1 204
 55 2 -2 204
 "contig-ratio-green-core" 0.9333333333333333
 "contig-ratio-red-core" 0.6111111111111112
 "a-count" 1
 "b-count" 11
 "c-color-count" 17
 "c-express-count" 17
 "d-color-count" 27
 "d-express-count" 27
 "cell-count" 56
 15 -2 3 133
 15 -1 3 122
 15 4 0 231
 15 3 2 152
 15 -4 -1 190
 15 1 -3 267
 15 3 3 131
 15 -1 -2 36
 15 2 0 37
 15 4 3 1
 15 1 -1 230
 15 -3 -1 223
 15 1 4 304
 15 2 1 243
 15 0 -2 245
 15 4 1 89
 15 0 4 272
 15 0 -1 174
 15 4 2 95
 15 -3 -2 233
 105 -1 4 208
 15 -2 -2 13
 15 -2 -1 322
 15 3 1 136
 15 -1 -1 356
 15 3 0 7
 15 2 2 271
 15 1 -2 158
 55 -2 0 57
 55 -2 1 326
 55 -1 2 68
 55 0 3 309
 5 -3 2 43
 55 -3 0 348
 55 0 2 50
 5 -3 3 218
 55 3 -3 270
 55 -1 -4 284
 55 1 2 315
 5 2 -1 270
 55 0 1 157
 55 -1 1 27
 55 -1 0 236
 5 -2 2 43
 5 -1 -3 355
 55 -3 1 351
 5 3 -1 192
 5 -3 -3 34
 5 2 -2 305
 5 2 -3 33
 55 0 0 147
 55 0 -4 294
 55 1 1 128
 5 -4 0 215
 55 1 3 179
 5 0 -3 70
 "contig-ratio-green-core" 0.6923076923076923
 "contig-ratio-red-core" 0.375
 "a-count" 3
 "b-count" 11
 "c-color-count" 17
 "c-express-count" 17
 "d-color-count" 25
 "d-express-count" 25
 "cell-count" 56
 105 0 -3 138
 15 1 2 197
 15 2 2 40
 15 4 0 69
 15 3 -1 151
 15 0 2 285
 15 -2 -2 310
 105 1 4 82
 15 -3 0 43
 15 -1 -3 59
 105 -2 1 207
 15 4 1 116
 15 -4 0 354
 15 2 -2 169
 15 -2 2 68
 15 3 -2 326
 15 -3 -1 317
 15 -1 2 340
 15 1 3 92
 15 -3 -2 359
 15 -1 1 164
 15 -1 3 242
 15 -2 0 343
 15 4 -1 235
 15 -1 -2 174
 15 2 3 46
 15 0 3 257
 15 -2 -1 273
 55 1 1 59
 5 2 -1 147
 5 1 -4 325
 5 2 1 195
 55 3 3 227
 55 1 0 105
 55 1 -1 133
 5 3 1 298
 55 0 -1 14
 5 3 -3 164
 55 -2 -3 60
 55 0 1 230
 55 2 0 205
 55 -4 1 93
 55 3 0 272
 55 3 2 58
 55 0 0 218
 5 -1 -1 332
 5 0 -4 90
 55 -1 0 164
 55 1 -2 279
 55 -3 1 18
 55 0 -2 290
 5 -1 4 358
 55 -3 -3 95
 5 0 4 262
 5 2 -3 8
 5 -3 3 252
 "contig-ratio-green-core" 1.2727272727272727
 "contig-ratio-red-core" 0.5454545454545454
 "a-count" 2
 "b-count" 8
 "c-color-count" 20
 "c-express-count" 20
 "d-color-count" 27
 "d-express-count" 26
 "cell-count" 56
 15 -2 2 53
 15 1 3 152
 15 -3 -1 158
 15 -1 3 215
 15 1 -3 58
 15 -2 0 196
 15 -3 0 146
 15 4 1 352
 15 4 -1 161
 15 -1 2 22
 15 3 -1 221
 15 3 3 237
 15 0 -3 177
 15 4 0 222
 15 -2 1 316
 15 -1 1 285
 15 -4 -1 88
 15 0 1 126
 15 -1 -4 47
 105 1 4 70
 15 1 2 289
 15 0 2 275
 15 -2 -1 35
 15 1 1 34
 15 0 3 122
 15 3 0 221
 15 2 -3 101
 15 -1 -3 16
 55 2 -1 260
 55 -3 1 36
 5 -1 4 208
 55 1 -2 7
 55 1 0 110
 55 0 0 259
 5 -2 -3 216
 55 -1 -1 61
 55 2 1 143
 55 2 3 127
 5 3 -2 2
 55 0 -2 238
 55 2 2 109
 5 3 2 121
 55 -3 2 91
 5 3 -3 50
 5 -4 0 277
 55 1 -1 200
 5 -4 1 224
 5 -3 -2 71
 55 2 0 275
 55 0 -4 84
 55 2 -2 80
 55 -1 0 157
 55 3 1 106
 55 -1 -2 91
 55 0 -1 82
 55 -2 -2 317
 "contig-ratio-green-core" 1.0588235294117647
 "contig-ratio-red-core" 0.7272727272727273
