 "a-count" 10
 "b-count" 1
 "c-color-count" 27
 "c-express-count" 27
 "d-color-count" 19
 "d-express-count" 18
 "cell-count" 56
 15 -4 1 139
 15 4 0 165
 105 -1 -4 328
 105 0 4 186
 105 3 -2 78
 105 1 -4 83
 15 -2 -2 298
 15 2 -1 333
 105 0 -4 94
 105 -4 0 72
 15 1 3 326
 15 -2 -1 100
 105 3 -3 43
 15 3 -1 110
 15 0 3 258
 15 4 -1 287
 105 -3 -1 325
 15 2 -3 328
 15 -3 3 164
 15 0 -3 236
 15 -1 3 180
 15 1 -2 34
 15 1 2 169
 15 -2 3 117
 105 -4 -1 100
 15 -3 -3 233
 15 -3 0 158
 15 2 -2 132
 55 0 1 208
 55 1 0 176
 55 1 1 57
 55 0 2 74
 55 2 0 50
 55 0 -1 270
 55 3 0 61
 55 -2 0 21
 55 -1 -2 112
 55 -2 2 310
 55 -3 2 257
 55 2 1 98
 55 0 -2 265
 5 -1 4 342
 55 -2 1 226
 55 0 0 181
 55 -2 -3 290
 55 3 3 105
 55 -3 1 210
 55 1 -1 110
 55 -1 0 312
 55 4 1 274
 55 -1 -3 102
 55 3 2 18
 55 -1 -1 163
 55 -4 2 57
 55 -1 2 254
 55 3 1 80
 "contig-ratio-green-core" 0.6666666666666666
 "contig-ratio-red-core" 1
 "a-count" 5
 "b-count" 4
 "c-color-count" 24
 "c-express-count" 24
 "d-color-count" 23
 "d-express-count" 23
 "cell-count" 56
 15 0 -4 254
 15 -1 2 118
 15 0 3 80
 15 2 -2 283
 15 -2 3 119
 15 0 -3 274
 105 -1 3 307
 15 1 -1 203
 105 -4 1 156
 15 -2 -3 249
 15 1 -2 17
 15 4 0 23
 105 3 3 238
 105 -1 4 147
 15 0 -2 309
 15 3 -2 298
 15 0 4 155
 15 -1 1 91
 15 -3 2 339
 15 -3 3 198
 15 2 -3 264
 15 1 -3 56
 15 3 2 323
 105 1 4 337
 15 -4 -1 172
 15 -2 2 98
 15 0 -1 86
 15 -2 1 247
 5 -3 -3 223
 55 1 -4 284
 55 1 1 315
 5 4 -1 62
 55 2 0 341
 55 -1 -1 346
 55 2 3 72
 55 3 1 183
 55 3 0 324
 55 -1 0 179
 55 -2 -2 347
 5 -2 -1 142
 55 -3 -2 50
 55 -4 0 0
 55 2 -1 245
 55 -3 0 295
 55 2 2 354
 55 2 1 18
 55 -3 -1 179
 55 1 3 251
 55 0 1 273
 5 3 -3 351
 55 -1 -2 91
 55 3 -1 133
 55 -3 1 30
 55 -2 0 143
 55 1 2 104
 55 0 2 112
 "contig-ratio-green-core" 0.7
 "contig-ratio-red-core" 0.7222222222222222
 "a-count" 9
 "b-count" 4
 "c-color-count" 24
 "c-express-count" 24
 "d-color-count" 21
 "d-express-count" 19
 "cell-count" 56
 15 3 -3 290
 15 -3 1 216
 15 -3 0 129
 15 3 0 206
 105 -3 -3 207
 15 0 -3 123
 15 3 -1 178
 15 0 -4 355
 105 -2 3 261
 15 -4 0 104
 15 2 2 292
 15 -1 2 262
 15 -2 -2 210
 15 0 3 196
 15 -1 -4 173
 15 4 -1 235
 105 2 3 232
 105 -4 -1 89
 15 3 -2 164
 15 -4 1 275
 105 1 4 279
 15 -2 2 130
 15 0 4 3
 105 -3 2 142
 15 -1 -3 319
 15 1 -3 255
 105 1 -4 180
 15 2 -3 216
 55 2 -2 335
 55 -1 0 157
 55 0 1 356
 55 0 2 243
 55 1 -1 187
 55 0 -2 266
 55 -1 -2 292
 5 3 2 206
 55 2 -1 79
 55 -2 1 350
 5 -3 3 87
 55 1 3 252
 55 -1 1 212
 5 -2 -3 93
 55 1 2 276
 55 1 1 95
 55 0 0 148
 55 2 0 147
 55 3 1 20
 5 4 1 215
 55 1 -2 59
 55 -2 0 128
 55 2 1 14
 55 0 -1 242
 55 -1 -1 127
 55 -2 -1 132
 55 -3 -1 15
 55 1 0 251
 "contig-ratio-green-core" 0.875
 "contig-ratio-red-core" 0.7777777777777778
 "a-count" 14
 "b-count" 3
 "c-color-count" 26
 "c-express-count" 25
 "d-color-count" 14
 "d-express-count" 14
 "cell-count" 56
 105 0 4 335
 105 3 -3 222
 15 4 0 216
 105 3 3 217
 105 2 -3 330
 15 -1 -3 126
 15 -2 -1 183
 15 3 2 132
 15 3 -1 24
 105 1 -3 241
 105 -1 -4 131
 105 2 3 127
 105 -2 3 42
 15 0 -3 354
 15 -3 -2 135
 15 -2 -3 155
 15 1 -2 171
 15 -2 2 185
 105 -3 -1 197
 15 3 -2 11
 15 -3 1 85
 105 0 -4 334
 105 1 -4 175
 105 -3 0 264
 15 -1 4 353
 105 2 -2 352
 105 -3 2 42
 15 -2 -2 177
 55 -1 -1 307
 55 -2 0 326
 55 0 1 323
 55 0 2 13
 55 -1 0 238
 55 0 -1 254
 55 1 3 236
 55 2 2 179
 55 3 0 19
 55 2 1 144
 55 0 3 305
 55 -1 3 263
 55 1 -1 11
 5 4 -1 324
 55 -3 -3 70
 55 -2 1 65
 5 -4 -1 286
 55 1 1 224
 55 0 0 36
 55 3 1 97
 55 -1 -2 102
 55 0 -2 60
 55 1 0 155
 55 2 -1 32
 55 -1 1 134
 55 2 0 30
 55 -1 2 274
 55 1 2 54
 "contig-ratio-green-core" 0.7857142857142857
 "contig-ratio-red-core" 1.0833333333333333
