 "a-count" 9
 "b-count" 4
 "c-color-count" 25
 "c-express-count" 24
 "d-color-count" 21
 "d-express-count" 19
 "cell-count" 56
 15 3 2 33
 15 -1 0 263
 105 -3 3 182
 15 2 -1 194
 15 -4 0 61
 15 2 -3 26
 15 3 1 220
 15 0 -1 29
 105 -1 -4 177
 15 -1 -1 11
 15 0 4 185
 15 2 2 116
 15 1 0 94
 15 -1 -2 3
 105 4 -1 142
 105 -2 -2 18
 15 4 0 127
 105 -3 -2 171
 15 1 4 169
 105 -3 -3 100
 15 -1 4 261
 15 -2 3 115
 15 -4 -1 38
 15 2 3 168
 15 2 -2 151
 15 -3 -1 298
 105 3 3 170
 15 1 -1 88
 55 1 1 24
 55 -1 1 67
 55 1 -4 181
 55 2 1 132
 55 -2 1 120
 55 -3 0 21
 55 0 1 14
 55 1 -3 324
 55 1 3 209
 5 3 -2 309
 55 0 -2 32
 55 -1 3 140
 5 3 -3 74
 55 -1 -3 55
 55 2 0 290
 55 0 -3 72
 55 0 2 112
 55 -2 2 252
 55 1 -2 299
 55 1 2 282
 55 -4 1 114
 55 0 -4 305
 55 3 0 263
 55 3 -1 74
 55 0 3 55
 55 -1 2 115
 55 -2 0 275
 5 4 1 165
 "contig-ratio-green-core" 0.9
 "contig-ratio-red-core" 0.9444444444444444
 "a-count" 6
 "b-count" 5
 "c-color-count" 24
 "c-express-count" 23
 "d-color-count" 22
 "d-express-count" 22
 "cell-count" 56
 105 -3 -1 92
 15 -2 -3 60
 15 -1 3 272
 105 3 -3 272
 15 1 3 111
 15 -3 0 150
 15 -2 -2 111
 15 0 -3 281
 15 -4 0 247
 15 2 2 10
 15 2 3 359
 15 -4 -1 13
 105 -1 4 257
 15 0 4 253
 15 -2 2 98
 15 0 3 134
 15 -2 -1 67
 105 1 4 3
 15 -1 -3 149
 15 3 2 118
 15 2 -1 345
 15 -2 0 102
 15 4 -1 349
 15 2 -2 241
 105 1 -4 299
 15 3 -1 253
 105 3 3 336
 15 -1 2 191
 5 4 1 189
 55 4 0 291
 55 3 1 177
 55 1 0 306
 55 3 0 217
 55 0 -1 146
 55 1 -1 94
 55 -3 1 116
 5 3 -2 43
 55 -1 0 48
 5 4 2 248
 55 2 1 110
 55 -2 3 123
 55 1 2 73
 55 2 0 317
 55 -4 2 47
 55 0 -2 133
 55 0 2 11
 55 0 0 345
 55 1 -2 15
 55 0 -4 55
 55 -1 -2 245
 55 0 1 189
 55 -1 -1 4
 5 -1 -4 111
 55 -3 -3 88
 55 -3 2 199
 55 -1 1 341
 "contig-ratio-green-core" 0.8
 "contig-ratio-red-core" 0.8947368421052632
 "a-count" 8
 "b-count" 5
 "c-color-count" 24
 "c-express-count" 23
 "d-color-count" 20
 "d-express-count" 20
 "cell-count" 56
 105 1 -3 354
 15 3 -2 283
 15 3 1 96
 105 -3 3 197
 15 -3 2 237
 15 0 -2 220
 105 -2 -3 217
 15 1 4 84
 15 3 0 226
 15 -3 -2 326
 15 2 3 296
 15 -1 3 30
 15 1 -2 226
 15 0 4 334
 15 -3 -1 300
 15 -2 3 335
 15 2 0 344
 15 2 2 65
 15 -1 -3 342
 15 2 -2 126
 105 2 -3 299
 105 1 -4 235
 15 -3 0 250
 105 -4 0 355
 15 4 0 48
 105 3 3 71
 105 3 -1 203
 15 4 -1 46
 55 1 1 294
 55 -2 2 262
 55 1 2 238
 55 -1 -1 145
 55 1 0 100
 55 -2 -2 34
 55 -2 0 29
 55 -2 1 99
 55 -2 -1 77
 55 0 1 244
 55 1 -1 261
 55 -1 -4 87
 55 2 1 233
 55 -1 2 171
 55 -1 1 213
 55 1 3 143
 55 0 2 86
 55 0 -3 242
 5 -1 4 196
 5 -3 1 249
 5 3 2 1
 5 -3 -3 179
 55 0 0 14
 55 -1 0 128
 55 3 -3 52
 55 0 3 160
 55 0 -1 6
 55 0 -4 105
 "contig-ratio-green-core" 0.9375
 "contig-ratio-red-core" 0.8235294117647058
 "a-count" 8
 "b-count" 2
 "c-color-count" 26
 "c-express-count" 26
 "d-color-count" 22
 "d-express-count" 20
 "cell-count" 56
 15 0 4 307
 105 -4 -2 215
 15 -1 -3 199
 15 -3 2 115
 15 3 -3 255
 105 4 1 120
 15 -2 2 321
 105 1 4 166
 105 4 -1 135
 15 -4 0 221
 15 2 2 346
 15 3 0 18
 15 -3 -2 57
 15 1 -2 236
 15 -4 -1 75
 15 0 -3 217
 15 -1 4 334
 15 1 -1 1
 15 2 3 85
 15 -2 -2 151
 15 1 3 234
 15 -2 -3 78
 105 0 -4 227
 105 -4 1 148
 15 3 -1 196
 15 1 -3 97
 15 2 -1 56
 15 -3 1 181
 55 0 -1 343
 55 -1 2 327
 55 1 1 86
 55 -1 -1 83
 55 0 1 160
 55 2 -3 332
 55 0 0 177
 55 -2 1 165
 55 -1 0 257
 55 1 -4 108
 55 0 3 339
 5 -3 -3 142
 55 -2 0 228
 55 -1 3 119
 55 -1 1 92
 55 -2 -1 205
 5 3 -2 148
 55 1 0 174
 55 2 0 278
 55 0 -2 0
 55 1 2 257
 55 2 1 17
 55 0 2 167
 55 -1 -2 291
 55 3 1 275
 55 -3 -1 339
 55 -3 0 127
 55 3 3 289
 "contig-ratio-green-core" 1.0666666666666667
 "contig-ratio-red-core" 1.2142857142857142
