 "a-count" 7
 "b-count" 3
 "c-color-count" 26
 "c-express-count" 25
 "d-color-count" 23
 "d-express-count" 21
 "cell-count" 56
 15 0 3 146
 15 4 0 37
 105 1 -3 85
 15 3 -3 274
 15 -3 -3 82
 15 -2 2 6
 15 -1 -4 225
 15 -3 -1 93
 105 4 -1 196
 15 -3 1 337
 15 2 2 328
 15 3 -1 290
 15 -2 -2 24
 15 -1 3 187
 105 -4 1 302
 15 1 2 243
 15 2 1 335
 105 2 -2 60
 105 0 4 217
 15 0 -4 81
 15 -2 3 237
 15 -3 -2 37
 15 -3 0 47
 15 1 1 119
 15 3 2 180
 15 -2 -3 43
 15 3 0 186
 15 -3 2 47
 55 1 3 119
 55 1 -1 51
 5 1 -4 235
 55 2 0 113
 55 3 3 224
 5 -4 0 52
 55 1 -2 158
 55 0 -1 162
 55 0 -2 270
 55 1 0 274
 55 0 -3 250
 55 -1 0 219
 55 -2 1 50
 55 -1 1 233
 55 0 2 346
 55 -3 3 235
 55 -1 -2 304
 55 -1 -1 7
 55 3 1 169
 55 -1 2 356
 55 -1 -3 80
 55 2 -1 313
 55 1 4 161
 55 4 1 59
 55 -2 0 243
 55 2 -3 179
 55 -2 -1 121
 55 0 1 278
 "contig-ratio-green-core" 0.8947368421052632
 "contig-ratio-red-core" 0.8421052631578947
 "a-count" 6
 "b-count" 4
 "c-color-count" 25
 "c-express-count" 24
 "d-color-count" 22
 "d-express-count" 22
 "cell-count" 56
 15 0 2 49
 15 4 1 85
 105 3 -2 70
 15 2 1 323
 15 -4 1 149
 15 4 0 47
 105 -3 3 272
 15 1 4 233
 15 1 -4 72
 15 1 2 321
 15 -3 -2 322
 15 -2 2 185
 15 -1 -3 288
 15 -3 1 35
 15 0 -4 116
 15 3 1 16
 15 2 2 72
 105 -1 4 351
 105 -2 3 193
 15 -3 -1 218
 15 1 3 285
 105 3 -3 46
 15 -1 2 177
 15 -1 3 204
 15 -4 2 202
 15 2 -2 137
 15 1 1 278
 105 3 3 82
 55 1 0 23
 55 -2 -2 68
 55 2 0 342
 55 3 0 6
 55 -3 2 53
 55 1 -2 6
 55 -2 0 151
 55 1 -3 140
 55 -1 -1 321
 55 0 4 139
 55 2 3 210
 55 2 -1 237
 55 0 0 2
 5 2 -3 17
 55 3 -1 249
 55 0 1 334
 55 4 -1 261
 55 1 -1 40
 55 0 -1 323
 55 0 -3 40
 55 -1 -2 160
 55 -2 1 254
 5 -1 -4 240
 5 -3 -3 112
 55 -2 -1 78
 55 -1 0 174
 55 0 -2 51
 55 -1 1 47
 "contig-ratio-green-core" 0.875
 "contig-ratio-red-core" 0.9411764705882353
 "a-count" 2
 "b-count" 4
 "c-color-count" 24
 "c-express-count" 24
 "d-color-count" 26
 "d-express-count" 26
 "cell-count" 56
 15 2 -2 356
 15 0 4 26
 15 3 -2 61
 105 1 4 169
 15 -4 2 342
 15 3 -1 1
 15 0 -2 93
 15 -4 0 125
 15 2 3 109
 15 2 2 151
 105 1 -4 349
 15 4 -1 72
 15 -1 4 9
 15 -3 -2 339
 15 2 -3 192
 15 -3 -1 310
 15 1 -2 63
 15 3 1 25
 15 3 3 159
 15 1 -3 358
 15 3 0 105
 15 0 -3 321
 15 0 3 290
 15 2 -1 110
 15 3 -3 41
 15 1 3 349
 15 3 2 77
 15 -4 1 268
 55 -1 3 343
 5 -1 -4 68
 55 2 1 122
 5 4 0 244
 5 -2 3 58
 55 -1 0 344
 55 -1 -2 185
 55 1 1 112
 55 -3 1 49
 55 0 -1 182
 55 0 2 272
 55 1 2 43
 55 0 0 149
 55 2 0 5
 55 1 -1 41
 55 -2 1 273
 55 -2 -3 82
 55 -2 0 60
 55 -3 0 268
 55 -1 -1 114
 55 -1 2 89
 55 0 1 285
 55 1 0 193
 55 -2 -1 110
 55 -1 1 303
 5 -3 -3 46
 55 -1 -3 8
 55 -2 -2 347
 "contig-ratio-green-core" 0.875
 "contig-ratio-red-core" 0.6
 "a-count" 6
 "b-count" 3
 "c-color-count" 25
 "c-express-count" 25
 "d-color-count" 23
 "d-express-count" 22
 "cell-count" 56
 15 2 3 192
 15 -2 3 189
 15 3 -1 89
 15 -2 -2 12
 105 3 3 4
 15 -4 -1 106
 15 1 -3 201
 15 -3 1 260
 15 2 -2 124
 15 1 -4 177
 105 -2 -3 56
 15 0 4 5
 15 -2 1 144
 15 0 -3 224
 105 -4 1 315
 15 -1 -3 124
 15 -3 -2 289
 105 3 1 105
 15 -1 3 262
 15 0 3 206
 15 -1 1 213
 15 -1 2 252
 15 1 4 72
 105 -2 2 173
 15 -4 0 100
 15 2 2 2
 15 0 -4 220
 15 -3 2 325
 55 0 -2 9
 55 -1 -1 163
 55 -2 0 57
 55 1 2 257
 55 -4 -2 8
 55 -1 4 53
 5 3 2 187
 55 -3 -1 89
 55 0 -1 45
 5 4 1 121
 55 -2 -1 151
 55 -1 0 11
 55 0 0 258
 55 -1 -2 245
 55 0 1 76
 55 1 0 176
 55 1 3 300
 55 1 -1 171
 5 4 -1 252
 55 1 1 2
 55 3 0 210
 55 0 2 188
 55 2 1 123
 55 2 0 321
 55 -1 -4 159
 55 -3 0 353
 55 2 -1 304
 55 1 -2 38
 "contig-ratio-green-core" 1.1333333333333333
 "contig-ratio-red-core" 0.8421052631578947
