 "a-count" 7
 "b-count" 5
 "c-color-count" 25
 "c-express-count" 23
 "d-color-count" 22
 "d-express-count" 21
 "cell-count" 56
 15 2 3 222
 15 -3 -1 173
 15 -2 2 257
 15 -1 2 88
 15 0 -4 283
 15 -2 -2 28
 105 4 1 143
 105 2 2 60
 105 -4 -1 318
 15 1 4 252
 15 -1 3 69
 15 2 1 281
 15 -3 0 307
 15 1 -2 351
 15 1 -3 282
 15 -2 -3 326
 15 -3 3 242
 105 2 -3 318
 15 0 3 10
 105 -3 -2 268
 15 -2 1 299
 15 1 3 344
 15 2 -2 25
 15 -3 1 256
 15 -3 2 317
 15 0 4 346
 15 0 2 319
 105 4 -1 221
 55 3 -1 118
 55 -2 -1 148
 55 0 -2 155
 55 1 2 343
 55 -1 -3 272
 55 1 -1 50
 55 -1 -2 322
 5 -1 4 36
 55 -2 0 97
 5 4 0 37
 55 1 -4 356
 55 -1 -1 93
 55 3 3 310
 55 1 0 275
 55 0 -3 67
 55 1 1 68
 55 0 -1 339
 55 -1 0 38
 55 0 1 214
 55 0 0 4
 55 -2 3 260
 55 0 2 215
 55 0 -1 103
 55 3 0 333
 55 2 0 294
 55 -1 1 68
 55 2 -1 71
 5 -1 -4 229
 "contig-ratio-green-core" 0.9333333333333333
 "contig-ratio-red-core" 0.85
 "a-count" 11
 "b-count" 4
 "c-color-count" 24
 "c-express-count" 24
 "d-color-count" 19
 "d-express-count" 17
 "cell-count" 56
 15 -4 0 46
 105 0 -4 242
 105 3 3 18
 105 -1 -4 340
 15 2 2 6
 15 -3 -1 333
 105 -3 -3 216
 15 -3 1 20
 105 3 -2 351
 105 1 -4 321
 15 -1 3 186
 15 -4 -1 189
 15 0 3 26
 15 -1 -3 354
 15 4 0 224
 15 2 -2 100
 105 -2 -3 32
 15 2 -1 234
 15 2 -3 128
 15 -2 1 135
 15 1 3 95
 15 -3 -2 1
 15 4 1 252
 105 0 4 165
 105 -1 4 153
 15 3 1 68
 15 -2 2 118
 15 1 4 230
 55 0 -3 39
 55 2 0 216
 55 -1 0 15
 55 -1 1 252
 55 3 0 148
 55 0 1 191
 55 -4 1 213
 55 0 -1 207
 55 1 0 335
 55 2 1 272
 55 0 2 235
 55 0 0 150
 55 -2 -1 234
 55 -2 0 3
 55 -2 -2 294
 55 -1 -1 5
 5 -2 3 346
 55 1 2 144
 55 -1 -2 107
 55 -1 2 174
 55 1 -3 284
 5 -3 2 325
 55 0 -2 95
 5 3 -1 78
 55 1 -2 167
 5 3 2 265
 55 1 -1 337
 55 1 1 153
 "contig-ratio-green-core" 0.9333333333333333
 "contig-ratio-red-core" 0.8823529411764706
 "a-count" 5
 "b-count" 3
 "c-color-count" 26
 "c-express-count" 25
 "d-color-count" 24
 "d-express-count" 23
 "cell-count" 56
 15 -4 0 317
 105 -3 -2 270
 15 0 -4 28
 15 2 3 341
 105 2 4 170
 15 -4 2 331
 15 3 -2 212
 15 1 4 227
 15 3 -1 121
 15 3 1 140
 15 -1 2 53
 15 -2 -2 339
 15 -2 -1 84
 15 3 0 347
 15 -1 -3 317
 15 -2 1 79
 15 -1 3 84
 15 -3 -1 124
 105 4 -1 201
 105 2 -3 13
 15 0 -3 202
 15 1 -4 207
 15 3 2 132
 15 -2 0 163
 15 -2 3 132
 15 -4 1 144
 15 -1 1 73
 15 0 4 61
 55 -4 -1 163
 55 0 2 17
 55 0 1 348
 55 -1 0 37
 55 2 -1 226
 55 -3 -3 246
 55 1 1 267
 55 1 -1 247
 55 2 -2 168
 55 1 3 196
 55 -2 -3 113
 55 1 -2 359
 55 0 -2 15
 55 -3 2 58
 55 2 1 310
 55 0 -1 195
 55 -1 -2 227
 5 3 3 106
 55 0 3 182
 55 0 0 195
 55 -1 -1 209
 55 4 0 67
 5 -1 4 130
 55 2 2 339
 55 -3 3 296
 55 1 2 291
 55 1 0 13
 55 2 0 140
 "contig-ratio-green-core" 1
 "contig-ratio-red-core" 0.7777777777777778
 "a-count" 8
 "b-count" 3
 "c-color-count" 25
 "c-express-count" 25
 "d-color-count" 20
 "d-express-count" 20
 "cell-count" 56
 15 3 2 35
 15 3 -1 57
 15 -4 1 54
 105 3 3 106
 15 -3 -1 103
 15 -4 0 191
 15 -2 1 312
 15 -2 -2 87
 15 -2 -1 61
 105 0 -4 290
 15 -4 -1 118
 15 3 1 185
 105 4 0 79
 15 0 -3 72
 105 3 -3 13
 105 -3 -2 297
 105 -1 -3 315
 15 -2 -3 247
 15 -3 1 10
 105 0 4 229
 15 -2 0 49
 15 4 -1 162
 15 3 0 193
 15 2 3 339
 105 -1 -4 313
 15 2 -3 280
 15 1 -4 31
 15 1 -3 330
 55 -1 -2 53
 55 1 -2 335
 55 2 1 129
 55 2 2 114
 55 1 1 175
 5 -2 3 166
 55 -1 4 151
 55 2 0 46
 55 1 2 210
 55 -1 -1 81
 55 -1 2 103
 55 1 3 308
 55 0 2 297
 55 1 0 60
 55 0 -2 64
 55 -2 2 13
 55 2 -2 335
 55 -1 0 24
 55 0 3 312
 55 0 0 5
 55 -3 2 132
 5 4 1 338
 55 0 -1 275
 55 0 1 6
 5 3 -2 223
 55 -1 1 48
 55 1 -1 153
 55 2 -1 7
 "contig-ratio-green-core" 0.8125
 "contig-ratio-red-core" 0.7142857142857143
