 "a-count" 5
 "b-count" 3
 "c-color-count" 25
 "c-express-count" 25
 "d-color-count" 25
 "d-express-count" 23
 "cell-count" 56
 15 -3 2 184
 15 0 -3 4
 15 -2 -3 47
 15 -3 -2 24
 15 -1 -3 348
 105 0 -4 4
 105 -1 4 234
 15 4 1 57
 15 2 3 219
 15 2 -2 64
 15 3 2 262
 15 -1 3 273
 15 -2 -4 67
 15 1 3 13
 15 -1 -4 153
 15 1 -4 294
 15 0 3 10
 105 3 -3 20
 15 3 1 234
 15 -3 -3 38
 15 3 0 125
 15 1 -3 73
 15 4 0 358
 15 -2 2 285
 15 4 -1 309
 15 -1 2 347
 15 1 -2 190
 15 3 -1 86
 55 3 -2 355
 55 -2 0 215
 55 0 -2 102
 55 0 -1 202
 55 1 2 63
 55 -4 0 90
 55 2 -1 348
 55 -3 3 190
 55 1 1 339
 55 -1 -1 348
 5 3 3 276
 55 2 2 157
 55 -2 -2 274
 55 0 0 295
 55 1 -1 106
 5 -4 -1 289
 55 -1 0 122
 55 2 1 263
 55 1 0 25
 5 -4 1 287
 55 -2 -1 14
 55 0 2 217
 55 -1 -2 290
 55 2 0 79
 55 -3 1 189
 55 -3 0 129
 55 -3 -1 140
 55 2 -3 351
 "contig-ratio-green-core" 0.8823529411764706
 "contig-ratio-red-core" 0.6363636363636364
 "a-count" 9
 "b-count" 5
 "c-color-count" 24
 "c-express-count" 23
 "d-color-count" 19
 "d-express-count" 19
 "cell-count" 56
 105 -4 -1 295
 15 3 1 310
 15 2 -3 275
 105 -4 1 195
 15 0 -3 294
 105 1 -4 192
 105 2 3 112
 105 -3 0 102
 15 -2 1 36
 15 2 -1 289
 15 -2 -2 207
 15 1 -3 231
 15 -2 3 325
 15 -3 1 83
 105 4 0 12
 15 1 3 92
 105 -4 0 14
 105 2 -2 6
 15 -3 -2 32
 105 -2 -1 92
 15 3 -1 170
 15 4 1 288
 15 3 0 16
 15 2 2 212
 15 -1 4 144
 15 -2 2 309
 15 3 2 128
 15 0 -4 86
 55 -1 -3 176
 55 -1 -1 141
 55 -3 2 24
 55 0 2 353
 55 0 -2 87
 55 2 0 271
 5 3 3 278
 55 -1 2 49
 55 -1 1 156
 55 0 1 353
 55 1 -2 112
 55 -1 -2 246
 55 1 2 309
 55 1 1 108
 55 -1 0 286
 55 0 4 143
 5 3 -2 192
 55 0 0 319
 55 1 0 251
 55 -2 -3 268
 5 1 4 93
 55 0 3 329
 5 -1 -4 320
 55 -1 3 312
 55 2 1 195
 55 -2 0 214
 55 1 -1 94
 55 0 -1 159
 "contig-ratio-green-core" 0.75
 "contig-ratio-red-core" 0.8235294117647058
 "a-count" 4
 "b-count" 4
 "c-color-count" 24
 "c-express-count" 24
 "d-color-count" 25
 "d-express-count" 24
 "cell-count" 56
 15 3 3 124
 15 2 0 226
 15 -4 -1 170
 15 3 -1 238
 15 -1 -3 6
 15 2 4 201
 15 1 -3 309
 15 3 0 264
 15 2 2 65
 15 -3 0 24
 15 -1 -1 41
 15 2 3 64
 15 -1 -2 155
 15 -3 2 31
 15 -1 -4 312
 105 4 -1 211
 15 -3 1 137
 15 0 -3 231
 15 3 -2 127
 15 3 2 210
 15 0 -2 215
 15 2 1 316
 15 -4 0 169
 105 3 1 300
 15 -4 1 221
 105 4 0 278
 15 3 -3 321
 15 -2 -2 46
 55 1 4 217
 55 0 2 257
 55 -1 2 310
 55 -2 3 354
 55 -3 3 183
 55 0 -1 146
 55 0 3 358
 55 -2 2 151
 55 -1 0 71
 55 1 -4 114
 55 -2 1 86
 55 -3 -3 301
 5 4 1 283
 55 2 -1 190
 55 -3 -2 53
 55 -1 1 282
 55 0 -4 44
 55 0 1 252
 55 0 4 351
 55 1 2 317
 55 1 0 85
 5 -2 -1 28
 55 1 3 130
 55 1 -1 220
 55 0 0 194
 5 -2 -3 212
 5 -1 4 124
 55 1 1 230
 "contig-ratio-green-core" 0.7
 "contig-ratio-red-core" 0.6363636363636364
 "a-count" 10
 "b-count" 4
 "c-color-count" 24
 "c-express-count" 24
 "d-color-count" 19
 "d-express-count" 18
 "cell-count" 56
 105 4 -1 32
 15 2 3 49
 15 3 0 289
 15 -1 -2 64
 15 -1 2 201
 15 -2 -2 88
 15 1 2 14
 15 0 2 177
 105 -1 -4 327
 105 2 -3 248
 15 3 -3 55
 15 0 3 193
 105 1 3 279
 15 2 -2 81
 15 3 -1 323
 15 3 -2 88
 105 -1 -3 5
 105 4 0 207
 15 -3 -2 263
 15 3 1 72
 15 -1 4 271
 15 -1 3 10
 15 0 4 249
 15 -3 3 145
 105 -3 -1 194
 15 -2 3 4
 105 1 4 13
 105 3 3 132
 55 0 -1 69
 55 0 -2 118
 55 1 1 108
 55 1 -3 143
 5 1 -4 55
 55 1 -1 300
 5 -3 -3 123
 5 -3 2 94
 55 -2 1 299
 55 2 1 103
 55 1 -2 286
 55 -3 0 211
 55 -2 2 314
 55 1 0 275
 55 -1 -1 145
 55 -4 0 68
 55 2 0 233
 55 0 1 107
 55 0 -3 25
 55 -2 -1 354
 55 -1 0 50
 55 3 2 152
 55 2 -1 320
 55 -1 1 73
 55 0 0 264
 55 -2 0 62
 55 2 2 72
 5 -2 -3 145
 "contig-ratio-green-core" 0.6470588235294118
 "contig-ratio-red-core" 0.8571428571428571
