 "a-count" 12
 "b-count" 5
 "c-color-count" 23
 "c-express-count" 23
 "d-color-count" 16
 "d-express-count" 16
 "cell-count" 56
 105 3 -3 274
 15 -1 3 266
 105 -1 -4 72
 15 -2 1 30
 15 -2 2 150
 15 0 2 333
 105 -3 -2 203
 105 -1 4 277
 15 3 -1 287
 15 -1 1 357
 105 0 4 141
 15 -1 2 52
 15 2 -1 116
 15 3 2 264
 105 2 -3 352
 105 1 4 123
 15 -2 3 68
 15 3 0 268
 105 1 -4 196
 105 0 3 293
 15 -2 -2 224
 15 2 3 94
 15 1 3 330
 105 1 -3 32
 15 2 -2 76
 15 1 -2 326
 105 -2 -3 44
 105 3 -2 351
 55 -2 -1 294
 55 1 0 191
 55 1 1 32
 5 3 3 236
 55 0 -3 93
 5 -4 -1 0
 55 0 -1 37
 55 3 1 23
 55 -1 -1 204
 55 -1 -2 80
 55 -3 -1 26
 55 2 0 100
 55 2 2 310
 55 1 2 315
 55 -1 0 168
 55 -3 3 352
 5 0 0 285
 55 -4 0 306
 55 0 -2 325
 55 0 1 140
 5 -3 2 91
 55 -3 0 262
 55 -4 1 347
 55 -2 0 182
 55 1 -1 25
 55 -3 -3 235
 55 2 1 359
 5 4 1 195
 "contig-ratio-green-core" 0.6875
 "contig-ratio-red-core" 1
 "a-count" 4
 "b-count" 5
 "c-color-count" 23
 "c-express-count" 23
 "d-color-count" 24
 "d-express-count" 24
 "cell-count" 56
 15 2 -3 313
 15 4 1 20
 15 1 4 339
 15 1 3 295
 15 3 1 95
 105 3 -3 22
 15 -3 -2 285
 105 -2 0 195
 15 -3 1 147
 15 0 -2 302
 15 -2 -1 348
 105 -4 1 96
 15 -2 1 235
 15 -2 2 253
 15 4 0 316
 15 2 -2 323
 15 0 -3 114
 15 -1 4 254
 105 -3 3 90
 15 -1 3 1
 15 -4 0 54
 15 0 4 75
 15 -1 -3 13
 15 1 -2 109
 15 1 -3 240
 15 4 -1 268
 15 -1 -2 92
 15 0 3 107
 55 -2 3 324
 55 -1 1 58
 55 -2 -2 323
 55 -2 -3 84
 5 2 3 299
 55 3 3 210
 55 -1 0 346
 55 1 -1 114
 55 0 -1 286
 55 0 -4 169
 55 0 0 325
 55 2 2 185
 55 2 0 318
 5 -3 -3 225
 55 0 2 6
 5 1 0 102
 55 2 1 108
 55 -1 2 119
 55 1 1 222
 55 -1 -1 190
 55 2 -1 234
 55 -3 2 183
 5 1 -4 45
 55 1 2 306
 5 3 2 303
 55 3 0 187
 55 0 1 135
 55 3 -1 305
 "contig-ratio-green-core" 1
 "contig-ratio-red-core" 0.7619047619047619
