 "a-count" 6
 "b-count" 2
 "c-color-count" 26
 "c-express-count" 26
 "d-color-count" 23
 "d-express-count" 22
 "cell-count" 56
 15 -2 1 195
 15 -3 2 178
 15 1 4 270
 15 1 -4 19
 15 -1 4 328
 105 3 -2 169
 15 4 1 50
 105 3 -3 217
 15 0 -2 230
 105 3 -1 24
 15 0 -3 4
 15 3 0 192
 15 3 3 57
 105 4 0 318
 15 -2 3 78
 15 -4 1 240
 15 0 4 2
 15 2 -2 201
 15 -1 -2 162
 15 1 -2 84
 15 -1 -4 132
 15 -3 3 357
 15 -3 -1 89
 15 1 -3 70
 15 -3 -2 187
 15 -2 2 15
 105 -4 0 129
 15 -1 3 133
 55 -2 -2 205
 55 -2 0 50
 55 1 0 271
 55 2 1 28
 5 2 -3 318
 55 2 3 280
 55 2 0 141
 55 -2 4 144
 55 3 2 19
 55 1 2 201
 55 1 3 317
 55 0 -1 359
 55 -2 -1 258
 55 0 -4 230
 55 0 1 226
 55 0 2 243
 55 -1 1 247
 5 -3 1 155
 55 0 3 25
 55 -3 0 337
 55 -1 -1 200
 55 2 2 52
 55 1 -1 312
 55 3 1 313
 55 2 -1 86
 55 0 0 164
 55 -1 2 216
 55 -1 0 179
 "contig-ratio-green-core" 0.7
 "contig-ratio-red-core" 0.7894736842105263
 "a-count" 10
 "b-count" 1
 "c-color-count" 28
 "c-express-count" 27
 "d-color-count" 20
 "d-express-count" 18
 "cell-count" 56
 15 -3 -3 208
 15 3 1 116
 15 0 4 326
 15 -3 2 327
 15 1 -4 124
 15 2 3 78
 15 1 4 219
 105 3 -1 292
 15 0 -4 201
 105 -1 4 347
 15 -3 1 350
 105 -1 -4 207
 15 -2 2 7
 15 3 3 11
 15 -1 3 54
 105 3 -2 179
 105 2 -2 107
 15 0 -3 0
 15 -3 3 290
 15 4 1 139
 15 -4 0 206
 105 -2 -3 242
 105 -2 3 300
 15 3 2 122
 105 4 0 334
 15 -1 -3 188
 15 -4 -1 129
 15 -1 -5 267
 55 2 2 245
 55 -3 -2 23
 55 2 0 143
 55 0 -2 14
 55 -3 -1 350
 55 -1 1 153
 55 1 -2 317
 55 2 -3 219
 55 -1 0 192
 55 1 1 142
 55 0 3 231
 55 1 3 297
 55 0 -1 227
 55 0 1 242
 55 -2 -2 126
 55 -1 2 244
 55 -1 -2 18
 55 1 -3 187
 55 1 -1 92
 55 0 2 146
 55 1 0 120
 55 -1 -1 184
 55 -2 -1 276
 55 2 1 111
 55 1 2 123
 55 0 0 86
 55 2 -1 222
 55 -2 1 29
 "contig-ratio-green-core" 0.7222222222222222
 "contig-ratio-red-core" 0.6111111111111112
 "a-count" 9
 "b-count" 6
 "c-color-count" 25
 "c-express-count" 22
 "d-color-count" 20
 "d-express-count" 19
 "cell-count" 56
 15 3 3 226
 15 -3 1 296
 105 -3 -3 279
 105 -1 -4 247
 15 2 -1 138
 15 -3 2 196
 15 -4 2 187
 105 3 -3 328
 15 2 3 298
 15 0 3 205
 15 -2 -3 315
 15 -2 1 29
 15 1 4 77
 15 3 -1 47
 105 -3 -2 169
 105 -4 -1 181
 105 1 2 133
 15 2 2 158
 15 -1 3 255
 15 -3 0 117
 15 -2 2 307
 15 4 -1 344
 15 0 4 162
 15 1 -3 229
 105 -2 -1 23
 15 3 0 15
 105 0 -3 207
 15 -2 0 17
 55 2 1 21
 55 3 1 262
 55 -4 1 100
 5 1 -4 262
 55 0 -1 298
 55 0 0 29
 5 -1 4 307
 55 1 -2 39
 55 4 0 27
 55 -1 0 335
 55 -1 1 274
 55 0 -2 98
 55 0 1 34
 55 -1 2 306
 55 1 0 154
 55 -1 -1 345
 55 -1 -2 170
 55 2 -3 212
 5 -2 3 90
 55 1 1 180
 55 -3 3 46
 55 -2 -2 298
 55 1 -1 232
 55 -3 -1 125
 55 -1 -3 43
 55 -4 0 347
 55 0 2 222
 55 2 -2 282
 "contig-ratio-green-core" 0.7222222222222222
 "contig-ratio-red-core" 0.85
 "a-count" 8
 "b-count" 1
 "c-color-count" 27
 "c-express-count" 27
 "d-color-count" 22
 "d-express-count" 20
 "cell-count" 56
 105 2 -3 67
 105 1 -4 33
 15 -2 -1 85
 15 1 3 194
 15 4 0 157
 105 3 2 272
 105 -1 -4 118
 15 3 0 311
 15 2 -2 309
 15 -2 -3 212
 15 -4 2 343
 105 3 3 211
 15 4 -1 76
 15 1 4 147
 15 2 -1 15
 15 2 4 72
 15 -3 2 336
 15 -3 -2 90
 15 2 3 8
 15 1 -3 324
 15 2 2 339
 105 3 -3 312
 15 3 -2 235
 15 -2 -2 240
 15 3 1 264
 15 -1 -3 144
 15 -3 -1 237
 15 0 -4 113
 55 -3 -3 14
 55 1 2 306
 55 0 0 28
 55 2 1 120
 55 -1 1 310
 55 -2 1 71
 55 1 -1 89
 55 0 2 344
 55 -2 2 263
 55 0 -1 309
 55 3 -1 118
 55 -3 1 93
 55 1 -2 227
 55 0 -3 272
 55 0 -2 319
 55 2 0 115
 55 1 1 87
 55 -1 0 70
 55 -1 -1 344
 55 -2 0 320
 55 -1 2 300
 55 -3 0 235
 55 1 0 119
 55 -1 -2 212
 55 4 1 97
 5 -1 4 150
 55 0 1 353
 55 -1 3 331
 "contig-ratio-green-core" 1
 "contig-ratio-red-core" 0.7894736842105263
