 "a-count" 6
 "b-count" 6
 "c-color-count" 22
 "c-express-count" 22
 "d-color-count" 24
 "d-express-count" 22
 "cell-count" 56
 105 -4 -1 245
 15 2 2 99
 15 -2 2 2
 15 -3 -1 263
 15 -3 0 113
 15 1 -4 159
 15 -2 -2 76
 15 2 3 18
 105 -3 -3 309
 15 1 3 6
 15 1 5 359
 15 -2 -4 103
 105 3 -2 246
 15 -2 3 335
 15 1 4 197
 15 0 4 213
 15 1 -1 143
 15 -3 1 142
 15 4 0 68
 15 0 2 178
 15 -2 -3 246
 15 0 5 264
 15 1 -2 297
 15 3 3 349
 15 -1 2 221
 15 1 -3 70
 105 -4 0 190
 15 0 -4 214
 55 0 1 120
 55 -1 -2 59
 55 3 1 5
 55 -3 2 7
 55 -2 1 317
 55 -1 -3 305
 55 1 0 195
 55 2 1 117
 55 -2 0 105
 55 2 0 280
 55 -1 -1 29
 55 0 -1 96
 5 2 -2 342
 55 -1 0 86
 5 -3 -2 26
 55 1 2 297
 5 -1 4 317
 5 -4 1 75
 55 0 -3 160
 5 0 3 70
 55 -2 -1 342
 55 2 -1 177
 55 3 0 17
 55 0 0 77
 55 1 1 176
 55 -1 1 214
 55 0 -2 226
 5 4 -1 349
 "contig-ratio-green-core" 1
 "contig-ratio-red-core" 0.65
 "a-count" 6
 "b-count" 2
 "c-color-count" 26
 "c-express-count" 26
 "d-color-count" 22
 "d-express-count" 22
 "cell-count" 56
 15 3 0 150
 15 2 2 64
 15 3 -1 265
 15 2 -3 102
 15 -2 -3 299
 15 0 -2 75
 15 -2 3 140
 15 -3 1 313
 105 2 3 170
 15 3 -2 344
 15 -3 2 279
 105 3 -3 255
 15 1 -2 145
 105 -3 -3 148
 105 -1 -4 188
 15 -4 -1 216
 15 -1 4 152
 105 -3 3 108
 15 1 3 236
 15 1 -3 314
 15 2 -2 84
 15 0 -3 349
 15 1 2 313
 15 -1 -3 134
 15 -3 -2 229
 15 4 0 182
 105 4 -1 315
 15 -4 0 142
 55 -3 0 46
 55 -1 3 99
 55 0 4 135
 55 0 3 197
 55 -1 2 251
 55 -2 2 274
 55 -2 -2 264
 55 1 -1 338
 55 -2 0 324
 55 0 -1 161
 55 -2 1 107
 5 -4 1 305
 55 -1 -2 338
 55 -3 -1 358
 5 1 4 39
 55 0 2 18
 55 3 1 143
 55 0 0 217
 55 2 -1 124
 55 0 -4 174
 55 2 0 270
 55 -2 -1 263
 55 1 0 296
 55 0 1 144
 55 -1 -1 51
 55 1 1 327
 55 2 1 89
 55 3 3 234
 "contig-ratio-green-core" 0.8095238095238095
 "contig-ratio-red-core" 0.8947368421052632
 "a-count" 7
 "b-count" 5
 "c-color-count" 24
 "c-express-count" 23
 "d-color-count" 22
 "d-express-count" 21
 "cell-count" 56
 105 3 -2 148
 15 3 2 284
 15 3 0 217
 105 1 -4 112
 105 -1 -4 141
 15 2 -2 231
 15 3 -3 255
 15 -3 -3 276
 15 -3 1 208
 105 -4 -1 123
 15 -2 -2 182
 15 -1 -3 198
 15 -3 -1 311
 15 1 -3 146
 105 4 -1 307
 15 -3 2 349
 15 -3 -2 221
 15 4 0 315
 105 3 -1 211
 15 3 1 39
 15 0 -4 174
 15 -2 2 308
 15 -4 0 18
 15 -2 -3 92
 15 -1 4 83
 15 0 4 31
 15 -3 0 207
 15 0 -3 184
 5 1 1 79
 55 2 -3 270
 55 2 1 22
 55 -1 2 269
 55 -1 3 61
 55 0 3 37
 55 0 -2 282
 55 3 3 8
 55 0 0 36
 5 2 3 274
 55 1 -2 265
 55 1 -1 300
 55 2 0 10
 55 2 2 32
 55 -3 3 111
 55 -2 1 60
 55 0 1 325
 55 1 0 22
 55 0 2 142
 55 -1 -1 326
 55 -2 -1 337
 55 -2 0 276
 55 -1 0 115
 55 -1 1 269
 5 4 1 42
 55 0 -1 244
 5 -2 3 344
 55 -1 -2 335
 "contig-ratio-green-core" 1
 "contig-ratio-red-core" 0.7
 "a-count" 9
 "b-count" 4
 "c-color-count" 26
 "c-express-count" 24
 "d-color-count" 19
 "d-express-count" 19
 "cell-count" 56
 105 1 3 3
 15 1 4 339
 105 0 3 267
 15 -2 -4 181
 105 4 -1 218
 15 0 2 212
 105 -4 -1 182
 15 -2 2 279
 15 -3 -2 211
 105 2 -3 307
 15 -3 1 29
 105 3 3 354
 105 3 -1 63
 15 -1 -3 320
 105 -1 -4 120
 15 1 -4 331
 15 -1 3 356
 105 2 3 59
 15 2 -2 44
 15 4 1 217
 15 -4 0 42
 15 -2 -3 328
 15 1 2 106
 15 2 -1 214
 15 -2 3 132
 15 1 -3 108
 15 -2 1 66
 15 0 -3 193
 55 3 0 24
 55 0 4 329
 55 4 0 150
 55 2 0 163
 55 0 -2 144
 55 -1 -2 324
 55 -1 2 289
 55 -3 -1 350
 55 0 0 101
 55 -3 2 337
 55 3 1 4
 55 1 1 173
 55 1 0 334
 55 0 1 299
 55 -2 -1 119
 55 3 2 134
 55 -2 0 137
 55 -1 1 78
 5 -1 4 107
 55 1 -2 308
 55 2 2 317
 5 -4 1 206
 55 -1 0 43
 55 1 -1 316
 55 -1 -1 310
 55 2 1 245
 55 0 -1 50
 55 -3 0 299
 "contig-ratio-green-core" 0.7894736842105263
 "contig-ratio-red-core" 1
