 "a-count" 8
 "b-count" 4
 "c-color-count" 25
 "c-express-count" 24
 "d-color-count" 22
 "d-express-count" 20
 "cell-count" 56
 15 2 -2 211
 15 1 3 106
 15 3 -1 329
 105 -2 -3 65
 105 -2 0 242
 15 -2 -1 346
 105 -3 0 276
 15 0 0 309
 15 3 2 66
 15 1 1 292
 15 -4 -1 73
 15 0 -2 334
 105 0 -3 230
 15 1 -1 264
 15 4 0 134
 15 -2 2 7
 15 -1 -1 15
 15 3 3 337
 105 -1 -3 253
 105 -2 1 213
 15 2 1 318
 15 0 2 177
 15 2 0 100
 15 -1 -2 236
 15 -1 1 24
 15 2 -3 148
 15 -3 -2 80
 15 -1 3 190
 55 0 1 350
 55 -1 0 6
 5 0 3 296
 55 2 2 71
 55 -3 1 220
 55 -4 0 344
 55 1 -2 147
 55 -3 -3 269
 55 0 -1 92
 55 1 -4 343
 55 4 -1 230
 55 3 0 220
 55 3 1 255
 55 -1 2 234
 55 3 -2 259
 55 -1 4 295
 55 -1 -4 38
 5 -4 1 101
 55 4 1 101
 55 -3 2 321
 55 2 -1 197
 55 -2 -2 279
 55 -2 3 175
 5 -3 -1 50
 55 3 -3 73
 55 -3 3 199
 55 2 3 299
 55 1 2 309
 "contig-ratio-green-core" 1.1666666666666667
 "contig-ratio-red-core" 1.2307692307692308
 "a-count" 8
 "b-count" 4
 "c-color-count" 24
 "c-express-count" 24
 "d-color-count" 22
 "d-express-count" 20
 "cell-count" 56
 15 0 2 305
 15 1 -2 67
 15 -4 1 267
 105 -4 0 153
 15 0 1 253
 15 0 -2 327
 15 2 1 305
 15 4 0 355
 15 -3 -1 137
 105 0 -3 245
 15 1 3 210
 105 -3 3 97
 15 2 2 321
 15 1 0 116
 105 -2 -2 281
 15 -2 0 230
 15 3 -2 63
 105 1 -1 270
 15 -1 3 350
 15 -3 2 182
 15 4 1 243
 15 -2 2 140
 15 -3 0 217
 15 3 -3 80
 15 -3 -2 304
 15 -1 1 87
 15 -1 -1 175
 105 0 -4 178
 55 1 -4 39
 55 -1 -2 163
 55 2 3 122
 55 1 1 35
 55 -4 -1 317
 55 4 -1 284
 5 1 4 276
 55 -2 -1 310
 55 2 -3 119
 55 -4 2 30
 55 3 0 120
 55 4 0 269
 55 2 0 123
 55 0 -1 117
 55 -3 1 344
 55 0 4 165
 5 -3 -3 332
 55 0 3 128
 55 -1 0 239
 55 3 1 252
 55 -1 2 85
 55 3 -1 211
 55 -1 -3 11
 55 2 -2 22
 55 -1 -4 151
 55 -2 1 17
 5 1 -3 97
 5 -2 3 185
 "contig-ratio-green-core" 1.2857142857142858
 "contig-ratio-red-core" 1.0555555555555556
 "a-count" 4
 "b-count" 3
 "c-color-count" 25
 "c-express-count" 25
 "d-color-count" 24
 "d-express-count" 24
 "cell-count" 56
 15 -1 3 285
 15 -2 2 1
 15 1 -3 216
 15 0 1 126
 15 -3 3 208
 105 -4 -1 144
 15 -2 -3 140
 105 -3 -3 52
 15 3 -3 288
 15 2 1 216
 15 3 2 313
 15 -2 0 161
 15 -1 2 243
 15 0 -1 138
 15 -1 0 265
 15 0 4 263
 15 4 1 301
 15 0 2 246
 15 2 -2 139
 15 -1 -2 122
 15 -3 1 188
 15 3 0 5
 105 1 0 25
 15 -2 1 335
 15 1 1 263
 15 0 -3 157
 105 0 3 137
 15 -2 -1 336
 55 3 3 292
 55 3 1 295
 55 3 -2 138
 55 -2 -2 193
 55 4 -1 54
 55 2 0 308
 5 -1 -4 71
 55 -3 -1 232
 55 -1 4 2
 55 0 -2 47
 55 -1 -1 93
 55 3 -1 214
 55 -1 1 331
 55 2 2 123
 55 2 -3 145
 5 2 3 154
 55 2 -1 250
 55 -1 -3 296
 55 4 0 328
 55 0 0 40
 55 1 2 94
 5 1 -4 260
 55 -4 1 319
 55 -3 0 92
 55 1 -2 262
 55 -2 3 347
 55 -3 2 343
 55 -4 0 147
 "contig-ratio-green-core" 1
 "contig-ratio-red-core" 1.125
 "a-count" 2
 "b-count" 5
 "c-color-count" 23
 "c-express-count" 23
 "d-color-count" 26
 "d-express-count" 26
 "cell-count" 56
 15 -1 -3 257
 15 -4 0 136
 15 1 1 171
 15 -4 -1 320
 15 0 -2 320
 15 -2 -1 241
 15 -2 3 353
 15 -1 -1 253
 15 -1 3 15
 15 1 3 197
 105 3 2 228
 15 -2 2 137
 15 -3 -1 176
 15 0 5 10
 15 -3 -2 196
 15 4 -1 244
 15 2 0 121
 15 -3 1 91
 15 3 0 240
 15 2 3 130
 15 3 1 158
 15 -1 1 326
 15 2 -3 69
 15 0 0 320
 15 1 -1 324
 15 -3 -3 44
 105 -3 2 359
 15 -1 4 198
 55 1 2 295
 55 1 -3 104
 55 -1 2 338
 55 0 1 187
 55 1 -4 93
 55 0 -3 139
 5 3 -3 273
 55 -4 -2 299
 55 -3 0 10
 55 -3 3 349
 55 3 3 153
 55 -1 0 68
 55 -1 -2 344
 55 -2 0 180
 55 1 4 159
 55 -2 1 229
 55 0 3 96
 55 3 -1 106
 55 2 1 105
 5 0 -4 182
 5 1 -2 192
 55 0 4 180
 55 1 0 274
 5 -1 -4 221
 55 -2 -3 85
 55 2 2 356
 55 2 -2 271
 5 -4 1 151
 "contig-ratio-green-core" 1.3571428571428572
 "contig-ratio-red-core" 1.2142857142857142
