 "a-count" 4
 "b-count" 4
 "c-color-count" 24
 "c-express-count" 24
 "d-color-count" 25
 "d-express-count" 24
 "cell-count" 56
 15 -1 2 119
 15 -3 -3 151
 15 -3 2 77
 15 -1 3 197
 105 -4 1 335
 15 0 -4 258
 15 -3 0 71
 15 -2 1 121
 15 1 2 234
 15 -1 -3 149
 15 0 3 278
 15 1 3 128
 15 1 0 234
 15 1 -3 189
 15 2 3 37
 15 0 1 205
 15 3 -1 205
 15 -1 -1 154
 15 2 0 190
 105 -1 -4 170
 15 -2 -2 52
 15 -1 0 236
 15 2 1 22
 15 2 -2 184
 105 1 -4 191
 15 -2 -4 57
 15 3 -3 127
 15 -3 -2 256
 55 1 -1 326
 55 3 -2 173
 55 1 4 61
 55 2 -1 259
 5 -2 3 63
 55 1 -2 311
 55 -2 -3 267
 55 -3 3 275
 55 -4 0 248
 55 4 -1 263
 55 0 -3 228
 55 0 2 240
 55 -3 -1 319
 55 -2 -1 318
 55 4 0 32
 55 1 1 242
 55 3 0 215
 55 -4 -2 85
 5 4 1 305
 55 2 2 78
 55 2 -3 184
 5 0 0 165
 55 -1 -2 271
 55 -1 1 194
 55 -4 2 278
 55 3 3 95
 5 3 2 4
 55 -2 0 101
 "contig-ratio-green-core" 1.25
 "contig-ratio-red-core" 1.125
 "a-count" 8
 "b-count" 4
 "c-color-count" 26
 "c-express-count" 24
 "d-color-count" 22
 "d-express-count" 20
 "cell-count" 56
 105 0 -4 264
 15 0 -1 180
 15 -1 3 174
 15 1 -2 30
 15 1 0 59
 15 -1 0 261
 15 -3 1 202
 15 0 1 328
 15 1 4 241
 15 2 0 152
 105 1 -3 74
 15 4 0 29
 15 -2 -1 288
 15 0 2 80
 15 3 0 125
 15 3 -2 171
 105 0 -3 247
 15 3 2 6
 15 4 -1 200
 105 1 -4 267
 15 -3 3 265
 15 -1 -2 242
 105 -4 0 275
 15 4 1 126
 15 -1 1 331
 15 2 -1 52
 105 -4 -1 253
 15 2 1 214
 55 0 3 101
 55 2 2 104
 55 3 -3 358
 55 -4 1 356
 55 -1 -3 336
 55 3 -1 100
 55 2 -2 164
 55 -1 -4 107
 5 2 3 45
 55 2 -3 66
 55 -3 2 103
 55 1 -1 93
 55 3 1 120
 55 -3 -2 275
 5 -1 4 209
 55 4 -2 226
 55 -2 3 278
 55 -2 0 92
 55 -2 -2 4
 55 0 4 224
 55 -1 2 348
 55 -3 0 326
 55 0 -2 322
 55 2 4 132
 55 0 0 349
 55 -2 1 100
 55 -1 -1 222
 55 1 1 263
 "contig-ratio-green-core" 0.9285714285714286
 "contig-ratio-red-core" 1.2727272727272727
 "a-count" 6
 "b-count" 3
 "c-color-count" 26
 "c-express-count" 25
 "d-color-count" 23
 "d-express-count" 22
 "cell-count" 56
 105 0 4 27
 105 -2 -3 192
 15 1 1 73
 15 2 1 148
 15 -1 2 319
 15 0 -3 271
 15 2 -3 176
 15 1 -4 289
 15 -2 3 208
 15 0 -1 128
 15 -3 -1 62
 105 -4 0 51
 15 -1 -2 278
 15 -3 1 116
 105 -2 -2 99
 15 -1 0 332
 15 -3 0 103
 15 3 0 311
 105 3 3 141
 15 4 1 307
 15 1 -2 337
 15 2 -1 276
 15 0 2 319
 15 -4 1 349
 15 0 1 106
 15 -2 -1 349
 15 -1 3 354
 15 2 2 63
 55 -1 1 33
 55 3 -2 64
 55 -2 0 102
 55 2 0 320
 55 -3 -2 172
 55 3 -1 238
 5 -1 -4 227
 55 3 -3 113
 55 3 1 351
 55 0 3 107
 55 0 -4 208
 55 1 -1 74
 55 -4 -1 176
 55 2 3 311
 55 1 2 195
 55 -2 2 341
 55 -4 2 305
 55 1 4 224
 55 -1 -3 35
 55 -2 1 273
 5 -3 -3 34
 55 1 -3 154
 55 4 -1 25
 55 -1 -1 275
 55 -3 3 37
 55 -1 4 139
 55 2 -2 137
 55 -3 2 301
 "contig-ratio-green-core" 1.0666666666666667
 "contig-ratio-red-core" 1.3076923076923077
 "a-count" 6
 "b-count" 3
 "c-color-count" 25
 "c-express-count" 25
 "d-color-count" 23
 "d-express-count" 22
 "cell-count" 56
 15 -1 -3 331
 15 -3 -2 358
 15 3 -2 354
 15 -3 2 183
 15 -4 -2 81
 15 1 -2 121
 15 -1 2 39
 105 2 3 240
 105 3 3 17
 15 3 -3 219
 105 1 4 260
 15 -1 1 102
 15 1 3 22
 15 1 1 192
 15 -4 0 144
 15 0 3 44
 15 -2 1 41
 15 4 1 100
 15 -1 -2 213
 15 0 -4 318
 15 -1 4 200
 15 2 2 123
 105 0 -2 271
 15 1 0 20
 15 -3 0 75
 15 0 0 354
 15 2 -1 140
 105 0 4 266
 55 1 -1 222
 55 -4 -1 123
 55 -1 3 175
 55 2 0 221
 55 -1 0 46
 55 0 -1 277
 55 -1 -1 339
 55 2 1 261
 5 -4 1 135
 55 -1 -4 340
 55 0 1 242
 55 -3 -1 91
 55 0 2 300
 55 2 -2 38
 55 1 -4 307
 5 -2 3 335
 55 0 -3 101
 55 1 2 313
 55 -2 2 327
 55 -2 0 87
 5 3 0 322
 55 -2 -3 140
 55 -2 -2 19
 55 4 0 355
 55 3 1 284
 55 3 2 57
 55 1 -3 9
 55 3 -1 319
 "contig-ratio-green-core" 1
 "contig-ratio-red-core" 1.1578947368421053
