 "a-count" 5
 "b-count" 2
 "c-color-count" 26
 "c-express-count" 26
 "d-color-count" 23
 "d-express-count" 23
 "cell-count" 56
 15 -2 1 202
 15 1 -1 34
 15 3 -1 157
 15 1 -2 273
 15 -3 -1 266
 105 -4 0 243
 15 -1 -1 311
 15 1 4 44
 105 -1 -4 180
 15 0 3 116
 15 2 1 50
 15 0 -2 37
 15 1 -4 83
 15 0 1 343
 15 -2 3 204
 105 2 0 9
 15 -1 2 284
 15 0 0 13
 15 4 0 188
 15 2 -3 254
 15 -2 -2 78
 105 -2 2 238
 15 3 1 260
 105 -1 4 9
 15 2 3 214
 15 -3 2 353
 15 3 -3 108
 15 1 1 164
 55 -4 1 72
 55 0 2 65
 55 1 3 127
 55 -1 3 144
 55 2 -4 250
 55 -2 0 334
 55 2 2 186
 55 0 4 248
 55 3 2 217
 55 -3 0 35
 55 1 -3 20
 55 2 -2 28
 55 -2 -1 120
 55 3 0 283
 55 -3 3 214
 55 0 -4 243
 55 3 -2 137
 5 -2 -3 57
 55 4 1 270
 55 1 2 263
 55 -3 1 297
 55 -1 0 97
 55 -3 -3 323
 55 0 -1 38
 5 0 -3 105
 55 1 0 219
 55 -1 -2 324
 55 -1 1 154
 "contig-ratio-green-core" 1.125
 "contig-ratio-red-core" 1.3846153846153846
 "a-count" 4
 "b-count" 4
 "c-color-count" 24
 "c-express-count" 24
 "d-color-count" 24
 "d-express-count" 24
 "cell-count" 56
 15 -2 -2 67
 15 1 1 76
 15 2 0 277
 15 0 2 199
 15 -3 -2 314
 15 0 -1 197
 15 1 -4 300
 15 -1 3 30
 15 -3 3 292
 15 2 4 168
 15 -1 -1 145
 15 1 1 92
 105 -1 4 38
 15 1 -1 210
 15 -3 0 236
 15 1 -2 135
 15 2 2 99
 105 4 1 263
 105 -1 -4 15
 15 -1 0 135
 15 1 0 244
 15 3 -1 214
 15 1 3 83
 105 3 1 203
 15 0 4 37
 15 2 -3 358
 15 -1 -2 142
 15 0 -3 338
 55 1 2 221
 5 -2 1 187
 55 0 0 66
 55 1 -3 122
 55 -2 3 101
 55 1 0 340
 5 -4 -1 118
 55 -3 2 25
 55 -3 1 280
 55 -2 0 159
 55 0 1 231
 55 2 -1 233
 55 0 3 84
 55 -4 0 238
 55 1 -1 173
 55 2 3 138
 55 -1 2 112
 55 2 -2 194
 55 -2 -1 193
 55 -1 1 272
 55 3 -2 135
 55 -2 2 128
 55 -1 -3 349
 55 3 0 68
 5 -2 -3 230
 55 2 1 54
 55 -4 1 34
 5 -3 -3 180
 "contig-ratio-green-core" 1.2
 "contig-ratio-red-core" 1.25
 "a-count" 5
 "b-count" 3
 "c-color-count" 25
 "c-express-count" 25
 "d-color-count" 23
 "d-express-count" 23
 "cell-count" 56
 15 -3 0 49
 15 -2 3 304
 15 0 0 178
 15 -1 -3 50
 15 -3 2 189
 15 0 -1 59
 15 -2 0 243
 15 0 1 148
 15 1 3 188
 15 1 2 334
 15 1 -2 98
 105 -3 -1 49
 105 0 2 122
 15 3 1 320
 15 -2 -2 285
 15 -1 2 178
 105 -3 -2 83
 15 2 -3 119
 105 -2 -3 175
 15 2 3 107
 15 2 1 136
 15 1 0 111
 105 0 -2 53
 15 0 -4 203
 15 4 1 333
 15 -1 1 241
 15 -1 -1 200
 15 0 4 83
 55 1 -4 69
 55 1 -3 60
 55 -2 1 354
 55 -2 -1 272
 55 -1 3 133
 55 3 3 65
 55 1 1 249
 55 0 -3 226
 55 3 -3 296
 55 3 0 235
 5 -3 3 229
 55 2 -1 302
 55 -1 0 292
 55 0 3 266
 55 -2 2 92
 55 2 2 172
 55 1 -1 39
 5 3 -2 243
 55 -2 4 276
 55 -4 1 294
 5 -4 0 238
 55 -1 4 231
 55 4 0 124
 55 3 2 264
 55 -1 -4 157
 55 -3 1 158
 55 2 -2 238
 55 4 2 189
 "contig-ratio-green-core" 0.9
 "contig-ratio-red-core" 1
 "a-count" 5
 "b-count" 6
 "c-color-count" 23
 "c-express-count" 22
 "d-color-count" 25
 "d-express-count" 23
 "cell-count" 56
 15 1 2 340
 15 -1 -1 306
 105 3 3 166
 15 -4 0 18
 15 0 -1 182
 105 1 4 98
 15 0 3 176
 15 -2 1 347
 15 3 0 45
 105 4 0 356
 15 -3 -3 136
 15 0 1 317
 15 -1 0 171
 15 -1 2 37
 15 2 3 154
 15 -4 -1 177
 15 -2 0 298
 15 -2 -2 264
 15 2 1 206
 15 3 2 63
 15 1 0 66
 15 -1 4 327
 15 1 -2 151
 15 -1 -3 133
 15 -3 0 113
 15 3 -3 219
 15 2 -1 28
 15 2 -3 71
 5 4 1 297
 55 1 -3 330
 55 -1 1 319
 55 -1 -2 45
 5 -1 -4 123
 55 0 2 85
 55 0 -2 83
 55 3 -2 314
 55 1 -4 271
 55 -3 1 76
 55 0 0 40
 55 -2 -3 310
 55 3 -1 302
 55 -1 3 342
 55 1 -1 252
 5 -3 2 203
 5 -2 3 233
 55 -2 2 126
 55 -3 -2 283
 55 2 2 319
 55 -2 -1 161
 55 1 3 185
 55 -4 1 184
 55 0 -3 93
 55 2 0 46
 55 1 1 149
 55 2 -2 227
 5 0 -4 144
 "contig-ratio-green-core" 1.25
 "contig-ratio-red-core" 1.3333333333333333
