 "a-count" 4
 "b-count" 4
 "c-color-count" 24
 "c-express-count" 24
 "d-color-count" 26
 "d-express-count" 24
 "cell-count" 56
 15 -1 1 171
 15 1 2 230
 15 3 2 48
 15 1 -4 63
 15 -2 3 120
 15 0 1 359
 105 0 -2 136
 15 2 0 209
 15 0 -4 218
 15 0 -1 145
 15 -1 -3 139
 15 -2 0 67
 15 -1 -2 194
 15 -1 -1 42
 15 3 -3 28
 15 1 1 131
 15 -4 1 110
 15 2 1 317
 105 0 0 156
 15 -1 0 83
 15 1 0 356
 15 0 4 345
 15 2 -1 280
 15 1 -1 84
 15 -2 -1 62
 15 2 -2 112
 15 -1 3 325
 15 2 2 304
 5 3 -2 48
 55 1 3 166
 55 -2 2 151
 55 -3 -2 121
 5 -2 -3 262
 55 0 3 358
 55 -2 -2 129
 5 -3 3 148
 55 4 2 306
 55 0 -3 325
 55 0 2 185
 55 -3 0 206
 55 1 -3 118
 5 3 3 130
 55 2 3 333
 55 -4 0 346
 55 0 2 287
 55 4 -1 63
 55 -1 4 25
 55 3 0 327
 55 2 -3 22
 55 -3 1 154
 55 -3 2 199
 55 -3 -1 89
 55 -2 1 212
 55 4 0 256
 55 -4 -1 10
 55 -1 2 107
 "contig-ratio-green-core" 0.8333333333333334
 "contig-ratio-red-core" 0.9444444444444444
 "a-count" 8
 "b-count" 6
 "c-color-count" 22
 "c-express-count" 22
 "d-color-count" 20
 "d-express-count" 20
 "cell-count" 56
 15 0 2 71
 15 2 -1 14
 105 -3 1 124
 15 -4 1 47
 15 0 -1 109
 105 3 2 36
 15 2 2 252
 15 0 0 50
 105 -2 1 141
 15 1 -2 338
 15 2 0 219
 15 -2 3 279
 105 2 -3 122
 15 0 1 189
 15 1 1 334
 105 3 3 310
 15 3 -3 208
 15 1 -3 279
 15 0 -2 346
 15 2 1 89
 105 -3 2 74
 15 0 -4 138
 15 -1 -4 106
 15 1 -1 311
 105 3 1 107
 105 3 -2 171
 15 1 0 54
 15 1 2 298
 55 -1 -2 198
 55 0 4 8
 55 4 0 181
 55 -1 3 41
 55 1 3 72
 5 -3 -2 221
 5 3 -1 29
 55 -5 1 173
 5 3 0 67
 5 -4 -1 274
 55 -1 4 343
 55 2 4 324
 55 -1 -1 177
 55 -2 -2 55
 55 1 -4 148
 55 -2 -1 139
 5 -3 0 133
 55 0 3 69
 5 -2 -3 135
 55 -3 -1 21
 55 2 3 209
 55 -2 0 254
 55 -1 1 221
 55 -1 0 279
 55 2 -2 137
 55 -1 -3 233
 55 4 1 333
 55 4 -1 162
 "contig-ratio-green-core" 0.5333333333333333
 "contig-ratio-red-core" 0.7333333333333333
 "a-count" 5
 "b-count" 7
 "c-color-count" 21
 "c-express-count" 21
 "d-color-count" 25
 "d-express-count" 23
 "cell-count" 56
 15 2 2 211
 15 -1 0 26
 15 -1 -3 94
 15 2 3 121
 15 4 1 243
 15 3 0 28
 15 -1 -3 311
 15 -3 -3 270
 15 -4 -2 188
 15 0 4 359
 15 0 -2 357
 15 0 3 73
 105 3 3 148
 15 3 1 289
 105 1 4 58
 15 -1 -2 312
 15 1 3 334
 15 -2 -3 148
 15 3 2 359
 15 -3 -3 329
 15 -1 -1 301
 15 -2 -3 315
 15 -3 -2 29
 15 -4 0 137
 105 -2 -4 100
 15 -1 1 107
 15 -4 -1 84
 15 -2 3 351
 5 -3 1 299
 5 1 -3 352
 55 1 1 42
 5 3 -2 199
 55 0 -4 256
 5 -4 -3 5
 55 -4 1 146
 55 -1 3 259
 55 -2 -2 133
 55 -1 4 248
 55 1 0 295
 55 2 0 288
 55 0 -1 38
 55 -1 -4 68
 5 3 -1 24
 5 -2 -1 27
 55 2 1 262
 55 0 2 142
 55 -1 -5 177
 55 2 -2 220
 55 1 2 159
 55 -2 2 67
 55 -2 1 233
 5 1 -1 290
 55 0 -3 60
 55 1 -4 305
 55 0 -5 295
 55 -1 2 73
 "contig-ratio-green-core" 0.8888888888888888
 "contig-ratio-red-core" 0.6190476190476191
