 "a-count" 7
 "b-count" 5
 "c-color-count" 23
 "c-express-count" 23
 "d-color-count" 22
 "d-express-count" 21
 "cell-count" 56
 15 -1 1 6
 15 -1 2 141
 15 -1 0 313
 105 -2 -3 296
 105 -3 -1 44
 105 -3 1 49
 15 -2 1 201
 15 3 1 221
 105 3 -2 22
 15 0 2 312
 15 1 -3 74
 105 -3 0 116
 15 0 -1 140
 15 4 1 292
 15 0 3 317
 15 -2 2 176
 15 -1 -1 333
 15 0 0 124
 105 -1 -4 259
 15 0 -4 331
 15 1 4 52
 15 -2 3 133
 15 0 1 100
 15 -1 3 185
 15 -4 0 155
 15 0 -2 42
 15 0 -3 359
 15 -1 2 357
 55 3 -1 284
 55 1 1 201
 55 1 -4 211
 55 -3 -2 259
 55 1 -1 84
 55 2 1 213
 55 2 -1 316
 55 -4 1 249
 55 1 2 20
 55 3 0 117
 55 -2 -2 59
 5 -2 4 104
 55 -1 4 317
 5 4 0 135
 55 -3 3 217
 55 2 3 104
 55 2 2 92
 5 4 -1 146
 55 1 0 345
 55 2 -3 204
 55 2 0 20
 55 0 4 331
 55 -3 2 253
 55 1 3 294
 5 3 3 50
 55 2 -2 158
 55 -3 -3 71
 5 3 2 176
 "contig-ratio-green-core" 0.625
 "contig-ratio-red-core" 0.8235294117647058
 "a-count" 8
 "b-count" 4
 "c-color-count" 24
 "c-express-count" 24
 "d-color-count" 20
 "d-express-count" 20
 "cell-count" 56
 15 -1 -3 76
 105 3 -3 12
 15 1 1 220
 15 1 0 3
 15 1 -1 337
 15 1 -2 205
 15 -2 -1 212
 15 1 2 214
 15 2 2 7
 15 0 -3 151
 15 -3 -1 150
 105 2 -2 2
 105 1 -4 13
 15 -1 4 167
 105 -3 2 7
 15 -3 0 274
 15 2 -1 184
 15 -1 3 189
 15 -3 -2 348
 105 -4 -1 248
 15 2 1 255
 15 2 0 157
 105 -4 0 68
 105 2 -3 357
 15 -3 1 98
 105 -3 3 153
 15 0 3 285
 15 0 4 113
 55 -2 -4 10
 55 -2 2 104
 55 -2 3 304
 5 1 4 120
 5 3 1 304
 55 -2 -3 108
 55 3 -1 4
 55 0 -1 102
 55 -1 -2 226
 55 -1 2 18
 55 2 3 244
 55 -2 0 319
 55 -1 -1 197
 55 -2 1 174
 55 0 -2 75
 5 4 1 145
 55 3 3 15
 55 -1 1 227
 55 0 1 7
 55 1 -3 205
 55 0 0 266
 55 0 2 235
 55 -1 0 242
 5 -4 1 248
 55 3 0 112
 55 4 -1 95
 55 1 3 343
 55 -1 -4 234
 "contig-ratio-green-core" 0.6842105263157895
 "contig-ratio-red-core" 0.9444444444444444
 "a-count" 3
 "b-count" 5
 "c-color-count" 23
 "c-express-count" 23
 "d-color-count" 25
 "d-express-count" 25
 "cell-count" 56
 15 1 -4 2
 15 3 -1 252
 105 3 -2 9
 15 -1 3 253
 15 1 4 81
 15 -3 -1 262
 15 0 1 146
 15 0 0 249
 15 -1 2 26
 15 2 -1 268
 105 -1 4 47
 15 0 2 352
 15 1 -1 188
 15 -2 1 109
 15 1 1 61
 15 3 0 295
 15 1 0 60
 15 -1 1 51
 15 2 0 122
 15 0 4 22
 105 1 2 139
 15 2 1 57
 15 0 3 177
 15 -3 -2 10
 15 2 2 256
 15 -3 0 40
 15 1 3 229
 15 -1 0 129
 5 -4 0 257
 55 4 -1 264
 55 5 0 52
 55 -3 -3 189
 55 5 1 299
 55 2 -3 260
 55 -2 -3 151
 55 4 0 348
 55 -3 1 1
 55 4 2 281
 55 -2 -1 72
 55 -1 -3 57
 55 3 3 30
 55 0 -1 239
 55 4 1 58
 55 3 2 318
 55 1 -3 227
 55 -3 2 112
 55 -1 -1 285
 55 -2 2 116
 55 1 -2 85
 55 2 -2 232
 5 -4 -1 250
 5 0 -3 218
 5 -1 -4 319
 55 -2 3 183
 55 1 4 191
 5 0 -2 153
 "contig-ratio-green-core" 0.65
 "contig-ratio-red-core" 0.75
 "a-count" 5
 "b-count" 6
 "c-color-count" 22
 "c-express-count" 22
 "d-color-count" 25
 "d-express-count" 23
 "cell-count" 56
 15 1 0 225
 15 1 4 139
 15 -1 2 316
 15 -3 0 303
 15 -2 1 235
 15 -1 0 230
 15 -1 -1 176
 15 1 1 102
 15 0 1 71
 15 2 -1 7
 15 -1 -3 13
 105 3 3 187
 15 0 0 108
 15 -4 -1 243
 15 3 -2 125
 15 2 2 318
 15 -2 2 51
 105 -2 3 13
 15 3 -1 160
 15 -1 1 209
 15 0 -1 71
 15 1 -1 11
 15 -4 0 256
 15 2 0 53
 15 -2 -3 317
 105 -4 1 294
 15 -1 -1 350
 15 2 1 248
 55 0 -3 195
 5 4 1 270
 55 2 -2 182
 5 -3 3 192
 55 -2 -2 308
 5 0 -4 313
 55 -2 -1 114
 5 -3 -3 157
 55 0 3 223
 55 1 2 39
 55 3 -3 199
 55 -1 -4 156
 55 4 -1 101
 55 1 -4 43
 55 2 3 238
 55 1 3 261
 55 3 1 115
 55 2 -3 319
 55 -1 3 321
 5 -3 2 78
 55 0 4 185
 55 0 -2 91
 55 1 -3 99
 55 3 2 353
 55 1 -2 224
 5 4 0 350
 55 3 0 71
 55 -2 0 195
 "contig-ratio-green-core" 0.8
 "contig-ratio-red-core" 0.7619047619047619
