 "a-count" 6
 "b-count" 4
 "c-color-count" 24
 "c-express-count" 24
 "d-color-count" 23
 "d-express-count" 22
 "cell-count" 56
 15 -1 -1 211
 15 2 0 301
 105 -4 -1 254
 15 0 1 245
 15 -3 -1 194
 105 -4 0 149
 15 -2 -1 83
 15 0 -1 288
 15 0 4 275
 15 1 -1 243
 15 -1 1 288
 15 -3 0 88
 15 -1 4 220
 15 -2 1 92
 105 -3 2 56
 105 3 1 76
 15 1 4 226
 15 1 0 109
 15 -2 0 358
 15 2 1 349
 15 -2 -2 328
 15 -1 -2 272
 15 0 -2 27
 105 3 2 168
 15 0 -4 146
 15 0 0 225
 15 1 1 290
 15 -1 0 153
 5 3 3 7
 55 -2 2 188
 55 3 0 194
 55 2 -2 179
 55 -1 -3 315
 55 2 3 14
 55 1 -2 203
 55 -1 3 23
 55 -2 -3 45
 55 -3 -3 144
 55 0 3 304
 55 -2 3 134
 55 3 -2 16
 55 4 -1 341
 55 1 -3 227
 55 -4 1 200
 55 0 -3 253
 55 2 -1 264
 55 0 2 332
 55 2 2 263
 5 3 -3 113
 55 -3 1 191
 55 -3 -2 225
 5 1 -4 55
 55 3 -1 354
 55 4 0 160
 5 2 -3 316
 55 1 3 171
 "contig-ratio-green-core" 0.625
 "contig-ratio-red-core" 0.9285714285714286
 "a-count" 5
 "b-count" 5
 "c-color-count" 23
 "c-express-count" 23
 "d-color-count" 23
 "d-express-count" 23
 "cell-count" 56
 15 -2 -2 256
 105 1 4 95
 15 1 0 113
 15 3 1 322
 15 -1 0 99
 105 -4 1 334
 15 0 4 251
 15 0 1 354
 15 0 -1 230
 105 -2 3 9
 15 2 0 22
 15 1 -1 193
 15 -2 0 141
 15 -1 -1 169
 15 2 1 70
 15 2 -1 340
 15 -2 -1 92
 15 -1 -2 53
 15 3 0 233
 15 -3 0 118
 15 -1 1 122
 15 3 -1 325
 15 3 -2 83
 105 -3 -1 241
 15 -2 -3 97
 15 1 1 157
 105 -3 -3 254
 15 0 0 19
 55 -4 0 199
 55 0 2 48
 55 0 -2 272
 55 -3 2 151
 55 -1 4 206
 55 4 1 253
 55 1 -2 51
 55 -4 -1 157
 55 -2 2 315
 5 0 -4 248
 55 -2 1 123
 5 2 -3 32
 55 -1 3 128
 5 -1 -4 169
 55 -1 -3 32
 55 1 -3 142
 55 -1 2 8
 5 3 -3 259
 55 -3 1 334
 55 4 -1 22
 55 2 2 78
 55 4 0 269
 5 1 3 152
 55 1 2 109
 55 -3 -2 305
 55 3 2 7
 55 0 3 107
 55 0 -3 170
 "contig-ratio-green-core" 0.631578947368421
 "contig-ratio-red-core" 1
 "a-count" 10
 "b-count" 7
 "c-color-count" 22
 "c-express-count" 21
 "d-color-count" 20
 "d-express-count" 18
 "cell-count" 56
 15 -4 0 247
 105 -3 -1 63
 15 -1 1 54
 105 -4 -1 108
 15 -1 -4 200
 105 0 -4 202
 15 1 2 175
 15 0 2 133
 105 -1 4 343
 15 -1 2 262
 105 -3 -3 118
 15 3 0 181
 105 -2 3 134
 15 -2 0 21
 15 4 1 80
 15 -2 -1 46
 15 3 -1 158
 15 -2 -3 294
 15 1 -3 250
 15 3 1 281
 15 0 4 270
 15 2 2 268
 15 1 -4 171
 15 -2 1 45
 105 2 -3 52
 15 2 -2 152
 105 -3 1 288
 15 3 -2 134
 5 3 -3 331
 55 2 1 200
 55 0 1 88
 55 2 0 217
 55 1 1 66
 55 3 2 270
 55 1 -2 358
 55 0 0 251
 55 -1 -1 226
 55 0 -2 283
 55 1 -1 345
 55 -1 0 156
 55 0 -3 287
 55 2 -1 141
 55 -4 1 45
 55 -1 -2 219
 5 -3 2 59
 5 4 0 102
 5 1 4 249
 5 -3 3 358
 55 -1 -3 311
 55 -2 -2 212
 55 1 0 307
 55 1 3 344
 55 0 -1 193
 55 -1 3 332
 55 -3 -2 307
 5 0 3 59
 "contig-ratio-green-core" 1.0769230769230769
 "contig-ratio-red-core" 0.8
 "a-count" 10
 "b-count" 4
 "c-color-count" 25
 "c-express-count" 24
 "d-color-count" 20
 "d-express-count" 18
 "cell-count" 56
 15 -2 3 212
 15 3 2 35
 15 -3 -2 262
 15 2 -1 307
 105 -1 -4 174
 105 0 4 203
 105 -2 -3 214
 15 1 3 256
 105 -3 3 9
 15 2 3 120
 15 0 3 274
 15 -1 3 187
 105 4 1 251
 15 1 -3 196
 15 1 -1 123
 15 3 1 330
 105 3 -3 7
 15 0 -3 318
 15 0 -4 13
 15 1 -2 332
 15 -2 2 309
 15 -3 2 67
 105 -4 -1 350
 15 2 0 339
 15 3 -1 152
 15 3 0 266
 15 -2 -2 8
 105 -3 -3 336
 55 -1 -2 59
 55 -1 0 121
 55 -4 0 275
 55 0 0 154
 55 1 0 74
 55 0 -2 323
 55 0 1 336
 55 0 -1 345
 5 -4 1 347
 55 -3 1 217
 55 -1 -1 286
 55 -1 1 4
 55 2 -2 34
 5 4 0 78
 55 1 1 11
 55 -2 0 194
 55 0 2 21
 55 -1 4 157
 55 2 1 46
 5 1 -4 157
 55 2 -3 94
 55 -1 2 345
 55 3 -2 182
 55 2 2 30
 55 -3 0 162
 55 -2 1 61
 55 -2 -1 359
 55 1 2 202
 "contig-ratio-green-core" 0.9411764705882353
 "contig-ratio-red-core" 0.8235294117647058
