 "a-count" 7
 "b-count" 5
 "c-color-count" 23
 "c-express-count" 23
 "d-color-count" 21
 "d-express-count" 21
 "cell-count" 56
 15 -1 -2 186
 15 4 0 250
 105 -1 4 272
 15 3 1 149
 15 4 1 345
 15 -3 0 152
 15 -1 -3 308
 15 1 2 85
 15 3 -2 354
 15 3 -3 75
 15 -1 1 161
 105 1 3 24
 15 -2 0 221
 15 3 2 179
 15 2 2 59
 15 0 2 46
 15 -2 2 222
 15 0 -2 244
 15 -2 1 280
 15 -2 -1 46
 15 -1 2 97
 15 -2 -2 271
 15 -3 -1 286
 105 0 3 7
 105 0 4 131
 105 2 3 181
 105 -3 3 86
 105 -3 -3 297
 55 -1 -4 121
 55 2 -3 347
 55 1 -2 336
 55 2 -1 73
 55 2 -2 116
 55 3 3 234
 55 0 0 120
 55 -1 0 98
 55 -3 2 344
 55 0 -4 112
 55 3 0 338
 55 1 -1 309
 55 -4 1 92
 55 -1 -1 88
 55 0 -1 296
 5 -4 -1 341
 55 1 1 169
 55 1 0 238
 55 -2 3 137
 5 -2 -3 57
 55 3 -1 226
 55 4 -1 37
 55 -4 0 230
 5 0 -3 358
 55 -1 3 174
 5 1 -4 328
 5 1 -3 167
 55 2 0 332
 "contig-ratio-green-core" 0.7647058823529411
 "contig-ratio-red-core" 0.7619047619047619
 "a-count" 7
 "b-count" 2
 "c-color-count" 26
 "c-express-count" 26
 "d-color-count" 21
 "d-express-count" 21
 "cell-count" 56
 15 0 -4 89
 15 -2 2 197
 15 1 -2 331
 105 2 -2 62
 15 0 1 332
 105 -4 -1 125
 105 -3 -2 301
 105 4 -1 63
 15 2 1 47
 15 2 2 25
 15 2 3 246
 15 1 3 15
 15 -3 -1 58
 15 -1 1 87
 15 -3 0 7
 15 -2 1 32
 15 0 3 70
 15 1 1 168
 15 0 -3 116
 15 4 1 238
 15 1 2 340
 105 -4 1 322
 15 0 2 333
 105 1 -4 67
 15 -1 3 138
 105 1 4 354
 15 -1 -4 242
 15 1 -3 24
 5 -3 -3 306
 55 -2 -1 93
 55 -1 0 294
 55 3 2 297
 5 4 0 12
 55 -1 -3 26
 55 3 -3 146
 55 -2 3 257
 55 0 4 157
 55 -1 -2 305
 55 -3 1 197
 55 3 3 44
 55 1 -1 97
 55 0 -1 179
 55 3 -1 106
 55 3 -2 265
 55 -2 -2 291
 55 -2 0 181
 55 0 0 279
 55 3 1 232
 55 2 -1 45
 55 -2 -3 233
 55 -3 2 201
 55 2 0 54
 55 -1 -1 156
 55 3 0 312
 55 1 0 162
 55 0 -2 189
 "contig-ratio-green-core" 0.7058823529411765
 "contig-ratio-red-core" 0.8823529411764706
 "a-count" 6
 "b-count" 9
 "c-color-count" 19
 "c-express-count" 19
 "d-color-count" 23
 "d-express-count" 22
 "cell-count" 56
 15 -1 -1 97
 15 0 3 186
 15 -3 1 58
 15 -2 1 242
 15 1 -4 113
 105 4 1 266
 15 0 0 237
 15 1 -1 263
 105 -4 -1 146
 15 0 -1 249
 15 -2 0 226
 15 0 -3 22
 15 2 4 83
 15 1 1 195
 15 -1 -3 137
 15 1 -3 148
 15 -1 1 308
 105 -1 0 239
 15 -2 2 151
 15 0 2 327
 105 2 -3 177
 15 1 2 178
 15 1 4 73
 15 -2 -2 70
 15 1 0 38
 15 -1 2 290
 15 -2 -1 319
 105 0 -2 20
 55 -3 -2 161
 55 2 2 277
 55 -2 -3 344
 55 -1 -4 77
 55 0 -4 254
 55 3 -1 40
 55 -3 0 149
 5 3 -3 237
 55 -3 -1 68
 55 -1 3 124
 5 -3 3 345
 5 4 0 271
 5 2 0 116
 55 3 2 258
 55 2 -2 354
 5 3 3 134
 5 -3 2 148
 55 2 -1 246
 55 2 3 255
 55 -2 3 35
 55 2 1 44
 5 -4 1 269
 5 3 1 251
 55 -2 -4 233
 55 3 0 291
 5 -3 -3 276
 55 3 -2 260
 55 4 -1 136
 "contig-ratio-green-core" 0.9230769230769231
 "contig-ratio-red-core" 0.55
 "a-count" 8
 "b-count" 5
 "c-color-count" 23
 "c-express-count" 23
 "d-color-count" 23
 "d-express-count" 20
 "cell-count" 56
 15 3 1 133
 15 -2 0 205
 15 1 -4 339
 15 -1 -1 223
 105 -3 1 321
 15 2 -1 195
 15 1 -1 198
 15 0 4 259
 15 1 -2 111
 15 -2 -3 240
 105 3 -3 3
 15 2 -3 279
 15 1 1 0
 105 -3 -1 133
 15 3 2 181
 15 -2 -2 279
 15 -2 3 330
 105 -3 -3 198
 15 -2 1 68
 15 0 -1 151
 15 0 1 148
 15 -1 4 351
 15 2 1 172
 15 -2 -1 218
 15 2 0 179
 105 1 0 310
 15 -1 1 134
 15 -1 0 268
 55 2 2 111
 55 1 -3 138
 55 3 -2 214
 55 -4 1 295
 55 4 0 268
 55 2 3 165
 55 0 -2 64
 55 -2 2 212
 55 0 -4 355
 55 0 3 264
 5 2 -2 259
 55 1 4 320
 55 0 2 130
 5 -4 -1 340
 55 3 -1 309
 55 -1 2 251
 55 -1 3 104
 55 -1 -2 93
 55 1 3 63
 5 -3 2 297
 55 3 0 195
 5 3 3 112
 55 -3 0 58
 55 -1 -3 143
 5 4 1 215
 55 0 -3 111
 55 -1 -4 40
 55 -4 0 218
 "contig-ratio-green-core" 0.85
 "contig-ratio-red-core" 0.8125
