 "a-count" 6
 "b-count" 3
 "c-color-count" 25
 "c-express-count" 25
 "d-color-count" 23
 "d-express-count" 22
 "cell-count" 56
 15 -2 0 242
 105 -1 3 336
 15 0 -4 185
 15 1 -2 147
 15 -1 -3 239
 15 -1 2 215
 15 2 -3 150
 15 0 -2 217
 15 3 2 114
 15 0 3 242
 105 1 -3 106
 15 -2 2 182
 15 -3 -1 93
 15 0 -3 329
 15 -2 -1 103
 15 -3 3 92
 15 -2 1 221
 15 4 1 169
 15 1 4 109
 15 0 4 165
 105 -3 0 171
 15 4 0 70
 15 -4 1 231
 105 -3 1 261
 15 -3 -2 121
 15 1 3 238
 105 -4 0 57
 15 -4 -1 31
 55 -1 0 108
 55 2 0 321
 55 3 -2 173
 55 3 0 221
 55 -1 -2 54
 55 0 0 102
 55 2 -2 141
 55 3 1 127
 5 4 -1 230
 55 1 1 116
 55 -1 -1 86
 55 0 2 146
 55 -2 -2 129
 55 1 2 142
 55 -1 1 169
 55 0 -1 60
 55 2 3 328
 55 3 -3 7
 55 1 -1 144
 55 1 0 158
 55 2 1 73
 5 -2 3 120
 55 -1 4 249
 55 3 -1 117
 55 -3 2 296
 55 2 2 146
 5 1 -4 23
 55 0 1 58
 "contig-ratio-green-core" 0.7777777777777778
 "contig-ratio-red-core" 0.8421052631578947
 "a-count" 10
 "b-count" 2
 "c-color-count" 26
 "c-express-count" 26
 "d-color-count" 21
 "d-express-count" 18
 "cell-count" 56
 105 4 -1 247
 105 2 -3 246
 15 -2 1 266
 15 -2 0 130
 15 4 0 141
 105 -3 3 192
 105 -3 2 74
 15 0 2 313
 15 -3 -1 118
 15 -1 -4 221
 105 -4 0 42
 105 -4 1 186
 15 2 -1 167
 15 3 3 27
 15 3 -1 17
 15 -2 -2 169
 15 1 -1 132
 15 1 -2 230
 15 -1 3 161
 15 -1 2 282
 15 1 -3 315
 15 -2 -1 264
 15 -3 1 260
 15 -2 -3 76
 15 2 -2 246
 15 0 3 322
 15 1 3 293
 105 3 -3 331
 55 -1 -1 117
 55 0 1 231
 5 3 1 155
 55 0 -1 94
 5 1 4 142
 55 1 2 272
 55 0 -2 142
 55 -1 1 42
 55 -1 -2 65
 55 -2 4 34
 55 -2 2 308
 55 0 4 205
 55 4 1 278
 55 -3 -2 230
 55 3 0 72
 55 1 1 302
 55 2 0 204
 55 0 0 140
 55 -1 0 126
 55 -1 4 215
 55 3 2 38
 55 -1 -3 209
 55 0 -3 221
 55 2 3 13
 55 2 2 308
 55 2 1 112
 55 1 0 304
 55 -2 3 105
 "contig-ratio-green-core" 0.8888888888888888
 "contig-ratio-red-core" 1.125
 "a-count" 11
 "b-count" 7
 "c-color-count" 21
 "c-express-count" 21
 "d-color-count" 18
 "d-express-count" 17
 "cell-count" 56
 15 1 0 235
 15 -4 0 41
 15 -2 -2 181
 105 4 1 196
 15 2 1 117
 15 2 -2 11
 15 1 -1 135
 105 3 3 249
 105 1 -4 129
 105 3 1 83
 15 1 3 315
 15 -1 -3 136
 15 2 -1 284
 105 -1 -4 315
 15 1 -2 240
 15 0 4 198
 105 -1 3 116
 15 0 2 146
 15 -1 2 232
 105 -1 4 170
 15 4 0 277
 15 -2 2 110
 105 1 4 77
 105 -3 -2 2
 15 1 1 221
 15 2 0 128
 105 4 -1 1
 15 1 -3 216
 5 -4 -1 140
 55 -2 0 54
 55 -2 -3 235
 5 0 3 6
 5 0 -3 218
 55 1 2 160
 55 -3 0 90
 55 -3 -1 97
 5 -3 3 158
 55 0 -1 227
 55 -3 2 85
 5 2 2 238
 55 -1 0 309
 55 -2 -1 77
 55 3 -3 63
 55 2 3 13
 55 0 0 114
 55 0 -2 154
 55 -1 -2 161
 55 -1 -1 324
 5 -3 -3 112
 55 -1 1 92
 55 0 1 317
 55 3 -1 266
 5 -3 1 286
 55 3 -2 241
 55 -2 1 61
 55 2 -3 235
 "contig-ratio-green-core" 0.875
 "contig-ratio-red-core" 1.0714285714285714
 "a-count" 7
 "b-count" 3
 "c-color-count" 26
 "c-express-count" 25
 "d-color-count" 22
 "d-express-count" 21
 "cell-count" 56
 15 0 1 94
 15 -3 0 348
 15 -2 -1 318
 105 -3 -1 295
 15 3 1 281
 15 3 2 111
 15 -1 0 116
 15 4 -1 258
 105 -4 -1 252
 15 0 4 101
 15 -2 -2 235
 15 -2 2 293
 105 -3 -2 287
 15 1 -3 268
 105 -2 3 235
 15 -3 1 71
 15 -2 1 15
 15 4 0 43
 105 3 -2 353
 15 0 0 354
 15 2 3 172
 15 3 -1 252
 15 3 0 305
 15 -1 -1 217
 15 3 3 130
 105 -3 -3 158
 15 -1 2 208
 15 -1 1 0
 55 -1 -4 110
 55 -2 -3 87
 5 2 -2 146
 55 0 2 306
 55 2 2 207
 55 -1 -2 302
 55 1 -2 19
 55 0 -1 46
 55 2 0 226
 55 1 1 219
 55 -1 -3 62
 55 4 1 48
 55 -3 2 146
 55 3 -3 156
 55 -1 4 110
 55 -4 0 349
 55 -4 1 309
 55 1 2 243
 55 1 0 25
 55 0 -2 233
 55 2 -1 327
 55 0 -4 314
 55 0 3 74
 55 0 -3 17
 55 2 1 297
 5 -3 3 61
 55 1 -1 59
 55 1 3 329
 "contig-ratio-green-core" 0.7894736842105263
 "contig-ratio-red-core" 0.8125
