 "a-count" 8
 "b-count" 4
 "c-color-count" 25
 "c-express-count" 24
 "d-color-count" 21
 "d-express-count" 20
 "cell-count" 56
 15 0 -3 199
 15 1 3 147
 15 -3 2 242
 15 -2 -1 64
 15 -1 2 123
 105 -2 -2 344
 15 2 3 325
 105 -2 3 172
 15 2 2 140
 15 3 -2 57
 15 -2 2 163
 105 -3 -3 25
 15 1 4 337
 15 -1 -4 280
 15 2 -2 130
 15 1 2 147
 15 0 3 196
 15 -1 -2 21
 105 -1 3 84
 15 2 -3 157
 15 -4 -1 62
 15 -3 -1 139
 15 0 2 60
 15 -3 1 198
 15 0 4 335
 105 -1 4 32
 105 4 -1 112
 105 -4 2 155
 55 0 1 163
 5 4 1 124
 55 1 -3 117
 55 1 -2 160
 55 3 -1 150
 55 1 1 28
 55 -1 0 267
 55 -3 3 232
 55 3 1 195
 55 -4 0 236
 55 3 3 319
 55 1 -1 37
 55 -1 1 132
 55 -2 0 324
 55 1 0 50
 55 0 0 74
 55 -4 1 108
 5 0 -4 93
 55 3 0 221
 55 0 -1 294
 55 2 -1 324
 55 3 2 207
 55 -2 1 21
 55 2 0 269
 55 0 -2 120
 5 3 -3 225
 55 -1 -1 205
 55 4 0 308
 "contig-ratio-green-core" 0.7647058823529411
 "contig-ratio-red-core" 1
 "a-count" 4
 "b-count" 6
 "c-color-count" 24
 "c-express-count" 22
 "d-color-count" 24
 "d-express-count" 24
 "cell-count" 56
 15 -1 1 210
 105 2 2 238
 15 -1 2 339
 15 1 -3 227
 15 -2 2 0
 15 -1 0 24
 15 -3 1 213
 105 1 -4 6
 15 1 -2 189
 15 -1 -2 280
 15 3 2 294
 105 -3 3 55
 15 -1 -1 153
 15 3 1 55
 15 2 -1 342
 15 0 -3 87
 15 1 0 342
 15 -1 -3 258
 15 1 1 19
 15 0 2 183
 15 0 -1 216
 105 0 -2 255
 15 2 0 160
 15 2 1 75
 15 1 2 101
 15 -2 1 102
 15 1 -1 154
 15 0 1 224
 55 1 4 53
 55 -2 3 277
 55 3 -2 317
 55 0 4 157
 5 -3 -2 59
 55 3 0 105
 55 -1 3 156
 55 2 -3 138
 55 -1 4 152
 55 4 -1 215
 5 2 -2 253
 5 -4 0 351
 55 -3 -1 137
 55 -2 -1 35
 55 3 -3 256
 55 -3 -3 14
 55 1 3 219
 55 3 -1 22
 55 -4 1 14
 55 -3 0 281
 55 -2 0 101
 55 -2 -3 160
 55 2 3 36
 55 3 3 1
 55 4 0 89
 55 -4 -1 204
 5 -2 -2 41
 55 0 3 76
 "contig-ratio-green-core" 0.6363636363636364
 "contig-ratio-red-core" 0.6842105263157895
 "a-count" 8
 "b-count" 5
 "c-color-count" 23
 "c-express-count" 23
 "d-color-count" 21
 "d-express-count" 20
 "cell-count" 56
 15 0 4 165
 15 2 2 206
 15 -3 -1 288
 105 -3 -2 159
 15 -1 -4 256
 15 3 -1 67
 15 0 3 287
 105 3 2 39
 15 -1 3 245
 105 4 -1 206
 15 2 -1 222
 15 2 -2 157
 15 -4 0 155
 105 3 1 235
 15 0 -3 59
 15 2 0 275
 15 -1 4 256
 15 1 -3 352
 15 -2 -3 22
 105 1 -4 30
 15 1 4 69
 105 3 3 109
 15 2 1 141
 15 1 3 175
 105 4 1 244
 15 -3 -3 213
 15 -1 -3 227
 15 -2 4 264
 55 -1 -1 278
 55 -3 3 249
 5 -4 1 304
 55 0 2 201
 55 -2 0 258
 5 -3 2 131
 55 -1 2 96
 55 -1 -2 171
 55 -2 3 71
 55 -2 2 3
 5 2 3 122
 55 -1 1 263
 55 -1 0 142
 55 1 0 317
 55 0 -1 105
 5 3 -2 314
 55 -3 0 273
 55 -2 1 69
 55 3 -3 307
 55 0 -2 62
 55 -2 -1 122
 55 1 2 282
 55 0 0 331
 55 2 -3 179
 55 -2 -2 304
 5 -3 1 220
 55 0 1 357
 55 1 1 199
 "contig-ratio-green-core" 0.9333333333333333
 "contig-ratio-red-core" 0.5625
 "a-count" 7
 "b-count" 2
 "c-color-count" 26
 "c-express-count" 26
 "d-color-count" 24
 "d-express-count" 21
 "cell-count" 56
 15 2 1 301
 15 4 -1 57
 15 -2 -2 19
 15 4 1 145
 105 4 0 350
 105 3 -2 13
 15 0 -4 227
 105 -3 0 163
 15 3 0 104
 15 0 4 178
 15 -2 1 82
 15 -3 -3 147
 15 -1 2 349
 15 0 -3 108
 15 -2 -1 168
 15 0 2 67
 15 -1 -3 264
 15 -3 1 104
 15 0 1 95
 15 1 -4 286
 15 -4 -1 304
 15 -2 0 165
 15 -1 1 200
 15 0 3 239
 105 1 3 280
 15 2 -3 173
 15 -3 -1 151
 15 1 1 265
 55 -1 0 34
 55 2 -2 330
 55 -1 -1 280
 5 -2 2 43
 55 3 1 74
 55 -1 3 277
 55 -1 4 25
 55 -3 2 332
 55 1 -2 272
 55 -3 3 1
 55 1 -3 239
 55 -1 -4 348
 55 -4 0 217
 55 2 -1 264
 55 -1 -2 297
 55 2 4 191
 55 -2 -3 348
 5 -2 3 120
 55 1 -1 308
 55 0 -2 330
 55 2 0 128
 55 3 2 137
 55 -3 -2 128
 55 -4 1 166
 55 1 0 190
 55 0 -1 37
 55 2 3 348
 55 0 0 353
 "contig-ratio-green-core" 0.9
 "contig-ratio-red-core" 0.7619047619047619
