 "a-count" 1
 "b-count" 0
 "c-color-count" 28
 "c-express-count" 28
 "d-color-count" 27
 "d-express-count" 27
 "cell-count" 56
 15 2 -1 209
 15 -4 -2 150
 15 -1 -3 155
 15 4 -1 2
 15 -1 -1 268
 15 2 -3 177
 15 2 4 354
 15 5 1 232
 15 0 -2 30
 15 1 3 305
 15 0 4 223
 15 -2 4 79
 15 -1 -2 301
 15 0 -4 119
 15 1 -3 95
 15 -2 -2 323
 15 4 0 263
 15 2 3 102
 15 0 -3 106
 15 3 -1 65
 15 -2 -1 10
 15 -3 -2 168
 15 4 1 256
 105 0 3 281
 15 -1 4 125
 15 -1 -4 25
 15 -4 1 170
 15 3 0 99
 55 -4 0 7
 55 -1 1 294
 55 1 1 240
 55 0 1 208
 55 -2 3 28
 55 0 2 322
 55 -2 0 331
 55 1 0 84
 55 -3 0 225
 55 2 1 213
 55 -3 1 88
 55 3 2 149
 55 -2 2 274
 55 1 -2 52
 55 -3 -1 110
 55 0 0 61
 55 -3 2 129
 55 -2 1 202
 55 4 2 272
 55 -1 0 193
 55 0 -1 156
 55 2 0 123
 55 -1 3 117
 55 1 -4 305
 55 1 2 96
 55 1 -1 266
 55 -1 2 93
 55 3 1 126
 "contig-ratio-green-core" 0.6666666666666666
 "contig-ratio-red-core" 0.55
 "a-count" 6
 "b-count" 0
 "c-color-count" 28
 "c-express-count" 28
 "d-color-count" 22
 "d-express-count" 22
 "cell-count" 56
 15 -3 0 70
 105 -2 3 348
 15 0 -4 157
 15 2 -3 338
 15 2 -2 17
 105 4 -1 156
 15 3 -1 75
 15 -3 -1 226
 15 4 0 17
 15 1 -3 277
 15 -1 2 7
 15 -2 -2 112
 105 -3 2 245
 15 -2 -3 300
 105 1 -4 347
 15 1 -2 331
 15 -3 -2 337
 105 -4 -1 104
 15 -1 3 177
 15 -4 0 258
 15 2 -1 180
 15 -2 2 38
 15 -1 -4 68
 15 -2 1 204
 15 3 -2 307
 105 4 -2 356
 15 -1 -3 242
 15 0 -3 253
 55 2 0 247
 55 2 2 314
 55 -1 4 282
 55 -3 -3 322
 55 2 3 334
 55 -2 -1 71
 55 -2 0 238
 55 1 3 115
 55 1 2 352
 55 3 0 321
 55 3 1 306
 55 4 1 280
 55 1 -1 50
 55 -1 0 234
 55 0 2 45
 55 0 0 185
 55 1 0 114
 55 0 -2 291
 55 -1 1 263
 55 -1 -1 277
 55 0 -1 102
 55 0 1 96
 55 3 -3 237
 55 0 4 164
 55 1 1 49
 55 2 1 11
 55 0 3 342
 55 -1 -2 282
 "contig-ratio-green-core" 0.7058823529411765
 "contig-ratio-red-core" 0.7368421052631579
 "a-count" 5
 "b-count" 0
 "c-color-count" 28
 "c-express-count" 28
 "d-color-count" 24
 "d-express-count" 23
 "cell-count" 56
 15 2 -3 249
 15 4 -1 253
 15 -2 -3 264
 15 2 3 54
 15 1 -4 264
 105 -4 1 65
 105 -1 -4 55
 105 -4 0 161
 15 3 -2 205
 15 4 1 125
 15 1 3 15
 15 -3 0 45
 15 -3 -1 202
 15 -1 4 116
 105 0 -4 264
 15 4 0 299
 15 -1 3 310
 15 -3 1 58
 15 0 -2 299
 15 -1 -2 16
 15 1 -3 100
 15 -4 -1 97
 15 -2 -2 241
 15 0 -3 250
 15 -1 -3 7
 15 0 3 307
 15 -2 3 63
 15 1 4 177
 55 0 2 304
 55 3 -3 52
 55 -2 2 43
 55 3 1 225
 55 0 1 141
 55 -1 2 6
 55 -1 -1 287
 55 3 0 355
 55 -2 1 334
 55 3 2 251
 55 1 1 291
 55 2 -2 319
 55 2 -1 208
 55 1 -2 181
 55 -1 1 127
 55 1 -1 212
 55 1 2 22
 55 0 -1 300
 55 2 0 162
 55 -3 -2 12
 55 -3 2 92
 55 -2 0 317
 55 3 -1 97
 55 2 1 39
 55 -2 -1 298
 55 0 0 285
 55 1 0 99
 55 2 2 312
 "contig-ratio-green-core" 0.8823529411764706
 "contig-ratio-red-core" 0.8421052631578947
 "a-count" 3
 "b-count" 0
 "c-color-count" 28
 "c-express-count" 28
 "d-color-count" 25
 "d-express-count" 25
 "cell-count" 56
 15 4 0 98
 105 3 -2 32
 15 -4 0 259
 15 -2 0 207
 15 2 -2 324
 15 -2 1 272
 15 -3 -3 45
 15 1 -3 342
 15 -2 -3 242
 15 4 -1 247
 15 -2 2 61
 15 4 1 13
 15 3 -1 308
 15 3 3 295
 105 -4 -1 40
 15 -3 1 161
 15 2 -3 283
 15 3 4 171
 15 -4 2 299
 15 -3 -1 70
 15 -2 3 109
 15 -1 -4 190
 15 2 3 350
 15 -3 -2 27
 15 -3 2 153
 15 -3 0 351
 15 0 -4 271
 105 3 -3 177
 55 -1 0 230
 55 3 1 291
 55 -1 -1 341
 55 1 4 265
 55 2 0 118
 55 -1 2 187
 55 0 -3 54
 55 0 0 203
 55 2 -1 0
 55 1 -2 214
 55 -1 -2 143
 55 0 2 179
 55 -1 1 278
 55 -2 -2 203
 55 0 -2 303
 55 1 3 175
 55 1 1 93
 55 -1 -3 100
 55 2 1 79
 55 3 0 346
 55 1 -1 247
 55 -1 3 161
 55 0 -1 186
 55 0 3 146
 55 1 2 59
 55 -2 -1 119
 55 1 -4 261
 55 0 1 169
 "contig-ratio-green-core" 0.7142857142857143
 "contig-ratio-red-core" 0.6363636363636364
