 "a-count" 1
 "b-count" 0
 "c-color-count" 28
 "c-express-count" 28
 "d-color-count" 27
 "d-express-count" 27
 "cell-count" 56
 15 -3 -1 88
 15 1 3 124
 15 -2 -3 285
 15 4 -1 187
 15 -4 0 80
 15 4 0 99
 15 1 -4 177
 15 -2 4 340
 105 2 -3 239
 15 0 3 37
 15 1 2 81
 15 -1 3 89
 15 -1 2 79
 15 -1 -3 110
 15 -2 -4 241
 15 -4 -1 189
 15 1 2 132
 15 0 2 234
 15 0 2 171
 15 -3 1 131
 15 -3 0 133
 15 3 -1 233
 15 3 -2 327
 15 -2 -2 152
 15 -2 3 253
 15 -1 -4 159
 15 -3 -2 251
 15 0 -4 297
 55 2 -1 289
 55 -1 -2 124
 55 2 -2 63
 55 0 -2 285
 55 1 1 146
 55 -1 -1 197
 55 1 -3 286
 55 3 1 240
 55 0 0 259
 55 0 -3 320
 55 3 0 222
 55 -1 0 206
 55 -1 1 292
 55 -2 2 118
 55 2 0 54
 55 1 -1 281
 55 2 2 326
 55 1 -2 330
 55 2 1 213
 55 -2 1 224
 55 -2 0 190
 55 2 3 159
 55 0 1 266
 55 -3 -3 74
 55 0 -1 336
 55 -3 2 220
 55 -2 -1 145
 55 1 0 25
 "contig-ratio-green-core" 1.0625
 "contig-ratio-red-core" 0.6538461538461539
 "a-count" 4
 "b-count" 0
 "c-color-count" 28
 "c-express-count" 28
 "d-color-count" 25
 "d-express-count" 24
 "cell-count" 56
 15 0 4 314
 15 -1 -3 124
 15 2 -1 237
 15 1 3 356
 15 -2 2 343
 15 3 -1 139
 15 0 3 3
 15 -3 2 330
 105 -1 3 354
 15 1 -3 273
 15 1 4 98
 15 3 3 88
 15 3 -2 353
 15 0 -4 88
 15 4 1 186
 15 2 -3 316
 15 -2 4 51
 15 3 -3 149
 105 2 -2 326
 15 1 -2 95
 15 0 -3 323
 15 -3 1 89
 15 3 0 315
 105 4 -1 164
 15 -1 -2 254
 15 0 -2 290
 15 2 4 61
 15 -2 3 130
 55 -2 -3 333
 55 2 3 188
 55 0 2 335
 55 0 0 217
 55 -1 2 155
 55 -1 -1 157
 55 2 1 282
 55 -2 -1 108
 55 -3 -3 146
 55 -3 0 191
 55 -2 -2 177
 55 0 -1 157
 55 0 1 144
 55 1 1 63
 55 -2 1 80
 55 3 1 153
 55 -1 1 134
 55 -3 -1 123
 55 3 2 224
 55 -4 0 206
 55 2 2 326
 55 1 2 281
 55 -2 0 248
 55 -3 -2 41
 55 2 0 258
 55 1 0 215
 55 1 -1 178
 55 -1 0 105
 "contig-ratio-green-core" 0.7222222222222222
 "contig-ratio-red-core" 0.6190476190476191
 "a-count" 4
 "b-count" 0
 "c-color-count" 28
 "c-express-count" 28
 "d-color-count" 24
 "d-express-count" 24
 "cell-count" 56
 15 2 3 110
 15 1 -3 325
 15 -3 3 195
 15 -4 -2 12
 15 1 -4 54
 15 -5 -1 161
 15 3 3 137
 15 -1 4 14
 15 1 -5 53
 15 -2 2 326
 15 0 -2 119
 15 2 -3 325
 105 -3 -2 41
 15 -1 -2 214
 15 0 4 56
 15 1 -2 254
 105 -2 4 200
 15 1 3 44
 15 -5 0 340
 15 3 2 217
 15 -2 3 100
 105 0 -3 331
 15 4 0 179
 105 -3 0 300
 15 4 -1 90
 15 2 -2 25
 15 2 -4 98
 15 -4 -1 88
 55 1 1 293
 55 -2 -2 263
 55 0 0 184
 55 3 -1 113
 55 1 2 116
 55 -1 1 274
 55 0 1 80
 55 1 -1 266
 55 2 -1 259
 55 2 0 262
 55 2 1 268
 55 0 -1 77
 55 0 2 76
 55 -2 0 295
 55 -1 -1 3
 55 -2 1 323
 55 3 0 40
 55 3 1 349
 55 -1 0 113
 55 -2 -1 231
 55 0 3 58
 55 3 -2 190
 55 -3 1 106
 55 1 4 295
 55 1 0 3
 55 -1 3 73
 55 4 1 254
 55 -1 2 295
 "contig-ratio-green-core" 0.631578947368421
 "contig-ratio-red-core" 0.7619047619047619
