 "a-count" 5
 "b-count" 0
 "c-color-count" 28
 "c-express-count" 28
 "d-color-count" 24
 "d-express-count" 23
 "cell-count" 56
 15 -3 -3 20
 15 0 3 86
 15 -1 1 225
 15 4 -1 31
 105 1 4 244
 15 -3 -2 4
 15 -2 -3 109
 105 0 4 119
 15 2 2 86
 15 -1 2 282
 15 -3 -1 245
 15 1 3 247
 15 2 -3 50
 15 -3 2 164
 15 2 -4 189
 15 -2 1 17
 105 -4 1 188
 105 -3 1 325
 15 -2 2 8
 15 -1 3 96
 15 -3 0 100
 15 3 -1 163
 15 2 3 325
 15 3 2 72
 15 -2 -2 63
 15 3 -2 10
 15 -4 0 0
 15 -4 -1 211
 55 -2 0 348
 55 3 0 239
 55 1 1 64
 55 2 1 67
 55 1 0 141
 55 1 -1 241
 55 2 0 342
 55 0 -3 130
 55 -1 -2 141
 55 -1 -4 100
 55 2 -1 249
 55 4 1 269
 55 -2 3 25
 55 2 -2 240
 55 -2 -1 3
 55 0 -4 51
 55 0 2 126
 55 0 -2 69
 55 4 0 306
 55 -1 -3 190
 55 0 -1 156
 55 0 1 193
 55 3 1 272
 55 0 0 33
 55 1 -2 53
 55 -1 0 179
 55 1 2 144
 55 -1 -1 286
 "contig-ratio-green-core" 0.7894736842105263
 "contig-ratio-red-core" 0.625
 "a-count" 0
 "b-count" 0
 "c-color-count" 28
 "c-express-count" 28
 "d-color-count" 28
 "d-express-count" 28
 "cell-count" 56
 15 3 -2 312
 15 -1 -4 106
 15 4 -1 299
 15 0 4 117
 15 -2 3 332
 15 3 -1 209
 15 -1 4 44
 15 -2 4 326
 15 -3 1 329
 15 0 -4 256
 15 4 -3 198
 15 -4 1 355
 15 -3 -3 317
 15 2 -1 350
 15 -2 -3 330
 15 2 -2 190
 15 -2 -2 207
 15 3 1 135
 15 -3 -2 83
 15 2 -3 143
 15 4 0 99
 15 -2 2 106
 15 -1 3 248
 15 1 -3 80
 15 3 2 200
 15 2 0 232
 15 3 0 34
 15 -4 0 232
 55 -2 1 263
 55 -2 0 242
 55 -1 2 108
 55 -1 1 254
 55 1 1 174
 55 0 -1 329
 55 1 -1 38
 55 0 -2 127
 55 -1 -3 194
 55 -1 0 310
 55 3 -3 168
 55 2 3 275
 55 0 2 69
 55 -1 -2 313
 55 0 3 312
 55 1 0 271
 55 0 0 206
 55 1 3 306
 55 -4 -1 215
 55 -2 -1 113
 55 0 1 194
 55 1 -2 347
 55 0 -3 117
 55 1 2 322
 55 -4 -2 302
 55 -1 -1 251
 55 1 -4 204
 55 1 -1 229
 "contig-ratio-green-core" 0.7777777777777778
 "contig-ratio-red-core" 0.625
