 "a-count" 3
 "b-count" 0
 "c-color-count" 28
 "c-express-count" 28
 "d-color-count" 25
 "d-express-count" 25
 "cell-count" 56
 15 -2 -2 169
 15 4 0 326
 15 -4 0 96
 15 2 4 320
 15 3 0 219
 15 1 4 64
 15 -4 -1 103
 15 0 -3 58
 15 2 2 139
 15 1 -4 117
 15 3 2 100
 15 2 -2 26
 15 -3 -2 189
 15 0 -4 282
 15 2 -3 159
 105 3 -2 312
 15 3 -1 44
 105 3 -3 304
 15 4 -1 111
 15 -2 3 117
 15 2 3 189
 15 3 3 203
 15 3 1 171
 15 -4 1 106
 15 1 -3 63
 105 4 1 84
 15 2 1 169
 15 -1 -4 165
 55 -1 -1 29
 55 0 0 51
 55 0 -1 220
 55 -2 1 219
 55 1 -2 92
 55 0 4 224
 55 -2 0 99
 55 -1 -2 199
 55 -2 -1 113
 55 -2 2 137
 55 -1 2 58
 55 1 -1 3
 55 -1 0 77
 55 1 3 23
 55 2 0 210
 55 -1 -3 292
 55 0 3 102
 55 1 0 138
 55 -1 1 13
 55 1 1 85
 55 -3 0 227
 55 -3 1 76
 55 1 2 266
 55 0 -2 335
 55 2 -1 147
 55 0 2 191
 55 -3 -1 253
 55 0 1 292
 "contig-ratio-green-core" 0.9411764705882353
 "contig-ratio-red-core" 0.5909090909090909
 "a-count" 1
 "b-count" 0
 "c-color-count" 28
 "c-express-count" 28
 "d-color-count" 27
 "d-express-count" 27
 "cell-count" 56
 15 -1 -3 197
 15 3 2 11
 15 -2 3 70
 15 -1 4 111
 15 -1 -4 41
 15 1 -4 233
 15 -3 2 265
 15 3 -1 20
 15 3 1 16
 15 3 -2 70
 15 -3 -2 238
 15 2 -2 167
 15 -3 3 44
 15 -4 0 187
 15 4 1 342
 15 -1 2 169
 15 1 -3 83
 15 -4 -1 228
 15 -2 -3 244
 15 -2 -2 274
 15 0 -4 96
 15 -1 3 243
 15 2 -1 91
 15 -2 2 15
 15 4 0 87
 105 2 -3 263
 15 0 -3 85
 15 3 0 126
 55 0 -2 332
 55 -1 -1 214
 55 -4 2 274
 55 1 1 50
 55 -4 1 231
 55 2 1 155
 55 1 -2 231
 55 2 2 270
 55 1 2 147
 55 0 2 57
 55 -3 -1 146
 55 1 0 83
 55 -3 0 329
 55 0 3 279
 55 -3 1 240
 55 1 3 62
 55 -1 0 67
 55 1 4 309
 55 0 1 350
 55 -3 -3 172
 55 -1 -2 52
 55 1 -1 242
 55 -2 1 120
 55 -2 0 308
 55 0 -1 334
 55 2 0 159
 55 -2 -1 113
 55 -1 1 52
 "contig-ratio-green-core" 0.6956521739130435
 "contig-ratio-red-core" 0.6666666666666666
 "a-count" 1
 "b-count" 0
 "c-color-count" 28
 "c-express-count" 28
 "d-color-count" 27
 "d-express-count" 27
 "cell-count" 56
 15 3 -3 98
 15 -2 0 357
 15 1 -4 35
 15 3 2 75
 15 0 -3 315
 15 3 -2 256
 15 -2 1 301
 15 -3 -1 170
 15 -4 1 236
 15 1 3 292
 15 2 -2 47
 15 -1 -4 272
 15 -1 -3 359
 15 -4 2 308
 15 2 3 344
 15 -3 1 187
 15 -2 -2 62
 15 1 -3 50
 15 -4 0 175
 15 2 -3 118
 15 1 2 349
 15 1 4 60
 105 -4 -1 248
 15 -3 0 65
 15 2 2 194
 15 -3 -2 55
 15 -2 -1 75
 15 0 -4 251
 55 0 4 48
 55 -1 4 282
 55 1 -1 346
 55 0 2 330
 55 0 -1 328
 55 -1 -1 11
 55 2 1 166
 55 -1 1 319
 55 1 -2 149
 55 1 0 1
 55 1 1 164
 55 3 0 116
 55 0 1 149
 55 -1 3 134
 55 -2 2 226
 55 0 -2 65
 55 -2 -3 206
 55 2 -1 186
 55 -3 2 327
 55 0 0 21
 55 -1 -2 253
 55 3 -1 59
 55 -2 3 219
 55 2 0 53
 55 -1 0 277
 55 -1 2 323
 55 3 1 299
 55 0 3 72
 "contig-ratio-green-core" 0.8421052631578947
 "contig-ratio-red-core" 0.68
