 "a-count" 0
 "b-count" 10
 "c-color-count" 18
 "c-express-count" 18
 "d-color-count" 28
 "d-express-count" 28
 "cell-count" 56
 15 0 -2 342
 15 -3 -2 128
 15 -3 2 106
 15 -1 -2 308
 15 -2 2 226
 15 2 2 321
 15 0 -3 304
 15 1 -2 287
 15 1 -1 35
 15 4 0 316
 15 -1 3 58
 15 -1 2 94
 15 1 -3 330
 15 2 1 248
 15 0 -4 219
 15 1 2 162
 15 2 -1 173
 15 3 3 210
 15 0 2 299
 15 1 0 319
 15 0 3 359
 15 -2 -2 162
 15 3 0 27
 15 1 3 52
 15 0 4 142
 15 1 1 233
 15 2 0 174
 15 3 -1 345
 55 -4 1 82
 55 -3 1 331
 5 -2 3 22
 55 -3 3 39
 55 -1 -3 168
 5 3 1 31
 55 -2 1 309
 5 -3 -1 230
 55 2 -3 25
 55 -2 0 299
 5 3 -2 295
 5 -1 -4 98
 55 4 -1 180
 55 3 2 233
 55 -3 0 201
 55 -1 0 204
 55 4 1 182
 55 0 -1 9
 55 -1 -1 2
 5 -2 -1 328
 55 0 1 283
 5 1 4 136
 55 -1 1 201
 5 2 -2 126
 55 3 -3 46
 5 -1 4 296
 55 0 0 242
 5 2 3 35
 "contig-ratio-green-core" 0.9333333333333333
 "contig-ratio-red-core" 0.5238095238095238
 "a-count" 4
 "b-count" 5
 "c-color-count" 23
 "c-express-count" 23
 "d-color-count" 24
 "d-express-count" 24
 "cell-count" 56
 15 -2 1 228
 15 -2 0 1
 15 2 0 150
 15 3 1 179
 15 -2 -3 226
 105 4 0 261
 15 2 3 5
 15 0 2 100
 105 3 -3 300
 15 1 1 49
 105 4 -1 295
 15 -1 0 61
 15 0 0 110
 15 -1 2 307
 15 2 -1 302
 15 -3 -3 116
 15 2 1 229
 15 -3 0 259
 15 -1 -4 66
 15 1 0 111
 15 1 2 234
 105 -4 1 289
 15 -2 2 226
 15 0 1 283
 15 2 2 254
 15 -1 1 304
 15 1 -4 72
 15 -3 1 267
 55 -2 3 263
 55 0 3 224
 55 -1 3 109
 55 1 3 39
 55 4 1 222
 55 -4 0 295
 55 -2 -2 191
 55 1 -1 104
 5 -4 -1 45
 55 3 2 225
 55 2 -2 131
 55 -1 -1 46
 55 -1 -3 14
 55 1 -2 50
 55 -1 -2 275
 55 3 -2 318
 55 -2 -1 344
 55 1 -3 19
 5 3 3 340
 55 0 -4 221
 5 1 4 30
 5 2 -3 191
 55 -3 -1 20
 55 3 0 148
 5 0 4 184
 55 0 -2 43
 55 0 -1 286
 55 0 -3 205
 "contig-ratio-green-core" 1
 "contig-ratio-red-core" 0.9411764705882353
