 "a-count" 3
 "b-count" 13
 "c-color-count" 15
 "c-express-count" 15
 "d-color-count" 25
 "d-express-count" 25
 "cell-count" 56
 105 -3 -3 145
 15 1 -2 45
 15 2 -1 133
 15 -2 1 25
 15 -1 -2 349
 15 -2 -2 79
 15 0 -1 257
 15 3 -2 269
 15 -2 -3 58
 15 -1 0 89
 15 -3 1 31
 15 -2 -1 353
 15 -3 0 168
 15 -1 2 240
 15 -3 2 180
 15 2 0 262
 15 -1 1 249
 105 4 -1 338
 15 -2 2 194
 15 1 0 83
 15 -2 0 79
 15 0 0 163
 15 2 -2 345
 15 3 -1 22
 105 0 4 46
 15 0 -2 288
 15 -1 -1 175
 15 1 -1 126
 55 3 -3 235
 5 -4 0 318
 5 3 2 269
 5 3 0 8
 5 3 1 13
 5 -1 3 163
 5 2 3 149
 5 1 -3 334
 55 -4 -1 192
 55 1 3 50
 5 1 4 309
 55 4 0 80
 55 0 1 319
 5 -4 1 90
 5 -3 -1 322
 55 1 1 342
 55 2 1 310
 55 -1 -3 306
 55 0 2 219
 55 2 2 36
 55 0 -4 285
 55 1 2 83
 5 -1 4 261
 55 -1 -4 124
 5 2 -3 347
 55 0 -3 163
 55 0 -5 141
 5 0 3 340
 "contig-ratio-green-core" 0.75
 "contig-ratio-red-core" 0.3888888888888889
 "a-count" 2
 "b-count" 9
 "c-color-count" 19
 "c-express-count" 19
 "d-color-count" 26
 "d-express-count" 26
 "cell-count" 56
 105 3 3 185
 15 1 0 201
 15 2 3 173
 15 3 -2 239
 15 1 2 88
 15 -1 0 68
 15 1 1 72
 105 -1 -4 313
 15 1 -2 92
 15 2 -1 198
 15 0 -2 118
 15 3 2 58
 15 0 0 20
 15 1 -1 221
 15 0 1 263
 15 4 1 256
 15 -3 2 278
 15 0 -1 290
 15 1 4 53
 15 -1 -2 340
 15 -3 1 186
 15 -1 1 300
 15 2 0 223
 15 0 2 39
 15 -2 0 334
 15 -2 -1 204
 15 -3 0 16
 15 -1 -1 119
 55 1 3 347
 5 1 -3 269
 55 3 1 247
 5 -4 0 239
 55 2 -2 335
 5 2 1 320
 55 -2 -2 259
 55 0 -3 259
 55 -2 3 155
 55 3 -1 200
 55 4 -1 157
 55 3 0 11
 55 0 4 97
 55 -3 -2 299
 55 -2 2 132
 55 -1 2 345
 55 4 0 335
 55 -3 -3 159
 55 -1 3 147
 5 -4 -1 216
 55 0 3 251
 55 0 -4 262
 55 2 -3 196
 5 -4 1 302
 5 -2 -3 317
 5 -1 4 31
 5 1 -4 2
 5 2 2 312
 "contig-ratio-green-core" 0.8333333333333334
 "contig-ratio-red-core" 0.6666666666666666
 "a-count" 2
 "b-count" 9
 "c-color-count" 19
 "c-express-count" 19
 "d-color-count" 26
 "d-express-count" 26
 "cell-count" 56
 15 0 0 267
 15 -4 0 27
 15 2 3 245
 15 -1 2 119
 15 3 -2 287
 15 1 0 298
 15 -1 0 64
 15 2 2 306
 15 2 -3 313
 15 -3 0 74
 15 -3 1 101
 15 -1 -1 224
 15 -2 -1 338
 15 1 -1 11
 15 -2 2 219
 15 0 1 183
 15 -2 0 269
 15 1 2 282
 15 -1 -2 301
 15 0 2 4
 15 1 1 44
 105 -1 1 140
 15 -3 -3 151
 105 3 -3 70
 15 0 -2 243
 15 -1 3 186
 15 0 -1 276
 15 -2 1 100
 5 1 4 52
 55 4 -1 44
 5 -2 3 71
 5 -4 -1 315
 55 -3 -2 108
 55 3 1 205
 55 1 3 248
 5 1 -4 165
 55 -2 -2 49
 5 -1 -4 224
 55 1 -3 58
 5 -2 -3 212
 55 4 1 63
 55 4 0 313
 5 -3 2 160
 55 3 0 255
 55 0 -3 317
 5 1 -2 231
 5 3 2 16
 55 2 -2 11
 55 0 4 46
 55 2 1 262
 55 2 0 12
 55 0 3 84
 55 3 -1 216
 55 0 -4 299
 55 2 -1 232
 55 -1 -3 12
 "contig-ratio-green-core" 0.8235294117647058
 "contig-ratio-red-core" 0.6470588235294118
 "a-count" 3
 "b-count" 9
 "c-color-count" 19
 "c-express-count" 19
 "d-color-count" 25
 "d-express-count" 25
 "cell-count" 56
 15 2 3 214
 15 -3 0 211
 15 -1 -3 325
 15 2 1 196
 15 2 -1 192
 15 0 4 95
 15 3 0 93
 15 -3 2 51
 15 -3 1 136
 15 -2 -1 52
 15 2 -3 206
 15 -2 0 161
 15 2 0 34
 15 2 -2 267
 15 1 3 277
 15 -3 -1 214
 105 -1 -2 312
 15 2 2 136
 15 3 1 354
 15 -2 -3 168
 15 -1 4 46
 105 -2 3 243
 15 -2 1 112
 15 -2 -2 218
 105 -4 0 125
 15 4 1 95
 15 3 -1 97
 15 3 2 71
 5 -1 0 13
 55 1 1 341
 55 -1 3 157
 55 -1 1 232
 55 0 -4 175
 5 -4 -1 40
 55 1 -2 166
 55 1 0 37
 55 0 1 75
 5 1 -1 301
 5 -3 3 114
 55 0 0 113
 55 3 3 322
 5 -4 1 155
 5 4 -1 312
 55 1 2 330
 55 0 2 51
 55 1 -3 138
 5 3 -3 354
 5 3 -2 258
 55 -1 2 304
 55 0 3 321
 55 0 -2 251
 55 -3 -3 121
 5 -3 -2 19
 55 0 -3 102
 55 4 0 81
 55 0 -1 355
 "contig-ratio-green-core" 0.8666666666666667
 "contig-ratio-red-core" 0.5
