 "a-count" 3
 "b-count" 11
 "c-color-count" 17
 "c-express-count" 17
 "d-color-count" 25
 "d-express-count" 25
 "cell-count" 56
 15 2 1 56
 15 -1 -3 324
 15 1 0 315
 15 0 0 289
 15 3 1 257
 15 -1 -4 258
 15 -1 1 149
 15 2 2 49
 15 2 -1 353
 15 2 0 277
 15 0 -4 233
 15 0 4 358
 105 3 2 203
 15 0 3 12
 15 1 2 304
 15 1 -1 88
 105 3 3 46
 15 1 1 134
 15 3 0 46
 15 -1 0 73
 105 4 -1 42
 15 0 2 67
 15 -3 3 215
 15 -1 3 93
 15 1 3 295
 15 -4 0 87
 15 -1 2 141
 15 0 1 347
 55 1 -3 299
 5 -1 -1 213
 5 -2 -2 276
 55 1 4 254
 55 2 -2 338
 55 -3 -1 102
 55 -2 0 220
 55 1 -2 9
 55 0 -2 39
 55 -3 1 72
 55 -2 3 343
 55 -1 -2 271
 55 -1 4 334
 55 -2 2 172
 5 0 -3 269
 5 -2 -1 257
 5 3 -1 297
 55 0 -1 254
 55 -3 2 109
 5 -2 -3 219
 5 4 1 252
 5 2 -3 40
 5 1 -4 269
 5 -3 -3 55
 55 -4 -1 351
 55 2 3 28
 5 -2 1 316
 55 -3 0 110
 "contig-ratio-green-core" 0.75
 "contig-ratio-red-core" 0.6666666666666666
 "a-count" 1
 "b-count" 11
 "c-color-count" 17
 "c-express-count" 17
 "d-color-count" 28
 "d-express-count" 27
 "cell-count" 56
 15 0 -2 193
 15 3 -3 207
 15 1 2 51
 15 1 -2 321
 15 1 0 9
 15 -1 0 17
 15 2 2 199
 15 -1 1 221
 15 -1 -3 4
 15 1 -4 304
 15 0 2 22
 15 0 0 257
 15 2 0 113
 15 0 -1 346
 15 1 -1 353
 15 -1 -2 49
 15 1 1 95
 15 1 3 144
 15 2 -1 338
 15 -1 2 228
 15 2 3 104
 15 3 3 236
 15 2 1 64
 15 0 1 5
 15 4 -1 169
 15 3 1 290
 15 -1 -1 247
 15 -2 -3 165
 55 2 -2 269
 55 0 3 159
 55 -3 0 170
 5 -1 4 125
 55 -1 3 347
 5 -4 0 114
 55 -3 -1 344
 5 4 0 284
 55 -2 3 157
 5 -2 2 82
 55 3 2 358
 55 -3 1 17
 55 3 -2 47
 5 -3 -3 85
 5 -3 3 246
 55 3 0 62
 5 0 4 230
 55 -4 1 30
 55 3 -1 228
 55 -2 0 223
 55 0 -3 171
 55 0 -4 199
 55 1 -3 211
 5 -1 -4 27
 5 -3 -2 117
 5 -2 -2 285
 5 -3 2 235
 55 2 -3 25
 "contig-ratio-green-core" 1
 "contig-ratio-red-core" 0.5294117647058824
 "a-count" 0
 "b-count" 9
 "c-color-count" 19
 "c-express-count" 19
 "d-color-count" 28
 "d-express-count" 28
 "cell-count" 56
 15 -1 0 350
 15 1 -2 308
 15 -3 -2 353
 15 1 1 220
 15 0 -3 112
 15 1 2 73
 15 0 3 318
 15 1 -4 326
 15 1 -3 264
 15 -1 2 253
 15 3 -1 208
 15 3 -3 57
 15 -1 -1 312
 15 0 -1 157
 15 -1 1 53
 15 0 -2 86
 15 -1 3 126
 15 1 -1 99
 15 0 2 173
 15 -2 -2 316
 15 0 1 270
 15 -2 -3 118
 15 -1 -2 114
 15 0 0 242
 15 2 0 134
 15 1 0 208
 15 -1 -3 312
 15 2 -1 283
 5 1 3 181
 5 4 0 343
 5 -4 0 67
 55 -2 3 259
 55 2 1 36
 55 3 1 182
 55 4 -1 4
 5 0 4 341
 55 -3 2 88
 5 3 3 345
 5 -2 2 88
 5 -2 1 303
 55 0 -4 201
 55 -2 -1 32
 55 -3 0 167
 5 -3 -1 153
 55 -3 1 70
 55 -1 -4 182
 55 3 0 167
 5 3 -2 207
 55 2 -2 29
 55 3 2 201
 55 2 3 64
 55 2 2 330
 55 2 -3 325
 55 -2 0 299
 55 -3 3 120
 55 4 1 299
 "contig-ratio-green-core" 0.8823529411764706
 "contig-ratio-red-core" 0.5789473684210527
 "a-count" 1
 "b-count" 7
 "c-color-count" 21
 "c-express-count" 21
 "d-color-count" 27
 "d-express-count" 27
 "cell-count" 56
 15 0 2 102
 15 0 -1 244
 15 -2 0 132
 15 2 3 114
 15 1 0 311
 15 1 4 64
 105 4 -1 98
 15 3 -1 287
 15 1 2 40
 15 -1 -1 349
 15 -1 1 90
 15 2 0 313
 15 1 3 44
 15 2 -1 12
 15 3 -3 94
 15 1 -1 186
 15 -2 3 235
 15 0 1 37
 15 -2 -3 147
 15 4 0 28
 15 3 0 35
 15 -2 1 195
 15 1 -2 85
 15 0 0 126
 15 -1 2 16
 15 1 1 57
 15 3 -2 259
 15 -1 0 138
 55 1 -3 106
 5 -4 1 227
 55 4 1 265
 55 -2 -1 237
 55 -4 0 63
 55 -1 4 101
 5 -3 0 36
 55 -1 3 322
 55 0 -3 139
 55 2 1 81
 5 -3 3 241
 55 -3 -2 284
 5 1 -4 216
 55 0 -2 136
 5 -3 -1 49
 55 -1 -2 18
 55 2 -3 203
 55 -2 -2 293
 5 -2 2 201
 55 -3 2 70
 55 -3 1 143
 5 3 3 33
 55 -1 -3 137
 55 0 3 236
 55 0 -4 249
 55 3 1 83
 55 0 4 29
 55 3 2 226
 "contig-ratio-green-core" 0.8421052631578947
 "contig-ratio-red-core" 0.7058823529411765
