 "a-count" 4
 "b-count" 14
 "c-color-count" 15
 "c-express-count" 14
 "d-color-count" 26
 "d-express-count" 24
 "cell-count" 56
 105 -3 -3 30
 15 -3 0 56
 15 3 1 350
 15 -3 -2 177
 15 0 -3 320
 15 -3 2 148
 15 0 -4 254
 15 1 1 157
 15 -3 -1 101
 15 2 2 149
 105 2 -3 47
 15 2 3 263
 15 1 -2 205
 15 -2 2 198
 15 2 -1 326
 15 1 -1 92
 15 2 -2 83
 15 1 0 60
 15 2 1 223
 15 -2 -3 260
 15 0 -1 301
 15 3 2 199
 15 2 0 83
 15 0 -2 209
 15 0 0 231
 15 -4 0 149
 15 -3 1 255
 15 3 0 242
 55 -4 1 252
 55 -1 2 252
 5 1 3 353
 55 -2 -2 16
 55 4 0 182
 55 -1 -3 113
 55 4 -1 357
 5 -1 3 191
 5 3 -1 83
 5 3 -3 314
 5 1 -4 172
 5 -1 4 292
 5 1 4 2
 5 -2 -1 165
 55 0 1 62
 5 -2 0 27
 55 -1 1 128
 55 0 4 286
 55 1 -3 42
 55 -1 -1 261
 5 1 2 116
 55 3 3 129
 5 -1 0 139
 5 -4 -1 150
 5 -3 3 287
 55 0 2 301
 55 0 3 6
 55 -1 -2 204
 "contig-ratio-green-core" 0.9090909090909091
 "contig-ratio-red-core" 0.5555555555555556
 "a-count" 3
 "b-count" 9
 "c-color-count" 19
 "c-express-count" 19
 "d-color-count" 26
 "d-express-count" 25
 "cell-count" 56
 15 1 -3 295
 15 3 0 281
 15 0 2 124
 15 -4 0 73
 15 2 -3 143
 15 3 1 151
 15 0 1 116
 15 1 2 256
 15 0 -3 8
 15 -2 -2 84
 105 -2 2 83
 15 -1 -3 197
 15 0 -2 281
 105 -2 -3 22
 15 -1 -2 3
 15 3 -1 11
 15 -1 1 355
 15 -1 2 306
 15 -1 3 154
 15 -2 1 289
 15 0 3 13
 15 0 4 330
 15 -3 -2 65
 15 3 -2 265
 15 1 3 39
 15 2 -2 358
 15 1 -4 230
 15 1 -2 307
 55 0 -1 176
 55 4 -1 304
 55 -1 0 47
 5 2 3 129
 5 -3 -3 145
 55 2 1 226
 55 -1 -4 207
 55 -3 1 228
 55 -2 -1 218
 5 -3 2 223
 5 -4 -1 13
 55 -1 -1 113
 55 -2 0 271
 5 4 0 72
 55 2 -1 252
 55 0 0 29
 5 -1 4 149
 55 2 2 308
 55 1 -1 243
 55 1 1 254
 55 1 0 34
 5 3 3 87
 55 3 2 310
 55 -3 -1 92
 5 -2 3 20
 55 2 0 11
 5 -4 1 243
 55 -3 0 252
 "contig-ratio-green-core" 0.8235294117647058
 "contig-ratio-red-core" 0.7894736842105263
 "a-count" 0
 "b-count" 9
 "c-color-count" 19
 "c-express-count" 19
 "d-color-count" 28
 "d-express-count" 28
 "cell-count" 56
 15 3 2 102
 15 -1 -1 238
 15 -1 0 130
 15 1 -1 76
 15 2 2 338
 15 1 -2 273
 15 1 4 105
 15 -2 1 57
 15 -2 -1 295
 15 -2 -2 336
 15 0 2 209
 15 -3 1 314
 15 1 1 153
 15 1 2 241
 15 0 -1 155
 15 -1 -2 76
 15 0 1 359
 15 2 1 194
 15 -2 0 306
 15 -3 2 156
 15 -1 1 357
 15 1 0 244
 15 0 -2 245
 15 -2 2 200
 15 -3 -1 351
 15 -1 2 7
 15 -3 0 277
 15 0 0 146
 55 -2 -3 55
 55 3 1 243
 5 1 3 152
 5 -3 -2 148
 55 -4 0 91
 5 4 -1 124
 55 -1 4 299
 55 -1 -4 168
 55 -1 -3 56
 55 0 4 171
 55 0 -3 228
 55 -4 -1 30
 55 1 -3 32
 55 -3 3 224
 5 2 3 254
 55 -1 3 272
 55 3 0 17
 55 3 -2 18
 55 -2 3 179
 5 0 3 343
 55 2 -1 125
 5 2 -2 163
 5 0 -4 115
 55 3 -1 200
 55 1 -4 159
 55 2 0 307
 5 -4 1 203
 5 3 3 50
 "contig-ratio-green-core" 0.75
 "contig-ratio-red-core" 0.7058823529411765
