 "a-count" 2
 "b-count" 6
 "c-color-count" 22
 "c-express-count" 22
 "d-color-count" 26
 "d-express-count" 26
 "cell-count" 56
 15 0 1 327
 15 -1 -4 157
 15 -1 2 64
 105 0 2 104
 15 3 2 74
 15 0 3 45
 15 -1 3 297
 15 -2 3 182
 15 1 -2 342
 15 1 1 25
 15 1 4 112
 15 -3 -1 39
 15 -3 0 183
 15 2 2 162
 15 4 1 221
 15 1 -4 231
 15 2 1 14
 15 2 0 343
 15 1 2 136
 15 1 0 131
 15 0 -4 92
 15 3 1 79
 15 3 0 186
 15 -4 1 162
 15 -3 1 263
 15 -4 0 91
 105 2 -3 192
 15 -4 -1 29
 55 1 -1 68
 5 -3 3 198
 55 0 -1 231
 55 -2 -2 68
 55 0 -2 180
 55 3 -2 13
 55 -1 -3 0
 5 -3 -3 252
 55 -1 -1 144
 55 3 3 115
 55 -2 0 146
 5 -3 2 328
 5 0 4 268
 55 -1 0 257
 5 1 3 29
 55 -2 -1 333
 55 0 0 342
 55 2 3 277
 55 -2 -3 59
 55 3 -1 297
 55 -1 -2 120
 55 -1 1 250
 55 -1 4 351
 5 4 -1 302
 55 -2 2 55
 55 0 -3 80
 55 -2 1 183
 55 2 -2 92
 "contig-ratio-green-core" 0.7647058823529411
 "contig-ratio-red-core" 0.6
 "a-count" 2
 "b-count" 9
 "c-color-count" 19
 "c-express-count" 19
 "d-color-count" 26
 "d-express-count" 26
 "cell-count" 56
 15 2 1 131
 15 -1 -1 20
 15 1 -2 325
 15 -3 1 263
 15 0 -3 40
 15 -2 -1 97
 15 2 0 188
 15 1 2 79
 15 -3 3 151
 15 2 -1 181
 15 -1 1 67
 15 -2 1 118
 15 0 1 110
 105 3 3 116
 15 1 -1 135
 15 -1 -2 228
 15 1 1 207
 15 1 0 212
 15 0 0 277
 15 1 4 324
 15 2 2 24
 15 -1 0 336
 15 2 3 238
 15 -3 2 91
 15 -2 0 160
 15 0 -2 303
 15 0 -1 64
 105 -1 -4 298
 55 2 -3 283
 55 0 4 308
 55 -2 2 2
 55 -1 3 306
 5 -3 0 78
 5 -4 1 172
 55 -2 3 226
 55 -1 4 28
 55 1 -4 197
 55 1 3 281
 5 3 2 209
 55 3 -2 142
 5 -3 -1 136
 5 3 1 118
 55 -3 -2 280
 55 2 -2 290
 55 -4 0 333
 5 3 -1 142
 55 -4 -2 326
 55 0 -4 33
 55 -1 2 263
 5 -2 -2 111
 55 0 3 21
 55 0 2 270
 5 3 0 1
 55 -1 -3 80
 5 4 0 118
 55 -4 -1 81
 "contig-ratio-green-core" 0.6875
 "contig-ratio-red-core" 0.5
 "a-count" 3
 "b-count" 11
 "c-color-count" 17
 "c-express-count" 17
 "d-color-count" 26
 "d-express-count" 25
 "cell-count" 56
 105 -1 4 338
 15 2 0 13
 15 3 3 83
 15 3 -1 227
 15 3 1 18
 15 0 3 345
 15 2 2 256
 15 0 2 159
 15 -2 -1 173
 15 -1 0 46
 15 4 1 37
 15 1 3 145
 105 3 2 26
 15 -1 -1 341
 15 -1 1 3
 15 0 0 196
 15 0 1 312
 15 -3 1 48
 15 -3 0 337
 15 1 0 8
 15 -2 0 108
 15 1 2 316
 15 1 1 97
 15 2 1 64
 15 -2 1 31
 15 3 0 356
 15 0 4 71
 15 -2 -2 291
 5 4 0 281
 55 -4 0 304
 5 -3 -1 97
 5 -1 -2 227
 5 -3 3 261
 5 2 -2 356
 5 4 -1 289
 55 1 -1 73
 55 -2 2 290
 55 0 -2 52
 5 1 -3 345
 55 0 -1 198
 55 -1 -3 227
 55 3 -3 199
 5 -1 -4 157
 55 -1 2 157
 5 -2 -3 257
 55 -4 -1 303
 55 0 -4 288
 55 2 -1 335
 55 0 -3 56
 55 2 3 88
 5 -3 2 113
 55 1 -2 179
 55 0 -5 97
 55 -1 3 190
 5 1 4 25
 55 2 -3 160
 "contig-ratio-green-core" 0.8181818181818182
 "contig-ratio-red-core" 0.42105263157894735
