 "a-count" 2
 "b-count" 12
 "c-color-count" 16
 "c-express-count" 16
 "d-color-count" 26
 "d-express-count" 26
 "cell-count" 56
 15 0 -2 249
 15 2 2 206
 15 1 -4 293
 15 1 0 93
 15 -1 -4 332
 15 1 -1 258
 105 -1 0 109
 105 -2 2 341
 15 -1 1 327
 15 1 1 171
 15 -1 3 211
 15 -3 -1 279
 15 -2 -1 346
 15 -1 -1 44
 15 0 -1 260
 15 2 0 71
 15 3 -1 78
 15 1 2 332
 15 1 -2 167
 15 0 2 92
 15 -2 0 27
 15 0 1 162
 15 -1 2 67
 15 2 1 64
 15 2 -1 247
 15 -3 0 60
 15 3 0 11
 15 0 0 191
 55 -3 -3 21
 5 2 3 134
 5 2 -3 154
 55 1 -3 213
 5 3 -3 274
 5 3 1 245
 55 -1 4 207
 55 -1 -3 164
 5 2 -2 196
 5 1 3 355
 55 -3 2 73
 55 -3 3 292
 5 -3 1 124
 5 -4 -1 226
 55 4 -1 347
 55 -3 -2 177
 55 4 0 181
 55 0 -3 253
 5 -2 -3 81
 55 4 1 148
 5 -2 -2 128
 55 -1 -2 301
 5 -4 0 105
 55 0 -4 240
 55 1 4 194
 55 -1 5 313
 5 0 3 78
 55 0 4 277
 "contig-ratio-green-core" 0.5384615384615384
 "contig-ratio-red-core" 0.4375
 "a-count" 2
 "b-count" 12
 "c-color-count" 16
 "c-express-count" 16
 "d-color-count" 26
 "d-express-count" 26
 "cell-count" 56
 15 -4 1 184
 15 0 -1 53
 15 -3 0 307
 15 -2 -1 309
 15 1 -1 98
 15 -1 0 66
 15 0 1 285
 15 2 -1 87
 15 4 0 318
 15 1 -2 152
 15 2 0 62
 15 0 -2 326
 15 3 0 184
 15 -1 -1 351
 15 -3 1 245
 15 2 -3 346
 15 1 1 253
 15 0 -3 291
 15 -3 -1 109
 105 4 -1 69
 15 -3 -2 298
 15 2 1 137
 15 1 0 334
 15 0 0 322
 15 1 -3 209
 105 3 -3 153
 15 -2 0 292
 15 2 -2 166
 55 1 3 274
 5 0 2 44
 5 -2 2 145
 55 1 2 246
 5 3 -2 212
 5 -3 3 285
 55 -2 3 357
 55 0 -4 36
 55 -4 -1 119
 5 4 1 351
 55 -4 0 14
 5 -1 -4 79
 55 -1 3 257
 55 2 2 129
 5 -2 1 29
 55 -3 2 324
 55 -2 -2 193
 55 -1 -3 163
 5 -1 2 165
 55 3 2 107
 5 0 4 231
 5 3 3 34
 55 1 -4 203
 5 1 4 5
 55 2 3 94
 55 -1 -2 146
 55 0 3 227
 5 -1 1 128
 "contig-ratio-green-core" 0.9166666666666666
 "contig-ratio-red-core" 0.5263157894736842
 "a-count" 2
 "b-count" 8
 "c-color-count" 20
 "c-express-count" 20
 "d-color-count" 26
 "d-express-count" 26
 "cell-count" 56
 15 0 -2 128
 15 1 -1 93
 15 -1 1 76
 15 2 1 178
 15 3 1 357
 15 -3 -1 261
 15 2 -3 354
 15 -4 0 234
 15 0 -1 165
 15 0 0 309
 15 1 -2 252
 15 -2 -2 194
 15 -2 -1 233
 15 2 0 197
 15 -3 0 190
 15 1 0 291
 15 3 2 244
 15 -2 1 251
 15 -1 -2 247
 15 2 -2 357
 105 -1 -1 202
 15 -2 0 114
 15 -1 2 307
 15 -1 0 292
 15 2 -1 242
 15 1 -3 94
 15 0 -3 204
 105 -3 1 19
 5 3 3 128
 5 -3 -2 135
 55 3 0 23
 55 -1 -4 7
 5 1 4 223
 5 -2 2 286
 55 1 -4 318
 55 -1 4 313
 55 3 -1 286
 5 1 3 149
 55 0 -4 323
 5 4 1 222
 55 2 2 183
 55 -1 3 84
 55 1 1 213
 55 1 2 201
 55 2 -4 252
 55 3 -2 351
 55 4 0 189
 55 -2 -3 340
 55 -1 -3 193
 5 -3 2 102
 55 0 3 212
 55 -4 1 22
 55 0 1 220
 5 -2 3 87
 55 0 2 292
 55 4 -1 241
 "contig-ratio-green-core" 0.875
 "contig-ratio-red-core" 0.7777777777777778
 "a-count" 0
 "b-count" 10
 "c-color-count" 18
 "c-express-count" 18
 "d-color-count" 28
 "d-express-count" 28
 "cell-count" 56
 15 0 0 289
 15 0 -1 222
 15 1 -1 358
 15 1 1 235
 15 -4 -1 102
 15 0 2 117
 15 2 1 253
 15 0 1 338
 15 3 1 149
 15 -2 2 344
 15 0 -2 154
 15 1 -2 72
 15 -1 -3 93
 15 0 3 56
 15 2 0 85
 15 -1 1 94
 15 2 -2 164
 15 1 0 296
 15 -1 2 277
 15 3 2 13
 15 0 4 23
 15 -3 -2 197
 15 -1 -4 59
 15 3 3 344
 15 2 -1 268
 15 -1 3 307
 15 0 -3 8
 15 0 -4 113
 55 -4 0 322
 55 -2 -3 30
 55 4 0 40
 55 1 3 141
 55 4 1 160
 55 -2 -2 293
 5 -3 -1 219
 55 1 2 113
 55 -1 -1 213
 55 -2 0 181
 5 -4 1 346
 55 -3 1 171
 5 -3 -3 28
 5 3 -2 112
 55 -1 0 72
 55 -1 -2 156
 55 3 -3 155
 55 -2 1 303
 5 2 3 62
 5 4 -1 188
 5 2 -3 195
 55 -2 3 283
 5 -1 4 191
 55 4 -3 5
 5 3 0 293
 5 3 -1 317
 55 -3 0 214
 55 -2 -1 75
 "contig-ratio-green-core" 0.8571428571428571
 "contig-ratio-red-core" 0.42857142857142855
