 "a-count" 3
 "b-count" 8
 "c-color-count" 20
 "c-express-count" 20
 "d-color-count" 25
 "d-express-count" 25
 "cell-count" 56
 15 2 -2 17
 15 0 -3 1
 15 -3 0 60
 105 -1 -4 264
 15 2 -3 249
 15 1 -2 232
 15 -2 0 290
 15 -4 0 130
 105 -1 4 49
 15 3 -1 220
 105 1 -4 29
 15 1 -3 86
 15 -2 2 101
 15 4 0 325
 15 -1 2 299
 15 1 3 245
 15 -2 1 96
 15 -1 3 217
 15 -1 -2 76
 15 0 -2 316
 15 3 -2 127
 15 0 3 237
 15 -2 -3 69
 15 -1 -3 81
 15 4 -1 267
 15 -3 1 335
 15 -1 1 207
 15 0 4 335
 55 -2 -1 202
 55 -3 3 295
 5 4 1 113
 55 3 1 58
 55 0 1 32
 5 1 2 51
 55 2 2 347
 5 -3 -3 44
 55 2 3 10
 55 1 -1 210
 55 1 0 291
 55 1 1 37
 5 0 2 165
 55 -3 2 232
 55 2 -1 8
 55 2 1 206
 55 0 -1 344
 55 0 0 286
 5 -4 -1 348
 55 3 0 114
 55 -1 0 201
 5 -3 -1 359
 55 -1 -1 184
 5 3 3 329
 55 -2 -2 239
 55 3 -3 234
 55 2 0 51
 5 1 4 221
 "contig-ratio-green-core" 0.8571428571428571
 "contig-ratio-red-core" 0.5454545454545454
 "a-count" 1
 "b-count" 11
 "c-color-count" 17
 "c-express-count" 17
 "d-color-count" 27
 "d-express-count" 27
 "cell-count" 56
 15 -2 -3 111
 15 -2 1 260
 15 -4 0 78
 15 1 -1 243
 15 1 -4 349
 15 0 2 14
 15 0 0 5
 15 -3 0 77
 15 -2 -1 264
 15 -3 -1 182
 15 -2 -2 3
 15 -2 0 142
 15 -4 -1 156
 105 3 -3 57
 15 0 -1 345
 15 2 0 317
 15 -1 0 67
 15 -1 3 211
 15 1 -2 351
 15 -1 1 345
 15 2 -1 102
 15 -1 2 119
 15 1 0 217
 15 -1 -1 159
 15 -2 2 282
 15 0 1 168
 15 2 1 101
 15 1 1 13
 55 0 -2 163
 5 2 -2 17
 55 -4 1 253
 55 -3 -2 83
 55 3 -1 67
 55 1 3 197
 55 3 2 217
 55 -3 1 66
 55 0 -3 133
 5 3 -2 79
 5 -3 -3 60
 5 2 -3 343
 55 -1 -2 179
 5 1 4 62
 5 0 -4 52
 5 -1 -4 165
 55 0 3 118
 55 5 -1 115
 55 4 -1 116
 55 1 -3 305
 55 -1 -3 59
 5 3 0 82
 55 2 3 304
 5 1 2 215
 5 4 0 28
 55 2 2 253
 5 -2 3 213
 55 -3 2 76
 "contig-ratio-green-core" 1
 "contig-ratio-red-core" 0.6875
 "a-count" 3
 "b-count" 14
 "c-color-count" 14
 "c-express-count" 14
 "d-color-count" 26
 "d-express-count" 25
 "cell-count" 56
 105 -2 -2 302
 15 0 -1 268
 15 -2 -1 210
 15 0 0 159
 15 2 -2 207
 15 -3 3 97
 15 0 -2 105
 15 2 2 90
 15 -2 0 293
 15 2 0 38
 105 1 -1 238
 15 1 -3 317
 15 0 -3 13
 15 0 -4 32
 15 0 1 47
 15 -1 0 207
 15 0 2 89
 15 1 -2 200
 15 -1 1 216
 15 -1 -1 159
 15 1 1 27
 15 -1 2 113
 15 -1 -2 102
 15 1 2 143
 15 1 0 256
 15 2 -1 6
 15 3 1 135
 15 2 1 216
 5 3 3 239
 55 -4 1 55
 55 2 -3 342
 5 2 3 251
 5 -1 4 21
 55 -4 0 230
 55 3 -2 150
 5 -2 1 178
 5 4 1 43
 55 0 3 282
 55 -3 0 250
 5 1 3 78
 55 -3 2 328
 5 -1 -3 321
 5 1 -4 115
 55 -3 -1 153
 55 -2 2 47
 55 -1 3 22
 5 0 4 336
 5 1 4 339
 5 4 0 143
 55 3 -1 164
 55 3 -3 64
 5 3 0 208
 5 -3 -2 332
 55 -3 1 142
 5 -1 -4 107
 55 -2 3 314
 "contig-ratio-green-core" 0.6
 "contig-ratio-red-core" 0.5333333333333333
