 "a-count" 2
 "b-count" 14
 "c-color-count" 14
 "c-express-count" 14
 "d-color-count" 26
 "d-express-count" 26
 "cell-count" 56
 15 -1 -1 45
 15 3 -1 249
 15 2 1 85
 15 -1 3 13
 15 3 0 285
 15 -1 2 346
 15 2 0 99
 105 1 3 41
 15 1 1 16
 15 0 -1 195
 15 3 -2 42
 15 -1 0 292
 15 2 2 132
 15 2 -2 11
 15 -1 4 316
 15 2 -1 228
 15 1 2 130
 15 0 1 31
 15 -3 2 334
 15 1 0 323
 15 -2 2 128
 105 1 4 128
 15 -1 1 10
 15 1 -1 118
 15 0 0 150
 15 0 2 244
 15 0 3 213
 15 -4 -1 182
 55 4 2 190
 55 -1 -2 358
 55 3 2 193
 55 -2 0 35
 55 0 -3 300
 55 -2 1 322
 55 -1 -3 308
 5 4 -1 47
 5 -3 -1 268
 5 3 3 177
 5 -4 0 212
 5 -2 -3 318
 5 -4 1 359
 5 -2 3 114
 55 1 -2 246
 55 0 -2 48
 55 -2 -1 346
 55 -3 0 133
 5 -3 3 181
 55 2 -3 297
 5 4 1 81
 5 -3 -2 165
 55 3 1 230
 5 -1 -4 293
 5 -2 -2 316
 5 0 -4 23
 55 1 -3 280
 5 -3 1 315
 "contig-ratio-green-core" 0.9090909090909091
 "contig-ratio-red-core" 0.6
 "a-count" 3
 "b-count" 5
 "c-color-count" 23
 "c-express-count" 23
 "d-color-count" 26
 "d-express-count" 25
 "cell-count" 56
 105 -1 4 285
 15 -4 1 141
 15 -3 -2 267
 15 2 2 74
 15 -1 -3 264
 15 -1 3 174
 15 3 2 197
 15 0 -3 286
 15 3 0 359
 15 -1 2 37
 15 4 0 82
 15 -3 1 306
 15 -1 -2 340
 15 1 -4 39
 15 2 1 166
 15 -3 0 349
 15 3 1 180
 15 0 2 35
 15 4 -1 117
 15 -2 3 251
 15 1 3 255
 15 2 0 319
 15 0 3 188
 15 1 2 196
 15 -3 -1 75
 15 0 1 90
 15 -2 -2 240
 105 1 4 19
 55 0 -1 214
 55 -2 -1 38
 55 0 -4 18
 5 3 -2 276
 55 1 -1 313
 55 -3 2 297
 55 0 0 296
 55 2 -1 27
 55 -1 0 178
 5 3 3 286
 55 0 4 37
 55 -1 -4 151
 5 -3 -3 323
 55 1 -3 35
 55 -2 0 96
 55 0 -2 85
 5 4 1 169
 55 -2 1 255
 55 -1 1 297
 55 2 -3 215
 55 -2 2 36
 55 -3 3 21
 55 1 0 12
 5 3 -3 146
 55 -1 -1 143
 55 -4 0 245
 55 1 -2 146
 55 3 -1 191
 "contig-ratio-green-core" 0.875
 "contig-ratio-red-core" 0.8
 "a-count" 0
 "b-count" 9
 "c-color-count" 19
 "c-express-count" 19
 "d-color-count" 28
 "d-express-count" 28
 "cell-count" 56
 15 -3 1 238
 15 0 3 141
 15 1 3 312
 15 -2 3 356
 15 1 0 247
 15 2 1 73
 15 -2 0 138
 15 3 -2 87
 15 -4 0 178
 15 -2 2 62
 15 -3 2 281
 15 1 -1 222
 15 -1 1 24
 15 3 -1 108
 15 1 1 253
 15 -1 2 141
 15 0 1 343
 15 -1 3 227
 15 1 2 109
 15 -3 0 275
 15 2 0 286
 15 3 1 338
 15 3 0 248
 15 -2 1 138
 15 0 0 227
 15 2 -1 224
 15 0 2 128
 15 -1 0 212
 5 2 -2 346
 55 -2 -1 35
 55 -3 -2 275
 55 0 -3 25
 5 -4 -1 66
 55 -4 1 56
 5 3 -3 206
 55 -1 -3 235
 55 -1 -4 22
 55 1 -3 335
 55 -1 -1 96
 55 1 -4 53
 55 -1 -2 309
 5 2 3 199
 5 -2 -3 342
 55 -2 -2 190
 5 4 -1 249
 5 0 -1 301
 55 2 2 15
 5 -3 -3 115
 55 1 -2 62
 55 -3 3 215
 5 1 4 278
 55 -1 4 42
 55 4 1 155
 55 0 -2 2
 55 0 -4 245
 55 4 0 346
 "contig-ratio-green-core" 0.6
 "contig-ratio-red-core" 0.47368421052631576
 "a-count" 2
 "b-count" 8
 "c-color-count" 20
 "c-express-count" 20
 "d-color-count" 26
 "d-express-count" 26
 "cell-count" 56
 105 3 -2 314
 15 -1 1 120
 15 1 1 16
 15 1 -1 104
 15 1 2 82
 15 2 -2 180
 15 -4 -1 320
 15 2 -1 175
 15 -2 -1 66
 15 1 -2 179
 15 2 2 344
 15 -1 -1 0
 15 -1 2 170
 15 -1 0 331
 15 -1 -3 49
 105 3 1 52
 15 0 0 76
 15 -1 3 216
 15 -1 -2 29
 15 0 2 50
 15 2 1 111
 15 -1 4 339
 15 0 -1 59
 15 0 -2 45
 15 0 1 277
 15 2 0 261
 15 0 -3 39
 15 1 0 37
 5 1 4 304
 5 3 0 183
 5 3 -1 303
 55 5 0 307
 55 2 -3 17
 55 5 1 26
 55 -3 1 300
 55 -2 2 267
 55 4 0 270
 55 0 -4 150
 55 -4 0 111
 55 -3 0 187
 5 -1 -4 32
 55 1 3 105
 55 -2 1 339
 55 -3 -2 44
 55 -3 2 327
 55 1 -3 150
 55 4 1 321
 5 0 4 141
 5 4 -1 245
 55 -4 1 60
 5 3 3 271
 55 -2 3 47
 5 -2 -3 322
 55 -3 -1 274
 55 2 3 260
 55 1 -4 37
 "contig-ratio-green-core" 0.5333333333333333
 "contig-ratio-red-core" 0.5333333333333333
