 "a-count" 2
 "b-count" 10
 "c-color-count" 18
 "c-express-count" 18
 "d-color-count" 26
 "d-express-count" 26
 "cell-count" 56
 15 2 0 46
 15 0 0 220
 15 2 2 188
 105 1 0 212
 15 -1 0 77
 15 -1 1 162
 15 3 0 230
 15 -3 -1 14
 15 -3 -3 173
 105 1 4 329
 15 1 1 165
 15 0 2 125
 15 -2 -1 307
 15 1 3 317
 15 2 -1 329
 15 0 3 346
 15 1 2 17
 15 0 1 322
 15 1 -1 48
 15 -3 -2 292
 15 -2 -2 337
 15 -2 0 161
 15 2 1 15
 15 -3 0 70
 15 3 1 299
 15 0 -1 350
 15 -1 -2 7
 15 -1 -1 74
 55 3 2 344
 55 3 -2 240
 55 2 -2 239
 55 0 -2 212
 55 0 4 205
 5 1 -4 217
 5 -4 -1 317
 55 -1 3 252
 5 -2 3 173
 5 -4 1 260
 55 -2 2 8
 55 1 -3 55
 5 3 3 315
 55 -1 -3 312
 5 4 1 57
 5 1 -2 215
 5 4 0 118
 5 4 -1 240
 55 0 -4 158
 55 -2 1 180
 55 -1 2 238
 55 3 -3 355
 55 -3 1 224
 55 -1 4 176
 55 -2 -3 327
 55 2 -3 214
 5 -3 2 165
 55 0 -3 162
 "contig-ratio-green-core" 0.8571428571428571
 "contig-ratio-red-core" 0.5882352941176471
 "a-count" 1
 "b-count" 6
 "c-color-count" 22
 "c-express-count" 22
 "d-color-count" 27
 "d-express-count" 27
 "cell-count" 56
 15 -1 2 298
 15 2 1 66
 15 1 2 63
 15 -1 -1 267
 15 -2 -2 209
 15 0 0 295
 15 -4 1 78
 15 -1 0 257
 15 1 3 83
 15 1 -1 284
 15 4 -2 73
 15 0 -2 338
 15 1 1 239
 15 1 -4 38
 15 2 0 54
 15 1 0 11
 15 0 1 297
 15 0 -1 286
 15 -2 -1 79
 105 -2 -3 339
 15 -1 -2 327
 15 2 3 10
 15 -1 1 314
 15 -2 0 145
 15 0 2 144
 15 1 -2 124
 15 2 2 328
 15 -2 1 70
 55 -1 -3 282
 55 -1 4 342
 55 4 1 172
 55 -3 0 208
 5 -2 2 268
 55 3 -1 176
 55 2 -1 221
 55 3 -2 39
 5 3 3 274
 55 -3 2 37
 55 0 -3 149
 55 -3 1 247
 55 2 -2 207
 55 2 -3 218
 5 0 3 357
 5 4 -1 11
 55 1 4 56
 55 -3 3 204
 55 -3 -1 95
 55 -4 0 136
 55 0 4 241
 55 1 -3 143
 55 0 -4 72
 55 3 0 60
 55 3 -3 60
 5 4 0 154
 55 3 1 337
 5 -2 3 26
 "contig-ratio-green-core" 0.631578947368421
 "contig-ratio-red-core" 0.7333333333333333
