 "a-count" 1
 "b-count" 10
 "c-color-count" 18
 "c-express-count" 18
 "d-color-count" 27
 "d-express-count" 27
 "cell-count" 56
 15 -1 1 63
 15 1 -3 291
 15 -1 0 119
 15 0 0 141
 15 1 -2 85
 15 -1 -1 218
 15 0 -1 350
 15 0 1 0
 15 -2 -1 215
 15 1 -4 124
 15 0 3 103
 15 0 2 279
 15 -4 0 220
 15 -3 -1 38
 15 -1 -2 175
 15 4 3 90
 105 2 -3 335
 15 0 -2 187
 15 -3 0 30
 15 1 2 246
 15 1 0 218
 15 4 -1 99
 15 -2 1 187
 15 1 1 137
 15 -2 0 189
 15 1 -1 301
 15 3 3 206
 15 0 -3 336
 5 -3 2 276
 5 1 4 325
 5 -3 1 358
 5 -4 1 252
 55 -3 3 80
 5 -1 3 223
 55 2 1 196
 55 -2 2 169
 55 2 -2 327
 55 4 0 208
 5 1 3 47
 5 2 -1 345
 5 3 1 32
 55 3 -2 162
 5 -3 -2 342
 55 -1 -4 205
 55 2 0 219
 55 3 -1 204
 55 -1 -3 331
 55 -2 -3 178
 55 0 -4 252
 55 -1 2 240
 55 2 3 354
 55 4 1 8
 5 3 2 186
 55 -2 3 131
 55 -2 -2 294
 55 3 0 77
 "contig-ratio-green-core" 0.7058823529411765
 "contig-ratio-red-core" 0.5
 "a-count" 2
 "b-count" 14
 "c-color-count" 14
 "c-express-count" 14
 "d-color-count" 26
 "d-express-count" 26
 "cell-count" 56
 15 2 -1 277
 15 1 3 130
 15 -3 2 176
 15 -1 2 76
 15 1 -2 252
 15 1 -3 198
 15 0 3 285
 15 2 -2 145
 105 4 1 30
 15 0 1 33
 15 -3 -3 331
 15 4 0 178
 15 3 2 136
 15 0 -2 292
 15 -1 1 329
 15 2 0 82
 105 1 4 339
 15 0 2 303
 15 -2 2 319
 15 0 -1 160
 15 -1 -2 49
 15 3 1 69
 15 2 3 60
 15 1 0 180
 15 0 4 175
 15 1 -1 42
 15 -1 0 330
 15 -1 -1 52
 55 3 -1 9
 5 -4 -1 79
 5 0 -4 227
 5 -1 -4 156
 55 -3 -1 219
 5 -3 -2 76
 5 -1 -3 164
 5 -1 3 95
 55 -2 -2 230
 55 -2 -1 112
 5 3 3 234
 5 4 -1 2
 55 1 1 312
 55 -4 0 49
 5 -3 1 328
 55 -1 4 349
 5 2 -3 309
 55 2 2 106
 55 3 0 205
 5 1 -4 85
 5 -3 3 60
 55 -2 1 214
 5 0 -3 181
 55 -3 0 176
 5 3 -3 36
 55 1 2 122
 55 2 1 51
 55 -2 0 119
 "contig-ratio-green-core" 1.3333333333333333
 "contig-ratio-red-core" 0.47619047619047616
 "a-count" 1
 "b-count" 10
 "c-color-count" 18
 "c-express-count" 18
 "d-color-count" 27
 "d-express-count" 27
 "cell-count" 56
 15 -1 0 302
 15 0 0 287
 15 2 2 28
 15 1 0 286
 15 -1 1 237
 15 0 -1 148
 15 2 0 212
 15 1 -1 52
 15 3 3 62
 15 -2 0 23
 15 -3 3 95
 15 -3 0 36
 15 3 -2 96
 15 1 2 224
 15 -2 -1 301
 15 -1 4 150
 15 3 1 279
 15 2 1 86
 15 -1 2 229
 105 1 1 29
 15 0 2 162
 15 -1 -1 285
 15 3 -1 29
 15 3 2 204
 15 -3 -1 290
 15 2 -1 53
 15 3 0 253
 15 0 1 306
 55 -2 1 4
 55 -2 2 33
 5 4 1 352
 5 -1 -4 189
 5 0 4 253
 55 2 3 95
 55 -1 3 257
 55 -1 -2 53
 5 4 0 33
 5 0 -2 60
 5 -2 -2 171
 55 -3 -3 175
 55 1 3 199
 55 -2 -3 115
 55 1 4 25
 55 -4 1 340
 55 1 -2 280
 5 0 -4 223
 55 4 3 43
 5 2 -3 337
 55 1 -3 97
 55 -4 -3 29
 5 0 3 89
 5 -3 2 144
 55 -3 -2 110
 55 -3 1 253
 55 -1 -3 43
 55 -2 3 106
 "contig-ratio-green-core" 0.6875
 "contig-ratio-red-core" 0.5263157894736842
 "a-count" 1
 "b-count" 6
 "c-color-count" 22
 "c-express-count" 22
 "d-color-count" 27
 "d-express-count" 27
 "cell-count" 56
 15 0 4 12
 15 4 -1 117
 15 0 -2 66
 15 1 -3 81
 15 1 0 89
 15 1 1 304
 15 0 -1 302
 15 -3 0 66
 15 -1 -3 2
 15 1 4 80
 15 -3 1 327
 15 2 -2 126
 15 -2 0 91
 105 -3 -1 33
 15 -4 1 356
 15 0 1 235
 15 -2 1 129
 15 0 -3 59
 15 4 0 199
 15 1 -2 37
 15 -1 -1 318
 15 -1 0 223
 15 -2 -1 166
 15 1 -1 180
 15 0 0 240
 15 -1 1 343
 15 -2 -2 354
 15 -1 -2 335
 55 2 1 105
 55 -1 3 301
 55 -3 2 31
 5 -3 -3 322
 5 3 -3 329
 5 1 2 197
 55 -2 2 203
 55 3 -1 276
 55 0 3 302
 5 3 3 128
 55 3 0 331
 55 1 -4 186
 55 3 1 278
 55 -1 -4 348
 55 2 0 149
 55 2 3 345
 55 4 1 241
 5 -1 4 263
 55 -2 3 293
 55 3 -2 98
 55 3 2 223
 55 2 -4 123
 55 2 2 70
 5 0 2 101
 55 -1 2 279
 55 -4 0 285
 55 0 -4 330
 55 1 3 70
 "contig-ratio-green-core" 0.6428571428571429
 "contig-ratio-red-core" 0.8333333333333334
