 "a-count" 3
 "b-count" 10
 "c-color-count" 18
 "c-express-count" 18
 "d-color-count" 25
 "d-express-count" 25
 "cell-count" 56
 15 1 -2 50
 15 2 2 252
 15 4 0 259
 15 0 0 142
 15 1 1 265
 105 -1 -4 75
 15 1 0 180
 15 -3 -1 242
 15 0 -1 64
 15 -4 0 181
 15 -2 -2 105
 15 -1 -1 180
 15 -1 -2 82
 15 -1 -3 48
 15 0 -2 167
 15 -3 0 165
 15 -4 -1 257
 15 -5 -1 72
 15 -3 3 89
 15 -1 4 114
 15 -2 0 67
 15 -2 3 238
 15 -1 0 121
 105 4 -1 172
 105 -3 2 112
 15 0 1 128
 15 -2 -1 102
 15 1 -1 126
 55 -2 2 310
 55 2 -1 78
 55 -1 3 3
 55 3 -1 79
 5 -3 1 26
 55 3 0 128
 55 -1 1 209
 5 2 0 210
 55 2 3 169
 55 3 3 109
 55 0 -3 339
 55 1 2 67
 55 0 3 40
 55 1 -4 78
 5 0 -4 118
 5 2 1 2
 55 1 -3 88
 5 -3 -2 83
 5 2 -3 41
 5 3 1 203
 55 -2 1 228
 5 0 2 161
 5 -4 1 154
 55 1 3 40
 55 -2 -3 200
 55 3 -2 59
 5 -3 -3 15
 55 0 4 297
 "contig-ratio-green-core" 0.8125
 "contig-ratio-red-core" 0.5882352941176471
 "a-count" 0
 "b-count" 7
 "c-color-count" 21
 "c-express-count" 21
 "d-color-count" 28
 "d-express-count" 28
 "cell-count" 56
 15 -1 -1 258
 15 2 1 246
 15 -2 -1 77
 15 2 0 310
 15 3 0 8
 15 1 -1 81
 15 2 -1 205
 15 -3 2 117
 15 -2 1 283
 15 1 0 31
 15 -3 -1 279
 15 -2 2 253
 15 -3 1 114
 15 3 -1 325
 15 2 3 237
 15 -2 0 301
 15 0 -1 69
 15 0 1 193
 15 -1 0 144
 15 3 1 219
 15 1 4 154
 15 -3 0 169
 15 -4 0 85
 15 1 1 189
 15 0 0 138
 15 0 4 270
 15 -1 1 239
 15 3 2 13
 55 -3 -2 264
 55 2 -3 101
 5 -3 -3 318
 5 3 -3 91
 55 2 2 101
 55 -1 -2 82
 5 -2 -3 332
 55 -1 -4 127
 55 -3 3 7
 55 0 -4 239
 55 0 2 168
 55 0 -3 212
 55 1 -3 173
 5 -2 3 240
 55 3 -2 19
 55 1 3 313
 5 -1 -3 207
 55 1 -4 242
 55 1 -2 85
 55 -2 -2 227
 55 -1 3 200
 55 -1 4 298
 55 1 2 84
 55 2 -2 233
 5 3 3 346
 5 0 3 78
 55 0 -2 184
 55 -1 2 252
 "contig-ratio-green-core" 0.9444444444444444
 "contig-ratio-red-core" 0.7
 "a-count" 4
 "b-count" 11
 "c-color-count" 18
 "c-express-count" 17
 "d-color-count" 24
 "d-express-count" 24
 "cell-count" 56
 105 -1 1 194
 15 1 3 3
 15 -1 2 296
 15 3 2 269
 105 0 -3 68
 15 -2 2 243
 15 1 2 322
 15 3 1 135
 15 -2 0 161
 15 0 3 269
 15 -3 1 73
 15 -2 1 148
 15 -2 -1 157
 15 3 0 115
 15 0 4 12
 15 2 2 344
 105 3 3 104
 15 0 1 300
 15 -3 0 187
 105 -1 4 120
 15 -1 3 317
 15 -4 0 254
 15 0 -4 200
 15 -3 -1 330
 15 -1 0 175
 15 0 2 225
 15 2 1 144
 15 1 1 111
 55 0 -1 318
 55 2 0 262
 55 1 -2 35
 5 1 4 69
 55 3 -2 73
 5 4 1 89
 55 2 -3 18
 55 -1 -2 253
 5 -2 3 277
 55 -2 -3 183
 55 0 0 349
 5 -3 -2 347
 5 2 3 164
 5 -4 -1 126
 55 -1 -4 150
 5 -3 3 115
 55 2 -1 223
 55 3 -1 72
 5 -3 -3 268
 55 1 0 14
 55 1 -1 115
 55 0 -2 17
 55 -1 -3 139
 55 -4 1 251
 55 3 -3 302
 55 -1 -1 234
 5 2 -2 75
 5 -2 -2 110
 "contig-ratio-green-core" 0.5384615384615384
 "contig-ratio-red-core" 0.4117647058823529
 "a-count" 2
 "b-count" 11
 "c-color-count" 17
 "c-express-count" 17
 "d-color-count" 26
 "d-express-count" 26
 "cell-count" 56
 15 -2 0 141
 15 1 2 202
 15 -2 -1 100
 15 2 -2 334
 15 0 1 258
 15 2 2 174
 15 3 2 339
 15 -1 -1 238
 15 1 0 291
 15 -2 2 256
 15 0 -1 183
 15 -1 1 209
 15 1 1 7
 15 2 -1 178
 15 0 -3 233
 15 0 0 348
 15 0 2 67
 15 0 -2 202
 15 -1 0 357
 15 -3 2 56
 15 -3 1 82
 15 -1 2 160
 15 -2 1 277
 105 0 -4 222
 15 2 1 172
 105 1 -1 32
 15 2 0 34
 15 1 -2 296
 5 3 -2 126
 55 0 4 224
 55 3 1 157
 55 -3 -2 338
 5 2 -3 266
 5 -1 -4 304
 5 -1 -3 5
 55 -2 3 180
 5 -1 -2 298
 55 -3 0 90
 55 -2 -3 284
 5 4 -1 155
 5 1 4 137
 55 4 1 10
 5 3 -3 62
 55 4 0 342
 55 -1 4 20
 5 3 3 184
 55 4 2 326
 55 1 3 257
 5 1 -3 148
 55 -1 3 229
 55 3 -1 117
 55 3 0 53
 55 0 3 170
 55 -3 -3 293
 5 2 3 152
 55 -3 -1 311
 "contig-ratio-green-core" 0.7142857142857143
 "contig-ratio-red-core" 0.5882352941176471
