 "a-count" 2
 "b-count" 4
 "c-color-count" 24
 "c-express-count" 24
 "d-color-count" 26
 "d-express-count" 26
 "cell-count" 56
 15 0 2 195
 15 -1 0 276
 15 -3 -2 182
 15 -2 0 63
 15 -4 -1 258
 15 -2 1 61
 15 1 -4 32
 105 4 1 71
 15 1 1 269
 15 4 0 128
 15 0 1 295
 15 3 3 258
 15 -1 2 335
 15 3 1 55
 15 -1 -4 359
 105 3 2 201
 15 0 -4 77
 15 -1 1 319
 15 2 0 217
 15 3 -2 357
 15 0 0 97
 15 -4 0 60
 15 1 2 119
 15 1 0 341
 15 -3 0 112
 15 -2 3 153
 15 -3 -1 350
 15 2 1 279
 55 1 -3 267
 55 0 -1 96
 55 -1 -1 172
 55 3 0 74
 55 4 -1 209
 55 -3 -3 227
 55 -1 3 73
 55 3 -1 345
 55 2 2 73
 55 2 3 231
 5 1 4 37
 55 -2 -3 201
 55 2 -1 149
 55 0 4 260
 5 -1 -3 170
 55 1 3 355
 5 0 -3 169
 55 -1 -2 295
 55 -3 2 140
 55 0 3 159
 55 -1 4 287
 55 0 -2 92
 5 -2 -1 131
 55 -2 -2 205
 55 1 -1 17
 55 2 -2 9
 55 -2 2 28
 55 1 -2 298
 "contig-ratio-green-core" 0.7619047619047619
 "contig-ratio-red-core" 0.75
 "a-count" 1
 "b-count" 8
 "c-color-count" 20
 "c-express-count" 20
 "d-color-count" 27
 "d-express-count" 27
 "cell-count" 56
 15 -2 2 211
 15 1 2 311
 15 0 1 306
 15 -1 1 283
 15 2 1 8
 15 -3 -2 261
 15 -1 2 235
 15 0 2 279
 15 3 1 304
 15 3 0 37
 15 1 3 201
 105 3 3 166
 15 1 0 277
 15 3 -1 183
 15 -3 -1 86
 15 2 -1 86
 15 1 1 129
 15 0 -1 261
 15 0 -4 198
 15 1 -1 339
 15 1 -3 191
 15 0 -2 41
 15 2 0 356
 15 2 -2 321
 15 0 0 34
 15 1 -2 30
 15 -4 -1 304
 15 0 -3 39
 55 -2 -2 211
 55 4 1 286
 55 -2 -3 271
 5 3 2 163
 55 -1 -3 17
 55 -1 0 30
 55 -3 1 342
 5 2 2 188
 55 -3 0 339
 55 3 -3 291
 55 -1 4 317
 5 0 3 336
 55 4 -1 108
 55 -2 4 102
 55 -1 -1 151
 5 3 -2 162
 55 0 4 324
 55 -2 -1 11
 5 -4 0 28
 55 -3 2 284
 55 -2 1 357
 55 4 0 9
 55 -2 0 229
 55 -1 -2 179
 5 1 4 2
 5 2 3 58
 5 -1 -4 175
 55 2 -3 27
 "contig-ratio-green-core" 0.7058823529411765
 "contig-ratio-red-core" 0.65
 "a-count" 2
 "b-count" 8
 "c-color-count" 20
 "c-express-count" 20
 "d-color-count" 26
 "d-express-count" 26
 "cell-count" 56
 15 0 -1 80
 15 -2 0 84
 15 2 1 108
 15 -2 2 44
 15 -1 1 44
 15 0 -3 159
 15 -3 -3 248
 15 -1 2 43
 15 1 2 156
 15 -1 0 158
 15 -2 1 313
 15 1 -3 56
 15 0 0 7
 15 0 2 33
 15 2 0 29
 15 -1 -1 31
 15 1 -1 162
 105 2 3 16
 15 0 3 97
 15 1 1 27
 105 1 -4 83
 15 2 2 54
 15 1 0 0
 15 1 -2 348
 15 -2 -1 190
 15 0 1 310
 15 -3 -2 116
 15 0 -2 109
 55 -2 -3 118
 55 4 -1 98
 55 3 -3 56
 55 2 -3 28
 55 3 -1 264
 55 -3 -1 52
 5 3 1 70
 55 4 1 71
 55 4 0 184
 55 -3 1 332
 55 5 1 169
 55 3 -2 34
 55 -4 -1 75
 5 -1 -4 171
 5 3 0 99
 55 -3 0 112
 55 -1 -3 308
 5 -1 3 323
 55 -2 -2 73
 5 -2 3 311
 5 -3 2 58
 55 -4 0 311
 55 2 -2 86
 55 4 2 319
 55 -4 1 0
 5 1 3 259
 55 0 4 191
 5 2 -1 199
 "contig-ratio-green-core" 0.47058823529411764
 "contig-ratio-red-core" 0.5
