 "a-count" 1
 "b-count" 12
 "c-color-count" 16
 "c-express-count" 16
 "d-color-count" 27
 "d-express-count" 27
 "cell-count" 56
 15 -1 -1 275
 15 -2 1 62
 15 1 0 83
 15 0 -1 188
 15 3 0 93
 15 -2 0 279
 15 -1 0 193
 15 -3 0 284
 15 0 1 169
 15 2 0 27
 15 1 1 143
 15 -4 -1 258
 15 1 -1 259
 15 -3 -3 211
 15 -1 2 68
 15 2 -1 348
 15 0 2 1
 15 3 1 269
 15 1 4 10
 15 -1 1 347
 15 0 0 154
 15 2 1 124
 15 -3 -1 286
 15 -2 -1 214
 15 -4 0 339
 15 -3 -2 264
 105 4 0 234
 15 3 -1 263
 5 -2 2 308
 5 4 1 206
 5 3 2 0
 55 1 2 239
 5 -2 -2 24
 55 -3 2 173
 55 -4 2 52
 5 -1 -2 91
 5 -1 3 327
 55 -2 -3 235
 55 0 -3 316
 5 -3 1 31
 55 2 -3 266
 5 -3 3 115
 5 3 -3 65
 55 -1 4 345
 5 3 3 332
 55 0 -2 49
 55 0 3 225
 55 1 3 210
 55 1 -2 30
 5 4 -1 334
 55 1 -3 280
 55 2 3 74
 55 2 -2 268
 55 -1 -3 343
 5 0 -4 273
 55 0 4 85
 "contig-ratio-green-core" 0.5384615384615384
 "contig-ratio-red-core" 0.375
 "a-count" 2
 "b-count" 11
 "c-color-count" 17
 "c-express-count" 17
 "d-color-count" 26
 "d-express-count" 26
 "cell-count" 56
 15 0 -1 11
 15 -2 1 183
 15 -2 -1 199
 15 -1 1 260
 15 4 0 351
 15 -2 -2 157
 15 -2 0 183
 15 3 0 54
 15 -3 -1 357
 15 4 -1 31
 15 -3 0 213
 15 -1 0 344
 15 3 1 197
 15 1 -1 320
 15 2 1 332
 15 0 0 107
 15 -4 1 332
 105 4 1 244
 105 -3 -2 298
 15 1 1 341
 15 0 2 195
 15 2 0 319
 15 3 -3 34
 15 -1 2 78
 15 1 2 99
 15 1 0 230
 15 0 1 15
 15 -1 -1 94
 55 1 -3 23
 55 3 2 310
 55 -4 0 190
 5 -2 3 280
 55 2 -2 147
 5 0 3 92
 55 -2 2 331
 5 -2 -3 120
 55 -5 0 72
 55 2 2 56
 55 3 -1 67
 5 -1 -4 21
 5 0 -4 231
 55 1 3 120
 5 0 -3 214
 5 -3 3 254
 5 -1 3 108
 5 -3 -3 330
 5 -4 -1 280
 55 0 -2 113
 55 2 3 81
 5 -1 -2 288
 55 -3 1 334
 55 1 -2 156
 55 3 -2 169
 55 2 -3 236
 55 -3 2 100
 55 2 -1 169
 "contig-ratio-green-core" 0.8666666666666667
 "contig-ratio-red-core" 0.625
 "a-count" 2
 "b-count" 13
 "c-color-count" 15
 "c-express-count" 15
 "d-color-count" 26
 "d-express-count" 26
 "cell-count" 56
 15 0 -2 226
 15 -1 -1 1
 15 0 3 39
 15 1 -1 192
 15 -2 2 167
 15 2 -2 243
 15 1 1 131
 15 1 2 242
 15 -2 0 97
 15 -1 2 349
 15 2 -1 326
 15 0 0 4
 15 -3 2 120
 15 -1 -2 75
 15 -1 0 193
 105 0 2 233
 15 0 -1 298
 15 2 0 140
 15 2 2 182
 15 -1 1 348
 15 1 -2 36
 15 1 3 43
 15 0 1 66
 15 2 1 324
 105 1 0 92
 15 -2 -2 311
 15 -2 -1 186
 15 -2 1 312
 55 -1 -3 198
 5 2 -3 92
 55 -2 3 310
 55 -3 -1 95
 55 -3 1 219
 55 -1 3 104
 55 3 3 193
 5 4 -1 250
 55 3 1 312
 5 2 3 117
 5 -4 1 236
 5 1 -3 40
 55 -4 0 227
 55 -1 4 189
 55 3 2 333
 5 1 -4 42
 5 1 4 121
 5 3 -1 317
 5 3 -3 315
 5 -2 -3 280
 55 -4 -1 288
 5 3 0 306
 5 -3 -3 354
 5 0 4 73
 55 -3 0 37
 55 4 1 65
 55 4 0 16
 55 0 -3 169
 "contig-ratio-green-core" 0.6666666666666666
 "contig-ratio-red-core" 0.5294117647058824
 "a-count" 5
 "b-count" 14
 "c-color-count" 14
 "c-express-count" 14
 "d-color-count" 23
 "d-express-count" 23
 "cell-count" 56
 15 1 -1 189
 15 -1 0 358
 105 -3 3 67
 15 1 1 249
 15 1 2 261
 15 -2 1 156
 15 2 1 146
 15 0 -1 229
 15 0 0 318
 15 2 0 151
 15 3 -3 144
 105 -2 3 208
 15 -1 -2 202
 15 -1 1 98
 105 -1 -3 176
 15 -1 -1 255
 105 -1 2 210
 15 -3 1 132
 15 -2 2 231
 105 -1 3 190
 15 0 -2 345
 15 1 0 177
 15 0 1 26
 15 0 2 177
 15 0 3 253
 15 4 -1 134
 15 0 4 314
 15 -4 1 194
 55 -3 -1 298
 55 1 -3 62
 55 2 -2 241
 5 1 3 273
 55 4 0 54
 55 -2 -1 126
 55 2 -1 347
 55 1 -2 131
 5 -4 -1 175
 55 2 -3 317
 5 3 1 354
 5 -2 -2 28
 5 -3 -3 268
 55 3 -2 141
 55 3 0 81
 55 -2 0 217
 55 -3 0 35
 55 -3 -2 43
 5 2 3 178
 5 0 -3 69
 5 -1 -4 312
 5 3 3 123
 5 -1 4 259
 55 3 -1 51
 5 -2 -3 174
 5 -3 2 192
 5 2 2 37
 5 4 1 246
 "contig-ratio-green-core" 0.75
 "contig-ratio-red-core" 0.38461538461538464
