 "a-count" 10
 "b-count" 6
 "c-color-count" 24
 "c-express-count" 22
 "d-color-count" 19
 "d-express-count" 18
 "cell-count" 56
 105 3 -2 9
 15 -2 3 286
 105 3 3 118
 15 -2 -2 29
 15 3 0 68
 105 -1 4 315
 15 1 4 271
 15 -4 1 215
 105 0 -4 159
 15 4 0 147
 15 -2 -3 252
 15 2 2 175
 105 -3 -1 137
 15 3 1 65
 105 -3 -2 69
 105 -4 -1 1
 105 3 -3 22
 15 1 -2 104
 15 -3 0 203
 15 0 2 259
 15 1 -3 344
 105 1 -4 281
 15 2 -1 345
 15 -3 -3 70
 15 -1 -4 89
 15 0 3 190
 15 -3 2 199
 15 1 2 172
 55 0 1 0
 5 4 1 57
 55 2 0 267
 55 -1 -1 233
 55 2 1 11
 55 0 -1 48
 55 0 4 250
 55 2 -3 144
 55 -1 -2 11
 5 3 2 220
 55 -2 -1 272
 5 -3 3 285
 55 0 -2 330
 55 -3 1 119
 5 -4 0 307
 55 -1 2 266
 55 1 0 207
 55 -2 2 198
 55 0 -3 197
 55 -2 1 94
 55 -2 0 195
 55 -1 1 297
 55 -1 -3 353
 55 1 1 344
 55 3 -1 232
 55 -1 0 165
 55 0 0 101
 55 1 -1 141
 "contig-ratio-green-core" 1.0714285714285714
 "contig-ratio-red-core" 1.0833333333333333
 "a-count" 5
 "b-count" 2
 "c-color-count" 26
 "c-express-count" 26
 "d-color-count" 23
 "d-express-count" 23
 "cell-count" 56
 105 -3 2 342
 15 -3 1 93
 15 3 2 81
 15 -1 -3 43
 15 -1 4 233
 15 4 -1 283
 15 2 -3 166
 15 -3 -1 202
 15 1 3 246
 15 1 2 149
 15 -2 2 170
 15 0 -4 271
 15 2 2 24
 105 3 -3 126
 105 3 3 143
 15 3 -1 3
 15 -3 -2 165
 15 1 -3 266
 15 1 -4 189
 15 3 -2 254
 15 4 1 205
 15 -4 -1 345
 15 3 0 239
 15 -1 3 249
 15 -4 0 48
 15 -2 -2 288
 105 -2 3 275
 105 -3 3 224
 55 -1 2 353
 55 1 1 237
 55 2 1 313
 55 -1 0 312
 55 2 -1 231
 55 0 -1 45
 55 0 2 83
 55 1 -1 148
 55 0 4 9
 55 0 0 186
 55 -1 -2 57
 55 1 4 350
 55 0 3 197
 55 2 0 90
 5 -4 1 215
 55 0 -2 240
 5 -1 -4 303
 55 -1 1 127
 55 -2 0 129
 55 1 0 297
 55 0 1 87
 55 -3 0 200
 55 3 1 1
 55 0 -3 199
 55 2 -2 89
 55 -2 -1 58
 55 -2 1 127
 55 1 -2 138
 "contig-ratio-green-core" 1.0555555555555556
 "contig-ratio-red-core" 0.8333333333333334
 "a-count" 12
 "b-count" 2
 "c-color-count" 26
 "c-express-count" 26
 "d-color-count" 17
 "d-express-count" 16
 "cell-count" 56
 105 -3 3 144
 105 3 -2 81
 15 4 -1 69
 15 -1 -1 173
 15 1 3 319
 15 2 3 308
 105 -4 0 359
 105 0 4 22
 105 -4 1 130
 105 1 4 274
 15 3 1 291
 15 2 -2 101
 15 -1 3 294
 15 1 -4 74
 15 -3 -2 307
 15 -1 -3 100
 105 -3 -3 107
 15 -1 2 341
 15 2 2 151
 15 -3 1 47
 15 0 3 302
 105 -2 -2 319
 15 1 -3 169
 105 -3 2 84
 15 -2 -1 275
 105 4 1 323
 105 3 3 250
 15 -2 2 336
 55 -3 0 248
 55 -2 -4 47
 55 1 -1 315
 55 1 1 99
 55 3 0 103
 55 0 -3 353
 55 0 -1 98
 55 0 1 128
 55 0 2 141
 55 3 -1 101
 55 -2 0 294
 55 -1 1 320
 55 2 -1 120
 55 0 -4 83
 5 -4 -1 338
 55 -1 4 237
 55 -2 1 321
 5 4 0 14
 55 -1 0 350
 55 0 -2 160
 55 0 0 29
 55 -3 -1 271
 55 2 0 260
 55 -1 -4 226
 55 1 2 46
 55 1 -2 206
 55 1 0 60
 55 2 1 266
 "contig-ratio-green-core" 0.8235294117647058
 "contig-ratio-red-core" 1.1428571428571428
 "a-count" 12
 "b-count" 5
 "c-color-count" 24
 "c-express-count" 23
 "d-color-count" 17
 "d-express-count" 16
 "cell-count" 56
 15 4 -1 187
 105 -3 1 10
 15 0 4 270
 15 1 2 11
 15 2 -2 184
 15 0 -4 117
 105 3 -2 39
 105 -3 2 177
 15 1 4 313
 15 -1 -2 212
 15 -3 -1 19
 105 2 -3 194
 15 3 -1 74
 105 -4 0 346
 15 1 -3 276
 105 3 -3 339
 105 -2 1 290
 15 4 1 31
 105 -4 -1 236
 15 -2 3 271
 15 2 2 346
 105 -1 -3 76
 15 -1 2 9
 15 -1 3 52
 15 1 3 8
 105 -2 -2 315
 105 -2 -3 49
 15 -2 -1 170
 5 -4 1 59
 55 0 -1 68
 55 2 0 206
 55 3 0 116
 55 2 1 200
 55 0 -3 131
 55 -3 3 96
 5 3 3 29
 55 1 -2 177
 55 1 0 77
 55 0 2 340
 55 1 1 327
 55 3 2 155
 55 -1 -1 12
 55 3 1 217
 5 2 3 129
 55 0 0 257
 55 0 -2 312
 5 -1 -4 130
 55 0 1 165
 55 0 3 205
 55 -3 -2 69
 55 -1 0 39
 55 -2 0 43
 55 -3 0 326
 55 -1 1 231
 55 1 -1 219
 55 2 -1 323
 "contig-ratio-green-core" 1.1666666666666667
 "contig-ratio-red-core" 1.0769230769230769
