 "a-count" 9
 "b-count" 4
 "c-color-count" 24
 "c-express-count" 24
 "d-color-count" 22
 "d-express-count" 19
 "cell-count" 56
 15 -3 -1 219
 15 -1 4 287
 15 -3 1 312
 105 -4 -1 98
 15 -2 -2 290
 15 3 2 117
 15 -2 2 85
 15 0 4 39
 15 -3 0 182
 15 2 3 359
 105 3 -1 323
 15 3 -3 198
 15 -1 -2 180
 15 4 1 238
 15 0 -4 44
 15 -1 -3 290
 105 -4 0 120
 15 2 -1 168
 15 -2 3 336
 105 3 3 61
 105 2 -3 120
 15 -3 -3 115
 15 1 -2 236
 15 -3 3 244
 105 -3 2 60
 15 4 0 339
 15 -2 1 107
 15 -2 -1 72
 55 0 3 263
 55 -1 -1 310
 55 0 -1 6
 55 0 2 91
 55 1 3 275
 5 1 -3 291
 55 2 1 54
 55 -1 3 84
 5 -1 -4 319
 55 2 0 228
 55 3 1 342
 55 -2 0 144
 55 1 4 272
 55 -1 1 61
 55 0 1 269
 5 2 -2 295
 55 -1 0 64
 55 1 2 42
 55 1 0 207
 5 1 -4 208
 55 0 0 4
 55 2 2 213
 55 3 0 313
 55 1 -1 314
 55 0 -2 34
 55 -3 -2 297
 55 -1 2 13
 55 0 -3 352
 "contig-ratio-green-core" 0.8888888888888888
 "contig-ratio-red-core" 0.8421052631578947
 "a-count" 12
 "b-count" 5
 "c-color-count" 24
 "c-express-count" 23
 "d-color-count" 16
 "d-express-count" 16
 "cell-count" 56
 105 -3 2 37
 15 -3 1 134
 15 1 3 310
 15 0 -3 325
 105 -2 -2 195
 15 3 1 232
 15 1 2 147
 15 2 -3 81
 105 4 1 284
 105 4 -1 265
 15 -2 2 137
 105 1 -4 343
 15 -1 -2 259
 15 -2 -1 16
 15 -2 3 305
 15 2 2 264
 15 2 0 17
 105 3 -1 308
 105 2 3 288
 15 2 -1 233
 105 -4 0 304
 15 -3 -1 42
 105 -2 -3 219
 105 3 2 127
 105 3 -2 82
 105 0 -4 12
 15 1 -3 297
 15 3 -3 206
 55 -1 2 244
 55 0 2 251
 55 -2 0 301
 55 1 -2 240
 55 2 1 82
 55 -4 -1 346
 55 -3 0 38
 55 0 3 86
 55 0 -1 270
 55 1 0 177
 5 -3 3 215
 55 0 0 236
 55 -2 1 188
 55 -1 3 57
 55 -1 -4 335
 5 3 3 308
 55 0 -2 328
 55 -1 -1 52
 5 -3 -2 173
 55 0 4 93
 55 3 0 114
 55 -1 0 0
 5 -1 -3 219
 55 -1 1 274
 55 2 -2 330
 55 0 1 318
 55 1 -1 182
 55 1 1 271
 "contig-ratio-green-core" 0.8823529411764706
 "contig-ratio-red-core" 1.1333333333333333
 "a-count" 12
 "b-count" 2
 "c-color-count" 26
 "c-express-count" 26
 "d-color-count" 19
 "d-express-count" 16
 "cell-count" 56
 15 -4 0 24
 15 4 -1 92
 15 4 1 166
 15 0 3 338
 15 -2 -2 262
 105 1 -4 293
 15 -2 -3 264
 15 -4 -1 310
 15 1 3 150
 105 2 -3 90
 105 1 -3 59
 15 2 -2 237
 15 2 2 35
 105 3 3 300
 105 3 -3 222
 15 -2 3 268
 15 3 -1 123
 15 -3 -2 83
 15 3 2 83
 105 3 -2 7
 105 0 4 231
 15 -1 4 6
 15 -3 2 129
 15 0 -3 254
 105 -4 1 162
 15 -3 -3 305
 105 -1 -4 342
 15 -3 1 126
 55 2 0 352
 55 -2 1 322
 55 -3 0 248
 55 0 1 284
 55 -2 2 314
 55 -3 -1 210
 55 2 -1 289
 55 -1 1 80
 55 1 2 255
 55 2 1 223
 55 0 -2 338
 55 0 2 189
 55 -1 0 150
 55 1 -2 234
 5 -3 3 359
 55 1 0 152
 55 1 1 195
 55 4 0 258
 55 -1 -1 74
 55 1 -1 146
 55 -2 0 256
 55 3 1 199
 55 -1 -2 62
 55 -1 3 274
 55 -2 -1 294
 55 3 0 154
 5 -1 -3 78
 55 0 -1 59
 "contig-ratio-green-core" 0.8
 "contig-ratio-red-core" 1
