 "a-count" 12
 "b-count" 2
 "c-color-count" 27
 "c-express-count" 26
 "d-color-count" 16
 "d-express-count" 16
 "cell-count" 56
 15 -4 -1 347
 15 2 -1 55
 15 -4 1 346
 105 3 3 118
 15 -1 -4 26
 15 2 -2 211
 15 1 -4 308
 105 3 2 114
 15 -1 3 181
 15 1 3 144
 15 0 4 43
 105 4 -1 93
 105 -3 -3 102
 15 -2 -2 37
 105 -2 3 2
 15 -1 -3 260
 15 -2 2 325
 105 -2 -3 283
 15 1 4 27
 105 4 1 240
 105 3 -1 330
 105 -3 -2 92
 15 1 -3 232
 15 3 0 263
 105 -5 1 170
 105 3 -2 301
 105 -3 3 291
 15 2 3 318
 55 -2 0 42
 55 -2 -1 175
 55 3 -3 113
 55 0 -3 301
 55 -4 0 58
 55 -1 0 253
 55 -1 -2 359
 55 2 1 248
 55 -3 1 85
 55 -1 2 33
 55 1 1 183
 55 0 3 61
 55 1 0 149
 55 0 -4 188
 55 -2 1 353
 55 1 -2 195
 55 -1 1 57
 55 1 2 271
 55 2 2 85
 55 0 -2 328
 55 0 -1 58
 55 0 1 68
 55 1 -1 245
 55 -1 -1 237
 55 3 1 60
 55 0 2 265
 5 4 0 75
 55 2 0 210
 "contig-ratio-green-core" 0.7777777777777778
 "contig-ratio-red-core" 1
 "a-count" 8
 "b-count" 4
 "c-color-count" 24
 "c-express-count" 24
 "d-color-count" 21
 "d-express-count" 20
 "cell-count" 56
 15 -3 2 34
 15 4 0 316
 105 -2 -3 243
 15 -4 -1 221
 105 3 -3 94
 15 -3 1 287
 15 2 0 146
 15 0 -3 88
 105 4 -1 186
 15 1 -4 118
 15 -1 -3 249
 105 3 -2 280
 15 -1 2 258
 15 2 1 200
 105 -1 -4 199
 15 2 -1 117
 15 2 3 160
 15 1 4 22
 15 2 -2 271
 15 2 2 59
 15 -3 -2 304
 15 -2 4 15
 105 -3 -3 79
 15 -2 -2 314
 15 -1 3 349
 15 -1 -2 257
 105 -2 2 180
 15 3 1 138
 55 2 -3 176
 55 1 -2 5
 55 -2 1 178
 55 -4 0 226
 55 4 1 105
 5 3 2 153
 55 -3 3 0
 5 -4 1 258
 55 -3 -1 207
 55 1 1 121
 55 -1 4 117
 55 -2 -1 284
 55 1 -1 309
 55 -1 0 285
 55 1 3 256
 5 0 -4 196
 55 0 1 62
 55 0 4 206
 55 1 0 305
 55 1 2 244
 55 -1 1 185
 55 0 -2 333
 55 -3 0 352
 5 -2 3 353
 55 -1 -1 58
 55 0 0 313
 55 0 -1 190
 55 0 3 188
 "contig-ratio-green-core" 0.8333333333333334
 "contig-ratio-red-core" 1.1538461538461537
 "a-count" 8
 "b-count" 1
 "c-color-count" 27
 "c-express-count" 27
 "d-color-count" 20
 "d-express-count" 20
 "cell-count" 56
 105 4 1 18
 15 0 3 79
 15 -4 0 56
 105 3 2 99
 15 2 -2 40
 15 0 4 102
 15 4 -1 162
 15 -4 -1 44
 15 -4 2 265
 15 -1 3 141
 15 3 0 105
 15 3 1 353
 15 0 -2 189
 15 -2 3 43
 105 2 3 130
 15 1 -3 246
 15 -3 -2 182
 105 0 -3 305
 15 -2 -2 224
 15 2 2 78
 15 -1 -2 75
 15 3 -1 18
 105 -3 -3 339
 15 -3 2 134
 105 0 -4 348
 105 1 -4 98
 105 -1 -3 129
 15 3 -2 2
 55 -2 -1 210
 55 0 1 320
 55 -3 0 265
 55 -1 -1 128
 55 2 1 196
 55 1 4 46
 55 -2 0 3
 55 1 3 125
 55 -1 0 289
 55 0 2 231
 55 0 0 37
 55 -3 1 6
 55 1 1 246
 55 -4 1 136
 55 4 -2 57
 55 1 -2 275
 55 2 0 266
 55 1 -1 198
 55 -3 -1 81
 55 0 -1 199
 55 1 2 277
 55 -1 2 177
 55 2 -1 266
 55 -2 1 9
 55 -2 2 273
 5 4 0 119
 55 1 0 305
 55 -1 1 162
 "contig-ratio-green-core" 1.125
 "contig-ratio-red-core" 0.8823529411764706
 "a-count" 9
 "b-count" 4
 "c-color-count" 26
 "c-express-count" 24
 "d-color-count" 19
 "d-express-count" 19
 "cell-count" 56
 105 -2 3 342
 15 -4 0 3
 105 -1 -4 204
 105 -3 -2 20
 15 3 3 188
 15 3 0 258
 15 -1 -3 318
 15 -1 3 44
 105 4 1 13
 15 -3 0 275
 15 -3 1 284
 105 4 -1 235
 15 1 -3 238
 15 2 -2 7
 15 -3 2 44
 15 3 -1 91
 105 3 2 151
 105 -1 4 272
 15 3 1 348
 105 4 0 273
 105 1 4 171
 15 -2 -3 232
 15 2 2 73
 15 -3 -3 100
 15 -3 -1 170
 15 0 4 64
 15 -2 -2 85
 15 1 3 292
 55 0 -4 19
 55 -2 2 349
 55 0 1 91
 55 1 -2 219
 55 0 3 69
 55 -1 -2 217
 55 -1 0 227
 55 2 -1 55
 55 -1 1 202
 55 -2 1 237
 55 0 2 83
 55 1 2 35
 55 2 1 8
 55 0 -2 327
 55 3 -2 150
 5 -1 -1 130
 55 -2 0 26
 5 -4 1 148
 55 1 -1 24
 55 1 -4 233
 55 1 1 0
 55 -1 2 317
 55 0 -1 58
 55 2 0 281
 55 0 0 339
 55 -2 -1 282
 55 1 0 9
 55 0 -3 306
 "contig-ratio-green-core" 1.0714285714285714
 "contig-ratio-red-core" 0.8571428571428571
