 "a-count" 9
 "b-count" 3
 "c-color-count" 26
 "c-express-count" 25
 "d-color-count" 20
 "d-express-count" 19
 "cell-count" 56
 105 2 -3 188
 15 4 -1 304
 15 -1 -3 329
 15 -1 -2 140
 15 3 1 251
 15 2 3 319
 15 1 -1 227
 15 -3 2 53
 15 -1 -5 90
 105 3 2 251
 105 1 4 123
 15 -3 -1 344
 15 0 4 306
 15 3 -1 106
 15 -2 3 13
 15 4 0 305
 15 1 -2 322
 15 -1 4 95
 105 1 -4 75
 15 1 3 69
 105 0 -4 167
 15 -2 -1 190
 105 3 -3 207
 15 0 -3 230
 105 2 -2 309
 105 -3 -2 0
 15 -1 3 261
 15 2 2 252
 55 -2 0 179
 55 -2 4 33
 5 -3 3 91
 55 -1 0 322
 55 0 1 4
 55 1 2 185
 55 -4 0 284
 55 -3 -3 250
 55 3 3 306
 55 0 2 106
 55 -3 1 88
 55 0 -2 200
 55 -1 -4 278
 55 1 0 77
 5 -2 -2 254
 55 -2 1 151
 55 -2 2 261
 55 -1 2 184
 55 0 -1 284
 55 2 -1 281
 55 -4 1 254
 55 2 1 37
 55 1 1 283
 55 -1 1 12
 55 0 3 320
 55 -4 -1 322
 55 3 0 149
 55 -1 -1 16
 "contig-ratio-green-core" 0.9285714285714286
 "contig-ratio-red-core" 0.9411764705882353
 "a-count" 10
 "b-count" 2
 "c-color-count" 26
 "c-express-count" 26
 "d-color-count" 18
 "d-express-count" 18
 "cell-count" 56
 15 -3 -1 278
 15 3 2 14
 15 4 1 79
 15 3 3 158
 15 -2 3 343
 15 1 -3 192
 105 -2 -3 13
 105 1 -4 133
 15 0 3 68
 15 3 -1 109
 105 4 -1 277
 105 0 4 228
 15 0 -4 78
 15 0 -3 268
 15 2 -1 297
 15 -4 1 201
 15 2 -2 53
 105 3 -2 262
 105 2 -3 330
 15 -1 -3 187
 105 2 2 326
 15 3 -3 72
 15 -1 3 283
 105 -3 -2 347
 105 -1 -4 157
 15 -2 -2 99
 105 4 0 64
 15 -1 4 23
 55 -4 0 313
 5 -4 -1 301
 55 -1 1 32
 55 -2 1 70
 55 -1 -1 280
 55 3 1 40
 55 -1 2 153
 55 3 0 77
 55 1 1 330
 55 1 0 314
 55 -2 -1 319
 55 0 -1 184
 55 -1 -2 200
 55 2 1 190
 55 0 -2 12
 55 1 2 48
 55 0 0 117
 55 -3 1 5
 55 1 -1 307
 55 0 2 276
 55 0 1 1
 55 2 0 21
 55 -2 2 347
 5 1 3 280
 55 -3 0 32
 55 -2 0 339
 55 1 -2 317
 55 3 0 82
 "contig-ratio-green-core" 0.6666666666666666
 "contig-ratio-red-core" 0.7647058823529411
 "a-count" 8
 "b-count" 5
 "c-color-count" 25
 "c-express-count" 23
 "d-color-count" 20
 "d-express-count" 20
 "cell-count" 56
 105 1 4 159
 15 -2 2 209
 15 -2 -2 63
 15 4 0 273
 15 2 -3 205
 105 -1 -4 232
 15 0 1 78
 15 1 1 176
 15 -3 0 265
 105 0 2 143
 15 3 2 215
 15 -2 -3 305
 15 4 -2 222
 15 -3 1 38
 15 1 -4 169
 105 2 3 354
 15 -3 -1 294
 15 3 3 177
 15 -1 2 188
 15 -1 3 239
 105 -1 -3 146
 105 0 -4 318
 105 -3 3 198
 15 -3 -2 227
 105 -4 0 196
 15 3 -3 190
 15 2 1 343
 15 1 3 155
 5 0 4 324
 55 3 0 225
 55 3 -2 138
 55 -2 0 45
 55 1 -1 143
 55 3 -1 100
 55 4 1 239
 55 1 0 236
 55 -1 -2 291
 55 2 0 339
 55 -2 -1 248
 55 -2 1 274
 55 -4 1 141
 55 0 -1 324
 55 1 -3 297
 55 1 -2 75
 55 3 1 239
 55 -2 3 222
 55 -1 -1 223
 55 2 2 146
 55 2 -1 161
 5 1 2 257
 55 -1 1 311
 55 0 3 331
 55 -1 0 278
 5 -3 2 66
 55 2 -2 93
 55 0 -2 1
 "contig-ratio-green-core" 0.8947368421052632
 "contig-ratio-red-core" 0.875
 "a-count" 13
 "b-count" 3
 "c-color-count" 25
 "c-express-count" 25
 "d-color-count" 18
 "d-express-count" 15
 "cell-count" 56
 15 1 -2 126
 105 -4 -1 242
 15 -4 0 174
 105 3 2 190
 15 -4 2 308
 15 2 3 259
 15 -1 3 125
 15 -1 -4 225
 105 2 -3 155
 15 0 2 272
 105 0 -4 351
 15 -2 -3 186
 15 3 0 336
 105 0 3 108
 15 2 -2 263
 105 3 -2 183
 15 1 3 298
 15 1 2 229
 105 4 -1 121
 105 1 -4 255
 15 3 -1 107
 15 1 -3 168
 105 -2 -2 24
 15 4 1 155
 15 -3 3 129
 105 -3 -2 13
 15 -2 -1 340
 15 -3 -1 87
 5 -2 3 181
 55 2 1 181
 55 -2 0 314
 55 1 4 266
 55 -1 -3 52
 55 0 -3 251
 5 -1 4 124
 55 -3 0 115
 55 -1 0 276
 55 0 -1 147
 55 -2 2 92
 55 3 1 169
 55 1 1 335
 55 -1 -1 268
 55 0 4 230
 55 2 -1 3
 55 -1 -2 286
 55 -1 2 223
 55 0 1 244
 55 2 0 325
 5 2 2 64
 55 0 -2 145
 55 -3 1 66
 55 1 -1 198
 55 -2 1 117
 55 0 0 141
 55 1 0 188
 55 -3 2 326
 "contig-ratio-green-core" 0.8947368421052632
 "contig-ratio-red-core" 0.9333333333333333
