 "a-count" 4
 "b-count" 11
 "c-color-count" 18
 "c-express-count" 17
 "d-color-count" 24
 "d-express-count" 24
 "cell-count" 56
 15 -2 1 301
 15 -1 0 36
 105 3 -1 74
 15 0 1 341
 105 -1 4 282
 105 -2 2 143
 15 -2 -3 279
 15 1 3 285
 15 -4 1 114
 15 1 -2 186
 15 1 -3 325
 15 1 -4 345
 15 4 1 64
 15 4 -1 275
 15 3 2 8
 15 0 -2 130
 15 2 3 120
 15 0 -1 211
 15 2 0 217
 15 -3 3 299
 15 3 -2 155
 15 -3 1 7
 105 -1 -3 28
 15 2 -3 337
 15 4 0 183
 15 2 -1 6
 15 -1 3 293
 15 3 3 314
 55 0 4 153
 55 -2 3 328
 55 2 2 78
 55 3 1 170
 55 0 -4 129
 5 -2 0 165
 55 -3 -3 64
 55 -1 2 28
 55 -4 0 118
 55 -2 -1 329
 5 -3 -2 223
 55 0 2 254
 5 1 -1 130
 5 1 2 271
 55 -1 -2 115
 5 -1 1 108
 55 -3 2 14
 5 -4 -1 146
 55 1 0 84
 55 1 4 237
 55 0 3 21
 55 -1 -4 160
 5 1 1 350
 55 3 -3 215
 5 -1 -1 111
 5 2 1 321
 5 0 0 162
 55 -3 -1 352
 "contig-ratio-green-core" 0.7857142857142857
 "contig-ratio-red-core" 0.6666666666666666
 "a-count" 5
 "b-count" 4
 "c-color-count" 24
 "c-express-count" 24
 "d-color-count" 24
 "d-express-count" 23
 "cell-count" 56
 15 3 -3 331
 15 0 3 160
 105 -2 3 247
 15 -1 -1 187
 15 -2 -3 90
 15 -2 -2 69
 15 -1 -2 249
 15 2 0 89
 15 1 -2 356
 15 -2 2 88
 15 -3 1 96
 105 2 1 152
 15 3 2 190
 15 -1 -3 321
 15 -1 2 166
 15 -4 0 110
 15 0 2 93
 105 2 3 74
 15 2 2 74
 15 3 3 120
 15 0 0 159
 15 0 -3 146
 15 -4 -1 101
 15 1 4 43
 105 -4 1 138
 15 2 -2 208
 15 0 4 121
 15 1 0 81
 55 4 0 328
 55 1 1 106
 55 -1 -4 67
 5 1 2 160
 55 -3 -2 239
 5 0 -2 247
 5 4 1 279
 55 -3 -3 223
 5 -3 2 349
 55 3 0 151
 55 -2 1 227
 55 0 -4 84
 55 -3 3 293
 55 1 3 329
 55 -2 -1 8
 55 0 -1 183
 55 2 -3 58
 55 3 -2 76
 55 1 -1 327
 55 1 -4 143
 55 -1 0 243
 55 -1 1 241
 55 1 -3 21
 55 3 -1 119
 55 2 -1 255
 55 -1 3 55
 55 -3 0 199
 55 -1 4 282
 "contig-ratio-green-core" 0.8947368421052632
 "contig-ratio-red-core" 0.8947368421052632
 "a-count" 4
 "b-count" 5
 "c-color-count" 23
 "c-express-count" 23
 "d-color-count" 27
 "d-express-count" 24
 "cell-count" 56
 15 2 -1 308
 15 -2 2 343
 15 -1 1 12
 15 -3 0 2
 15 0 -1 192
 15 0 -2 218
 15 -2 -2 84
 105 -2 1 171
 15 -2 0 64
 15 0 -4 222
 15 -3 1 323
 15 2 0 238
 15 3 3 56
 15 -1 0 223
 15 -3 -1 72
 15 2 3 282
 15 -4 -1 150
 15 3 2 43
 15 -3 -3 109
 15 2 2 68
 15 4 -1 353
 15 0 4 341
 15 2 -2 295
 15 -1 4 323
 15 0 1 177
 15 -1 -1 216
 15 -4 1 133
 15 -1 -3 16
 55 0 0 236
 55 3 -3 354
 5 1 -4 246
 5 -1 -4 35
 55 2 -3 79
 55 -1 3 297
 5 1 -3 29
 55 -4 0 91
 55 -1 -2 51
 55 4 1 333
 55 -2 3 165
 55 -1 2 325
 55 1 -1 309
 55 0 3 25
 55 1 4 317
 55 4 0 225
 5 0 2 145
 55 1 3 54
 55 -2 -1 149
 55 3 -2 124
 55 -3 -2 38
 55 1 -2 356
 55 1 2 273
 55 1 1 144
 55 0 -3 354
 55 -2 -3 0
 5 3 -1 292
 55 2 1 242
 "contig-ratio-green-core" 1
 "contig-ratio-red-core" 0.9047619047619048
 "a-count" 7
 "b-count" 3
 "c-color-count" 25
 "c-express-count" 25
 "d-color-count" 23
 "d-express-count" 21
 "cell-count" 56
 15 -1 2 269
 105 3 -3 220
 15 -1 4 75
 15 -2 0 92
 15 -3 3 263
 15 2 0 250
 15 3 0 264
 15 -3 -1 154
 15 2 -1 274
 15 1 0 153
 15 1 1 109
 105 4 0 330
 15 0 0 81
 15 1 3 31
 15 1 -4 193
 15 -1 -1 148
 105 0 -4 358
 105 -3 -3 347
 105 -1 3 305
 15 -2 1 170
 15 -4 0 238
 15 -1 0 69
 15 -1 -3 110
 15 -3 2 49
 15 2 -3 84
 15 0 1 297
 15 -1 -2 57
 15 -4 -1 258
 55 3 2 291
 55 -2 -3 138
 55 1 2 231
 55 -1 1 254
 55 2 1 127
 55 3 1 322
 55 -2 3 198
 55 0 -1 152
 55 2 2 327
 5 -2 2 180
 55 0 -3 61
 55 3 -2 267
 55 -3 1 359
 55 1 -1 172
 5 3 3 287
 5 2 3 336
 55 1 4 15
 55 -3 -2 217
 55 1 -3 324
 55 0 3 109
 55 -4 1 156
 55 -2 -2 217
 55 -3 0 337
 55 4 -1 83
 55 0 -2 29
 55 -2 -1 90
 55 1 -2 113
 55 2 -2 346
 "contig-ratio-green-core" 1
 "contig-ratio-red-core" 0.7894736842105263
