 "a-count" 3
 "b-count" 3
 "c-color-count" 25
 "c-express-count" 25
 "d-color-count" 25
 "d-express-count" 25
 "cell-count" 56
 15 -2 0 138
 15 2 2 54
 15 -3 3 271
 15 -1 3 283
 15 -4 0 6
 15 1 3 177
 15 3 -1 82
 15 2 -1 298
 15 -1 0 39
 15 1 -3 137
 15 -3 -2 89
 15 1 4 120
 105 -2 -1 352
 15 -1 -3 27
 15 0 -3 14
 105 3 2 146
 15 -4 1 195
 15 4 -1 150
 15 3 -3 248
 15 -1 2 325
 15 -3 2 53
 15 1 -4 183
 105 2 3 126
 15 2 0 120
 15 -1 -2 358
 15 -3 0 166
 15 -2 -2 51
 15 -1 -4 299
 55 1 2 191
 55 -1 -1 192
 55 1 1 244
 5 -2 3 38
 5 -3 1 13
 55 1 -2 28
 55 2 1 180
 55 4 0 143
 5 2 -3 217
 55 3 0 190
 55 0 1 160
 55 0 -2 151
 55 -1 4 300
 55 -2 1 254
 55 3 -2 217
 55 0 0 27
 55 3 1 340
 55 -3 -1 2
 55 0 3 160
 55 -2 -3 88
 55 1 0 263
 55 4 1 64
 55 1 -1 322
 55 -2 2 142
 55 0 -1 343
 55 2 -2 27
 55 0 2 261
 55 -4 -1 228
 "contig-ratio-green-core" 0.8947368421052632
 "contig-ratio-red-core" 0.9047619047619048
 "a-count" 10
 "b-count" 6
 "c-color-count" 22
 "c-express-count" 22
 "d-color-count" 20
 "d-express-count" 18
 "cell-count" 56
 15 0 1 126
 15 2 2 39
 105 -1 3 146
 15 3 2 278
 15 -1 0 333
 15 1 -3 276
 15 2 3 105
 105 4 1 188
 15 -1 -3 75
 15 -1 -1 91
 105 3 -3 314
 15 -3 1 194
 15 0 -1 170
 15 -3 0 346
 15 -2 0 268
 15 1 -4 350
 15 -2 2 193
 105 1 2 25
 15 0 0 16
 105 3 1 351
 105 2 -3 188
 15 -1 -4 119
 15 -1 1 22
 15 3 3 188
 105 -1 4 286
 15 -3 -2 132
 105 1 3 25
 15 2 -1 70
 55 -1 -2 70
 55 -2 -3 63
 55 -4 0 45
 55 1 4 36
 55 3 0 128
 55 0 2 247
 55 -3 -1 216
 5 4 -1 310
 5 0 -2 108
 5 3 -1 312
 55 1 -2 283
 5 -2 -1 131
 55 -2 1 122
 5 -3 -3 288
 55 -1 2 50
 55 4 0 64
 55 1 0 89
 55 0 3 151
 55 0 -3 183
 55 2 -2 3
 5 0 4 322
 55 -3 3 299
 55 -4 1 278
 55 -2 -2 244
 55 1 -1 111
 55 -4 -1 15
 55 -2 3 175
 55 3 -2 357
 "contig-ratio-green-core" 0.5333333333333333
 "contig-ratio-red-core" 0.8
 "a-count" 8
 "b-count" 5
 "c-color-count" 23
 "c-express-count" 23
 "d-color-count" 22
 "d-express-count" 20
 "cell-count" 56
 15 -3 1 167
 105 3 -2 204
 105 1 -2 11
 105 3 2 6
 15 4 1 260
 105 2 2 83
 15 1 2 225
 15 -1 1 175
 15 3 0 320
 105 1 -3 104
 15 -2 0 259
 15 3 1 208
 15 0 4 173
 15 0 2 30
 15 0 -2 208
 15 -4 0 279
 15 -1 -4 245
 15 4 -1 333
 15 2 -1 102
 15 3 -1 17
 15 1 0 263
 15 -3 -1 331
 15 0 -3 353
 15 2 -2 174
 15 4 0 104
 15 -2 -1 147
 105 -3 3 85
 15 1 -4 121
 55 -3 -3 179
 55 -2 3 184
 5 0 0 94
 5 -2 -2 110
 55 -1 -2 134
 55 -2 -3 11
 55 0 -4 34
 5 -1 3 183
 55 1 4 62
 55 -4 1 82
 55 1 3 128
 55 0 1 139
 55 -2 1 117
 55 -1 0 69
 55 2 -3 196
 55 -4 -1 8
 55 -3 2 230
 55 -1 4 20
 5 2 3 20
 55 3 -3 284
 5 0 -1 327
 55 1 -1 356
 55 2 0 264
 55 -1 2 175
 55 -1 -3 60
 55 0 3 57
 55 3 3 64
 55 2 1 301
 "contig-ratio-green-core" 0.7647058823529411
 "contig-ratio-red-core" 0.9285714285714286
 "a-count" 4
 "b-count" 2
 "c-color-count" 26
 "c-express-count" 26
 "d-color-count" 27
 "d-express-count" 24
 "cell-count" 56
 15 0 0 284
 15 -1 1 179
 15 -2 -1 62
 15 -1 2 20
 15 -4 -1 162
 15 -3 0 313
 15 -1 -1 244
 15 -1 4 75
 15 -3 1 321
 15 -2 -2 169
 15 3 -1 306
 15 2 -2 31
 15 1 4 257
 15 0 -1 138
 15 -4 0 352
 15 -1 3 265
 15 -3 2 344
 15 1 -2 235
 105 3 0 202
 15 1 3 10
 15 3 -2 110
 15 -2 -3 90
 15 2 -3 140
 15 -4 1 198
 15 1 -3 87
 15 0 3 293
 15 3 2 206
 15 -1 0 11
 55 0 -2 170
 5 1 2 260
 55 3 3 155
 55 -1 -4 87
 55 0 1 29
 55 1 -1 253
 55 4 1 304
 55 1 0 142
 55 4 -1 96
 55 2 2 40
 55 2 0 274
 55 4 0 58
 55 -3 3 15
 55 0 4 134
 55 -2 3 184
 55 1 -4 179
 55 2 1 356
 55 -2 0 94
 55 0 -4 48
 55 3 1 357
 55 -3 -2 288
 5 3 -3 271
 55 -3 -1 164
 55 1 1 345
 55 -1 -3 98
 55 -2 1 146
 55 -3 -3 282
 55 -1 -2 151
 "contig-ratio-green-core" 1
 "contig-ratio-red-core" 0.6666666666666666
