 "a-count" 7
 "b-count" 5
 "c-color-count" 24
 "c-express-count" 23
 "d-color-count" 22
 "d-express-count" 21
 "cell-count" 56
 15 -3 -3 207
 15 -2 2 329
 15 3 -3 301
 15 1 3 349
 15 -3 1 303
 15 0 0 36
 15 0 4 332
 105 -1 2 164
 15 0 -4 116
 105 -3 -2 156
 15 2 0 285
 15 -1 -4 68
 105 3 -1 82
 15 0 -3 15
 15 2 -1 136
 105 -2 -1 300
 15 0 1 153
 15 1 -1 254
 15 0 -1 119
 105 3 2 120
 15 2 3 14
 15 1 -4 220
 15 -2 -3 232
 15 1 4 215
 105 0 2 3
 15 -1 1 321
 15 -1 4 358
 15 2 2 211
 55 -3 -1 57
 5 1 1 292
 55 4 0 204
 55 1 -3 312
 55 3 0 179
 55 4 1 165
 55 -2 1 357
 5 0 3 21
 55 -1 -1 165
 55 3 -2 276
 55 2 -3 239
 5 -1 -3 0
 55 -4 1 129
 55 3 1 215
 55 4 -1 97
 55 -2 3 35
 55 -3 3 269
 55 -3 2 297
 55 1 0 13
 55 3 3 337
 5 1 2 222
 55 -4 0 176
 55 -4 -1 82
 55 -2 -2 291
 55 -3 0 335
 55 -1 0 112
 55 2 1 307
 55 1 -2 179
 "contig-ratio-green-core" 0.5263157894736842
 "contig-ratio-red-core" 0.6470588235294118
 "a-count" 2
 "b-count" 5
 "c-color-count" 23
 "c-express-count" 23
 "d-color-count" 28
 "d-express-count" 26
 "cell-count" 56
 15 -3 -2 121
 15 3 -1 283
 15 -1 -1 308
 15 1 -2 301
 15 0 1 107
 15 -3 2 255
 15 1 0 267
 15 4 1 137
 15 -2 0 129
 15 3 3 218
 15 -1 4 5
 15 -3 3 245
 15 3 0 282
 15 -2 3 108
 15 3 2 16
 15 -1 3 34
 15 -3 1 318
 15 2 2 248
 15 0 4 315
 15 -1 -2 147
 15 1 2 106
 15 -1 0 0
 15 -2 1 124
 15 -4 1 24
 15 3 -3 8
 15 2 -3 261
 15 2 1 30
 15 3 1 80
 5 -1 -4 318
 5 -1 1 174
 55 1 1 317
 55 2 0 275
 55 0 2 302
 55 2 -2 220
 55 3 -2 329
 55 0 -3 188
 55 -2 2 150
 55 2 3 113
 55 0 0 239
 55 -2 -2 348
 5 1 -4 42
 55 2 -1 255
 5 -1 -3 130
 55 0 3 271
 55 4 0 183
 55 1 -1 246
 5 1 3 62
 55 0 -4 180
 55 -2 -1 163
 55 -4 0 79
 55 0 -1 198
 55 -3 0 232
 55 4 -1 165
 55 -1 2 87
 55 -3 -1 159
 55 1 4 264
 "contig-ratio-green-core" 1.1428571428571428
 "contig-ratio-red-core" 0.9473684210526315
 "a-count" 5
 "b-count" 2
 "c-color-count" 26
 "c-express-count" 26
 "d-color-count" 25
 "d-express-count" 23
 "cell-count" 56
 15 -2 -2 182
 105 1 2 245
 15 0 -1 12
 15 3 2 334
 15 2 -3 6
 15 -2 3 131
 15 1 3 101
 15 3 -1 229
 15 -1 -2 299
 15 -3 1 90
 15 -4 1 46
 15 1 -3 217
 15 2 0 4
 15 1 -1 329
 15 2 2 204
 15 0 -3 240
 15 3 3 38
 105 3 1 233
 105 -2 1 348
 15 -1 3 257
 15 0 4 162
 15 -2 0 278
 15 -1 -1 169
 15 2 -1 213
 15 -1 2 348
 15 1 0 10
 15 0 2 159
 15 3 0 243
 55 -4 0 213
 55 0 3 13
 55 2 1 227
 55 -1 1 73
 55 3 -2 201
 55 2 -2 36
 55 4 -1 133
 55 0 0 211
 55 4 0 322
 55 -1 -4 30
 55 -3 -1 349
 55 -2 -1 271
 55 3 -3 165
 55 -4 -1 19
 55 -1 -3 108
 55 4 1 321
 55 -3 -3 200
 55 2 3 2
 5 -2 -3 173
 55 -1 0 208
 55 -2 2 70
 55 1 -2 33
 5 0 1 62
 55 1 -4 135
 55 -1 4 57
 55 -3 -2 247
 55 1 4 221
 55 1 1 144
 "contig-ratio-green-core" 0.9375
 "contig-ratio-red-core" 1.0526315789473684
