 "a-count" 4
 "b-count" 7
 "c-color-count" 21
 "c-express-count" 21
 "d-color-count" 25
 "d-express-count" 24
 "cell-count" 56
 15 -1 3 236
 15 1 2 170
 15 2 -1 85
 15 2 -3 33
 15 -1 1 188
 15 0 4 253
 105 3 -2 258
 15 -1 2 231
 15 2 2 352
 15 1 3 47
 105 4 1 327
 15 -1 -4 85
 15 3 1 126
 15 0 3 218
 15 0 1 352
 15 1 1 323
 15 3 -1 163
 15 0 2 328
 15 2 0 23
 15 -4 -1 262
 15 4 0 177
 15 -4 0 264
 15 -2 2 348
 15 -3 -1 299
 15 0 -4 339
 105 -1 4 3
 15 2 1 290
 15 3 0 325
 55 -1 -3 77
 5 -2 -2 283
 55 0 -2 154
 55 -2 -1 276
 55 1 -3 251
 55 0 0 10
 55 -1 -2 32
 5 -2 3 198
 5 3 -3 210
 55 -2 0 226
 55 1 -1 176
 55 4 -1 15
 55 1 0 170
 55 -1 0 62
 55 0 -1 149
 55 -2 1 328
 55 1 -2 182
 55 -3 0 160
 5 -2 -3 97
 5 2 -2 32
 55 3 3 236
 55 -3 2 154
 55 -4 1 342
 55 2 3 129
 55 0 -3 331
 5 1 -4 160
 5 -1 -1 126
 55 -3 1 143
 "contig-ratio-green-core" 0.9285714285714286
 "contig-ratio-red-core" 0.7222222222222222
 "a-count" 2
 "b-count" 11
 "c-color-count" 17
 "c-express-count" 17
 "d-color-count" 26
 "d-express-count" 26
 "cell-count" 56
 15 -3 1 345
 15 1 2 357
 15 2 2 2
 15 -1 1 272
 15 -1 0 331
 15 0 2 354
 15 -3 0 42
 15 -2 0 112
 15 -2 1 300
 105 0 4 2
 15 2 -3 219
 15 -1 4 168
 15 1 3 144
 15 4 -1 27
 15 3 -2 28
 15 0 3 205
 15 0 1 326
 105 1 -3 97
 15 -5 1 324
 15 1 1 304
 15 4 0 216
 15 -3 -1 252
 15 2 3 295
 15 -4 1 268
 15 3 -3 44
 15 3 -1 224
 15 -1 2 232
 15 -1 3 343
 5 -2 -2 133
 55 0 -1 122
 55 1 -2 319
 55 0 -4 244
 55 -3 3 314
 55 0 -2 303
 5 -3 -3 264
 55 -1 -1 148
 55 1 -1 234
 55 -1 -3 353
 55 2 -1 322
 5 4 1 236
 5 -2 -1 158
 5 3 1 150
 5 3 0 232
 5 -1 -4 96
 55 -2 3 70
 55 3 2 240
 55 0 -3 294
 55 1 0 52
 5 2 1 267
 55 0 0 91
 55 -1 -2 172
 5 -4 -1 129
 55 2 0 158
 55 3 3 183
 5 -2 -3 252
 5 -3 2 336
 "contig-ratio-green-core" 0.6
 "contig-ratio-red-core" 0.3684210526315789
 "a-count" 4
 "b-count" 9
 "c-color-count" 20
 "c-express-count" 19
 "d-color-count" 24
 "d-express-count" 24
 "cell-count" 56
 15 0 -3 282
 15 4 0 172
 15 1 -3 87
 15 -1 0 276
 15 0 0 15
 15 1 3 42
 15 1 2 79
 15 0 1 313
 15 -3 0 280
 15 0 4 293
 15 0 2 105
 15 0 3 238
 15 3 2 207
 15 -2 0 299
 15 -3 -1 120
 15 -1 2 197
 105 -2 -1 26
 15 -4 -1 8
 15 2 2 325
 15 3 1 256
 15 4 1 86
 105 0 -4 227
 15 4 -1 23
 15 2 -3 348
 15 -2 1 152
 105 3 -2 3
 15 -1 1 123
 105 2 3 218
 55 1 -1 23
 55 -1 -4 143
 5 -1 -3 15
 5 -3 -2 202
 5 -3 2 306
 5 -2 -2 39
 55 3 0 169
 55 3 -1 204
 55 -3 -3 84
 5 -3 1 111
 55 2 -2 48
 55 -1 -1 113
 55 -1 3 51
 55 2 -1 186
 5 0 -2 256
 55 2 1 116
 55 -1 4 227
 55 -1 -2 213
 55 0 -1 73
 55 2 0 96
 55 1 -2 346
 55 -3 3 217
 55 3 3 154
 55 -2 2 44
 55 1 0 311
 5 -2 -3 66
 55 -2 3 328
 5 -4 0 223
 "contig-ratio-green-core" 0.8
 "contig-ratio-red-core" 0.5789473684210527
 "a-count" 4
 "b-count" 7
 "c-color-count" 21
 "c-express-count" 21
 "d-color-count" 25
 "d-express-count" 24
 "cell-count" 56
 15 1 -2 67
 15 0 2 315
 105 4 -1 351
 15 0 -2 91
 15 3 0 172
 15 -1 2 331
 15 -2 -1 226
 15 -3 -1 101
 15 4 0 216
 15 2 -2 121
 15 1 2 88
 15 0 4 208
 15 3 1 63
 15 -1 3 41
 15 -2 3 273
 15 -2 -2 104
 105 -3 -2 58
 15 2 0 19
 15 -1 -2 216
 15 2 -1 198
 105 -1 -3 131
 15 1 -1 112
 15 -4 1 237
 15 2 -3 123
 15 -1 -1 295
 15 -2 2 304
 15 0 -1 143
 15 0 3 52
 55 3 -1 17
 55 0 1 58
 55 -4 0 246
 55 -2 0 204
 55 2 2 109
 5 4 1 300
 5 -2 4 142
 55 1 -4 44
 55 1 1 139
 5 1 3 255
 5 3 2 217
 55 -1 1 229
 5 -1 4 137
 55 3 -3 329
 5 1 4 257
 55 -3 1 255
 55 1 0 24
 55 0 0 7
 55 -1 0 198
 55 -3 0 243
 55 -3 2 277
 55 2 1 58
 55 3 3 311
 55 2 -4 213
 55 -3 3 220
 5 0 -3 150
 55 -2 1 329
 55 1 -3 354
 "contig-ratio-green-core" 0.8333333333333334
 "contig-ratio-red-core" 0.7391304347826086
