 "a-count" 3
 "b-count" 8
 "c-color-count" 20
 "c-express-count" 20
 "d-color-count" 25
 "d-express-count" 25
 "cell-count" 56
 15 -3 -2 342
 105 3 2 156
 15 1 -2 165
 15 3 1 240
 15 0 -3 340
 15 0 -2 104
 15 -4 1 150
 15 2 3 60
 15 3 -1 299
 15 3 0 323
 15 1 2 215
 15 -1 3 170
 15 2 -2 235
 105 0 4 113
 15 -2 3 350
 15 1 -1 218
 15 -1 2 239
 15 2 2 162
 15 0 2 28
 105 1 4 324
 15 4 1 162
 15 -2 -2 273
 15 2 -1 65
 15 -1 -2 25
 15 1 3 212
 15 -3 -1 65
 15 0 3 172
 15 -2 2 243
 5 1 -3 319
 55 -1 4 269
 55 1 0 261
 55 0 1 67
 55 2 0 260
 5 3 -3 233
 55 0 -1 91
 55 4 0 129
 55 -2 1 91
 55 -3 0 78
 55 1 -4 130
 55 0 -4 246
 55 -3 2 272
 5 4 -1 24
 55 -1 0 241
 55 -2 -1 226
 55 -3 1 121
 55 2 1 120
 5 -1 -3 246
 55 1 1 56
 55 -4 0 246
 55 -2 0 153
 55 -1 1 126
 5 2 -3 81
 5 -1 -1 314
 55 0 0 102
 5 -3 -3 355
 5 -2 -3 249
 "contig-ratio-green-core" 0.9375
 "contig-ratio-red-core" 0.7368421052631579
 "a-count" 2
 "b-count" 11
 "c-color-count" 17
 "c-express-count" 17
 "d-color-count" 26
 "d-express-count" 26
 "cell-count" 56
 15 3 -1 183
 15 -1 3 74
 15 2 2 182
 15 0 -3 194
 15 -1 2 143
 15 3 0 280
 15 -4 -1 238
 15 -1 1 80
 15 -1 -3 102
 15 -2 -2 143
 15 2 -3 18
 15 1 2 294
 15 4 0 10
 105 3 2 120
 15 -4 0 155
 15 0 1 63
 15 -2 -3 263
 15 2 3 226
 15 -1 -2 347
 15 1 -3 180
 15 0 3 70
 15 1 -4 152
 105 3 3 244
 15 0 -2 309
 15 1 -2 330
 15 2 -2 296
 15 1 3 102
 15 0 2 210
 5 4 -1 199
 5 -2 3 306
 5 0 4 170
 55 1 0 270
 55 3 -2 330
 55 1 1 109
 5 -1 -4 190
 55 2 0 299
 55 -3 1 343
 5 -3 -1 352
 55 -2 2 56
 55 -2 0 319
 55 1 -1 223
 55 -2 -1 347
 55 2 -1 233
 55 -1 0 104
 5 3 1 49
 5 0 -4 249
 55 1 4 38
 55 0 -1 194
 5 -4 1 313
 55 -1 -1 80
 5 -1 4 139
 5 -3 3 74
 55 0 0 161
 55 -2 1 294
 55 2 1 74
 5 3 -3 211
 "contig-ratio-green-core" 0.8571428571428571
 "contig-ratio-red-core" 0.5833333333333334
 "a-count" 2
 "b-count" 8
 "c-color-count" 20
 "c-express-count" 20
 "d-color-count" 26
 "d-express-count" 26
 "cell-count" 56
 15 1 0 250
 15 2 -1 1
 15 1 -3 292
 15 1 -1 125
 105 3 2 65
 15 0 -4 45
 15 3 0 26
 15 1 -2 134
 105 -3 3 278
 15 0 4 216
 15 1 3 65
 15 0 2 6
 15 3 1 131
 15 2 0 257
 15 -1 -2 250
 15 0 -2 50
 15 0 1 354
 15 4 1 10
 15 0 0 333
 15 -1 3 284
 15 -2 -2 19
 15 0 3 190
 15 2 1 74
 15 0 -3 99
 15 1 2 39
 15 1 1 10
 15 0 -1 311
 15 -3 -3 165
 55 4 -1 48
 55 -2 2 263
 55 2 -3 353
 5 1 4 239
 55 2 -2 236
 55 -1 -1 343
 5 -3 2 38
 55 -3 0 154
 55 -3 -1 215
 55 -2 0 343
 55 -2 -1 78
 5 2 2 265
 55 3 -1 290
 5 -4 1 16
 5 -4 -1 51
 55 -1 1 236
 55 -2 1 125
 55 -2 -3 238
 55 3 -2 214
 55 4 0 111
 5 -1 -4 256
 55 -1 0 141
 55 -2 3 232
 55 -3 1 197
 5 -4 0 53
 55 -3 -2 163
 55 -1 2 69
 5 -1 -3 46
 "contig-ratio-green-core" 0.9285714285714286
 "contig-ratio-red-core" 0.7058823529411765
 "a-count" 2
 "b-count" 13
 "c-color-count" 15
 "c-express-count" 15
 "d-color-count" 26
 "d-express-count" 26
 "cell-count" 56
 15 -1 3 267
 15 3 0 84
 15 2 0 28
 15 -3 1 302
 15 2 3 172
 15 2 -3 126
 15 2 2 153
 15 2 -2 174
 15 -3 0 103
 15 -3 -1 129
 15 3 -1 2
 15 1 0 280
 15 -3 2 249
 15 1 -3 250
 15 -2 2 11
 105 3 -2 216
 15 3 1 132
 15 0 -4 184
 15 0 4 126
 15 -4 1 258
 15 2 1 165
 15 2 -1 332
 15 0 3 201
 15 1 -1 277
 105 -1 4 160
 15 1 -2 134
 15 -1 2 341
 15 1 1 218
 55 -1 -3 123
 5 3 -3 141
 55 3 3 128
 55 0 2 189
 55 0 -1 246
 55 -2 -1 251
 5 -3 -3 284
 5 -1 -4 270
 55 0 1 139
 55 -1 1 65
 5 3 2 242
 55 -1 -2 238
 55 1 2 179
 5 -2 -3 231
 5 -2 1 280
 55 -3 -2 290
 5 0 -2 313
 55 -1 -1 20
 5 -3 3 145
 5 -2 3 284
 5 -2 0 36
 5 -1 0 346
 55 0 -3 322
 5 1 -4 48
 5 4 1 17
 55 -2 -2 238
 55 0 0 102
 55 4 -1 65
 "contig-ratio-green-core" 1
 "contig-ratio-red-core" 0.6111111111111112
