 "a-count" 3
 "b-count" 9
 "c-color-count" 19
 "c-express-count" 19
 "d-color-count" 26
 "d-express-count" 25
 "cell-count" 56
 15 -2 3 87
 15 -1 3 290
 15 -1 -4 293
 15 0 -3 82
 15 4 0 160
 15 -3 0 74
 15 4 -1 184
 15 3 0 257
 15 -2 0 141
 15 2 0 188
 15 2 -1 44
 15 -3 -1 301
 15 -4 -1 14
 15 -2 -2 87
 15 3 -3 59
 15 -1 -3 358
 15 1 -1 287
 15 -2 -1 164
 15 1 0 315
 105 -3 3 322
 15 0 -2 341
 15 1 -2 216
 15 3 -1 240
 15 -3 1 40
 15 -1 -2 83
 105 -4 1 131
 15 -2 1 131
 15 -2 2 175
 55 0 0 109
 55 -1 1 255
 55 0 2 295
 55 1 1 324
 55 4 1 186
 55 -4 0 17
 55 3 -2 86
 5 -3 -2 346
 5 1 3 266
 5 0 4 201
 5 1 2 259
 55 0 3 239
 55 3 1 287
 5 -2 -3 78
 55 0 1 279
 55 -1 -1 152
 55 2 -3 326
 55 -3 -3 183
 55 2 -2 231
 5 2 2 188
 55 0 -1 67
 5 1 -4 252
 55 -1 0 231
 55 2 1 49
 5 3 3 14
 5 2 3 120
 55 -1 2 101
 55 1 -3 29
 "contig-ratio-green-core" 1.0666666666666667
 "contig-ratio-red-core" 0.625
 "a-count" 0
 "b-count" 8
 "c-color-count" 20
 "c-express-count" 20
 "d-color-count" 28
 "d-express-count" 28
 "cell-count" 56
 15 2 0 223
 15 1 2 305
 15 0 -3 19
 15 2 -1 263
 15 0 1 108
 15 1 1 353
 15 0 -1 44
 15 -1 0 118
 15 0 3 241
 15 -1 0 39
 15 4 1 16
 15 0 2 315
 15 1 -2 156
 15 3 0 107
 15 1 -3 132
 15 0 -2 88
 15 0 0 152
 15 2 -2 171
 15 3 -2 85
 15 3 -1 76
 15 -1 1 122
 15 -1 1 131
 15 -1 -1 55
 15 -1 -3 13
 15 1 -1 340
 15 2 3 115
 15 1 3 35
 15 1 0 243
 55 4 -1 332
 5 -4 1 355
 55 0 4 229
 55 -2 0 329
 55 -3 3 214
 5 2 1 65
 5 3 3 265
 55 -2 -2 203
 5 -2 2 329
 55 4 0 70
 5 -1 2 62
 55 -2 -1 67
 55 -4 0 260
 55 2 2 11
 55 -3 -1 110
 5 -1 -4 1
 55 1 -4 144
 55 -3 1 2
 55 -2 3 40
 55 1 4 147
 55 -3 2 3
 55 -4 1 56
 55 -2 -3 197
 5 -1 3 140
 55 2 -4 135
 5 3 1 102
 55 -3 0 308
 55 3 2 113
 "contig-ratio-green-core" 0.6666666666666666
 "contig-ratio-red-core" 0.45
 "a-count" 1
 "b-count" 8
 "c-color-count" 20
 "c-express-count" 20
 "d-color-count" 27
 "d-express-count" 27
 "cell-count" 56
 105 -1 4 332
 15 1 -3 222
 15 -1 -3 334
 15 0 2 63
 15 3 0 192
 15 -3 2 80
 15 3 1 227
 15 4 -1 118
 15 -3 1 296
 15 -4 -1 106
 15 0 4 39
 15 -1 3 13
 15 3 -1 30
 15 0 3 300
 15 0 -4 331
 15 2 -2 218
 15 -2 3 342
 15 4 0 254
 15 0 -3 112
 15 0 -2 100
 15 1 -2 132
 15 2 3 217
 15 1 2 2
 15 -4 0 175
 15 -2 -3 250
 15 -1 -2 343
 15 -1 -4 176
 15 1 3 153
 55 -3 -2 359
 55 -1 -1 217
 5 2 -3 343
 55 -1 0 310
 55 -3 -1 120
 55 1 0 208
 55 -2 -2 241
 5 3 -2 227
 5 -3 3 223
 55 -2 -1 220
 55 2 -1 33
 55 -2 0 325
 55 0 0 128
 55 -3 0 261
 55 -2 1 191
 55 -1 1 237
 55 2 0 133
 5 3 2 236
 55 0 1 293
 5 1 4 181
 5 1 -1 161
 55 1 1 120
 5 4 1 114
 5 -4 1 44
 55 2 1 56
 55 -1 2 209
 55 0 -1 52
 55 -2 2 350
 "contig-ratio-green-core" 1.0714285714285714
 "contig-ratio-red-core" 0.5416666666666666
 "a-count" 3
 "b-count" 9
 "c-color-count" 19
 "c-express-count" 19
 "d-color-count" 25
 "d-express-count" 25
 "cell-count" 56
 15 4 -1 103
 15 1 -2 115
 15 -3 2 358
 15 -1 -3 266
 15 2 1 9
 15 3 -1 321
 15 -3 0 19
 105 0 4 192
 105 4 1 133
 105 -4 0 91
 15 -2 -1 270
 15 1 -1 77
 15 -3 1 172
 15 3 0 347
 15 -3 -1 307
 15 3 1 89
 15 0 -2 41
 15 2 -1 334
 15 0 -3 11
 15 0 -4 238
 15 -4 -1 211
 15 0 -1 96
 15 -1 -2 94
 15 1 -3 18
 15 4 0 80
 15 -2 -2 357
 15 2 0 276
 15 -1 -1 76
 55 -1 0 77
 55 0 0 79
 55 -1 3 103
 55 2 2 161
 55 -2 1 210
 55 1 0 30
 5 -2 3 123
 55 1 1 301
 55 -2 -3 191
 5 -3 -3 140
 5 3 3 40
 55 -1 2 354
 5 -1 4 193
 55 1 3 325
 55 1 2 184
 55 0 2 216
 5 -2 2 263
 5 3 -3 160
 55 3 -2 128
 55 -3 -2 201
 55 2 3 204
 55 0 1 185
 5 -1 -4 351
 5 2 -3 300
 55 -1 1 323
 55 0 3 171
 55 -2 0 85
 5 1 -4 240
 "contig-ratio-green-core" 0.9230769230769231
 "contig-ratio-red-core" 0.45
