 "a-count" 1
 "b-count" 8
 "c-color-count" 20
 "c-express-count" 20
 "d-color-count" 27
 "d-express-count" 27
 "cell-count" 56
 15 -4 -1 4
 15 -3 3 350
 15 -4 0 82
 15 -1 -3 86
 15 0 3 55
 15 3 1 229
 15 2 -1 145
 15 2 0 66
 15 0 2 161
 15 -2 2 144
 15 1 -3 300
 15 2 1 255
 15 0 -2 11
 15 4 1 64
 15 3 0 312
 15 0 -3 227
 15 1 4 331
 15 0 -4 268
 15 1 -1 51
 105 -1 -4 14
 15 -1 -2 71
 15 -1 3 173
 15 1 -2 262
 15 -2 -3 59
 15 1 -4 138
 15 4 0 191
 15 0 4 144
 15 -1 2 188
 55 -2 -2 97
 55 3 -2 196
 55 2 -3 277
 55 0 0 102
 5 1 3 92
 55 -1 -1 132
 5 3 3 173
 55 0 1 18
 55 0 -1 271
 55 1 0 129
 55 -1 0 58
 55 -3 -1 317
 5 3 2 124
 55 -3 2 224
 55 4 -2 260
 55 -3 0 180
 55 3 -3 236
 5 -2 3 19
 5 -1 4 258
 5 -2 0 254
 5 -4 1 278
 55 1 2 233
 55 -2 1 177
 55 1 1 200
 55 -1 1 107
 55 -2 -1 80
 5 2 3 94
 55 -3 1 28
 "contig-ratio-green-core" 0.8666666666666667
 "contig-ratio-red-core" 0.5416666666666666
 "a-count" 4
 "b-count" 10
 "c-color-count" 19
 "c-express-count" 18
 "d-color-count" 24
 "d-express-count" 24
 "cell-count" 56
 105 -4 0 241
 15 -2 2 332
 105 -4 -1 104
 105 -3 -2 119
 15 0 -2 352
 15 -1 1 352
 15 -1 -1 82
 105 4 -1 139
 15 1 0 105
 15 0 2 339
 15 1 -4 26
 15 -1 2 268
 15 -1 -4 135
 15 -2 0 261
 15 -3 0 212
 15 -1 -2 82
 15 -3 1 124
 15 1 -1 322
 15 4 1 294
 15 -2 -1 202
 15 0 -1 173
 15 -2 1 93
 15 0 1 19
 15 3 3 271
 15 2 3 319
 15 -1 0 238
 15 4 0 35
 15 0 0 254
 55 0 -4 43
 55 2 -1 311
 55 0 -3 53
 5 1 1 224
 5 -3 -1 128
 5 -3 2 169
 55 0 4 147
 55 -1 -3 142
 55 2 1 169
 5 1 4 234
 5 -2 -2 95
 55 1 3 293
 55 2 0 4
 55 2 2 243
 55 -2 -3 124
 5 3 2 54
 55 3 0 55
 5 1 2 297
 55 3 -1 42
 55 -2 3 271
 55 3 1 245
 55 1 -3 17
 55 0 3 226
 55 -3 3 84
 5 2 -2 269
 55 1 -2 312
 55 -1 3 338
 5 2 -3 65
 "contig-ratio-green-core" 0.6
 "contig-ratio-red-core" 0.7857142857142857
 "a-count" 7
 "b-count" 11
 "c-color-count" 17
 "c-express-count" 17
 "d-color-count" 22
 "d-express-count" 21
 "cell-count" 56
 15 -2 -2 122
 105 1 -4 301
 15 2 -2 162
 15 0 -3 100
 15 1 0 171
 15 0 4 72
 15 1 -1 261
 105 1 -2 281
 105 3 -1 213
 15 -4 0 298
 105 4 0 155
 15 3 1 84
 15 2 2 199
 15 2 0 357
 105 3 -3 308
 15 0 -4 350
 15 2 -3 114
 15 -4 1 63
 15 1 1 63
 15 -1 3 43
 15 3 0 229
 15 -2 -3 76
 15 -1 -3 358
 15 -1 4 341
 15 0 3 175
 15 2 1 187
 105 3 -2 294
 15 2 -1 212
 55 -3 0 133
 5 -4 -1 298
 5 -3 -3 344
 55 -1 -2 210
 55 -2 1 280
 5 1 2 117
 55 -2 2 30
 5 -3 3 95
 5 -1 -4 153
 55 -2 0 125
 55 0 -2 358
 5 -3 -2 171
 55 0 0 134
 55 -2 -1 41
 55 0 -1 219
 55 -3 2 312
 5 -2 3 106
 5 -1 2 32
 5 -1 0 199
 55 3 3 40
 5 -3 -1 68
 55 1 3 36
 55 2 3 172
 5 3 2 76
 55 1 4 174
 55 0 1 171
 55 -3 1 161
 55 -1 -1 45
 "contig-ratio-green-core" 0.7692307692307693
 "contig-ratio-red-core" 0.6875
 "a-count" 1
 "b-count" 9
 "c-color-count" 19
 "c-express-count" 19
 "d-color-count" 27
 "d-express-count" 27
 "cell-count" 56
 15 0 0 251
 15 1 1 16
 15 -2 -1 267
 15 -2 0 6
 15 -1 3 246
 105 2 3 156
 15 -4 1 36
 15 -3 1 152
 15 2 -1 291
 15 2 0 330
 15 -1 0 32
 15 3 -2 304
 15 3 -1 220
 15 0 -2 264
 15 -1 -2 14
 15 -2 -2 34
 15 2 1 357
 15 0 -1 36
 15 -1 -1 275
 15 3 0 124
 15 2 -2 104
 15 1 -2 120
 15 2 2 160
 15 0 3 210
 15 -1 -4 148
 15 1 -1 239
 15 1 2 127
 15 1 0 212
 5 3 3 340
 5 -3 -3 331
 5 3 1 122
 55 1 3 309
 55 -1 2 197
 5 -4 0 100
 55 -1 -3 5
 55 1 -4 133
 55 -1 1 235
 55 -2 -3 241
 55 4 -1 36
 55 1 4 126
 5 -2 2 109
 55 1 -3 33
 55 -2 1 32
 55 0 1 17
 55 4 1 11
 55 0 -4 219
 55 4 0 299
 55 2 -4 286
 55 0 2 0
 5 -3 -2 359
 55 0 -3 90
 5 -1 4 184
 5 -2 3 333
 55 -3 -1 107
 55 -3 0 176
 5 3 2 138
 "contig-ratio-green-core" 0.8
 "contig-ratio-red-core" 0.7
