 "a-count" 4
 "b-count" 8
 "c-color-count" 20
 "c-express-count" 20
 "d-color-count" 24
 "d-express-count" 24
 "cell-count" 56
 15 3 1 178
 15 3 -1 133
 15 -1 2 219
 15 2 2 34
 15 2 -2 302
 15 0 2 359
 15 1 3 112
 15 1 -1 211
 15 -4 0 259
 105 0 4 332
 15 0 3 228
 15 -2 3 332
 15 -1 -5 164
 15 -2 -4 261
 15 3 0 17
 15 2 1 319
 15 -3 2 193
 15 -1 3 118
 15 -1 -4 142
 15 2 0 74
 15 2 -1 4
 15 1 -2 27
 105 3 2 7
 15 -3 1 9
 15 -2 2 328
 105 4 1 260
 105 4 0 72
 15 1 2 236
 55 1 1 246
 55 -3 -2 297
 5 2 -3 312
 55 -1 1 88
 5 -1 -1 127
 5 -4 1 357
 55 -3 3 140
 55 2 3 283
 55 -2 -3 232
 55 -3 0 50
 55 -2 0 292
 55 -2 1 234
 55 1 0 228
 55 0 1 285
 5 1 -3 0
 55 0 0 251
 5 -1 -2 119
 5 0 -3 271
 55 3 3 272
 55 0 -1 42
 55 -3 -1 319
 55 3 -2 260
 55 1 4 92
 5 -3 -3 349
 5 0 -2 279
 55 -2 -1 218
 55 -1 0 129
 55 -2 -2 32
 "contig-ratio-green-core" 1
 "contig-ratio-red-core" 0.631578947368421
 "a-count" 2
 "b-count" 7
 "c-color-count" 21
 "c-express-count" 21
 "d-color-count" 26
 "d-express-count" 26
 "cell-count" 56
 15 -1 3 89
 15 -1 2 19
 15 -4 -1 336
 15 1 2 317
 15 -4 1 34
 15 1 0 136
 15 -1 -2 274
 15 3 3 31
 15 -2 2 157
 105 3 -1 57
 15 0 3 351
 15 1 3 119
 15 -1 1 7
 15 0 1 27
 15 1 1 12
 15 1 -3 351
 15 -1 4 151
 15 -1 -1 235
 15 0 -2 339
 15 0 -3 241
 15 -1 0 157
 15 4 -1 119
 15 1 -2 59
 15 0 2 352
 105 3 -3 180
 15 1 -1 40
 15 0 0 193
 15 0 -1 171
 5 -2 -2 323
 5 -2 1 119
 55 0 4 219
 5 4 1 45
 55 2 0 9
 55 -3 0 284
 5 -3 -3 276
 55 -3 1 205
 55 2 3 243
 55 0 -4 145
 55 4 0 27
 55 -4 0 296
 55 3 1 291
 5 -2 -3 140
 55 3 0 174
 55 2 1 30
 55 -2 0 224
 55 -3 -2 93
 55 2 -1 141
 55 -3 2 271
 5 -2 -1 179
 55 -3 -1 349
 5 2 -2 349
 55 1 -4 330
 55 -1 -4 92
 55 2 2 321
 55 3 2 119
 55 1 4 203
 "contig-ratio-green-core" 0.7647058823529411
 "contig-ratio-red-core" 0.7058823529411765
