 "a-count" 5
 "b-count" 7
 "c-color-count" 21
 "c-express-count" 21
 "d-color-count" 24
 "d-express-count" 23
 "cell-count" 56
 15 2 2 211
 15 0 2 152
 15 2 -2 247
 15 0 4 136
 15 0 0 14
 15 2 3 25
 15 1 3 2
 15 -2 1 27
 15 -1 0 280
 15 -4 0 149
 15 1 -4 149
 15 0 -4 23
 15 0 1 315
 105 -3 -1 288
 15 -1 2 355
 105 1 4 95
 15 -2 -1 45
 15 -1 1 43
 105 -1 4 143
 15 1 2 87
 15 -2 2 299
 15 -2 0 242
 15 1 1 270
 15 3 -3 122
 105 -4 -1 50
 15 -1 3 311
 15 -1 -4 298
 15 0 3 329
 55 2 0 171
 5 -3 2 251
 55 -3 1 98
 5 -2 3 136
 55 2 1 35
 55 1 -3 351
 55 -2 -3 220
 55 0 -3 297
 55 4 1 43
 5 2 -3 70
 55 -3 0 111
 55 1 -2 325
 55 -2 -2 101
 5 4 -1 311
 55 0 -1 29
 55 1 0 193
 55 4 0 231
 5 3 -2 302
 55 2 -1 320
 55 1 -1 353
 55 3 0 121
 55 -1 -1 194
 5 3 2 126
 55 3 -1 27
 55 4 2 132
 5 -3 3 148
 55 -1 -2 170
 55 0 -2 149
 "contig-ratio-green-core" 0.6666666666666666
 "contig-ratio-red-core" 0.5714285714285714
 "a-count" 0
 "b-count" 6
 "c-color-count" 22
 "c-express-count" 22
 "d-color-count" 28
 "d-express-count" 28
 "cell-count" 56
 15 -1 1 194
 15 0 -3 48
 15 2 -3 219
 15 3 1 113
 15 3 -1 212
 15 -2 1 297
 15 -4 -1 358
 15 -3 2 0
 15 3 0 25
 15 1 -3 262
 15 4 0 340
 15 -1 2 197
 15 -1 3 116
 15 3 -2 341
 15 2 3 253
 15 -1 -2 62
 15 2 -1 149
 15 -2 -2 314
 15 -2 2 149
 15 -1 -3 267
 15 3 3 107
 15 3 2 202
 15 4 1 199
 15 2 -2 291
 15 -3 1 52
 15 -2 3 1
 15 -3 -2 96
 15 -5 -1 107
 55 4 -1 25
 55 -2 -1 349
 55 0 4 103
 55 2 1 276
 5 1 4 37
 55 1 -1 99
 55 0 3 13
 5 2 0 354
 55 3 -3 137
 55 0 -1 181
 55 1 2 191
 55 -2 0 266
 55 2 2 159
 55 -1 -1 345
 55 1 0 78
 55 -1 -4 178
 5 -3 0 9
 55 1 3 225
 55 1 -2 229
 55 0 1 290
 5 -2 -3 91
 55 0 0 344
 5 0 -4 246
 55 0 2 117
 55 -1 0 103
 5 -3 3 31
 55 1 1 324
 55 0 -2 97
 "contig-ratio-green-core" 0.9333333333333333
 "contig-ratio-red-core" 0.6521739130434783
 "a-count" 2
 "b-count" 14
 "c-color-count" 16
 "c-express-count" 14
 "d-color-count" 26
 "d-express-count" 26
 "cell-count" 56
 15 3 0 139
 15 -1 -3 210
 15 0 -3 325
 15 4 -1 350
 15 3 -1 65
 105 -2 2 262
 15 3 1 183
 15 0 3 276
 15 0 2 206
 15 -1 3 320
 15 -2 0 55
 15 4 1 50
 15 -4 0 279
 15 -3 0 187
 15 -3 -1 275
 105 3 3 79
 15 4 0 106
 15 -1 1 170
 15 -2 1 42
 15 5 1 98
 15 1 2 72
 15 2 -1 25
 15 -2 -2 7
 15 -1 2 5
 15 2 2 72
 15 -2 -1 18
 15 0 4 186
 15 1 3 83
 5 -1 -2 85
 5 -2 -3 245
 5 2 3 41
 5 -3 -2 333
 5 3 -2 282
 55 1 1 170
 55 0 1 25
 5 3 -3 41
 55 -2 3 342
 55 -4 1 278
 55 3 2 48
 55 0 -2 51
 5 1 4 349
 55 -1 0 260
 55 0 0 143
 55 0 -1 4
 5 -1 4 69
 55 1 -2 47
 55 1 -1 313
 55 -1 -1 258
 55 1 -3 229
 5 -3 3 171
 5 2 0 234
 55 1 0 250
 5 2 -2 28
 55 1 -4 315
 5 -3 1 149
 55 2 1 122
 "contig-ratio-green-core" 1.1
 "contig-ratio-red-core" 0.4583333333333333
