 "a-count" 6
 "b-count" 5
 "c-color-count" 24
 "c-express-count" 23
 "d-color-count" 22
 "d-express-count" 22
 "cell-count" 56
 105 2 3 38
 15 -1 4 346
 15 3 -1 290
 15 0 2 313
 15 -2 2 265
 105 -3 2 338
 15 2 -1 278
 105 2 2 1
 15 1 4 247
 15 0 4 159
 15 -2 -2 122
 15 -1 -3 62
 15 1 3 326
 15 3 0 65
 105 -1 -4 300
 15 -3 -1 175
 15 2 -2 258
 105 4 1 291
 15 3 -2 19
 15 4 0 336
 15 0 3 78
 15 3 1 298
 15 -1 -2 263
 15 2 -3 225
 15 1 2 158
 15 -1 2 283
 105 -2 3 328
 15 -3 -2 123
 55 0 1 183
 5 -4 0 74
 55 0 0 74
 55 2 1 279
 55 -2 -1 282
 55 -3 0 312
 55 1 -3 49
 55 0 -3 203
 55 -1 1 49
 5 -2 -3 116
 55 -4 1 157
 55 1 0 203
 55 0 -2 154
 55 -2 1 309
 55 2 0 104
 55 1 -1 101
 55 4 -1 162
 55 -3 3 163
 55 -2 0 29
 55 1 -2 317
 55 0 -1 131
 55 -1 -1 150
 5 3 -3 77
 55 0 -4 287
 55 -1 0 96
 55 -3 1 327
 5 -3 -3 198
 55 1 1 253
 "contig-ratio-green-core" 0.7647058823529411
 "contig-ratio-red-core" 0.7222222222222222
 "a-count" 5
 "b-count" 6
 "c-color-count" 22
 "c-express-count" 22
 "d-color-count" 23
 "d-express-count" 23
 "cell-count" 56
 15 -4 -1 273
 105 2 -3 38
 15 1 -5 26
 15 -3 1 65
 15 2 3 243
 15 -1 -3 336
 15 -3 2 136
 15 3 0 324
 105 -1 4 209
 15 3 2 56
 15 0 3 233
 15 -1 3 215
 15 -2 -3 98
 15 1 -3 89
 105 0 4 182
 15 -4 1 137
 105 1 3 91
 15 -3 0 258
 15 3 -1 217
 15 -4 0 222
 15 0 -4 288
 15 1 -4 180
 15 2 2 144
 15 0 -3 206
 15 3 1 61
 15 -2 3 227
 105 1 4 300
 15 -2 1 149
 5 3 -2 308
 55 -2 0 20
 55 2 -1 34
 55 0 0 272
 5 1 -2 194
 5 -3 -2 316
 55 1 1 319
 5 4 -1 229
 55 0 2 10
 55 -1 0 167
 55 2 0 162
 55 1 2 31
 55 1 -1 257
 5 -3 -1 55
 55 0 -1 36
 55 1 0 120
 55 2 1 345
 55 2 -2 36
 55 -1 2 61
 55 0 1 190
 5 3 -3 326
 55 -1 -2 271
 55 -1 1 50
 55 -2 -1 54
 55 0 -2 70
 55 -1 -1 109
 55 3 3 335
 55 4 0 287
 "contig-ratio-green-core" 0.7692307692307693
 "contig-ratio-red-core" 0.47368421052631576
 "a-count" 2
 "b-count" 8
 "c-color-count" 20
 "c-express-count" 20
 "d-color-count" 26
 "d-express-count" 26
 "cell-count" 56
 15 -1 2 269
 15 -2 2 122
 15 1 -4 261
 15 1 2 238
 15 2 -1 227
 105 3 -1 25
 15 0 0 289
 15 2 0 254
 15 -3 2 198
 15 4 0 174
 15 -1 -1 185
 15 -3 -2 269
 15 1 0 35
 15 -2 -3 218
 15 -1 0 321
 15 0 2 227
 15 -2 -2 358
 105 -1 -4 61
 15 0 1 226
 15 3 0 192
 15 2 2 50
 15 -1 1 236
 15 1 1 7
 15 1 4 260
 15 1 -1 260
 15 2 1 300
 15 -2 1 183
 15 0 -1 346
 5 -4 -1 72
 5 3 -2 12
 5 -4 1 208
 5 3 -3 354
 55 -2 -1 7
 55 2 3 333
 55 4 -1 221
 55 -3 1 66
 5 -2 3 298
 55 -3 0 18
 5 3 2 39
 55 -1 -2 22
 55 1 -3 200
 55 0 -4 157
 55 0 4 50
 55 0 -3 334
 55 1 -2 73
 55 0 -2 301
 55 0 3 137
 55 -4 0 342
 55 -2 0 64
 55 -1 3 122
 55 -3 -1 258
 5 2 -3 80
 5 3 3 340
 55 1 3 227
 55 3 1 122
 55 2 -2 305
 "contig-ratio-green-core" 0.9333333333333333
 "contig-ratio-red-core" 0.7777777777777778
