 "a-count" 0
 "b-count" 23
 "c-color-count" 5
 "c-express-count" 5
 "d-color-count" 28
 "d-express-count" 28
 "cell-count" 56
 15 -2 0 118
 15 -1 -1 182
 15 -3 1 215
 15 -2 1 36
 15 2 -1 358
 15 -2 2 278
 15 1 1 79
 15 0 3 176
 15 0 0 190
 15 -4 -1 24
 15 3 1 49
 15 1 -1 48
 15 1 -2 78
 15 1 0 38
 15 2 1 331
 15 -3 0 298
 15 0 -2 114
 15 3 -1 187
 15 -3 -1 231
 15 2 -2 15
 15 -4 0 86
 15 0 -1 55
 15 3 0 334
 15 -1 3 103
 15 -4 1 165
 15 -2 -1 318
 15 2 0 185
 15 -1 0 347
 5 4 -1 92
 5 0 1 296
 5 2 -3 115
 55 -1 2 38
 5 4 1 35
 5 -2 3 243
 5 -1 1 43
 5 1 4 66
 55 0 2 194
 5 0 -3 136
 5 3 -3 264
 5 -3 2 45
 5 1 -3 110
 5 -3 -2 168
 5 3 3 173
 5 2 3 250
 5 1 3 287
 55 3 2 29
 5 -3 3 32
 5 0 4 264
 5 -1 4 14
 5 -3 -3 142
 5 3 -2 147
 55 1 2 57
 55 2 2 255
 5 -2 -2 264
 5 -1 -2 68
 5 -1 -3 71
 "contig-ratio-green-core" 1.2
 "contig-ratio-red-core" 0.23809523809523808
 "a-count" 0
 "b-count" 23
 "c-color-count" 5
 "c-express-count" 5
 "d-color-count" 28
 "d-express-count" 28
 "cell-count" 56
 15 -3 0 234
 15 -1 1 275
 15 -2 -2 32
 15 -2 1 8
 15 -4 0 219
 15 3 1 276
 15 2 -1 92
 15 2 0 30
 15 1 -1 78
 15 -1 -1 111
 15 -1 -2 347
 15 -3 1 143
 15 0 0 132
 15 0 -2 280
 15 1 0 22
 15 3 0 229
 15 2 2 99
 15 -1 0 215
 15 2 1 172
 15 4 1 220
 15 -2 -1 287
 15 -2 2 28
 15 0 -1 277
 15 -2 0 218
 15 0 1 202
 15 3 -2 241
 15 3 -1 234
 15 1 1 220
 5 2 3 61
 5 -4 -1 135
 5 1 -2 300
 5 -2 -3 256
 5 1 3 9
 55 0 -4 217
 5 3 2 355
 55 1 -4 120
 5 -1 -3 138
 5 -1 -4 235
 5 1 -3 323
 5 -2 3 7
 5 3 -3 343
 5 3 3 126
 5 0 -3 21
 55 0 2 153
 5 4 0 2
 5 -4 1 107
 55 -1 3 81
 5 -1 2 80
 5 2 -2 124
 5 4 -1 15
 5 0 4 344
 5 -3 3 1
 5 -1 4 244
 55 0 3 194
 5 -3 -2 187
 5 1 4 218
 "contig-ratio-green-core" 0.3333333333333333
 "contig-ratio-red-core" 0.05263157894736842
 "a-count" 0
 "b-count" 23
 "c-color-count" 5
 "c-express-count" 5
 "d-color-count" 28
 "d-express-count" 28
 "cell-count" 56
 15 -2 1 92
 15 -2 -4 178
 15 -1 -3 26
 15 3 1 226
 15 -1 -2 80
 15 -4 -1 282
 15 0 -3 36
 15 -5 -1 62
 15 1 -1 343
 15 0 0 141
 15 3 0 356
 15 0 -1 275
 15 2 1 108
 15 -3 0 4
 15 -1 -1 240
 15 -3 -3 253
 15 -2 2 172
 15 2 0 13
 15 2 2 215
 15 -1 0 219
 15 -2 3 307
 15 -1 1 213
 15 2 -1 178
 15 -2 0 307
 15 -2 -3 90
 15 3 -1 31
 15 1 0 143
 15 0 -2 155
 5 -3 1 124
 5 -4 0 327
 5 -1 3 114
 5 -1 -4 192
 5 2 -3 355
 5 -2 -2 286
 5 -2 -1 33
 5 -3 2 329
 5 0 2 299
 5 4 1 345
 55 1 2 237
 5 0 1 58
 5 -1 4 252
 5 1 4 256
 5 1 -3 192
 5 1 -4 222
 5 4 -1 241
 5 2 3 260
 5 1 -2 311
 55 1 3 161
 5 -3 -1 64
 55 3 -3 104
 5 3 -2 139
 55 1 1 67
 55 0 3 37
 5 2 -2 285
 5 -1 2 313
 5 -3 3 337
 "contig-ratio-green-core" 0.75
 "contig-ratio-red-core" 0.08333333333333333
 "a-count" 0
 "b-count" 23
 "c-color-count" 5
 "c-express-count" 5
 "d-color-count" 28
 "d-express-count" 28
 "cell-count" 56
 15 1 2 117
 15 1 -2 30
 15 -4 1 219
 15 1 1 290
 15 0 2 313
 15 3 -3 186
 15 3 0 94
 15 -3 2 16
 15 -1 3 197
 15 -2 1 119
 15 -2 0 81
 15 0 3 126
 15 -3 1 258
 15 2 -4 119
 15 0 -2 244
 15 2 -3 125
 15 3 -1 9
 15 2 -2 309
 15 0 1 311
 15 -4 2 219
 15 3 -2 108
 15 -1 4 164
 15 1 -3 277
 15 -1 2 187
 15 0 4 264
 15 2 1 142
 15 -1 1 194
 15 -2 2 178
 5 1 3 112
 5 -2 3 303
 5 2 -1 328
 5 4 1 201
 5 3 1 80
 55 0 -1 288
 5 -2 -2 339
 55 0 0 78
 55 1 0 253
 5 4 -1 126
 55 2 0 158
 5 1 -1 39
 5 -3 3 313
 5 -2 -3 77
 5 -3 0 25
 5 -1 -1 195
 5 0 -4 231
 5 -1 0 163
 55 0 -3 161
 5 -2 4 330
 5 -1 -4 151
 5 3 2 229
 5 -1 -2 212
 5 4 0 272
 5 -1 -3 245
 5 -3 -1 100
 5 1 -4 182
 5 -4 0 162
 "contig-ratio-green-core" 1.2
 "contig-ratio-red-core" 0.21739130434782608
