 "a-count" 0
 "b-count" 21
 "c-color-count" 7
 "c-express-count" 7
 "d-color-count" 28
 "d-express-count" 28
 "cell-count" 56
 15 0 3 3
 15 2 -1 314
 15 -3 -2 57
 15 1 0 141
 15 -1 -1 191
 15 -1 0 317
 15 1 1 310
 15 -1 3 51
 15 0 0 51
 15 -1 -3 304
 15 3 1 308
 15 -1 1 329
 15 -3 -1 88
 15 -2 -1 183
 15 2 2 233
 15 3 0 167
 15 0 2 242
 15 2 -3 356
 15 -1 -2 51
 15 2 0 341
 15 0 1 146
 15 -1 2 148
 15 -2 -2 270
 15 2 1 32
 15 2 -2 163
 15 1 2 307
 15 3 -1 69
 15 -2 3 39
 55 -5 1 104
 5 0 -3 87
 5 1 -4 72
 55 4 1 30
 5 3 -3 252
 5 4 -1 341
 5 0 -1 288
 5 0 4 54
 55 1 -1 191
 5 3 3 272
 55 3 -2 80
 5 0 -4 350
 5 1 -2 175
 5 1 3 36
 5 -4 -1 108
 5 0 -2 15
 5 1 4 129
 5 -4 0 75
 5 -1 4 16
 55 -3 1 309
 55 -4 1 105
 5 -3 -3 284
 5 4 0 143
 5 -2 1 45
 5 -2 -3 39
 5 -3 0 245
 5 -3 2 153
 55 3 2 319
 "contig-ratio-green-core" 1
 "contig-ratio-red-core" 0.18181818181818182
 "a-count" 0
 "b-count" 19
 "c-color-count" 9
 "c-express-count" 9
 "d-color-count" 28
 "d-express-count" 28
 "cell-count" 56
 15 2 1 324
 15 -1 -2 52
 15 0 -2 226
 15 1 2 103
 15 0 3 116
 15 3 2 118
 15 2 2 265
 15 1 -1 203
 15 -2 -2 134
 15 -4 0 100
 15 1 3 171
 15 -2 1 96
 15 3 1 220
 15 -1 -3 319
 15 0 2 334
 15 -3 0 117
 15 -2 0 73
 15 3 0 169
 15 -2 -1 189
 15 2 3 210
 15 1 -2 274
 15 0 -3 87
 15 -1 2 261
 15 -3 1 307
 15 -1 -4 226
 15 -1 3 290
 15 0 -1 354
 15 -1 -1 218
 5 -4 1 262
 5 3 -3 26
 5 -3 2 234
 55 3 -1 98
 5 2 0 201
 5 -3 3 303
 5 2 -3 22
 5 3 -2 72
 5 -2 2 97
 5 -2 3 78
 5 1 -3 142
 55 0 1 333
 55 -3 -1 41
 5 4 -1 34
 5 -2 -3 212
 5 0 4 262
 5 4 1 228
 55 1 1 354
 55 -1 0 84
 55 2 -1 97
 55 -3 -2 93
 55 1 0 58
 5 -3 -3 180
 5 4 0 19
 55 -1 1 130
 5 2 -2 252
 5 0 0 248
 5 -4 -1 40
 "contig-ratio-green-core" 1.375
 "contig-ratio-red-core" 0.36
 "a-count" 0
 "b-count" 21
 "c-color-count" 7
 "c-express-count" 7
 "d-color-count" 28
 "d-express-count" 28
 "cell-count" 56
 15 2 -2 55
 15 -1 0 309
 15 -3 0 340
 15 1 -1 98
 15 0 -1 40
 15 1 1 49
 15 -1 2 301
 15 2 0 304
 15 2 1 24
 15 1 3 130
 15 1 2 103
 15 1 -2 100
 15 -3 -1 319
 15 2 -1 353
 15 -3 -2 334
 15 0 4 132
 15 1 4 206
 15 0 0 245
 15 -4 0 304
 15 0 1 135
 15 0 2 340
 15 1 0 16
 15 0 -2 110
 15 -2 2 318
 15 -2 0 326
 15 0 3 178
 15 -2 1 213
 15 -1 1 69
 5 -2 3 140
 5 0 -3 263
 5 -4 1 58
 55 -1 4 213
 5 -1 3 91
 5 -2 -2 131
 5 -3 -3 194
 5 1 -4 293
 5 -1 -3 290
 5 0 -4 47
 5 4 1 200
 55 -1 -2 177
 5 -3 2 141
 5 4 -1 261
 5 2 2 251
 5 3 2 115
 5 3 -2 342
 55 -1 -1 126
 5 -2 -3 167
 55 -2 -1 126
 55 3 -1 94
 5 1 -3 216
 5 3 1 51
 55 4 0 228
 5 2 3 127
 55 3 0 157
 5 2 -3 234
 5 -3 1 308
 "contig-ratio-green-core" 1.1428571428571428
 "contig-ratio-red-core" 0.3
 "a-count" 0
 "b-count" 23
 "c-color-count" 5
 "c-express-count" 5
 "d-color-count" 28
 "d-express-count" 28
 "cell-count" 56
 15 0 0 98
 15 0 3 52
 15 0 1 35
 15 -1 0 53
 15 0 5 67
 15 -1 -3 304
 15 -1 1 256
 15 0 1 296
 15 -1 2 10
 15 -2 1 309
 15 -1 4 36
 15 0 4 321
 15 -1 3 99
 15 -3 1 358
 15 2 1 88
 15 1 2 168
 15 -3 2 1
 15 1 1 126
 15 -1 -2 253
 15 -1 0 10
 15 0 2 246
 15 2 2 152
 15 -1 -4 42
 15 -1 -1 243
 15 0 -1 224
 15 -2 0 138
 15 -2 2 298
 15 1 3 207
 55 2 -1 242
 55 1 -1 7
 5 3 -2 272
 5 3 -3 270
 5 -4 1 191
 5 3 0 229
 5 3 -1 201
 5 -3 -3 356
 5 -3 -1 127
 55 -3 -2 175
 5 -2 3 288
 55 1 0 245
 5 -4 -1 190
 5 1 -2 95
 5 4 0 322
 5 1 -3 270
 5 3 1 353
 5 0 -4 233
 5 2 -2 143
 5 -3 3 34
 5 2 3 247
 55 -1 5 204
 5 -4 0 179
 5 1 4 165
 5 -2 -1 350
 5 0 -3 249
 5 -2 -3 278
 5 2 -3 11
 "contig-ratio-green-core" 1
 "contig-ratio-red-core" 0.1875
