 "a-count" 0
 "b-count" 20
 "c-color-count" 8
 "c-express-count" 8
 "d-color-count" 28
 "d-express-count" 28
 "cell-count" 56
 15 1 2 78
 15 -4 -1 53
 15 1 0 176
 15 0 -4 146
 15 0 -1 351
 15 0 -2 234
 15 1 -2 294
 15 -2 -2 67
 15 -1 -2 38
 15 -1 -1 83
 15 3 0 162
 15 -4 0 100
 15 -1 -3 259
 15 0 1 159
 15 -1 2 188
 15 2 0 133
 15 2 -1 314
 15 0 -3 349
 15 1 -1 290
 15 -1 1 288
 15 0 0 233
 15 0 2 41
 15 -1 0 138
 15 -2 2 268
 15 -1 3 96
 15 3 1 64
 15 2 1 295
 15 1 1 349
 5 2 -2 149
 55 -2 0 127
 5 2 2 66
 5 -2 1 179
 55 -3 -1 208
 5 -3 2 257
 5 4 -1 172
 55 -2 -1 128
 5 -1 -4 347
 55 1 4 45
 5 1 -3 275
 5 4 0 73
 5 0 3 91
 5 -1 4 345
 5 -2 -3 169
 5 2 3 4
 55 -3 -2 220
 5 1 -4 214
 55 -3 0 204
 5 4 1 103
 55 -3 1 282
 55 0 4 60
 5 -3 -3 64
 5 3 -3 223
 5 3 3 183
 5 2 -3 99
 5 3 -2 334
 5 -2 3 323
 "contig-ratio-green-core" 0.7142857142857143
 "contig-ratio-red-core" 0.2777777777777778
 "a-count" 0
 "b-count" 22
 "c-color-count" 6
 "c-express-count" 6
 "d-color-count" 28
 "d-express-count" 28
 "cell-count" 56
 15 -2 0 164
 15 -2 2 270
 15 1 1 153
 15 0 -2 194
 15 1 3 343
 15 -2 1 191
 15 0 0 149
 15 -1 1 55
 15 -1 -1 341
 15 -1 -2 281
 15 0 1 152
 15 3 0 290
 15 1 0 13
 15 -3 -1 298
 15 -3 0 133
 15 2 2 279
 15 1 2 195
 15 -2 -1 287
 15 1 -1 106
 15 2 0 54
 15 3 2 345
 15 0 -1 289
 15 2 -1 337
 15 3 1 100
 15 -1 0 255
 15 -3 1 184
 15 1 -2 60
 15 -2 3 325
 5 -1 3 311
 5 -3 3 292
 5 1 4 36
 55 -4 1 151
 5 -1 2 204
 5 4 0 345
 5 4 1 218
 5 0 4 141
 55 -1 4 43
 5 4 -1 171
 5 -3 -3 98
 55 0 -4 253
 5 -3 -2 155
 5 -2 -3 160
 5 -1 -4 325
 5 -4 0 228
 55 2 -3 44
 5 1 -4 162
 55 0 -3 165
 5 3 -2 220
 5 0 2 26
 5 -2 -2 32
 55 1 -3 138
 5 2 -2 164
 5 0 3 219
 5 3 -3 337
 5 -1 -3 129
 5 3 3 48
 "contig-ratio-green-core" 0.5
 "contig-ratio-red-core" 0.17647058823529413
 "a-count" 0
 "b-count" 22
 "c-color-count" 6
 "c-express-count" 6
 "d-color-count" 28
 "d-express-count" 28
 "cell-count" 56
 15 1 3 347
 15 0 -1 135
 15 0 3 13
 15 0 -2 267
 15 -1 -2 177
 15 -2 0 265
 15 2 1 47
 15 1 1 259
 15 -4 1 316
 15 1 -2 194
 15 0 0 189
 15 -3 1 165
 15 3 -1 35
 15 0 1 80
 15 -1 0 34
 15 3 1 287
 15 3 0 326
 15 -1 4 180
 15 0 2 155
 15 2 -1 339
 15 -3 0 60
 15 0 4 46
 15 1 -1 339
 15 -1 -1 305
 15 1 0 355
 15 2 0 100
 15 1 2 164
 15 -3 2 43
 5 -1 3 55
 55 -2 3 58
 55 -2 -3 169
 5 -2 -2 74
 5 1 -3 256
 5 3 2 308
 5 2 -2 297
 5 -2 2 75
 5 4 -1 123
 5 2 3 8
 5 4 0 79
 55 3 -3 87
 5 -1 1 253
 5 2 2 281
 5 -3 3 138
 5 3 -2 352
 55 0 -3 147
 5 1 4 90
 5 1 -4 239
 5 0 -4 301
 5 -2 -1 74
 55 -1 -3 145
 5 -2 1 183
 5 4 1 293
 55 -4 -1 347
 5 3 3 182
 5 2 -3 93
 5 -3 -2 104
 "contig-ratio-green-core" 0.25
 "contig-ratio-red-core" 0.09523809523809523
 "a-count" 0
 "b-count" 23
 "c-color-count" 5
 "c-express-count" 5
 "d-color-count" 28
 "d-express-count" 28
 "cell-count" 56
 15 -2 -4 132
 15 2 0 169
 15 1 1 81
 15 -1 1 133
 15 -1 0 41
 15 0 -3 222
 15 1 -2 239
 15 0 2 269
 15 0 0 58
 15 2 1 239
 15 0 -2 210
 15 -2 1 8
 15 1 -1 156
 15 -2 2 275
 15 -2 0 289
 15 3 2 36
 15 0 3 9
 15 1 0 106
 15 0 -4 278
 15 3 1 216
 15 -1 -4 131
 15 -1 3 283
 15 1 -3 192
 15 0 -1 176
 15 -1 2 290
 15 -1 -3 117
 15 3 0 188
 15 0 1 229
 55 -1 -1 196
 5 4 0 196
 5 3 -3 161
 5 2 -1 332
 5 -4 1 248
 5 -3 -2 16
 5 -4 0 216
 5 2 -3 106
 5 4 1 89
 5 -2 -3 299
 55 -2 3 287
 5 -4 -1 179
 5 3 -2 47
 5 2 2 231
 5 -1 -2 12
 5 2 3 294
 5 3 -1 91
 5 1 4 162
 55 -3 -1 38
 5 1 3 132
 5 -3 0 94
 5 0 4 62
 5 -3 3 68
 55 -2 -1 64
 5 1 2 350
 5 -3 1 342
 5 -3 2 75
 55 -2 -2 156
 "contig-ratio-green-core" 1.6666666666666667
 "contig-ratio-red-core" 0.13636363636363635
