 "a-count" 0
 "b-count" 22
 "c-color-count" 6
 "c-express-count" 6
 "d-color-count" 28
 "d-express-count" 28
 "cell-count" 56
 15 2 1 318
 15 -2 1 342
 15 0 -1 250
 15 2 2 7
 15 3 1 59
 15 1 1 278
 15 2 0 129
 15 -1 -3 226
 15 0 1 332
 15 -1 2 264
 15 1 0 344
 15 1 -1 165
 15 -2 -3 315
 15 -1 -4 163
 15 0 -2 33
 15 -1 0 303
 15 1 2 349
 15 -2 2 234
 15 -1 -1 210
 15 4 0 67
 15 0 0 196
 15 3 0 324
 15 -1 1 302
 15 0 2 176
 15 2 -1 303
 15 -1 -2 264
 15 -3 2 136
 15 -2 0 51
 5 -4 -1 42
 5 1 3 275
 55 3 4 161
 55 2 -4 129
 5 -3 -1 225
 5 -3 1 297
 5 3 -2 353
 5 2 -2 42
 55 2 4 35
 5 -1 4 73
 5 1 -2 307
 5 -4 0 83
 5 -1 3 163
 5 -4 1 43
 5 3 -1 92
 55 2 3 138
 55 1 4 239
 5 -3 -2 103
 55 1 -4 186
 5 0 -4 73
 5 0 -3 43
 5 3 3 154
 5 4 1 353
 5 4 -1 244
 5 -3 -3 277
 5 -3 3 242
 5 -2 -1 72
 5 -3 0 112
 "contig-ratio-green-core" 0.2
 "contig-ratio-red-core" 0.05263157894736842
 "a-count" 0
 "b-count" 21
 "c-color-count" 7
 "c-express-count" 7
 "d-color-count" 28
 "d-express-count" 28
 "cell-count" 56
 15 -3 -1 319
 15 -4 1 124
 15 -3 0 119
 15 -2 0 22
 15 0 2 305
 15 3 1 347
 15 -1 0 213
 15 3 0 161
 15 -1 1 321
 15 -3 1 353
 15 -2 -2 28
 15 2 1 46
 15 1 2 127
 15 4 0 94
 15 1 0 242
 15 -1 2 214
 15 0 -1 138
 15 0 0 68
 15 5 1 9
 15 5 0 335
 15 4 1 255
 15 0 1 17
 15 1 1 253
 15 2 0 16
 15 4 -1 152
 15 -2 1 281
 15 -2 -1 187
 15 -1 -1 17
 55 -1 -3 76
 5 2 -3 18
 5 0 -3 341
 5 -3 -3 98
 55 0 3 23
 5 2 2 39
 55 -1 3 334
 5 -3 2 20
 5 1 -4 337
 5 3 -1 249
 5 1 -2 222
 5 -1 4 146
 5 1 3 124
 55 -1 -2 313
 55 -2 3 104
 5 1 -1 146
 5 0 -4 311
 5 1 -3 202
 5 0 4 251
 5 -2 2 101
 55 0 -2 211
 5 -1 -4 288
 5 -2 -3 331
 5 2 3 31
 5 2 -2 6
 5 -4 -1 264
 55 -3 3 215
 5 3 -2 262
 "contig-ratio-green-core" 0.8333333333333334
 "contig-ratio-red-core" 0.2
 "a-count" 0
 "b-count" 19
 "c-color-count" 9
 "c-express-count" 9
 "d-color-count" 28
 "d-express-count" 28
 "cell-count" 56
 15 -3 1 17
 15 -4 1 18
 15 -3 3 300
 15 1 0 254
 15 -1 -1 256
 15 1 -3 332
 15 -2 -2 207
 15 -2 -1 305
 15 -3 2 100
 15 2 1 205
 15 2 -2 203
 15 3 -1 152
 15 3 0 203
 15 -4 0 72
 15 1 1 219
 15 0 -1 207
 15 1 -2 20
 15 -1 -3 355
 15 1 2 222
 15 1 -1 306
 15 4 1 76
 15 0 -2 139
 15 0 -3 223
 15 -1 -2 35
 15 2 -1 151
 15 4 0 206
 15 2 0 291
 15 3 1 248
 5 0 3 260
 5 -1 0 15
 5 -4 -1 128
 5 -1 -4 193
 5 1 3 52
 5 -2 2 296
 55 -2 -3 210
 5 3 2 204
 5 2 2 259
 5 -1 4 319
 5 -3 0 218
 5 3 -2 290
 5 3 -3 176
 55 2 -3 191
 5 -2 0 322
 5 0 4 199
 55 -1 2 108
 55 -1 1 250
 5 1 -4 260
 5 3 3 16
 5 -2 3 321
 55 0 1 357
 55 -3 -3 30
 55 0 0 186
 5 -3 -1 247
 55 -2 1 41
 55 0 2 168
 5 -1 3 204
 "contig-ratio-green-core" 1.2857142857142858
 "contig-ratio-red-core" 0.3
 "a-count" 0
 "b-count" 20
 "c-color-count" 8
 "c-express-count" 8
 "d-color-count" 28
 "d-express-count" 28
 "cell-count" 56
 15 -3 -1 203
 15 -2 1 313
 15 1 3 354
 15 -1 -4 337
 15 2 0 43
 15 0 -1 220
 15 1 -2 252
 15 -2 0 108
 15 2 1 288
 15 -1 1 9
 15 -1 0 48
 15 0 1 215
 15 1 -1 90
 15 1 0 108
 15 -2 -1 224
 15 0 -3 56
 15 0 0 137
 15 3 1 186
 15 1 2 61
 15 1 1 63
 15 -3 0 23
 15 -1 -2 257
 15 0 2 102
 15 -4 -1 194
 15 -1 -1 319
 15 -1 -3 148
 15 0 -2 326
 15 0 3 315
 5 0 4 176
 5 2 -2 234
 5 -3 -3 89
 5 -4 0 87
 5 2 3 125
 5 2 2 358
 55 3 -1 43
 5 -2 3 90
 55 -2 2 17
 55 3 0 83
 5 -3 -2 331
 5 -4 1 157
 5 -1 4 214
 5 -2 -2 21
 55 -3 2 336
 5 3 -2 117
 5 3 -3 252
 5 0 -4 42
 5 -2 -3 34
 55 -3 1 47
 55 2 -1 179
 5 4 -1 183
 5 -3 3 263
 55 -1 3 56
 5 1 -3 8
 5 -2 -4 90
 55 -1 2 96
 5 3 2 267
 "contig-ratio-green-core" 1.1428571428571428
 "contig-ratio-red-core" 0.3157894736842105
