 "a-count" 0
 "b-count" 22
 "c-color-count" 6
 "c-express-count" 6
 "d-color-count" 28
 "d-express-count" 28
 "cell-count" 56
 15 1 2 83
 15 4 -1 149
 15 4 0 252
 15 -1 1 344
 15 0 4 76
 15 0 2 169
 15 -3 -2 110
 15 3 -1 248
 15 0 3 117
 15 1 3 234
 15 1 0 347
 15 3 0 282
 15 -1 2 229
 15 1 4 332
 15 -3 -1 30
 15 -1 3 123
 15 3 1 324
 15 0 1 199
 15 -1 4 182
 15 -2 3 341
 15 3 -2 4
 15 -1 0 133
 15 2 1 305
 15 0 -1 150
 15 0 0 263
 15 2 0 148
 15 1 1 221
 15 2 2 115
 5 2 -2 221
 55 3 -3 234
 5 -2 1 127
 5 -2 -1 43
 5 2 4 48
 5 -2 2 343
 5 0 -4 66
 5 0 -3 183
 5 2 -3 324
 55 -3 2 355
 5 1 -3 234
 5 1 -4 294
 5 -1 -3 146
 5 -3 1 242
 55 4 1 187
 55 3 2 257
 5 -1 -4 275
 5 -3 -3 187
 5 -3 0 251
 5 -1 -1 214
 5 -4 0 182
 5 2 3 139
 5 2 -1 71
 5 1 -2 281
 5 1 -1 69
 5 3 3 336
 55 -2 -2 265
 55 -1 -2 215
 "contig-ratio-green-core" 0.8
 "contig-ratio-red-core" 0.21052631578947367
 "a-count" 0
 "b-count" 21
 "c-color-count" 7
 "c-express-count" 7
 "d-color-count" 28
 "d-express-count" 28
 "cell-count" 56
 15 0 -2 268
 15 1 2 35
 15 1 -1 110
 15 0 1 326
 15 -2 -2 33
 15 4 1 67
 15 1 0 10
 15 -1 2 133
 15 -3 0 329
 15 0 2 118
 15 2 3 133
 15 1 -2 251
 15 -2 1 182
 15 1 3 273
 15 -4 0 34
 15 0 3 243
 15 -1 -2 193
 15 -2 -3 51
 15 2 2 228
 15 2 1 274
 15 2 0 198
 15 -1 3 228
 15 0 -1 339
 15 3 1 242
 15 0 0 147
 15 -1 1 287
 15 1 1 219
 15 -2 2 25
 5 -3 1 48
 5 -3 -3 160
 5 -1 4 209
 5 4 0 83
 5 3 3 205
 5 -4 -1 261
 5 0 -3 33
 55 0 4 254
 5 -3 -1 353
 5 -1 -1 123
 5 3 0 150
 5 4 -1 294
 55 3 -1 145
 5 1 -4 176
 5 0 -4 191
 55 2 -2 182
 55 -2 0 25
 5 2 -1 255
 5 -2 3 172
 55 -1 0 119
 5 -3 -2 343
 55 3 -2 80
 5 1 4 27
 5 3 2 155
 55 -2 -1 289
 5 2 -3 114
 5 3 -3 35
 5 1 -3 279
 "contig-ratio-green-core" 1.2
 "contig-ratio-red-core" 0.2631578947368421
 "a-count" 0
 "b-count" 21
 "c-color-count" 7
 "c-express-count" 7
 "d-color-count" 28
 "d-express-count" 28
 "cell-count" 56
 15 3 -1 259
 15 -2 0 342
 15 -1 -2 64
 15 4 0 230
 15 0 1 64
 15 -1 4 271
 15 -1 3 131
 15 -1 1 249
 15 -2 3 137
 15 0 -1 9
 15 -1 -1 93
 15 -2 -1 193
 15 0 -3 43
 15 2 0 211
 15 2 1 35
 15 -1 0 72
 15 1 -1 64
 15 1 1 152
 15 1 0 78
 15 2 -1 57
 15 1 -2 325
 15 3 1 64
 15 -1 -3 82
 15 3 0 143
 15 0 0 283
 15 0 2 88
 15 -1 2 326
 15 0 -2 315
 5 -3 -1 166
 5 -2 -3 201
 5 0 3 31
 5 3 2 275
 5 -3 -3 218
 5 1 3 80
 5 2 3 359
 55 1 -4 291
 55 0 -4 153
 5 0 4 91
 55 4 -1 66
 55 2 -4 19
 5 -3 2 36
 5 2 -2 346
 5 -2 2 272
 55 -4 0 63
 5 -1 -4 326
 5 1 2 341
 5 1 -3 115
 5 -2 -2 179
 5 -2 1 359
 55 -4 -1 225
 5 3 -2 168
 5 3 -3 279
 5 -3 3 185
 55 -4 1 340
 5 2 -3 347
 5 -3 -2 131
 "contig-ratio-green-core" 0
 "contig-ratio-red-core" 0.1111111111111111
