 "a-count" 0
 "b-count" 22
 "c-color-count" 6
 "c-express-count" 6
 "d-color-count" 28
 "d-express-count" 28
 "cell-count" 56
 15 0 0 326
 15 0 1 186
 15 1 4 282
 15 2 1 238
 15 -1 -1 180
 15 2 -1 126
 15 0 -1 281
 15 2 2 291
 15 -2 -3 144
 15 -1 -2 27
 15 1 3 355
 15 -2 -2 248
 15 4 -1 54
 15 2 0 18
 15 1 0 106
 15 -1 1 103
 15 3 -3 241
 15 1 2 119
 15 1 -1 284
 15 -1 0 290
 15 2 3 25
 15 0 -2 10
 15 -1 2 189
 15 -1 -3 284
 15 1 1 51
 15 1 -2 143
 15 3 2 357
 15 0 2 144
 5 2 -2 212
 5 1 -3 309
 5 -2 -1 179
 5 3 0 105
 5 -2 2 354
 5 -2 1 73
 5 -1 3 25
 5 1 -4 107
 55 0 -3 240
 55 0 -4 289
 5 3 -2 248
 55 -3 1 179
 5 3 -1 123
 5 -2 0 71
 5 4 0 241
 5 -1 -4 328
 55 -4 0 223
 5 -1 4 118
 5 -3 2 303
 5 2 -3 141
 5 0 3 54
 5 3 1 280
 5 3 3 314
 5 0 4 222
 5 -3 3 75
 55 -3 0 326
 5 -3 -2 307
 55 4 1 278
 "contig-ratio-green-core" 0.3333333333333333
 "contig-ratio-red-core" 0.058823529411764705
 "a-count" 0
 "b-count" 16
 "c-color-count" 12
 "c-express-count" 12
 "d-color-count" 28
 "d-express-count" 28
 "cell-count" 56
 15 -3 1 195
 15 -2 1 226
 15 0 -2 73
 15 3 0 3
 15 0 -4 303
 15 1 2 347
 15 -3 2 48
 15 1 -2 223
 15 2 0 262
 15 0 -3 56
 15 4 0 350
 15 2 1 31
 15 3 1 110
 15 -4 0 223
 15 -1 -3 303
 15 -2 0 8
 15 -3 0 326
 15 3 2 37
 15 -3 -1 231
 15 1 -3 171
 15 4 1 150
 15 -2 -1 77
 15 -4 1 247
 15 2 -3 228
 15 -1 -4 65
 15 -2 -4 72
 15 2 2 68
 15 3 -1 3
 55 -1 -1 168
 55 0 2 220
 5 0 4 32
 55 1 -1 353
 55 -2 2 150
 55 0 0 198
 5 -1 3 150
 5 1 3 84
 5 3 -2 36
 5 -2 3 135
 5 1 -4 145
 55 -1 2 336
 55 0 -1 87
 5 -2 -3 314
 55 1 0 336
 5 -4 -1 196
 5 3 -3 265
 5 2 -1 274
 55 -1 0 218
 5 2 3 255
 5 0 1 146
 55 -1 1 275
 5 -3 -2 18
 55 0 3 130
 55 1 1 324
 5 -1 -2 164
 5 -3 -3 15
 5 2 -2 72
 "contig-ratio-green-core" 1
 "contig-ratio-red-core" 0.391304347826087
 "a-count" 0
 "b-count" 23
 "c-color-count" 5
 "c-express-count" 5
 "d-color-count" 28
 "d-express-count" 28
 "cell-count" 56
 15 -3 0 36
 15 0 4 184
 15 1 3 181
 15 -3 1 223
 15 1 -4 51
 15 -1 0 155
 15 -3 -1 210
 15 -2 -1 283
 15 1 -3 188
 15 1 0 341
 15 -1 -2 31
 15 0 2 359
 15 -2 0 110
 15 1 -2 264
 15 -4 0 278
 15 0 -2 186
 15 1 -1 270
 15 0 0 228
 15 1 4 252
 15 1 2 295
 15 0 -1 353
 15 0 3 352
 15 2 1 188
 15 1 1 318
 15 -4 -1 332
 15 -1 -1 42
 15 0 1 221
 15 0 -3 17
 5 2 2 131
 5 -3 2 287
 5 -1 3 268
 5 2 0 77
 5 4 1 189
 5 -1 4 268
 5 -2 -2 203
 5 -1 2 274
 5 -1 -4 30
 5 3 -3 274
 5 2 3 22
 55 4 0 54
 5 -3 -3 201
 55 -1 1 213
 5 3 -2 104
 5 2 -1 26
 5 2 -2 116
 55 -1 -3 323
 5 2 -3 189
 5 3 -1 203
 5 -3 -2 239
 55 4 -1 272
 55 -2 1 223
 5 -4 1 269
 5 -2 2 43
 5 3 0 285
 5 -2 -3 94
 5 3 1 162
 "contig-ratio-green-core" 1.2
 "contig-ratio-red-core" 0.13636363636363635
 "a-count" 0
 "b-count" 20
 "c-color-count" 8
 "c-express-count" 8
 "d-color-count" 28
 "d-express-count" 28
 "cell-count" 56
 15 -1 3 167
 15 -1 -1 155
 15 -2 -3 137
 15 2 0 132
 15 -2 2 252
 15 0 -2 358
 15 3 0 32
 15 3 1 266
 15 -2 0 323
 15 0 3 182
 15 -1 -2 333
 15 1 3 297
 15 0 -1 255
 15 1 4 96
 15 2 4 269
 15 -1 2 134
 15 0 -3 219
 15 3 -1 63
 15 0 2 87
 15 -3 1 196
 15 2 -1 75
 15 -1 -3 212
 15 -2 1 286
 15 -1 4 132
 15 0 4 217
 15 -3 0 74
 15 0 5 246
 15 1 -1 262
 5 1 -2 71
 5 3 -2 161
 55 -3 -3 83
 5 2 -3 119
 55 1 2 268
 55 -1 0 97
 5 -4 0 143
 5 -2 -2 79
 5 -2 -1 265
 5 1 -3 67
 5 -4 1 204
 55 0 1 343
 55 1 1 299
 5 -2 3 211
 5 3 3 290
 5 3 2 258
 5 -3 -1 91
 55 -1 1 238
 5 0 0 80
 5 4 -1 39
 55 1 0 213
 5 4 1 55
 5 -3 -2 230
 5 2 -2 74
 5 2 3 260
 5 2 2 23
 5 1 -4 247
 55 2 1 302
 "contig-ratio-green-core" 1.4285714285714286
 "contig-ratio-red-core" 0.28
