 "a-count" 0
 "b-count" 18
 "c-color-count" 10
 "c-express-count" 10
 "d-color-count" 28
 "d-express-count" 28
 "cell-count" 56
 15 1 -2 225
 15 -1 2 61
 15 -2 2 359
 15 -4 1 341
 15 2 1 192
 15 -4 2 302
 15 -2 -2 99
 15 -1 3 295
 15 1 1 105
 15 -3 2 211
 15 -3 1 244
 15 -1 1 167
 15 -3 0 129
 15 -2 -3 76
 15 -2 1 159
 15 3 -1 318
 15 3 3 82
 15 -2 0 253
 15 -2 -1 150
 15 0 1 173
 15 0 -3 53
 15 -4 0 243
 15 1 -4 97
 15 0 0 99
 15 4 -1 70
 15 -1 -3 52
 15 -1 0 223
 15 0 2 74
 55 -1 -2 319
 5 3 -2 69
 55 0 -2 15
 55 -1 -1 31
 5 2 3 50
 55 2 0 47
 5 3 1 332
 5 -3 -2 98
 5 2 -2 191
 5 0 -4 191
 5 0 3 236
 5 2 2 218
 55 4 0 282
 5 -1 4 141
 55 0 -1 133
 5 1 -1 142
 5 1 -3 11
 55 -3 -3 109
 55 1 0 190
 5 -2 3 79
 5 1 4 177
 5 -1 -4 245
 5 3 -3 245
 5 1 2 301
 55 2 -1 168
 5 -4 -1 45
 5 2 -3 214
 55 4 1 78
 "contig-ratio-green-core" 1.2
 "contig-ratio-red-core" 0.5333333333333333
 "a-count" 0
 "b-count" 21
 "c-color-count" 7
 "c-express-count" 7
 "d-color-count" 28
 "d-express-count" 28
 "cell-count" 56
 15 1 2 131
 15 -1 0 253
 15 1 0 65
 15 -2 -3 229
 15 -1 1 204
 15 0 -4 16
 15 0 -2 169
 15 -2 2 283
 15 -2 0 68
 15 -3 1 353
 15 -2 1 35
 15 2 1 75
 15 0 1 131
 15 -4 -1 89
 15 2 2 56
 15 0 0 40
 15 1 1 145
 15 3 2 140
 15 3 1 95
 15 -1 -1 146
 15 3 0 148
 15 0 -1 86
 15 -1 -3 7
 15 0 -3 66
 15 2 0 197
 15 -2 -1 48
 15 1 -1 6
 15 -1 -2 293
 5 1 4 221
 55 2 3 40
 55 4 1 326
 5 -4 0 160
 5 -3 -2 135
 55 2 -3 65
 5 -3 -3 31
 5 1 -4 215
 5 -3 -1 136
 55 0 2 189
 5 -3 2 273
 5 -1 2 279
 5 1 -2 81
 5 -1 -4 185
 5 4 0 27
 5 3 3 279
 5 3 -2 293
 5 3 -3 310
 5 0 4 70
 5 -3 0 289
 5 3 -1 32
 55 2 -2 327
 55 1 3 183
 5 -2 3 190
 5 2 -1 45
 5 4 -1 290
 55 0 3 270
 5 -1 4 151
 "contig-ratio-green-core" 0.6
 "contig-ratio-red-core" 0.21052631578947367
 "a-count" 0
 "b-count" 23
 "c-color-count" 5
 "c-express-count" 5
 "d-color-count" 28
 "d-express-count" 28
 "cell-count" 56
 15 -3 2 133
 15 -1 2 275
 15 1 2 182
 15 -3 1 298
 15 1 -2 156
 15 3 1 214
 15 -2 1 287
 15 2 1 107
 15 0 -2 176
 15 0 -4 359
 15 -2 -3 19
 15 0 1 230
 15 2 2 345
 15 1 0 266
 15 -1 -3 297
 15 -1 -2 139
 15 1 -3 221
 15 2 -1 262
 15 0 2 90
 15 -1 1 149
 15 -1 -4 134
 15 0 -3 67
 15 -2 2 297
 15 -2 -4 264
 15 4 1 199
 15 1 1 218
 15 1 -1 229
 15 2 0 36
 5 -3 -2 228
 5 4 0 348
 5 2 3 103
 5 -3 -1 169
 5 -2 -1 59
 5 -2 -2 250
 55 0 -1 323
 5 1 3 74
 5 -3 -3 117
 5 1 4 214
 5 0 4 18
 5 -3 0 11
 5 -1 4 73
 5 3 -1 24
 5 3 -2 286
 5 -4 0 310
 55 -1 0 236
 5 -1 -1 191
 5 -4 -1 259
 5 3 -3 236
 55 -3 3 53
 5 3 3 62
 55 0 0 214
 5 -1 3 188
 55 2 -3 18
 5 1 -4 102
 5 3 2 122
 5 2 -2 240
 "contig-ratio-green-core" 1.5
 "contig-ratio-red-core" 0.21739130434782608
 "a-count" 0
 "b-count" 21
 "c-color-count" 7
 "c-express-count" 7
 "d-color-count" 28
 "d-express-count" 28
 "cell-count" 56
 15 -2 0 66
 15 2 -2 298
 15 -3 0 29
 15 -1 -3 19
 15 2 -1 94
 15 0 3 200
 15 1 0 35
 15 0 0 151
 15 -1 -2 229
 15 -2 -2 226
 15 -1 3 9
 15 2 0 139
 15 0 2 289
 15 -2 -1 267
 15 -1 0 119
 15 -1 -1 129
 15 0 -1 350
 15 -2 -3 107
 15 0 1 278
 15 1 1 90
 15 3 0 333
 15 -1 2 226
 15 -2 3 203
 15 1 -1 26
 15 -1 1 304
 15 1 4 40
 15 4 0 191
 15 0 4 9
 5 -3 1 250
 55 -4 0 60
 5 -2 1 28
 5 3 -1 208
 55 0 -4 168
 5 4 1 352
 5 0 -2 134
 55 1 -4 197
 55 2 1 26
 5 1 -3 160
 5 -4 1 353
 5 1 2 37
 55 0 -5 45
 5 3 2 98
 5 -3 3 108
 5 -3 -3 353
 5 2 2 340
 55 0 -3 132
 55 -4 -1 348
 5 1 3 46
 5 -1 -4 195
 5 3 -2 100
 5 -1 4 161
 5 3 -3 139
 5 -3 -1 7
 5 3 1 290
 5 -3 -2 154
 5 -2 2 314
 "contig-ratio-green-core" 0.6
 "contig-ratio-red-core" 0.13636363636363635
