 "a-count" 0
 "b-count" 23
 "c-color-count" 5
 "c-express-count" 5
 "d-color-count" 28
 "d-express-count" 28
 "cell-count" 56
 15 3 0 291
 15 -1 -3 261
 15 4 3 41
 15 1 -2 134
 15 -1 -2 59
 15 0 0 51
 15 2 -1 198
 15 2 0 353
 15 -2 3 309
 15 0 -2 64
 15 -1 -4 55
 15 -3 3 14
 15 1 0 246
 15 -2 -2 337
 15 -1 -1 248
 15 1 -1 108
 15 0 -4 248
 15 -1 1 121
 15 0 -3 153
 15 1 1 166
 15 -3 2 167
 15 3 -1 197
 15 3 3 204
 15 0 1 29
 15 -1 0 10
 15 -2 -3 304
 15 0 -1 3
 15 1 -3 252
 5 0 3 235
 5 -1 2 111
 5 4 -1 303
 5 3 -2 153
 5 -3 -1 99
 5 3 2 46
 5 -2 -1 247
 5 -2 0 277
 5 2 1 49
 55 4 0 71
 55 -3 0 178
 5 1 -4 280
 5 -3 -3 80
 5 2 -2 291
 5 1 4 309
 5 1 3 215
 5 3 1 101
 5 2 2 230
 5 -2 1 297
 5 -3 1 37
 5 -3 -2 13
 5 -4 -1 72
 55 -4 0 253
 55 -1 4 328
 5 2 -3 268
 5 -2 2 87
 5 0 2 283
 55 0 4 37
 "contig-ratio-green-core" 0.25
 "contig-ratio-red-core" 0.05
 "a-count" 0
 "b-count" 21
 "c-color-count" 7
 "c-express-count" 7
 "d-color-count" 28
 "d-express-count" 28
 "cell-count" 56
 15 1 3 24
 15 2 -1 47
 15 -3 0 333
 15 2 2 214
 15 1 2 348
 15 -1 -3 66
 15 -2 -2 80
 15 -2 -3 166
 15 -2 -1 326
 15 2 1 142
 15 0 2 332
 15 -1 -1 43
 15 1 -1 277
 15 -2 -4 102
 15 1 0 133
 15 -2 0 100
 15 0 -2 102
 15 0 3 274
 15 -1 -2 15
 15 2 0 116
 15 1 1 265
 15 0 1 113
 15 1 -2 299
 15 3 1 12
 15 0 0 20
 15 0 -1 308
 15 3 0 71
 15 -1 0 161
 55 4 1 161
 5 -4 -1 224
 5 -3 -2 196
 5 -3 3 38
 5 -1 4 120
 5 -2 1 181
 5 1 -4 13
 5 -3 1 21
 55 0 -4 61
 5 -3 -3 16
 55 0 -3 142
 5 2 3 181
 5 0 4 217
 5 -1 1 300
 55 -1 2 353
 5 -4 1 200
 5 3 3 30
 55 -1 3 313
 5 -2 3 25
 5 3 -1 46
 5 3 -2 158
 55 4 0 4
 5 1 4 49
 5 -1 -4 161
 5 2 -2 202
 5 -4 0 295
 5 1 -3 199
 55 -2 2 167
 "contig-ratio-green-core" 0.8571428571428571
 "contig-ratio-red-core" 0.2777777777777778
