 "a-count" 0
 "b-count" 21
 "c-color-count" 7
 "c-express-count" 7
 "d-color-count" 28
 "d-express-count" 28
 "cell-count" 56
 15 1 0 115
 15 -1 2 123
 15 1 2 122
 15 -1 0 63
 15 2 -1 106
 15 3 0 99
 15 2 0 194
 15 1 3 244
 15 0 -1 43
 15 -1 3 283
 15 0 1 252
 15 3 1 91
 15 -3 2 196
 15 0 2 192
 15 0 0 164
 15 3 -1 185
 15 0 3 223
 15 2 2 232
 15 2 1 135
 15 -1 1 90
 15 1 -1 12
 15 4 0 31
 15 4 1 164
 15 -1 -1 271
 15 1 1 239
 15 -2 2 73
 15 0 4 182
 15 -2 1 41
 5 -2 -2 338
 5 -4 0 203
 55 2 -3 4
 5 -1 -3 132
 5 -3 -2 76
 55 3 2 222
 5 2 3 280
 55 -3 0 287
 5 -1 4 335
 5 -1 -2 15
 5 -3 1 76
 5 -1 -4 320
 5 -2 -3 63
 5 3 3 227
 55 -3 -1 11
 55 0 -3 231
 5 3 -3 232
 5 -2 -1 32
 5 0 -4 135
 5 1 -2 234
 5 2 -2 339
 5 -3 -3 208
 5 0 -2 251
 5 -3 3 152
 55 1 4 254
 55 1 -3 283
 5 -2 0 110
 5 3 -2 266
 "contig-ratio-green-core" 0.5
 "contig-ratio-red-core" 0.125
 "a-count" 0
 "b-count" 22
 "c-color-count" 6
 "c-express-count" 6
 "d-color-count" 28
 "d-express-count" 28
 "cell-count" 56
 15 -1 -3 68
 15 -1 -2 227
 15 -2 0 302
 15 4 -1 315
 15 0 3 44
 15 0 0 103
 15 4 0 173
 15 -1 0 314
 15 -2 2 62
 15 0 2 134
 15 0 -2 22
 15 -2 1 19
 15 -3 1 144
 15 0 -1 61
 15 3 -1 70
 15 -1 -1 10
 15 3 1 82
 15 -1 2 351
 15 -1 1 351
 15 0 -3 115
 15 0 1 212
 15 -3 0 331
 15 3 0 316
 15 -2 -1 75
 15 4 2 184
 15 4 1 339
 15 -2 -2 186
 15 3 2 214
 5 -3 2 219
 5 -4 -1 196
 5 -3 -3 86
 55 2 1 323
 5 -4 0 188
 5 2 2 58
 5 3 -3 314
 5 -2 3 348
 5 -3 3 160
 5 -3 -1 323
 5 2 -3 285
 5 2 3 28
 5 -1 -4 37
 5 1 -4 29
 55 2 0 342
 5 1 -1 344
 5 0 4 216
 55 1 1 165
 5 1 -2 162
 55 1 2 316
 5 -3 -2 340
 5 -1 3 154
 5 1 0 10
 5 3 3 62
 5 2 -2 142
 5 1 3 90
 55 2 -1 171
 55 -2 -3 330
 "contig-ratio-green-core" 1.1666666666666667
 "contig-ratio-red-core" 0.2727272727272727
 "a-count" 0
 "b-count" 22
 "c-color-count" 6
 "c-express-count" 6
 "d-color-count" 28
 "d-express-count" 28
 "cell-count" 56
 15 2 1 354
 15 -3 1 259
 15 1 2 276
 15 -4 -1 47
 15 0 0 322
 15 5 -1 80
 15 0 -2 322
 15 -1 3 65
 15 -1 4 181
 15 -1 2 311
 15 -1 -1 289
 15 0 2 163
 15 -2 -2 338
 15 -4 0 188
 15 1 0 336
 15 -1 1 189
 15 1 1 217
 15 -1 -2 316
 15 0 1 88
 15 -2 2 202
 15 0 3 37
 15 0 -1 116
 15 -2 1 25
 15 2 0 118
 15 4 -1 355
 15 3 0 359
 15 -1 0 275
 15 0 -3 136
 5 1 3 158
 5 -3 3 359
 5 1 -4 14
 5 1 -2 23
 5 -1 -3 79
 55 -4 1 343
 5 2 3 273
 5 2 -2 75
 5 3 -2 24
 5 -2 -3 77
 5 4 0 10
 55 -3 -2 133
 55 -3 0 133
 5 3 2 344
 5 4 1 172
 5 3 1 355
 5 2 -3 229
 5 1 -1 30
 5 1 4 78
 5 -2 3 136
 55 -3 -1 198
 5 -3 -3 124
 55 -3 2 204
 5 3 -1 28
 55 -2 0 323
 5 2 2 272
 5 2 -1 106
 5 -2 -1 246
 "contig-ratio-green-core" 1.5
 "contig-ratio-red-core" 0.2727272727272727
 "a-count" 0
 "b-count" 21
 "c-color-count" 7
 "c-express-count" 7
 "d-color-count" 28
 "d-express-count" 28
 "cell-count" 56
 15 0 1 290
 15 0 -4 259
 15 4 1 59
 15 -1 1 265
 15 -2 1 219
 15 -1 2 187
 15 0 2 177
 15 -2 0 134
 15 1 -2 281
 15 0 -1 70
 15 4 0 161
 15 -2 -1 112
 15 3 3 135
 15 2 2 212
 15 0 0 91
 15 1 1 135
 15 0 -3 56
 15 -1 0 297
 15 1 0 46
 15 -1 -2 345
 15 0 3 59
 15 1 -1 50
 15 1 3 344
 15 1 2 85
 15 2 3 163
 15 1 -3 204
 15 -1 -1 82
 15 0 -2 265
 5 -2 2 271
 5 -2 -3 294
 5 -3 3 103
 55 2 0 129
 5 3 1 335
 5 1 4 195
 5 -3 -2 258
 55 -3 1 133
 5 2 -2 118
 5 3 -3 65
 5 3 2 101
 5 -2 3 186
 5 -1 -4 19
 5 -1 3 80
 55 3 0 155
 5 3 -2 345
 55 2 1 68
 5 -3 0 17
 5 3 -1 108
 5 2 -1 31
 5 4 -1 352
 5 -1 -3 325
 55 -3 -1 222
 5 -4 0 16
 55 -4 1 148
 55 -3 2 295
 5 2 -3 232
 5 -2 -2 121
 "contig-ratio-green-core" 0.8333333333333334
 "contig-ratio-red-core" 0.2631578947368421
