 "a-count" 0
 "b-count" 20
 "c-color-count" 8
 "c-express-count" 8
 "d-color-count" 28
 "d-express-count" 28
 "cell-count" 56
 15 0 3 121
 15 2 2 0
 15 0 4 67
 15 -2 -1 111
 15 1 -1 337
 15 -1 -3 147
 15 1 3 264
 15 1 4 258
 15 2 -1 278
 15 2 1 253
 15 0 -1 36
 15 2 3 359
 15 1 -2 204
 15 2 0 135
 15 -2 3 42
 15 3 -1 245
 15 -1 3 119
 15 3 0 349
 15 -4 -1 257
 15 -3 2 90
 15 0 0 218
 15 1 0 116
 15 -1 4 55
 15 -3 -1 25
 15 -1 -1 263
 15 -1 -2 157
 15 -2 2 88
 15 0 -2 64
 55 -1 1 89
 55 -3 0 105
 5 1 -3 64
 5 0 1 272
 5 3 -3 187
 5 4 -1 79
 55 -2 0 44
 5 -1 2 12
 5 -3 -2 162
 55 -2 1 312
 5 -3 -3 30
 5 0 -4 42
 55 3 -2 287
 55 1 2 7
 5 -1 -4 322
 5 -3 1 208
 55 3 2 132
 5 0 2 287
 5 -1 0 38
 5 -2 -3 60
 5 2 -3 225
 5 3 1 176
 5 3 3 87
 5 0 -3 69
 55 1 1 164
 5 -4 1 33
 5 4 1 89
 5 4 0 278
 "contig-ratio-green-core" 1.3333333333333333
 "contig-ratio-red-core" 0.19047619047619047
 "a-count" 0
 "b-count" 20
 "c-color-count" 8
 "c-express-count" 8
 "d-color-count" 28
 "d-express-count" 28
 "cell-count" 56
 15 -2 -1 316
 15 2 -1 320
 15 -2 0 76
 15 -1 -1 208
 15 -1 -3 258
 15 1 -4 304
 15 1 -1 192
 15 0 -2 217
 15 0 -1 205
 15 1 0 56
 15 -1 1 281
 15 0 1 257
 15 2 0 139
 15 -1 -2 331
 15 0 -3 340
 15 1 -2 212
 15 -1 0 48
 15 1 1 216
 15 -1 3 59
 15 2 1 299
 15 2 2 217
 15 2 -2 184
 15 1 -3 206
 15 0 2 47
 15 1 2 267
 15 0 0 270
 15 0 -4 208
 15 4 0 56
 55 3 1 287
 5 -2 3 268
 5 4 1 87
 5 3 -1 284
 5 3 -3 267
 55 -3 1 176
 55 -4 1 61
 5 0 3 352
 5 -2 2 61
 55 3 2 215
 5 0 4 235
 55 3 0 357
 5 -3 -2 340
 5 -1 4 208
 5 2 -3 305
 55 -3 2 148
 5 -2 -2 244
 5 -1 2 212
 55 -4 -1 339
 5 -3 -1 226
 5 -3 -3 147
 5 1 4 332
 5 -3 0 100
 5 -2 1 85
 5 2 3 252
 55 -4 0 55
 5 3 -2 205
 5 4 -1 323
 "contig-ratio-green-core" 0.3333333333333333
 "contig-ratio-red-core" 0.2
 "a-count" 0
 "b-count" 22
 "c-color-count" 6
 "c-express-count" 6
 "d-color-count" 28
 "d-express-count" 28
 "cell-count" 56
 15 -4 -1 153
 15 1 1 132
 15 -1 2 63
 15 3 2 115
 15 -1 -1 104
 15 2 0 335
 15 -4 1 130
 15 1 2 190
 15 0 2 154
 15 1 -1 64
 15 -4 0 118
 15 -1 1 93
 15 1 -2 71
 15 2 1 6
 15 0 -1 150
 15 1 3 329
 15 0 1 118
 15 -4 -2 81
 15 -4 2 77
 15 -1 0 131
 15 -2 0 291
 15 1 0 173
 15 -3 0 299
 15 3 -3 76
 15 -1 -2 319
 15 0 -2 54
 15 2 2 256
 15 0 0 211
 55 -2 -4 264
 5 0 4 275
 55 2 -2 203
 5 1 -4 199
 5 3 -1 144
 5 -2 -2 300
 5 -2 -1 91
 5 2 -3 239
 5 2 3 240
 55 0 3 191
 5 -3 1 221
 5 4 -1 150
 55 3 -2 160
 5 -2 1 180
 5 3 0 296
 5 -2 2 128
 5 0 -3 4
 5 -2 -3 130
 55 -1 -4 204
 5 -1 -3 323
 55 2 -1 92
 5 4 1 101
 5 -3 -1 18
 5 -3 3 23
 5 1 -3 234
 5 -2 3 101
 5 3 1 161
 5 1 4 271
 "contig-ratio-green-core" 1
 "contig-ratio-red-core" 0.1875
 "a-count" 0
 "b-count" 21
 "c-color-count" 7
 "c-express-count" 7
 "d-color-count" 28
 "d-express-count" 28
 "cell-count" 56
 15 -1 -2 196
 15 -2 -2 167
 15 3 -1 37
 15 2 0 23
 15 0 -2 96
 15 3 0 251
 15 4 1 155
 15 0 0 121
 15 1 0 343
 15 4 0 39
 15 -2 2 99
 15 -2 -4 301
 15 -1 1 210
 15 2 -1 41
 15 0 1 172
 15 -2 1 334
 15 -1 0 144
 15 -2 -3 352
 15 -3 2 203
 15 -3 1 250
 15 1 -1 147
 15 -2 0 1
 15 -2 -1 284
 15 -1 -1 56
 15 0 -1 176
 15 -1 2 108
 15 -1 -3 320
 15 -3 0 337
 55 2 -2 358
 5 -4 0 331
 5 1 -3 323
 5 2 -3 106
 5 -4 1 60
 5 -2 3 219
 5 1 1 178
 55 -3 -1 262
 55 0 3 42
 5 -3 3 164
 5 -4 -1 232
 5 3 3 64
 5 0 -4 206
 5 3 -3 147
 5 -3 -3 81
 55 3 -2 223
 55 -1 3 268
 5 2 3 24
 5 4 -1 176
 5 2 2 7
 5 3 2 186
 5 1 2 26
 5 1 4 324
 55 3 1 267
 55 1 3 205
 5 1 -2 134
 5 -3 -2 208
 5 0 2 245
 "contig-ratio-green-core" 1.2
 "contig-ratio-red-core" 0.25
