 "a-count" 6
 "b-count" 6
 "c-color-count" 23
 "c-express-count" 22
 "d-color-count" 22
 "d-express-count" 22
 "cell-count" 56
 105 0 -1 181
 15 -2 1 108
 15 -2 -1 319
 15 -3 0 148
 105 1 4 31
 15 1 -1 331
 105 -2 3 296
 15 1 2 302
 15 2 -1 54
 105 -3 2 30
 15 -1 -1 166
 15 1 -2 66
 15 -3 -1 332
 15 0 0 221
 15 -3 1 33
 15 1 3 298
 15 -1 1 353
 15 0 -3 173
 105 -4 1 135
 15 0 1 101
 15 1 1 62
 15 1 0 296
 105 2 3 274
 15 0 -2 24
 15 2 0 156
 15 -1 -2 110
 15 2 1 192
 15 -2 0 31
 55 -1 -3 299
 55 4 0 49
 55 -2 2 12
 5 3 -2 170
 55 -1 3 41
 55 -4 -1 351
 55 -2 -2 310
 5 3 -3 293
 5 -1 -4 64
 55 3 0 191
 55 -1 4 13
 55 -2 -3 157
 55 0 -4 242
 55 4 -1 75
 55 -3 -2 342
 55 -3 3 322
 55 3 1 11
 55 -1 2 175
 55 2 2 320
 55 1 -4 206
 55 -3 -3 140
 5 0 4 333
 55 2 -2 358
 55 0 3 12
 55 3 2 113
 55 4 1 268
 5 3 3 200
 55 1 -3 108
 "contig-ratio-green-core" 0.6
 "contig-ratio-red-core" 0.8
 "a-count" 5
 "b-count" 6
 "c-color-count" 22
 "c-express-count" 22
 "d-color-count" 23
 "d-express-count" 23
 "cell-count" 56
 15 0 -3 256
 15 -1 -1 336
 105 1 -2 263
 15 0 -2 122
 15 -1 0 346
 15 -1 -4 121
 15 2 1 40
 15 1 1 103
 15 0 0 101
 15 1 3 131
 15 2 -1 112
 15 -2 1 274
 105 2 -2 99
 15 0 1 346
 15 -1 2 34
 15 0 2 328
 15 2 0 322
 15 3 -2 289
 105 2 -3 162
 15 1 -1 70
 105 4 1 70
 105 4 -1 212
 15 1 2 179
 15 1 0 56
 15 0 -4 296
 15 -4 0 326
 15 -2 2 268
 15 3 0 210
 5 -3 -2 223
 55 0 4 228
 55 1 -4 241
 55 4 0 348
 5 -4 1 212
 55 -3 -3 66
 55 1 4 63
 5 3 2 19
 55 -3 0 247
 5 -2 3 224
 55 3 -3 239
 5 3 -1 23
 55 1 -3 212
 55 2 2 129
 55 -3 2 358
 55 -2 -2 205
 55 -1 3 67
 55 -4 -1 113
 55 -1 -3 315
 5 -3 -1 127
 55 -3 3 109
 55 3 1 132
 55 -2 0 221
 55 -1 4 192
 55 2 3 256
 55 -1 -2 132
 55 0 3 253
 55 -2 -1 123
 "contig-ratio-green-core" 0.75
 "contig-ratio-red-core" 0.7647058823529411
 "a-count" 9
 "b-count" 6
 "c-color-count" 22
 "c-express-count" 22
 "d-color-count" 20
 "d-express-count" 19
 "cell-count" 56
 15 1 1 20
 15 2 3 189
 15 -1 -1 291
 15 0 3 273
 15 0 -1 328
 15 -3 -2 27
 15 -2 1 232
 15 1 -1 226
 105 0 0 262
 105 -2 -3 214
 15 1 0 124
 15 -3 0 182
 15 2 1 171
 15 0 2 31
 105 -3 3 100
 105 -3 -1 303
 15 3 1 74
 105 1 4 353
 15 1 -2 338
 105 -1 4 346
 15 -1 1 289
 15 -1 0 101
 105 1 2 50
 15 -1 -2 191
 105 -2 2 170
 15 2 0 61
 15 -2 -1 165
 15 0 1 86
 5 3 -2 123
 55 -4 -2 53
 55 -2 -2 167
 55 3 3 311
 55 0 -3 115
 55 3 -1 13
 55 -1 2 258
 5 -2 3 217
 55 0 -4 4
 55 -3 1 280
 55 1 3 118
 55 4 1 79
 55 3 -3 254
 55 -1 -4 261
 5 1 -4 312
 55 2 2 314
 5 -4 1 128
 55 -1 -3 242
 55 2 -1 358
 55 2 -2 13
 5 2 -3 190
 5 0 -2 258
 55 -3 2 230
 55 -1 3 163
 55 3 2 209
 55 0 4 216
 55 3 0 220
 55 1 -3 9
 "contig-ratio-green-core" 0.75
 "contig-ratio-red-core" 1.0714285714285714
 "a-count" 5
 "b-count" 5
 "c-color-count" 23
 "c-express-count" 23
 "d-color-count" 24
 "d-express-count" 23
 "cell-count" 56
 15 -2 -1 358
 15 0 1 38
 105 2 0 264
 15 0 2 33
 15 2 1 179
 105 -4 0 62
 15 3 2 268
 15 2 -1 222
 15 3 0 224
 15 1 0 61
 15 -2 1 172
 105 -3 3 216
 15 3 -1 219
 15 -1 1 201
 15 1 2 174
 15 0 -1 4
 15 1 -1 74
 15 3 1 47
 15 0 0 166
 15 -1 -1 26
 15 2 2 331
 105 -3 -2 129
 15 -2 3 153
 15 0 -2 183
 15 -2 -2 345
 15 -1 0 270
 15 -2 0 293
 15 1 -2 72
 55 3 -3 324
 55 -1 4 271
 55 -3 1 330
 5 2 3 58
 55 1 -3 95
 55 -3 2 354
 55 2 -3 332
 55 4 0 156
 55 0 -3 355
 55 -1 -2 88
 55 -1 2 355
 55 4 -1 255
 55 -3 -3 82
 55 1 -4 104
 55 1 3 126
 55 -3 -1 340
 5 3 -2 254
 55 -2 -3 23
 55 1 4 326
 55 0 -4 197
 55 -1 -3 143
 5 -4 1 40
 55 2 -2 188
 55 -3 0 346
 55 -2 2 202
 55 4 1 228
 5 -1 -4 40
 5 -1 3 106
 "contig-ratio-green-core" 0.6666666666666666
 "contig-ratio-red-core" 0.6842105263157895
