 "a-count" 5
 "b-count" 5
 "c-color-count" 23
 "c-express-count" 23
 "d-color-count" 24
 "d-express-count" 23
 "cell-count" 56
 15 1 0 159
 15 2 0 155
 15 0 3 141
 105 -3 0 179
 15 -1 -1 7
 105 -1 0 50
 15 4 0 3
 15 0 -2 175
 105 0 2 163
 15 -1 1 209
 15 1 -1 71
 15 -1 -2 340
 15 2 -1 217
 15 -2 1 151
 15 0 0 216
 15 0 1 237
 15 -2 -1 139
 15 -1 2 77
 15 -3 -1 317
 15 2 2 115
 15 -2 2 198
 15 1 2 8
 15 0 -1 37
 15 1 1 320
 15 2 1 335
 15 -2 0 63
 105 0 -4 40
 15 -3 1 167
 5 3 2 4
 55 -1 -3 359
 55 4 -1 266
 55 -3 -2 357
 55 2 3 121
 5 -2 -3 335
 55 1 3 325
 55 3 -3 322
 55 2 -2 243
 55 -1 -4 299
 55 3 -2 211
 55 -4 -1 41
 55 0 -3 269
 55 -3 2 91
 55 3 1 315
 55 -4 0 49
 55 -2 -2 309
 55 1 -2 120
 5 -2 3 323
 55 0 4 194
 5 3 -1 242
 55 1 -3 201
 55 -4 1 118
 55 -1 3 223
 55 2 -3 332
 55 1 4 201
 5 3 0 83
 55 -3 -3 349
 "contig-ratio-green-core" 0.631578947368421
 "contig-ratio-red-core" 1
 "a-count" 5
 "b-count" 6
 "c-color-count" 23
 "c-express-count" 22
 "d-color-count" 25
 "d-express-count" 23
 "cell-count" 56
 15 0 4 167
 15 -1 -3 38
 15 3 0 295
 15 4 0 147
 105 -3 3 80
 15 1 2 191
 15 0 -2 90
 15 -1 -2 277
 15 -1 1 315
 15 -3 1 180
 15 2 0 241
 15 1 -1 187
 15 3 1 229
 15 -1 2 100
 15 1 1 212
 15 1 0 135
 15 0 -1 100
 105 1 4 117
 15 -1 0 49
 15 0 2 195
 15 2 -1 184
 15 0 1 48
 15 2 1 298
 15 0 0 205
 15 2 -2 251
 105 -3 0 0
 15 3 -1 136
 15 -2 1 3
 55 2 3 167
 55 2 2 349
 55 4 1 322
 55 3 -2 149
 5 4 -1 58
 5 1 -2 293
 55 2 -3 207
 55 3 2 89
 55 -2 -2 270
 55 1 -4 118
 55 0 -4 115
 5 -3 -3 282
 55 -2 3 113
 5 3 -3 354
 55 -4 0 333
 55 -1 4 319
 55 -2 2 297
 55 -3 2 89
 55 -1 3 120
 55 3 3 300
 55 -1 -1 194
 5 -4 -1 314
 55 1 3 93
 55 -2 -3 18
 55 -3 -2 273
 55 -1 -4 231
 55 -4 1 112
 55 -3 -1 35
 "contig-ratio-green-core" 0.5789473684210527
 "contig-ratio-red-core" 0.9375
 "a-count" 4
 "b-count" 3
 "c-color-count" 26
 "c-express-count" 25
 "d-color-count" 25
 "d-express-count" 24
 "cell-count" 56
 15 1 1 194
 15 -1 -2 218
 15 2 2 340
 15 0 -3 82
 15 2 -1 2
 15 0 1 129
 15 2 1 321
 15 0 -1 16
 15 1 -3 254
 15 2 0 55
 15 1 -1 96
 15 0 3 269
 105 -3 -3 272
 105 -2 -3 181
 15 0 0 204
 15 -2 0 197
 105 1 0 280
 15 0 -2 287
 15 1 2 98
 15 3 -2 115
 15 -3 0 143
 15 -1 1 122
 15 -1 0 2
 15 -1 -1 72
 15 -2 3 266
 15 -1 3 183
 15 1 -2 207
 15 -1 2 267
 55 -2 2 198
 55 1 -4 305
 55 2 -2 168
 55 -4 0 155
 55 0 -4 130
 55 1 3 106
 55 -1 -3 0
 55 2 3 338
 55 -3 -1 122
 55 0 4 186
 55 -1 -4 269
 55 -3 -2 126
 55 4 -1 7
 55 1 4 292
 55 -3 2 353
 55 -2 -1 21
 55 3 -3 290
 55 -2 1 256
 55 2 -3 20
 55 -3 3 133
 5 3 1 122
 55 3 0 216
 55 -1 4 51
 55 -3 1 5
 55 4 0 21
 55 3 -1 305
 55 -4 -1 43
 5 3 2 254
 "contig-ratio-green-core" 0.7083333333333334
 "contig-ratio-red-core" 1.125
 "a-count" 8
 "b-count" 7
 "c-color-count" 23
 "c-express-count" 21
 "d-color-count" 22
 "d-express-count" 20
 "cell-count" 56
 105 0 -1 139
 15 -2 0 109
 15 -4 0 120
 15 -1 1 12
 15 -1 -2 75
 105 0 -2 185
 105 -3 2 331
 105 -3 -2 316
 15 0 -3 55
 15 1 0 208
 15 -3 0 28
 105 0 -4 305
 105 -1 0 302
 15 0 1 321
 15 -1 -1 308
 15 1 -2 150
 15 0 0 89
 15 -2 -1 7
 15 1 -1 21
 15 2 0 79
 15 -1 4 164
 15 0 2 152
 15 3 3 193
 15 -2 1 148
 15 1 1 347
 15 1 2 185
 15 1 -4 201
 15 2 1 228
 55 -3 1 290
 55 3 -3 7
 55 3 0 226
 55 2 -3 124
 55 2 2 168
 55 1 -3 218
 55 -1 -4 139
 55 -4 -1 66
 55 3 -1 225
 55 -1 2 85
 5 3 1 225
 55 3 -2 122
 55 -2 2 38
 55 -2 -3 10
 55 4 1 328
 55 2 3 301
 55 4 -1 44
 55 -1 3 29
 55 -2 -2 307
 5 3 2 66
 55 -3 3 133
 55 0 3 40
 5 2 -1 147
 5 -3 -1 328
 55 -3 -3 158
 5 0 4 29
 55 -4 1 128
 55 -1 -3 66
 "contig-ratio-green-core" 0.7777777777777778
 "contig-ratio-red-core" 0.9166666666666666
