 "a-count" 7
 "b-count" 5
 "c-color-count" 24
 "c-express-count" 23
 "d-color-count" 23
 "d-express-count" 21
 "cell-count" 56
 15 -1 2 267
 15 -2 0 264
 15 1 -1 146
 15 0 1 37
 15 2 -1 117
 105 -3 0 257
 15 3 -1 81
 15 1 0 146
 15 0 0 306
 15 1 1 10
 105 4 -1 121
 15 -2 -2 129
 15 -1 1 39
 15 -1 0 299
 105 -2 -1 48
 15 1 4 156
 15 -1 -1 287
 105 2 2 222
 15 0 2 25
 15 2 -3 353
 15 -1 -2 16
 15 3 1 255
 15 0 3 238
 105 2 1 300
 15 3 0 91
 15 0 -1 270
 15 2 0 136
 15 1 2 289
 55 1 -3 105
 55 1 3 132
 55 -1 4 123
 55 1 -2 312
 5 -3 2 64
 55 0 -4 83
 55 -2 2 137
 55 3 -3 278
 55 -3 3 86
 55 -1 -4 23
 55 4 0 47
 5 4 1 320
 55 -3 -2 94
 55 -1 3 147
 55 -3 1 77
 55 3 -2 47
 55 0 -2 45
 55 -1 -3 32
 55 3 3 17
 55 3 2 268
 55 -4 0 222
 55 1 -4 98
 55 0 4 40
 55 2 3 327
 5 -3 -1 174
 5 -3 -3 325
 55 -2 -3 359
 55 -2 3 218
 "contig-ratio-green-core" 0.6111111111111112
 "contig-ratio-red-core" 0.9230769230769231
 "a-count" 4
 "b-count" 4
 "c-color-count" 24
 "c-express-count" 24
 "d-color-count" 24
 "d-express-count" 24
 "cell-count" 56
 15 -1 -2 195
 105 0 -1 152
 15 1 -1 138
 15 2 -1 150
 15 1 2 271
 15 -2 1 208
 15 2 1 90
 15 -2 0 143
 15 -3 0 5
 15 0 0 21
 15 0 2 130
 15 1 1 107
 15 -1 -1 205
 105 2 3 359
 15 2 0 113
 15 -3 -1 240
 15 -1 2 286
 15 2 -2 265
 15 0 1 197
 15 -3 1 195
 15 1 -2 91
 105 -2 3 254
 15 1 -3 127
 15 -1 1 153
 15 -2 -1 234
 15 0 -2 1
 105 -4 1 41
 15 -1 0 72
 55 -1 -4 77
 55 -1 3 218
 55 4 -1 328
 55 -3 -3 260
 55 0 4 282
 5 3 1 225
 55 0 -4 95
 5 1 4 325
 55 -1 4 180
 55 4 0 63
 55 0 -3 336
 55 3 3 310
 55 -2 -2 84
 55 2 2 68
 55 -3 2 111
 5 -4 -1 208
 55 -1 -3 287
 55 -2 -3 344
 55 1 -4 241
 55 3 -2 199
 5 -3 -2 78
 55 2 -3 43
 55 -2 2 285
 55 3 2 334
 55 3 0 314
 55 -4 0 234
 55 0 3 130
 55 3 -1 188
 "contig-ratio-green-core" 0.6086956521739131
 "contig-ratio-red-core" 0.7647058823529411
 "a-count" 3
 "b-count" 4
 "c-color-count" 24
 "c-express-count" 24
 "d-color-count" 25
 "d-express-count" 25
 "cell-count" 56
 15 2 0 253
 15 2 -1 191
 15 1 1 255
 15 3 3 35
 15 0 0 276
 15 -1 2 314
 15 1 0 239
 15 1 2 234
 15 0 -1 208
 15 3 0 166
 15 -1 0 138
 15 -2 1 69
 15 0 3 286
 105 -3 3 101
 15 1 -1 172
 15 0 -2 237
 15 -2 0 263
 105 -3 0 61
 15 -1 -2 116
 105 -3 -2 334
 15 -2 -2 164
 15 0 1 163
 15 1 -2 144
 15 -2 -1 8
 15 -1 1 234
 15 -1 -1 336
 15 2 1 314
 15 3 1 178
 5 -3 2 8
 5 3 2 336
 55 -3 -3 344
 55 -3 -1 247
 55 -3 1 37
 55 3 -1 37
 55 0 4 207
 55 2 -2 222
 55 -2 2 339
 55 -1 3 139
 55 -1 4 191
 55 2 2 180
 55 1 3 282
 55 1 -4 327
 55 1 -3 177
 55 0 -3 224
 55 3 -2 160
 55 4 0 178
 55 0 -4 319
 5 2 -3 100
 5 -4 0 198
 55 -2 -3 143
 55 -1 -4 177
 55 3 -3 240
 55 -1 -3 111
 55 2 3 264
 55 4 -1 255
 55 -4 1 275
 "contig-ratio-green-core" 0.5
 "contig-ratio-red-core" 1
 "a-count" 4
 "b-count" 10
 "c-color-count" 18
 "c-express-count" 18
 "d-color-count" 25
 "d-express-count" 24
 "cell-count" 56
 15 2 -1 329
 15 0 -1 208
 15 3 1 214
 15 1 -2 218
 15 -2 -2 325
 105 -1 0 239
 105 -3 1 59
 15 2 0 118
 15 1 1 313
 15 -1 2 50
 105 0 2 262
 15 0 -4 165
 15 0 1 237
 15 1 -3 153
 15 1 2 46
 15 2 1 320
 15 1 0 164
 15 0 3 353
 15 -2 -1 170
 15 -3 0 338
 15 -1 1 64
 15 -1 -2 111
 15 0 -2 70
 15 -1 -1 56
 15 0 0 52
 15 1 -1 103
 15 0 -3 230
 15 -2 0 76
 55 -1 -3 197
 55 -3 -2 338
 55 -4 0 92
 5 3 -2 197
 5 -1 -4 220
 5 4 -1 237
 55 -3 3 98
 55 1 3 316
 5 3 -3 159
 55 3 -1 161
 5 3 0 59
 5 1 4 182
 5 -4 1 92
 55 -2 3 39
 55 -1 3 283
 55 1 -4 274
 55 2 2 148
 5 4 0 342
 55 -3 -1 73
 55 3 2 284
 55 -2 1 284
 55 0 4 276
 55 -4 -1 131
 55 2 -2 87
 55 -2 -3 129
 5 2 3 172
 55 -3 -3 84
 5 3 3 326
 "contig-ratio-green-core" 0.9166666666666666
 "contig-ratio-red-core" 0.8235294117647058
