 "a-count" 2
 "b-count" 6
 "c-color-count" 22
 "c-express-count" 22
 "d-color-count" 26
 "d-express-count" 26
 "cell-count" 56
 15 2 -2 93
 15 1 0 183
 15 -2 -1 279
 15 -1 2 272
 105 -3 1 311
 15 -1 1 153
 15 1 -2 0
 15 0 -2 204
 105 1 -4 49
 15 2 0 151
 15 -2 1 356
 15 3 0 179
 15 -3 0 86
 15 0 2 331
 15 2 1 87
 15 -1 -2 102
 15 1 1 265
 15 0 3 182
 15 -2 -2 320
 15 1 -1 268
 15 2 -1 5
 15 0 0 48
 15 -1 -1 195
 15 0 1 79
 15 -1 0 87
 15 -2 0 40
 15 0 -1 269
 15 -2 2 275
 55 0 4 95
 55 3 -1 12
 5 1 3 212
 55 1 4 58
 55 -4 1 154
 5 -3 -1 155
 55 3 3 253
 5 0 -3 221
 5 -3 -3 95
 55 -1 3 67
 55 4 0 276
 55 4 1 172
 55 -3 2 207
 55 2 -3 175
 55 3 2 340
 55 1 2 12
 55 -3 3 359
 55 3 1 115
 55 3 -3 65
 55 -1 -3 149
 55 2 3 172
 55 -2 -3 246
 5 -1 4 229
 55 3 -2 251
 55 -3 -2 288
 5 0 -4 9
 55 1 -3 295
 55 2 2 167
 "contig-ratio-green-core" 0.5714285714285714
 "contig-ratio-red-core" 0.9333333333333333
 "a-count" 6
 "b-count" 4
 "c-color-count" 24
 "c-express-count" 24
 "d-color-count" 23
 "d-express-count" 22
 "cell-count" 56
 15 -1 -1 303
 105 0 1 193
 15 4 1 47
 15 0 -1 52
 15 2 -2 107
 15 0 -2 62
 15 3 3 256
 15 -2 0 244
 105 1 -2 26
 15 -1 3 71
 15 3 1 161
 15 -2 -1 268
 15 2 2 226
 15 -1 2 175
 15 -1 1 315
 15 2 0 161
 15 1 2 135
 15 -2 1 52
 105 0 3 23
 105 -4 1 175
 15 1 -1 287
 15 2 1 201
 15 0 0 215
 15 2 -1 258
 15 -3 0 185
 15 -1 0 324
 105 1 1 105
 15 0 2 153
 5 4 0 144
 5 3 -3 348
 55 2 3 123
 55 -3 3 256
 55 -2 -3 314
 55 -1 -4 299
 55 -3 -2 344
 55 0 4 47
 55 -1 -3 283
 55 0 -4 21
 55 -2 3 170
 55 -2 2 316
 55 1 3 357
 5 1 -4 273
 55 3 -1 355
 55 4 -1 282
 55 3 0 15
 55 -1 -2 218
 55 3 2 134
 55 -4 0 197
 55 -1 4 336
 55 -3 1 105
 55 -4 -1 121
 55 3 -2 181
 55 1 -3 335
 5 -3 -3 243
 55 2 -3 91
 55 -3 -1 58
 "contig-ratio-green-core" 0.7647058823529411
 "contig-ratio-red-core" 0.9285714285714286
 "a-count" 4
 "b-count" 3
 "c-color-count" 25
 "c-express-count" 25
 "d-color-count" 27
 "d-express-count" 24
 "cell-count" 56
 15 3 1 310
 15 0 1 305
 15 -1 0 270
 15 -1 2 159
 15 -1 1 316
 15 -2 -1 88
 15 -2 1 272
 15 0 -1 62
 15 -4 0 171
 15 -1 -1 37
 15 -3 1 119
 15 0 2 344
 15 1 2 180
 15 2 -3 27
 15 -3 -2 202
 15 1 -1 28
 15 -3 -1 136
 15 1 0 236
 105 -2 0 100
 15 0 -2 244
 15 1 1 241
 15 2 1 242
 15 -3 0 211
 15 0 0 340
 15 2 2 21
 15 -1 -2 289
 15 0 -3 66
 15 1 -4 354
 55 -4 -1 83
 55 2 0 64
 55 2 3 209
 5 -4 1 173
 5 2 -1 340
 55 1 -3 71
 55 4 0 113
 55 2 -2 176
 55 -3 2 2
 55 0 3 98
 55 3 -3 68
 55 4 1 132
 55 1 3 267
 55 3 -1 247
 55 -1 4 312
 55 -2 3 263
 55 1 -2 291
 55 -2 -3 100
 55 -1 -3 150
 55 -3 -3 7
 55 -2 2 78
 55 -3 3 356
 55 3 0 232
 5 1 4 233
 55 0 -4 52
 55 0 4 177
 55 3 2 19
 55 -1 3 109
 "contig-ratio-green-core" 0.8
 "contig-ratio-red-core" 0.9411764705882353
 "a-count" 3
 "b-count" 4
 "c-color-count" 24
 "c-express-count" 24
 "d-color-count" 26
 "d-express-count" 25
 "cell-count" 56
 15 -1 2 5
 105 -4 -1 110
 15 -1 -1 117
 15 3 0 281
 15 0 2 202
 15 -1 1 89
 15 0 -2 75
 15 0 -1 356
 15 0 3 264
 15 -1 0 175
 15 0 -2 239
 15 2 0 131
 15 1 -1 10
 15 -2 1 204
 15 -2 -1 285
 15 0 -3 310
 15 1 0 175
 15 -3 0 125
 15 -3 -1 220
 15 1 1 109
 15 1 -1 76
 15 -1 3 87
 15 0 4 132
 15 -1 -2 301
 105 -2 0 346
 15 0 1 102
 15 1 3 357
 15 1 -2 281
 55 4 1 332
 55 1 4 48
 55 -3 -2 43
 55 -2 -2 113
 55 2 -1 109
 5 3 -2 240
 55 4 0 75
 5 -4 1 283
 5 0 -4 237
 55 2 -2 75
 55 2 3 80
 55 3 -1 57
 5 3 2 347
 55 -3 2 17
 55 3 1 330
 55 -2 -3 250
 55 1 -4 153
 55 -1 4 288
 55 -3 3 97
 55 -1 -4 302
 55 2 1 328
 55 -3 -3 38
 55 -1 -3 9
 55 -2 2 124
 55 -3 1 188
 55 2 -3 319
 55 -1 -2 359
 55 -2 3 138
 "contig-ratio-green-core" 0.8095238095238095
 "contig-ratio-red-core" 0.6956521739130435
