 "a-count" 3
 "b-count" 2
 "c-color-count" 27
 "c-express-count" 26
 "d-color-count" 25
 "d-express-count" 25
 "cell-count" 56
 15 3 1 221
 15 -1 0 339
 15 1 2 23
 15 1 -2 188
 15 1 0 57
 15 -1 -1 63
 15 2 1 30
 15 -2 1 139
 15 0 -1 237
 15 0 2 66
 105 4 -1 57
 15 -2 0 246
 15 -2 -2 309
 105 -3 -3 110
 15 2 -1 224
 15 1 -1 275
 15 -1 1 299
 15 -3 3 18
 15 2 -2 6
 15 -4 2 228
 15 -2 -1 344
 105 0 1 340
 15 2 0 72
 15 1 -3 323
 15 -1 2 219
 15 0 0 279
 15 1 1 81
 15 2 2 40
 55 3 -3 116
 55 -3 1 5
 55 0 -3 80
 55 4 1 359
 55 -3 0 354
 55 -4 0 58
 55 3 -1 30
 55 -3 -2 109
 55 -3 -1 5
 55 -2 2 209
 55 -2 -3 149
 55 -4 1 162
 55 2 -3 24
 55 3 -2 278
 55 -1 -2 21
 55 -3 2 293
 55 -2 3 254
 55 -1 -3 322
 55 3 0 88
 55 1 4 17
 55 0 4 67
 55 -1 3 174
 55 -1 -4 71
 5 1 3 150
 55 1 -4 247
 55 3 2 64
 55 0 3 211
 55 2 3 74
 "contig-ratio-green-core" 0.6842105263157895
 "contig-ratio-red-core" 1.125
 "a-count" 4
 "b-count" 6
 "c-color-count" 22
 "c-express-count" 22
 "d-color-count" 24
 "d-express-count" 24
 "cell-count" 56
 15 -3 -1 201
 15 0 -1 181
 15 2 0 88
 15 -1 -2 176
 15 0 2 129
 15 0 -2 46
 105 3 3 152
 15 -2 1 286
 15 -1 -1 304
 15 0 3 72
 15 1 0 168
 15 1 1 359
 15 -1 1 232
 15 -2 -1 216
 15 -1 2 118
 105 2 1 143
 15 0 1 277
 15 -1 0 23
 15 3 0 134
 15 2 2 294
 15 -3 0 268
 15 0 0 342
 15 1 2 289
 15 2 -1 219
 15 1 -1 333
 105 3 1 107
 15 1 -2 151
 105 3 2 75
 5 -4 1 346
 55 2 3 338
 55 3 -1 228
 55 -2 3 242
 5 -3 3 16
 55 -2 -2 8
 5 -1 -4 311
 55 0 -4 329
 55 -3 2 279
 55 0 4 270
 5 2 -3 249
 55 -2 2 315
 55 0 -3 53
 5 4 1 188
 55 -3 -2 357
 5 -4 -1 55
 55 -3 -3 192
 55 -3 1 204
 55 2 -2 205
 55 1 -3 346
 55 3 -3 11
 55 -1 3 2
 55 4 -1 14
 55 -1 -3 21
 55 4 0 334
 55 -4 0 76
 55 3 -2 357
 55 -2 -3 19
 "contig-ratio-green-core" 0.6470588235294118
 "contig-ratio-red-core" 1.0769230769230769
 "a-count" 8
 "b-count" 4
 "c-color-count" 24
 "c-express-count" 24
 "d-color-count" 23
 "d-express-count" 20
 "cell-count" 56
 15 -2 3 46
 15 1 -1 105
 15 1 1 232
 15 -2 -1 142
 15 1 3 229
 105 -1 4 294
 15 4 -1 26
 105 0 4 271
 15 -1 -1 76
 15 1 2 256
 105 3 -2 260
 15 0 -1 76
 105 0 0 163
 15 -3 -3 88
 15 0 1 303
 15 -1 1 70
 15 3 0 249
 15 -2 1 317
 15 2 1 336
 15 -1 2 335
 15 -1 0 194
 15 3 -1 274
 15 -2 0 119
 15 1 0 107
 15 0 3 57
 15 4 0 106
 105 1 -2 346
 15 -3 -2 59
 55 1 -4 8
 55 2 3 131
 55 -4 0 80
 55 2 -1 166
 55 2 2 342
 55 -1 3 151
 55 0 -2 101
 55 -2 2 307
 55 -4 -1 55
 55 4 1 189
 55 -2 -2 177
 5 0 -3 268
 55 -3 2 162
 55 -2 -3 56
 5 -4 1 144
 55 3 3 162
 55 -3 -1 206
 55 1 4 329
 55 -1 -3 217
 55 2 -2 309
 5 3 -3 83
 55 -1 -2 95
 5 1 -3 226
 55 2 -3 148
 55 -3 3 68
 55 -3 0 230
 55 3 1 15
 55 0 -4 349
 "contig-ratio-green-core" 0.7619047619047619
 "contig-ratio-red-core" 0.7777777777777778
 "a-count" 4
 "b-count" 4
 "c-color-count" 24
 "c-express-count" 24
 "d-color-count" 25
 "d-express-count" 24
 "cell-count" 56
 15 0 3 174
 15 5 0 73
 15 2 -1 19
 15 2 2 311
 15 -1 -4 18
 15 0 2 228
 15 1 0 216
 15 -1 1 296
 15 1 -1 121
 15 0 0 5
 15 0 -3 11
 15 -1 -1 219
 15 0 -2 100
 15 0 -1 100
 15 -1 2 159
 15 1 -2 255
 15 0 1 267
 15 2 1 241
 15 -1 0 327
 105 2 3 28
 105 1 3 39
 15 -2 -1 200
 15 -2 0 120
 15 -3 0 201
 15 1 1 57
 15 -1 3 153
 105 3 -3 336
 15 2 0 306
 5 2 -2 292
 55 -2 1 248
 5 3 2 160
 55 -3 -2 138
 55 -3 1 96
 55 -1 4 241
 55 -3 3 331
 55 1 2 163
 55 -4 1 40
 5 2 -3 311
 55 3 3 84
 55 -3 -3 44
 55 -3 -1 258
 55 4 -1 220
 55 3 0 12
 55 -2 -3 115
 55 -4 0 316
 55 -2 2 312
 5 -4 -1 57
 55 3 -1 33
 55 -1 -2 261
 55 4 0 122
 55 3 1 191
 55 -2 3 126
 55 1 -4 257
 55 4 1 258
 55 -2 -2 11
 55 0 -4 358
 "contig-ratio-green-core" 0.6842105263157895
 "contig-ratio-red-core" 0.875
