 "a-count" 5
 "b-count" 3
 "c-color-count" 25
 "c-express-count" 25
 "d-color-count" 24
 "d-express-count" 23
 "cell-count" 56
 15 0 -1 30
 15 -2 0 26
 15 2 2 229
 15 2 0 138
 15 4 1 276
 15 1 0 188
 15 -1 1 354
 15 1 1 81
 15 -3 -2 341
 15 0 -2 92
 15 -1 -1 261
 15 -3 -1 72
 15 0 1 340
 105 1 -4 120
 15 1 2 318
 15 0 0 345
 15 1 -3 106
 15 0 4 170
 15 2 1 139
 15 0 -3 271
 105 0 2 12
 15 -2 -1 92
 15 1 -1 22
 15 -1 2 291
 105 4 0 224
 15 1 -2 92
 15 -1 0 21
 105 3 0 46
 55 -1 4 177
 55 0 -4 307
 55 3 -2 338
 55 -2 3 118
 55 -2 2 167
 5 -3 -3 252
 55 -1 3 91
 55 -2 -2 138
 55 3 -3 191
 55 2 -1 323
 55 2 -2 149
 55 1 4 284
 55 -1 -3 324
 55 3 2 67
 55 -4 0 112
 55 -3 1 241
 55 2 3 17
 55 -3 3 268
 55 3 -1 265
 55 -3 0 286
 55 1 3 122
 55 -2 -3 82
 55 0 3 135
 5 2 -3 158
 55 -3 2 0
 55 3 1 323
 5 -4 -1 203
 55 3 3 1
 "contig-ratio-green-core" 0.65
 "contig-ratio-red-core" 0.7058823529411765
 "a-count" 4
 "b-count" 5
 "c-color-count" 23
 "c-express-count" 23
 "d-color-count" 25
 "d-express-count" 24
 "cell-count" 56
 15 0 2 71
 15 2 0 118
 15 1 0 227
 15 0 -1 349
 15 -2 -1 145
 15 -1 0 183
 105 0 0 119
 15 0 1 196
 105 -3 -2 157
 105 1 -4 54
 15 -1 3 19
 15 -1 -1 172
 15 -2 0 16
 15 -3 -1 160
 15 1 1 358
 15 3 3 47
 15 1 -1 121
 15 1 2 219
 15 2 -1 261
 15 -2 2 38
 15 -1 1 188
 15 1 -2 74
 15 -2 1 228
 15 0 -3 144
 15 0 -2 267
 15 2 1 344
 15 -1 2 191
 15 -3 2 179
 5 3 -2 221
 55 3 0 264
 55 4 0 192
 5 -2 3 33
 55 -3 1 125
 55 1 -3 148
 55 2 3 108
 55 -3 0 311
 5 2 -3 264
 5 4 1 159
 55 4 -1 302
 55 2 2 109
 55 -1 4 7
 55 -4 1 73
 55 1 3 42
 55 -2 -3 270
 55 -1 -3 113
 55 3 -3 246
 55 3 1 195
 55 3 -1 138
 55 0 3 256
 5 -1 -4 43
 55 -2 -2 146
 55 -1 -2 73
 55 0 4 304
 55 -3 3 245
 55 -4 -1 93
 55 3 2 169
 "contig-ratio-green-core" 0.7619047619047619
 "contig-ratio-red-core" 0.9375
 "a-count" 5
 "b-count" 6
 "c-color-count" 23
 "c-express-count" 22
 "d-color-count" 25
 "d-express-count" 23
 "cell-count" 56
 15 2 0 91
 15 -2 2 301
 15 -1 -2 126
 15 0 -2 214
 15 -2 -1 167
 15 2 -3 140
 15 0 3 135
 15 1 0 297
 15 1 1 229
 15 0 2 303
 15 -2 0 218
 15 0 1 348
 15 -1 1 42
 105 0 0 214
 15 4 1 348
 15 1 -1 315
 15 -1 0 258
 15 -1 -1 2
 15 -3 0 203
 15 0 -4 55
 15 0 -1 315
 105 -4 -1 135
 15 1 2 16
 15 -2 1 184
 15 -1 2 303
 15 1 -2 330
 105 3 3 175
 15 2 1 219
 55 1 -4 95
 55 4 -1 132
 55 0 4 163
 55 -1 -3 20
 5 3 -3 209
 5 -3 -2 221
 55 -2 -2 237
 55 3 -1 267
 5 2 -1 93
 55 -1 3 282
 55 2 2 217
 5 3 -2 205
 55 2 3 196
 5 -4 1 324
 55 3 1 211
 55 -4 0 253
 55 0 -3 140
 55 1 4 196
 55 -3 1 8
 55 -2 3 212
 55 -1 -4 17
 55 -2 -3 172
 55 -3 3 231
 55 4 0 258
 55 -3 2 154
 55 3 0 23
 55 1 -3 68
 55 -3 -1 87
 "contig-ratio-green-core" 0.6842105263157895
 "contig-ratio-red-core" 1.0769230769230769
 "a-count" 4
 "b-count" 5
 "c-color-count" 23
 "c-express-count" 23
 "d-color-count" 27
 "d-express-count" 24
 "cell-count" 56
 105 4 -1 65
 15 -1 3 346
 15 -1 -1 117
 15 1 1 149
 15 -1 1 190
 15 -2 0 130
 15 2 -1 315
 15 0 2 80
 15 -2 -2 227
 15 -1 0 122
 15 2 0 327
 15 2 1 85
 15 3 1 216
 15 -2 2 322
 15 -2 -1 71
 15 0 0 185
 15 1 2 95
 15 0 1 127
 15 0 -1 38
 15 0 -4 309
 15 -1 -2 165
 15 3 0 53
 15 -4 0 35
 15 1 0 83
 15 1 -1 199
 15 1 4 61
 15 -1 2 118
 15 -2 1 222
 55 3 -2 334
 5 0 -3 58
 55 -2 3 234
 55 -3 0 269
 55 -1 -3 73
 55 -3 -2 238
 55 -2 -3 241
 5 3 2 289
 55 2 2 56
 55 0 3 204
 55 -3 2 295
 55 -3 1 190
 5 1 -3 171
 55 2 -2 154
 5 -1 -4 111
 55 -4 -1 184
 55 -3 -3 131
 55 -1 4 14
 55 1 -4 269
 55 3 3 174
 55 1 -2 253
 55 1 3 179
 55 -4 1 130
 55 0 4 267
 55 3 -3 355
 55 3 -1 345
 5 4 0 79
 55 4 1 158
 "contig-ratio-green-core" 0.8421052631578947
 "contig-ratio-red-core" 1
