 "a-count" 8
 "b-count" 5
 "c-color-count" 24
 "c-express-count" 23
 "d-color-count" 20
 "d-express-count" 20
 "cell-count" 56
 15 0 -2 178
 105 -4 1 313
 15 -1 -1 92
 105 -3 2 198
 15 -2 0 44
 15 -1 -2 156
 15 -1 0 179
 105 1 0 178
 15 -1 1 265
 15 2 0 336
 15 3 0 78
 15 -3 1 281
 15 -1 2 102
 15 -2 2 245
 15 0 0 54
 105 -4 -1 140
 105 1 -3 268
 15 0 -1 127
 105 4 1 319
 15 0 1 248
 15 2 -1 353
 105 -4 0 183
 15 2 1 298
 15 1 1 2
 15 2 2 242
 105 -2 1 97
 15 3 1 33
 15 1 -1 95
 55 0 2 252
 55 -3 3 53
 55 4 0 254
 5 -3 -3 78
 55 -2 -2 15
 55 1 2 21
 55 -3 0 25
 55 -1 -3 90
 55 3 -3 332
 55 -3 -1 159
 55 -1 3 196
 55 2 3 179
 55 -2 -1 72
 55 0 4 283
 55 3 -1 354
 5 3 3 282
 55 -2 3 116
 55 1 3 264
 55 1 4 28
 55 -1 4 102
 55 3 2 159
 55 3 -2 232
 55 -2 -3 139
 55 0 -3 291
 5 1 -4 19
 55 -3 -2 37
 55 1 -2 57
 5 0 3 70
 "contig-ratio-green-core" 0.7058823529411765
 "contig-ratio-red-core" 1
 "a-count" 6
 "b-count" 3
 "c-color-count" 25
 "c-express-count" 25
 "d-color-count" 25
 "d-express-count" 22
 "cell-count" 56
 15 1 -1 28
 15 1 -2 211
 15 0 -2 135
 15 -2 0 168
 15 1 4 145
 15 2 0 27
 105 -3 -1 275
 15 0 -3 184
 15 1 1 56
 15 0 -1 166
 15 2 -1 242
 15 3 1 260
 105 0 4 296
 15 -2 2 143
 15 0 1 237
 105 3 3 146
 15 0 2 57
 15 -3 -3 227
 15 -1 -4 129
 15 0 0 71
 15 1 0 318
 15 -2 1 150
 15 -2 -1 126
 15 2 1 139
 15 -1 -1 205
 15 -1 4 204
 15 -1 1 359
 15 -1 0 263
 55 -1 -3 271
 55 1 2 234
 5 4 0 107
 55 2 -2 238
 55 -3 3 199
 55 -2 -2 203
 55 0 3 207
 55 4 -1 48
 55 -4 0 176
 55 3 -3 155
 55 -1 3 113
 55 -1 -2 317
 55 -3 1 187
 55 2 3 238
 55 3 2 120
 55 3 0 206
 55 -3 0 297
 5 3 -1 15
 5 2 -3 142
 55 -1 2 88
 55 2 2 297
 55 1 3 266
 55 4 1 349
 55 -4 -1 161
 55 1 -4 15
 55 -2 3 171
 55 1 -3 127
 55 -4 1 21
 "contig-ratio-green-core" 0.782608695652174
 "contig-ratio-red-core" 1
 "a-count" 4
 "b-count" 4
 "c-color-count" 24
 "c-express-count" 24
 "d-color-count" 25
 "d-express-count" 24
 "cell-count" 56
 15 -1 1 190
 15 2 1 25
 15 0 4 341
 15 0 3 141
 105 -1 2 203
 15 1 1 106
 15 1 -4 56
 15 -2 1 296
 15 0 -2 86
 15 0 -3 157
 15 1 -2 70
 105 -3 0 198
 15 -3 3 155
 15 1 0 143
 15 -1 3 166
 15 3 3 153
 15 -2 3 94
 15 0 1 203
 15 -1 -1 299
 15 0 0 160
 15 0 -1 50
 15 -3 -1 317
 15 1 -1 169
 105 4 -1 326
 15 -2 2 303
 15 -1 0 194
 15 2 2 273
 15 1 2 201
 55 -1 -4 6
 55 4 0 229
 5 3 -1 217
 55 -3 -2 346
 55 -1 4 331
 5 3 -2 210
 55 -4 1 122
 55 -1 -3 80
 55 -2 -1 82
 55 4 1 85
 55 2 0 157
 55 -4 -1 250
 55 -1 -2 264
 55 -2 -3 229
 55 -3 2 33
 55 1 -3 320
 55 1 3 3
 5 2 -1 129
 55 3 0 281
 55 -2 0 84
 5 -3 -3 359
 55 1 4 14
 55 -3 1 174
 55 -4 0 305
 55 3 -3 303
 55 3 1 80
 55 3 2 249
 55 2 3 298
 "contig-ratio-green-core" 0.7894736842105263
 "contig-ratio-red-core" 0.8421052631578947
 "a-count" 5
 "b-count" 7
 "c-color-count" 21
 "c-express-count" 21
 "d-color-count" 26
 "d-express-count" 23
 "cell-count" 56
 15 -1 0 229
 15 -1 -2 157
 15 -2 1 47
 15 0 -1 18
 15 -1 -3 208
 15 0 1 61
 15 -1 2 260
 15 -3 1 91
 15 -3 -2 216
 105 0 -4 272
 15 2 -1 217
 15 -1 3 20
 15 0 0 108
 15 1 1 271
 15 1 -2 242
 15 -2 -1 82
 15 -1 -1 78
 15 1 0 102
 15 1 2 237
 15 1 -1 86
 15 -1 1 295
 15 0 -2 221
 15 0 2 288
 15 -2 0 318
 15 3 2 206
 15 2 1 280
 15 2 0 50
 105 0 -3 74
 55 -2 3 239
 55 -3 -1 304
 5 -4 -1 112
 5 -4 1 88
 55 -1 -4 165
 55 4 0 6
 5 -2 -3 228
 55 3 -2 159
 5 3 -3 209
 55 2 2 182
 55 1 -3 321
 55 -3 -3 43
 55 1 3 87
 55 0 4 188
 5 -2 2 329
 55 3 -1 231
 55 3 1 280
 55 -1 4 359
 55 3 0 63
 55 1 4 123
 55 3 3 180
 55 2 -3 44
 5 -3 3 279
 55 -3 2 67
 55 -3 0 136
 55 0 3 92
 5 2 -2 272
 55 2 3 8
 "contig-ratio-green-core" 0.5789473684210527
 "contig-ratio-red-core" 0.9285714285714286
