 "a-count" 6
 "b-count" 3
 "c-color-count" 25
 "c-express-count" 25
 "d-color-count" 24
 "d-express-count" 22
 "cell-count" 56
 15 -1 0 359
 15 0 -2 117
 105 2 -3 100
 15 2 1 305
 15 1 -2 92
 15 -2 -1 287
 15 -2 -2 215
 15 -3 3 38
 15 1 0 72
 105 2 -2 333
 15 2 -1 134
 15 -1 -2 142
 105 0 0 248
 15 1 -1 147
 15 -1 1 264
 15 1 1 20
 15 0 -1 259
 15 -2 0 239
 15 -1 -1 242
 15 0 1 169
 15 -2 3 112
 15 2 0 154
 15 -1 2 297
 105 3 -3 0
 15 0 2 153
 15 0 3 162
 15 1 2 173
 15 -2 1 108
 55 3 3 290
 55 1 -3 229
 55 -3 -3 236
 55 1 -4 65
 55 -1 3 245
 55 -2 2 84
 55 -3 1 45
 55 -2 -3 74
 55 2 3 112
 55 4 -1 226
 55 -3 2 101
 55 -1 -4 319
 5 0 4 139
 55 3 1 90
 55 1 3 114
 55 0 -3 51
 5 3 2 6
 55 -4 1 277
 55 3 -2 137
 5 1 4 19
 55 3 -1 10
 55 4 0 98
 55 0 -4 33
 55 -3 0 197
 55 3 0 0
 55 -4 -1 247
 55 -3 -1 119
 55 -3 -2 83
 "contig-ratio-green-core" 0.6
 "contig-ratio-red-core" 0.9333333333333333
 "a-count" 6
 "b-count" 4
 "c-color-count" 25
 "c-express-count" 24
 "d-color-count" 24
 "d-express-count" 22
 "cell-count" 56
 15 0 -3 71
 15 -3 3 286
 15 0 1 299
 15 -1 0 124
 15 1 3 311
 15 0 2 3
 105 1 -4 188
 15 -2 0 6
 15 -2 -1 60
 15 -2 1 61
 105 0 -1 261
 15 -3 -1 143
 15 1 -3 104
 15 1 1 60
 15 2 1 336
 15 2 0 204
 15 1 -2 137
 15 -3 -2 164
 15 -1 -1 298
 15 -1 1 316
 15 1 0 45
 15 2 -1 269
 15 -3 0 300
 15 1 -1 59
 15 0 -2 295
 15 0 0 227
 105 2 3 188
 105 4 0 337
 55 1 2 22
 55 3 1 176
 55 -1 -4 96
 55 -1 2 85
 55 3 0 336
 55 -4 0 72
 55 3 -2 220
 55 3 2 278
 55 1 4 41
 55 3 -1 266
 55 0 -4 155
 55 -3 2 271
 55 -2 3 304
 55 2 -3 324
 55 2 -2 118
 55 -2 2 145
 55 3 -3 268
 55 -1 -3 55
 5 -3 -3 100
 55 -4 1 51
 55 -2 -2 63
 55 2 2 318
 5 4 -1 39
 55 -3 1 206
 55 -4 -1 95
 55 -1 -2 19
 55 0 3 153
 5 -1 3 206
 "contig-ratio-green-core" 0.8421052631578947
 "contig-ratio-red-core" 1.0588235294117647
 "a-count" 5
 "b-count" 5
 "c-color-count" 23
 "c-express-count" 23
 "d-color-count" 23
 "d-express-count" 23
 "cell-count" 56
 15 0 -2 52
 105 3 0 322
 15 3 -1 79
 15 2 -1 29
 105 0 0 90
 15 -1 0 164
 15 0 -1 180
 15 1 1 220
 15 2 0 245
 15 0 1 83
 15 -1 2 142
 15 2 -2 192
 15 -2 0 89
 15 -1 -1 93
 105 4 1 208
 15 -1 1 203
 15 3 1 78
 15 1 -2 218
 15 4 -1 358
 15 1 -1 200
 105 4 0 68
 15 2 1 167
 15 1 2 96
 15 -2 1 338
 105 0 -4 287
 15 1 0 292
 15 2 2 57
 15 -4 -1 101
 55 3 2 245
 55 -2 -2 182
 55 -3 -3 286
 55 3 -2 1
 55 -2 -3 196
 55 1 -3 198
 55 -2 -1 316
 55 -3 1 248
 55 -3 2 198
 55 -4 1 125
 55 0 -3 149
 55 3 -3 28
 5 0 3 260
 5 1 4 337
 5 -2 3 248
 55 1 3 15
 55 -3 -1 226
 55 3 3 60
 55 2 -3 237
 55 2 3 33
 55 0 4 259
 55 -1 3 293
 55 -1 -3 134
 5 1 -4 305
 5 -1 -4 257
 55 -3 0 108
 55 -1 -2 30
 55 -3 3 116
 "contig-ratio-green-core" 0.6875
 "contig-ratio-red-core" 0.9230769230769231
