 "a-count" 5
 "b-count" 6
 "c-color-count" 22
 "c-express-count" 22
 "d-color-count" 25
 "d-express-count" 23
 "cell-count" 56
 15 -1 1 187
 15 2 -1 189
 15 1 -1 25
 15 -1 2 348
 15 -1 0 251
 15 -4 1 75
 15 -2 1 327
 15 -2 -1 257
 15 1 0 148
 15 -1 -1 30
 15 1 1 335
 15 0 -3 310
 105 4 -1 129
 15 -2 0 55
 15 0 3 39
 15 0 1 74
 15 3 1 187
 105 3 3 114
 15 2 0 174
 15 -3 0 8
 15 -3 -1 234
 15 0 -2 296
 105 0 2 56
 15 1 -2 283
 15 -1 -2 283
 15 1 2 59
 15 0 0 271
 15 0 -1 340
 55 0 -4 25
 55 1 3 209
 55 -2 2 297
 55 -1 -4 117
 55 3 -2 43
 55 3 0 246
 55 -1 -3 278
 5 2 1 29
 5 -3 3 171
 55 2 -2 232
 5 2 2 222
 55 -3 1 313
 55 -4 -1 115
 5 3 -3 318
 5 -3 2 38
 5 -2 -2 182
 55 -1 3 175
 55 -4 0 238
 55 -2 3 296
 55 3 -1 9
 55 4 1 184
 55 -3 -2 95
 55 0 4 251
 55 1 -3 308
 55 -1 4 329
 55 3 2 277
 55 -2 -3 207
 55 2 -3 340
 "contig-ratio-green-core" 0.631578947368421
 "contig-ratio-red-core" 1.0769230769230769
 "a-count" 4
 "b-count" 1
 "c-color-count" 27
 "c-express-count" 27
 "d-color-count" 26
 "d-express-count" 24
 "cell-count" 56
 15 2 0 134
 15 -2 0 91
 15 1 3 156
 15 3 -2 132
 15 -1 -2 340
 15 -4 -1 268
 15 -2 1 35
 105 0 0 46
 15 2 1 283
 15 1 1 355
 15 0 -3 217
 15 1 -2 43
 15 -1 2 328
 15 2 -1 105
 15 -1 -1 73
 15 0 1 344
 15 -1 0 196
 15 -2 -3 189
 15 0 2 239
 15 2 3 11
 15 0 3 314
 15 1 0 175
 15 0 -1 143
 15 1 -1 317
 105 -3 1 315
 15 1 2 324
 15 -1 1 33
 15 0 -2 139
 55 -3 3 158
 55 1 -4 242
 55 -3 0 38
 55 -2 -1 9
 55 3 1 80
 55 3 2 20
 55 2 -2 85
 55 2 2 113
 55 3 -3 126
 55 -1 3 11
 55 3 -1 221
 55 -2 -2 238
 55 -1 -4 344
 5 -4 1 165
 55 -3 -2 37
 55 -1 4 316
 55 0 -4 284
 55 -4 0 129
 55 -3 2 289
 55 1 -3 171
 55 1 4 195
 55 -2 2 262
 55 -3 -1 119
 55 -2 3 312
 55 3 0 292
 55 -3 -3 236
 55 4 1 13
 55 0 4 211
 "contig-ratio-green-core" 0.7272727272727273
 "contig-ratio-red-core" 1
 "a-count" 6
 "b-count" 6
 "c-color-count" 22
 "c-express-count" 22
 "d-color-count" 24
 "d-express-count" 22
 "cell-count" 56
 15 2 -1 55
 15 -2 -3 167
 15 2 2 233
 15 1 0 152
 15 3 -2 61
 15 -1 1 34
 15 2 1 289
 15 -1 -1 233
 15 0 -3 234
 15 -3 2 199
 15 0 2 89
 15 1 2 194
 15 0 -2 290
 105 -3 3 296
 15 -3 0 73
 15 2 -3 213
 105 2 -2 50
 15 -1 -2 194
 15 -2 -1 120
 15 -2 0 162
 15 0 1 48
 15 1 -1 261
 105 2 0 356
 15 -2 -2 282
 15 1 1 314
 105 3 0 134
 15 0 -1 275
 15 -1 0 106
 55 3 3 250
 55 2 3 257
 55 1 3 252
 55 3 -3 139
 55 -4 -1 270
 5 0 4 37
 55 0 3 270
 55 1 -4 147
 55 -2 2 107
 55 -1 2 128
 55 3 -1 222
 55 0 -4 73
 55 1 -2 318
 55 -4 0 70
 55 -1 -3 36
 55 -3 -3 38
 5 -1 4 152
 5 3 2 164
 55 -1 3 308
 55 -1 -4 85
 5 4 -1 79
 55 -3 -2 298
 5 1 4 33
 55 -4 1 307
 5 4 0 186
 55 4 1 80
 55 -2 4 88
 55 -3 1 211
 "contig-ratio-green-core" 0.6470588235294118
 "contig-ratio-red-core" 0.6363636363636364
 "a-count" 6
 "b-count" 5
 "c-color-count" 23
 "c-express-count" 23
 "d-color-count" 23
 "d-express-count" 22
 "cell-count" 56
 15 -2 -1 109
 15 2 -2 102
 15 -1 1 249
 105 -1 -4 22
 15 1 1 41
 15 -2 1 219
 15 1 -1 344
 15 -1 -1 193
 15 -1 2 246
 15 4 1 150
 15 0 1 94
 15 0 -1 22
 15 -2 -2 113
 15 1 2 343
 15 2 0 124
 15 -2 0 95
 15 2 1 181
 105 3 -3 205
 15 -3 1 144
 105 3 3 120
 15 -1 0 325
 15 0 0 240
 105 -3 3 15
 15 -3 0 107
 105 1 0 47
 15 3 1 23
 15 1 -2 281
 15 2 -1 231
 55 -3 -3 210
 5 0 -3 248
 55 -2 -3 42
 55 3 0 10
 55 3 -1 58
 55 -3 -1 207
 55 0 4 329
 55 -1 4 34
 5 2 3 46
 5 0 2 147
 55 -1 3 39
 5 0 -4 255
 55 1 4 52
 55 -4 1 258
 55 2 2 2
 55 -4 0 255
 55 1 -3 334
 5 -1 -3 222
 55 0 3 157
 55 2 -3 277
 55 4 0 174
 55 -2 2 8
 55 -3 -2 133
 55 -4 -1 46
 55 1 -4 198
 55 -3 2 148
 55 1 3 292
 55 3 -2 131
 "contig-ratio-green-core" 0.6666666666666666
 "contig-ratio-red-core" 1
