 "a-count" 6
 "b-count" 2
 "c-color-count" 26
 "c-express-count" 26
 "d-color-count" 22
 "d-express-count" 22
 "cell-count" 56
 15 -1 4 331
 15 1 3 176
 15 -3 1 334
 15 0 -4 190
 105 -4 1 14
 15 2 3 64
 105 0 -2 306
 15 -1 -2 348
 15 3 2 315
 15 2 -3 133
 15 1 -2 170
 15 -2 -2 226
 105 1 4 319
 15 1 -3 14
 15 0 -3 341
 105 -4 0 317
 15 2 2 200
 15 -1 -3 145
 15 -2 0 332
 15 -2 -1 305
 105 1 -4 170
 15 0 4 27
 15 4 -1 340
 15 -3 -1 12
 15 -2 -3 310
 15 -3 0 159
 105 -3 -2 328
 15 4 0 352
 55 -1 0 303
 55 0 2 264
 55 1 1 309
 5 2 1 94
 55 -1 1 84
 55 3 1 158
 55 1 -1 140
 55 -1 -1 82
 55 1 2 229
 55 3 -1 327
 55 -1 -4 237
 55 -3 2 123
 55 2 0 154
 55 0 3 294
 55 1 0 324
 55 2 -2 164
 55 3 0 127
 55 -2 2 227
 5 -3 -3 214
 55 0 0 218
 55 -1 3 82
 55 -2 1 197
 55 2 -1 260
 55 3 3 262
 55 -1 2 90
 55 3 -2 161
 55 0 1 324
 55 0 -1 197
 "contig-ratio-green-core" 0.8666666666666667
 "contig-ratio-red-core" 0.8235294117647058
 "a-count" 3
 "b-count" 0
 "c-color-count" 28
 "c-express-count" 28
 "d-color-count" 25
 "d-express-count" 25
 "cell-count" 56
 105 0 -4 316
 15 -3 2 33
 15 2 -3 222
 15 3 2 49
 15 3 3 17
 15 -3 3 346
 15 -1 4 102
 15 1 -4 359
 15 -4 0 23
 15 -2 -4 178
 15 2 2 245
 15 3 -3 183
 15 1 3 87
 15 -4 2 43
 15 2 3 83
 15 -4 1 115
 15 3 -2 46
 15 -1 -3 251
 105 -2 2 41
 15 -3 -1 92
 105 -2 1 119
 15 -3 1 356
 15 -2 -3 72
 15 0 4 44
 15 -3 0 265
 15 1 4 156
 15 -3 -3 40
 15 3 -1 5
 55 1 -3 75
 55 1 -1 82
 55 1 0 353
 55 -1 -1 69
 55 -1 3 350
 55 0 2 49
 55 -1 1 161
 55 1 -2 106
 55 0 -2 50
 55 2 -1 194
 55 2 1 68
 55 3 1 11
 55 1 2 79
 55 2 0 355
 55 4 1 107
 55 0 -3 152
 55 -2 -1 182
 55 -1 2 287
 55 -2 3 197
 55 -2 0 313
 55 1 1 31
 55 0 -1 36
 55 0 3 184
 55 0 0 177
 55 -1 0 141
 55 0 1 352
 55 -2 -2 13
 55 -1 -2 299
 "contig-ratio-green-core" 0.7058823529411765
 "contig-ratio-red-core" 0.6190476190476191
 "a-count" 8
 "b-count" 2
 "c-color-count" 26
 "c-express-count" 26
 "d-color-count" 22
 "d-express-count" 20
 "cell-count" 56
 15 -1 4 15
 15 -3 2 42
 15 3 1 336
 15 3 3 74
 105 2 -3 175
 15 -1 3 84
 105 3 -2 321
 105 0 -3 165
 15 4 -1 82
 15 3 2 219
 15 3 0 221
 15 -1 -3 68
 15 4 1 117
 105 2 -2 235
 15 0 -2 276
 15 -1 -4 20
 105 3 -1 192
 15 4 0 297
 15 -4 -1 351
 105 -3 1 295
 15 -2 3 258
 15 -1 -2 154
 15 0 -4 81
 15 -2 -3 144
 15 -4 1 27
 15 -2 -2 79
 15 -2 2 124
 15 2 3 173
 55 -4 0 243
 55 -3 -1 219
 55 2 1 350
 55 1 0 62
 5 1 1 324
 55 -1 2 209
 55 -2 0 26
 55 2 0 192
 55 2 -1 57
 55 0 3 312
 55 1 3 227
 55 1 -1 323
 55 -2 1 270
 55 0 1 57
 55 0 2 81
 55 -3 3 353
 55 1 -3 33
 55 -3 -2 216
 55 -1 -1 236
 55 -1 0 112
 55 -1 1 91
 55 1 2 317
 55 -3 0 284
 55 -2 -1 317
 55 2 2 228
 5 0 -1 113
 55 0 0 348
 55 1 -2 62
 "contig-ratio-green-core" 0.6666666666666666
 "contig-ratio-red-core" 0.6842105263157895
