 "a-count" 11
 "b-count" 0
 "c-color-count" 28
 "c-express-count" 28
 "d-color-count" 19
 "d-express-count" 17
 "cell-count" 56
 15 -3 2 314
 105 1 -2 225
 15 -2 1 116
 105 4 -1 272
 15 0 4 262
 15 1 -3 274
 15 3 3 308
 15 1 -4 321
 105 2 -1 131
 105 -2 -3 237
 15 1 4 95
 15 -4 2 84
 105 -3 -3 301
 15 2 -3 2
 105 0 -4 41
 15 -2 2 260
 105 -3 -2 272
 15 -3 1 136
 15 3 2 106
 15 0 -3 266
 15 -1 -4 307
 15 2 -4 38
 105 -4 -1 264
 105 -4 0 19
 15 -4 1 231
 15 2 -2 242
 15 2 3 5
 15 3 -2 220
 55 -1 4 4
 55 -1 2 75
 55 1 3 254
 55 1 2 117
 55 -1 0 341
 55 0 0 316
 55 -1 -2 113
 55 3 1 344
 55 -1 3 249
 55 -2 -2 171
 55 1 0 54
 55 1 1 272
 55 2 1 153
 55 0 2 86
 55 3 0 281
 55 0 3 316
 55 4 1 323
 55 -2 -1 145
 55 0 -2 8
 55 -2 0 115
 55 -1 1 339
 55 2 0 270
 55 1 -1 195
 55 0 -1 258
 55 0 1 340
 55 -3 -1 52
 55 2 2 95
 55 -1 -1 20
 "contig-ratio-green-core" 0.4117647058823529
 "contig-ratio-red-core" 0.5294117647058824
 "a-count" 9
 "b-count" 0
 "c-color-count" 28
 "c-express-count" 28
 "d-color-count" 21
 "d-express-count" 19
 "cell-count" 56
 15 -3 -1 22
 105 -3 2 47
 15 -4 0 17
 15 -2 3 186
 105 3 -1 48
 105 4 -1 334
 15 -2 -2 272
 15 3 -2 47
 105 -3 -2 65
 15 4 2 211
 105 -4 1 165
 15 0 -4 308
 15 -2 2 111
 105 -4 -1 61
 105 -3 -3 120
 15 1 -4 357
 15 2 2 181
 15 -2 -3 34
 15 3 -3 292
 15 2 3 83
 15 2 -2 355
 15 4 0 201
 15 3 2 68
 15 4 1 285
 15 2 -1 8
 15 1 -3 5
 15 -3 1 30
 15 -3 0 156
 55 3 1 315
 55 0 -1 297
 55 0 1 332
 55 0 0 353
 55 2 0 145
 55 0 2 167
 55 -2 0 190
 55 -1 -2 207
 55 -1 0 287
 55 -1 -1 227
 55 1 -2 161
 55 -1 3 67
 55 0 -2 125
 55 2 1 214
 55 3 0 193
 55 -1 4 129
 55 0 -3 52
 55 -1 1 13
 55 1 0 150
 55 -2 -1 165
 55 1 -1 9
 55 1 1 13
 55 -1 -3 12
 55 1 3 340
 55 -2 1 79
 55 0 3 35
 55 1 2 54
 55 -1 2 178
 "contig-ratio-green-core" 0.8888888888888888
 "contig-ratio-red-core" 0.7777777777777778
 "a-count" 3
 "b-count" 0
 "c-color-count" 28
 "c-express-count" 28
 "d-color-count" 25
 "d-express-count" 25
 "cell-count" 56
 15 1 4 254
 15 -4 0 12
 15 -2 -3 190
 15 0 -3 351
 15 3 0 41
 15 -3 3 106
 15 -3 -2 194
 15 -1 -3 148
 15 4 0 21
 15 2 -2 260
 15 -3 2 223
 15 1 -3 217
 105 4 -1 33
 15 -3 -1 51
 15 -1 -4 136
 15 -2 -4 64
 15 3 -3 179
 15 -2 -2 131
 15 2 3 138
 15 3 -1 66
 15 2 4 292
 15 -2 3 221
 15 2 -1 239
 15 -4 1 240
 15 0 -4 101
 105 2 2 48
 15 -3 -3 175
 105 1 -4 356
 55 -1 -1 49
 55 -1 4 14
 55 -1 3 60
 55 3 1 213
 55 -3 1 154
 55 2 -3 96
 55 -1 -2 180
 55 1 2 170
 55 -2 2 121
 55 -2 -1 36
 55 -2 0 305
 55 1 -1 64
 55 -4 -1 143
 55 1 1 323
 55 -1 0 72
 55 0 0 253
 55 1 3 251
 55 1 -2 356
 55 -1 1 201
 55 0 -2 255
 55 2 1 163
 55 0 3 70
 55 0 1 285
 55 -3 0 26
 55 -2 1 182
 55 -1 2 117
 55 0 -1 69
 55 1 0 233
 "contig-ratio-green-core" 0.9333333333333333
 "contig-ratio-red-core" 0.5909090909090909
