 "a-count" 10
 "b-count" 0
 "c-color-count" 28
 "c-express-count" 28
 "d-color-count" 19
 "d-express-count" 18
 "cell-count" 56
 15 0 2 181
 15 3 -3 249
 15 3 2 198
 105 -3 -1 113
 105 -4 1 208
 105 0 4 265
 15 3 3 231
 105 4 -1 149
 15 0 -4 153
 15 -1 -4 43
 15 -1 3 183
 15 4 1 350
 15 0 -3 54
 15 -2 3 116
 105 -2 2 18
 15 -4 0 163
 15 -1 2 92
 15 4 0 113
 105 -2 1 23
 15 -1 1 183
 15 -3 0 102
 105 -1 -3 266
 105 1 4 228
 15 1 -4 224
 15 -4 -1 39
 105 -3 1 48
 15 1 -3 158
 15 2 3 261
 55 3 -2 121
 55 0 -1 154
 55 1 -1 340
 55 1 0 179
 55 -2 -1 147
 55 0 0 47
 55 0 -2 339
 55 3 1 187
 55 -3 2 20
 55 2 1 11
 55 -1 -1 270
 55 1 -2 333
 55 -2 -2 64
 55 1 2 51
 55 2 0 105
 55 2 -2 107
 55 -2 0 237
 55 3 0 27
 55 2 -1 105
 55 -1 -2 50
 55 2 2 294
 55 1 3 307
 55 0 3 303
 55 -1 0 98
 55 1 1 111
 55 -3 3 125
 55 2 -3 164
 55 3 -1 308
 "contig-ratio-green-core" 0.6
 "contig-ratio-red-core" 0.6875
 "a-count" 8
 "b-count" 1
 "c-color-count" 27
 "c-express-count" 27
 "d-color-count" 20
 "d-express-count" 20
 "cell-count" 56
 15 3 -2 301
 105 3 -3 154
 15 0 -3 185
 105 4 0 143
 15 -1 3 58
 105 -1 -4 209
 15 -2 3 213
 105 4 1 70
 15 -3 3 217
 15 3 -1 311
 15 2 -2 65
 15 -3 2 320
 105 0 -4 75
 15 3 2 303
 15 3 1 345
 15 -2 -3 219
 15 1 -3 150
 15 2 3 85
 15 -1 4 326
 15 -1 5 328
 15 -3 1 196
 105 4 -1 126
 15 -2 -2 104
 15 3 0 173
 105 -3 -2 169
 105 2 -3 277
 15 1 -4 218
 15 -1 -3 63
 55 2 -1 296
 55 1 3 56
 55 0 -1 356
 55 2 0 109
 55 -3 -1 116
 55 1 -1 8
 55 0 2 244
 55 1 0 32
 5 3 3 30
 55 2 2 289
 55 -2 -1 308
 55 0 3 227
 55 -1 0 84
 55 0 1 296
 55 -1 -1 134
 55 -3 0 287
 55 -1 2 23
 55 0 0 322
 55 1 4 42
 55 1 2 198
 55 -2 1 280
 55 1 -2 51
 55 0 -2 76
 55 2 1 344
 55 1 1 103
 55 -2 0 289
 55 -1 1 267
 55 -1 -2 206
 "contig-ratio-green-core" 0.8
 "contig-ratio-red-core" 0.75
 "a-count" 15
 "b-count" 1
 "c-color-count" 27
 "c-express-count" 27
 "d-color-count" 14
 "d-express-count" 13
 "cell-count" 56
 105 -3 -2 51
 105 4 0 82
 105 -3 3 31
 15 -2 2 280
 105 -4 1 186
 15 -1 4 231
 105 -3 1 17
 15 1 4 128
 15 3 -3 54
 15 3 0 221
 105 3 -1 291
 105 -4 -1 136
 105 -4 0 84
 15 0 4 306
 15 -2 3 55
 15 -2 -3 302
 105 1 -4 298
 105 1 -3 203
 15 0 -3 326
 105 2 -1 322
 105 -2 1 295
 15 2 -2 89
 105 -1 -4 288
 105 0 -4 279
 15 3 -2 223
 15 -1 -3 281
 15 -1 3 7
 15 2 -3 336
 55 2 1 152
 55 1 2 212
 55 1 1 251
 55 0 3 253
 55 2 2 351
 55 -1 -2 85
 55 4 1 163
 55 0 1 333
 55 0 2 26
 55 -3 0 177
 55 2 0 212
 55 3 1 293
 5 3 3 340
 55 1 -2 269
 55 0 -2 223
 55 1 0 321
 55 -2 -2 202
 55 -2 0 206
 55 -1 -1 233
 55 1 3 195
 55 -1 0 208
 55 -1 2 245
 55 3 2 78
 55 0 -1 67
 55 1 -1 122
 55 0 0 275
 55 -1 1 10
 55 -2 -1 179
 "contig-ratio-green-core" 0.5294117647058824
 "contig-ratio-red-core" 0.75
