 "a-count" 7
 "b-count" 0
 "c-color-count" 28
 "c-express-count" 28
 "d-color-count" 21
 "d-express-count" 21
 "cell-count" 56
 15 1 3 186
 15 -3 -2 333
 15 -3 1 262
 15 -4 1 319
 105 -4 -1 29
 15 3 -1 88
 15 -2 -1 187
 15 3 -2 138
 15 -3 3 139
 15 0 3 111
 105 3 3 164
 15 2 3 291
 105 -3 -1 210
 105 1 4 226
 105 2 -3 38
 15 -2 -3 12
 105 -3 0 286
 15 2 -2 120
 15 4 1 211
 15 -1 -2 117
 15 -1 -4 301
 15 0 4 352
 15 4 0 254
 15 -2 2 294
 15 -1 -3 140
 105 3 2 301
 15 -2 -2 136
 15 2 2 95
 55 -2 1 174
 55 1 2 358
 55 4 -1 146
 55 -2 0 42
 55 -1 0 42
 55 -1 -1 53
 55 2 -1 84
 55 0 0 63
 55 1 0 303
 55 -1 1 20
 55 1 1 226
 55 0 -2 353
 55 0 -1 150
 55 0 1 308
 55 3 0 261
 55 3 1 275
 55 0 2 251
 55 1 -2 337
 55 2 0 244
 55 -1 3 212
 55 0 -3 172
 55 -3 2 96
 55 2 1 252
 55 -1 2 99
 55 1 -1 58
 55 -3 -3 186
 55 1 -3 205
 55 -1 4 93
 "contig-ratio-green-core" 0.8666666666666667
 "contig-ratio-red-core" 0.9444444444444444
 "a-count" 8
 "b-count" 1
 "c-color-count" 27
 "c-express-count" 27
 "d-color-count" 20
 "d-express-count" 20
 "cell-count" 56
 105 -1 -4 247
 105 -4 0 149
 15 -3 2 177
 105 4 1 117
 15 -4 2 244
 105 1 -4 121
 15 -2 2 318
 15 2 4 186
 105 2 -2 8
 15 -1 -3 12
 15 4 -2 165
 15 2 -1 86
 15 3 -1 36
 15 -3 3 254
 15 0 4 232
 15 -2 -2 150
 15 -2 -3 33
 105 1 -3 279
 15 2 3 44
 15 0 -3 306
 105 2 -3 37
 15 -1 4 334
 15 3 -3 335
 15 -3 -3 200
 105 -4 -1 213
 15 3 -2 255
 15 -3 -2 124
 15 1 4 48
 55 1 1 337
 55 -1 2 187
 55 -3 0 198
 55 3 1 26
 55 0 3 231
 55 1 0 110
 55 -3 -1 116
 55 2 1 50
 55 -1 3 29
 55 -1 -1 315
 55 1 3 23
 55 0 2 227
 55 -2 -1 280
 5 0 0 343
 55 0 -1 218
 55 -2 1 22
 55 1 2 50
 55 -1 1 3
 55 0 1 50
 55 -1 0 261
 55 1 -1 145
 55 2 2 33
 55 3 0 305
 55 1 -2 232
 55 -1 -2 199
 55 -2 0 266
 55 0 -2 262
 55 2 0 236
 "contig-ratio-green-core" 0.6875
 "contig-ratio-red-core" 0.6875
 "a-count" 7
 "b-count" 2
 "c-color-count" 26
 "c-express-count" 26
 "d-color-count" 22
 "d-express-count" 21
 "cell-count" 56
 105 -1 -4 27
 15 -1 -3 356
 15 0 -3 229
 15 3 -2 51
 15 3 3 321
 15 -4 0 261
 15 2 3 308
 15 -4 -1 264
 15 4 0 27
 15 4 -2 326
 15 3 2 223
 15 -3 -1 106
 105 2 -3 194
 15 4 -1 238
 15 3 -1 211
 105 2 -1 197
 15 -4 1 308
 15 -2 -3 304
 15 -3 3 93
 15 -4 3 295
 105 -2 2 225
 15 -2 3 38
 15 -2 -2 103
 15 -3 -3 330
 15 -3 2 123
 15 -3 -2 119
 105 0 -4 126
 105 -2 -1 110
 55 3 0 61
 55 -1 -1 174
 55 -2 0 180
 55 1 -1 103
 55 -2 1 189
 5 0 0 274
 55 1 2 172
 55 -1 -2 321
 55 1 -2 272
 55 -1 0 99
 55 0 3 254
 55 -3 1 112
 55 0 2 344
 55 2 0 165
 55 0 -2 352
 55 3 1 129
 55 1 -3 51
 55 0 -1 269
 55 4 1 139
 55 1 0 255
 55 -1 3 183
 55 -3 0 217
 55 -1 1 78
 55 1 1 204
 55 -1 2 43
 55 2 1 106
 5 2 2 4
 55 0 1 101
 "contig-ratio-green-core" 0.6111111111111112
 "contig-ratio-red-core" 0.42857142857142855
 "a-count" 9
 "b-count" 0
 "c-color-count" 28
 "c-express-count" 28
 "d-color-count" 19
 "d-express-count" 19
 "cell-count" 56
 105 -3 -3 155
 15 2 2 184
 15 -1 -4 311
 105 1 -2 320
 15 -2 -3 49
 15 0 -3 211
 15 0 -2 331
 105 -4 -1 294
 105 -2 -2 82
 105 -4 1 286
 15 4 1 154
 15 3 2 261
 105 -3 1 235
 15 -2 3 193
 15 -2 1 339
 15 1 -3 25
 15 2 3 66
 15 -2 0 290
 15 -2 2 349
 15 -3 0 81
 15 1 4 179
 15 -3 2 270
 105 0 -4 176
 15 -1 -3 61
 15 -1 -2 326
 105 3 3 184
 105 1 -4 357
 15 4 -1 137
 55 1 2 104
 55 -1 -1 141
 55 -2 3 227
 55 3 -1 144
 55 2 1 79
 55 4 0 53
 55 3 0 81
 55 -1 1 276
 55 2 -2 338
 55 0 1 134
 55 0 4 328
 55 0 3 163
 55 3 1 210
 55 2 -1 322
 55 1 3 201
 55 -2 -1 227
 55 1 1 46
 55 3 -2 0
 55 -1 0 14
 55 1 -1 107
 55 0 -1 66
 55 1 0 282
 55 -3 -1 173
 55 2 0 143
 55 -1 3 161
 55 -1 2 238
 55 0 2 280
 55 0 0 176
 "contig-ratio-green-core" 0.7222222222222222
 "contig-ratio-red-core" 0.9285714285714286
