 "a-count" 9
 "b-count" 1
 "c-color-count" 27
 "c-express-count" 27
 "d-color-count" 19
 "d-express-count" 19
 "cell-count" 56
 15 0 -3 179
 105 -1 4 226
 15 -3 0 157
 105 -1 -4 104
 15 2 2 238
 15 -2 -2 95
 15 3 1 271
 15 1 -3 85
 15 4 1 41
 105 4 0 135
 15 -2 -3 99
 15 3 2 25
 105 3 0 205
 105 0 -4 44
 105 -3 -2 348
 15 2 3 99
 15 4 -1 2
 15 3 -1 70
 105 4 3 190
 15 -3 1 223
 15 -3 -1 270
 15 -1 -3 32
 15 1 -4 164
 105 -4 1 130
 105 -4 -1 179
 15 3 3 162
 15 -4 0 16
 15 -2 -1 179
 55 2 0 173
 55 -1 1 42
 55 -2 2 125
 55 1 0 12
 55 1 3 186
 55 0 1 143
 55 -1 3 275
 55 -2 1 28
 55 1 2 144
 55 -2 0 275
 55 0 -1 77
 55 -1 2 256
 55 1 1 312
 55 1 -2 217
 55 2 1 59
 55 0 0 89
 55 0 -2 280
 55 2 -2 178
 55 2 -3 128
 55 0 3 57
 55 1 -1 281
 55 -1 -1 244
 55 -2 3 239
 55 0 2 193
 55 2 -1 317
 55 0 4 359
 55 -1 0 337
 5 1 4 53
 "contig-ratio-green-core" 0.5625
 "contig-ratio-red-core" 0.5555555555555556
 "a-count" 6
 "b-count" 1
 "c-color-count" 27
 "c-express-count" 27
 "d-color-count" 23
 "d-express-count" 22
 "cell-count" 56
 105 4 -1 269
 15 -3 -1 351
 105 -1 -2 135
 105 -3 2 124
 15 -3 1 100
 15 3 0 217
 15 2 -3 359
 15 4 1 223
 15 -2 -1 120
 15 -1 -3 90
 15 -4 1 328
 105 -1 -4 310
 15 4 0 32
 15 -4 3 240
 15 1 -4 221
 15 -3 0 59
 15 -4 2 181
 15 -4 0 312
 15 -3 -3 248
 15 3 -2 283
 15 -2 -3 2
 15 -3 -2 2
 15 -4 -1 210
 15 3 1 177
 105 3 2 258
 15 2 -2 188
 15 -2 -2 150
 15 3 -1 212
 55 -2 2 130
 55 -2 3 193
 55 2 1 343
 55 1 -1 84
 55 0 -2 201
 55 2 2 347
 55 0 3 348
 55 1 0 76
 55 -1 1 251
 55 1 1 359
 55 -1 2 138
 55 1 -2 168
 55 -2 0 353
 55 0 0 29
 55 -1 3 163
 55 1 -3 322
 55 0 -3 7
 55 1 2 357
 55 0 1 45
 55 0 2 338
 55 0 -4 229
 55 -1 -1 189
 55 1 3 253
 55 -1 0 235
 55 -2 1 66
 5 2 0 23
 55 0 -1 107
 55 2 -1 297
 "contig-ratio-green-core" 0.5625
 "contig-ratio-red-core" 0.4
 "a-count" 5
 "b-count" 1
 "c-color-count" 27
 "c-express-count" 27
 "d-color-count" 23
 "d-express-count" 23
 "cell-count" 56
 15 3 1 282
 15 0 -4 331
 15 -4 0 42
 15 3 2 64
 15 -2 2 44
 105 2 -1 67
 105 3 -2 59
 15 0 4 77
 105 -1 -4 137
 15 3 3 212
 15 -3 -2 331
 15 4 1 203
 15 0 3 161
 15 3 0 302
 15 1 -3 111
 15 -3 2 255
 15 -3 -2 201
 15 -2 -3 244
 15 1 -2 141
 15 -4 1 248
 15 3 -1 236
 15 1 -4 8
 15 -2 3 325
 105 2 -2 323
 15 -1 3 139
 105 2 -3 186
 15 -3 -3 78
 15 -1 4 340
 55 1 0 11
 55 -3 0 264
 55 0 -1 355
 55 -3 1 128
 55 1 2 258
 55 -1 -1 326
 55 0 -2 298
 55 -4 -1 302
 5 2 0 304
 55 1 -1 98
 55 -2 -2 43
 55 -2 0 51
 55 -2 1 271
 55 0 1 272
 55 0 2 137
 55 -1 2 355
 55 0 0 30
 55 2 2 326
 55 1 1 354
 55 0 -3 304
 55 -2 2 159
 55 -1 -2 27
 55 -2 -1 270
 55 -3 -1 90
 55 -1 -3 299
 55 -4 -1 213
 55 -1 1 235
 55 -1 0 220
 "contig-ratio-green-core" 0.875
 "contig-ratio-red-core" 0.7368421052631579
