 "a-count" 9
 "b-count" 5
 "c-color-count" 23
 "c-express-count" 23
 "d-color-count" 20
 "d-express-count" 19
 "cell-count" 56
 15 -2 0 201
 15 -1 2 34
 15 2 0 179
 15 -2 -1 164
 15 -1 3 100
 15 0 2 59
 15 -1 -1 71
 15 -3 0 57
 15 -3 -3 114
 15 -3 -1 258
 15 0 0 212
 105 -1 0 358
 105 3 -1 88
 105 -2 3 216
 15 1 2 338
 15 0 1 24
 15 1 0 82
 105 -2 -3 146
 15 1 -1 137
 15 -3 1 19
 105 3 -2 90
 105 2 -2 105
 15 -1 1 335
 105 3 1 27
 15 0 -1 118
 15 2 1 220
 105 3 -3 124
 15 -1 -3 211
 55 0 4 14
 55 0 -3 315
 55 -3 2 48
 55 0 -2 176
 55 -1 -2 12
 55 0 3 19
 55 1 -2 334
 55 -4 0 194
 55 4 2 2
 5 -3 -2 12
 55 -2 2 189
 5 1 -3 111
 55 3 3 204
 5 4 -1 293
 55 2 2 206
 55 -4 1 158
 55 -2 -2 232
 55 5 1 95
 5 -3 3 266
 55 1 3 156
 55 3 2 14
 5 2 3 170
 55 1 -4 122
 55 4 1 239
 55 -1 4 252
 55 0 -4 213
 55 0 -5 331
 55 -4 -1 318
 "contig-ratio-green-core" 0.5263157894736842
 "contig-ratio-red-core" 0.7368421052631579
 "a-count" 6
 "b-count" 3
 "c-color-count" 25
 "c-express-count" 25
 "d-color-count" 24
 "d-express-count" 22
 "cell-count" 56
 15 -4 1 51
 15 -3 -3 32
 15 0 4 52
 15 -2 -2 8
 105 0 2 17
 15 2 2 80
 15 -1 2 286
 15 -2 2 289
 15 0 3 103
 105 1 2 281
 105 -1 4 109
 15 2 0 295
 15 1 1 52
 15 -4 0 212
 15 3 0 304
 15 -3 -2 95
 15 2 -1 78
 15 -2 4 312
 105 1 -4 304
 15 1 -2 245
 15 3 -3 106
 15 -1 3 129
 15 0 -4 122
 15 1 -3 97
 15 -2 3 59
 15 3 2 240
 15 -3 1 185
 15 2 3 268
 55 -1 -4 262
 55 0 -1 214
 55 4 -3 207
 55 4 1 5
 55 0 -2 100
 55 -1 -1 46
 55 -2 -1 86
 55 -2 -3 102
 55 1 4 315
 5 -3 3 200
 55 -1 0 208
 55 -2 1 155
 55 0 0 14
 55 -2 0 353
 55 4 0 252
 5 2 -2 270
 55 3 3 22
 55 -1 -3 167
 55 -1 -2 289
 55 1 -1 343
 55 0 -3 15
 55 -3 2 309
 55 0 1 283
 55 -1 1 261
 55 -3 0 324
 55 1 0 114
 55 -3 -1 96
 5 4 -1 320
 "contig-ratio-green-core" 0.8666666666666667
 "contig-ratio-red-core" 0.8095238095238095
 "a-count" 7
 "b-count" 1
 "c-color-count" 27
 "c-express-count" 27
 "d-color-count" 22
 "d-express-count" 21
 "cell-count" 56
 15 -1 -2 125
 15 2 0 51
 15 -3 -3 60
 15 0 4 125
 15 -3 1 298
 15 0 -3 112
 15 4 1 110
 105 -1 -4 152
 15 0 -4 204
 15 2 -1 51
 15 1 4 48
 105 0 -2 265
 15 -2 2 69
 105 2 -2 249
 15 -4 0 266
 15 3 -1 5
 15 -1 -3 276
 15 -2 3 345
 105 -3 2 267
 15 1 -1 200
 105 -3 3 75
 15 1 -2 69
 15 3 3 321
 15 -2 -3 77
 15 0 -1 107
 15 -1 -1 147
 15 -1 4 6
 105 4 -1 156
 55 2 2 353
 55 0 1 162
 55 -3 -1 356
 55 -1 0 351
 55 1 -3 150
 55 -2 0 336
 55 -1 2 278
 55 -2 -1 23
 55 0 0 317
 55 2 -3 66
 55 0 3 38
 55 1 1 289
 55 1 2 86
 55 -3 -2 143
 55 3 -2 214
 55 -2 1 278
 55 -2 -2 308
 55 -1 3 349
 55 2 1 268
 55 0 2 17
 55 -1 1 284
 55 3 1 58
 55 -3 0 7
 5 -4 1 247
 55 3 0 183
 55 1 3 246
 55 1 0 105
 55 2 3 80
 "contig-ratio-green-core" 0.95
 "contig-ratio-red-core" 1
 "a-count" 7
 "b-count" 4
 "c-color-count" 24
 "c-express-count" 24
 "d-color-count" 23
 "d-express-count" 21
 "cell-count" 56
 15 -1 -3 137
 105 1 -4 152
 105 -4 0 235
 15 2 2 258
 15 -1 -2 30
 15 0 3 343
 15 -2 -1 78
 15 -3 -1 146
 15 3 2 73
 15 -1 2 299
 15 -2 2 285
 15 -2 0 81
 15 0 2 194
 15 -4 -1 272
 15 -3 1 101
 15 1 3 27
 105 -2 -2 353
 15 -2 1 205
 15 -1 3 145
 15 0 4 298
 15 0 1 76
 15 3 -2 289
 105 1 4 39
 15 4 1 102
 15 -1 1 168
 105 -4 1 339
 15 2 3 243
 15 1 2 282
 55 1 -2 321
 5 -2 -3 273
 55 -3 2 253
 55 1 -1 228
 55 4 -1 269
 55 2 -1 206
 55 1 1 253
 55 0 0 325
 5 -3 3 331
 55 3 1 164
 55 -1 4 6
 55 -1 -1 212
 55 0 -3 134
 55 0 -4 42
 55 1 -3 276
 55 0 -1 337
 55 2 -2 245
 55 1 0 309
 5 -3 -2 219
 55 2 1 186
 55 2 -3 49
 55 3 -1 18
 55 0 -2 78
 55 4 0 90
 55 3 0 298
 5 -3 0 319
 55 -1 0 302
 55 2 0 207
 "contig-ratio-green-core" 0.8125
 "contig-ratio-red-core" 0.7692307692307693
