 "a-count" 7
 "b-count" 6
 "c-color-count" 23
 "c-express-count" 22
 "d-color-count" 21
 "d-express-count" 21
 "cell-count" 56
 15 4 1 235
 15 0 -1 69
 15 0 1 61
 15 1 2 266
 15 2 -1 170
 15 2 0 180
 15 3 0 119
 105 2 1 301
 15 2 2 312
 15 1 1 239
 105 -4 1 106
 105 -4 0 230
 15 -1 -1 164
 105 -1 -2 132
 15 1 -1 284
 15 1 0 248
 15 -2 2 171
 15 -2 -1 33
 15 -3 1 209
 105 -4 -1 246
 15 -1 0 69
 105 -2 3 314
 15 0 0 262
 105 1 -2 323
 15 3 2 220
 15 1 -3 164
 15 3 -1 95
 15 -2 -2 263
 55 -2 1 319
 55 0 3 337
 5 -1 3 52
 55 -1 -3 333
 55 -1 4 235
 55 2 3 141
 5 -3 2 262
 55 -1 2 345
 55 -3 0 107
 5 -3 -2 203
 55 4 0 262
 55 -3 3 76
 55 1 3 212
 55 -2 0 324
 55 -2 -3 348
 55 4 -1 227
 55 -1 1 246
 55 -3 -1 53
 55 1 -4 106
 55 0 4 279
 5 3 1 187
 55 3 3 66
 55 0 -3 197
 5 1 4 213
 55 0 -4 249
 55 -1 -4 310
 55 0 2 298
 55 2 -2 332
 "contig-ratio-green-core" 0.631578947368421
 "contig-ratio-red-core" 1.1428571428571428
 "a-count" 2
 "b-count" 5
 "c-color-count" 24
 "c-express-count" 23
 "d-color-count" 27
 "d-express-count" 26
 "cell-count" 56
 15 3 0 231
 15 -2 3 16
 15 -1 0 18
 15 1 0 1
 15 -3 -1 186
 15 -2 1 45
 15 -1 3 47
 15 1 1 328
 15 0 1 111
 15 0 -4 51
 15 -2 2 53
 105 -3 3 211
 15 1 2 160
 15 1 -1 76
 15 -1 -1 71
 15 -2 0 156
 15 0 2 220
 15 4 -1 256
 15 -1 1 136
 15 2 0 6
 15 0 -1 125
 15 -1 2 179
 15 2 -1 124
 15 1 3 350
 15 -2 -1 173
 15 0 0 251
 15 2 1 325
 15 0 3 82
 5 1 4 287
 55 -1 -3 286
 55 1 -2 114
 5 3 -3 208
 55 -4 0 202
 55 0 4 187
 55 -2 -2 75
 5 -3 1 38
 55 -3 2 140
 55 4 1 180
 55 -4 -1 321
 55 -1 4 322
 55 -3 -2 134
 55 -4 1 220
 55 3 1 10
 55 2 -2 161
 55 -2 -3 326
 55 0 -3 256
 5 2 3 1
 55 1 -4 247
 55 -2 4 198
 55 -1 -2 132
 55 -3 -3 138
 55 -3 0 96
 55 4 0 64
 55 2 2 262
 55 0 -2 154
 55 3 -2 132
 "contig-ratio-green-core" 0.631578947368421
 "contig-ratio-red-core" 0.9375
 "a-count" 4
 "b-count" 4
 "c-color-count" 24
 "c-express-count" 24
 "d-color-count" 25
 "d-express-count" 24
 "cell-count" 56
 105 4 -1 17
 15 1 -1 235
 105 -1 -3 253
 15 3 -2 315
 15 3 -1 343
 15 -2 1 48
 15 3 0 328
 15 2 -2 273
 15 -1 -2 229
 15 -3 0 37
 15 -1 -4 234
 15 -2 3 162
 15 -3 -1 0
 15 2 -1 166
 15 -3 1 29
 15 2 3 322
 15 1 0 348
 15 0 -3 210
 15 -2 0 316
 15 -2 2 156
 105 -3 -2 230
 15 2 2 209
 15 1 -2 117
 15 -4 -1 232
 15 -3 2 254
 15 -2 -3 347
 15 1 -3 260
 15 0 -2 88
 55 -1 0 311
 55 -1 2 47
 5 3 3 122
 55 -1 -1 177
 55 0 1 148
 55 1 1 53
 55 2 -3 13
 5 -3 3 339
 55 0 -4 132
 5 4 1 97
 5 0 4 129
 55 0 0 46
 55 1 -4 191
 55 1 3 299
 55 3 1 217
 55 -4 0 248
 55 1 5 305
 55 -1 3 141
 55 -1 1 230
 55 1 2 198
 55 0 -1 167
 55 -2 -1 210
 55 -4 1 14
 55 2 1 4
 55 3 -3 26
 55 -2 -2 301
 55 0 2 258
 55 1 4 266
 "contig-ratio-green-core" 0.95
 "contig-ratio-red-core" 0.8695652173913043
 "a-count" 7
 "b-count" 7
 "c-color-count" 22
 "c-express-count" 21
 "d-color-count" 24
 "d-express-count" 21
 "cell-count" 56
 15 3 -1 284
 105 2 2 109
 15 -3 0 255
 105 -3 3 170
 15 -2 2 329
 15 3 3 130
 15 0 1 67
 15 -2 0 193
 105 1 -4 69
 15 3 2 207
 15 -1 2 45
 15 2 -1 175
 15 -3 2 0
 15 -3 1 304
 15 1 -1 310
 15 -1 -3 337
 15 1 -2 192
 15 -3 -1 161
 15 -1 1 31
 15 1 0 81
 15 4 -1 283
 15 -2 -3 33
 15 1 1 137
 15 -2 1 287
 15 1 -3 148
 15 -2 -1 77
 105 3 -2 68
 15 0 2 241
 55 -1 -1 60
 55 0 4 135
 5 1 3 113
 55 3 0 323
 55 4 0 288
 55 0 -1 190
 55 2 3 229
 55 -1 3 230
 55 -1 4 207
 5 -3 -3 318
 55 1 4 33
 55 -4 0 342
 5 0 -3 283
 55 0 0 137
 55 2 -2 218
 55 3 1 256
 5 3 -3 28
 55 2 -3 22
 55 0 -4 345
 55 -1 0 233
 5 0 3 326
 55 -4 -1 308
 5 -3 -2 23
 55 4 1 8
 55 0 -2 106
 55 -4 1 231
 55 -1 -2 285
 55 -2 3 269
 "contig-ratio-green-core" 0.8571428571428571
 "contig-ratio-red-core" 0.7368421052631579
