 "a-count" 3
 "b-count" 3
 "c-color-count" 25
 "c-express-count" 25
 "d-color-count" 26
 "d-express-count" 25
 "cell-count" 56
 15 3 3 37
 15 -4 0 261
 15 1 -2 258
 15 0 -1 268
 15 0 3 352
 15 1 3 242
 15 -1 -2 322
 15 1 0 129
 15 -1 2 326
 15 1 -1 282
 15 3 2 124
 15 -2 3 248
 15 1 2 337
 15 -1 0 63
 15 2 1 141
 105 -2 -3 296
 105 -4 1 281
 15 0 -2 256
 15 0 1 30
 15 -1 1 260
 15 -2 2 13
 15 0 -3 207
 15 0 2 286
 15 -1 -1 279
 15 0 0 163
 15 -1 3 301
 15 -1 -4 41
 15 1 1 25
 55 -3 3 301
 5 2 0 333
 55 -3 -3 160
 55 -3 0 122
 55 4 1 290
 55 -2 -1 158
 55 1 -3 138
 55 -3 1 256
 55 2 2 338
 5 4 -1 333
 55 -2 1 133
 55 -2 0 128
 55 2 4 255
 55 1 4 72
 55 2 -2 150
 55 3 -2 195
 55 -1 4 222
 55 -3 2 323
 55 2 3 67
 55 3 -1 101
 55 4 0 105
 55 3 1 279
 55 3 -3 167
 55 -4 -1 282
 55 0 -4 256
 55 -3 -1 185
 55 0 4 137
 5 -2 -2 138
 "contig-ratio-green-core" 0.6470588235294118
 "contig-ratio-red-core" 0.8888888888888888
 "a-count" 5
 "b-count" 6
 "c-color-count" 23
 "c-express-count" 22
 "d-color-count" 23
 "d-express-count" 23
 "cell-count" 56
 15 2 2 327
 15 1 0 49
 105 -1 4 254
 15 2 -3 240
 105 -2 -3 127
 15 0 -1 328
 15 3 2 359
 15 -1 0 154
 15 2 0 77
 105 -2 2 337
 15 -3 -1 261
 105 1 -4 137
 15 3 -2 231
 15 -1 -1 13
 15 -2 0 348
 15 0 2 263
 15 1 3 311
 15 1 2 3
 15 2 1 358
 15 1 -1 121
 15 0 -4 67
 15 0 3 356
 15 -1 1 3
 105 -3 3 231
 15 0 1 1
 15 1 1 330
 15 0 0 294
 15 -1 3 39
 55 -4 -1 144
 55 2 4 118
 5 -3 -2 98
 55 3 1 59
 55 2 -2 23
 55 0 4 52
 55 -3 0 179
 55 -4 0 298
 55 -1 -2 274
 55 2 -1 148
 55 2 3 310
 55 -3 2 112
 55 4 -1 20
 55 4 1 231
 55 1 4 211
 5 -3 -3 111
 55 0 -3 185
 55 0 -2 288
 55 -2 1 206
 55 1 -3 324
 5 -2 3 143
 55 -1 -3 106
 55 -3 1 115
 5 3 -3 132
 5 3 3 162
 55 1 -2 173
 55 -4 1 120
 55 3 0 342
 "contig-ratio-green-core" 0.75
 "contig-ratio-red-core" 0.8571428571428571
 "a-count" 7
 "b-count" 7
 "c-color-count" 21
 "c-express-count" 21
 "d-color-count" 22
 "d-express-count" 21
 "cell-count" 56
 15 1 -1 67
 105 -1 4 139
 15 -1 -4 2
 15 4 -1 306
 15 3 2 86
 105 3 -3 83
 15 1 0 270
 105 -4 0 236
 15 1 2 177
 15 0 4 189
 105 0 1 218
 15 1 1 277
 15 0 -1 38
 105 -2 -2 198
 15 -4 -1 112
 15 -1 0 242
 15 -2 0 178
 15 0 0 278
 15 0 3 351
 15 -3 -3 297
 15 2 -2 203
 15 -1 1 5
 15 1 -2 281
 15 -1 2 158
 15 -2 1 169
 105 2 3 115
 15 2 1 239
 15 0 2 160
 55 -1 -3 42
 55 3 0 266
 55 2 0 117
 55 -1 -1 325
 55 -3 0 269
 55 -3 2 275
 55 1 4 146
 55 0 -3 147
 55 -2 -3 302
 5 0 -4 227
 55 -2 3 346
 55 -3 -1 18
 55 -1 3 249
 5 2 -3 205
 55 -1 -2 32
 55 0 -2 257
 5 1 -4 269
 55 3 1 25
 5 3 3 175
 55 3 -1 220
 5 1 -3 13
 5 2 2 258
 55 -2 -1 221
 55 4 0 191
 5 4 1 124
 55 -3 3 220
 55 -3 1 80
 55 3 -2 108
 "contig-ratio-green-core" 1.0833333333333333
 "contig-ratio-red-core" 0.8461538461538461
 "a-count" 5
 "b-count" 6
 "c-color-count" 22
 "c-express-count" 22
 "d-color-count" 25
 "d-express-count" 23
 "cell-count" 56
 15 1 -4 321
 15 0 -2 197
 15 -2 -2 230
 15 -1 3 164
 15 -2 -1 47
 15 3 -1 80
 105 -3 2 33
 15 -2 1 266
 15 -3 -2 135
 15 1 2 232
 15 0 -1 159
 15 1 1 302
 15 -3 1 102
 15 1 -1 259
 15 0 1 126
 15 -1 1 145
 15 -1 -2 275
 15 -3 0 166
 105 -2 -3 102
 15 -1 2 11
 15 1 -2 191
 15 4 0 92
 15 -2 3 5
 105 4 -1 38
 15 -1 0 193
 15 -1 -1 321
 15 0 0 44
 15 0 2 349
 55 -1 -3 297
 55 3 2 53
 55 3 1 357
 5 2 2 68
 55 0 3 74
 5 1 4 350
 5 3 3 49
 55 -3 -1 241
 55 2 1 209
 55 -4 -1 111
 55 0 4 123
 55 4 2 256
 55 -1 4 262
 55 4 1 302
 55 3 -3 186
 55 -4 0 113
 55 2 -3 46
 55 1 -3 112
 55 -4 1 87
 55 2 -2 30
 55 3 0 321
 55 2 0 345
 55 -4 2 326
 5 1 3 265
 55 0 -3 59
 5 2 3 349
 55 2 -1 166
 5 -3 3 325
 "contig-ratio-green-core" 0.6428571428571429
 "contig-ratio-red-core" 0.7222222222222222
