 "a-count" 6
 "b-count" 5
 "c-color-count" 24
 "c-express-count" 23
 "d-color-count" 22
 "d-express-count" 22
 "cell-count" 56
 15 -2 1 119
 15 -2 2 61
 105 -2 0 335
 105 0 4 266
 15 -3 1 322
 15 -3 -1 349
 15 -3 -2 155
 15 0 1 34
 15 2 -1 33
 105 1 -3 282
 15 -2 -2 90
 15 1 -2 113
 15 3 1 249
 15 -1 0 10
 15 2 -2 118
 15 -1 3 120
 15 -4 -1 135
 105 -3 3 154
 15 0 -3 58
 15 -2 -1 285
 15 3 0 357
 105 3 3 160
 15 -1 -3 302
 15 -1 1 66
 15 1 3 353
 15 0 2 97
 15 0 3 32
 105 3 2 343
 55 -1 -1 304
 55 0 0 196
 55 1 1 149
 55 -1 -2 77
 5 4 1 301
 5 4 0 17
 55 1 2 310
 55 0 -2 180
 55 2 1 247
 55 2 2 59
 5 1 -4 282
 55 -4 1 35
 55 -1 4 356
 55 -2 -3 188
 55 1 -1 261
 55 -4 0 276
 55 1 4 250
 55 -2 3 343
 55 0 -1 305
 55 -3 -3 66
 55 3 -1 272
 55 -3 2 339
 55 3 -2 359
 55 1 0 317
 55 -1 -4 358
 55 3 -3 116
 55 2 0 332
 5 2 3 170
 "contig-ratio-green-core" 0.9375
 "contig-ratio-red-core" 1.1176470588235294
 "a-count" 6
 "b-count" 4
 "c-color-count" 24
 "c-express-count" 24
 "d-color-count" 22
 "d-express-count" 22
 "cell-count" 56
 15 0 -1 94
 15 -2 3 135
 15 2 2 182
 15 -3 1 199
 15 1 1 270
 15 2 1 291
 15 0 0 68
 15 2 0 143
 15 0 4 112
 105 2 3 96
 15 1 -3 264
 15 3 2 241
 15 1 0 104
 105 -4 0 114
 15 -2 1 191
 15 1 -1 190
 105 0 -4 289
 105 1 -4 330
 15 1 2 9
 15 -3 0 111
 105 3 3 46
 15 0 -2 288
 15 1 -2 148
 15 -1 0 196
 15 -2 -1 270
 15 -2 0 139
 105 -1 4 319
 15 -3 -1 160
 55 2 -1 58
 55 3 -1 53
 55 -2 2 248
 55 -2 -2 7
 55 -1 -2 280
 55 3 0 331
 55 -1 2 96
 55 4 1 195
 55 1 3 74
 55 0 3 49
 55 4 0 301
 5 -4 1 243
 5 -3 -3 200
 55 -1 -3 187
 55 3 1 6
 5 2 -3 101
 55 2 -2 158
 55 -1 3 26
 55 -4 -1 16
 5 1 4 202
 55 -3 3 188
 55 4 -1 154
 55 0 1 313
 55 0 -3 130
 55 3 -2 56
 55 0 2 340
 55 -1 1 172
 55 -2 -3 76
 "contig-ratio-green-core" 0.75
 "contig-ratio-red-core" 0.9333333333333333
 "a-count" 6
 "b-count" 4
 "c-color-count" 24
 "c-express-count" 24
 "d-color-count" 23
 "d-express-count" 22
 "cell-count" 56
 15 1 0 111
 15 3 2 214
 105 4 -1 64
 15 0 -3 61
 105 1 -3 171
 15 2 -1 220
 15 2 0 288
 15 1 -1 280
 15 -3 -2 253
 15 -3 2 178
 15 -2 0 244
 15 3 1 169
 15 0 3 132
 15 -1 3 104
 15 -2 1 114
 15 3 3 159
 15 3 0 106
 15 -4 0 261
 15 -3 -1 1
 15 -1 -3 39
 105 2 -3 98
 105 0 -4 337
 15 -3 0 48
 15 -4 -1 193
 15 1 3 137
 105 -1 4 288
 15 -3 1 110
 15 2 2 222
 55 -2 2 342
 55 3 -1 8
 55 -1 -1 67
 55 4 2 168
 55 -1 -2 82
 55 2 3 114
 55 -2 -2 191
 55 1 2 132
 55 -2 3 145
 55 0 0 58
 55 -2 -3 133
 55 0 2 47
 5 4 0 172
 55 -1 0 3
 55 1 4 70
 5 0 4 315
 55 3 -2 348
 55 -2 -1 325
 55 0 1 11
 55 -3 3 304
 55 4 1 312
 55 0 -1 220
 55 -3 -3 71
 55 0 -2 44
 5 1 -2 81
 5 2 -2 52
 55 -1 1 176
 55 -4 1 308
 "contig-ratio-green-core" 0.8
 "contig-ratio-red-core" 0.95
 "a-count" 9
 "b-count" 7
 "c-color-count" 21
 "c-express-count" 21
 "d-color-count" 20
 "d-express-count" 19
 "cell-count" 56
 15 1 -1 8
 105 -3 3 320
 15 0 0 10
 105 -2 1 212
 15 1 0 304
 105 4 0 230
 105 -3 -2 35
 15 -2 0 104
 105 -1 4 109
 105 -1 1 217
 15 -1 -1 9
 15 4 1 74
 15 -1 2 148
 15 -3 0 4
 15 -2 -3 287
 105 3 -2 15
 15 3 2 99
 15 -3 -3 149
 105 4 -1 311
 15 3 3 219
 15 -3 -1 109
 15 0 -2 47
 15 1 -2 133
 15 3 -1 29
 15 -1 0 170
 15 -2 2 253
 15 0 1 46
 15 -1 -2 331
 55 2 -4 341
 5 0 4 120
 55 1 1 223
 55 2 1 44
 55 1 -4 234
 55 2 0 8
 55 -1 -4 337
 55 -4 0 16
 55 -4 -1 267
 55 3 1 39
 5 -3 1 200
 55 -1 -3 74
 5 0 -3 99
 5 0 3 169
 55 1 -3 71
 55 1 2 295
 55 -2 -2 197
 55 0 2 166
 55 2 -3 223
 5 2 -2 353
 5 0 -4 271
 5 -1 3 116
 55 -4 1 226
 55 1 3 210
 55 -2 -1 281
 55 2 3 298
 55 2 2 321
 55 3 0 98
 "contig-ratio-green-core" 0.7222222222222222
 "contig-ratio-red-core" 0.8
