 "a-count" 5
 "b-count" 9
 "c-color-count" 19
 "c-express-count" 19
 "d-color-count" 25
 "d-express-count" 23
 "cell-count" 56
 15 0 -2 262
 15 0 3 61
 15 0 -1 44
 15 -3 0 165
 105 -2 2 8
 15 -1 -1 230
 15 1 1 118
 15 -2 -1 81
 15 -1 -3 44
 105 -4 -1 313
 15 1 -1 169
 15 3 0 213
 15 0 2 35
 15 -2 3 218
 15 1 -2 3
 15 3 2 0
 15 -2 1 221
 15 -2 0 184
 15 1 3 306
 15 0 1 50
 15 0 0 206
 15 -1 1 307
 15 1 0 298
 15 -1 2 160
 15 -1 3 301
 15 -1 -2 355
 105 -1 0 302
 15 -3 -1 353
 55 0 -3 199
 5 -4 0 118
 55 1 -3 347
 5 2 1 219
 55 4 1 278
 55 2 -2 221
 55 2 -1 209
 5 3 -2 231
 5 3 -1 31
 55 1 -4 26
 55 -3 3 83
 55 -4 2 101
 55 -3 1 87
 55 2 0 19
 55 0 4 179
 5 2 3 277
 55 -3 2 8
 5 -3 -3 243
 5 0 -4 193
 55 1 2 111
 5 -1 -4 64
 55 1 4 143
 55 -3 -2 253
 5 -1 4 145
 55 -2 -2 6
 55 3 3 268
 55 3 1 55
 55 -4 1 260
 "contig-ratio-green-core" 0.8
 "contig-ratio-red-core" 0.75
 "a-count" 5
 "b-count" 4
 "c-color-count" 24
 "c-express-count" 24
 "d-color-count" 23
 "d-express-count" 23
 "cell-count" 56
 105 1 -4 219
 15 2 2 147
 105 3 -2 164
 15 0 4 197
 105 -1 4 69
 15 -1 -1 194
 15 4 0 132
 15 -4 2 269
 15 -3 0 12
 15 -3 1 341
 15 4 -1 177
 15 0 1 327
 15 -2 -2 261
 15 -3 -1 10
 15 -1 1 244
 15 2 -2 58
 15 1 -1 137
 15 1 3 265
 15 -2 1 74
 15 0 -1 198
 15 1 0 156
 15 1 -2 125
 105 1 4 100
 15 -1 0 11
 15 3 2 114
 105 -2 -1 77
 15 -3 2 253
 15 0 -2 282
 55 3 0 328
 55 0 2 271
 55 -1 2 6
 55 3 -1 184
 55 -4 1 267
 55 2 0 74
 5 -4 0 43
 55 0 -3 159
 55 -4 -1 171
 55 3 1 102
 55 4 1 202
 55 0 -4 96
 55 1 -3 85
 55 -1 3 127
 55 -2 3 4
 5 2 3 44
 5 -3 -3 54
 55 0 3 117
 55 1 2 196
 55 -1 -4 179
 55 2 -3 129
 55 -3 -2 348
 55 1 1 275
 55 -1 -3 199
 5 -3 3 308
 55 2 1 285
 55 2 -1 94
 55 3 3 287
 "contig-ratio-green-core" 0.7272727272727273
 "contig-ratio-red-core" 1
 "a-count" 8
 "b-count" 7
 "c-color-count" 22
 "c-express-count" 21
 "d-color-count" 21
 "d-express-count" 20
 "cell-count" 56
 15 1 1 309
 15 -1 3 357
 105 1 -1 19
 15 0 0 197
 15 -2 0 2
 105 0 1 59
 15 -3 -2 12
 105 0 -2 18
 15 -1 -1 32
 15 -2 1 37
 15 2 1 185
 15 -3 1 238
 15 -1 2 34
 105 3 -3 1
 15 2 -3 80
 105 3 3 111
 15 -1 1 195
 15 1 4 277
 15 2 3 8
 15 -1 0 321
 105 2 -2 194
 15 1 0 46
 15 3 -2 295
 15 0 -1 119
 15 -4 1 158
 15 0 3 124
 15 3 -1 211
 105 2 -1 190
 55 -1 -2 134
 55 -2 -2 106
 55 0 -3 166
 55 -3 -1 305
 5 1 -4 15
 55 -1 -3 210
 5 -2 3 146
 55 4 -1 198
 55 3 1 274
 55 3 2 68
 5 -2 -3 346
 5 -3 3 127
 55 -4 -2 30
 5 -3 2 256
 55 1 3 12
 55 3 0 234
 55 1 -3 148
 5 -3 -3 189
 55 -3 0 41
 55 -2 2 44
 55 4 0 332
 55 -4 0 197
 55 -4 -1 115
 55 -1 4 168
 55 1 2 287
 55 0 -4 263
 55 -2 -1 129
 55 0 4 286
 "contig-ratio-green-core" 0.6666666666666666
 "contig-ratio-red-core" 1
 "a-count" 8
 "b-count" 4
 "c-color-count" 24
 "c-express-count" 24
 "d-color-count" 21
 "d-express-count" 20
 "cell-count" 56
 15 -3 -1 253
 15 -1 0 337
 15 1 2 173
 15 -1 3 87
 15 -2 -1 17
 105 1 3 210
 15 3 2 351
 105 1 4 174
 15 -2 1 83
 15 -3 0 267
 15 3 1 28
 15 -2 2 262
 15 3 -3 27
 15 1 -4 124
 15 2 2 227
 15 -1 2 183
 15 2 -3 9
 105 4 0 171
 105 -2 -2 69
 105 0 4 60
 15 -2 0 143
 105 2 3 332
 15 -1 1 238
 15 -4 1 233
 15 0 2 233
 15 -3 2 23
 105 -3 1 72
 15 4 1 142
 55 0 0 2
 5 0 -1 344
 55 2 -1 296
 5 -3 3 52
 55 -1 -1 107
 55 0 1 278
 55 -3 -2 49
 55 0 -4 342
 55 -1 -4 13
 55 0 -2 190
 55 3 0 290
 5 -1 4 141
 55 2 -2 166
 55 2 0 136
 55 1 -2 278
 55 1 0 284
 55 -2 3 62
 55 3 -2 313
 55 2 1 37
 55 -1 -2 269
 55 -4 -1 192
 55 1 1 178
 55 -4 2 354
 55 3 -1 185
 55 3 3 339
 55 1 -3 277
 55 -1 -3 25
 5 1 -1 296
 "contig-ratio-green-core" 0.8
 "contig-ratio-red-core" 0.875
