 "a-count" 7
 "b-count" 5
 "c-color-count" 23
 "c-express-count" 23
 "d-color-count" 21
 "d-express-count" 21
 "cell-count" 56
 15 0 -2 33
 15 -3 -3 264
 15 -2 -1 318
 15 -1 -3 45
 15 2 1 355
 15 0 1 213
 15 -1 -2 266
 105 -2 -2 136
 15 1 2 226
 105 -3 -1 302
 15 -1 2 120
 15 2 0 278
 105 4 -1 145
 15 0 2 286
 105 -4 0 40
 15 1 -3 114
 15 3 1 339
 15 -3 0 224
 105 -1 -4 178
 15 1 3 287
 15 2 2 213
 15 -3 1 346
 15 2 3 270
 15 1 1 140
 105 -3 -2 319
 15 1 0 90
 105 3 2 54
 15 0 -3 101
 55 1 -2 89
 55 -1 1 220
 55 2 -1 291
 5 -2 3 275
 55 1 -4 19
 55 3 3 290
 55 0 -1 273
 55 2 -2 329
 55 -2 1 152
 5 -1 3 272
 55 3 0 133
 55 -3 2 101
 5 -1 4 55
 55 -1 0 217
 55 1 4 175
 55 -2 -3 89
 55 0 4 247
 5 3 -2 131
 5 -3 3 159
 55 -1 -1 352
 55 0 -4 271
 55 -2 2 5
 55 4 0 243
 55 3 -1 182
 55 4 1 223
 55 -2 0 36
 55 0 3 81
 55 0 0 49
 "contig-ratio-green-core" 0.7
 "contig-ratio-red-core" 1.0588235294117647
 "a-count" 6
 "b-count" 5
 "c-color-count" 23
 "c-express-count" 23
 "d-color-count" 23
 "d-express-count" 22
 "cell-count" 56
 15 2 0 139
 15 -3 -2 16
 15 -2 2 272
 15 0 1 143
 15 -1 1 95
 15 -3 1 263
 15 -3 -1 253
 105 -3 3 296
 105 3 0 250
 15 -1 -2 339
 15 -2 -1 217
 15 -2 2 206
 15 2 3 191
 15 -2 0 33
 15 0 -2 319
 15 3 1 265
 15 1 1 317
 15 0 -1 10
 15 -3 0 2
 105 1 0 329
 15 2 -3 247
 15 -1 -1 231
 15 2 1 73
 105 4 1 96
 105 3 -3 322
 15 -1 1 290
 15 -1 0 297
 15 -2 1 126
 55 2 -2 289
 55 -1 2 318
 55 3 -2 207
 55 -2 3 67
 55 1 2 157
 55 0 2 267
 55 1 -2 112
 5 4 -1 181
 55 -4 0 299
 55 3 -1 170
 55 2 2 0
 55 0 -4 19
 55 0 -3 261
 5 -4 1 324
 55 1 3 215
 55 -2 -3 132
 55 0 3 149
 55 1 -1 251
 55 0 4 156
 55 1 4 220
 55 1 -3 151
 5 -4 -1 304
 55 2 -1 274
 55 -1 3 78
 55 -2 4 256
 5 -1 4 279
 55 -2 -2 281
 5 -1 -3 229
 "contig-ratio-green-core" 0.75
 "contig-ratio-red-core" 0.6666666666666666
 "a-count" 5
 "b-count" 5
 "c-color-count" 23
 "c-express-count" 23
 "d-color-count" 23
 "d-express-count" 23
 "cell-count" 56
 15 0 -3 238
 15 -2 1 71
 15 -2 3 27
 15 2 1 309
 15 1 4 178
 15 1 -1 168
 15 -1 0 77
 105 3 -2 227
 15 -1 -2 306
 15 0 -2 290
 15 0 1 147
 15 -1 4 26
 105 0 4 185
 15 -1 1 134
 15 1 0 300
 15 1 -3 11
 15 1 1 265
 15 2 3 246
 15 4 -1 264
 105 -3 -2 212
 15 -2 0 207
 15 -1 -1 104
 105 0 0 15
 15 1 -2 315
 105 3 -3 157
 15 -1 2 36
 15 0 -1 226
 15 -2 -1 20
 55 -1 -3 358
 55 2 -1 326
 55 -2 2 105
 5 -3 -3 137
 55 -4 1 357
 55 0 2 348
 55 3 1 62
 55 2 -2 329
 5 3 3 169
 55 3 2 320
 55 0 3 272
 55 -4 -1 114
 5 -4 0 48
 55 1 3 207
 5 -1 -4 114
 55 -3 1 329
 55 1 2 188
 5 -3 3 206
 55 -2 -2 350
 55 -3 -1 258
 55 4 1 204
 55 -3 0 56
 55 3 -1 106
 55 -2 -3 74
 55 -1 3 201
 55 2 0 181
 55 4 0 55
 55 2 -3 11
 "contig-ratio-green-core" 0.85
 "contig-ratio-red-core" 1
