 "a-count" 3
 "b-count" 8
 "c-color-count" 20
 "c-express-count" 20
 "d-color-count" 25
 "d-express-count" 25
 "cell-count" 56
 15 3 3 126
 15 0 0 334
 15 -2 3 277
 15 1 -3 304
 15 2 -1 106
 15 -1 0 196
 105 -2 2 118
 15 0 -1 202
 15 2 1 107
 15 1 0 48
 15 -1 -1 332
 15 1 -1 251
 15 2 0 32
 15 1 -2 123
 15 -2 -2 216
 15 -3 1 143
 15 4 1 326
 105 2 -3 50
 15 3 2 244
 15 1 1 74
 15 -2 -1 281
 15 -1 1 183
 15 -1 -2 287
 15 0 1 40
 15 0 -2 275
 105 3 -1 198
 15 3 1 50
 15 -2 1 308
 55 1 -4 100
 5 -1 4 104
 55 -3 0 131
 55 0 2 74
 55 -3 -2 354
 55 4 0 54
 55 1 4 157
 5 3 -2 240
 55 0 4 165
 55 -3 -1 99
 5 -3 3 328
 5 0 3 178
 55 2 3 250
 55 -4 -1 38
 55 -1 -3 340
 5 4 -1 291
 5 -2 -3 350
 55 -4 0 275
 55 -1 -4 20
 5 -3 -3 268
 55 1 2 351
 55 -1 2 35
 55 0 5 47
 55 2 -2 218
 5 3 -3 306
 55 0 -3 94
 55 1 3 30
 55 0 -4 322
 "contig-ratio-green-core" 0.7058823529411765
 "contig-ratio-red-core" 0.631578947368421
 "a-count" 6
 "b-count" 7
 "c-color-count" 21
 "c-express-count" 21
 "d-color-count" 23
 "d-express-count" 22
 "cell-count" 56
 105 2 0 75
 15 3 0 285
 15 3 1 26
 15 1 -1 261
 15 2 -1 152
 15 0 -1 32
 15 2 -3 114
 15 -1 2 253
 105 1 1 169
 15 -2 0 357
 15 -3 1 336
 105 4 -1 337
 15 1 2 170
 105 0 0 13
 15 1 -2 158
 15 -3 -2 97
 15 0 1 171
 15 -2 -4 336
 15 -2 1 33
 15 -1 0 250
 15 0 2 50
 15 -1 -4 333
 15 -1 1 112
 15 1 3 74
 15 -1 -1 281
 15 1 0 1
 105 4 0 305
 15 4 1 221
 55 -2 2 123
 55 1 -4 313
 55 -1 -2 85
 5 -4 -1 134
 55 -3 0 78
 55 -1 3 241
 55 -2 -3 100
 55 -1 4 105
 5 -4 0 199
 55 -1 -3 207
 55 3 2 3
 55 -2 -2 259
 5 -4 1 89
 5 3 3 105
 55 0 -2 103
 55 3 -2 68
 55 1 -3 217
 55 -2 -1 318
 55 0 3 52
 55 3 -1 157
 55 -3 -1 315
 55 -2 3 68
 55 1 4 37
 5 -3 2 293
 55 0 -3 115
 5 0 4 207
 55 2 2 287
 5 -3 3 268
 "contig-ratio-green-core" 0.8095238095238095
 "contig-ratio-red-core" 0.875
 "a-count" 5
 "b-count" 7
 "c-color-count" 21
 "c-express-count" 21
 "d-color-count" 23
 "d-express-count" 23
 "cell-count" 56
 15 0 4 123
 15 1 4 267
 105 0 3 350
 15 -2 0 265
 15 1 0 37
 15 0 1 293
 15 -2 -1 127
 105 -1 -3 174
 15 3 -1 312
 15 2 1 128
 15 -3 1 63
 15 -1 1 320
 15 1 1 3
 15 3 -2 250
 15 -2 2 314
 105 1 -4 7
 15 1 3 23
 15 2 -2 343
 15 2 2 123
 15 3 1 245
 15 0 2 43
 105 3 -3 353
 15 4 0 1
 15 -1 2 15
 15 -4 0 79
 15 -2 -2 245
 15 -3 0 308
 105 3 2 61
 55 4 1 111
 55 2 -3 45
 55 -3 2 152
 55 2 -1 180
 55 0 -4 263
 55 2 3 275
 55 -1 -2 143
 55 0 -3 270
 55 -2 3 49
 5 -3 -1 49
 55 -1 -1 94
 55 4 -1 192
 5 -1 3 259
 55 0 -2 327
 5 -4 -1 183
 5 -3 3 357
 55 0 -1 352
 55 1 -3 212
 55 -4 1 42
 55 0 0 21
 5 -2 -3 82
 55 1 -2 246
 5 1 2 75
 55 -1 4 16
 5 -3 -2 124
 55 -1 0 329
 55 2 0 128
 55 -4 2 1
 "contig-ratio-green-core" 0.8125
 "contig-ratio-red-core" 0.6666666666666666
 "a-count" 3
 "b-count" 2
 "c-color-count" 26
 "c-express-count" 26
 "d-color-count" 26
 "d-express-count" 25
 "cell-count" 56
 15 0 1 172
 15 -4 0 24
 15 2 -2 75
 15 -3 0 113
 15 -1 -3 210
 15 -4 1 177
 15 1 -3 182
 15 1 0 71
 15 3 1 105
 15 -3 -1 13
 105 2 3 24
 15 2 -1 290
 15 -3 -4 288
 15 1 3 16
 15 -1 1 232
 15 2 1 38
 15 1 2 210
 105 -3 -2 277
 15 1 1 125
 15 -3 1 142
 15 1 -1 146
 15 2 2 271
 15 -2 0 273
 15 1 -2 345
 15 -1 0 286
 15 -2 1 176
 15 0 0 174
 15 0 -3 204
 5 -1 -4 49
 5 3 -2 28
 55 0 3 95
 55 -1 -1 266
 55 -3 2 182
 55 -1 3 302
 55 2 -3 163
 55 4 1 174
 55 1 -4 281
 55 3 -3 330
 55 -1 2 283
 55 2 4 50
 55 1 4 186
 55 -2 3 42
 55 -4 2 22
 55 3 -1 58
 55 -3 3 70
 55 0 2 74
 55 0 -2 203
 55 -2 2 6
 55 -3 -3 96
 55 4 0 299
 55 4 -1 60
 55 0 -1 333
 55 -2 -1 284
 55 -1 -2 150
 55 0 4 50
 55 -4 -3 242
 "contig-ratio-green-core" 0.8695652173913043
 "contig-ratio-red-core" 0.7619047619047619
