 "a-count" 9
 "b-count" 6
 "c-color-count" 25
 "c-express-count" 22
 "d-color-count" 23
 "d-express-count" 19
 "cell-count" 56
 15 -1 -2 337
 105 -3 2 147
 15 -4 -1 265
 105 3 -2 77
 105 3 -3 122
 105 2 3 313
 15 2 -2 285
 15 1 -4 40
 15 3 0 220
 15 -1 -1 59
 15 -1 3 232
 15 -3 -2 249
 15 -3 1 280
 105 3 2 98
 15 0 4 293
 15 1 -3 301
 15 4 0 294
 15 -3 0 298
 15 -2 -2 126
 15 -2 -1 336
 15 -1 4 352
 15 -2 4 201
 15 2 1 84
 15 -1 -3 227
 15 3 -1 240
 15 3 1 131
 15 2 -3 327
 15 -4 1 356
 55 -3 -1 128
 55 -2 0 329
 55 1 1 187
 55 -2 1 184
 55 3 3 10
 55 -3 -3 303
 55 -2 -3 321
 55 1 -2 145
 55 0 -4 284
 55 2 -1 264
 55 1 2 284
 5 -2 2 184
 55 -1 0 184
 55 0 2 235
 55 -1 -4 102
 55 -1 2 54
 55 0 0 315
 55 0 1 331
 55 0 3 123
 55 -1 1 330
 5 -3 3 125
 55 0 -2 4
 55 0 -1 123
 5 4 -1 140
 55 2 0 348
 55 1 3 221
 55 1 0 89
 55 1 -1 205
 "contig-ratio-green-core" 0.9411764705882353
 "contig-ratio-red-core" 0.7619047619047619
 "a-count" 6
 "b-count" 6
 "c-color-count" 22
 "c-express-count" 22
 "d-color-count" 22
 "d-express-count" 22
 "cell-count" 56
 15 -3 1 160
 15 -3 0 30
 15 -2 0 94
 15 1 2 275
 105 1 4 349
 15 4 -1 107
 15 -1 2 334
 15 2 3 276
 15 4 1 207
 15 0 2 74
 15 -1 4 95
 15 -2 1 107
 105 1 -4 150
 15 -4 1 337
 15 -1 3 42
 15 4 0 274
 15 -1 -4 92
 15 -2 -2 325
 105 -4 -1 169
 15 -1 -2 270
 105 0 4 145
 15 0 3 171
 15 -4 0 313
 15 0 -3 24
 15 3 -1 287
 15 1 -3 37
 105 -3 -3 218
 105 -2 -1 7
 55 2 -2 212
 55 2 -1 323
 55 -2 2 112
 55 0 0 293
 5 2 2 167
 55 2 -3 153
 55 -1 -1 337
 55 -1 1 140
 5 3 -3 345
 5 2 1 274
 55 2 0 188
 55 1 -2 177
 55 1 -1 144
 55 -3 2 216
 55 1 1 144
 55 3 0 214
 55 3 2 324
 5 3 3 186
 55 -2 3 151
 55 0 1 241
 55 3 1 234
 5 -3 3 342
 5 1 3 6
 55 -1 0 2
 55 1 0 33
 55 0 -2 309
 55 0 -1 148
 55 -2 -3 227
 "contig-ratio-green-core" 0.8125
 "contig-ratio-red-core" 0.7894736842105263
 "a-count" 3
 "b-count" 3
 "c-color-count" 25
 "c-express-count" 25
 "d-color-count" 26
 "d-express-count" 25
 "cell-count" 56
 15 3 -1 238
 15 -2 3 12
 15 0 -3 94
 15 0 4 72
 15 -3 1 238
 15 -3 2 102
 15 -1 2 172
 15 -1 -4 322
 15 1 -3 346
 15 -3 -1 135
 15 -1 -3 180
 15 -2 2 9
 15 2 0 249
 15 2 3 190
 15 3 -3 290
 15 1 -4 329
 15 -4 -1 281
 105 -4 0 148
 15 3 1 68
 15 4 1 22
 15 -1 4 143
 15 1 -2 18
 15 2 1 213
 15 2 -1 320
 15 -3 0 166
 15 -4 1 190
 105 3 3 304
 15 -3 -2 8
 55 2 2 160
 55 -3 -3 240
 55 -1 -2 258
 5 3 2 240
 5 -1 0 48
 55 -2 -1 276
 55 0 1 291
 55 1 0 23
 55 -1 1 25
 55 0 -1 9
 55 1 2 297
 55 -2 1 85
 55 1 1 298
 55 3 0 225
 55 -2 0 66
 55 -2 -2 187
 55 1 -1 260
 55 0 2 22
 55 0 -2 96
 55 -4 -2 285
 55 0 0 245
 55 3 -2 94
 5 4 -1 175
 55 0 3 165
 55 -1 -1 263
 55 -3 3 212
 55 1 3 107
 55 -4 2 134
 "contig-ratio-green-core" 1.0769230769230769
 "contig-ratio-red-core" 0.8636363636363636
 "a-count" 6
 "b-count" 5
 "c-color-count" 23
 "c-express-count" 23
 "d-color-count" 22
 "d-express-count" 22
 "cell-count" 56
 15 -3 1 49
 15 0 3 100
 15 -4 1 330
 15 3 0 27
 105 -1 -3 73
 15 3 2 197
 15 -2 -2 344
 105 -1 4 108
 105 -1 3 70
 15 1 -4 354
 15 0 -3 224
 15 -3 0 269
 15 -4 -1 105
 15 4 -1 256
 15 4 1 352
 15 0 4 241
 105 -1 -2 309
 15 -1 -4 26
 15 -4 0 346
 15 1 4 69
 15 3 1 278
 15 -2 3 105
 15 0 -4 288
 15 4 0 96
 105 -2 -3 248
 15 -3 2 97
 15 3 -1 21
 105 -3 -1 99
 55 -1 0 170
 5 2 -3 304
 55 2 -1 259
 55 2 0 225
 5 -2 -1 351
 55 2 -2 355
 55 -2 0 356
 55 -1 1 188
 55 0 0 65
 55 -1 -1 132
 55 -1 2 46
 55 0 1 317
 55 2 4 192
 55 -2 1 166
 55 2 2 58
 55 2 1 204
 5 2 3 201
 55 1 -1 92
 55 1 2 105
 55 0 -1 213
 5 -3 -2 309
 55 0 2 52
 55 1 -3 185
 55 0 -2 234
 5 3 -2 328
 55 1 -2 227
 55 1 1 208
 55 -2 2 351
 "contig-ratio-green-core" 0.6875
 "contig-ratio-red-core" 0.5
