 "a-count" 8
 "b-count" 5
 "c-color-count" 24
 "c-express-count" 23
 "d-color-count" 21
 "d-express-count" 20
 "cell-count" 56
 105 -3 -2 271
 15 4 1 288
 15 3 0 240
 105 -2 -3 207
 15 -2 1 179
 15 1 -4 1
 15 1 3 232
 15 0 3 312
 15 2 -2 348
 15 -1 -3 219
 15 -4 -1 107
 105 -3 0 318
 15 2 3 87
 15 3 -2 29
 15 -2 -1 103
 15 -2 0 54
 105 2 -3 158
 15 -1 -4 277
 15 -3 -1 298
 105 -3 -3 301
 15 -2 2 251
 15 -2 -2 335
 15 -1 3 133
 15 3 1 80
 105 0 4 211
 15 3 -1 177
 105 -3 3 165
 15 0 -4 204
 55 1 2 150
 5 -1 4 336
 55 -1 1 312
 55 0 0 202
 55 0 2 184
 55 -4 0 329
 5 3 2 146
 55 2 -1 81
 55 -1 2 102
 55 -1 -2 230
 55 1 4 241
 55 0 -1 299
 55 -1 0 260
 55 2 2 330
 55 -2 3 250
 55 0 -2 307
 55 2 0 124
 55 1 -1 326
 55 1 -3 106
 55 0 1 348
 55 -1 -1 140
 55 1 1 53
 55 1 0 354
 55 0 -3 12
 55 1 -2 160
 5 -3 1 71
 5 -3 2 225
 55 2 1 251
 "contig-ratio-green-core" 1.1428571428571428
 "contig-ratio-red-core" 0.8666666666666667
 "a-count" 4
 "b-count" 1
 "c-color-count" 27
 "c-express-count" 27
 "d-color-count" 25
 "d-express-count" 24
 "cell-count" 56
 105 -1 -4 190
 15 4 -1 32
 105 1 4 345
 15 3 2 191
 15 1 -2 280
 15 3 -3 207
 15 2 3 342
 15 0 2 319
 15 -1 3 297
 15 -4 2 189
 15 4 0 257
 15 3 3 182
 15 1 2 36
 105 -1 -3 349
 15 -4 0 335
 15 2 2 321
 15 0 -4 35
 15 0 3 287
 15 -4 -1 243
 15 0 4 91
 15 -2 -3 266
 15 -1 -2 301
 15 3 1 102
 15 -3 -3 81
 15 1 -3 223
 15 -2 3 190
 15 1 -4 181
 15 2 -2 281
 55 2 0 156
 55 1 0 267
 55 2 1 292
 55 -2 1 56
 55 -3 0 311
 55 -3 1 352
 55 -1 1 343
 55 -3 -1 41
 55 3 0 69
 55 0 0 82
 55 -2 -1 238
 55 -1 -1 298
 55 -2 0 331
 55 2 -1 338
 55 -1 0 346
 55 -3 2 236
 55 1 -1 88
 55 3 -1 359
 55 -1 2 271
 55 3 -2 199
 55 1 1 50
 55 0 1 301
 55 -2 2 359
 5 4 1 120
 55 -3 3 200
 55 -2 -2 255
 55 0 -1 126
 55 -3 -2 38
 "contig-ratio-green-core" 0.8947368421052632
 "contig-ratio-red-core" 0.8333333333333334
 "a-count" 11
 "b-count" 4
 "c-color-count" 24
 "c-express-count" 24
 "d-color-count" 17
 "d-express-count" 17
 "cell-count" 56
 105 -4 0 322
 105 -3 -3 348
 15 4 0 232
 15 -1 -2 315
 105 2 3 25
 15 1 -2 99
 15 0 -3 34
 105 -2 -2 25
 15 -3 -1 188
 105 1 4 192
 15 -4 1 288
 15 2 2 161
 105 0 4 61
 105 -3 -2 81
 105 1 -3 52
 15 -2 3 92
 15 0 -2 27
 105 1 3 192
 105 3 2 187
 15 0 -4 321
 15 4 1 61
 15 3 -3 358
 15 -1 3 231
 15 -1 -3 121
 105 -2 -3 2
 15 -2 -1 99
 15 0 3 123
 15 -2 2 118
 55 2 1 71
 55 3 0 181
 5 -1 -4 194
 5 -3 2 308
 55 -3 3 143
 55 -3 1 225
 55 -2 1 356
 55 3 1 61
 55 0 2 354
 55 0 -1 58
 55 -1 0 124
 55 -1 -1 169
 55 2 -1 261
 55 0 0 265
 55 1 1 27
 55 1 -1 75
 55 -1 1 168
 55 1 0 274
 55 -3 0 200
 55 -1 2 71
 55 2 0 32
 55 2 -2 34
 55 0 1 218
 5 4 -1 262
 5 -1 4 237
 55 3 -2 80
 55 1 2 44
 55 -2 0 140
 "contig-ratio-green-core" 0.8235294117647058
 "contig-ratio-red-core" 1.0714285714285714
 "a-count" 6
 "b-count" 6
 "c-color-count" 22
 "c-express-count" 22
 "d-color-count" 22
 "d-express-count" 22
 "cell-count" 56
 15 -3 1 349
 105 1 -4 167
 15 0 5 77
 15 1 -2 236
 105 3 -3 126
 15 1 -3 149
 15 -4 0 82
 15 4 -1 142
 105 -3 -3 255
 15 0 -3 246
 15 -3 -2 250
 15 3 -2 225
 15 -3 0 153
 15 -2 -1 328
 15 3 0 177
 15 0 4 27
 105 -4 -1 35
 15 -1 -3 340
 15 2 -2 11
 105 2 3 277
 15 0 -4 249
 15 3 -1 323
 15 3 1 333
 15 -3 2 227
 15 -2 -2 140
 15 2 -1 251
 15 -1 -4 243
 105 1 4 211
 55 1 -1 307
 5 -1 4 332
 55 2 1 236
 55 -1 0 333
 55 -1 3 25
 5 -3 -1 119
 55 0 -2 63
 5 -2 2 87
 5 -3 3 335
 55 -2 0 358
 55 1 2 187
 55 1 0 23
 55 -4 1 25
 55 1 1 176
 55 2 -3 326
 55 0 1 252
 55 3 2 287
 5 -1 2 268
 55 0 -1 57
 55 0 0 83
 55 -1 -1 15
 5 -1 1 206
 55 2 2 276
 55 0 3 316
 55 2 0 358
 55 -1 -2 137
 55 -2 1 40
 55 0 2 12
 "contig-ratio-green-core" 0.8461538461538461
 "contig-ratio-red-core" 0.5789473684210527
