 "a-count" 6
 "b-count" 7
 "c-color-count" 21
 "c-express-count" 21
 "d-color-count" 24
 "d-express-count" 22
 "cell-count" 56
 15 2 1 21
 15 2 -2 61
 15 -3 -1 164
 15 -3 2 236
 15 -2 2 155
 105 -3 -2 155
 15 0 -3 337
 15 -3 0 333
 15 1 4 153
 15 -2 1 283
 15 2 -1 34
 15 1 -3 247
 15 3 -1 160
 15 -2 0 185
 15 -2 -2 180
 105 -3 -3 216
 15 -1 -3 194
 15 -2 -1 24
 105 -1 -4 321
 15 2 0 331
 105 -1 3 267
 15 3 1 140
 15 4 1 236
 15 3 0 305
 15 -2 -3 13
 15 -3 1 193
 15 0 -4 312
 15 0 4 330
 55 4 0 78
 55 1 -2 19
 55 -4 0 141
 55 1 -1 158
 5 -3 3 293
 55 -1 0 326
 55 0 1 23
 55 0 -2 207
 55 -1 1 132
 55 0 -1 272
 5 -2 3 79
 55 -1 -1 295
 55 1 1 235
 5 -4 -1 332
 55 -4 1 245
 55 1 0 88
 55 -1 2 165
 5 4 -1 356
 55 2 2 142
 55 0 0 42
 55 1 2 72
 5 3 2 35
 55 0 3 174
 55 1 3 59
 5 2 -3 169
 5 1 -4 272
 55 0 2 88
 55 -1 -2 190
 "contig-ratio-green-core" 1.2142857142857142
 "contig-ratio-red-core" 0.6666666666666666
 "a-count" 6
 "b-count" 3
 "c-color-count" 26
 "c-express-count" 25
 "d-color-count" 23
 "d-express-count" 22
 "cell-count" 56
 15 1 4 206
 105 -1 4 152
 15 -2 4 259
 15 2 -3 207
 15 0 -4 93
 15 0 3 151
 15 2 -2 151
 15 -2 0 51
 105 1 -4 238
 15 1 3 216
 105 1 2 92
 15 4 1 349
 105 3 -3 273
 105 0 4 162
 15 -1 3 50
 15 -1 -3 5
 15 -1 2 165
 15 3 0 223
 15 0 2 347
 15 3 -1 258
 15 -3 3 77
 15 0 -3 81
 15 -1 -4 37
 15 0 -5 27
 15 -2 1 311
 15 4 0 73
 15 2 3 290
 15 -2 2 44
 5 -4 1 119
 55 -1 -2 333
 55 2 0 47
 55 -1 -1 219
 55 -1 0 357
 55 -2 -1 285
 55 2 1 50
 55 -3 -2 161
 55 -3 -1 284
 55 0 1 105
 55 -2 -3 271
 55 1 0 120
 55 -2 3 16
 5 -3 1 46
 55 -3 2 311
 55 1 -2 82
 55 3 3 226
 55 0 -1 29
 55 3 1 277
 55 0 -2 109
 55 -1 1 252
 55 0 0 235
 55 4 -1 343
 55 1 1 288
 55 1 -1 156
 55 3 2 305
 55 2 -1 174
 55 -2 -2 349
 "contig-ratio-green-core" 0.7647058823529411
 "contig-ratio-red-core" 0.8333333333333334
 "a-count" 8
 "b-count" 4
 "c-color-count" 25
 "c-express-count" 24
 "d-color-count" 21
 "d-express-count" 20
 "cell-count" 56
 15 1 -4 209
 15 -3 2 73
 105 -4 0 347
 15 3 1 91
 15 -4 1 160
 15 -1 -2 46
 105 3 -1 19
 15 1 2 103
 15 -1 3 52
 105 1 4 355
 105 -3 -1 334
 15 0 4 44
 15 3 2 293
 15 -2 -3 112
 15 3 0 88
 15 0 3 355
 105 -4 -1 252
 105 4 1 95
 15 -3 0 279
 15 2 -3 39
 15 1 3 249
 15 -2 3 186
 15 3 3 78
 15 -3 1 74
 15 -1 4 153
 105 2 2 212
 15 1 -3 260
 15 0 2 181
 55 2 -2 33
 55 2 -1 124
 55 0 -3 144
 55 -1 2 164
 5 -2 -2 161
 55 -2 -1 30
 55 0 -4 117
 55 0 -2 317
 55 2 0 9
 55 0 -1 267
 55 1 -2 179
 55 -2 0 57
 55 0 0 18
 55 2 1 155
 5 -3 -3 224
 55 1 -1 135
 55 1 0 358
 55 -2 1 333
 55 -1 -4 103
 55 -1 -3 16
 55 -3 3 333
 55 1 1 244
 55 -1 -1 227
 55 0 1 83
 55 -1 1 54
 5 4 0 226
 55 -2 2 113
 55 -1 0 39
 "contig-ratio-green-core" 0.7777777777777778
 "contig-ratio-red-core" 0.7058823529411765
