 "a-count" 14
 "b-count" 2
 "c-color-count" 26
 "c-express-count" 26
 "d-color-count" 17
 "d-express-count" 14
 "cell-count" 56
 105 3 3 106
 105 1 -3 43
 105 -3 -3 102
 105 3 -1 90
 15 0 4 23
 15 -3 3 140
 105 -2 -3 244
 105 -1 -4 256
 15 -2 -2 256
 15 2 3 248
 105 1 -4 271
 105 0 -4 67
 15 4 0 140
 105 2 -3 160
 105 3 -2 328
 15 2 -2 136
 15 -4 -1 29
 15 0 -3 266
 15 2 0 302
 15 4 1 91
 15 -3 0 285
 15 2 -1 174
 15 -3 1 205
 15 3 2 268
 15 -4 0 162
 15 -1 4 230
 15 3 0 278
 105 4 -1 40
 55 0 3 192
 55 -1 -1 346
 55 -3 -1 324
 55 -1 0 50
 55 1 0 174
 55 -3 2 77
 55 0 2 196
 55 1 4 311
 55 -2 -1 218
 55 -1 1 114
 55 1 2 327
 55 0 1 78
 55 -2 0 127
 55 1 -2 179
 55 3 1 15
 55 -2 1 160
 5 -2 3 94
 55 -1 -2 88
 55 0 0 9
 55 1 1 161
 55 0 -2 148
 55 0 -1 328
 55 2 1 0
 55 1 3 132
 55 -1 2 280
 55 1 -1 194
 55 -1 3 70
 5 -2 2 230
 "contig-ratio-green-core" 0.9375
 "contig-ratio-red-core" 1
 "a-count" 3
 "b-count" 4
 "c-color-count" 24
 "c-express-count" 24
 "d-color-count" 25
 "d-express-count" 25
 "cell-count" 56
 15 3 2 171
 15 2 3 68
 105 -2 -3 288
 15 4 1 75
 15 -4 1 246
 15 -1 -2 203
 15 2 -2 238
 15 -3 2 144
 15 -2 3 172
 105 4 -1 205
 15 1 -3 99
 15 0 3 112
 15 0 4 248
 15 -1 2 36
 15 -3 0 219
 15 3 3 63
 15 -3 -3 309
 15 1 3 356
 15 2 -3 125
 15 4 0 156
 15 -2 -2 208
 15 3 -3 189
 15 -2 -1 60
 15 -1 -3 150
 105 2 4 28
 15 -2 2 252
 15 1 -4 243
 15 4 2 179
 55 1 -1 126
 5 -4 -1 197
 55 1 2 96
 55 0 0 164
 55 2 0 148
 55 0 1 224
 55 -1 1 298
 55 3 1 189
 55 2 1 228
 5 -1 -4 297
 55 -3 1 188
 55 -2 1 52
 55 3 -1 309
 55 1 1 349
 55 -1 -1 117
 55 1 -2 243
 55 1 4 60
 55 0 2 273
 5 -3 -1 315
 55 2 -1 0
 55 -2 0 234
 55 -1 0 160
 5 0 -4 228
 55 -3 3 8
 55 3 0 263
 55 0 -1 180
 55 1 0 163
 55 0 -2 7
 "contig-ratio-green-core" 1
 "contig-ratio-red-core" 0.6
 "a-count" 9
 "b-count" 9
 "c-color-count" 19
 "c-express-count" 19
 "d-color-count" 20
 "d-express-count" 19
 "cell-count" 56
 15 0 3 119
 105 3 3 45
 15 2 -2 105
 15 2 2 48
 105 -2 2 354
 105 1 4 274
 15 -4 -1 132
 15 -3 0 101
 15 1 -2 41
 105 -2 -2 352
 105 3 -3 143
 15 2 -3 44
 15 2 -1 117
 15 -1 2 205
 105 -4 0 329
 105 3 -2 177
 15 -2 -1 90
 15 2 3 324
 15 3 2 221
 15 4 1 274
 15 4 -1 329
 105 -4 1 186
 15 -2 0 207
 15 4 2 322
 15 4 0 265
 15 -3 -1 157
 15 0 -3 197
 15 -2 -3 87
 55 0 -1 255
 5 -3 -2 303
 5 -3 3 170
 55 0 -2 19
 55 -2 1 202
 5 -3 2 66
 55 3 0 288
 55 -1 0 256
 5 -1 -4 10
 5 -2 3 80
 55 0 1 32
 55 1 1 119
 5 -3 1 232
 55 1 2 304
 55 0 0 256
 55 3 1 128
 5 -1 3 96
 55 -1 -1 79
 55 2 1 179
 55 2 0 257
 55 1 -1 320
 55 1 0 229
 5 1 -4 209
 55 0 2 79
 55 -1 -2 342
 55 -1 1 19
 55 -1 -3 187
 5 1 3 56
 "contig-ratio-green-core" 0.9166666666666666
 "contig-ratio-red-core" 0.8
