 "a-count" 10
 "b-count" 3
 "c-color-count" 26
 "c-express-count" 25
 "d-color-count" 19
 "d-express-count" 18
 "cell-count" 56
 105 3 -2 312
 15 -2 2 172
 15 1 -3 134
 105 3 3 314
 15 -2 -1 244
 15 0 3 45
 15 3 1 214
 15 -3 1 351
 15 3 0 263
 15 1 3 219
 105 -4 -1 248
 105 -4 1 173
 105 -3 -2 173
 15 0 4 224
 15 1 4 152
 105 -3 -3 243
 15 3 2 286
 15 -1 -1 338
 15 -2 -2 321
 15 -1 3 55
 15 2 -3 132
 105 0 -4 330
 105 3 -3 89
 15 1 -4 344
 15 -4 0 359
 15 3 -1 6
 15 4 0 272
 105 4 -1 156
 5 -1 4 335
 55 0 -2 349
 55 0 -1 59
 55 1 2 115
 55 2 0 272
 55 1 -2 225
 55 -1 -3 357
 55 0 0 316
 55 0 2 219
 55 0 1 281
 55 -3 0 36
 55 -1 1 234
 55 -2 1 189
 55 2 -2 181
 55 -1 -4 347
 55 -1 2 80
 55 1 1 58
 55 2 2 119
 55 -1 0 184
 55 -2 3 113
 55 2 1 135
 55 2 -1 55
 55 -3 -1 63
 55 2 3 263
 55 1 -1 249
 5 4 1 39
 55 0 -3 254
 55 1 0 274
 "contig-ratio-green-core" 0.7368421052631579
 "contig-ratio-red-core" 1
 "a-count" 9
 "b-count" 2
 "c-color-count" 26
 "c-express-count" 26
 "d-color-count" 20
 "d-express-count" 19
 "cell-count" 56
 15 -3 0 237
 105 -3 -1 155
 15 -2 -2 266
 15 1 -3 128
 15 -4 0 13
 15 3 -1 130
 15 -3 2 36
 15 4 -1 88
 15 1 -4 27
 105 -3 1 252
 15 2 3 46
 15 3 2 4
 15 -2 -3 322
 105 2 -3 286
 105 -4 1 345
 15 4 0 192
 15 -1 -3 122
 15 -2 2 347
 105 -3 3 324
 15 0 -3 334
 15 -2 0 226
 15 -2 1 45
 105 3 -2 288
 15 2 -2 45
 105 -1 -4 181
 15 -2 -1 118
 105 0 -4 34
 15 3 3 299
 55 -1 3 116
 55 0 0 69
 55 2 0 60
 55 -1 -2 177
 55 -1 -1 57
 55 -1 1 162
 55 4 1 254
 55 1 0 340
 55 -1 2 252
 5 0 4 313
 55 0 1 115
 55 2 2 35
 5 -3 -2 332
 55 0 -2 73
 55 0 -1 253
 55 -2 3 341
 55 -1 0 36
 55 3 0 123
 55 1 3 209
 55 2 -1 98
 55 3 1 353
 55 1 -1 176
 55 1 1 325
 55 2 1 82
 55 -3 -3 93
 55 0 3 344
 55 1 -2 10
 55 1 2 223
 "contig-ratio-green-core" 0.7777777777777778
 "contig-ratio-red-core" 0.8333333333333334
 "a-count" 3
 "b-count" 9
 "c-color-count" 20
 "c-express-count" 19
 "d-color-count" 25
 "d-express-count" 25
 "cell-count" 56
 15 2 -2 275
 15 -1 -2 3
 15 -3 -1 139
 15 4 0 256
 105 1 -3 168
 15 -3 2 22
 15 1 2 61
 15 -3 -3 308
 15 2 -1 176
 15 -1 2 0
 15 -2 -1 81
 15 0 0 133
 105 3 -2 257
 15 -1 3 53
 15 -2 1 307
 15 0 1 230
 15 0 2 301
 105 0 -3 244
 15 0 3 271
 15 4 1 82
 15 -2 0 333
 15 -2 -3 202
 15 -1 1 78
 15 -1 0 33
 15 -1 4 322
 15 -2 -2 85
 15 -3 -2 307
 15 -1 -3 41
 55 3 0 204
 5 2 3 183
 55 3 1 297
 55 1 0 233
 55 1 -2 274
 5 -4 1 281
 5 1 -4 137
 55 -1 -1 209
 55 1 1 110
 5 4 -1 133
 55 1 -1 336
 55 -4 0 64
 55 -1 -4 344
 55 -4 -1 212
 55 -3 0 67
 55 2 1 302
 55 3 2 284
 5 2 -3 160
 55 0 -1 170
 55 0 4 138
 5 -2 2 298
 55 2 0 191
 55 -3 1 277
 5 1 3 59
 55 3 3 358
 55 3 -1 69
 5 3 -3 177
 55 2 2 255
 "contig-ratio-green-core" 0.875
 "contig-ratio-red-core" 0.7619047619047619
