 "a-count" 11
 "b-count" 5
 "c-color-count" 24
 "c-express-count" 23
 "d-color-count" 17
 "d-express-count" 17
 "cell-count" 56
 15 -2 -3 216
 105 3 3 207
 15 0 -4 214
 15 -1 2 243
 105 2 2 89
 15 -3 -1 167
 15 -3 0 344
 15 -2 -2 30
 15 1 1 74
 105 2 -3 39
 15 0 2 279
 105 3 0 153
 105 -2 3 127
 105 -3 3 8
 105 2 3 75
 105 -1 3 329
 15 -1 -3 302
 15 -1 1 218
 105 4 0 42
 15 2 1 219
 15 1 -4 175
 105 1 3 41
 15 0 1 44
 15 4 1 42
 105 3 -2 179
 15 -3 -2 81
 15 1 2 227
 15 3 1 354
 55 -1 -1 28
 5 -1 -4 5
 5 -4 -1 184
 55 1 -1 230
 55 0 4 221
 55 -2 0 355
 55 0 -1 302
 55 2 0 59
 55 2 -1 191
 55 -3 1 211
 55 -2 1 222
 55 1 -2 41
 55 -2 -1 298
 5 -3 -3 256
 5 3 2 146
 55 2 0 236
 55 -1 0 145
 55 -1 -2 47
 55 1 4 334
 55 -2 2 20
 55 -4 1 269
 55 0 0 271
 55 3 -1 194
 55 0 -2 331
 55 1 -3 165
 55 0 -3 319
 55 1 0 164
 55 2 -2 58
 "contig-ratio-green-core" 0.6470588235294118
 "contig-ratio-red-core" 0.8666666666666667
 "a-count" 11
 "b-count" 7
 "c-color-count" 21
 "c-express-count" 21
 "d-color-count" 18
 "d-express-count" 17
 "cell-count" 56
 105 -2 -2 85
 15 1 1 283
 15 1 0 13
 105 3 -2 217
 15 0 2 112
 105 3 3 128
 105 -4 0 74
 15 -1 2 222
 105 -3 1 197
 15 -3 -1 238
 15 -3 0 159
 15 -2 3 324
 15 -2 -3 155
 15 1 3 168
 15 2 -1 5
 15 2 -2 256
 105 3 2 42
 15 -1 3 193
 105 0 3 40
 15 2 0 154
 15 -1 -3 105
 15 3 -3 116
 15 2 1 21
 105 2 3 131
 105 2 2 107
 15 -3 -2 295
 105 0 1 211
 15 1 2 331
 55 1 -2 235
 5 2 -3 124
 55 -1 -2 326
 5 3 -1 313
 55 -2 0 179
 55 4 0 312
 5 -1 4 291
 55 -1 1 50
 55 -2 1 170
 55 0 0 316
 55 0 -2 64
 55 4 -1 231
 55 4 1 234
 5 1 -4 276
 55 1 4 304
 55 3 1 244
 55 1 -1 111
 55 -3 2 3
 55 0 4 42
 55 1 -3 270
 55 0 -3 284
 5 -4 1 95
 55 -2 2 98
 5 -2 -1 105
 55 0 -1 276
 55 -1 0 80
 5 -3 -3 111
 55 -1 -1 39
 "contig-ratio-green-core" 0.6428571428571429
 "contig-ratio-red-core" 0.7692307692307693
 "a-count" 8
 "b-count" 4
 "c-color-count" 24
 "c-express-count" 24
 "d-color-count" 20
 "d-express-count" 20
 "cell-count" 56
 15 1 -4 303
 15 -2 1 172
 105 -2 3 244
 105 -2 2 62
 15 0 -1 83
 105 -1 -1 316
 15 3 -3 265
 15 0 0 339
 15 3 -2 242
 15 -2 -1 188
 15 -1 -2 216
 15 -1 1 295
 105 4 -1 276
 15 0 1 334
 15 -3 -1 338
 105 -3 -2 344
 15 -1 2 287
 15 -1 0 32
 15 -2 -2 190
 15 1 3 335
 105 -1 -4 217
 15 1 2 227
 15 0 2 39
 15 -3 2 134
 105 1 4 273
 105 2 -3 318
 15 1 1 267
 15 -2 0 110
 55 -4 0 216
 55 4 0 24
 55 2 1 127
 55 1 -3 345
 55 3 -1 164
 55 0 3 112
 5 2 3 253
 55 -3 0 282
 5 3 1 156
 55 1 0 229
 55 -1 4 26
 55 -1 -3 76
 5 3 3 28
 55 -3 3 4
 55 0 -2 139
 55 2 -1 126
 55 0 -3 149
 55 2 2 343
 55 2 -2 186
 55 2 0 313
 55 0 4 245
 55 1 -2 117
 55 -2 -3 238
 55 -3 1 141
 55 -1 3 310
 5 -4 1 57
 55 3 0 357
 55 0 -4 175
 "contig-ratio-green-core" 0.7777777777777778
 "contig-ratio-red-core" 0.9285714285714286
 "a-count" 8
 "b-count" 5
 "c-color-count" 23
 "c-express-count" 23
 "d-color-count" 22
 "d-express-count" 20
 "cell-count" 56
 15 1 3 84
 15 0 -1 220
 105 3 2 203
 15 3 3 1
 15 2 3 90
 15 -4 -1 284
 105 -3 -2 142
 15 -1 -3 312
 105 -3 1 119
 105 4 -1 278
 15 1 -3 209
 15 -2 -2 199
 15 0 -3 214
 15 0 3 33
 15 -1 -1 189
 15 0 -2 259
 105 2 -3 259
 15 2 2 33
 15 -2 0 196
 15 0 4 268
 15 -2 -1 341
 15 1 -2 207
 15 -2 -3 265
 15 -1 3 6
 15 -4 0 272
 15 -4 1 153
 105 -3 0 194
 15 -1 -2 348
 5 3 -3 129
 55 0 0 52
 55 2 0 326
 55 0 -4 164
 55 -3 2 88
 55 1 0 5
 55 0 2 224
 55 1 -1 87
 55 -2 1 28
 55 0 1 204
 5 1 4 177
 55 4 0 78
 55 3 1 297
 55 -3 -3 206
 55 3 0 315
 5 -2 2 351
 5 -1 4 239
 55 -1 -4 357
 55 3 -1 237
 5 4 1 36
 55 -1 2 250
 55 2 1 329
 55 2 -1 41
 55 -1 0 162
 55 -1 1 210
 55 1 1 101
 55 3 -2 308
 55 1 -4 113
 "contig-ratio-green-core" 0.6
 "contig-ratio-red-core" 0.6111111111111112
