 "a-count" 4
 "b-count" 7
 "c-color-count" 21
 "c-express-count" 21
 "d-color-count" 25
 "d-express-count" 24
 "cell-count" 56
 15 0 -1 95
 15 -3 1 328
 15 1 4 182
 15 -3 2 355
 15 4 -1 254
 15 1 0 79
 15 -1 1 74
 15 1 3 34
 15 2 -1 63
 15 -1 -3 146
 15 0 -2 171
 15 -3 3 339
 15 -1 -2 299
 105 -3 -1 225
 105 -2 -1 41
 15 1 -1 112
 15 -3 0 241
 15 3 -1 306
 15 -1 -1 346
 15 -2 0 79
 15 0 -3 290
 15 0 0 299
 15 0 1 104
 15 -1 4 169
 105 1 -2 83
 15 -2 -2 40
 15 -1 0 16
 15 2 3 98
 55 4 0 62
 55 -1 3 202
 5 2 1 150
 55 3 3 148
 55 1 2 80
 55 -2 3 155
 5 -3 -3 149
 5 -2 -3 4
 55 5 1 167
 55 -4 1 10
 5 1 -3 45
 55 2 2 36
 55 0 4 145
 55 1 -4 344
 5 3 1 32
 55 -4 -1 101
 55 -2 2 102
 5 3 0 106
 55 4 1 354
 55 2 -3 5
 55 -1 2 287
 55 0 3 218
 55 -4 0 215
 55 -5 0 185
 55 2 -4 45
 55 3 2 34
 55 0 2 158
 5 1 1 204
 "contig-ratio-green-core" 0.5238095238095238
 "contig-ratio-red-core" 0.7692307692307693
 "a-count" 12
 "b-count" 4
 "c-color-count" 24
 "c-express-count" 24
 "d-color-count" 16
 "d-express-count" 16
 "cell-count" 56
 105 2 -3 357
 105 3 -1 316
 105 -2 -3 217
 15 3 2 340
 15 3 1 74
 15 -3 1 30
 15 0 -2 291
 15 0 -1 3
 105 -1 -3 10
 15 -1 -1 269
 105 2 -1 239
 105 1 1 274
 105 0 4 273
 15 1 0 318
 15 3 0 230
 15 -1 3 101
 15 0 -1 79
 105 -3 3 95
 15 -3 2 295
 105 -4 0 21
 105 4 -1 252
 105 -1 -2 327
 15 0 -3 241
 15 -3 -3 229
 105 -4 -1 62
 15 2 1 276
 15 -1 -1 170
 15 2 0 261
 5 -2 3 309
 5 3 3 158
 55 -1 0 184
 55 0 0 358
 55 2 2 45
 55 1 -3 146
 55 1 -2 142
 5 1 3 355
 55 -3 0 95
 55 -1 1 194
 55 -2 0 258
 55 0 -4 276
 55 -2 2 4
 55 2 3 172
 55 -1 -4 259
 55 -1 2 325
 55 -2 -2 346
 55 1 2 39
 55 0 3 63
 55 -2 -1 187
 55 0 1 252
 55 -4 1 175
 55 -3 -2 94
 55 -3 -1 351
 5 2 -2 269
 55 -2 1 191
 55 1 -4 234
 55 0 2 48
 "contig-ratio-green-core" 0.6666666666666666
 "contig-ratio-red-core" 0.8461538461538461
 "a-count" 6
 "b-count" 9
 "c-color-count" 19
 "c-express-count" 19
 "d-color-count" 23
 "d-express-count" 22
 "cell-count" 56
 15 -1 -1 116
 15 1 -4 281
 15 1 -3 245
 15 -1 4 220
 15 1 1 305
 15 -2 1 270
 15 -3 -1 91
 15 -3 0 10
 105 0 -3 233
 15 -2 -1 112
 15 1 -1 134
 15 -2 2 278
 15 -1 0 109
 15 1 -2 158
 105 0 -4 231
 15 -1 2 166
 15 2 0 340
 15 -1 -3 236
 105 3 3 313
 105 0 -1 67
 15 2 -1 174
 15 -3 2 128
 15 -2 0 28
 15 0 1 82
 15 -1 1 353
 15 1 0 70
 105 0 0 321
 15 4 -1 114
 55 4 0 299
 55 3 0 357
 55 -1 -4 102
 55 -4 1 353
 55 -2 -3 49
 55 -4 0 202
 55 3 -2 168
 55 0 2 154
 5 3 -3 48
 5 1 4 59
 5 3 2 89
 55 -1 -2 152
 5 -4 -1 67
 55 -3 3 307
 55 3 -1 81
 55 -1 3 310
 5 2 3 90
 55 1 2 336
 55 0 3 320
 55 0 -2 199
 55 -2 -2 322
 5 2 -3 310
 5 4 1 24
 55 -2 3 243
 5 1 3 55
 5 2 2 228
 55 3 1 35
 55 0 4 325
 "contig-ratio-green-core" 0.9090909090909091
 "contig-ratio-red-core" 0.8
 "a-count" 10
 "b-count" 5
 "c-color-count" 23
 "c-express-count" 23
 "d-color-count" 18
 "d-express-count" 18
 "cell-count" 56
 15 0 -2 261
 105 -2 2 282
 15 -2 0 161
 15 1 2 316
 15 0 2 261
 105 3 -1 220
 105 4 -1 296
 15 0 3 109
 15 -1 3 181
 105 0 -4 44
 15 -1 -1 147
 105 1 4 357
 105 4 0 351
 15 -3 0 33
 15 -1 0 52
 15 2 2 191
 15 -2 -3 214
 105 3 -2 223
 15 -3 1 198
 105 -3 3 259
 15 3 1 317
 15 3 -3 82
 15 -1 -2 271
 105 3 0 257
 15 1 -4 22
 15 -2 1 123
 105 1 3 77
 15 -2 -1 40
 55 1 -1 332
 55 -1 5 292
 55 -1 4 326
 5 3 2 308
 55 0 -3 140
 5 -3 -3 206
 55 2 -2 112
 55 1 -3 144
 55 -2 -2 207
 55 -3 -2 236
 55 0 1 117
 55 2 -1 348
 55 -1 1 139
 55 0 0 120
 55 1 -2 97
 5 -4 -1 304
 55 2 0 1
 55 2 -3 68
 55 -1 -4 353
 55 -1 2 342
 55 -1 -3 146
 55 1 0 274
 55 -3 -1 258
 55 2 1 294
 5 -3 2 17
 55 0 4 242
 5 4 1 0
 55 1 1 204
 "contig-ratio-green-core" 0.7142857142857143
 "contig-ratio-red-core" 0.9375
