 "a-count" 9
 "b-count" 6
 "c-color-count" 22
 "c-express-count" 22
 "d-color-count" 20
 "d-express-count" 19
 "cell-count" 56
 15 -2 -3 229
 105 3 -2 0
 15 -1 -3 159
 15 0 -2 46
 105 -3 -2 347
 15 0 0 40
 15 1 2 128
 15 0 -3 358
 15 -2 3 309
 105 -2 2 152
 105 -4 1 141
 105 0 4 85
 105 2 3 86
 15 1 1 97
 15 1 0 82
 15 0 1 340
 105 -2 -2 216
 15 4 -1 147
 15 -1 0 275
 15 -2 1 142
 15 -1 1 2
 15 -1 -1 73
 15 4 0 284
 15 1 -1 91
 15 0 2 285
 15 3 -3 298
 105 0 -1 268
 15 -1 -2 229
 55 1 3 259
 5 2 1 272
 55 -1 2 351
 5 3 -1 197
 55 2 0 245
 5 -3 3 21
 55 3 1 114
 55 -3 1 39
 55 -2 0 81
 55 3 0 202
 55 1 -2 73
 55 1 -3 335
 55 0 -4 53
 55 0 3 185
 5 -3 -3 336
 55 -4 0 192
 55 2 -3 132
 55 -3 0 8
 55 1 -4 20
 55 4 1 27
 55 -1 3 352
 5 3 3 252
 55 -3 -1 23
 55 -2 -1 143
 55 2 -2 346
 5 -3 2 312
 55 2 -1 118
 55 3 2 187
 "contig-ratio-green-core" 0.7647058823529411
 "contig-ratio-red-core" 0.8823529411764706
 "a-count" 4
 "b-count" 7
 "c-color-count" 21
 "c-express-count" 21
 "d-color-count" 24
 "d-express-count" 24
 "cell-count" 56
 15 2 -1 36
 15 -1 2 292
 15 1 1 306
 15 3 3 88
 15 0 2 316
 105 -1 -3 294
 15 2 1 101
 15 3 1 159
 15 1 0 159
 15 1 -1 136
 15 2 0 71
 15 0 -4 149
 105 -3 -3 96
 15 -2 0 287
 15 -4 0 129
 15 -3 -2 144
 15 -1 1 168
 15 -3 0 358
 105 -3 1 203
 15 -3 -1 307
 15 3 2 140
 15 0 -3 285
 15 -2 -1 171
 15 4 1 359
 105 -1 3 244
 15 0 1 269
 15 3 -3 148
 15 0 3 212
 55 3 0 36
 5 -3 2 262
 55 0 0 345
 55 -1 -1 291
 5 -2 1 252
 55 2 3 339
 55 4 -1 31
 55 2 -2 52
 55 -1 -2 339
 5 -4 -1 276
 5 -2 2 99
 55 1 3 134
 55 2 2 111
 55 3 -1 221
 55 0 -2 139
 55 4 0 292
 55 -2 -2 302
 55 -2 3 131
 55 -1 4 29
 55 -1 0 310
 55 1 4 50
 55 1 -2 249
 5 3 -2 41
 55 0 -1 40
 5 1 -3 222
 55 0 4 190
 55 2 -3 86
 5 -1 -4 220
 "contig-ratio-green-core" 0.85
 "contig-ratio-red-core" 0.75
 "a-count" 8
 "b-count" 10
 "c-color-count" 18
 "c-express-count" 18
 "d-color-count" 21
 "d-express-count" 20
 "cell-count" 56
 15 4 -1 112
 15 -2 2 263
 105 3 2 245
 15 -2 0 268
 15 -3 1 223
 15 -3 -1 268
 15 -3 2 138
 105 -3 3 327
 15 -2 1 288
 105 -1 -4 37
 15 -4 -1 202
 15 1 -1 335
 15 2 -2 191
 15 2 0 351
 105 1 0 345
 15 -3 0 143
 15 2 1 187
 15 3 1 318
 105 3 3 6
 15 -1 -3 231
 15 2 2 293
 105 3 -1 153
 15 0 -3 312
 15 1 4 152
 105 -4 0 122
 15 3 0 105
 15 1 1 132
 15 2 -1 84
 5 -1 4 121
 55 -2 -3 331
 55 4 0 63
 55 0 2 279
 55 -1 1 156
 5 2 -3 286
 55 1 3 90
 55 2 3 89
 5 0 -4 4
 55 -1 -1 281
 5 3 -3 31
 55 -1 2 201
 55 -3 -2 65
 55 0 -1 262
 55 0 0 313
 5 0 -2 144
 55 -3 -3 165
 55 4 1 223
 5 -2 -1 96
 55 -1 0 231
 5 -1 -2 276
 55 -1 3 172
 5 1 -2 4
 5 1 -4 91
 55 1 2 12
 55 0 1 140
 55 0 3 29
 5 0 4 71
 "contig-ratio-green-core" 0.8
 "contig-ratio-red-core" 0.6875
 "a-count" 8
 "b-count" 6
 "c-color-count" 22
 "c-express-count" 22
 "d-color-count" 22
 "d-express-count" 20
 "cell-count" 56
 15 -1 -2 71
 15 0 -1 352
 15 1 -1 58
 15 3 0 321
 15 2 0 352
 15 -1 -1 184
 15 2 -1 112
 15 3 3 199
 15 3 -2 177
 15 1 -2 312
 105 1 -4 237
 15 3 1 217
 105 -3 2 6
 15 0 -2 351
 15 2 1 92
 15 2 2 27
 105 4 -1 8
 15 -4 1 253
 105 -2 -3 153
 15 -3 3 276
 15 2 -2 42
 15 1 0 53
 15 -3 0 148
 105 -3 -2 215
 105 3 -1 18
 15 -4 0 337
 15 1 1 336
 15 -2 -1 258
 55 -2 0 92
 55 4 1 46
 55 -2 3 281
 55 2 -3 94
 5 1 -3 263
 55 1 3 280
 55 0 0 294
 5 0 -3 151
 55 0 -4 59
 5 -2 -2 132
 5 -3 -3 255
 55 0 3 176
 55 -1 2 21
 55 -1 1 349
 55 2 3 351
 5 3 2 33
 5 -3 -1 172
 55 -1 0 11
 55 -1 -4 351
 55 -2 2 53
 55 1 4 56
 55 3 -3 281
 55 -1 -3 290
 55 0 1 10
 55 4 0 89
 55 -1 3 204
 55 -2 1 69
 55 0 2 313
 "contig-ratio-green-core" 0.6842105263157895
 "contig-ratio-red-core" 0.6470588235294118
