 "a-count" 10
 "b-count" 5
 "c-color-count" 24
 "c-express-count" 23
 "d-color-count" 19
 "d-express-count" 18
 "cell-count" 56
 15 0 2 225
 105 2 3 11
 15 -3 -2 184
 15 0 1 42
 15 -1 -1 232
 15 -2 -2 243
 105 -1 4 53
 15 2 2 137
 15 0 3 226
 15 1 0 96
 105 -2 -3 217
 15 -3 1 323
 15 1 -2 137
 15 1 1 184
 105 0 4 280
 15 -2 3 355
 15 1 2 156
 15 -4 -1 308
 105 1 -4 209
 105 4 -1 47
 15 0 -2 236
 105 -3 -3 249
 15 0 0 127
 15 -4 0 248
 15 0 -1 281
 105 2 -3 149
 15 1 -1 32
 105 3 -2 183
 55 4 1 359
 55 3 3 331
 55 3 1 359
 55 -1 0 101
 55 0 -4 25
 55 -3 3 72
 5 -2 0 283
 55 0 -3 319
 55 -2 -1 71
 55 1 3 51
 55 -1 2 20
 55 1 -3 345
 55 -3 -1 255
 55 3 -1 261
 55 -2 1 222
 5 -3 2 177
 55 2 1 79
 5 -1 -4 272
 5 -1 1 14
 55 -1 -2 56
 55 2 0 301
 55 -3 0 17
 55 -2 2 184
 55 3 2 162
 55 3 0 92
 55 -1 3 33
 55 -4 1 17
 55 2 -1 114
 "contig-ratio-green-core" 0.8421052631578947
 "contig-ratio-red-core" 0.9333333333333333
 "a-count" 7
 "b-count" 7
 "c-color-count" 22
 "c-express-count" 21
 "d-color-count" 21
 "d-express-count" 21
 "cell-count" 56
 105 1 -4 101
 15 -2 1 148
 15 -3 -3 0
 105 -3 2 178
 15 2 3 8
 105 2 -3 252
 15 -1 0 109
 15 4 1 344
 105 -3 3 3
 15 -1 2 162
 105 -2 -1 42
 15 0 0 329
 15 -1 3 82
 15 2 2 165
 15 -3 -1 242
 15 1 1 8
 15 1 0 52
 15 -1 -1 320
 15 -3 0 101
 105 -1 1 309
 15 0 3 322
 15 0 -1 216
 15 1 2 323
 15 0 1 95
 15 0 2 74
 105 0 -4 338
 15 -4 0 147
 15 -2 0 202
 55 -2 -3 337
 55 1 -3 248
 55 3 0 199
 5 2 -2 352
 5 3 -2 0
 55 -2 2 165
 55 4 0 71
 55 3 3 34
 55 0 -2 331
 55 3 1 86
 55 -1 -2 256
 55 -2 3 6
 5 -4 -1 333
 55 2 0 136
 55 -1 -3 66
 5 -3 1 200
 55 1 5 350
 55 0 4 1
 55 2 -1 30
 55 1 4 71
 5 3 -1 145
 55 4 -1 146
 55 2 1 121
 55 -2 -2 101
 55 3 2 182
 55 -3 -2 247
 55 0 -3 159
 5 1 -1 330
 "contig-ratio-green-core" 0.6842105263157895
 "contig-ratio-red-core" 0.7142857142857143
 "a-count" 12
 "b-count" 3
 "c-color-count" 26
 "c-express-count" 25
 "d-color-count" 17
 "d-express-count" 16
 "cell-count" 56
 15 0 -3 103
 15 -4 1 276
 105 2 2 261
 15 3 -1 78
 105 4 1 256
 15 0 4 293
 15 -1 3 224
 15 0 -4 176
 15 1 -4 191
 105 -3 2 26
 105 0 3 212
 15 -3 -1 200
 105 -3 3 313
 15 -1 4 96
 105 2 -3 290
 15 -3 -3 210
 105 3 3 331
 105 3 2 276
 15 3 1 140
 105 1 -3 138
 105 0 -2 30
 15 3 -2 66
 15 -4 0 156
 15 1 4 162
 15 3 0 310
 15 2 1 5
 15 1 3 345
 105 -4 -1 116
 55 -1 -3 343
 55 -1 0 29
 55 1 0 177
 55 -2 -3 44
 55 0 0 46
 55 2 0 74
 5 -2 3 206
 55 2 -1 17
 55 1 -2 274
 55 0 -1 48
 55 -2 0 179
 55 0 1 306
 55 1 2 305
 55 4 0 352
 55 0 2 69
 55 1 1 348
 55 -3 0 189
 55 -3 -2 241
 55 -2 -2 276
 55 1 -1 224
 55 -3 1 150
 55 -2 1 88
 55 -2 -1 40
 5 4 -1 241
 55 -2 2 279
 55 2 3 91
 55 -1 -1 330
 55 -1 1 277
 "contig-ratio-green-core" 0.5294117647058824
 "contig-ratio-red-core" 0.75
 "a-count" 12
 "b-count" 6
 "c-color-count" 22
 "c-express-count" 22
 "d-color-count" 17
 "d-express-count" 16
 "cell-count" 56
 15 0 2 344
 15 2 -3 302
 15 -1 3 0
 15 -4 -1 352
 105 -3 -1 12
 15 -2 3 315
 105 0 3 108
 15 2 0 1
 105 3 3 125
 105 1 3 28
 15 3 2 102
 15 2 -2 312
 105 1 -4 286
 15 -2 2 131
 15 -1 2 132
 105 4 1 143
 15 0 -4 272
 15 -4 0 201
 105 2 2 329
 105 3 -1 6
 15 -1 -4 75
 105 4 0 206
 105 -2 -3 348
 15 2 -1 138
 15 -2 1 250
 15 1 2 132
 15 -3 2 71
 105 2 3 354
 5 -3 -2 167
 55 1 1 1
 55 1 -1 122
 5 -3 0 324
 55 0 -2 46
 5 3 0 274
 55 -1 -3 311
 55 0 0 36
 55 -2 -1 164
 55 0 4 54
 55 0 -3 340
 55 -2 0 324
 55 -1 0 217
 55 -2 -2 283
 55 3 -2 310
 55 0 -1 19
 55 1 -2 272
 55 1 0 108
 5 3 -3 66
 55 -1 1 52
 55 0 1 59
 55 -1 4 28
 55 3 1 279
 55 2 1 347
 55 -1 -1 325
 5 1 4 156
 5 -3 1 233
 55 -1 -2 294
 "contig-ratio-green-core" 0.7857142857142857
 "contig-ratio-red-core" 0.7142857142857143
