 "a-count" 12
 "b-count" 1
 "c-color-count" 27
 "c-express-count" 27
 "d-color-count" 16
 "d-express-count" 16
 "cell-count" 56
 15 -1 3 150
 105 -2 1 177
 15 -2 2 252
 105 1 -4 338
 15 3 -1 262
 105 4 -1 258
 15 -1 2 314
 105 1 4 241
 105 3 -3 268
 105 2 -3 210
 15 -1 0 308
 15 -4 1 9
 15 -1 -4 168
 105 3 2 107
 15 0 -4 54
 15 -2 0 10
 15 -3 -2 130
 15 -1 1 230
 15 4 0 304
 15 2 -1 204
 15 3 0 7
 105 0 4 311
 15 0 3 113
 15 -2 3 66
 105 4 1 106
 105 2 3 221
 105 3 -2 262
 105 -3 -3 302
 55 0 -3 327
 55 1 -3 166
 55 -1 4 219
 55 2 1 218
 55 3 1 138
 55 -2 -1 282
 55 -3 3 303
 55 -1 -1 147
 55 2 0 57
 55 -3 1 152
 55 1 0 243
 55 -3 0 15
 55 0 2 208
 55 0 -1 324
 55 0 1 75
 55 -2 -2 296
 55 2 2 38
 55 0 0 151
 55 1 1 72
 55 -1 -3 326
 55 1 2 250
 55 -4 -1 102
 55 -3 2 336
 5 2 -2 57
 55 1 -2 177
 55 -1 -2 257
 55 -3 -1 328
 55 1 -1 95
 "contig-ratio-green-core" 0.5263157894736842
 "contig-ratio-red-core" 1.1538461538461537
 "a-count" 10
 "b-count" 8
 "c-color-count" 20
 "c-express-count" 20
 "d-color-count" 20
 "d-express-count" 18
 "cell-count" 56
 15 -2 -1 223
 15 0 -3 289
 105 -2 -2 9
 15 0 -2 226
 15 2 2 4
 15 0 1 279
 15 1 -1 262
 105 3 -3 114
 15 3 2 210
 15 -1 4 161
 15 0 0 67
 15 1 4 177
 15 -2 0 304
 105 1 -4 67
 15 0 -1 70
 105 1 -3 167
 105 4 0 286
 105 0 -4 99
 15 -1 -2 172
 15 1 3 280
 15 -1 0 257
 105 -1 -4 354
 15 1 0 260
 15 2 3 235
 15 4 1 142
 15 1 -2 203
 105 -2 -3 286
 15 -1 -1 207
 55 2 0 92
 55 3 1 327
 55 0 3 77
 55 -3 0 78
 55 3 0 5
 55 2 1 28
 55 3 -1 232
 55 0 4 113
 5 -3 2 48
 55 -3 -2 250
 55 -2 3 197
 55 0 2 125
 55 -1 3 94
 5 2 -3 139
 5 -3 1 350
 5 1 1 275
 5 -2 2 301
 5 3 3 90
 55 -4 0 309
 55 1 2 71
 55 -4 1 51
 5 -3 3 259
 55 2 -1 202
 55 2 -2 348
 55 -1 2 240
 5 -1 1 273
 55 -3 -1 66
 55 3 -2 29
 "contig-ratio-green-core" 0.6111111111111112
 "contig-ratio-red-core" 0.7333333333333333
 "a-count" 9
 "b-count" 5
 "c-color-count" 23
 "c-express-count" 23
 "d-color-count" 19
 "d-express-count" 19
 "cell-count" 56
 105 3 1 258
 15 0 0 76
 105 4 1 193
 15 -3 3 47
 15 -4 0 43
 15 -2 -2 233
 15 0 1 223
 15 2 2 91
 15 3 -3 157
 105 -2 -3 276
 15 1 -1 343
 105 1 2 251
 105 3 2 119
 15 0 -2 245
 15 1 1 197
 15 -1 -2 292
 105 0 -4 38
 15 2 0 273
 15 -1 -1 225
 15 0 -1 315
 15 2 1 91
 15 -1 0 181
 105 -1 -3 194
 105 2 3 239
 105 -3 -2 338
 15 -2 3 9
 15 -4 -1 234
 15 1 0 18
 55 4 -1 354
 5 -1 -4 51
 55 -2 -1 275
 55 3 -2 137
 55 -2 0 199
 55 -1 2 253
 55 2 -3 240
 55 1 -3 253
 55 3 0 355
 5 2 -1 219
 55 0 3 303
 5 -4 1 223
 55 0 2 77
 55 -3 0 277
 55 1 -2 99
 55 0 5 90
 55 0 -3 117
 55 1 3 16
 55 -2 2 292
 55 -1 1 61
 5 3 3 291
 55 0 4 14
 55 3 -1 263
 5 -3 1 62
 55 2 -2 224
 55 -1 3 311
 55 -1 4 199
 55 -3 2 45
 "contig-ratio-green-core" 0.6111111111111112
 "contig-ratio-red-core" 1
 "a-count" 6
 "b-count" 8
 "c-color-count" 20
 "c-express-count" 20
 "d-color-count" 23
 "d-express-count" 22
 "cell-count" 56
 15 0 -4 85
 105 4 1 214
 15 3 1 112
 15 -3 2 223
 15 -3 -1 259
 15 2 3 263
 15 -3 -2 58
 15 0 4 181
 15 1 1 92
 15 -2 0 165
 15 -4 0 351
 15 0 -3 92
 15 2 1 205
 15 2 2 69
 15 -2 -1 26
 15 -3 0 54
 15 -2 3 174
 15 0 -2 9
 105 -4 1 314
 15 1 -3 9
 15 1 2 137
 105 3 3 184
 15 2 -3 72
 105 -1 4 111
 15 3 0 109
 15 -2 1 285
 105 3 -3 55
 15 3 2 85
 55 1 -1 134
 55 -2 -3 69
 55 -1 2 97
 55 2 -1 87
 55 2 -2 35
 55 3 -1 343
 5 4 0 291
 55 0 3 55
 55 -1 -1 341
 55 -1 -3 193
 55 0 1 149
 5 4 -1 341
 55 0 0 289
 55 -2 2 119
 55 1 0 330
 55 -1 -2 194
 55 0 2 109
 5 -1 0 294
 55 1 3 3
 55 0 -1 66
 5 -1 -4 50
 5 1 -4 313
 55 -1 3 202
 5 -2 -2 245
 55 2 0 124
 55 -1 1 99
 5 -4 -1 100
 5 1 4 86
 "contig-ratio-green-core" 0.8125
 "contig-ratio-red-core" 0.7647058823529411
