 "a-count" 10
 "b-count" 7
 "c-color-count" 21
 "c-express-count" 21
 "d-color-count" 18
 "d-express-count" 18
 "cell-count" 56
 15 -2 -2 226
 15 -2 1 111
 15 1 -2 200
 15 0 3 123
 105 -2 -3 11
 15 2 -1 221
 15 1 -1 297
 105 1 -4 87
 105 1 -3 222
 15 1 3 231
 15 -3 0 288
 15 -1 -2 318
 105 2 -3 338
 15 0 -2 121
 15 -2 2 49
 15 4 -1 215
 105 -3 1 53
 15 -3 2 235
 15 2 3 199
 105 3 -3 224
 15 -4 0 343
 15 -3 -1 81
 15 -1 3 208
 15 3 -1 86
 105 0 4 118
 105 0 -4 108
 105 2 -2 20
 105 3 2 70
 5 0 -3 333
 55 1 2 269
 55 -1 -1 104
 55 0 0 358
 55 -1 1 76
 55 -2 3 138
 55 0 1 212
 5 3 -2 197
 55 -2 0 190
 55 -1 0 262
 5 -1 -4 21
 5 -1 -3 358
 55 0 2 193
 55 1 0 321
 55 -3 3 183
 55 3 1 262
 55 -1 2 251
 55 2 2 165
 5 -1 4 67
 55 0 -1 292
 55 -2 -1 223
 5 -4 1 161
 5 3 3 353
 55 2 1 228
 55 3 0 160
 55 1 1 73
 55 2 0 285
 55 -4 -1 216
 "contig-ratio-green-core" 1
 "contig-ratio-red-core" 0.9230769230769231
 "a-count" 10
 "b-count" 6
 "c-color-count" 22
 "c-express-count" 22
 "d-color-count" 18
 "d-express-count" 18
 "cell-count" 56
 105 3 -2 250
 105 1 -4 282
 105 -2 -3 18
 15 4 -1 292
 15 -3 -2 254
 15 3 1 167
 15 -1 -1 336
 15 -2 -1 174
 15 0 -2 200
 105 2 -3 241
 15 1 1 149
 105 -3 -3 41
 105 -1 -3 65
 15 1 0 159
 15 2 1 356
 105 -3 3 103
 105 -1 4 268
 15 -2 -2 44
 15 -3 2 124
 15 -1 -2 61
 15 1 -1 295
 15 -2 3 78
 105 0 -3 216
 105 2 2 43
 15 -1 3 85
 15 0 -1 158
 15 -2 2 284
 15 0 0 183
 5 -1 -4 240
 5 3 3 307
 55 3 -1 316
 5 3 -3 276
 55 0 1 133
 55 0 4 352
 5 1 4 7
 55 -3 -1 109
 55 2 -1 301
 55 -1 0 127
 5 1 2 54
 55 1 3 196
 55 2 3 35
 5 3 2 279
 55 -3 0 319
 55 -2 1 242
 55 -1 1 163
 55 2 0 217
 55 -4 0 168
 55 4 0 1
 55 3 0 123
 55 0 3 208
 55 2 -2 338
 55 1 -2 226
 55 -2 0 316
 55 -3 1 159
 55 -1 2 34
 55 1 -3 71
 "contig-ratio-green-core" 0.7777777777777778
 "contig-ratio-red-core" 0.8571428571428571
 "a-count" 6
 "b-count" 8
 "c-color-count" 20
 "c-express-count" 20
 "d-color-count" 22
 "d-express-count" 22
 "cell-count" 56
 15 1 0 233
 15 -3 -1 175
 15 3 2 206
 15 0 -1 69
 15 2 -1 41
 105 1 -4 265
 15 -1 4 131
 15 -3 1 91
 15 -2 -3 195
 15 -4 0 189
 15 -2 1 337
 15 -1 -3 324
 15 2 0 23
 15 2 1 213
 15 2 2 279
 105 1 1 231
 15 0 -2 307
 15 0 -3 185
 15 -2 2 327
 15 1 -2 220
 15 -3 0 269
 105 -1 -2 329
 15 1 -1 308
 105 2 -3 277
 105 0 -4 259
 105 0 3 309
 15 2 -2 290
 15 3 1 229
 55 -3 -2 239
 55 3 -1 354
 55 3 -2 37
 55 4 -1 316
 55 -2 0 66
 55 -1 0 258
 55 -1 -1 233
 5 0 0 226
 55 0 1 252
 55 4 0 251
 55 1 2 114
 55 0 2 166
 5 -1 3 125
 5 -4 -1 73
 55 3 0 343
 55 -2 -2 266
 5 1 3 345
 55 1 -3 259
 5 2 3 305
 5 3 -3 111
 55 -1 1 59
 5 3 3 137
 55 4 -2 48
 55 -2 -1 288
 55 -1 2 54
 5 -4 1 136
 55 -2 -1 86
 55 -2 0 326
 "contig-ratio-green-core" 0.6111111111111112
 "contig-ratio-red-core" 0.7777777777777778
 "a-count" 11
 "b-count" 6
 "c-color-count" 23
 "c-express-count" 22
 "d-color-count" 19
 "d-express-count" 17
 "cell-count" 56
 15 1 4 67
 105 4 1 177
 15 -3 0 235
 15 3 -2 297
 105 -3 2 42
 15 -2 2 325
 15 -3 1 300
 15 -3 -2 10
 15 3 3 290
 105 1 2 238
 15 -3 -1 294
 15 -2 0 236
 105 -2 -3 287
 105 -1 -3 239
 15 -2 1 87
 15 0 3 313
 105 1 -4 247
 15 0 4 56
 105 0 -2 310
 15 -1 -1 233
 105 0 2 350
 105 -1 -4 164
 15 -1 1 214
 15 4 -1 112
 15 1 -2 24
 15 -1 0 86
 15 -2 -1 114
 15 2 -2 82
 55 3 0 201
 55 2 -1 53
 55 0 1 329
 55 -4 0 46
 5 -3 -3 195
 55 2 1 263
 55 -2 4 1
 5 2 -3 36
 55 -4 -1 269
 55 -4 1 115
 55 2 3 88
 55 1 -3 121
 55 3 1 58
 5 0 -3 280
 55 -2 3 61
 55 -1 4 334
 55 -2 -2 193
 55 0 -1 282
 5 0 -4 293
 55 1 -1 162
 55 3 -1 39
 55 1 1 284
 55 2 2 297
 55 2 0 127
 5 -1 2 151
 55 1 0 148
 55 0 0 84
 55 -1 -2 252
 "contig-ratio-green-core" 0.8235294117647058
 "contig-ratio-red-core" 0.9166666666666666
