 "a-count" 8
 "b-count" 7
 "c-color-count" 21
 "c-express-count" 21
 "d-color-count" 20
 "d-express-count" 20
 "cell-count" 56
 15 4 1 97
 15 -2 -2 267
 105 2 2 334
 15 0 0 31
 15 -1 -3 201
 15 -1 -1 86
 15 -3 1 74
 15 -3 0 51
 105 -1 4 6
 15 2 1 189
 105 1 3 173
 105 2 3 9
 15 4 0 129
 15 0 -1 171
 105 -4 -1 97
 15 0 -2 338
 15 0 -3 230
 15 1 -1 231
 15 3 1 197
 15 -1 0 168
 15 -2 0 182
 15 1 -2 116
 15 1 -3 231
 15 -2 -1 54
 105 0 4 219
 15 -4 0 218
 105 -1 -2 245
 105 1 4 157
 55 -1 2 41
 55 -2 3 127
 5 4 -1 341
 55 -3 -2 118
 5 1 -4 125
 55 -3 3 25
 55 0 -4 236
 5 -4 1 320
 55 3 0 213
 55 2 -1 54
 55 -1 1 181
 55 3 -3 297
 55 1 1 258
 55 1 0 53
 55 0 3 345
 55 -2 -3 302
 55 0 2 50
 5 3 -1 339
 5 -2 1 274
 55 -1 3 354
 55 2 0 149
 5 -1 -4 259
 55 0 1 93
 55 2 -3 80
 55 -3 -3 253
 5 2 -2 89
 55 1 2 230
 55 -3 2 259
 "contig-ratio-green-core" 0.5555555555555556
 "contig-ratio-red-core" 0.75
 "a-count" 11
 "b-count" 2
 "c-color-count" 26
 "c-express-count" 26
 "d-color-count" 17
 "d-express-count" 17
 "cell-count" 56
 15 -1 -1 172
 105 -2 -3 108
 105 -1 -4 210
 15 -1 0 47
 15 -3 0 109
 105 3 -3 254
 105 -1 4 267
 15 -2 -1 356
 15 2 -1 97
 105 2 -3 165
 15 1 0 319
 105 -2 1 139
 15 -2 0 173
 15 0 4 141
 105 -3 -3 295
 15 0 0 281
 105 4 0 228
 15 2 -2 177
 105 1 -3 60
 15 3 3 287
 105 1 -4 302
 15 -3 1 322
 15 1 -1 273
 15 0 -1 22
 15 -3 -2 85
 15 0 -4 115
 105 -4 0 28
 15 3 -2 162
 55 2 3 169
 55 -1 -3 301
 55 -1 -2 175
 5 1 1 283
 55 3 2 159
 5 -2 3 133
 55 3 1 91
 55 -2 2 82
 55 -3 2 70
 55 -1 2 6
 55 1 3 167
 55 0 -3 172
 55 2 0 73
 55 1 -2 37
 55 3 -1 150
 55 2 1 262
 55 0 -2 184
 55 3 0 359
 55 -1 1 340
 55 4 1 310
 55 -3 -1 330
 55 -2 -2 293
 55 2 2 308
 55 0 2 100
 55 1 2 102
 55 -4 -1 106
 55 -3 3 133
 55 0 3 186
 "contig-ratio-green-core" 0.6818181818181818
 "contig-ratio-red-core" 0.7142857142857143
 "a-count" 7
 "b-count" 7
 "c-color-count" 22
 "c-express-count" 21
 "d-color-count" 22
 "d-express-count" 21
 "cell-count" 56
 15 1 -2 147
 15 -1 3 254
 15 -1 2 220
 15 0 -2 294
 15 1 1 273
 15 2 -2 156
 105 0 -4 238
 15 -1 -2 115
 15 -1 -1 252
 105 1 -4 178
 15 0 -3 22
 105 1 -3 205
 15 0 3 136
 15 -1 -3 145
 15 -2 -2 305
 15 1 2 344
 15 0 -1 28
 105 4 0 17
 105 4 -1 15
 15 -2 -3 136
 15 1 3 77
 15 0 4 66
 15 2 -3 192
 15 -2 3 103
 15 3 3 55
 15 -2 2 116
 15 0 2 120
 105 -3 2 262
 5 -3 -3 25
 55 0 0 111
 55 2 2 114
 55 -3 3 308
 55 -2 0 248
 55 -4 1 209
 55 3 -1 150
 55 -3 1 206
 55 2 -1 268
 5 -4 0 359
 5 3 2 306
 55 -4 -1 215
 55 -1 1 136
 5 -1 -4 139
 55 2 3 175
 55 3 1 209
 55 -3 -1 312
 55 -2 -1 148
 55 2 0 37
 55 1 0 185
 55 3 -3 333
 55 1 -1 85
 5 0 1 21
 55 -3 0 258
 5 2 1 111
 55 3 0 276
 55 -2 1 27
 55 -1 0 354
 "contig-ratio-green-core" 0.6470588235294118
 "contig-ratio-red-core" 0.7058823529411765
 "a-count" 9
 "b-count" 6
 "c-color-count" 22
 "c-express-count" 22
 "d-color-count" 19
 "d-express-count" 19
 "cell-count" 56
 15 -2 1 61
 15 4 0 35
 15 1 4 4
 105 -3 -1 294
 15 -3 -3 354
 105 3 -3 175
 105 2 -3 281
 15 3 -1 125
 15 0 -3 159
 15 3 0 8
 15 -2 2 277
 15 -2 0 319
 15 -1 -3 178
 15 0 -4 268
 15 2 0 39
 15 -1 2 235
 105 4 -1 102
 105 2 1 56
 15 3 -2 322
 15 -3 1 88
 105 -2 3 96
 105 2 -2 178
 15 -2 -1 154
 105 4 1 55
 15 -4 0 190
 105 -2 -3 166
 15 -3 0 318
 15 2 -1 182
 55 -1 1 29
 55 -3 -2 72
 5 3 3 298
 5 -1 4 216
 55 -3 2 136
 55 1 1 113
 55 -2 -2 103
 5 2 2 4
 55 1 3 259
 55 0 -2 323
 55 -1 -4 131
 55 1 -3 313
 55 0 -1 186
 55 -1 0 104
 55 0 1 42
 5 2 3 247
 5 3 2 132
 55 1 0 36
 55 -1 -1 106
 5 0 4 13
 55 -3 3 108
 55 1 2 2
 55 0 0 2
 55 0 3 133
 55 0 2 75
 55 1 -1 329
 55 1 -2 264
 55 -1 -2 308
 "contig-ratio-green-core" 0.75
 "contig-ratio-red-core" 0.8
