 "a-count" 4
 "b-count" 5
 "c-color-count" 23
 "c-express-count" 23
 "d-color-count" 25
 "d-express-count" 24
 "cell-count" 56
 15 0 1 349
 15 -3 1 11
 15 1 0 254
 15 -1 0 261
 15 0 2 8
 15 -2 -1 149
 15 2 1 78
 15 -3 0 48
 15 -3 -3 39
 15 0 0 117
 15 -1 1 349
 15 3 -2 335
 15 2 0 139
 105 3 2 125
 105 1 1 133
 15 2 -1 201
 15 1 -4 343
 15 -2 0 191
 15 1 2 210
 15 -2 1 118
 15 0 -1 75
 15 2 2 237
 15 2 -2 121
 15 -4 1 103
 15 -1 -1 176
 105 -1 2 225
 15 3 1 249
 15 3 0 31
 55 -2 -3 257
 55 0 3 174
 5 2 3 259
 55 -3 -1 251
 55 1 -3 49
 55 0 4 236
 55 4 0 68
 55 4 -1 253
 55 1 -2 268
 5 -1 -4 2
 55 -2 3 120
 5 1 4 7
 5 -2 2 101
 55 2 -3 74
 55 -1 -3 211
 55 1 3 357
 5 -3 2 62
 55 0 -3 188
 55 -2 -2 134
 55 0 -2 50
 55 -4 0 16
 55 4 1 78
 55 -1 3 305
 55 -2 -4 58
 55 -1 -2 71
 55 3 -1 350
 55 3 3 69
 55 -3 3 308
 "contig-ratio-green-core" 0.6666666666666666
 "contig-ratio-red-core" 0.8
 "a-count" 9
 "b-count" 6
 "c-color-count" 23
 "c-express-count" 22
 "d-color-count" 20
 "d-express-count" 19
 "cell-count" 56
 105 -3 -1 347
 15 -1 3 119
 15 -2 -2 167
 15 -2 -1 249
 105 2 -2 268
 15 -1 -4 320
 15 -2 1 139
 15 1 2 344
 15 -3 -2 131
 105 -3 3 149
 15 2 0 174
 15 3 0 264
 15 -2 2 200
 15 -1 -1 325
 15 -2 0 251
 105 4 -1 181
 105 0 3 230
 105 3 -2 79
 105 3 -1 3
 15 4 1 284
 15 -1 0 237
 105 4 0 112
 15 0 2 294
 15 -1 2 150
 15 2 -1 12
 15 -1 1 21
 15 1 -2 257
 15 -3 0 64
 55 1 -4 105
 55 2 1 35
 55 3 3 327
 55 0 -1 237
 55 -2 3 317
 55 1 1 82
 55 0 0 302
 55 1 4 41
 55 0 -2 9
 55 0 1 96
 55 -1 -2 75
 55 -3 1 213
 55 -1 4 353
 55 3 2 343
 55 1 0 223
 5 2 2 348
 55 1 -3 238
 55 -2 -3 117
 55 0 -3 262
 55 3 1 45
 55 -4 0 34
 5 -3 2 270
 5 0 4 78
 55 -4 1 21
 5 2 3 168
 55 -1 -3 21
 55 1 -1 57
 5 1 3 74
 "contig-ratio-green-core" 0.6818181818181818
 "contig-ratio-red-core" 1
 "a-count" 4
 "b-count" 5
 "c-color-count" 23
 "c-express-count" 23
 "d-color-count" 25
 "d-express-count" 24
 "cell-count" 56
 15 -1 0 351
 15 -1 -1 16
 105 -2 3 71
 15 -2 2 317
 15 -3 0 317
 15 1 0 54
 15 0 -1 230
 15 -1 1 238
 15 -2 0 323
 105 0 0 27
 15 2 2 97
 15 0 1 330
 15 2 0 316
 15 -3 -1 222
 15 -1 2 121
 15 2 1 293
 15 2 -3 250
 15 2 -1 112
 15 1 -1 166
 15 4 -1 120
 15 3 -1 150
 15 1 -2 235
 15 -2 -1 30
 105 3 2 348
 15 -2 1 150
 15 1 1 32
 15 2 -2 188
 15 -1 3 99
 55 -5 1 86
 55 1 -3 258
 55 -3 3 109
 55 3 1 241
 55 0 3 20
 55 0 -3 293
 55 1 2 208
 55 4 1 10
 55 -3 -3 304
 5 -2 -2 43
 55 0 -4 46
 55 -4 1 154
 55 1 3 195
 55 0 2 81
 55 4 0 331
 55 -1 4 164
 55 -3 2 122
 55 3 -3 58
 5 1 4 318
 55 2 3 65
 5 -4 0 8
 55 -1 -3 206
 55 -2 -3 244
 5 3 0 198
 5 3 -2 273
 55 0 -2 85
 55 -5 0 118
 55 -4 2 138
 "contig-ratio-green-core" 0.5789473684210527
 "contig-ratio-red-core" 0.6111111111111112
 "a-count" 7
 "b-count" 4
 "c-color-count" 25
 "c-express-count" 24
 "d-color-count" 22
 "d-express-count" 21
 "cell-count" 56
 15 3 -3 274
 15 1 2 274
 15 0 -3 42
 105 0 0 306
 15 -2 -1 21
 15 0 -2 156
 15 0 1 326
 15 1 0 168
 15 -1 -1 118
 15 1 1 240
 15 2 1 270
 15 -2 -2 160
 15 -1 2 108
 105 -3 3 41
 105 2 2 218
 15 2 0 113
 15 -1 0 260
 15 -1 -2 348
 15 0 -1 55
 15 -2 0 188
 105 -3 -2 170
 15 2 -1 267
 105 -1 -3 12
 15 1 -1 343
 15 -2 2 188
 105 -3 -3 318
 15 -1 1 279
 15 -2 1 136
 55 -2 4 115
 55 3 3 352
 55 4 0 261
 55 3 -2 117
 55 -4 0 24
 55 4 1 162
 55 2 -2 121
 5 4 -1 173
 55 2 -3 127
 55 -3 0 129
 55 -2 3 149
 5 -2 -3 200
 55 -3 2 151
 55 1 -2 188
 55 3 0 44
 55 -4 1 284
 55 1 4 350
 55 0 4 55
 55 1 -4 53
 5 -3 1 311
 55 -1 4 170
 55 -1 3 133
 55 2 4 287
 55 1 -3 296
 55 1 3 199
 55 3 1 222
 55 2 3 321
 55 3 -1 149
 "contig-ratio-green-core" 0.4583333333333333
 "contig-ratio-red-core" 0.7857142857142857
