 "a-count" 6
 "b-count" 4
 "c-color-count" 24
 "c-express-count" 24
 "d-color-count" 23
 "d-express-count" 22
 "cell-count" 56
 15 0 -4 344
 15 -1 1 137
 15 2 -1 193
 105 3 -2 83
 105 1 4 29
 15 4 -1 255
 105 2 -3 89
 15 -2 2 230
 15 -1 0 218
 15 1 3 278
 15 2 -2 41
 15 3 -1 56
 15 -2 -1 48
 15 0 0 77
 15 2 0 21
 15 -3 -2 61
 15 -2 1 95
 15 0 1 223
 15 1 1 34
 15 0 2 145
 15 -1 2 303
 15 -2 0 95
 15 0 3 161
 15 1 0 77
 15 1 2 183
 105 -3 -3 46
 15 -1 3 132
 105 -1 -4 358
 55 0 -3 103
 5 -3 2 139
 55 1 -1 40
 5 4 1 294
 55 -3 0 121
 55 -2 -3 194
 55 -4 1 69
 55 -1 4 35
 55 -1 -3 266
 55 -1 -2 286
 55 2 1 79
 55 3 0 347
 55 -2 3 305
 55 -3 1 285
 5 3 -3 147
 55 0 -2 203
 5 -3 -1 212
 55 -4 0 324
 55 3 2 250
 55 1 -3 74
 55 3 1 272
 55 3 3 24
 55 2 3 293
 55 -4 -1 167
 55 1 -2 308
 55 -2 -2 161
 55 0 -1 293
 55 1 -4 306
 "contig-ratio-green-core" 0.6842105263157895
 "contig-ratio-red-core" 0.6842105263157895
 "a-count" 8
 "b-count" 6
 "c-color-count" 24
 "c-express-count" 22
 "d-color-count" 22
 "d-express-count" 20
 "cell-count" 56
 15 3 1 335
 15 -2 0 196
 15 -1 0 267
 15 2 2 60
 15 -2 -1 101
 105 -3 0 112
 15 -1 -4 54
 15 2 1 69
 15 -1 3 63
 15 0 3 142
 15 1 -1 236
 15 1 -3 10
 15 -1 -2 206
 15 1 -2 20
 105 -3 -3 79
 15 -1 4 230
 105 0 -1 80
 15 0 -2 353
 15 3 -3 187
 15 1 0 120
 15 2 0 223
 15 0 0 187
 15 1 1 319
 15 3 2 238
 105 -1 -1 188
 105 -3 -1 194
 15 -2 -2 359
 105 1 4 212
 55 -1 1 52
 55 0 2 162
 55 0 -4 288
 5 -3 2 163
 55 -1 -3 113
 55 4 1 221
 55 4 0 191
 55 2 -3 349
 55 1 3 165
 55 -4 -1 90
 5 1 -4 283
 55 -3 -2 126
 55 0 1 137
 55 -2 4 68
 55 3 -2 1
 55 -2 -3 208
 55 4 -1 64
 55 -2 2 109
 55 0 -3 358
 55 -1 2 127
 55 -2 1 24
 55 2 -1 9
 55 3 -1 53
 55 4 2 40
 5 -4 1 228
 55 3 0 287
 55 2 -2 188
 5 2 3 8
 "contig-ratio-green-core" 0.8888888888888888
 "contig-ratio-red-core" 1
 "a-count" 6
 "b-count" 3
 "c-color-count" 25
 "c-express-count" 25
 "d-color-count" 23
 "d-express-count" 22
 "cell-count" 56
 15 3 2 37
 105 3 -2 317
 15 0 -1 319
 105 1 -3 106
 15 -4 0 42
 15 2 2 89
 15 -1 -1 245
 15 3 0 312
 15 0 4 189
 105 -3 -2 137
 15 0 -2 255
 15 -3 3 18
 15 -3 -1 80
 15 1 0 57
 15 2 1 110
 15 1 -1 284
 15 1 -2 89
 15 3 1 87
 15 1 1 96
 105 -2 -2 96
 15 0 -3 116
 15 -3 -3 57
 15 -2 -1 181
 15 1 2 51
 15 0 3 178
 15 2 0 347
 15 1 3 103
 105 1 4 324
 55 -3 1 210
 55 -1 -3 107
 55 -3 2 304
 55 0 2 276
 55 -1 3 348
 55 -2 2 105
 55 -1 2 295
 55 -3 0 98
 55 0 -4 244
 55 2 -2 35
 55 0 1 180
 55 -1 1 93
 55 2 -3 40
 55 2 3 1
 5 3 3 33
 55 -2 -3 207
 55 -1 -5 99
 55 -1 4 153
 55 -4 -1 355
 55 2 -1 8
 55 -2 0 269
 55 3 -1 308
 55 -1 0 300
 55 0 0 296
 55 -1 -4 135
 5 3 -3 331
 55 -2 1 287
 5 4 1 176
 "contig-ratio-green-core" 0.9473684210526315
 "contig-ratio-red-core" 0.7894736842105263
 "a-count" 6
 "b-count" 4
 "c-color-count" 24
 "c-express-count" 24
 "d-color-count" 25
 "d-express-count" 22
 "cell-count" 56
 15 1 -1 49
 15 0 -1 266
 15 -2 4 82
 15 0 2 106
 15 2 2 37
 15 3 1 71
 15 3 2 204
 15 -1 0 136
 15 -1 -1 216
 15 1 0 203
 105 3 -2 320
 15 -2 -1 281
 15 2 1 192
 15 0 0 122
 15 1 -2 100
 15 -1 1 130
 15 -1 3 134
 15 2 0 357
 15 0 1 80
 105 -3 -2 348
 15 2 -1 275
 15 1 2 287
 15 1 -3 86
 105 -3 -3 255
 15 0 -4 185
 15 -3 3 232
 15 -2 3 223
 15 1 1 170
 55 0 3 144
 55 0 -3 196
 55 -2 1 19
 55 4 2 188
 55 -4 0 321
 55 3 -3 61
 55 -3 2 15
 55 -2 2 312
 5 -3 -1 229
 5 1 4 348
 55 4 0 358
 55 -1 -2 169
 55 -3 1 65
 55 3 3 62
 55 0 -2 188
 5 -4 1 142
 55 2 -3 9
 55 1 3 315
 55 -3 0 168
 55 0 4 38
 55 4 1 217
 55 3 0 189
 5 -1 -3 281
 55 -1 4 218
 55 -2 0 40
 55 2 3 70
 55 -1 -4 157
 55 -2 -2 290
 "contig-ratio-green-core" 0.85
 "contig-ratio-red-core" 1
