 "a-count" 5
 "b-count" 2
 "c-color-count" 26
 "c-express-count" 26
 "d-color-count" 24
 "d-express-count" 23
 "cell-count" 56
 15 -3 -2 51
 105 1 -4 190
 15 -4 0 100
 15 0 -4 197
 15 -1 1 348
 105 2 0 71
 15 0 -3 271
 15 0 -1 76
 15 0 0 3
 15 1 1 58
 105 1 -2 231
 15 1 -3 113
 15 -2 3 152
 15 0 2 200
 15 3 2 50
 15 -3 -3 313
 15 4 -2 296
 15 0 -2 284
 15 -2 2 226
 15 2 -1 113
 15 1 -1 31
 15 2 2 30
 15 2 1 75
 15 1 0 244
 105 -3 3 186
 15 -2 1 101
 15 0 1 280
 15 1 2 81
 55 -2 -2 69
 55 3 1 125
 55 -4 -1 227
 55 -1 3 93
 55 1 4 266
 55 -2 4 344
 5 2 3 332
 55 -1 -1 237
 55 -1 0 351
 55 -2 0 156
 55 -2 -1 187
 55 2 -3 175
 55 -1 -2 263
 55 -3 2 109
 55 2 -2 107
 55 1 3 296
 55 3 -2 57
 55 3 -1 117
 55 -1 -3 92
 55 0 3 233
 5 -2 -3 281
 55 4 0 47
 55 3 0 275
 55 0 4 52
 55 -3 -1 51
 55 4 1 114
 55 -1 4 170
 55 -3 0 224
 "contig-ratio-green-core" 0.6956521739130435
 "contig-ratio-red-core" 0.9375
 "a-count" 5
 "b-count" 5
 "c-color-count" 23
 "c-express-count" 23
 "d-color-count" 24
 "d-express-count" 23
 "cell-count" 56
 15 -1 -1 64
 15 1 -1 265
 15 0 1 48
 15 -3 -3 61
 15 0 0 47
 15 1 -4 349
 15 -2 1 228
 15 -3 1 36
 105 -3 3 91
 15 -1 2 287
 15 1 0 22
 15 2 -3 158
 105 -3 -2 313
 15 -3 0 281
 105 -2 3 273
 15 -1 1 123
 15 -4 1 94
 105 -1 -2 88
 15 1 2 307
 15 -1 3 103
 15 0 3 71
 15 0 2 10
 15 -2 0 269
 15 -1 0 5
 15 4 0 221
 15 1 1 134
 15 -3 -1 0
 15 1 3 62
 55 -1 -4 246
 55 0 -2 163
 55 3 1 226
 55 0 4 197
 55 0 -4 164
 55 -1 4 103
 55 1 -3 127
 5 3 3 125
 55 2 -1 345
 5 -2 -1 103
 5 2 2 201
 55 1 4 186
 5 2 3 141
 55 -4 -1 57
 5 4 -1 143
 55 3 -1 102
 55 3 0 145
 55 -4 0 155
 55 -3 2 268
 55 2 -2 244
 55 3 -3 144
 55 2 0 41
 55 1 -2 181
 55 3 -2 178
 55 -1 -3 164
 55 2 1 351
 55 0 -3 286
 55 -2 -3 318
 "contig-ratio-green-core" 0.631578947368421
 "contig-ratio-red-core" 0.6666666666666666
 "a-count" 8
 "b-count" 4
 "c-color-count" 24
 "c-express-count" 24
 "d-color-count" 21
 "d-express-count" 20
 "cell-count" 56
 105 -4 0 255
 15 4 0 263
 15 2 0 258
 15 -1 2 143
 15 -2 -1 160
 15 -3 -2 282
 15 0 0 204
 15 1 1 44
 15 1 0 131
 105 -1 -4 106
 15 -2 -2 12
 105 0 -4 280
 15 -1 -2 209
 15 -1 1 136
 15 0 2 139
 15 0 1 132
 15 -1 0 288
 15 1 2 333
 15 3 -3 120
 105 -2 -3 35
 15 -1 -1 69
 15 -2 0 225
 15 -1 3 291
 105 -4 -1 333
 105 -1 4 333
 105 -3 -3 344
 15 1 -4 250
 15 4 -1 117
 55 1 4 110
 55 3 0 228
 55 -4 1 335
 55 -3 1 344
 55 0 -1 93
 5 2 3 44
 55 3 2 13
 55 -3 2 163
 55 -2 1 147
 55 3 -2 351
 55 -1 -3 231
 55 0 3 346
 55 1 -2 236
 55 1 -3 147
 55 -2 3 22
 5 3 3 299
 55 2 -3 72
 55 2 -4 206
 55 1 -1 30
 55 1 3 257
 55 -2 2 39
 5 2 2 48
 5 3 1 259
 55 -3 0 310
 55 3 -1 58
 55 0 -3 238
 55 0 4 62
 55 2 -1 65
 "contig-ratio-green-core" 0.6842105263157895
 "contig-ratio-red-core" 0.8125
 "a-count" 5
 "b-count" 4
 "c-color-count" 24
 "c-express-count" 24
 "d-color-count" 23
 "d-express-count" 23
 "cell-count" 56
 15 1 -1 13
 105 4 -2 133
 15 1 0 321
 15 -1 0 268
 15 0 2 137
 15 -1 1 330
 15 -1 3 173
 105 -3 3 38
 105 -2 -2 225
 15 3 -3 111
 15 0 -1 356
 105 3 3 71
 15 2 1 21
 15 4 -1 228
 105 0 1 126
 15 -2 1 340
 15 -1 -1 105
 15 0 3 308
 15 -1 2 265
 15 1 1 252
 15 -2 2 160
 15 1 3 19
 15 -2 0 236
 15 0 0 139
 15 1 2 289
 15 -2 -3 325
 15 -2 -1 271
 15 -1 -2 225
 55 2 2 261
 5 2 3 120
 55 1 -2 149
 55 -3 2 200
 55 -3 1 143
 55 1 -4 61
 55 3 0 214
 55 2 -1 40
 55 4 1 339
 55 -4 -1 161
 55 1 4 156
 55 -1 -4 343
 5 -3 -3 80
 55 4 0 68
 5 2 -3 180
 55 -1 -3 333
 55 3 1 61
 5 2 -2 10
 55 -4 0 108
 55 0 -4 4
 55 0 -2 166
 55 3 -2 245
 55 0 -3 203
 55 -3 0 171
 55 0 4 174
 55 3 -1 86
 55 3 2 268
 55 -1 4 196
 "contig-ratio-green-core" 0.5714285714285714
 "contig-ratio-red-core" 0.9333333333333333
