 "a-count" 6
 "b-count" 5
 "c-color-count" 24
 "c-express-count" 23
 "d-color-count" 22
 "d-express-count" 22
 "cell-count" 56
 15 -2 2 165
 15 0 1 209
 15 -3 2 144
 15 2 1 342
 15 1 2 164
 15 3 -1 150
 15 3 0 286
 15 1 1 208
 105 -1 -3 280
 105 -4 0 186
 15 2 2 343
 15 0 0 191
 15 -4 1 225
 105 -2 1 45
 15 -3 1 357
 15 3 1 237
 15 -3 0 34
 15 1 0 34
 105 3 2 107
 15 -3 3 279
 15 -1 2 210
 15 0 -4 342
 105 -1 1 88
 15 3 -2 93
 15 0 2 132
 15 -1 0 264
 15 -2 0 233
 105 3 -3 131
 55 -3 -3 322
 55 -1 3 131
 55 -1 -1 1
 55 0 3 323
 55 -2 -1 295
 5 1 4 332
 55 4 0 102
 55 -3 -2 287
 55 2 -4 216
 55 1 3 26
 55 0 -2 7
 55 1 -4 43
 5 4 -1 40
 55 -1 -4 47
 55 2 -3 321
 55 1 -1 87
 55 -3 -1 340
 55 1 -2 269
 55 -4 2 157
 55 -1 4 313
 55 -2 3 61
 55 0 -1 241
 55 2 3 50
 55 2 -2 4
 55 3 3 334
 5 -1 -2 33
 55 0 -3 333
 5 -2 -3 35
 "contig-ratio-green-core" 0.6875
 "contig-ratio-red-core" 0.7333333333333333
 "a-count" 5
 "b-count" 7
 "c-color-count" 21
 "c-express-count" 21
 "d-color-count" 25
 "d-express-count" 23
 "cell-count" 56
 105 -4 -1 244
 15 -1 -1 184
 15 3 3 9
 15 2 0 17
 15 0 -1 51
 15 -1 -2 229
 15 3 1 35
 15 1 1 199
 15 -4 0 222
 15 0 -2 85
 15 2 -2 249
 15 -1 3 293
 15 1 -3 137
 105 0 4 358
 15 1 -1 112
 15 1 0 317
 105 -3 3 282
 15 0 1 274
 15 0 2 51
 15 1 -2 69
 15 -1 0 333
 15 0 0 270
 15 -2 1 121
 15 1 2 357
 15 2 1 271
 15 -1 1 96
 15 -1 2 22
 15 -2 2 86
 5 3 2 296
 55 0 -3 337
 5 -2 -2 16
 55 -3 2 96
 55 -3 1 49
 55 -1 -4 29
 55 2 2 200
 55 0 3 162
 55 -1 4 293
 55 -2 -1 277
 55 1 -4 24
 55 4 1 92
 55 4 -1 349
 5 -1 -3 116
 55 3 -1 333
 55 2 -1 12
 55 0 -4 210
 55 -3 -1 349
 5 3 -3 331
 5 -3 -2 226
 55 1 3 45
 5 -2 3 222
 55 4 -2 237
 55 3 -2 71
 5 -4 1 234
 55 -3 -3 317
 55 4 0 291
 55 -3 0 126
 "contig-ratio-green-core" 0.7222222222222222
 "contig-ratio-red-core" 0.8125
 "a-count" 2
 "b-count" 3
 "c-color-count" 25
 "c-express-count" 25
 "d-color-count" 26
 "d-express-count" 26
 "cell-count" 56
 15 0 1 108
 15 -1 -1 197
 15 -4 -2 269
 15 -2 1 208
 15 -2 -1 322
 15 2 1 143
 15 0 2 233
 15 1 1 233
 15 -2 2 54
 15 3 -3 108
 15 -3 1 84
 105 2 3 34
 15 1 0 90
 15 -1 0 337
 15 1 -1 291
 15 3 1 244
 15 1 2 283
 105 3 3 288
 15 1 -2 65
 15 -3 3 177
 15 0 -4 265
 15 -1 1 125
 15 -1 -4 356
 15 2 0 205
 15 0 0 318
 15 -3 0 136
 15 -2 0 44
 15 -3 2 297
 55 4 0 237
 5 2 2 297
 55 -2 -2 1
 55 -1 -2 56
 55 3 0 242
 55 0 3 109
 55 2 -1 150
 55 -1 3 312
 55 -3 -3 221
 55 1 4 346
 55 2 -2 169
 55 -1 4 120
 55 0 4 77
 5 -2 -3 69
 55 0 -3 222
 55 1 -3 237
 55 4 1 221
 55 -3 -2 197
 55 2 -3 92
 55 -4 2 170
 55 4 -1 37
 55 3 2 211
 55 1 3 270
 5 -2 4 325
 55 1 -4 163
 55 -2 3 105
 55 3 -1 75
 55 -3 -1 172
 "contig-ratio-green-core" 0.6086956521739131
 "contig-ratio-red-core" 0.8823529411764706
 "a-count" 3
 "b-count" 6
 "c-color-count" 22
 "c-express-count" 22
 "d-color-count" 26
 "d-express-count" 25
 "cell-count" 56
 15 1 1 159
 15 -3 -3 299
 15 3 -2 3
 15 -1 2 72
 15 -1 4 251
 15 -1 3 304
 15 2 0 85
 15 -1 0 225
 15 3 0 10
 15 2 3 12
 15 -1 -2 352
 15 3 -1 245
 15 -1 -1 61
 15 0 -1 86
 15 2 -1 336
 105 0 2 191
 15 0 1 341
 15 -2 -2 316
 15 2 1 14
 15 2 2 145
 15 -2 0 57
 15 3 3 274
 15 1 3 28
 15 -2 -1 312
 15 1 -1 318
 15 2 -2 299
 105 1 2 330
 15 0 3 286
 5 -4 0 244
 55 0 -4 122
 55 3 1 206
 55 0 4 302
 55 -2 1 238
 55 -2 -3 117
 5 1 -4 133
 55 4 2 211
 5 -3 2 321
 55 -3 -2 76
 55 2 4 344
 55 1 -3 97
 55 -1 -3 260
 55 -3 3 93
 55 -2 2 51
 5 -3 -1 355
 55 1 4 291
 55 -4 1 172
 55 -2 3 180
 5 -4 -1 109
 55 0 -3 59
 55 3 2 87
 55 4 1 24
 55 1 -2 93
 5 4 -1 51
 55 -2 -4 119
 55 -1 -4 353
 55 -3 1 132
 "contig-ratio-green-core" 0.7142857142857143
 "contig-ratio-red-core" 0.5714285714285714
