 "a-count" 7
 "b-count" 1
 "c-color-count" 27
 "c-express-count" 27
 "d-color-count" 23
 "d-express-count" 21
 "cell-count" 56
 15 3 -1 189
 15 0 4 258
 105 -2 -3 316
 15 -3 -1 202
 105 -1 -4 338
 15 -3 0 349
 15 1 4 151
 15 1 -4 159
 15 0 -2 134
 15 -2 -1 344
 15 1 -3 180
 15 -1 -3 235
 105 -4 -1 11
 15 4 0 40
 15 -2 0 86
 15 3 1 127
 15 1 -2 237
 15 2 1 323
 15 2 -1 320
 15 -2 1 200
 15 -4 0 228
 15 -1 4 160
 15 2 0 2
 105 -3 2 30
 15 0 -3 126
 15 3 0 306
 15 3 -2 24
 105 4 -1 39
 55 0 0 220
 55 1 1 144
 55 0 3 6
 55 2 2 131
 55 -2 2 205
 55 2 -3 177
 55 4 1 300
 55 3 2 253
 55 3 -3 137
 55 0 -4 196
 55 2 3 188
 55 -1 1 50
 55 0 1 328
 55 -2 3 51
 55 -1 3 108
 55 2 -2 316
 55 -1 -1 62
 55 -3 -2 333
 5 -3 1 6
 55 0 -1 36
 55 -3 -3 166
 55 1 3 118
 55 1 0 198
 55 1 -1 42
 55 1 2 243
 55 0 2 106
 55 -1 2 58
 55 -1 0 187
 "contig-ratio-green-core" 0.75
 "contig-ratio-red-core" 0.9
 "a-count" 5
 "b-count" 3
 "c-color-count" 25
 "c-express-count" 25
 "d-color-count" 25
 "d-express-count" 23
 "cell-count" 56
 105 -2 -3 23
 15 0 -1 51
 15 -1 2 27
 105 -3 2 231
 15 0 0 24
 15 2 1 231
 15 0 -2 186
 15 0 2 92
 105 -4 1 230
 15 1 1 62
 15 -2 2 81
 15 2 0 303
 15 1 -2 86
 15 1 0 28
 15 1 2 109
 15 -1 -1 329
 15 2 -1 227
 15 4 -1 337
 15 -2 1 117
 15 -1 1 102
 15 -2 0 152
 15 1 -1 174
 15 -1 -2 258
 15 0 1 310
 15 3 -3 46
 15 -1 0 186
 15 -3 0 357
 15 -1 3 67
 55 -3 -3 225
 55 -2 3 258
 55 3 -1 295
 55 3 3 82
 55 0 -3 135
 55 0 -4 80
 55 3 1 39
 55 -2 -1 33
 55 4 1 30
 55 -4 -1 254
 55 -3 -2 88
 55 1 -4 182
 55 -3 -1 312
 55 -4 0 309
 55 2 3 81
 55 3 0 309
 55 2 -2 64
 5 0 4 298
 55 3 2 284
 55 4 0 1
 55 -2 -2 178
 5 2 -3 61
 55 0 3 168
 55 1 3 62
 5 -3 3 294
 55 2 2 198
 55 1 -3 47
 55 2 4 117
 "contig-ratio-green-core" 0.6086956521739131
 "contig-ratio-red-core" 1
 "a-count" 7
 "b-count" 8
 "c-color-count" 20
 "c-express-count" 20
 "d-color-count" 23
 "d-express-count" 21
 "cell-count" 56
 15 0 1 266
 15 2 0 85
 15 3 -2 350
 15 -2 2 308
 15 -2 0 333
 15 2 1 182
 15 -1 4 199
 15 -2 1 252
 15 -1 -1 299
 15 3 -1 105
 105 -4 0 144
 15 3 0 327
 15 -2 -4 17
 15 -3 0 75
 15 1 -1 51
 15 0 -1 21
 105 -1 0 43
 15 3 3 77
 15 1 1 13
 15 2 -4 135
 15 2 -1 11
 105 -3 1 49
 15 1 0 63
 15 -2 -1 323
 15 -1 1 121
 15 0 0 160
 105 -4 1 116
 105 -3 -1 210
 5 3 -3 27
 55 -2 -2 99
 55 3 1 193
 55 -2 3 60
 55 -1 -4 273
 5 -3 -2 38
 55 -1 2 243
 55 1 -4 54
 5 1 4 84
 55 3 2 149
 55 -2 -3 140
 5 -3 2 187
 55 2 -2 232
 55 0 4 163
 5 0 -2 317
 55 -1 -3 154
 55 -1 3 192
 55 0 2 8
 55 0 3 180
 5 4 -1 99
 55 1 3 264
 55 2 -3 77
 55 1 -3 44
 55 2 2 194
 55 1 -2 91
 5 0 -4 173
 55 1 2 39
 5 -3 -3 328
 "contig-ratio-green-core" 0.7777777777777778
 "contig-ratio-red-core" 0.6923076923076923
 "a-count" 4
 "b-count" 3
 "c-color-count" 25
 "c-express-count" 25
 "d-color-count" 25
 "d-express-count" 24
 "cell-count" 56
 15 -1 1 4
 15 1 1 194
 15 -1 -1 13
 15 -1 -1 161
 15 -2 0 106
 15 0 2 106
 15 0 -4 341
 15 2 3 47
 15 -1 0 91
 15 -1 3 123
 105 -1 2 29
 15 1 2 61
 15 -2 -3 187
 15 -2 2 165
 15 0 3 69
 15 1 -2 82
 15 -3 -3 275
 15 0 0 265
 15 2 0 273
 15 0 1 34
 15 2 2 231
 15 2 -2 165
 15 2 -1 211
 15 2 -3 63
 105 3 -2 88
 105 4 1 132
 15 1 3 17
 15 -2 1 197
 55 3 0 56
 5 -4 1 98
 55 0 4 155
 55 -1 -2 159
 55 -4 -1 340
 55 3 3 80
 55 2 1 274
 55 1 4 246
 55 -1 4 122
 55 -3 0 130
 55 3 -1 333
 55 -1 -3 106
 5 -2 4 268
 55 -3 2 213
 55 0 -2 268
 55 -4 0 118
 55 3 1 148
 55 3 2 120
 55 -2 3 163
 55 0 -3 102
 55 0 -1 286
 5 -1 -4 211
 55 -3 1 135
 55 -3 -1 171
 55 -2 -2 316
 55 -2 -1 37
 55 -3 3 48
 55 4 0 277
 "contig-ratio-green-core" 0.7619047619047619
 "contig-ratio-red-core" 1
