 "a-count" 9
 "b-count" 1
 "c-color-count" 27
 "c-express-count" 27
 "d-color-count" 23
 "d-express-count" 19
 "cell-count" 56
 15 0 2 74
 105 3 3 320
 15 1 1 89
 15 -4 2 270
 15 1 -2 275
 15 -2 3 154
 15 3 -3 176
 15 -2 -2 172
 105 1 -3 98
 15 2 1 351
 15 -1 -3 182
 15 -2 -3 90
 105 4 -1 220
 15 2 -2 46
 15 2 2 58
 15 4 0 24
 105 0 -4 349
 105 2 -3 340
 15 1 2 105
 15 0 3 58
 15 -4 -1 143
 15 1 -4 227
 15 0 4 264
 15 -1 -2 355
 15 -1 4 311
 15 0 -2 226
 15 1 3 240
 15 -1 3 302
 55 -2 2 347
 55 -1 -1 209
 55 2 0 119
 55 -2 0 235
 55 -4 0 229
 5 4 1 113
 55 1 0 149
 55 -3 3 346
 55 3 0 331
 55 1 -1 233
 55 -2 -1 136
 55 3 -1 166
 55 0 -1 340
 55 -3 0 35
 55 3 1 240
 55 -1 1 99
 55 0 1 347
 55 2 3 124
 55 -3 -2 199
 55 0 -3 46
 55 -3 -3 212
 55 -3 2 120
 55 -3 -1 11
 55 0 0 263
 55 -1 0 237
 55 -2 1 203
 55 -1 2 37
 55 2 -1 5
 "contig-ratio-green-core" 0.7
 "contig-ratio-red-core" 0.8888888888888888
 "a-count" 8
 "b-count" 4
 "c-color-count" 24
 "c-express-count" 24
 "d-color-count" 21
 "d-express-count" 20
 "cell-count" 56
 15 3 -1 65
 15 -3 -2 151
 15 1 2 338
 15 -4 1 44
 15 -2 -2 87
 15 -1 -3 291
 105 1 -3 97
 15 0 3 303
 15 2 -2 40
 15 -1 3 272
 15 3 1 139
 15 -3 0 239
 105 -4 0 95
 15 -1 4 316
 15 1 4 325
 15 -3 -1 103
 15 0 2 301
 105 2 -3 129
 15 4 0 14
 105 3 -3 122
 15 0 -3 117
 105 3 -2 249
 15 -2 3 198
 15 -1 2 320
 105 1 -4 259
 15 3 0 91
 105 -3 -3 175
 15 -2 -3 247
 55 -1 -2 239
 55 -2 -1 211
 55 0 1 329
 55 -1 -1 200
 55 -1 0 339
 55 0 0 64
 55 -2 2 222
 55 1 1 119
 55 -3 1 20
 55 -2 1 161
 55 4 1 314
 55 0 -1 59
 55 1 -2 41
 55 3 2 84
 55 -1 1 46
 55 2 2 290
 55 0 4 33
 5 -1 -4 155
 55 1 0 269
 55 2 1 296
 55 -2 0 129
 55 2 0 164
 5 2 3 286
 5 -3 3 50
 55 -3 2 7
 5 3 3 149
 55 0 -2 99
 55 2 -1 313
 "contig-ratio-green-core" 0.7777777777777778
 "contig-ratio-red-core" 1.0666666666666667
 "a-count" 10
 "b-count" 5
 "c-color-count" 23
 "c-express-count" 23
 "d-color-count" 18
 "d-express-count" 18
 "cell-count" 56
 15 0 3 271
 15 -4 0 185
 105 -3 -3 2
 105 4 -1 28
 15 3 2 27
 105 -3 2 247
 15 0 -4 348
 15 -3 1 121
 15 2 -1 83
 105 4 0 321
 105 3 3 316
 15 3 1 64
 15 -2 2 44
 15 3 0 301
 15 1 -3 246
 15 -1 3 91
 15 2 -2 133
 105 3 -2 173
 105 0 4 309
 15 -2 -2 337
 105 -2 -3 34
 15 -1 4 350
 15 1 -4 56
 105 3 -3 113
 15 3 -1 165
 105 2 3 188
 15 -1 -3 140
 15 0 -3 69
 55 2 1 50
 55 0 1 88
 55 1 -1 223
 55 1 -2 13
 5 2 -3 28
 55 -3 -1 289
 55 1 0 322
 55 -2 0 240
 55 1 2 336
 55 1 1 56
 55 -1 1 183
 55 0 0 165
 55 0 2 146
 55 -2 -1 65
 55 -1 -1 261
 55 -1 0 8
 55 -2 1 341
 5 -2 3 168
 55 0 -1 89
 5 -1 -4 316
 55 0 -2 85
 5 -4 1 217
 55 -1 -2 288
 55 -1 2 222
 55 2 2 177
 55 2 0 0
 55 -3 0 61
 5 -3 -2 101
 "contig-ratio-green-core" 1
 "contig-ratio-red-core" 0.7692307692307693
 "a-count" 7
 "b-count" 2
 "c-color-count" 26
 "c-express-count" 26
 "d-color-count" 22
 "d-express-count" 21
 "cell-count" 56
 15 3 -1 80
 15 -3 2 20
 15 1 1 356
 15 2 1 34
 15 1 2 185
 15 1 -3 22
 105 -4 -1 57
 15 0 -3 247
 105 -4 0 118
 15 4 0 120
 105 3 2 82
 105 0 -4 83
 105 3 -2 163
 15 -2 1 76
 105 -2 -3 249
 15 -1 2 96
 15 -2 0 35
 15 2 -2 170
 15 -2 -1 32
 15 -3 0 352
 15 -3 -3 3
 15 3 0 284
 15 -3 -1 111
 15 -2 2 67
 15 -3 1 338
 15 -1 -3 202
 15 0 2 198
 15 4 -1 143
 55 -4 1 316
 55 -1 -1 104
 55 -1 0 137
 5 2 -3 251
 55 1 0 306
 55 -2 3 136
 55 0 0 3
 55 1 4 275
 55 3 1 27
 55 -4 2 315
 5 -1 -4 13
 55 1 3 32
 55 2 0 304
 55 -3 -2 96
 55 0 -2 208
 55 -1 1 307
 55 -2 -2 22
 55 0 -1 175
 55 1 -4 95
 55 3 -3 62
 55 -3 3 73
 55 2 -1 153
 55 2 3 343
 55 1 -2 93
 55 0 4 164
 55 -1 -2 78
 55 1 -1 66
 55 0 1 160
 "contig-ratio-green-core" 0.95
 "contig-ratio-red-core" 1
