 "a-count" 3
 "b-count" 3
 "c-color-count" 26
 "c-express-count" 25
 "d-color-count" 26
 "d-express-count" 25
 "cell-count" 56
 15 -1 -2 264
 15 -1 3 20
 15 0 -4 154
 105 3 -2 29
 15 1 -3 344
 15 -2 3 88
 15 1 -4 52
 15 3 2 308
 15 -4 -1 270
 15 -4 0 192
 105 4 1 242
 15 -1 4 80
 15 -1 -4 201
 15 2 4 111
 15 2 -1 81
 15 3 0 127
 15 0 4 217
 15 3 1 18
 15 1 4 27
 15 -3 -1 31
 15 -1 -3 24
 15 -2 -2 68
 15 -2 2 212
 15 -4 1 81
 15 4 0 164
 15 0 -3 221
 15 -2 -1 228
 15 3 3 6
 55 1 2 161
 55 0 2 118
 55 -3 0 162
 55 1 1 222
 55 2 3 68
 55 2 2 57
 55 -1 0 14
 55 1 -1 99
 55 1 3 301
 55 -2 1 81
 55 0 0 93
 55 -1 1 182
 55 -3 1 288
 55 2 0 259
 55 2 -2 192
 55 -1 2 263
 55 0 1 285
 55 0 -1 317
 55 0 3 194
 55 0 -2 301
 55 -2 0 50
 5 -3 -2 236
 5 -3 -3 199
 55 2 1 350
 55 -3 2 251
 55 1 0 345
 55 -1 -1 345
 55 1 -2 20
 "contig-ratio-green-core" 1
 "contig-ratio-red-core" 0.6
 "a-count" 8
 "b-count" 4
 "c-color-count" 24
 "c-express-count" 24
 "d-color-count" 21
 "d-express-count" 20
 "cell-count" 56
 15 3 2 56
 105 -2 -3 16
 15 -1 4 209
 15 3 1 7
 15 3 0 28
 105 3 -2 308
 105 4 0 261
 15 -1 1 0
 15 2 -1 328
 105 -3 3 133
 15 -4 0 241
 15 -4 -1 191
 15 0 4 130
 15 1 -3 193
 15 -3 -1 255
 15 2 2 190
 105 -3 2 231
 15 -1 2 74
 15 1 3 40
 15 3 -1 152
 105 2 -3 183
 105 -1 -4 160
 15 -4 1 118
 15 -1 -3 297
 15 -2 3 227
 15 1 -2 19
 15 0 -4 59
 15 -3 0 31
 55 -1 0 145
 55 0 2 97
 55 1 2 102
 55 3 -3 89
 55 0 -3 168
 55 0 -2 135
 55 -1 -2 91
 55 -3 -2 107
 55 3 3 56
 55 1 -1 292
 55 -2 0 69
 5 -2 1 5
 55 1 0 68
 55 0 -1 1
 55 2 3 149
 55 -1 -1 213
 55 1 1 76
 55 4 -1 240
 55 2 0 16
 55 0 0 142
 55 0 1 73
 5 -2 2 184
 5 -3 -3 338
 55 -2 -2 206
 55 1 4 348
 55 2 1 120
 55 -3 1 113
 5 -1 3 284
 "contig-ratio-green-core" 0.9375
 "contig-ratio-red-core" 0.8947368421052632
 "a-count" 7
 "b-count" 6
 "c-color-count" 23
 "c-express-count" 22
 "d-color-count" 21
 "d-express-count" 21
 "cell-count" 56
 15 0 -1 314
 105 2 -3 232
 15 4 1 175
 15 -3 -1 7
 15 -4 0 46
 105 -3 -2 51
 15 2 2 201
 15 1 4 75
 15 -1 2 292
 105 4 -1 5
 105 -3 -3 40
 15 1 -4 280
 15 -2 -1 45
 105 -4 1 155
 105 -1 3 202
 15 -1 -1 359
 15 -1 -3 102
 105 3 -3 343
 15 3 2 196
 15 -3 2 168
 15 0 -2 15
 15 3 -1 180
 15 -2 -2 220
 15 1 3 86
 15 3 0 146
 15 0 -3 358
 15 -1 -2 342
 15 1 -2 177
 55 -2 1 29
 55 1 0 93
 55 -1 0 250
 55 0 0 14
 55 1 -1 126
 5 3 3 103
 5 -2 2 328
 55 3 -2 61
 55 0 1 2
 55 2 0 34
 55 -2 0 323
 55 -3 1 319
 55 0 2 210
 55 3 1 259
 5 -3 3 238
 55 1 1 148
 55 -3 0 274
 55 1 2 75
 55 2 -1 228
 55 -1 -4 299
 5 2 3 274
 55 0 4 184
 55 -1 1 89
 55 2 1 346
 55 0 3 136
 55 0 -4 336
 55 -2 -3 277
 5 -2 3 107
 "contig-ratio-green-core" 1.125
 "contig-ratio-red-core" 1.125
 "a-count" 8
 "b-count" 3
 "c-color-count" 26
 "c-express-count" 25
 "d-color-count" 21
 "d-express-count" 20
 "cell-count" 56
 15 3 2 329
 15 1 2 109
 105 0 4 255
 15 -2 -2 309
 15 2 2 67
 15 -2 -3 29
 15 -3 2 295
 15 -3 -1 41
 15 -2 2 25
 105 -1 -4 34
 15 0 -2 117
 105 1 -4 283
 15 -4 -2 253
 105 -3 -3 139
 15 2 -2 323
 15 4 2 60
 105 -2 1 296
 15 -2 0 267
 105 -1 -2 68
 15 -1 3 137
 15 1 -3 123
 105 2 3 190
 15 1 -2 2
 15 4 1 280
 15 3 -2 50
 15 -1 -1 340
 15 0 -3 113
 15 0 3 244
 55 3 -1 191
 55 4 0 266
 55 -1 0 193
 55 3 0 159
 55 -2 -1 23
 55 -4 0 54
 5 -1 -3 228
 55 1 0 115
 55 0 1 23
 55 3 1 98
 55 3 -3 36
 55 0 2 345
 55 0 -4 76
 55 -4 1 75
 55 0 -1 275
 55 1 -1 84
 55 2 1 290
 55 2 -1 313
 55 -4 -1 262
 55 1 1 263
 55 -3 1 268
 55 2 0 196
 55 -1 1 4
 55 0 0 54
 55 4 -1 20
 5 2 -3 173
 55 -2 3 144
 55 -1 2 151
 "contig-ratio-green-core" 0.9411764705882353
 "contig-ratio-red-core" 0.8823529411764706
