 "a-count" 0
 "b-count" 0
 "c-color-count" 28
 "c-express-count" 28
 "d-color-count" 28
 "d-express-count" 28
 "cell-count" 56
 15 3 0 139
 15 -4 0 11
 15 2 -2 45
 15 0 3 83
 15 0 2 46
 15 2 0 271
 15 -4 -1 148
 15 1 0 179
 15 1 4 28
 15 3 -1 139
 15 -1 -2 54
 15 1 -3 333
 15 1 -1 164
 15 0 -3 286
 15 0 4 1
 15 -1 2 345
 15 -3 -2 303
 15 -1 -3 103
 15 2 4 213
 15 -1 -4 120
 15 2 -1 298
 15 0 -2 238
 15 -1 3 64
 15 -2 -2 194
 15 1 -2 288
 15 1 2 26
 15 3 -2 180
 15 -2 -3 19
 55 2 2 41
 55 0 0 72
 55 -3 -1 160
 55 -3 2 273
 55 4 1 130
 55 3 3 98
 55 0 1 285
 55 -2 -1 98
 55 2 1 236
 55 -1 1 272
 55 -1 -1 89
 55 3 1 79
 55 0 -1 311
 55 1 -4 69
 55 -3 1 140
 55 -2 1 167
 55 -2 0 273
 55 -1 0 124
 55 -3 -3 95
 55 -4 1 272
 55 -5 1 49
 55 -3 3 173
 55 4 -1 185
 55 -2 2 228
 55 3 2 30
 55 4 0 114
 55 -3 0 308
 55 0 -4 108
 "contig-ratio-green-core" 0.8095238095238095
 "contig-ratio-red-core" 0.75
 "a-count" 1
 "b-count" 0
 "c-color-count" 28
 "c-express-count" 28
 "d-color-count" 27
 "d-express-count" 27
 "cell-count" 56
 15 -1 -4 75
 15 -3 -3 146
 15 -4 0 287
 15 0 -4 210
 15 -3 1 327
 15 2 3 332
 15 3 1 97
 15 3 0 208
 15 -2 -2 176
 15 -1 -3 255
 15 1 -4 93
 15 -1 3 254
 15 0 -3 323
 15 4 -1 228
 15 0 3 251
 15 -1 -2 27
 15 -3 2 181
 15 -4 -1 176
 15 1 3 13
 15 -2 2 201
 15 0 4 275
 15 -4 1 352
 15 -2 -3 117
 15 2 -3 213
 15 3 -1 208
 15 4 0 300
 105 -2 -4 171
 15 1 -3 239
 55 1 0 22
 55 2 2 245
 55 0 1 334
 55 1 -1 29
 55 -3 -2 74
 55 1 1 328
 55 0 2 7
 55 -3 0 22
 55 -2 1 135
 55 1 -2 341
 55 2 1 331
 55 3 2 121
 55 2 -2 295
 55 0 -1 355
 55 -1 1 152
 55 0 0 306
 55 2 0 5
 55 -1 0 131
 55 0 -2 306
 55 -2 0 342
 55 -1 2 141
 55 2 -1 267
 55 -1 -1 37
 55 -3 3 265
 55 -3 -1 164
 55 4 1 308
 55 -2 -1 272
 55 1 2 85
 "contig-ratio-green-core" 1
 "contig-ratio-red-core" 0.782608695652174
 "a-count" 0
 "b-count" 0
 "c-color-count" 28
 "c-express-count" 28
 "d-color-count" 28
 "d-express-count" 28
 "cell-count" 56
 15 -3 -1 184
 15 2 4 137
 15 4 2 187
 15 0 3 116
 15 -2 3 253
 15 0 2 25
 15 -4 1 342
 15 4 1 290
 15 3 2 19
 15 3 1 310
 15 2 1 13
 15 1 2 21
 15 2 2 215
 15 0 4 170
 15 -4 -1 102
 15 -3 0 318
 15 0 -4 89
 15 1 1 347
 15 -3 1 285
 15 0 1 280
 15 -4 0 254
 15 -1 3 231
 15 2 -3 109
 15 1 -4 217
 15 4 0 13
 15 -3 -2 147
 15 2 -2 267
 15 2 -4 52
 55 -1 -2 81
 55 3 0 67
 55 3 3 65
 55 1 -1 72
 55 1 -3 6
 55 -1 1 187
 55 -2 -3 5
 55 -1 0 158
 55 -1 -3 213
 55 2 -1 211
 55 -2 2 230
 55 0 0 53
 55 -2 1 236
 55 0 -2 298
 55 -3 2 104
 55 2 3 338
 55 3 -1 268
 55 1 4 49
 55 2 0 287
 55 -2 -2 2
 55 4 -1 6
 55 -2 0 136
 55 0 -1 269
 55 1 -2 263
 55 -2 -1 124
 55 -1 -1 43
 55 1 3 275
 55 0 -3 306
 "contig-ratio-green-core" 0.8181818181818182
 "contig-ratio-red-core" 0.75
 "a-count" 0
 "b-count" 0
 "c-color-count" 28
 "c-express-count" 28
 "d-color-count" 28
 "d-express-count" 28
 "cell-count" 56
 15 -3 4 57
 15 0 -2 160
 15 -1 -2 5
 15 -4 2 194
 15 1 -2 333
 15 -2 0 328
 15 -3 -2 72
 15 3 -1 344
 15 4 0 224
 15 -4 1 339
 15 1 -1 285
 15 -3 -3 294
 15 1 -3 292
 15 2 -1 1
 15 0 -1 340
 15 -2 -4 214
 15 4 1 197
 15 -2 -1 125
 15 2 2 88
 15 3 0 63
 15 -2 -2 354
 15 2 1 79
 15 -3 3 293
 15 -1 -1 348
 15 2 0 282
 15 -5 1 315
 15 3 1 80
 15 3 2 3
 55 -5 0 345
 55 -2 1 352
 55 0 4 119
 55 -2 2 291
 55 -1 -4 277
 55 -1 -3 253
 55 -2 1 236
 55 -2 3 32
 55 -1 2 346
 55 1 -4 167
 55 -3 0 21
 55 0 1 90
 55 -3 -1 257
 55 0 -4 133
 55 -2 2 337
 55 -4 -1 66
 55 -1 1 3
 55 -1 4 127
 55 -2 -3 348
 55 -3 2 65
 55 -3 0 225
 55 -2 4 336
 55 0 0 120
 55 -3 1 347
 55 -1 3 302
 55 -1 3 309
 55 -4 0 5
 55 -3 -1 95
 "contig-ratio-green-core" 0.56
 "contig-ratio-red-core" 0.64
