 "a-count" 0
 "b-count" 0
 "c-color-count" 28
 "c-express-count" 28
 "d-color-count" 28
 "d-express-count" 28
 "cell-count" 56
 15 -4 0 112
 15 1 4 212
 15 3 2 308
 15 2 -1 218
 15 1 -1 310
 15 -3 0 233
 15 -3 -2 303
 15 2 0 108
 15 0 4 204
 15 0 -2 83
 15 -3 -1 254
 15 -3 1 41
 15 1 1 309
 15 1 -3 345
 15 2 2 246
 15 0 -3 83
 15 3 2 190
 15 1 -2 9
 15 2 1 125
 15 2 2 278
 15 -4 1 203
 15 3 3 222
 15 1 0 236
 15 4 1 162
 15 0 3 287
 15 -1 3 341
 15 -1 4 21
 15 0 -1 42
 55 2 3 21
 55 -2 3 253
 55 1 2 32
 55 -2 0 14
 55 -1 -2 155
 55 -2 -2 125
 55 -2 2 314
 55 0 2 2
 55 3 -1 117
 55 -2 1 243
 55 4 -1 280
 55 3 0 207
 55 1 3 219
 55 -3 2 265
 55 -2 4 194
 55 -1 -3 101
 55 -1 2 68
 55 -2 -1 214
 55 -1 0 232
 55 4 0 61
 55 2 -2 52
 55 -1 -1 351
 55 -1 1 20
 55 0 1 281
 55 0 0 164
 55 3 -2 310
 55 3 1 10
 55 -3 3 80
 "contig-ratio-green-core" 0.92
 "contig-ratio-red-core" 0.8
 "a-count" 0
 "b-count" 0
 "c-color-count" 28
 "c-express-count" 28
 "d-color-count" 28
 "d-express-count" 28
 "cell-count" 56
 15 2 4 172
 15 -3 0 68
 15 1 -4 277
 15 -1 -3 116
 15 2 -1 10
 15 4 0 150
 15 4 1 19
 15 0 -4 96
 15 2 -2 199
 15 0 3 310
 15 -1 4 308
 15 3 1 167
 15 -4 1 273
 15 3 0 213
 15 2 -3 166
 15 -4 0 9
 15 1 4 181
 15 -3 -2 70
 15 1 3 75
 15 -3 2 298
 15 -3 -1 18
 15 -1 -4 78
 15 0 -3 284
 15 3 -1 255
 15 1 -3 223
 15 0 4 266
 15 3 -2 205
 15 4 -1 103
 55 2 3 122
 55 2 1 273
 55 -2 3 214
 55 -2 1 181
 55 -3 1 32
 55 -2 0 345
 55 -1 -2 6
 55 -1 1 312
 55 -1 0 22
 55 0 2 272
 55 1 0 239
 55 -1 3 52
 55 -1 -1 20
 55 1 -2 12
 55 0 -1 50
 55 -2 2 303
 55 2 0 282
 55 -2 4 279
 55 0 1 240
 55 -2 -2 215
 55 -1 2 143
 55 -2 -1 11
 55 1 1 307
 55 2 2 44
 55 0 0 145
 55 1 -1 320
 55 1 2 181
 55 0 -2 320
 "contig-ratio-green-core" 0.8888888888888888
 "contig-ratio-red-core" 0.56
 "a-count" 1
 "b-count" 0
 "c-color-count" 28
 "c-express-count" 28
 "d-color-count" 28
 "d-express-count" 27
 "cell-count" 56
 15 -2 -4 71
 15 4 2 50
 15 -2 1 9
 15 3 0 298
 15 1 4 29
 15 2 -2 155
 15 3 3 52
 15 2 4 191
 15 -1 3 168
 15 -3 0 101
 15 4 1 107
 15 1 3 9
 15 -1 -5 206
 15 3 -2 327
 15 1 -3 286
 15 0 3 12
 15 -2 2 13
 15 -4 -1 283
 15 -3 2 208
 15 -3 1 33
 15 -1 -4 246
 15 3 -1 59
 15 4 -1 219
 15 0 4 286
 15 -1 2 191
 15 2 -3 244
 15 -4 0 272
 15 4 0 57
 55 3 -3 334
 55 0 1 102
 55 -2 -2 221
 55 2 3 116
 55 -2 3 144
 55 2 2 82
 55 1 -1 48
 55 -1 -2 42
 55 -1 1 104
 55 2 -1 173
 55 3 2 42
 55 -2 0 335
 55 2 1 267
 55 0 0 101
 55 2 0 25
 55 0 -2 268
 55 -4 1 260
 55 0 -3 97
 55 3 1 238
 55 -3 -2 322
 55 0 2 296
 55 -1 -1 228
 55 1 2 171
 55 0 -1 144
 55 1 -2 354
 55 -2 -1 356
 55 1 1 233
 55 -1 0 308
 "contig-ratio-green-core" 0.7647058823529411
 "contig-ratio-red-core" 0.5384615384615384
