 "a-count" 1
 "b-count" 0
 "c-color-count" 28
 "c-express-count" 28
 "d-color-count" 27
 "d-express-count" 27
 "cell-count" 56
 15 1 -4 201
 15 3 -2 208
 15 -1 -4 185
 15 0 4 256
 15 -3 3 302
 15 4 0 325
 15 3 -1 16
 15 -1 -2 4
 15 1 -2 199
 15 1 3 309
 15 -1 -3 291
 15 1 -3 0
 15 -3 -3 197
 15 -3 2 304
 15 1 4 46
 15 -1 4 217
 15 3 3 69
 15 4 -1 174
 15 2 -2 117
 105 -2 -3 188
 15 0 -2 29
 15 -3 -2 354
 15 0 -3 19
 15 -2 -2 144
 15 0 3 39
 15 0 -4 251
 15 4 1 271
 15 -2 3 115
 55 -4 1 295
 55 -3 -1 95
 55 1 -1 287
 55 -2 -1 117
 55 -3 1 204
 55 -2 2 114
 55 -2 1 291
 55 -1 0 58
 55 2 2 260
 55 -3 0 2
 55 1 0 144
 55 0 0 294
 55 -1 -1 143
 55 2 3 81
 55 1 2 329
 55 0 1 172
 55 1 1 240
 55 3 0 23
 55 2 0 250
 55 0 2 41
 55 -1 1 227
 55 0 -1 195
 55 -1 2 195
 55 3 2 255
 55 3 1 26
 55 2 1 308
 55 3 -3 147
 55 -2 0 282
 "contig-ratio-green-core" 0.7647058823529411
 "contig-ratio-red-core" 0.5909090909090909
 "a-count" 1
 "b-count" 0
 "c-color-count" 28
 "c-express-count" 28
 "d-color-count" 28
 "d-express-count" 27
 "cell-count" 56
 15 -3 2 236
 15 2 -3 287
 15 -3 0 35
 15 4 -1 89
 15 3 -1 167
 15 -3 -1 30
 15 0 -4 88
 15 -4 2 136
 15 1 -3 357
 15 -1 -2 33
 15 -1 -1 317
 15 -2 -2 310
 15 -4 1 115
 15 0 -2 209
 15 3 -2 331
 15 -2 -1 298
 15 4 2 344
 15 1 4 63
 15 4 0 340
 15 3 0 238
 15 -3 -2 222
 15 1 -4 220
 15 -3 1 134
 15 -2 1 88
 15 -3 3 7
 15 4 1 283
 15 -2 0 145
 15 0 -3 166
 55 -1 -3 187
 55 -4 -1 153
 55 2 3 28
 55 0 3 135
 55 2 -2 183
 55 0 2 180
 55 -4 0 121
 55 -1 3 277
 55 -1 0 171
 55 2 2 36
 55 2 -1 102
 55 1 1 86
 55 2 1 173
 55 1 0 337
 55 2 0 315
 55 1 2 94
 55 -1 2 323
 55 1 3 226
 55 0 -1 5
 55 -1 4 57
 55 1 -1 352
 55 0 0 19
 55 0 1 83
 55 -1 1 100
 55 -2 2 289
 55 -1 -4 314
 55 -1 5 239
 55 1 -2 338
 "contig-ratio-green-core" 0.8947368421052632
 "contig-ratio-red-core" 0.5
 "a-count" 0
 "b-count" 0
 "c-color-count" 28
 "c-express-count" 28
 "d-color-count" 28
 "d-express-count" 28
 "cell-count" 56
 15 -1 3 52
 15 4 1 79
 15 3 1 310
 15 0 -2 79
 15 -1 -4 281
 15 -4 -1 298
 15 1 -4 215
 15 2 4 200
 15 4 0 321
 15 1 -2 142
 15 -4 1 324
 15 -1 2 54
 15 3 0 171
 15 3 -1 17
 15 1 4 136
 15 0 3 168
 15 2 3 131
 15 -1 -2 351
 15 -2 2 351
 15 -3 -3 188
 15 -1 -3 292
 15 1 -3 63
 15 -2 -3 77
 15 2 -2 277
 15 0 -4 37
 15 0 -3 150
 15 -2 -2 128
 15 1 3 146
 55 -3 0 112
 55 -4 0 231
 55 1 -1 64
 55 -1 0 283
 55 0 0 351
 55 1 2 268
 55 -3 1 282
 55 -3 -1 301
 55 3 2 20
 55 2 1 260
 55 -2 1 334
 55 -1 4 293
 55 -3 2 31
 55 1 1 357
 55 1 0 317
 55 3 -2 241
 55 2 -1 178
 55 2 0 35
 55 -3 -2 2
 55 -1 -1 222
 55 -2 -1 239
 55 0 2 200
 55 0 -1 262
 55 -2 0 8
 55 -1 1 357
 55 -2 -4 204
 55 2 2 151
 55 0 1 290
 "contig-ratio-green-core" 0.8888888888888888
 "contig-ratio-red-core" 0.782608695652174
 "a-count" 1
 "b-count" 0
 "c-color-count" 28
 "c-express-count" 28
 "d-color-count" 28
 "d-express-count" 27
 "cell-count" 56
 15 0 -2 174
 15 0 3 309
 15 -3 -3 10
 15 -3 1 84
 15 -4 -3 250
 15 0 -3 245
 15 4 0 48
 15 -1 4 351
 15 1 4 244
 15 1 -3 218
 15 -1 -4 7
 15 -2 2 169
 15 -3 -2 168
 15 -1 2 148
 15 3 -1 225
 15 1 -2 184
 15 2 4 277
 15 2 -3 266
 15 -2 3 7
 15 4 -1 324
 15 0 -4 61
 15 -3 -1 228
 15 0 4 111
 15 -3 2 109
 15 3 -2 266
 15 1 -4 54
 15 2 -2 244
 15 -3 0 132
 55 1 2 351
 55 1 -1 298
 55 0 -1 163
 55 -1 -2 231
 55 3 2 292
 55 2 2 266
 55 2 -1 339
 55 -2 -1 11
 55 -1 -1 220
 55 -2 -2 90
 55 -2 0 79
 55 -1 0 270
 55 -2 -3 86
 55 0 2 254
 55 -2 1 98
 55 3 1 275
 55 1 1 102
 55 3 0 287
 55 1 3 214
 55 2 1 238
 55 1 0 54
 55 0 1 296
 55 2 0 62
 55 3 -3 59
 55 3 3 124
 55 -1 1 72
 55 0 0 158
 55 4 1 295
 "contig-ratio-green-core" 0.8235294117647058
 "contig-ratio-red-core" 0.5454545454545454
