 "a-count" 4
 "b-count" 0
 "c-color-count" 28
 "c-express-count" 28
 "d-color-count" 24
 "d-express-count" 24
 "cell-count" 56
 15 3 -1 200
 15 -2 3 231
 105 -3 2 69
 15 0 2 285
 105 -3 3 83
 15 -3 -1 183
 15 -2 2 164
 15 0 -5 0
 15 0 3 20
 15 2 -3 93
 15 3 0 332
 15 -3 -2 155
 15 3 2 284
 15 -2 0 77
 105 -1 4 126
 15 -2 1 12
 105 4 -1 50
 15 -2 -1 147
 15 0 -4 58
 15 3 1 119
 15 -3 0 101
 15 4 0 138
 15 -1 3 185
 15 1 -3 177
 15 -1 -4 303
 15 3 -2 324
 15 4 1 327
 15 -3 1 153
 55 2 1 82
 55 1 1 7
 55 1 4 250
 55 -1 1 115
 55 0 -1 299
 55 2 2 153
 55 1 -4 79
 55 -1 -2 262
 55 0 0 135
 55 -1 0 102
 55 1 -1 70
 55 1 -2 331
 55 2 -2 134
 55 0 -3 315
 55 2 0 23
 55 1 2 198
 55 2 3 0
 55 1 3 257
 55 -1 -3 21
 55 -1 -1 301
 55 0 1 343
 55 0 4 153
 55 -3 -3 66
 55 0 -2 191
 55 -2 -2 200
 55 -2 -3 142
 55 2 -1 172
 55 1 0 169
 "contig-ratio-green-core" 0.75
 "contig-ratio-red-core" 0.75
 "a-count" 0
 "b-count" 0
 "c-color-count" 28
 "c-express-count" 28
 "d-color-count" 28
 "d-express-count" 28
 "cell-count" 56
 15 1 -4 10
 15 -3 -2 292
 15 -3 0 114
 15 3 -3 120
 15 -1 0 289
 15 -1 1 24
 15 0 -1 119
 15 2 -3 190
 15 -2 0 305
 15 4 -1 141
 15 -2 1 329
 15 -1 -1 245
 15 -2 -1 32
 15 1 -3 144
 15 0 1 103
 15 -1 2 251
 15 -4 -1 198
 15 -3 1 127
 15 1 -2 106
 15 2 2 157
 15 1 -1 154
 15 1 0 134
 15 3 2 185
 15 -1 1 22
 15 -3 -1 271
 15 1 1 325
 15 0 0 5
 15 -4 0 136
 55 -2 -4 88
 55 3 0 158
 55 0 -2 78
 55 -1 -2 246
 55 1 3 160
 55 2 0 23
 55 0 2 180
 55 0 -4 105
 55 3 -1 95
 55 -2 -2 82
 55 2 3 282
 55 -1 -3 346
 55 1 2 116
 55 4 1 169
 55 -2 -3 319
 55 3 -2 286
 55 3 1 342
 55 -3 4 359
 55 -1 -4 136
 55 -2 2 80
 55 0 -3 354
 55 2 1 1
 55 4 0 43
 55 -3 -3 357
 55 -3 3 32
 55 -2 4 268
 55 1 4 80
 55 2 -1 222
 "contig-ratio-green-core" 0.6666666666666666
 "contig-ratio-red-core" 0.8333333333333334
 "a-count" 0
 "b-count" 0
 "c-color-count" 28
 "c-express-count" 28
 "d-color-count" 28
 "d-express-count" 28
 "cell-count" 56
 15 2 0 129
 15 -2 1 174
 15 -3 -2 45
 15 4 -1 314
 15 -2 2 293
 15 -1 -3 153
 15 3 2 0
 15 -4 0 250
 15 5 -1 297
 15 1 1 335
 15 2 2 175
 15 2 3 118
 15 4 -2 319
 15 -3 -1 103
 15 1 3 225
 15 3 -3 343
 15 -3 1 154
 15 1 -3 209
 15 1 2 313
 15 1 -4 204
 15 -3 0 267
 15 0 -3 199
 15 2 1 59
 15 2 -3 192
 15 -4 1 313
 15 0 -4 354
 15 3 3 69
 15 2 -4 55
 55 -1 0 342
 55 -1 -1 185
 55 -3 -3 123
 55 1 -2 6
 55 -2 0 164
 55 2 -2 212
 55 2 -1 3
 55 3 -1 129
 55 0 -1 351
 55 1 4 240
 55 -1 1 93
 55 -2 -1 102
 55 3 1 51
 55 0 2 15
 55 0 3 262
 55 0 0 135
 55 0 -2 158
 55 -1 4 175
 55 0 1 213
 55 -2 4 104
 55 1 -1 325
 55 -1 2 20
 55 -2 -3 209
 55 0 4 11
 55 -1 -2 53
 55 -2 -2 181
 55 1 0 162
 55 -1 3 156
 "contig-ratio-green-core" 0.6363636363636364
 "contig-ratio-red-core" 0.6923076923076923
