 "a-count" 0
 "b-count" 0
 "c-color-count" 28
 "c-express-count" 28
 "d-color-count" 28
 "d-express-count" 28
 "cell-count" 56
 15 -1 3 195
 15 1 2 348
 15 2 2 136
 15 1 -4 108
 15 3 0 299
 15 2 1 77
 15 4 1 57
 15 2 0 133
 15 1 1 292
 15 3 -2 168
 15 -3 0 69
 15 1 3 125
 15 -3 -1 298
 15 -3 -3 160
 15 0 3 194
 15 3 1 209
 15 0 4 206
 15 -4 -1 129
 15 -1 0 188
 15 1 4 243
 15 3 -1 27
 15 0 2 147
 15 0 1 131
 15 -1 2 240
 15 -1 4 296
 15 4 0 236
 15 -1 1 12
 15 -3 -2 145
 55 -2 3 288
 55 2 -2 38
 55 4 -1 278
 55 2 -3 60
 55 0 -3 132
 55 3 3 356
 55 0 -4 157
 55 -2 2 341
 55 -3 1 39
 55 2 -1 183
 55 1 -1 74
 55 -1 -1 91
 55 -3 3 353
 55 2 3 280
 55 -1 -3 212
 55 -2 4 97
 55 0 0 105
 55 1 0 310
 55 -3 2 92
 55 -2 1 164
 55 -2 -2 45
 55 0 -2 270
 55 0 -1 295
 55 1 -3 87
 55 -1 -2 333
 55 -4 1 96
 55 1 -2 27
 55 -2 -1 85
 "contig-ratio-green-core" 0.7619047619047619
 "contig-ratio-red-core" 0.65
 "a-count" 0
 "b-count" 0
 "c-color-count" 28
 "c-express-count" 28
 "d-color-count" 28
 "d-express-count" 28
 "cell-count" 56
 15 2 3 310
 15 0 -4 287
 15 -3 1 308
 15 3 0 279
 15 -3 -2 193
 15 1 4 236
 15 0 4 82
 15 1 -4 346
 15 0 -3 260
 15 -2 -2 94
 15 -2 1 136
 15 1 -3 158
 15 1 3 278
 15 2 -3 259
 15 -3 0 157
 15 0 3 359
 15 -1 -3 47
 15 2 4 34
 15 2 -4 258
 15 -2 -1 321
 15 3 -2 137
 15 -2 0 88
 15 3 2 139
 15 3 -1 184
 15 -2 -3 263
 15 -3 -1 140
 15 3 3 248
 15 3 1 110
 55 -2 3 212
 55 0 2 246
 55 0 -2 174
 55 0 -1 311
 55 2 0 44
 55 2 -2 9
 55 3 -3 312
 55 -2 2 340
 55 1 2 219
 55 0 0 182
 55 1 -2 176
 55 -1 1 305
 55 -1 2 299
 55 1 1 59
 55 -1 4 212
 55 1 -1 289
 55 1 0 334
 55 -4 1 57
 55 2 -1 202
 55 -4 0 203
 55 4 -1 62
 55 -1 -1 315
 55 -1 0 35
 55 2 1 88
 55 -1 3 167
 55 0 1 23
 55 -1 -4 52
 55 2 2 157
 "contig-ratio-green-core" 0.9444444444444444
 "contig-ratio-red-core" 0.6956521739130435
 "a-count" 0
 "b-count" 0
 "c-color-count" 28
 "c-express-count" 28
 "d-color-count" 28
 "d-express-count" 28
 "cell-count" 56
 15 2 -1 184
 15 1 3 8
 15 -1 4 145
 15 1 -4 112
 15 -1 -3 8
 15 3 2 322
 15 -4 1 357
 15 -4 -2 197
 15 -1 3 127
 15 0 -3 1
 15 2 3 302
 15 3 -1 180
 15 2 -3 166
 15 -1 -5 182
 15 -3 3 159
 15 -4 -1 55
 15 0 4 351
 15 -1 -4 59
 15 2 2 274
 15 -4 0 136
 15 2 -2 355
 15 1 -2 340
 15 4 0 170
 15 3 0 173
 15 -4 2 268
 15 0 3 328
 15 1 -3 107
 15 3 1 171
 55 -1 1 196
 55 -1 -1 52
 55 -3 -3 218
 55 0 1 351
 55 -2 0 5
 55 0 -2 285
 55 -3 0 61
 55 -2 -2 318
 55 -3 1 90
 55 2 1 180
 55 0 2 67
 55 0 -1 81
 55 -2 2 51
 55 -3 -2 315
 55 3 -2 185
 55 -3 -1 241
 55 1 2 14
 55 1 -1 137
 55 -2 1 277
 55 -1 -2 18
 55 -2 -1 321
 55 2 0 239
 55 1 1 339
 55 1 0 130
 55 -3 2 349
 55 -1 2 267
 55 -2 3 36
 55 -1 0 33
 "contig-ratio-green-core" 0.8
 "contig-ratio-red-core" 0.631578947368421
