 "a-count" 0
 "b-count" 0
 "c-color-count" 28
 "c-express-count" 28
 "d-color-count" 28
 "d-express-count" 28
 "cell-count" 56
 15 1 4 188
 15 -3 -1 281
 15 1 -5 298
 15 -4 1 199
 15 2 4 352
 15 1 -3 264
 15 0 3 334
 15 3 0 13
 15 1 -2 198
 15 -1 -3 88
 15 -3 1 212
 15 -4 -1 44
 15 -3 3 80
 15 -3 -2 161
 15 4 1 116
 15 3 1 186
 15 3 2 296
 15 -4 0 268
 15 2 0 232
 15 2 1 21
 15 2 -1 334
 15 -1 3 7
 15 3 -1 352
 15 1 3 16
 15 0 -3 120
 15 1 -4 45
 15 0 4 220
 15 2 -2 286
 55 0 1 343
 55 -3 -3 317
 55 3 -2 169
 55 -1 -2 138
 55 0 2 286
 55 -2 -2 322
 55 -2 0 6
 55 1 0 1
 55 -3 2 219
 55 2 3 293
 55 -2 -1 190
 55 2 -3 256
 55 -1 0 212
 55 -1 2 157
 55 0 -1 323
 55 2 2 162
 55 1 2 211
 55 1 -1 97
 55 -2 1 329
 55 0 -2 71
 55 1 1 208
 55 -1 -1 110
 55 -2 3 288
 55 -2 2 167
 55 -2 -3 108
 55 3 -3 97
 55 -1 1 232
 55 0 0 339
 "contig-ratio-green-core" 0.8571428571428571
 "contig-ratio-red-core" 0.8260869565217391
 "a-count" 0
 "b-count" 0
 "c-color-count" 28
 "c-express-count" 28
 "d-color-count" 28
 "d-express-count" 28
 "cell-count" 56
 15 0 3 176
 15 4 1 31
 15 -2 4 95
 15 3 1 178
 15 0 -1 242
 15 -4 2 109
 15 1 -2 237
 15 0 -2 149
 15 -4 0 293
 15 -1 -2 234
 15 0 4 22
 15 -1 4 80
 15 2 -2 56
 15 3 0 194
 15 0 -3 278
 15 -1 3 298
 15 2 1 43
 15 1 -3 213
 15 3 2 309
 15 -1 -1 49
 15 -4 1 278
 15 2 0 250
 15 2 -1 19
 15 -3 0 172
 15 1 -1 33
 15 -3 1 315
 15 -4 -1 249
 15 1 3 87
 55 -1 1 298
 55 -2 1 342
 55 -2 -2 81
 55 1 0 346
 55 3 3 40
 55 1 1 112
 55 2 3 138
 55 -3 -3 260
 55 -2 2 133
 55 2 4 64
 55 3 -1 54
 55 -1 -3 95
 55 1 2 212
 55 -2 -1 6
 55 -1 2 123
 55 0 1 121
 55 0 0 300
 55 4 -1 260
 55 -3 2 265
 55 -1 0 73
 55 2 2 126
 55 -2 0 221
 55 -2 -3 240
 55 0 2 339
 55 0 -4 59
 55 -2 3 314
 55 -3 -1 255
 55 -1 -4 164
 "contig-ratio-green-core" 0.75
 "contig-ratio-red-core" 0.8
 "a-count" 0
 "b-count" 0
 "c-color-count" 28
 "c-express-count" 28
 "d-color-count" 28
 "d-express-count" 28
 "cell-count" 56
 15 -3 0 321
 15 3 -2 109
 15 -2 -1 262
 15 2 -2 313
 15 -1 -2 296
 15 1 -3 319
 15 -3 -2 355
 15 -3 1 52
 15 0 3 132
 15 0 -4 235
 15 -3 -1 79
 15 -1 -3 308
 15 3 -1 249
 15 -2 1 279
 15 -2 -2 259
 15 -4 1 66
 15 1 4 158
 15 1 -2 133
 15 2 -1 97
 15 -2 0 129
 15 1 3 105
 15 0 -2 238
 15 0 -3 14
 15 -1 3 194
 15 -1 -4 259
 15 2 3 117
 15 -2 -1 51
 15 3 3 26
 55 4 -1 57
 55 0 2 44
 55 2 2 119
 55 3 1 178
 55 1 1 290
 55 -2 2 138
 55 4 0 6
 55 -3 -3 160
 55 -1 -1 264
 55 2 0 99
 55 0 -1 208
 55 -2 3 264
 55 -1 2 204
 55 -1 1 324
 55 0 1 6
 55 1 -4 71
 55 -4 0 75
 55 5 0 205
 55 1 -1 271
 55 3 0 14
 55 1 2 339
 55 -4 -1 261
 55 1 0 191
 55 0 0 347
 55 -1 0 107
 55 4 1 124
 55 2 1 197
 55 3 2 248
 "contig-ratio-green-core" 0.8947368421052632
 "contig-ratio-red-core" 0.68
 "a-count" 0
 "b-count" 0
 "c-color-count" 28
 "c-express-count" 28
 "d-color-count" 28
 "d-express-count" 28
 "cell-count" 56
 15 1 2 242
 15 -2 -3 221
 15 1 3 193
 15 0 -2 204
 15 2 2 216
 15 -3 3 325
 15 3 2 343
 15 -1 -2 2
 15 -3 -3 60
 15 -2 -2 321
 15 1 1 98
 15 -2 -4 212
 15 0 2 32
 15 2 1 200
 15 3 -3 195
 15 1 -2 319
 15 1 -3 73
 15 0 3 225
 15 -1 -3 143
 15 2 -3 183
 15 4 2 332
 15 -2 3 71
 15 0 -4 109
 15 -1 -4 245
 15 -1 2 266
 15 0 -3 338
 15 -1 3 132
 15 -2 -1 72
 55 3 -2 229
 55 -2 1 104
 55 -3 -2 37
 55 -4 -2 47
 55 -1 -1 24
 55 -1 0 356
 55 -3 0 298
 55 3 -1 80
 55 0 1 253
 55 -4 -1 289
 55 -2 0 85
 55 -4 0 302
 55 2 0 349
 55 -4 1 84
 55 3 0 326
 55 1 -1 63
 55 2 3 129
 55 -2 2 244
 55 -3 1 36
 55 -1 1 197
 55 4 0 48
 55 4 1 314
 55 2 -1 241
 55 2 -2 6
 55 0 0 287
 55 0 -1 167
 55 3 1 189
 55 1 0 67
 "contig-ratio-green-core" 0.7142857142857143
 "contig-ratio-red-core" 0.7142857142857143
