 "a-count" 0
 "b-count" 0
 "c-color-count" 28
 "c-express-count" 28
 "d-color-count" 28
 "d-express-count" 28
 "cell-count" 56
 15 0 -3 333
 15 -1 2 160
 15 1 3 317
 15 -1 -3 193
 15 2 -3 327
 15 -4 1 35
 15 -3 0 233
 15 4 1 149
 15 -2 1 310
 15 0 -2 18
 15 0 -4 170
 15 0 3 264
 15 3 -2 25
 15 2 -2 131
 15 -1 -4 239
 15 -3 1 11
 15 1 -3 34
 15 -2 -1 338
 15 -1 3 270
 15 -4 0 105
 15 1 -2 241
 15 0 2 34
 15 -3 -1 64
 15 -2 0 14
 15 3 -3 341
 15 4 0 214
 15 4 -1 328
 15 1 2 325
 55 3 -1 197
 55 2 3 142
 55 3 2 349
 55 -4 -2 279
 55 1 1 229
 55 2 2 186
 55 -2 -2 131
 55 -1 -1 30
 55 3 1 299
 55 1 -1 260
 55 0 1 240
 55 -1 0 322
 55 -3 -3 244
 55 0 0 206
 55 0 -1 284
 55 -3 2 65
 55 1 0 250
 55 2 0 357
 55 -4 2 334
 55 -2 3 195
 55 2 -1 238
 55 -2 2 82
 55 -1 1 46
 55 1 -4 165
 55 -4 -3 349
 55 3 0 159
 55 2 1 266
 55 -2 -3 170
 "contig-ratio-green-core" 0.8095238095238095
 "contig-ratio-red-core" 0.76
 "a-count" 0
 "b-count" 0
 "c-color-count" 28
 "c-express-count" 28
 "d-color-count" 28
 "d-express-count" 28
 "cell-count" 56
 15 1 3 163
 15 2 -3 323
 15 -2 2 166
 15 -3 1 269
 15 -1 3 13
 15 -1 4 151
 15 -1 1 1
 15 0 2 258
 15 4 0 316
 15 0 1 132
 15 2 3 157
 15 3 3 18
 15 -3 -3 31
 15 -1 2 136
 15 -2 -1 234
 15 -2 1 189
 15 1 -3 180
 15 0 0 215
 15 3 -3 233
 15 -2 0 136
 15 -1 -1 59
 15 -1 -2 240
 15 -1 0 210
 15 0 -2 104
 15 -3 0 13
 15 0 3 166
 15 -2 -2 63
 15 4 -1 150
 55 -4 0 301
 55 -3 -1 86
 55 1 0 18
 55 4 1 14
 55 4 2 14
 55 2 0 106
 55 3 0 11
 55 -2 -3 172
 55 0 -3 77
 55 1 -4 358
 55 3 -2 227
 55 -1 -4 7
 55 2 2 215
 55 1 -2 137
 55 2 1 133
 55 1 2 213
 55 3 -1 58
 55 3 1 1
 55 -1 -3 165
 55 0 -4 331
 55 1 -1 111
 55 -4 -1 179
 55 2 -1 147
 55 -3 -2 13
 55 1 1 109
 55 -3 2 196
 55 -4 1 344
 55 2 -2 114
 "contig-ratio-green-core" 0.7391304347826086
 "contig-ratio-red-core" 0.8947368421052632
 "a-count" 0
 "b-count" 0
 "c-color-count" 28
 "c-express-count" 28
 "d-color-count" 28
 "d-express-count" 28
 "cell-count" 56
 15 1 0 224
 15 -1 2 143
 15 -2 3 7
 15 2 1 246
 15 4 -1 102
 15 -4 1 142
 15 -4 -2 102
 15 3 -1 318
 15 -1 0 125
 15 -4 0 123
 15 -3 -2 2
 15 3 1 172
 15 -4 -1 186
 15 4 0 203
 15 -2 4 349
 15 -3 -3 219
 15 1 1 257
 15 0 2 123
 15 3 0 67
 15 3 2 228
 15 -1 1 188
 15 -3 3 341
 15 -3 -1 106
 15 1 2 21
 15 2 2 355
 15 1 -4 264
 15 0 0 323
 15 0 -4 317
 55 1 -2 235
 55 -1 -3 120
 55 -1 -2 134
 55 2 -1 16
 55 -1 4 87
 55 0 -2 218
 55 2 -2 241
 55 1 -1 180
 55 0 -1 173
 55 0 3 57
 55 -3 1 339
 55 -3 0 88
 55 -2 -2 19
 55 0 4 153
 55 -1 -1 269
 55 -2 1 188
 55 1 3 69
 55 -2 2 93
 55 3 -2 153
 55 2 -3 325
 55 1 -3 258
 55 -2 0 285
 55 -2 -1 60
 55 0 -3 110
 55 2 3 331
 55 2 -4 95
 55 -1 3 166
 55 -3 2 0
 "contig-ratio-green-core" 0.7391304347826086
 "contig-ratio-red-core" 0.75
 "a-count" 0
 "b-count" 0
 "c-color-count" 28
 "c-express-count" 28
 "d-color-count" 28
 "d-express-count" 28
 "cell-count" 56
 15 4 -1 268
 15 -2 1 73
 15 -2 -3 47
 15 -3 1 227
 15 1 -2 2
 15 2 1 157
 15 -2 2 220
 15 2 -2 291
 15 -2 -1 23
 15 -2 3 60
 15 4 0 194
 15 -4 0 158
 15 -1 4 71
 15 1 -3 333
 15 4 1 52
 15 2 2 346
 15 -1 3 161
 15 3 1 256
 15 -1 2 282
 15 -2 -2 322
 15 1 -4 320
 15 -3 0 289
 15 -3 -1 211
 15 3 -2 64
 15 -4 1 228
 15 2 3 159
 15 -2 0 135
 15 2 -3 15
 55 0 -3 7
 55 0 2 74
 55 1 3 178
 55 0 4 36
 55 -1 -1 91
 55 -4 -1 314
 55 3 0 331
 55 -1 1 220
 55 0 1 48
 55 -3 3 30
 55 3 -1 11
 55 1 0 149
 55 2 4 136
 55 2 0 197
 55 3 3 215
 55 2 -1 91
 55 -1 -2 87
 55 0 3 35
 55 1 1 299
 55 0 -1 96
 55 1 4 129
 55 1 2 324
 55 -1 0 254
 55 0 0 256
 55 -1 -3 72
 55 0 -2 233
 55 -3 2 138
 55 1 -1 295
 "contig-ratio-green-core" 0.9545454545454546
 "contig-ratio-red-core" 0.8695652173913043
