 "a-count" 0
 "b-count" 0
 "c-color-count" 28
 "c-express-count" 28
 "d-color-count" 28
 "d-express-count" 28
 "cell-count" 56
 15 3 3 226
 15 -1 -4 32
 15 1 4 166
 15 1 2 52
 15 -2 -3 41
 15 1 3 299
 15 0 1 63
 15 -2 -4 328
 15 0 -4 331
 15 0 3 200
 15 2 1 157
 15 -2 -1 336
 15 0 2 169
 15 -2 -2 123
 15 2 2 34
 15 1 -3 230
 15 0 4 82
 15 -3 -3 103
 15 4 -1 191
 15 -3 -2 219
 15 1 -4 312
 15 4 -2 105
 15 -3 1 357
 15 0 -3 111
 15 2 -3 107
 15 2 3 228
 15 -4 1 211
 15 1 -2 106
 55 1 -1 75
 55 -2 1 14
 55 0 0 193
 55 1 0 52
 55 2 0 132
 55 -1 1 2
 55 4 0 286
 55 3 -3 246
 55 3 -1 211
 55 -1 4 252
 55 0 -2 243
 55 -2 2 113
 55 3 2 182
 55 -3 3 166
 55 -2 3 358
 55 -1 2 102
 55 -1 0 336
 55 4 1 28
 55 -1 3 7
 55 3 0 240
 55 3 1 47
 55 -2 0 320
 55 2 -1 80
 55 -3 0 113
 55 -1 -2 21
 55 0 -1 219
 55 -1 -1 293
 55 3 -2 326
 "contig-ratio-green-core" 0.5833333333333334
 "contig-ratio-red-core" 0.76
 "a-count" 0
 "b-count" 0
 "c-color-count" 28
 "c-express-count" 28
 "d-color-count" 28
 "d-express-count" 28
 "cell-count" 56
 15 -2 2 347
 15 -3 1 252
 15 -3 -2 343
 15 3 -3 92
 15 -3 0 67
 15 4 0 157
 15 -1 -2 66
 15 1 -4 327
 15 4 -1 350
 15 -3 2 323
 15 0 2 256
 15 1 3 227
 15 -4 -2 211
 15 -1 -1 235
 15 0 4 265
 15 -2 -2 92
 15 -1 2 339
 15 4 1 222
 15 1 4 152
 15 -1 3 155
 15 3 -1 344
 15 -3 -1 133
 15 -2 1 314
 15 -2 0 165
 15 4 -2 253
 15 -1 -3 292
 15 0 3 173
 15 3 -2 83
 55 0 -1 122
 55 1 1 100
 55 1 2 130
 55 1 -1 93
 55 3 0 64
 55 -4 0 167
 55 -2 4 113
 55 1 -3 31
 55 -1 -4 55
 55 0 1 71
 55 -1 1 238
 55 -3 3 240
 55 -2 3 268
 55 2 3 13
 55 3 1 198
 55 2 2 17
 55 1 -2 307
 55 2 0 286
 55 2 1 209
 55 2 -3 48
 55 2 -2 21
 55 2 -1 167
 55 0 -4 329
 55 2 4 320
 55 -1 0 1
 55 0 0 129
 55 1 0 214
 55 0 -3 195
 "contig-ratio-green-core" 0.85
 "contig-ratio-red-core" 0.7391304347826086
 "a-count" 0
 "b-count" 0
 "c-color-count" 28
 "c-express-count" 28
 "d-color-count" 28
 "d-express-count" 28
 "cell-count" 56
 15 -3 -3 28
 15 2 2 132
 15 1 2 300
 15 -1 -3 120
 15 2 0 34
 15 3 3 241
 15 -2 2 281
 15 -4 1 54
 15 2 -1 198
 15 -4 0 257
 15 0 -4 92
 15 0 -3 270
 15 -3 2 216
 15 0 -2 347
 15 1 1 143
 15 -2 -3 229
 15 3 0 232
 15 1 -2 8
 15 0 -1 6
 15 0 0 321
 15 3 1 298
 15 3 2 172
 15 -2 1 284
 15 1 0 14
 15 1 -1 306
 15 2 -2 99
 15 2 1 58
 15 -3 1 5
 55 2 4 324
 55 1 4 274
 55 -1 0 11
 55 -3 0 128
 55 4 -2 33
 55 -1 -1 275
 55 3 -2 329
 55 4 -1 191
 55 4 2 332
 55 3 -3 249
 55 3 -1 68
 55 -3 -2 263
 55 0 3 131
 55 -2 -1 137
 55 2 -3 60
 55 -2 -2 76
 55 -1 4 84
 55 -1 -2 337
 55 -1 2 266
 55 0 1 196
 55 4 1 296
 55 -2 0 82
 55 0 2 4
 55 -3 -1 239
 55 4 0 11
 55 -1 3 16
 55 -1 1 355
 55 1 3 218
 "contig-ratio-green-core" 0.64
 "contig-ratio-red-core" 0.7727272727272727
 "a-count" 0
 "b-count" 0
 "c-color-count" 28
 "c-express-count" 28
 "d-color-count" 28
 "d-express-count" 28
 "cell-count" 56
 15 0 2 265
 15 -1 2 355
 15 -2 2 171
 15 -2 -2 158
 15 -2 1 56
 15 3 0 212
 15 1 0 72
 15 -1 1 330
 15 -1 -2 326
 15 -2 0 324
 15 1 1 172
 15 -4 1 283
 15 -3 -2 202
 15 -3 -1 329
 15 -1 -3 42
 15 3 2 303
 15 2 1 210
 15 -1 0 304
 15 -1 -1 218
 15 2 0 40
 15 3 1 209
 15 0 0 147
 15 -3 1 198
 15 -1 -3 218
 15 0 1 306
 15 -2 -1 172
 15 0 -1 160
 15 -3 0 76
 55 1 2 54
 55 1 -4 140
 55 2 3 66
 55 -1 3 202
 55 3 -1 133
 55 2 2 314
 55 0 -3 168
 55 1 -2 112
 55 -1 -4 118
 55 0 -4 155
 55 1 -1 137
 55 1 4 78
 55 2 -3 125
 55 4 -1 85
 55 1 3 294
 55 2 -1 169
 55 -4 -2 27
 55 1 -3 49
 55 -4 -1 348
 55 -4 0 276
 55 0 -2 288
 55 -3 -3 46
 55 1 -1 51
 55 2 -2 302
 55 1 -2 207
 55 0 3 275
 55 3 -2 217
 55 1 5 334
 "contig-ratio-green-core" 0.7894736842105263
 "contig-ratio-red-core" 0.75
