 "a-count" 8
 "b-count" 5
 "c-color-count" 23
 "c-express-count" 23
 "d-color-count" 21
 "d-express-count" 20
 "cell-count" 56
 15 2 2 114
 15 -3 1 26
 105 -4 1 2
 15 -1 -1 277
 15 2 -2 54
 15 0 -1 48
 105 1 -4 241
 105 3 3 212
 15 3 2 299
 105 3 2 212
 15 2 -2 122
 105 -3 0 101
 15 2 2 44
 15 1 -2 294
 15 3 1 193
 15 1 3 316
 15 -3 -1 150
 15 0 -3 16
 15 -3 -3 336
 15 4 2 26
 15 -1 1 87
 15 0 3 67
 15 -2 3 312
 105 2 -3 194
 15 2 1 298
 15 3 -2 19
 105 -2 -2 184
 15 1 4 130
 55 2 -1 356
 55 -3 -2 115
 55 4 1 301
 55 0 2 154
 55 1 -1 43
 55 2 3 349
 55 4 0 26
 55 3 -1 246
 55 -1 -3 131
 55 0 0 190
 55 0 -2 85
 55 -1 -2 203
 55 -1 -4 7
 55 1 2 300
 5 -4 0 263
 55 1 0 276
 5 -2 -1 49
 55 1 1 162
 55 -1 2 41
 5 4 -1 300
 55 0 1 78
 55 2 0 125
 55 2 -1 153
 55 -1 4 350
 5 0 4 296
 55 3 0 126
 5 -1 0 247
 55 -1 3 51
 "contig-ratio-green-core" 0.8333333333333334
 "contig-ratio-red-core" 1
 "a-count" 5
 "b-count" 5
 "c-color-count" 24
 "c-express-count" 23
 "d-color-count" 24
 "d-express-count" 23
 "cell-count" 56
 15 3 2 31
 15 0 -2 99
 105 -2 3 311
 15 -1 -2 113
 15 2 0 164
 15 1 1 290
 15 -1 2 85
 15 -3 -1 348
 15 -4 2 179
 15 -1 1 54
 15 3 1 266
 15 -3 2 303
 105 -1 -3 56
 15 -1 0 160
 15 0 1 340
 15 1 -1 276
 15 -2 2 36
 15 2 -1 156
 105 -1 -1 134
 15 2 -3 323
 15 2 3 281
 15 -1 3 232
 15 2 2 190
 105 -2 -3 129
 15 1 0 227
 15 4 1 164
 15 0 0 134
 15 0 -3 312
 55 1 -3 217
 55 -4 0 202
 55 -4 1 92
 55 -2 1 177
 55 3 0 135
 55 0 3 83
 5 0 4 268
 5 -4 -1 25
 55 3 -1 236
 55 -3 0 226
 55 -2 -1 153
 5 3 3 151
 5 -3 -2 200
 55 -2 0 29
 55 3 -3 23
 55 1 -4 351
 55 2 -2 69
 55 1 3 30
 55 1 2 189
 55 0 2 46
 55 4 0 181
 55 -3 3 234
 55 0 -4 228
 55 1 -2 92
 55 -3 1 139
 55 -2 -2 0
 55 3 -2 37
 55 4 -1 160
 "contig-ratio-green-core" 1.05
 "contig-ratio-red-core" 0.75
 "a-count" 6
 "b-count" 3
 "c-color-count" 25
 "c-express-count" 25
 "d-color-count" 24
 "d-express-count" 22
 "cell-count" 56
 15 1 0 163
 15 1 -1 96
 15 -4 0 114
 15 -2 -3 4
 15 1 1 236
 15 3 -2 227
 15 2 2 332
 15 3 -1 177
 15 -3 -1 10
 15 2 -2 146
 15 1 -2 110
 15 -2 -2 135
 15 2 -1 295
 15 -1 1 133
 15 3 0 35
 105 -2 3 250
 15 -1 3 49
 15 0 1 358
 15 0 0 346
 105 4 -1 120
 15 0 4 306
 15 0 -4 260
 105 -3 -2 102
 105 -3 3 206
 15 2 1 122
 15 -2 -1 104
 15 2 0 51
 15 -1 0 264
 55 3 3 268
 55 -1 2 266
 5 4 0 205
 5 1 4 330
 55 -3 2 154
 55 -3 0 260
 55 -2 1 279
 55 -1 -4 52
 55 0 2 4
 55 -1 -3 323
 55 -3 -3 300
 55 1 -3 338
 5 0 -3 41
 55 0 -1 69
 55 1 2 58
 55 3 1 42
 55 4 1 196
 55 -4 1 3
 55 -3 1 40
 55 -2 0 148
 55 2 -3 76
 55 2 3 174
 55 0 -2 315
 55 0 3 247
 55 -1 -2 237
 55 1 3 348
 55 -1 -1 6
 55 3 -3 121
 "contig-ratio-green-core" 1
 "contig-ratio-red-core" 1.0588235294117647
 "a-count" 10
 "b-count" 9
 "c-color-count" 22
 "c-express-count" 19
 "d-color-count" 19
 "d-express-count" 18
 "cell-count" 56
 15 0 4 39
 105 2 0 12
 15 -1 0 162
 15 2 3 8
 105 3 -1 33
 105 3 -3 339
 105 -3 3 138
 105 4 1 282
 15 -1 -1 253
 15 -4 0 101
 15 -1 4 257
 15 1 3 205
 15 -2 -1 11
 15 0 -1 343
 15 0 0 310
 105 2 -1 21
 15 1 -1 115
 15 -3 -1 145
 15 -3 2 94
 105 1 -3 167
 105 -4 -1 90
 105 4 -1 24
 15 1 -2 32
 15 -2 0 175
 15 3 -2 221
 15 1 2 53
 15 -3 0 234
 15 -1 -4 150
 55 1 1 32
 5 2 2 340
 55 3 0 175
 55 0 3 94
 55 -3 1 100
 55 -3 -2 207
 55 -1 3 171
 55 -1 -2 344
 5 2 -2 265
 55 0 -3 129
 55 -2 -2 43
 5 -2 3 145
 55 -2 1 75
 5 2 -3 72
 55 3 2 50
 55 0 1 8
 55 -1 1 46
 55 4 0 107
 55 0 2 190
 5 2 1 144
 55 1 -4 210
 55 1 0 324
 55 0 -4 77
 55 -1 -3 292
 55 -2 -3 153
 55 0 -2 59
 55 -2 2 347
 5 -3 -3 193
 "contig-ratio-green-core" 0.7777777777777778
 "contig-ratio-red-core" 0.875
