 "a-count" 9
 "b-count" 5
 "c-color-count" 24
 "c-express-count" 23
 "d-color-count" 20
 "d-express-count" 19
 "cell-count" 56
 105 3 -2 7
 15 0 -3 338
 105 -3 -3 358
 105 3 -1 110
 15 2 1 30
 15 -1 -4 267
 105 0 -4 8
 15 4 0 113
 15 2 2 312
 15 1 1 125
 15 3 0 304
 15 -2 3 210
 105 -1 4 270
 15 -2 -2 13
 15 1 -1 276
 15 2 -1 269
 15 1 0 51
 15 2 -2 153
 15 -3 3 285
 105 1 -3 317
 15 3 2 155
 15 0 3 119
 15 -1 -2 226
 15 1 3 132
 105 3 -3 16
 15 -1 3 61
 15 -2 -3 92
 105 3 3 170
 55 1 -2 168
 55 -2 -1 78
 55 -3 -2 268
 55 -2 0 195
 55 -3 1 102
 55 -1 0 120
 55 1 4 88
 55 -2 2 141
 5 -4 -1 151
 55 4 -1 321
 55 3 1 77
 55 0 2 91
 55 0 -2 231
 55 -1 -1 21
 5 -4 0 223
 55 -2 1 236
 55 0 1 281
 55 -3 -1 320
 5 -4 1 210
 55 -1 -3 116
 55 2 3 106
 55 -1 2 328
 55 0 -1 185
 55 -1 1 53
 5 0 4 116
 55 -3 0 351
 55 1 2 353
 55 0 0 286
 "contig-ratio-green-core" 0.8571428571428571
 "contig-ratio-red-core" 0.8235294117647058
 "a-count" 6
 "b-count" 5
 "c-color-count" 23
 "c-express-count" 23
 "d-color-count" 23
 "d-express-count" 22
 "cell-count" 56
 15 0 -3 69
 15 -2 1 13
 15 -1 1 2
 105 3 2 130
 15 -3 1 45
 15 -4 1 230
 105 0 3 243
 15 0 1 58
 105 1 -3 322
 105 2 -3 246
 15 1 0 340
 15 2 0 92
 15 -4 -2 328
 15 1 -4 58
 15 2 -1 60
 15 -2 3 59
 15 1 3 293
 15 0 4 84
 105 -1 -4 267
 15 -2 0 89
 15 0 -2 353
 15 -1 -3 136
 15 -3 0 355
 15 -1 4 227
 15 -2 -3 37
 15 3 1 271
 15 -3 -2 6
 15 0 2 253
 55 1 -1 44
 55 4 1 347
 55 -2 -1 170
 55 -2 -4 211
 55 -3 -1 343
 5 -3 3 344
 55 3 0 230
 5 1 4 108
 55 -2 2 342
 55 -4 0 328
 55 2 3 110
 5 3 -3 318
 55 -3 -3 199
 55 4 -1 177
 55 -1 0 215
 55 -2 -2 93
 55 2 -2 161
 55 -4 -1 51
 55 4 0 11
 55 3 -1 125
 55 0 -1 226
 5 1 -2 347
 5 3 -2 127
 55 -1 -2 226
 55 0 0 206
 55 2 2 256
 55 1 2 182
 55 2 1 80
 "contig-ratio-green-core" 0.8888888888888888
 "contig-ratio-red-core" 1
 "a-count" 6
 "b-count" 5
 "c-color-count" 24
 "c-express-count" 23
 "d-color-count" 23
 "d-express-count" 22
 "cell-count" 56
 15 -2 0 0
 15 4 1 239
 105 2 3 61
 105 -1 4 89
 15 0 2 294
 15 0 3 55
 15 0 -3 279
 15 -1 2 178
 105 -3 1 169
 15 -1 3 255
 15 3 -2 150
 105 1 3 2
 105 -1 -4 350
 15 -1 -2 127
 15 1 4 163
 15 -2 2 200
 15 1 -3 280
 15 1 1 174
 15 0 -4 82
 15 0 4 73
 15 3 0 88
 15 3 -1 92
 15 3 3 64
 15 -4 -1 160
 15 1 2 11
 15 -2 1 232
 15 -4 0 241
 15 2 2 3
 55 1 -1 90
 55 0 -1 12
 55 1 -2 289
 55 0 0 348
 55 -3 -2 220
 55 2 0 333
 55 2 4 151
 55 3 2 43
 55 -1 -1 162
 55 2 -3 238
 55 0 -2 79
 5 3 -3 131
 55 1 0 3
 55 3 1 138
 55 -2 -1 34
 55 -3 3 198
 55 -2 -2 107
 55 0 1 328
 55 -3 -1 209
 5 -2 -3 110
 5 -3 -3 222
 55 -1 0 49
 55 2 -2 178
 55 -1 1 213
 55 -4 1 65
 5 -3 0 133
 55 2 -4 142
 55 2 -1 154
 "contig-ratio-green-core" 0.8333333333333334
 "contig-ratio-red-core" 0.8333333333333334
 "a-count" 5
 "b-count" 5
 "c-color-count" 23
 "c-express-count" 23
 "d-color-count" 23
 "d-express-count" 23
 "cell-count" 56
 15 1 -2 221
 15 -3 0 284
 105 2 -3 38
 15 1 -3 145
 15 -3 -1 297
 105 3 -3 95
 15 2 2 147
 15 0 -1 315
 15 -1 -2 101
 15 4 0 311
 15 3 -2 4
 15 -2 3 23
 15 -2 -1 9
 15 2 -2 210
 15 -2 0 166
 15 -2 1 38
 105 -3 1 283
 15 0 -3 58
 15 3 1 316
 105 -4 0 219
 15 0 3 127
 15 0 -2 144
 15 -2 2 333
 105 -3 2 159
 15 4 -1 49
 15 -1 -1 156
 15 -1 0 73
 15 -1 3 325
 55 0 0 293
 55 0 2 50
 5 -4 1 15
 55 1 2 240
 55 3 -1 70
 55 1 0 285
 55 1 -4 357
 55 2 0 68
 55 4 1 63
 55 0 1 255
 5 1 4 193
 55 -1 1 141
 55 3 3 160
 55 3 0 352
 55 1 1 147
 55 2 -1 184
 5 -3 -3 204
 55 -3 -2 331
 55 0 -4 101
 5 -1 4 6
 55 -2 -2 347
 55 2 1 337
 55 -1 2 203
 55 -1 -4 359
 55 1 3 110
 55 -3 3 285
 55 1 -1 67
 5 -1 -3 69
 "contig-ratio-green-core" 1.2142857142857142
 "contig-ratio-red-core" 0.9375
