 "a-count" 10
 "b-count" 6
 "c-color-count" 23
 "c-express-count" 22
 "d-color-count" 19
 "d-express-count" 18
 "cell-count" 56
 15 -1 -3 347
 105 3 1 150
 15 1 -3 7
 15 1 -1 218
 15 1 4 263
 105 -1 4 274
 15 0 -1 114
 15 2 1 269
 15 0 3 18
 105 2 -2 333
 15 -2 1 254
 15 2 0 283
 105 2 4 177
 15 1 1 157
 105 -3 -3 253
 15 -1 3 111
 15 -1 0 317
 105 -3 1 274
 15 -1 1 306
 105 0 -4 233
 105 3 2 215
 105 4 1 138
 15 1 -2 267
 15 1 2 199
 15 -2 2 183
 15 0 0 269
 15 4 0 31
 15 0 -3 247
 55 -3 -1 214
 5 4 -1 108
 5 -3 0 359
 55 3 -1 9
 55 -1 -5 15
 55 1 0 107
 55 -3 -2 288
 5 -4 -1 299
 55 -2 -1 235
 55 2 2 305
 55 2 3 262
 5 -3 3 282
 55 -1 -2 38
 55 3 -2 13
 5 0 4 321
 55 -2 0 101
 55 -1 -4 308
 55 2 -3 190
 55 3 0 101
 55 -2 3 270
 55 -1 -1 38
 55 1 3 162
 55 -4 0 261
 55 1 -5 330
 55 -1 2 111
 55 -2 -3 155
 55 0 2 237
 55 2 -1 330
 "contig-ratio-green-core" 0.8235294117647058
 "contig-ratio-red-core" 0.7368421052631579
 "a-count" 7
 "b-count" 2
 "c-color-count" 26
 "c-express-count" 26
 "d-color-count" 22
 "d-express-count" 21
 "cell-count" 56
 105 4 0 279
 15 1 0 78
 105 4 -1 266
 15 3 2 22
 15 -2 -2 130
 15 -3 -1 37
 15 -2 0 152
 15 -2 3 146
 15 2 0 151
 15 2 -3 240
 15 3 -2 146
 15 3 1 116
 105 0 -1 60
 105 -3 3 167
 15 3 0 61
 15 -2 -1 302
 15 2 3 19
 15 -1 -1 235
 105 3 3 10
 15 0 -4 341
 15 2 -1 220
 15 1 -1 196
 15 -1 0 312
 15 1 -4 348
 15 -2 2 59
 15 -3 1 284
 15 0 0 280
 105 1 4 160
 55 -1 2 11
 55 1 3 355
 55 0 2 201
 55 0 1 336
 55 0 -2 201
 55 2 2 74
 5 3 -3 80
 55 -1 -4 297
 55 -2 1 227
 55 0 -3 354
 55 -1 1 47
 55 -3 -2 91
 55 -1 4 266
 55 2 -2 198
 55 1 -2 200
 55 1 2 61
 55 -4 -1 293
 55 1 1 25
 5 -3 2 349
 55 -1 -2 274
 55 -4 0 30
 55 -1 3 11
 55 2 1 260
 55 1 -3 63
 55 -1 -3 100
 55 -2 -3 165
 55 0 3 161
 55 -4 1 84
 "contig-ratio-green-core" 0.9523809523809523
 "contig-ratio-red-core" 1.125
 "a-count" 7
 "b-count" 7
 "c-color-count" 21
 "c-express-count" 21
 "d-color-count" 24
 "d-express-count" 21
 "cell-count" 56
 15 0 -1 269
 15 -2 0 118
 15 -1 3 213
 15 4 1 46
 15 1 0 220
 105 -2 -3 273
 15 3 -1 214
 15 -1 -4 281
 15 1 2 191
 15 0 3 8
 15 0 4 252
 15 -2 -2 274
 15 1 -1 245
 15 2 -1 248
 15 0 1 295
 105 1 4 176
 15 -1 -1 210
 15 -2 1 172
 15 1 1 8
 15 1 -4 93
 15 -1 1 87
 15 4 -1 292
 15 -1 2 194
 105 3 -2 30
 15 -1 0 284
 105 0 0 273
 15 0 2 254
 15 0 -4 92
 55 -1 -3 248
 5 3 3 183
 55 0 -2 184
 55 0 -3 66
 55 -1 -2 119
 55 1 -2 20
 55 2 0 175
 55 2 2 317
 55 2 1 291
 5 -3 -3 350
 55 -3 1 180
 5 2 3 149
 55 3 0 62
 55 -3 3 320
 5 -3 -2 210
 55 4 2 232
 5 2 -2 333
 55 -1 4 172
 55 -4 0 270
 55 -3 -1 151
 55 3 2 286
 55 -4 -1 42
 55 -3 2 103
 55 -3 0 341
 5 -2 -1 208
 55 1 -3 147
 55 3 1 17
 5 3 -3 271
 "contig-ratio-green-core" 0.875
 "contig-ratio-red-core" 0.7058823529411765
 "a-count" 5
 "b-count" 5
 "c-color-count" 25
 "c-express-count" 23
 "d-color-count" 25
 "d-express-count" 23
 "cell-count" 56
 105 -4 0 52
 15 2 3 338
 15 4 1 339
 15 -3 -1 274
 15 -1 0 253
 15 -2 -1 328
 15 3 2 104
 15 4 -1 164
 15 -3 2 150
 15 1 -1 26
 15 0 -3 214
 15 -2 -3 31
 15 -1 -1 190
 105 1 4 236
 15 0 0 358
 15 1 3 98
 15 2 2 52
 15 -2 -2 24
 15 4 0 296
 15 -1 -4 126
 15 0 4 333
 15 0 1 276
 15 -2 0 99
 15 1 -3 61
 15 -1 1 94
 105 -3 -2 168
 15 1 2 6
 15 -2 1 63
 55 -3 1 232
 55 -2 2 199
 55 3 -1 161
 55 2 1 174
 55 -3 0 267
 55 0 -4 168
 55 4 2 273
 55 -1 -3 62
 55 -1 -2 269
 55 1 0 330
 55 3 -2 9
 55 3 1 95
 55 -1 4 61
 55 -4 -1 290
 55 -3 3 137
 55 2 -3 156
 55 3 -3 238
 55 0 3 181
 55 1 1 160
 55 3 0 76
 55 -3 -3 102
 55 0 2 181
 5 -2 3 82
 5 -1 2 206
 55 2 -1 277
 5 3 3 318
 55 -1 3 230
 55 2 0 175
 "contig-ratio-green-core" 1.1666666666666667
 "contig-ratio-red-core" 0.9473684210526315
