 "a-count" 5
 "b-count" 6
 "c-color-count" 22
 "c-express-count" 22
 "d-color-count" 23
 "d-express-count" 23
 "cell-count" 56
 15 2 1 57
 15 3 -2 138
 15 4 1 191
 15 0 4 78
 15 -3 -1 233
 105 1 4 332
 15 2 2 147
 15 -4 -1 0
 15 2 0 26
 15 -2 -1 80
 15 -1 -1 91
 15 -2 -2 163
 15 -3 1 288
 105 -3 -3 197
 15 -1 3 179
 15 -2 0 47
 15 1 3 293
 15 0 3 104
 105 4 -1 189
 15 -3 0 110
 15 -2 1 172
 15 4 0 237
 15 -1 -2 184
 15 -1 0 91
 105 -2 -3 165
 15 2 -2 82
 15 3 1 120
 105 -1 -3 201
 5 2 -3 241
 55 -4 0 313
 55 0 -3 166
 5 3 2 225
 55 0 1 40
 55 1 -1 142
 55 1 -2 153
 55 3 -3 233
 55 0 -4 129
 55 0 -2 261
 55 0 -1 188
 55 -2 2 76
 5 3 0 157
 55 2 3 83
 55 0 0 19
 55 -1 1 321
 55 -2 3 195
 5 1 -4 6
 55 1 -3 283
 55 1 2 103
 55 -4 1 289
 5 -1 -4 192
 55 1 0 290
 55 2 -1 185
 55 3 3 29
 5 -3 2 200
 55 0 2 50
 55 1 1 268
 "contig-ratio-green-core" 0.7894736842105263
 "contig-ratio-red-core" 0.8421052631578947
 "a-count" 6
 "b-count" 4
 "c-color-count" 24
 "c-express-count" 24
 "d-color-count" 24
 "d-express-count" 22
 "cell-count" 56
 15 -1 -2 194
 15 -4 0 115
 15 4 -1 108
 15 -1 1 242
 15 4 1 315
 15 3 1 49
 15 -3 1 319
 15 1 2 216
 105 -4 1 273
 15 -1 -3 45
 15 2 2 35
 15 -3 -2 208
 15 -2 1 221
 15 3 0 153
 15 1 4 66
 15 2 -2 157
 105 2 3 114
 15 3 -1 219
 15 2 -1 356
 15 -3 -1 16
 15 3 2 146
 15 -2 -1 22
 105 1 -4 63
 15 -4 -1 315
 15 -2 0 84
 105 0 -3 68
 15 1 3 19
 15 -2 -2 332
 5 0 -4 32
 5 -1 2 39
 55 0 3 44
 55 -1 0 342
 5 -3 2 37
 55 1 1 337
 55 4 0 99
 55 2 1 190
 55 -2 3 217
 55 0 -1 167
 55 -4 -2 276
 55 0 -2 135
 55 0 1 227
 5 -1 -4 266
 55 -3 -3 5
 55 0 2 84
 55 3 3 155
 55 -2 2 186
 55 -2 4 326
 55 0 0 146
 55 -1 -1 325
 55 1 -1 174
 55 0 4 276
 55 -2 -3 211
 55 1 0 61
 55 1 -2 148
 55 3 -2 273
 55 -1 4 40
 "contig-ratio-green-core" 0.9333333333333333
 "contig-ratio-red-core" 0.9
 "a-count" 7
 "b-count" 6
 "c-color-count" 22
 "c-express-count" 22
 "d-color-count" 21
 "d-express-count" 21
 "cell-count" 56
 105 3 3 348
 15 -1 1 43
 15 -2 0 233
 105 -2 -2 332
 15 -1 3 37
 105 3 -3 313
 15 0 2 65
 105 4 -1 18
 15 -1 2 31
 105 1 4 298
 15 0 -2 226
 15 -1 -1 320
 15 1 -3 332
 15 1 2 251
 15 2 1 156
 15 0 3 231
 15 3 1 310
 105 0 4 170
 15 3 -2 131
 15 -3 0 71
 15 -2 1 261
 15 -2 -3 74
 15 2 -3 317
 105 2 3 303
 15 -3 1 236
 15 4 0 139
 15 -4 1 60
 15 -1 0 13
 5 3 2 209
 5 -3 -2 325
 55 3 -1 2
 5 -3 2 161
 55 1 1 70
 55 1 -4 260
 55 -2 3 183
 55 0 0 137
 55 1 3 38
 55 2 -1 0
 55 -3 -3 121
 55 -1 4 281
 5 0 -3 225
 55 -3 3 151
 55 0 -1 331
 55 4 1 102
 55 -3 -1 129
 55 1 -2 224
 55 1 0 333
 55 3 0 86
 5 1 -1 44
 5 -4 -1 33
 55 2 0 338
 55 -4 0 145
 55 2 -2 136
 55 -2 2 3
 55 0 1 89
 55 -1 -2 140
 "contig-ratio-green-core" 1.2
 "contig-ratio-red-core" 1
 "a-count" 4
 "b-count" 4
 "c-color-count" 25
 "c-express-count" 24
 "d-color-count" 26
 "d-express-count" 24
 "cell-count" 56
 15 -4 -1 206
 15 -2 2 67
 15 -4 0 291
 15 -1 0 97
 15 -2 -1 105
 15 -4 1 261
 15 1 -4 198
 15 1 0 244
 15 -1 -1 292
 15 3 -3 174
 105 3 -2 104
 15 3 0 198
 15 1 -1 44
 105 2 -2 250
 15 1 -2 238
 15 -2 0 22
 15 0 1 215
 15 2 -1 26
 15 -2 1 207
 15 -3 -2 237
 15 0 -1 163
 15 1 1 108
 15 0 0 134
 15 -1 1 324
 15 1 4 284
 15 -3 -1 138
 15 4 -1 190
 15 2 0 336
 55 4 1 276
 55 2 -3 192
 55 0 -4 44
 55 4 0 9
 55 0 -2 291
 55 1 3 262
 55 -2 -3 298
 55 1 2 344
 55 3 1 177
 55 -4 -2 311
 55 1 -3 122
 55 -4 2 229
 55 -1 -4 275
 55 0 4 322
 55 -1 -3 231
 55 -1 -2 125
 55 0 3 337
 55 0 -3 75
 55 2 1 325
 55 -2 -2 251
 5 -1 4 109
 55 0 2 87
 55 -1 2 77
 55 2 3 329
 5 -3 1 177
 5 3 2 151
 55 2 2 9
 55 -3 -3 217
 "contig-ratio-green-core" 0.7894736842105263
 "contig-ratio-red-core" 0.7777777777777778
