 "a-count" 7
 "b-count" 3
 "c-color-count" 25
 "c-express-count" 25
 "d-color-count" 22
 "d-express-count" 21
 "cell-count" 56
 15 1 3 191
 15 3 3 223
 15 1 -4 359
 15 2 0 77
 105 0 -4 220
 15 1 1 219
 15 -3 2 200
 15 -1 3 44
 105 -2 3 343
 15 -4 -1 160
 15 -1 2 84
 15 -2 -2 46
 105 0 3 90
 15 3 0 157
 15 -3 1 244
 15 2 3 242
 15 4 0 196
 105 -1 -3 147
 15 2 1 134
 105 -1 -4 285
 15 0 2 29
 15 4 -1 262
 105 -2 -3 224
 15 4 1 221
 15 -4 0 42
 15 -3 0 307
 15 0 -3 190
 15 1 2 280
 55 -3 -1 62
 55 1 -1 170
 55 3 -2 292
 55 0 1 248
 55 -3 3 16
 55 -1 1 51
 55 3 -3 350
 55 -2 -1 241
 55 0 -1 162
 55 0 -2 311
 55 1 -3 62
 55 3 -1 113
 5 1 -2 113
 5 1 4 102
 55 2 -3 25
 55 -1 -1 3
 55 -1 0 285
 55 0 0 289
 55 -2 0 100
 5 -4 1 198
 55 -1 4 269
 55 3 2 314
 55 -1 -2 168
 55 1 0 137
 55 0 4 54
 55 2 2 300
 55 -2 1 169
 55 -3 -2 326
 "contig-ratio-green-core" 1
 "contig-ratio-red-core" 0.7894736842105263
 "a-count" 8
 "b-count" 3
 "c-color-count" 25
 "c-express-count" 25
 "d-color-count" 23
 "d-express-count" 20
 "cell-count" 56
 105 -1 -3 221
 15 -3 1 130
 15 2 0 62
 15 1 0 210
 15 1 -2 117
 15 4 1 194
 15 0 3 44
 15 -3 -1 223
 15 -1 3 315
 105 3 -1 79
 15 -1 -4 341
 15 0 4 177
 15 0 -2 190
 15 3 0 212
 105 0 -3 234
 15 -3 -3 141
 15 0 -1 341
 15 -1 -2 338
 15 1 3 69
 15 -2 2 190
 15 2 3 61
 15 -4 0 110
 15 3 3 38
 15 -3 2 343
 105 4 -1 314
 105 1 4 353
 15 -4 -1 254
 15 4 2 132
 55 -1 -1 178
 55 -3 3 179
 55 2 -2 279
 55 1 -3 163
 55 0 0 145
 55 -2 1 301
 55 2 2 306
 55 0 2 190
 55 -1 0 238
 55 -1 1 263
 55 2 1 260
 55 2 -3 326
 55 -2 -1 296
 55 0 1 344
 55 3 1 197
 55 3 -2 42
 55 1 2 256
 5 -1 4 8
 55 -1 2 129
 55 -2 -2 343
 55 -3 0 304
 55 -2 0 309
 5 1 -4 236
 55 -3 -2 106
 55 3 2 166
 55 1 1 289
 55 3 -3 349
 5 -2 -3 122
 "contig-ratio-green-core" 0.9
 "contig-ratio-red-core" 0.8421052631578947
 "a-count" 6
 "b-count" 5
 "c-color-count" 24
 "c-express-count" 23
 "d-color-count" 23
 "d-express-count" 22
 "cell-count" 56
 15 2 1 186
 15 4 -1 88
 15 1 -1 255
 15 3 3 239
 15 1 3 352
 15 0 -2 335
 15 1 2 185
 15 1 -3 313
 15 -3 -1 177
 15 0 1 163
 15 2 -3 95
 15 0 -1 26
 15 0 3 244
 15 1 0 20
 105 -3 2 347
 15 0 2 245
 15 -3 -3 125
 105 -4 1 23
 15 -1 2 242
 15 3 0 203
 105 -2 3 341
 15 -2 -1 342
 105 3 -1 31
 15 -1 1 326
 15 -1 -1 110
 15 2 -2 356
 105 2 -1 349
 15 -1 0 117
 55 0 -3 135
 55 3 2 133
 55 -3 -2 12
 55 -2 -3 330
 55 4 1 267
 55 -1 -2 66
 55 -1 -3 130
 55 -2 2 271
 55 1 4 251
 55 1 -4 54
 55 0 4 187
 55 3 1 118
 55 1 1 225
 5 -2 -4 188
 5 -1 3 128
 55 -1 -4 350
 55 2 3 134
 5 2 0 181
 55 -2 0 270
 55 0 -4 228
 55 -2 -2 55
 55 -4 -2 342
 55 3 -3 253
 55 4 0 109
 55 -3 0 17
 55 -2 1 330
 55 -3 1 298
 5 -4 0 212
 "contig-ratio-green-core" 0.7894736842105263
 "contig-ratio-red-core" 0.875
 "a-count" 6
 "b-count" 1
 "c-color-count" 27
 "c-express-count" 27
 "d-color-count" 22
 "d-express-count" 22
 "cell-count" 56
 15 3 0 244
 15 2 3 251
 15 4 -1 276
 15 -3 -1 266
 15 -1 3 200
 105 -2 -3 174
 15 3 3 290
 15 0 2 265
 15 3 -1 93
 15 -1 -4 297
 15 -2 3 306
 15 0 4 262
 15 2 -1 171
 15 2 -3 77
 15 -1 -3 336
 105 3 -2 163
 15 -1 2 287
 15 -3 0 270
 15 -2 -1 341
 15 2 -2 184
 15 -2 2 73
 105 1 4 61
 105 -4 1 30
 105 1 3 76
 15 -3 -2 148
 105 -4 -1 73
 15 1 2 108
 15 -2 0 24
 55 -3 2 279
 55 0 1 226
 5 1 -4 293
 55 2 0 171
 55 -1 4 191
 55 1 -2 177
 55 1 0 224
 55 -2 -2 318
 55 -3 1 208
 55 1 -3 170
 55 -3 3 120
 55 4 2 226
 55 4 1 0
 55 3 1 4
 55 2 1 78
 55 3 2 126
 55 0 -1 68
 55 -1 -2 261
 55 -3 -3 186
 55 1 1 86
 55 0 0 41
 55 -1 1 262
 55 -1 -1 215
 55 1 -1 313
 55 0 -3 199
 55 -1 0 293
 55 0 -2 309
 55 2 2 200
 "contig-ratio-green-core" 0.7894736842105263
 "contig-ratio-red-core" 1.0555555555555556
