 "a-count" 6
 "b-count" 6
 "c-color-count" 23
 "c-express-count" 22
 "d-color-count" 22
 "d-express-count" 22
 "cell-count" 56
 15 3 1 127
 15 1 2 144
 15 3 2 241
 15 0 1 138
 15 -4 0 188
 15 0 -4 186
 15 3 -3 283
 15 0 0 174
 105 1 1 124
 15 -1 0 8
 15 -1 3 165
 15 3 -2 97
 15 0 2 109
 15 -2 3 286
 15 2 2 227
 15 1 0 331
 105 -3 -1 195
 15 0 3 225
 15 -2 1 274
 15 -1 1 327
 105 1 3 74
 105 -3 -3 31
 15 1 -4 175
 105 -3 -2 159
 15 -1 4 292
 105 -2 -2 229
 15 -1 2 355
 15 -3 2 254
 5 -2 -3 10
 55 -4 1 16
 55 3 0 187
 5 -4 -1 254
 55 4 1 178
 55 4 0 82
 55 4 2 79
 55 -3 3 195
 55 0 -3 287
 55 -2 -1 311
 55 0 -2 350
 55 0 -1 228
 55 2 -2 202
 55 -1 -3 326
 5 -1 -2 24
 5 1 4 130
 55 -1 -4 324
 55 3 -1 17
 55 -3 1 129
 5 -1 -1 160
 55 1 -2 179
 55 1 -1 352
 55 1 -3 32
 55 0 4 328
 55 -3 0 125
 55 2 -3 191
 55 -2 0 202
 55 2 -1 246
 "contig-ratio-green-core" 0.7777777777777778
 "contig-ratio-red-core" 1.0714285714285714
 "a-count" 3
 "b-count" 4
 "c-color-count" 24
 "c-express-count" 24
 "d-color-count" 26
 "d-express-count" 25
 "cell-count" 56
 15 0 -3 163
 15 -2 1 307
 15 1 -1 216
 15 1 2 333
 15 1 -2 3
 15 2 1 215
 15 3 0 25
 15 2 -1 195
 15 1 1 318
 105 -3 2 212
 105 -1 2 81
 15 1 -3 18
 15 0 1 128
 15 -3 3 96
 15 -1 -2 151
 15 -3 1 1
 15 -2 -2 102
 15 -4 -1 208
 15 -2 2 107
 15 -1 1 0
 15 4 -1 246
 15 2 0 28
 15 0 0 236
 15 3 -1 122
 15 2 2 315
 15 0 -1 324
 15 0 2 249
 15 1 0 215
 55 -1 4 71
 55 -2 3 299
 55 1 -4 323
 55 4 0 356
 55 -2 -1 3
 55 -4 0 200
 55 -3 0 283
 55 0 -4 297
 55 2 -2 236
 5 2 3 172
 55 3 -2 83
 55 -4 1 313
 5 -1 -3 49
 55 0 3 122
 55 -3 -1 264
 55 -1 3 356
 55 3 2 185
 55 0 4 165
 55 -2 0 347
 5 3 3 229
 55 4 1 340
 55 1 3 87
 5 -2 -3 186
 55 3 1 231
 55 1 4 112
 55 2 -3 84
 55 -1 0 28
 55 -1 -1 135
 "contig-ratio-green-core" 0.8695652173913043
 "contig-ratio-red-core" 0.8947368421052632
 "a-count" 6
 "b-count" 5
 "c-color-count" 23
 "c-express-count" 23
 "d-color-count" 24
 "d-express-count" 22
 "cell-count" 56
 105 0 2 3
 105 -2 -3 338
 15 -2 -1 184
 15 0 -4 45
 15 2 3 83
 15 1 -1 303
 15 0 -2 68
 15 -2 0 219
 15 -1 -1 235
 15 -1 2 268
 15 -1 0 148
 105 -3 2 352
 105 -3 -3 276
 15 1 2 131
 15 1 0 340
 15 -1 -2 49
 15 -1 3 319
 15 0 -1 351
 15 -3 -1 292
 15 2 0 234
 15 2 -3 349
 15 -2 3 39
 15 0 3 278
 15 3 -3 123
 15 1 1 67
 15 3 2 198
 15 1 -4 127
 15 2 1 351
 5 -4 1 17
 55 3 -1 143
 5 4 -1 317
 55 1 -2 346
 55 -2 1 102
 5 1 4 230
 5 0 0 310
 55 -3 0 155
 55 3 1 103
 55 3 0 271
 55 3 -2 35
 55 1 -3 151
 55 -3 1 342
 55 2 -1 102
 55 -4 -1 267
 55 1 3 292
 55 -2 2 168
 55 4 1 309
 55 -2 -2 128
 55 0 4 331
 55 2 2 162
 5 -3 3 243
 55 -1 -4 91
 55 -4 0 200
 55 -1 -3 273
 55 -3 -2 168
 55 0 -3 310
 55 2 -2 291
 "contig-ratio-green-core" 0.9473684210526315
 "contig-ratio-red-core" 0.9047619047619048
 "a-count" 8
 "b-count" 5
 "c-color-count" 23
 "c-express-count" 23
 "d-color-count" 22
 "d-express-count" 20
 "cell-count" 56
 105 0 0 236
 15 -3 -3 186
 15 2 1 63
 15 -1 -4 157
 15 3 0 8
 15 4 -1 198
 15 2 -3 40
 105 2 2 203
 15 3 2 279
 15 0 2 290
 15 1 1 205
 15 2 3 211
 105 0 -4 161
 15 -4 2 111
 15 2 0 215
 105 0 1 275
 15 -1 -1 28
 15 -2 1 50
 15 -4 -1 46
 15 1 2 124
 15 0 -1 326
 15 1 -1 178
 15 -1 1 321
 15 3 -3 307
 15 3 1 151
 105 1 0 345
 105 1 -4 12
 15 -1 0 274
 55 2 -2 288
 5 1 4 314
 55 1 -2 111
 55 -2 2 231
 55 -1 -2 223
 5 -3 3 350
 55 -2 -1 166
 55 -1 -3 22
 55 4 0 107
 55 -1 2 17
 55 -2 -3 37
 55 -1 3 56
 55 -2 -2 75
 55 0 3 107
 55 0 -2 19
 5 4 1 128
 55 1 -3 251
 55 3 -1 219
 5 3 3 170
 55 -2 -4 127
 5 -1 4 155
 55 0 -3 170
 55 -4 1 179
 55 1 3 138
 55 -3 2 75
 55 -3 -1 273
 55 -4 0 111
 55 2 -1 173
 "contig-ratio-green-core" 0.7142857142857143
 "contig-ratio-red-core" 0.9375
