 "a-count" 9
 "b-count" 2
 "c-color-count" 26
 "c-express-count" 26
 "d-color-count" 21
 "d-express-count" 19
 "cell-count" 56
 15 -3 3 8
 15 1 1 222
 105 2 1 343
 15 2 0 129
 15 1 -1 142
 15 -1 0 241
 15 0 -1 209
 15 2 -1 235
 15 0 3 163
 15 0 0 13
 15 1 3 231
 105 1 -4 109
 15 -3 -2 211
 105 -3 -3 30
 15 -2 -3 263
 15 2 -3 20
 15 1 0 344
 105 0 -3 282
 15 1 2 320
 15 3 -1 129
 15 3 0 169
 15 3 2 21
 15 1 -2 239
 105 1 -3 122
 15 2 2 326
 105 3 -2 322
 15 -1 -1 292
 105 -1 -4 338
 55 -2 2 301
 55 -3 2 311
 55 -3 1 294
 55 -2 1 8
 55 2 -2 179
 55 -4 -1 48
 55 -2 0 146
 55 2 3 230
 55 0 1 282
 5 4 -1 227
 55 -1 2 102
 55 0 -2 198
 55 -3 -1 71
 55 -2 -2 66
 55 4 1 112
 55 -1 -2 253
 55 -2 -1 43
 5 -1 -3 8
 55 -1 3 174
 55 0 2 12
 55 4 0 81
 55 -2 3 253
 55 1 4 160
 55 -4 1 64
 55 -4 0 151
 55 3 3 345
 55 -1 1 187
 55 -3 0 270
 "contig-ratio-green-core" 0.7777777777777778
 "contig-ratio-red-core" 0.9375
 "a-count" 7
 "b-count" 4
 "c-color-count" 24
 "c-express-count" 24
 "d-color-count" 22
 "d-express-count" 21
 "cell-count" 56
 15 1 1 346
 15 -2 1 256
 15 2 -1 97
 15 2 0 261
 15 -1 1 291
 105 3 -3 125
 105 -4 -1 328
 105 0 -4 229
 15 0 0 261
 15 0 3 301
 105 -1 3 268
 105 -1 4 163
 15 0 4 168
 15 1 0 163
 15 2 1 100
 15 0 1 230
 15 -3 0 234
 15 0 -3 312
 15 1 -3 357
 15 -3 -3 185
 15 -2 3 156
 15 -1 2 61
 15 1 2 14
 15 -3 -1 49
 15 3 0 182
 105 0 2 306
 15 1 3 68
 15 -1 -3 288
 55 -2 -1 244
 55 -2 0 284
 55 -3 1 126
 55 -3 -2 230
 55 -2 -3 99
 55 -2 -2 70
 55 2 -3 4
 55 -1 0 267
 55 3 -2 69
 5 1 -4 332
 5 3 -1 339
 55 -1 -2 234
 55 -1 -1 180
 55 0 -1 15
 55 1 -2 340
 55 2 -2 319
 55 1 4 75
 55 0 -2 285
 55 3 1 313
 55 -4 1 89
 55 4 -1 313
 5 -1 -4 108
 55 2 3 14
 55 -3 2 315
 55 4 0 7
 55 2 2 34
 55 -3 3 185
 5 3 2 323
 "contig-ratio-green-core" 0.7894736842105263
 "contig-ratio-red-core" 1.0588235294117647
 "a-count" 9
 "b-count" 5
 "c-color-count" 24
 "c-express-count" 23
 "d-color-count" 21
 "d-express-count" 19
 "cell-count" 56
 105 -4 1 88
 15 2 2 359
 15 4 -1 222
 105 -2 3 83
 15 -1 -3 318
 15 1 4 357
 15 -1 1 72
 105 3 -2 250
 15 -3 1 358
 15 -2 0 142
 15 -3 -2 35
 15 2 -2 34
 105 1 3 167
 15 2 -3 127
 15 -2 -3 223
 105 2 3 62
 15 4 1 239
 15 0 2 197
 15 0 -3 108
 15 3 1 212
 15 -3 0 205
 15 -2 2 84
 105 3 -3 355
 15 -4 0 146
 15 -4 -1 198
 105 -1 -4 60
 15 1 2 47
 15 -1 2 102
 5 3 3 164
 55 1 0 359
 5 0 3 333
 55 3 0 160
 55 0 -2 323
 55 2 1 208
 55 -3 2 95
 55 2 0 173
 55 -1 -1 138
 55 1 -2 311
 55 0 4 347
 55 -1 3 43
 55 1 -1 166
 55 0 0 169
 55 1 1 216
 55 2 -1 44
 55 0 1 161
 55 0 -1 191
 55 -3 -1 243
 55 3 -1 26
 55 -3 -3 123
 55 -1 -2 109
 5 1 -3 232
 5 0 -4 219
 55 -1 0 41
 55 -2 -2 49
 55 -2 -1 91
 55 3 2 177
 "contig-ratio-green-core" 1
 "contig-ratio-red-core" 0.9444444444444444
 "a-count" 5
 "b-count" 3
 "c-color-count" 25
 "c-express-count" 25
 "d-color-count" 23
 "d-express-count" 23
 "cell-count" 56
 15 -2 -1 298
 15 -4 2 318
 15 0 -2 71
 15 -1 2 346
 15 0 1 294
 105 -1 0 134
 15 4 -1 46
 15 2 2 87
 15 -1 -1 129
 15 -4 0 181
 15 0 -4 75
 15 0 0 196
 15 0 2 185
 15 0 -3 76
 15 3 -1 224
 15 -3 -1 323
 15 3 0 72
 105 3 -3 145
 15 1 -3 161
 105 -4 1 126
 15 3 -2 105
 105 2 3 282
 15 -2 0 303
 15 2 -2 358
 15 -1 3 261
 15 4 1 202
 15 -1 1 244
 105 -3 -3 120
 55 -3 0 47
 55 -3 2 12
 55 -3 -2 99
 55 -2 -3 62
 5 1 -4 358
 55 -2 1 312
 55 -4 -1 31
 55 -2 3 101
 55 2 0 184
 55 0 -1 243
 55 1 0 187
 5 -1 -4 195
 55 -1 -3 315
 55 -3 3 207
 55 -2 2 76
 55 -4 3 119
 55 1 -2 334
 5 0 4 220
 55 -3 1 328
 55 2 -3 220
 55 2 1 18
 55 1 1 198
 55 1 -1 4
 55 3 1 190
 55 2 -1 77
 55 1 3 53
 55 -2 -2 76
 55 0 3 350
 "contig-ratio-green-core" 0.9090909090909091
 "contig-ratio-red-core" 0.9090909090909091
