 "a-count" 3
 "b-count" 6
 "c-color-count" 22
 "c-express-count" 22
 "d-color-count" 25
 "d-express-count" 25
 "cell-count" 56
 15 0 -1 262
 15 0 1 100
 15 2 1 172
 15 -1 -2 81
 15 0 3 217
 15 -1 -1 239
 15 -2 1 51
 15 -3 0 123
 15 0 4 269
 15 0 -2 55
 15 -2 -1 255
 15 -2 0 99
 15 1 2 52
 15 2 0 32
 15 0 2 37
 15 0 -3 61
 105 -3 3 137
 15 1 -1 23
 105 -4 1 120
 15 1 -2 240
 15 -1 2 281
 15 0 0 252
 15 4 1 169
 15 -1 1 137
 15 1 0 132
 15 1 1 254
 15 -4 0 238
 105 1 -4 140
 55 -2 -3 29
 5 1 3 285
 55 -3 -1 151
 55 2 -2 46
 55 -1 4 42
 5 2 -1 216
 55 3 -2 32
 55 -1 3 20
 55 -3 2 36
 55 3 2 111
 55 0 -4 148
 5 -1 -4 288
 55 3 1 31
 55 3 -3 102
 55 2 2 108
 55 1 4 87
 5 -3 -2 73
 55 1 -3 89
 55 -3 -3 131
 55 -4 -1 120
 55 -2 2 198
 55 3 0 186
 55 2 -3 25
 55 4 -1 119
 5 -1 -3 241
 55 3 -1 37
 5 3 3 287
 55 2 3 344
 "contig-ratio-green-core" 0.6111111111111112
 "contig-ratio-red-core" 0.75
 "a-count" 6
 "b-count" 4
 "c-color-count" 26
 "c-express-count" 24
 "d-color-count" 22
 "d-express-count" 22
 "cell-count" 56
 105 1 -2 37
 15 -1 1 209
 15 1 0 222
 15 0 2 215
 15 2 -2 83
 105 1 -4 324
 105 -1 -4 190
 15 1 3 41
 15 -1 0 325
 105 3 -2 50
 15 1 -3 5
 15 2 0 249
 15 0 -1 23
 105 1 -1 64
 15 0 0 75
 15 2 -1 142
 15 -3 1 271
 105 -2 3 53
 15 2 1 160
 15 -2 0 2
 15 -1 -1 284
 15 1 2 299
 15 -2 1 79
 15 0 3 83
 15 2 2 323
 15 1 1 186
 15 0 1 67
 15 4 1 122
 55 -1 -2 57
 55 -2 -1 246
 55 3 3 293
 55 -3 0 232
 5 4 -1 95
 55 0 4 240
 55 3 -1 107
 55 2 -3 289
 55 -1 3 316
 55 3 2 162
 55 0 -2 243
 55 2 3 258
 5 -3 -2 321
 55 -2 -2 98
 55 -3 -3 176
 55 -1 4 212
 55 -2 -3 148
 55 -2 2 275
 55 -3 -1 133
 55 -1 -3 232
 55 -1 2 76
 55 -4 1 222
 55 0 -3 347
 55 3 0 335
 55 1 4 219
 55 -4 0 298
 55 3 1 38
 55 0 -4 282
 "contig-ratio-green-core" 0.5789473684210527
 "contig-ratio-red-core" 1.1428571428571428
 "a-count" 3
 "b-count" 3
 "c-color-count" 25
 "c-express-count" 25
 "d-color-count" 27
 "d-express-count" 25
 "cell-count" 56
 15 -2 -1 31
 15 0 2 207
 15 3 -1 107
 15 -2 0 252
 15 0 1 197
 15 -1 -2 65
 15 1 4 275
 15 0 -2 142
 15 -3 0 1
 15 -3 -1 233
 15 1 0 158
 105 -1 -1 280
 15 1 2 104
 15 -4 -1 0
 15 1 1 160
 15 -1 2 127
 15 0 3 140
 15 1 3 110
 15 -1 -4 168
 15 0 4 353
 15 2 1 239
 15 -1 0 231
 15 2 0 235
 15 0 -1 57
 15 -1 3 96
 15 -1 1 85
 15 0 0 123
 15 -4 0 162
 55 2 -1 170
 55 3 3 241
 55 -3 3 102
 55 4 0 128
 55 3 0 102
 55 -2 1 0
 55 1 -4 3
 55 0 -4 266
 55 -1 4 18
 55 3 -3 10
 55 -2 -3 313
 55 -4 1 57
 55 -1 -3 269
 55 1 -1 300
 55 2 3 269
 5 3 1 257
 5 -2 3 357
 55 2 -2 343
 5 0 -3 65
 55 -3 1 4
 55 -3 -3 143
 55 2 -3 11
 55 -2 2 172
 55 3 2 68
 55 1 -3 73
 55 4 1 333
 55 4 -1 67
 55 -2 -2 86
 "contig-ratio-green-core" 0.5789473684210527
 "contig-ratio-red-core" 0.5789473684210527
 "a-count" 5
 "b-count" 6
 "c-color-count" 22
 "c-express-count" 22
 "d-color-count" 26
 "d-express-count" 23
 "cell-count" 56
 15 2 -2 270
 15 -1 -3 161
 15 0 0 283
 15 0 1 92
 15 1 0 51
 15 -1 -4 39
 15 -3 1 182
 15 1 1 72
 15 1 -1 103
 15 1 -2 279
 15 -2 0 161
 105 0 -3 51
 15 3 3 35
 105 3 -3 94
 15 -4 0 217
 15 -3 0 152
 15 0 -1 174
 15 0 -2 185
 15 0 2 228
 15 1 2 167
 15 -1 0 325
 15 1 3 54
 15 -1 -1 247
 15 4 -1 308
 15 2 0 299
 15 -2 -1 213
 15 2 -1 325
 15 2 1 93
 55 -2 3 354
 55 -2 -2 271
 55 2 3 11
 55 -3 2 34
 5 3 0 221
 55 3 2 272
 55 -1 -2 298
 55 -2 -3 237
 55 -4 1 289
 55 4 1 155
 5 -4 -1 249
 5 -3 3 348
 55 -1 4 210
 55 -3 -1 20
 55 3 -2 124
 55 1 -4 10
 55 0 4 273
 55 -1 2 349
 55 4 0 238
 55 3 1 225
 55 2 -3 286
 55 -1 3 246
 5 -2 2 297
 55 1 -3 179
 55 -1 1 43
 5 3 -1 322
 55 -3 -3 328
 5 1 4 105
 "contig-ratio-green-core" 0.7368421052631579
 "contig-ratio-red-core" 0.6842105263157895
