 "a-count" 2
 "b-count" 5
 "c-color-count" 23
 "c-express-count" 23
 "d-color-count" 26
 "d-express-count" 26
 "cell-count" 56
 15 2 1 213
 15 2 0 310
 15 -3 2 263
 15 2 2 257
 15 1 1 42
 15 1 -2 112
 15 -1 1 300
 15 2 -2 156
 15 1 0 173
 15 0 0 0
 15 1 -1 110
 15 0 3 224
 15 1 3 21
 15 0 2 32
 15 -2 -1 167
 15 2 -1 196
 15 4 1 251
 15 -1 -1 104
 15 1 2 119
 15 -1 0 100
 105 -3 -1 177
 105 0 4 147
 15 0 1 327
 15 3 1 98
 15 3 0 59
 15 0 -2 157
 15 2 -3 195
 15 0 -1 253
 55 -4 0 150
 55 -1 3 141
 55 -2 -2 112
 55 -3 3 319
 55 -4 1 94
 55 1 -3 256
 55 -3 -2 88
 5 3 -3 104
 55 1 -4 86
 55 3 -2 193
 55 -2 3 195
 55 3 3 228
 55 4 0 285
 5 -2 2 316
 55 -4 -1 23
 55 -2 -3 8
 55 1 4 259
 55 3 2 253
 55 -1 4 295
 5 4 -1 164
 5 -2 1 12
 55 -1 -2 357
 55 -1 -3 310
 55 -1 -4 269
 55 -1 2 123
 5 -3 -3 169
 55 -3 0 188
 55 -3 1 78
 "contig-ratio-green-core" 0.6363636363636364
 "contig-ratio-red-core" 0.5333333333333333
 "a-count" 6
 "b-count" 7
 "c-color-count" 21
 "c-express-count" 21
 "d-color-count" 22
 "d-express-count" 22
 "cell-count" 56
 15 -1 3 328
 105 2 3 62
 15 0 -1 314
 105 -3 -2 183
 15 -1 0 102
 15 1 4 122
 15 0 0 26
 15 3 1 61
 15 -2 -1 344
 15 0 3 29
 15 0 1 126
 15 2 -2 240
 15 2 0 160
 105 1 2 49
 105 2 2 3
 15 0 4 124
 15 0 2 183
 15 1 3 188
 15 1 1 76
 15 2 1 214
 105 1 -4 68
 15 0 -2 82
 15 0 -3 349
 15 1 -2 221
 15 1 -1 101
 105 3 3 331
 15 1 0 165
 15 -1 -1 339
 55 0 -4 66
 55 -2 1 325
 5 -2 3 154
 55 -2 -2 70
 55 -4 -1 151
 5 -3 -3 103
 55 2 -1 189
 55 4 -1 212
 55 -2 -3 284
 5 -3 -1 333
 55 3 2 270
 55 -4 0 129
 55 -3 1 78
 55 -1 -2 301
 55 -3 0 133
 55 -2 0 278
 5 -3 3 43
 55 3 -3 242
 5 -1 2 325
 55 4 0 338
 55 -2 2 281
 55 4 1 204
 55 3 0 164
 55 1 -3 237
 55 3 -1 79
 5 2 -3 218
 55 -1 4 185
 5 -4 1 228
 "contig-ratio-green-core" 0.5882352941176471
 "contig-ratio-red-core" 0.6666666666666666
 "a-count" 4
 "b-count" 8
 "c-color-count" 21
 "c-express-count" 20
 "d-color-count" 25
 "d-express-count" 24
 "cell-count" 56
 15 2 -1 120
 15 1 0 10
 15 -2 -1 306
 15 -3 0 279
 15 2 0 149
 15 -4 0 273
 15 -2 0 324
 15 -1 0 5
 15 1 -2 137
 15 0 2 13
 15 -1 1 71
 15 0 4 87
 15 0 -1 163
 15 -1 -1 308
 15 0 0 142
 105 3 -1 38
 15 -1 2 119
 15 1 1 197
 15 -2 -2 121
 15 1 -1 53
 105 0 1 278
 15 -3 -1 257
 15 -1 -3 118
 15 2 2 357
 15 1 2 283
 15 2 1 336
 105 -3 -3 41
 15 0 -2 72
 55 3 1 219
 55 -2 1 4
 55 -2 2 131
 5 1 -3 338
 55 -1 3 277
 5 3 2 262
 55 3 -2 127
 55 -2 3 149
 5 -3 2 96
 5 3 3 189
 5 -1 -4 303
 55 -2 -3 94
 55 0 -3 127
 5 4 0 304
 55 1 3 306
 55 4 -1 138
 55 -3 3 198
 55 0 3 8
 55 2 3 247
 55 1 -4 142
 55 2 -3 356
 55 2 -2 100
 55 -1 -2 301
 5 -4 1 296
 55 1 4 100
 55 0 -4 27
 55 3 -3 345
 55 -4 -1 166
 "contig-ratio-green-core" 0.6666666666666666
 "contig-ratio-red-core" 0.75
 "a-count" 9
 "b-count" 5
 "c-color-count" 25
 "c-express-count" 23
 "d-color-count" 20
 "d-express-count" 19
 "cell-count" 56
 105 1 -1 265
 105 1 2 143
 15 -1 0 108
 15 2 2 81
 105 1 1 64
 15 -4 -1 86
 105 2 1 191
 15 -3 0 113
 105 3 2 115
 15 -1 -2 20
 15 0 -3 126
 15 2 0 133
 15 -1 -1 30
 15 -4 0 5
 15 0 2 229
 15 -1 2 154
 105 -2 -3 52
 15 -2 -2 204
 105 0 -1 256
 15 2 -1 171
 15 -1 1 98
 15 0 1 49
 105 2 3 14
 15 0 -2 242
 15 0 0 187
 15 1 -2 257
 15 3 -3 67
 15 1 0 148
 55 -2 2 157
 5 -2 1 58
 55 3 -1 344
 55 -4 1 200
 55 4 0 223
 55 1 4 217
 55 3 0 136
 55 4 1 265
 55 -3 2 196
 55 -3 3 159
 55 0 3 152
 55 1 3 100
 55 0 4 173
 5 -1 3 217
 55 3 -2 112
 55 1 -3 118
 55 -3 1 96
 55 3 3 174
 55 0 -4 196
 55 -1 -3 246
 55 2 -3 161
 55 1 -4 10
 55 4 -1 55
 5 -1 -4 235
 55 -1 4 187
 55 -3 -3 208
 55 -3 -2 206
 55 3 1 171
 "contig-ratio-green-core" 0.4782608695652174
 "contig-ratio-red-core" 0.7142857142857143
