 "a-count" 4
 "b-count" 2
 "c-color-count" 26
 "c-express-count" 26
 "d-color-count" 27
 "d-express-count" 24
 "cell-count" 56
 15 -1 2 353
 15 2 0 230
 15 0 2 240
 15 1 0 5
 15 1 -3 191
 15 -2 0 255
 15 0 0 315
 15 2 1 76
 15 0 4 259
 15 -3 -1 297
 15 1 -1 39
 15 -1 0 9
 15 -1 -2 311
 15 1 4 133
 15 -1 1 198
 15 0 -1 104
 105 4 0 355
 15 -2 -1 285
 15 0 1 13
 15 0 -2 134
 15 0 -3 41
 15 1 1 97
 15 -4 -1 5
 15 -1 -3 65
 15 0 3 212
 15 -4 0 131
 15 -2 1 237
 15 -1 -1 30
 55 1 2 77
 55 2 -2 158
 55 2 2 15
 55 -3 2 124
 55 -2 3 27
 55 4 -1 256
 5 3 0 280
 55 -3 3 267
 55 -3 -2 331
 55 3 3 261
 55 2 -3 278
 55 -1 -4 5
 55 -2 -2 39
 55 -2 -3 265
 55 3 -1 126
 55 -3 -3 207
 55 3 1 164
 55 -1 3 31
 55 -4 1 213
 55 3 -3 256
 55 -1 4 309
 55 1 -4 107
 55 0 -4 308
 5 2 3 288
 55 1 3 119
 55 4 1 109
 55 2 -1 36
 55 -3 0 244
 "contig-ratio-green-core" 0.6666666666666666
 "contig-ratio-red-core" 0.8333333333333334
 "a-count" 4
 "b-count" 5
 "c-color-count" 25
 "c-express-count" 23
 "d-color-count" 25
 "d-express-count" 24
 "cell-count" 56
 15 -1 -1 338
 15 2 1 217
 105 1 -4 58
 15 1 3 354
 105 -1 4 235
 15 -2 0 323
 105 2 -2 284
 15 2 -3 339
 15 -3 3 184
 15 -3 0 233
 15 2 0 185
 15 1 1 280
 15 -2 -1 5
 15 1 2 266
 15 -4 -1 45
 15 -1 -2 187
 15 0 -3 92
 15 0 0 92
 15 -1 -3 188
 15 1 -1 55
 15 0 2 232
 15 0 -2 34
 15 0 -1 33
 15 -1 0 344
 15 0 1 24
 15 0 3 214
 15 1 0 359
 15 2 -1 165
 55 -2 2 108
 55 4 0 198
 55 3 3 199
 5 3 0 170
 55 3 -3 21
 55 -1 2 136
 55 -2 1 121
 5 1 4 216
 55 2 2 230
 55 -2 3 168
 55 3 1 268
 55 -3 2 222
 55 4 -1 279
 55 -4 0 157
 55 -3 -1 129
 55 -2 -2 276
 55 -1 -4 246
 55 -3 -3 142
 55 -3 1 172
 55 -4 1 234
 55 -1 1 274
 55 0 -4 338
 55 0 4 94
 55 -1 3 203
 5 4 1 130
 55 3 -2 54
 55 -3 -2 80
 55 3 -1 124
 "contig-ratio-green-core" 0.7142857142857143
 "contig-ratio-red-core" 0.8333333333333334
 "a-count" 3
 "b-count" 9
 "c-color-count" 19
 "c-express-count" 19
 "d-color-count" 25
 "d-express-count" 25
 "cell-count" 56
 15 -2 -2 217
 15 1 -2 67
 15 1 0 17
 15 -1 2 89
 15 -1 1 63
 15 -2 -1 153
 15 0 1 166
 15 -1 -1 194
 15 2 -2 73
 105 -3 3 182
 15 2 -1 106
 15 0 0 126
 15 2 1 235
 15 3 0 64
 15 2 0 334
 15 0 -1 265
 105 2 3 242
 15 3 -1 251
 15 -1 -2 202
 15 1 -1 111
 105 -4 0 51
 15 0 -3 327
 15 0 -2 230
 15 -3 0 318
 15 -2 0 51
 15 0 2 107
 15 -1 0 68
 15 1 1 306
 55 -2 -3 267
 55 -3 -2 185
 5 3 3 240
 55 2 2 210
 5 0 -4 67
 5 0 3 327
 55 1 3 102
 55 3 1 267
 55 4 0 54
 55 1 -4 320
 55 -3 -1 358
 55 2 -3 306
 5 4 1 23
 55 1 -3 199
 55 1 4 214
 55 -3 -3 108
 55 -2 1 322
 55 -2 3 40
 55 3 -3 115
 55 -3 1 184
 55 -4 -1 247
 55 -1 -4 212
 5 -2 2 209
 5 0 4 78
 5 -4 1 145
 5 -1 4 298
 55 3 -2 44
 5 1 2 306
 "contig-ratio-green-core" 0.6875
 "contig-ratio-red-core" 0.7142857142857143
 "a-count" 3
 "b-count" 5
 "c-color-count" 23
 "c-express-count" 23
 "d-color-count" 28
 "d-express-count" 25
 "cell-count" 56
 15 3 0 323
 15 0 -3 2
 15 -1 0 198
 15 -1 -1 177
 15 -2 3 359
 15 -1 1 262
 15 1 -1 177
 15 3 -3 50
 15 1 4 51
 15 0 -1 69
 15 -2 -1 219
 15 2 2 239
 15 -1 2 180
 15 1 1 279
 15 0 0 18
 15 3 1 4
 15 -2 0 174
 15 0 2 138
 15 1 2 70
 15 -2 1 62
 15 1 0 292
 15 0 -2 159
 15 2 0 334
 15 -3 -2 166
 15 0 1 8
 15 2 1 155
 15 4 1 24
 15 1 -2 224
 55 3 -2 132
 55 -3 3 260
 5 4 -1 339
 55 -1 3 126
 55 2 3 185
 55 1 3 189
 55 0 3 251
 55 -2 -3 187
 55 2 -2 288
 5 3 2 47
 55 1 -4 28
 55 3 -1 267
 55 -2 -2 46
 55 -3 -1 220
 55 -4 1 244
 5 -3 2 108
 55 0 4 318
 55 -3 0 349
 55 -1 -4 137
 55 1 -3 293
 5 2 -3 121
 55 -3 1 230
 55 -3 -3 29
 55 -4 0 302
 55 -2 2 253
 55 0 -4 243
 5 -4 -1 83
 55 -1 4 345
 "contig-ratio-green-core" 0.6190476190476191
 "contig-ratio-red-core" 0.8125
