 "a-count" 3
 "b-count" 3
 "c-color-count" 25
 "c-express-count" 25
 "d-color-count" 27
 "d-express-count" 25
 "cell-count" 56
 15 -3 3 224
 15 0 3 19
 15 -3 0 124
 15 0 -3 308
 15 2 -1 253
 15 1 -1 312
 15 2 1 271
 15 0 4 255
 15 -2 1 276
 15 -2 -1 302
 15 -3 -2 2
 15 1 -3 257
 15 1 1 154
 15 0 2 317
 15 1 0 129
 15 -1 1 29
 15 2 0 359
 15 -2 0 124
 15 1 2 287
 15 -1 0 46
 15 0 -2 241
 105 -1 -1 69
 15 -1 -2 2
 15 0 0 302
 15 0 -1 350
 15 0 1 292
 15 1 -2 70
 15 -4 1 12
 55 -2 3 11
 55 -1 2 313
 5 4 1 267
 55 -4 0 287
 55 2 -3 231
 55 -4 -1 124
 55 3 3 177
 55 2 -2 150
 55 -1 -4 268
 55 -3 -3 344
 55 -1 3 311
 55 3 -2 150
 55 -2 -2 132
 5 -3 -1 214
 55 1 -4 256
 55 3 -1 71
 55 -2 2 320
 5 3 2 266
 55 2 2 173
 55 3 0 297
 55 -2 -3 117
 55 4 0 357
 55 2 3 144
 55 -1 -3 274
 55 -3 1 109
 55 4 -1 86
 55 3 1 321
 55 1 3 103
 "contig-ratio-green-core" 0.7391304347826086
 "contig-ratio-red-core" 1
