 "a-count" 6
 "b-count" 4
 "c-color-count" 24
 "c-express-count" 24
 "d-color-count" 25
 "d-express-count" 22
 "cell-count" 56
 15 -3 1 144
 15 1 1 331
 15 -1 0 6
 15 -2 -1 178
 15 -2 1 165
 15 3 0 267
 15 -1 -1 281
 15 1 -1 70
 105 3 -2 295
 15 -2 0 86
 15 0 -1 20
 15 3 -1 254
 15 0 -2 4
 15 0 3 100
 15 1 -2 358
 15 -1 1 296
 15 0 1 235
 15 2 -2 305
 15 0 0 353
 105 0 -3 207
 15 2 3 114
 15 -3 0 129
 15 2 -3 348
 15 1 0 160
 15 2 0 1
 105 2 2 34
 15 0 2 215
 15 -1 -2 257
 55 -3 -2 21
 55 3 -3 28
 55 -3 -3 126
 5 -1 3 116
 55 3 3 350
 55 3 1 32
 55 4 0 110
 55 -1 2 145
 55 -1 -4 167
 55 1 2 128
 55 4 -1 143
 55 -2 3 297
 55 -3 -1 59
 55 -1 4 279
 55 4 1 58
 55 1 -3 69
 5 -1 -3 352
 55 0 4 204
 55 1 -4 164
 55 -3 3 243
 5 1 4 147
 5 -4 0 121
 55 -4 1 89
 55 -2 2 264
 55 2 1 105
 55 -4 -1 131
 55 1 3 237
 55 -2 -2 33
 "contig-ratio-green-core" 0.6666666666666666
 "contig-ratio-red-core" 1
 "a-count" 9
 "b-count" 4
 "c-color-count" 25
 "c-express-count" 24
 "d-color-count" 24
 "d-express-count" 19
 "cell-count" 56
 15 0 2 39
 15 -2 -1 49
 15 1 1 124
 15 0 -3 228
 15 2 1 341
 105 -4 -1 35
 15 -1 -3 38
 15 -1 0 75
 15 -2 0 98
 15 -3 -2 126
 15 0 4 65
 15 1 0 61
 15 -4 0 224
 15 3 2 9
 15 1 -1 62
 105 -1 2 340
 15 0 -1 270
 15 2 0 5
 105 -2 3 241
 15 4 -1 332
 15 3 0 139
 15 0 0 116
 15 0 3 61
 15 -1 -1 71
 15 -1 1 40
 105 -3 1 349
 15 3 1 17
 15 -3 0 122
 55 -1 3 44
 55 2 2 247
 55 -1 4 256
 5 4 0 40
 5 1 4 338
 55 2 -3 142
 55 1 -2 12
 55 2 -2 217
 55 -3 3 208
 5 1 -3 279
 55 3 3 133
 55 -2 1 322
 55 3 -3 18
 55 -2 -2 145
 55 -3 -3 0
 55 -2 2 71
 55 -2 -3 288
 55 4 1 185
 55 1 -4 189
 55 1 3 88
 55 -3 -1 351
 55 2 -1 338
 55 -1 -2 220
 55 -3 2 308
 55 1 2 301
 55 0 -4 2
 55 0 -2 115
 55 -4 1 353
 "contig-ratio-green-core" 0.7894736842105263
 "contig-ratio-red-core" 0.8333333333333334
 "a-count" 1
 "b-count" 6
 "c-color-count" 22
 "c-express-count" 22
 "d-color-count" 27
 "d-express-count" 27
 "cell-count" 56
 15 1 -1 312
 15 1 -2 303
 15 2 1 212
 15 0 4 185
 15 -3 0 331
 15 2 0 344
 15 0 -3 343
 15 3 1 334
 15 1 1 351
 105 -3 -3 145
 15 -3 -1 341
 15 -3 1 264
 15 -2 2 277
 15 -1 -2 204
 15 0 2 191
 15 0 -2 48
 15 1 2 253
 15 3 -1 120
 15 -1 2 76
 15 3 0 355
 15 1 0 56
 15 -1 -3 35
 15 2 -1 143
 15 0 0 213
 15 0 1 295
 15 2 -2 74
 15 0 -1 212
 15 4 0 110
 5 -3 3 92
 55 1 4 11
 55 -4 0 344
 5 -1 3 190
 55 -1 1 280
 55 4 1 34
 55 1 3 109
 55 -2 -1 274
 55 1 -4 105
 55 -1 -4 215
 55 -2 -2 211
 55 -3 -2 2
 55 4 -1 185
 55 -3 2 187
 55 -1 4 329
 55 -2 3 274
 5 1 -3 50
 55 2 3 58
 55 -1 -1 149
 55 3 3 102
 55 3 -2 312
 55 0 3 219
 55 2 -3 176
 5 -4 1 191
 5 -2 1 184
 55 2 2 223
 5 3 2 133
 55 -4 -1 239
 "contig-ratio-green-core" 0.7333333333333333
 "contig-ratio-red-core" 0.9411764705882353
 "a-count" 4
 "b-count" 4
 "c-color-count" 24
 "c-express-count" 24
 "d-color-count" 27
 "d-express-count" 24
 "cell-count" 56
 15 2 -1 47
 15 0 1 153
 15 1 -1 206
 15 1 0 124
 15 -1 0 194
 15 0 -3 37
 15 -1 -2 232
 15 4 1 69
 15 1 2 28
 15 0 2 204
 15 3 2 197
 15 1 -2 113
 15 -1 -1 166
 15 -1 3 212
 15 0 0 6
 15 0 -1 346
 15 -3 0 112
 15 1 1 318
 15 0 3 329
 15 3 1 60
 15 2 1 99
 15 2 0 223
 105 -3 -1 263
 15 3 0 50
 15 -2 1 93
 15 -2 0 179
 15 -1 1 218
 15 0 -2 295
 55 -3 -2 80
 55 2 2 191
 55 1 4 162
 55 -1 4 301
 55 -3 -3 291
 55 -4 -1 279
 55 0 4 136
 55 1 -3 39
 55 -2 -3 33
 55 2 -3 201
 55 4 0 41
 55 -2 -2 307
 55 -3 2 67
 5 2 3 112
 55 2 -2 298
 5 -3 3 7
 55 -3 1 43
 55 -1 -4 191
 5 1 3 62
 55 -1 2 240
 55 3 3 29
 55 -4 1 110
 55 3 -3 329
 5 1 -4 238
 55 4 -1 218
 55 3 -2 225
 55 -2 2 138
 55 0 -4 254
 "contig-ratio-green-core" 0.7
 "contig-ratio-red-core" 0.7058823529411765
