 "a-count" 3
 "b-count" 4
 "c-color-count" 24
 "c-express-count" 24
 "d-color-count" 27
 "d-express-count" 25
 "cell-count" 56
 15 0 -1 149
 15 -2 1 127
 15 1 2 310
 15 2 -2 41
 15 0 3 300
 15 0 2 122
 15 -4 -1 197
 15 -1 1 24
 15 1 -1 166
 15 -2 0 347
 15 0 -2 89
 15 -2 -1 315
 15 -2 2 160
 15 1 -2 159
 15 0 0 0
 15 -2 -2 30
 15 -1 -1 100
 15 1 3 283
 105 -3 -2 278
 15 1 4 224
 15 2 -1 357
 15 -3 -1 120
 15 0 4 115
 15 1 1 139
 15 -2 -3 206
 15 1 0 172
 15 -1 -2 196
 15 0 1 4
 55 2 2 271
 55 3 2 216
 55 0 -4 140
 55 4 -1 115
 55 2 -3 297
 55 1 -4 275
 55 -1 -4 237
 5 -3 2 143
 55 3 0 81
 55 -1 3 232
 5 -3 1 148
 55 -4 1 10
 55 0 -3 40
 5 2 3 37
 55 2 0 35
 55 -3 0 333
 55 1 -3 48
 55 4 0 27
 55 3 3 122
 55 -1 4 209
 55 3 -1 243
 55 4 1 114
 5 2 1 331
 55 -1 -3 111
 55 -3 3 47
 55 3 -3 316
 55 -2 3 296
 55 -4 0 335
 "contig-ratio-green-core" 0.5454545454545454
 "contig-ratio-red-core" 0.6
 "a-count" 6
 "b-count" 7
 "c-color-count" 22
 "c-express-count" 21
 "d-color-count" 24
 "d-express-count" 22
 "cell-count" 56
 105 2 -3 109
 15 1 -1 32
 15 -3 0 183
 15 1 0 76
 105 3 -2 349
 15 1 1 2
 15 0 2 149
 15 0 3 201
 15 1 3 306
 15 3 1 269
 15 0 0 104
 15 -2 0 127
 15 -1 4 120
 105 2 3 207
 15 -1 -1 232
 15 -2 1 310
 15 -1 -4 60
 15 1 2 100
 15 2 1 154
 15 -1 1 205
 15 0 -3 136
 15 0 1 132
 15 -1 2 88
 15 0 -1 356
 15 -1 0 114
 15 4 -1 271
 105 4 0 229
 15 0 -2 189
 55 -4 -1 24
 55 -1 -3 323
 5 -3 -2 60
 55 1 -4 57
 55 4 1 58
 5 -3 -1 153
 5 -3 2 335
 55 -4 1 304
 5 3 2 198
 55 0 -4 179
 55 -2 -2 79
 55 3 0 308
 55 -2 -1 299
 55 3 -1 44
 5 -3 -3 249
 55 2 2 200
 5 -3 3 124
 55 -2 2 317
 55 -1 3 217
 55 3 -3 108
 55 3 3 33
 55 -1 -2 285
 55 2 -2 154
 55 1 -3 7
 55 1 -2 339
 55 0 4 219
 55 2 -1 222
 55 -2 -3 324
 "contig-ratio-green-core" 0.8
 "contig-ratio-red-core" 1.0769230769230769
 "a-count" 4
 "b-count" 3
 "c-color-count" 25
 "c-express-count" 25
 "d-color-count" 24
 "d-express-count" 24
 "cell-count" 56
 105 -3 -2 186
 15 -3 0 204
 15 -1 1 65
 105 3 3 353
 15 0 1 168
 15 -1 0 244
 105 -4 1 67
 15 1 -3 20
 15 1 -1 340
 15 0 -1 5
 15 1 -2 17
 15 -2 1 187
 15 0 0 237
 15 3 -1 337
 15 1 0 262
 15 1 1 237
 15 0 -2 31
 15 2 2 204
 15 -1 -1 10
 15 2 0 260
 15 -2 -1 100
 15 -2 0 253
 105 -3 -1 243
 15 3 0 351
 15 0 -4 69
 15 0 -3 283
 15 2 1 263
 15 2 -1 252
 55 -2 2 110
 55 -2 3 242
 55 -2 -3 274
 55 1 3 254
 5 -1 4 13
 55 -4 0 272
 55 0 3 258
 55 0 4 206
 55 1 2 157
 55 4 1 21
 55 2 3 17
 55 2 -3 44
 55 -3 3 270
 55 1 -4 154
 55 3 2 164
 55 -3 2 95
 55 -1 -4 42
 55 3 1 24
 55 3 -2 120
 55 0 2 137
 55 2 -2 309
 55 1 4 325
 5 -2 -2 321
 55 4 0 156
 5 -1 -3 6
 55 -1 3 58
 55 3 -3 324
 55 -3 -3 347
 "contig-ratio-green-core" 0.5238095238095238
 "contig-ratio-red-core" 0.7647058823529411
 "a-count" 3
 "b-count" 6
 "c-color-count" 22
 "c-express-count" 22
 "d-color-count" 25
 "d-express-count" 25
 "cell-count" 56
 15 -1 0 242
 105 -4 1 170
 15 0 -2 92
 15 -2 0 9
 15 -1 2 169
 15 0 0 229
 15 -1 1 210
 15 1 4 33
 15 1 1 246
 15 2 2 302
 105 1 2 251
 105 2 -3 48
 15 3 1 44
 15 0 2 159
 15 2 1 209
 15 0 -1 305
 15 0 -3 198
 15 -3 0 202
 15 -1 -1 192
 15 -2 -1 335
 15 3 0 179
 15 1 -1 34
 15 0 3 46
 15 1 3 189
 15 1 -2 61
 15 2 0 51
 15 0 1 248
 15 1 0 23
 5 2 3 40
 55 3 -1 264
 55 -2 3 334
 55 3 -3 240
 55 -3 -3 84
 55 -2 1 317
 55 -2 -2 243
 55 -4 -1 208
 55 -3 2 80
 5 -4 0 29
 5 -1 -3 23
 55 -3 1 41
 55 0 4 124
 55 -1 -4 243
 55 -1 3 282
 55 4 -1 129
 55 -1 -2 0
 55 -3 -1 242
 5 -3 -2 101
 5 1 -3 157
 55 2 -2 13
 55 4 1 20
 55 -1 4 176
 55 3 3 31
 5 -2 2 342
 55 -3 3 174
 55 3 2 34
 55 4 0 95
 "contig-ratio-green-core" 0.6666666666666666
 "contig-ratio-red-core" 0.7058823529411765
