 "a-count" 1
 "b-count" 4
 "c-color-count" 24
 "c-express-count" 24
 "d-color-count" 27
 "d-express-count" 27
 "cell-count" 56
 15 2 1 136
 15 -1 0 46
 15 1 1 114
 15 -1 1 293
 15 -2 -1 79
 15 0 1 173
 15 -3 0 215
 15 0 2 107
 15 0 3 51
 15 3 -1 127
 15 1 -1 131
 15 0 0 90
 15 -2 1 308
 15 -2 0 259
 15 0 -1 350
 15 -2 2 41
 105 -1 4 271
 15 3 2 63
 15 -1 -2 231
 15 -1 2 19
 15 2 0 322
 15 -1 3 324
 15 0 -2 89
 15 1 -4 51
 15 1 0 70
 15 -1 -1 85
 15 -1 -3 265
 15 -4 1 42
 5 0 -3 87
 55 3 0 102
 55 -3 1 296
 5 2 3 194
 55 4 0 94
 55 4 -1 33
 55 3 -2 120
 55 -1 -4 166
 5 -3 -2 349
 55 -3 3 137
 55 2 2 131
 55 -2 -3 215
 55 1 3 63
 55 1 -2 275
 5 2 -2 347
 55 -3 -3 250
 55 -4 -1 164
 55 -2 3 123
 55 1 2 339
 55 -3 2 253
 55 -3 -1 161
 55 -2 -2 60
 55 2 -3 351
 55 3 -3 165
 55 -4 0 226
 55 3 1 328
 55 0 -4 79
 55 1 -3 251
 "contig-ratio-green-core" 0.782608695652174
 "contig-ratio-red-core" 1
 "a-count" 3
 "b-count" 6
 "c-color-count" 22
 "c-express-count" 22
 "d-color-count" 26
 "d-express-count" 25
 "cell-count" 56
 105 1 3 314
 15 0 -4 43
 15 1 1 83
 15 0 3 307
 15 3 -1 48
 15 -2 1 152
 15 0 0 287
 15 3 3 142
 15 4 -1 316
 15 4 0 166
 15 0 1 240
 105 -2 2 239
 15 0 -3 168
 15 0 2 263
 15 -3 1 103
 15 -1 -1 333
 15 -4 0 53
 15 -1 1 23
 15 -4 -1 324
 15 -1 -2 298
 15 0 -2 76
 15 -1 4 192
 15 2 1 36
 15 -1 0 221
 15 3 0 313
 15 1 2 68
 15 -1 2 221
 15 0 -1 128
 55 1 -2 55
 5 -2 0 46
 5 3 -2 46
 55 1 -4 19
 5 2 -3 35
 55 2 -1 128
 5 1 4 117
 55 2 -2 25
 5 -3 -2 286
 55 4 1 290
 55 1 0 159
 55 3 2 261
 55 -3 3 87
 55 2 0 144
 55 -1 -3 96
 55 -3 0 95
 55 -3 2 29
 55 3 1 94
 55 0 4 174
 55 -2 -2 280
 55 -1 -4 74
 55 1 -3 273
 55 -3 -3 259
 55 -1 3 67
 55 2 2 258
 5 -2 -3 230
 55 2 3 134
 55 3 -3 240
 "contig-ratio-green-core" 0.7894736842105263
 "contig-ratio-red-core" 0.75
 "a-count" 3
 "b-count" 6
 "c-color-count" 23
 "c-express-count" 22
 "d-color-count" 27
 "d-express-count" 25
 "cell-count" 56
 15 -1 0 238
 15 1 -3 201
 15 -1 -2 215
 15 0 -1 65
 15 -1 2 102
 15 0 0 47
 15 1 4 42
 15 2 -1 109
 15 2 -2 328
 15 1 2 298
 105 -3 3 21
 15 1 -1 133
 15 0 2 170
 15 -1 1 125
 15 -3 -1 309
 15 -3 0 313
 15 -1 -1 269
 15 1 3 250
 15 1 1 117
 15 -2 0 102
 15 0 1 315
 15 0 -2 195
 15 2 1 348
 15 -4 1 178
 15 1 -2 25
 15 -2 -1 106
 15 1 0 44
 15 2 0 204
 55 -1 4 91
 55 -2 -3 282
 55 0 -3 211
 5 0 4 121
 55 3 -3 283
 55 4 0 170
 55 -2 2 144
 5 -4 -1 69
 55 3 1 310
 55 -1 -3 151
 55 -4 0 342
 55 -3 -3 173
 55 -2 3 127
 55 3 0 21
 55 -3 -2 180
 55 3 -1 140
 5 0 -4 220
 55 3 2 318
 55 2 2 51
 55 -2 1 167
 55 -1 -4 277
 5 4 -1 60
 55 -2 -2 263
 55 -1 3 6
 55 1 -4 98
 55 -3 2 4
 55 4 1 330
 5 3 -2 341
 "contig-ratio-green-core" 0.6086956521739131
 "contig-ratio-red-core" 0.8125
 "a-count" 3
 "b-count" 6
 "c-color-count" 22
 "c-express-count" 22
 "d-color-count" 26
 "d-express-count" 25
 "cell-count" 56
 15 0 -4 229
 15 3 0 255
 15 -1 1 82
 15 -2 2 301
 15 3 -1 171
 15 1 0 93
 15 -3 1 28
 15 -2 0 14
 105 -3 -1 345
 105 -1 3 101
 15 -2 -1 64
 15 -1 2 71
 15 0 -2 320
 15 2 1 118
 15 0 0 327
 15 -1 -1 271
 15 2 -1 28
 15 1 -1 260
 15 3 2 197
 15 2 0 310
 15 1 1 100
 15 0 -1 274
 15 0 -3 258
 15 0 1 324
 15 -3 0 153
 15 1 3 113
 15 -1 0 322
 15 -2 1 314
 55 -3 2 342
 55 -4 0 111
 55 -2 3 45
 5 -1 -2 170
 55 3 1 169
 55 0 4 44
 5 -3 -3 335
 5 1 4 176
 55 1 -4 18
 5 2 -2 117
 55 -3 -2 260
 5 3 3 310
 55 4 0 108
 55 2 3 358
 55 1 -2 15
 55 -1 4 186
 55 4 -1 83
 55 3 -3 92
 55 -3 3 305
 55 2 2 141
 55 -2 -3 200
 55 1 2 299
 55 0 2 249
 55 0 3 209
 55 -1 -3 81
 55 -1 -4 46
 55 3 -2 354
 5 -2 -2 174
 "contig-ratio-green-core" 0.7647058823529411
 "contig-ratio-red-core" 0.9285714285714286
