 "a-count" 6
 "b-count" 3
 "c-color-count" 25
 "c-express-count" 25
 "d-color-count" 22
 "d-express-count" 22
 "cell-count" 56
 105 1 -4 320
 15 2 0 51
 105 2 -3 345
 15 -1 2 224
 15 -2 3 309
 15 1 0 16
 15 1 2 74
 105 1 -1 182
 15 -4 0 263
 15 -2 2 314
 105 2 -2 69
 105 0 0 150
 15 0 -2 233
 15 -2 1 29
 15 -1 0 318
 15 -3 -2 147
 15 2 -1 311
 15 3 -1 343
 15 0 -3 149
 15 1 1 118
 15 0 -4 68
 15 -1 3 24
 105 -3 3 24
 15 0 -1 38
 15 0 2 120
 15 -1 1 132
 15 0 1 178
 15 -1 -4 77
 55 0 4 267
 55 3 2 219
 55 -3 0 121
 55 -2 -3 174
 55 4 2 134
 5 -3 -3 71
 55 1 4 169
 55 0 3 29
 55 -4 1 148
 55 -1 -3 113
 55 -2 -1 148
 55 -3 2 55
 5 3 3 42
 55 4 -1 305
 55 2 1 242
 55 -2 0 248
 5 1 3 358
 55 2 3 229
 55 4 1 93
 55 3 0 319
 55 3 1 336
 55 -3 -1 216
 55 -1 -2 180
 55 -1 -1 258
 55 -2 -2 324
 55 -3 1 38
 55 -1 4 317
 55 2 2 299
 "contig-ratio-green-core" 0.7142857142857143
 "contig-ratio-red-core" 0.8461538461538461
 "a-count" 9
 "b-count" 6
 "c-color-count" 23
 "c-express-count" 22
 "d-color-count" 20
 "d-express-count" 19
 "cell-count" 56
 15 4 1 125
 105 1 -4 350
 105 -1 -4 233
 15 -3 -1 103
 15 1 0 140
 15 1 -1 350
 15 1 2 91
 15 -1 -2 277
 15 3 -3 205
 15 0 2 99
 15 0 -2 261
 105 2 -3 81
 15 2 1 259
 15 0 -1 111
 105 0 -4 31
 105 -4 0 69
 105 -2 3 119
 15 1 1 323
 15 -1 3 172
 15 3 3 174
 15 -1 1 99
 15 0 0 65
 15 -1 2 116
 15 0 3 208
 105 -2 2 322
 105 -3 3 267
 15 1 3 205
 15 0 1 220
 5 -3 -2 98
 55 -3 2 200
 55 -2 -2 110
 55 0 -3 248
 55 4 -1 229
 55 -4 1 9
 55 -1 0 231
 55 -3 1 294
 55 3 2 95
 55 1 -2 11
 55 -1 -1 34
 55 1 -3 109
 55 2 0 78
 5 1 4 190
 55 -3 0 144
 55 -2 -1 4
 5 -2 1 258
 55 3 1 184
 55 -1 4 95
 55 -1 -3 1
 55 -2 0 136
 5 4 0 233
 55 -3 -3 75
 55 3 0 337
 55 2 -2 264
 5 2 2 120
 55 -4 -1 178
 55 -2 -3 128
 "contig-ratio-green-core" 0.625
 "contig-ratio-red-core" 0.6923076923076923
 "a-count" 4
 "b-count" 3
 "c-color-count" 25
 "c-express-count" 25
 "d-color-count" 24
 "d-express-count" 24
 "cell-count" 56
 15 2 -1 206
 15 -1 1 326
 15 1 -2 237
 105 3 2 180
 15 0 -2 78
 15 1 3 351
 15 -1 -2 286
 15 0 -1 121
 15 1 -3 185
 15 2 1 192
 105 2 0 157
 15 -1 -3 96
 15 4 1 196
 15 1 -1 296
 105 -3 -3 8
 15 0 0 295
 15 -2 2 319
 15 3 1 144
 15 0 1 21
 105 2 2 94
 15 -4 -1 314
 15 0 -3 331
 15 0 -1 57
 15 1 4 85
 15 -2 1 219
 15 2 -2 55
 15 1 1 6
 15 0 2 314
 5 -3 1 124
 5 0 -4 124
 55 3 -1 209
 55 -3 -1 123
 55 1 -3 217
 55 -2 -2 125
 55 -3 3 196
 55 3 -2 277
 55 -2 -3 346
 55 0 4 117
 55 3 0 239
 55 3 -3 162
 55 -1 -4 4
 55 4 0 272
 55 2 3 61
 55 -3 0 15
 55 -2 -1 82
 55 -2 3 240
 55 -2 0 265
 55 0 3 320
 55 -1 0 14
 55 -1 3 174
 55 -2 -4 266
 55 2 -3 222
 55 -1 -1 318
 55 4 -1 85
 55 -3 2 161
 5 1 -4 67
 "contig-ratio-green-core" 1.0625
 "contig-ratio-red-core" 1
 "a-count" 6
 "b-count" 4
 "c-color-count" 24
 "c-express-count" 24
 "d-color-count" 25
 "d-express-count" 22
 "cell-count" 56
 15 0 0 7
 15 1 3 352
 105 -4 1 331
 15 -4 -1 147
 105 -2 -3 353
 15 -1 2 341
 15 -2 -2 310
 15 0 3 336
 15 -1 -3 269
 15 -1 1 232
 15 1 1 128
 15 3 0 117
 15 2 1 110
 15 3 1 269
 15 2 -1 38
 15 -1 3 57
 15 0 2 274
 15 1 -4 294
 15 2 0 118
 15 1 4 198
 15 1 0 139
 15 0 1 271
 15 1 2 271
 15 3 -1 92
 15 -1 0 216
 15 -2 2 315
 105 0 -4 204
 15 -4 0 268
 55 4 0 209
 55 -1 -1 60
 55 -1 -2 206
 55 1 -3 102
 55 4 1 145
 55 0 -1 251
 55 1 -2 241
 5 -3 3 355
 55 -3 2 270
 55 -2 1 202
 55 3 -2 36
 55 -3 1 128
 55 -3 0 35
 55 -2 -1 153
 5 -3 -2 39
 55 -3 -3 340
 55 -2 0 21
 55 -1 4 310
 55 4 -1 33
 55 0 -2 261
 5 2 3 332
 55 0 4 252
 5 -1 -4 292
 55 2 2 98
 55 -3 -1 162
 55 1 -1 335
 55 0 -3 273
 55 2 -3 221
 "contig-ratio-green-core" 0.9
 "contig-ratio-red-core" 0.9473684210526315
