 "a-count" 8
 "b-count" 6
 "c-color-count" 24
 "c-express-count" 22
 "d-color-count" 20
 "d-express-count" 20
 "cell-count" 56
 105 2 1 220
 15 0 2 72
 15 -4 0 181
 15 -1 2 186
 15 0 -2 245
 15 -1 -1 126
 15 -2 3 220
 105 4 1 314
 105 -1 -3 38
 15 2 2 221
 105 -3 2 182
 15 -3 1 20
 15 1 0 74
 15 -4 1 176
 105 1 -4 319
 15 -2 -1 326
 105 3 -3 21
 105 2 -2 125
 15 0 -1 178
 15 1 -2 263
 15 3 -2 297
 15 3 1 124
 15 1 2 57
 15 1 3 79
 105 1 4 286
 15 -2 2 165
 15 1 1 264
 15 -1 3 192
 55 -3 3 232
 55 2 0 140
 5 -1 -2 254
 55 0 4 53
 55 -3 -3 43
 55 2 -3 332
 55 -1 4 325
 55 2 3 209
 55 -3 -2 229
 5 -2 -3 307
 5 1 -3 145
 55 0 -4 256
 55 -1 0 234
 55 -1 1 119
 55 -4 2 115
 55 -2 1 296
 55 0 0 220
 55 -2 0 252
 55 3 3 110
 55 4 0 283
 55 3 2 216
 55 -4 -1 314
 55 2 -1 188
 55 -3 0 191
 55 0 -3 281
 5 -1 -4 115
 55 -3 -1 222
 55 0 1 66
 "contig-ratio-green-core" 0.75
 "contig-ratio-red-core" 1.0714285714285714
 "a-count" 5
 "b-count" 4
 "c-color-count" 24
 "c-express-count" 24
 "d-color-count" 24
 "d-express-count" 23
 "cell-count" 56
 15 2 2 282
 15 1 0 198
 15 -2 -1 222
 15 3 3 94
 15 2 -1 351
 15 0 -1 254
 15 0 2 315
 15 -1 -1 224
 15 -1 0 253
 15 0 -2 322
 15 -1 2 317
 15 2 1 253
 105 -2 -3 71
 15 1 -1 109
 15 1 -3 265
 105 4 1 96
 15 0 1 117
 15 1 2 70
 15 -3 2 75
 15 1 1 191
 15 0 0 298
 105 2 -3 88
 15 -2 0 309
 105 0 3 167
 15 -1 1 231
 15 1 -2 293
 15 -1 -2 150
 15 2 0 191
 55 2 -2 162
 5 3 -2 29
 55 -1 -4 256
 55 2 3 264
 55 -3 0 235
 5 -1 4 103
 55 3 0 164
 55 -3 -1 115
 55 -4 -1 84
 55 -4 1 262
 55 0 -4 65
 55 -2 -4 35
 55 3 2 324
 55 -3 1 80
 55 1 3 52
 55 -1 -3 239
 5 -3 -3 9
 5 3 -3 259
 55 1 4 144
 55 -2 1 71
 55 3 -1 162
 55 3 1 70
 55 -4 0 162
 55 4 0 276
 55 -3 -2 164
 55 4 -1 65
 55 0 -3 93
 55 -3 3 302
 "contig-ratio-green-core" 0.6190476190476191
 "contig-ratio-red-core" 0.9230769230769231
 "a-count" 2
 "b-count" 7
 "c-color-count" 22
 "c-express-count" 21
 "d-color-count" 26
 "d-express-count" 26
 "cell-count" 56
 15 -2 2 104
 15 2 2 174
 105 3 -3 140
 15 -1 4 337
 15 2 0 328
 15 0 2 148
 15 2 -2 162
 15 1 -1 7
 15 1 -2 38
 15 -3 -2 280
 15 0 1 152
 15 3 1 47
 15 1 1 53
 15 0 -3 185
 105 -1 -4 37
 15 -2 1 181
 15 -1 1 150
 15 2 1 233
 15 -3 1 233
 15 -1 3 293
 15 1 0 191
 15 -4 0 21
 15 2 -1 116
 15 1 2 226
 15 -2 0 352
 15 3 3 140
 15 -1 2 43
 15 3 0 177
 55 -3 3 141
 55 1 4 340
 55 0 3 15
 55 1 3 231
 55 -3 -3 332
 55 -3 -1 197
 55 2 -3 116
 55 4 1 97
 55 -1 -1 42
 55 1 -4 141
 55 1 -3 102
 55 0 -1 228
 55 -1 -2 298
 5 -4 1 84
 5 -2 3 323
 5 -3 0 344
 5 0 -4 260
 55 -1 0 321
 55 2 4 342
 55 -1 -3 114
 5 3 -1 252
 55 0 -2 118
 55 2 -4 86
 55 4 0 86
 55 -3 2 319
 5 -4 -1 115
 55 -2 -1 310
 55 0 4 9
 "contig-ratio-green-core" 0.7894736842105263
 "contig-ratio-red-core" 0.75
 "a-count" 1
 "b-count" 3
 "c-color-count" 25
 "c-express-count" 25
 "d-color-count" 27
 "d-express-count" 27
 "cell-count" 56
 15 2 0 88
 15 -1 -2 122
 15 0 0 310
 15 3 1 18
 15 -2 1 106
 15 -1 0 283
 15 1 -2 124
 105 3 -3 96
 15 1 0 272
 15 1 0 356
 15 -2 -1 35
 15 1 4 339
 15 -2 2 21
 15 1 -1 302
 15 -4 1 272
 15 2 1 227
 15 2 -1 77
 15 -1 1 77
 15 -4 -2 69
 15 0 -2 165
 15 -3 1 317
 15 1 -3 128
 15 -1 2 182
 15 -1 -1 290
 15 3 -1 336
 15 3 0 142
 15 0 4 199
 15 -2 0 202
 55 -3 -2 259
 55 -4 -1 208
 55 0 3 34
 55 3 3 228
 55 -3 0 96
 55 -2 -3 169
 55 4 -1 113
 55 0 1 188
 55 -2 -2 270
 55 2 2 60
 55 -2 -4 52
 55 2 4 280
 5 -3 3 276
 55 0 -3 339
 5 4 1 266
 55 1 2 33
 55 2 3 256
 55 4 0 342
 55 0 -4 82
 55 -4 0 100
 5 3 2 268
 55 1 1 55
 55 -1 -3 298
 55 -1 4 87
 55 -3 -3 215
 55 -1 3 2
 55 2 -2 337
 55 1 3 176
 "contig-ratio-green-core" 0.8947368421052632
 "contig-ratio-red-core" 0.8
