 "a-count" 5
 "b-count" 2
 "c-color-count" 26
 "c-express-count" 26
 "d-color-count" 24
 "d-express-count" 23
 "cell-count" 56
 15 -3 0 175
 15 1 3 258
 15 4 1 186
 15 -2 0 204
 15 1 4 273
 15 0 0 258
 15 3 2 62
 15 -2 2 296
 15 -1 1 356
 15 0 -3 306
 105 -1 -1 163
 15 -2 -2 224
 15 -1 2 86
 15 -1 -2 198
 15 3 3 83
 105 2 -3 112
 15 1 0 47
 15 1 -3 319
 15 0 -2 86
 15 -2 1 220
 15 0 -1 197
 15 -4 1 7
 15 0 1 131
 15 1 1 45
 15 1 -1 237
 105 2 -2 35
 105 -1 0 30
 15 -3 1 17
 55 3 -2 56
 55 2 -1 281
 55 3 -1 58
 55 0 -4 237
 55 -1 4 260
 55 -3 -3 213
 5 -2 -1 51
 55 0 2 260
 55 2 0 181
 55 -3 -2 277
 55 4 0 54
 55 -4 0 94
 55 -4 -3 171
 55 1 -4 84
 55 -1 3 294
 55 0 3 65
 5 2 3 31
 55 2 1 10
 55 3 0 161
 55 1 2 291
 55 -3 3 148
 55 -4 -2 54
 55 4 -1 92
 55 -2 4 338
 55 0 4 169
 55 3 -3 83
 55 -3 -1 242
 55 3 1 246
 "contig-ratio-green-core" 0.6190476190476191
 "contig-ratio-red-core" 0.7222222222222222
 "a-count" 8
 "b-count" 4
 "c-color-count" 24
 "c-express-count" 24
 "d-color-count" 21
 "d-express-count" 20
 "cell-count" 56
 15 1 0 190
 105 -3 -2 224
 15 0 4 163
 105 -2 3 133
 15 -1 3 230
 105 3 -3 293
 15 0 1 103
 15 3 2 306
 15 -1 2 95
 105 2 2 14
 15 0 -4 97
 15 1 -1 319
 15 3 1 289
 15 -1 0 324
 15 0 -1 198
 15 -1 -1 264
 15 -4 0 140
 15 0 3 228
 15 -4 1 348
 105 3 3 207
 15 2 0 83
 15 1 1 77
 15 -1 -4 225
 15 0 2 341
 105 -1 1 343
 15 2 1 306
 15 1 2 12
 105 -3 -1 224
 5 1 -3 217
 55 3 -1 36
 55 -2 0 121
 55 -1 -2 266
 55 -3 2 153
 5 -3 -3 112
 55 2 -2 156
 55 0 -2 1
 55 -2 -2 243
 55 2 -3 171
 5 4 0 359
 5 1 -4 353
 55 -2 -4 18
 55 -3 3 212
 55 2 -1 36
 55 -3 1 93
 55 -2 -1 86
 55 -2 -3 12
 55 -1 -3 144
 55 -2 1 221
 55 1 -2 207
 55 4 1 91
 55 0 -3 228
 55 1 4 57
 55 -3 0 112
 55 3 0 142
 55 3 -2 40
 55 4 -1 17
 "contig-ratio-green-core" 0.5555555555555556
 "contig-ratio-red-core" 0.75
 "a-count" 5
 "b-count" 9
 "c-color-count" 19
 "c-express-count" 19
 "d-color-count" 25
 "d-express-count" 23
 "cell-count" 56
 15 2 1 137
 15 -4 0 216
 15 -1 2 163
 15 0 -1 271
 15 -3 -2 222
 105 1 -4 32
 15 2 -2 180
 15 1 0 119
 105 -4 1 72
 15 -1 -4 275
 15 -3 -1 40
 15 -2 0 343
 15 2 -1 201
 15 3 0 250
 15 -1 1 124
 15 -1 0 185
 15 -2 -1 252
 15 3 -1 55
 15 3 1 30
 15 -3 0 7
 15 2 0 276
 15 0 1 335
 15 1 -2 303
 15 1 -1 87
 15 0 2 84
 105 0 -4 48
 15 -1 -1 250
 15 1 1 208
 55 1 -3 120
 55 -4 -1 146
 55 2 -3 314
 55 1 3 237
 55 -2 -2 313
 55 3 -3 251
 55 -1 -3 151
 55 0 -3 240
 5 2 3 72
 55 -2 -3 28
 5 4 -1 236
 5 -3 2 242
 5 0 4 24
 55 0 -2 47
 5 3 3 91
 55 -1 -2 171
 5 -2 2 349
 5 1 4 285
 55 0 3 33
 55 4 0 263
 55 -1 3 326
 55 4 1 285
 5 3 2 242
 55 -3 1 300
 5 3 -2 168
 55 -2 3 165
 55 -2 1 237
 55 -3 3 305
 "contig-ratio-green-core" 0.7857142857142857
 "contig-ratio-red-core" 0.6190476190476191
 "a-count" 1
 "b-count" 7
 "c-color-count" 22
 "c-express-count" 21
 "d-color-count" 27
 "d-express-count" 27
 "cell-count" 56
 15 -1 -3 40
 15 1 -1 257
 15 -4 1 164
 15 -3 -1 322
 15 1 0 82
 15 -3 1 213
 15 1 -2 287
 15 2 1 301
 15 3 1 248
 15 -1 2 230
 15 2 -1 204
 15 0 -2 114
 15 0 -3 338
 15 2 2 219
 15 -1 3 202
 15 1 3 294
 15 -1 -2 348
 15 1 2 125
 15 0 3 137
 15 3 0 312
 15 0 2 64
 15 1 -3 63
 105 2 3 121
 15 3 -3 226
 15 3 -1 169
 15 -3 0 50
 15 0 4 325
 15 2 0 208
 5 2 -2 265
 55 -2 2 219
 5 -1 -4 313
 55 -3 3 310
 55 0 -1 279
 55 4 0 301
 55 -2 -3 202
 5 -4 -1 261
 55 -1 0 269
 55 -3 -3 257
 55 -1 1 339
 5 1 4 286
 55 3 3 80
 55 -1 -1 232
 55 4 -1 211
 55 -2 -1 128
 55 4 1 243
 55 2 -3 342
 55 -3 2 246
 55 3 2 345
 55 -2 3 30
 5 -4 0 155
 55 3 -2 314
 55 -2 1 117
 55 1 -4 0
 5 -1 4 312
 55 0 1 22
 55 0 0 284
 "contig-ratio-green-core" 0.75
 "contig-ratio-red-core" 0.782608695652174
