 "a-count" 2
 "b-count" 6
 "c-color-count" 22
 "c-express-count" 22
 "d-color-count" 26
 "d-express-count" 26
 "cell-count" 56
 15 3 -1 141
 15 0 -1 166
 105 1 4 355
 15 1 2 29
 15 -1 2 17
 15 3 3 342
 15 -1 -2 184
 15 0 2 125
 15 0 1 281
 15 3 0 176
 105 4 1 9
 15 -1 -1 20
 15 1 1 103
 15 0 0 286
 15 -3 -1 183
 15 -1 0 48
 15 -2 1 189
 15 -2 -1 227
 15 -3 0 64
 15 -2 0 292
 15 1 0 162
 15 2 -1 207
 15 2 2 133
 15 -3 1 323
 15 3 -2 353
 15 1 -4 161
 15 2 1 300
 15 -1 1 15
 55 -2 4 97
 55 3 2 12
 55 -1 -3 37
 55 4 -1 167
 55 2 3 172
 55 -2 2 63
 55 -2 3 174
 55 1 -3 317
 5 0 4 320
 55 -4 -1 229
 55 -4 1 345
 5 -2 -2 286
 55 -1 4 264
 5 -3 -3 296
 55 -1 3 291
 55 0 3 210
 55 2 -2 181
 5 -2 -3 176
 55 -4 0 122
 55 0 -2 289
 55 3 1 177
 55 1 3 19
 55 0 -4 197
 5 -3 3 219
 5 3 -3 323
 55 0 -3 88
 55 1 -2 347
 55 2 -3 115
 "contig-ratio-green-core" 0.875
 "contig-ratio-red-core" 0.8235294117647058
 "a-count" 11
 "b-count" 4
 "c-color-count" 24
 "c-express-count" 24
 "d-color-count" 18
 "d-express-count" 17
 "cell-count" 56
 15 1 0 307
 15 0 4 349
 105 1 3 333
 15 -3 -2 121
 15 -3 -1 321
 15 0 3 94
 15 1 -1 150
 15 -2 0 13
 15 3 1 351
 105 3 3 94
 15 -2 1 348
 15 0 1 216
 15 2 1 156
 15 1 4 147
 15 -1 1 45
 15 2 0 155
 15 -4 -1 31
 15 -2 -1 196
 105 2 2 110
 105 -3 1 74
 15 2 -1 358
 105 2 3 170
 105 1 -2 75
 105 -2 2 13
 105 3 -3 232
 105 -1 2 159
 15 1 1 10
 105 -3 0 145
 55 4 -1 60
 55 -4 0 70
 55 3 -2 87
 5 1 -3 65
 55 0 -1 259
 55 -1 3 258
 5 4 1 105
 55 -2 4 306
 55 -1 -1 38
 55 -1 -4 202
 55 -4 1 309
 55 3 -1 243
 55 -4 2 162
 55 2 -2 339
 55 -2 3 114
 5 -3 -3 146
 55 0 0 213
 55 0 -4 84
 55 -1 -2 118
 55 3 0 38
 55 -1 -3 206
 55 -2 -2 284
 55 -1 0 122
 55 -1 4 359
 55 -3 3 124
 5 -2 -3 43
 55 0 -3 159
 55 2 -3 326
 "contig-ratio-green-core" 0.5909090909090909
 "contig-ratio-red-core" 0.7857142857142857
 "a-count" 6
 "b-count" 5
 "c-color-count" 24
 "c-express-count" 23
 "d-color-count" 22
 "d-express-count" 22
 "cell-count" 56
 15 2 1 335
 15 -1 2 304
 15 0 -2 28
 15 -1 -1 200
 105 -3 -3 71
 15 -1 -3 288
 105 -3 0 38
 105 2 -3 207
 15 3 2 86
 15 0 -1 139
 15 0 4 252
 15 1 -1 347
 15 -2 0 37
 15 0 0 332
 15 -2 2 160
 15 -2 1 316
 105 -1 3 195
 15 1 0 346
 15 -2 -1 129
 15 -1 0 252
 15 1 1 200
 15 -3 1 153
 15 2 2 329
 105 -1 -2 290
 15 1 -2 39
 15 -3 2 350
 105 2 3 30
 15 -3 -1 77
 55 0 2 303
 55 3 0 157
 5 -4 -1 226
 55 1 4 98
 55 4 1 322
 55 2 -1 79
 55 -3 -2 50
 55 0 3 212
 55 3 -2 167
 55 1 2 325
 55 -2 -2 234
 55 -4 2 64
 55 -4 0 349
 55 3 1 354
 55 2 0 241
 5 4 0 340
 55 3 -1 5
 55 3 -3 277
 55 -3 3 162
 55 -4 1 104
 55 1 3 113
 5 4 -1 139
 55 -2 -3 256
 5 3 3 107
 55 0 -3 354
 55 -1 -4 301
 55 1 -3 313
 55 0 -4 249
 "contig-ratio-green-core" 0.7777777777777778
 "contig-ratio-red-core" 0.7777777777777778
 "a-count" 9
 "b-count" 6
 "c-color-count" 23
 "c-express-count" 22
 "d-color-count" 22
 "d-express-count" 19
 "cell-count" 56
 15 1 2 229
 15 1 1 213
 15 1 0 47
 15 0 3 335
 105 -3 2 302
 15 -2 2 172
 105 -2 3 280
 15 -4 1 96
 15 2 1 151
 15 -1 0 221
 15 -2 -2 307
 15 0 0 145
 105 -2 -3 145
 105 -3 3 63
 105 1 4 146
 15 -4 -1 155
 15 2 0 74
 15 -1 -1 344
 15 0 -2 275
 105 2 -3 30
 15 0 2 290
 15 2 2 324
 15 -2 0 242
 15 3 2 333
 15 -1 3 323
 15 -3 -1 159
 15 0 1 300
 15 3 1 336
 5 1 -4 283
 55 -2 -1 173
 55 -1 -3 223
 55 2 3 3
 5 2 -2 185
 55 4 1 317
 55 0 -4 246
 55 4 -1 216
 55 -3 0 178
 55 3 -3 16
 55 -3 1 308
 55 0 -1 20
 55 3 0 316
 55 -1 -4 89
 55 2 -1 75
 5 -3 -2 250
 55 4 0 226
 5 -1 4 309
 5 -1 2 79
 55 -2 1 238
 55 0 -3 280
 55 -4 0 289
 55 3 -2 349
 55 -2 4 117
 55 1 -2 125
 55 1 -3 138
 55 1 3 227
 55 0 4 13
 "contig-ratio-green-core" 0.5238095238095238
 "contig-ratio-red-core" 0.6470588235294118
