 "a-count" 7
 "b-count" 6
 "c-color-count" 22
 "c-express-count" 22
 "d-color-count" 22
 "d-express-count" 21
 "cell-count" 56
 15 1 -3 254
 15 -1 -3 357
 15 3 -1 244
 105 -1 4 238
 15 0 -1 56
 15 0 -2 175
 105 3 -3 333
 105 4 1 136
 15 0 0 160
 105 3 -2 113
 15 -1 -2 111
 15 -1 -1 274
 15 -3 2 74
 15 1 1 211
 15 1 2 319
 15 1 -1 101
 105 -3 -3 228
 15 -1 0 248
 15 -3 3 239
 15 -4 1 14
 15 0 3 25
 15 0 -3 262
 15 1 0 213
 105 -2 3 83
 15 2 -1 164
 15 2 0 86
 15 1 -2 322
 15 3 3 331
 55 -3 0 185
 55 -1 2 224
 55 3 1 40
 5 2 1 7
 55 -2 -2 221
 55 2 -3 58
 55 3 2 150
 55 0 2 35
 55 -2 2 192
 5 -1 3 304
 55 -2 -3 87
 55 2 -2 237
 55 -4 0 63
 55 4 0 135
 5 1 4 219
 55 2 3 148
 55 -3 1 49
 55 -2 -1 229
 55 0 -4 261
 55 1 3 349
 55 -2 0 60
 5 4 -1 0
 55 3 0 230
 55 -1 1 63
 5 -3 -2 185
 55 -4 -1 292
 5 2 2 180
 55 1 -4 231
 "contig-ratio-green-core" 0.7
 "contig-ratio-red-core" 1
 "a-count" 8
 "b-count" 2
 "c-color-count" 26
 "c-express-count" 26
 "d-color-count" 22
 "d-express-count" 20
 "cell-count" 56
 15 0 -4 31
 15 -2 2 130
 15 -1 -1 58
 15 1 0 31
 15 3 2 49
 105 4 1 127
 105 4 0 105
 105 -1 0 142
 15 -3 1 25
 105 2 -1 232
 15 -2 1 299
 15 1 1 241
 105 4 -1 93
 15 1 -1 18
 15 2 -2 288
 15 -3 2 210
 15 -1 1 229
 15 3 -2 207
 15 2 0 218
 15 1 -4 327
 15 0 -1 202
 15 -3 -2 338
 15 -3 -1 270
 15 -4 1 148
 15 -2 -1 68
 15 0 1 17
 15 -3 0 301
 105 -2 0 336
 55 -2 -2 336
 55 -1 -3 300
 55 -3 3 194
 55 -2 -2 6
 55 -1 3 347
 55 -1 -2 251
 55 3 1 113
 55 -3 -3 36
 55 0 2 358
 55 1 2 200
 55 3 -1 264
 55 -4 -1 238
 55 0 3 278
 55 0 -3 209
 55 -1 -2 175
 55 -1 2 348
 55 3 0 75
 55 -2 -3 153
 5 3 -3 273
 55 -2 3 356
 55 2 3 132
 5 2 -3 225
 55 1 -3 290
 55 1 3 333
 55 0 -2 142
 55 1 -2 326
 55 2 1 318
 55 -1 -4 289
 "contig-ratio-green-core" 0.7272727272727273
 "contig-ratio-red-core" 1
