 "a-count" 9
 "b-count" 3
 "c-color-count" 25
 "c-express-count" 25
 "d-color-count" 19
 "d-express-count" 19
 "cell-count" 56
 105 0 -1 211
 15 -1 -3 324
 105 3 3 131
 15 0 1 100
 15 1 2 356
 105 -4 -2 115
 105 -1 -2 9
 105 0 2 357
 15 -2 1 287
 15 2 -1 274
 15 2 2 41
 15 2 0 221
 15 1 -1 14
 15 1 -2 71
 15 -1 0 35
 15 1 0 107
 105 -4 0 257
 15 2 1 123
 15 -1 1 300
 15 1 1 95
 15 -1 2 329
 15 -2 2 146
 15 0 0 13
 105 -1 -1 156
 105 -4 1 255
 15 -2 -1 70
 15 1 -3 57
 105 4 -1 28
 5 3 -2 120
 55 3 -3 73
 55 1 -4 128
 55 -2 -2 316
 55 3 0 144
 5 -3 -3 87
 55 -4 -1 94
 55 1 4 301
 55 -3 -1 103
 55 -3 1 252
 55 -3 0 129
 55 1 3 5
 55 -1 -4 303
 55 -2 -3 302
 55 0 4 160
 55 3 -1 89
 55 0 3 15
 55 4 1 89
 55 -1 3 186
 55 3 2 288
 55 -3 2 200
 55 3 1 239
 55 4 0 146
 5 2 3 144
 55 -3 -2 225
 55 2 -3 96
 55 0 -4 16
 55 -2 -4 265
 "contig-ratio-green-core" 0.45
 "contig-ratio-red-core" 1.1666666666666667
 "a-count" 7
 "b-count" 2
 "c-color-count" 26
 "c-express-count" 26
 "d-color-count" 24
 "d-express-count" 21
 "cell-count" 56
 15 -2 2 339
 15 1 2 210
 15 1 -3 81
 15 1 -1 110
 15 0 -3 267
 15 -1 -4 92
 15 1 1 182
 15 -1 -2 240
 15 -3 -3 130
 105 2 -2 8
 15 0 -2 69
 15 0 1 177
 105 -2 3 247
 105 0 0 229
 15 2 1 55
 15 -1 -1 331
 15 -2 -1 177
 15 -1 1 354
 105 3 -3 262
 15 -1 4 1
 15 2 0 169
 15 3 1 26
 15 -1 0 147
 15 1 0 205
 15 3 3 107
 15 -3 2 332
 15 2 2 284
 15 -2 -3 308
 55 2 -1 47
 55 3 -1 152
 55 -1 3 244
 55 0 3 168
 55 -2 0 285
 55 3 2 40
 55 2 3 245
 55 3 0 87
 55 1 3 131
 55 1 -4 123
 55 -3 -1 89
 55 0 4 65
 55 3 -2 93
 55 -4 0 230
 55 1 4 229
 55 -3 1 86
 55 -3 -2 209
 55 -3 0 26
 55 4 0 159
 55 -4 -1 182
 5 -2 -2 7
 55 -4 1 144
 55 -1 2 166
 55 0 -4 236
 55 4 1 1
 55 -2 1 118
 55 2 4 44
 5 2 -3 139
 "contig-ratio-green-core" 0.6666666666666666
 "contig-ratio-red-core" 0.7777777777777778
 "a-count" 10
 "b-count" 6
 "c-color-count" 23
 "c-express-count" 22
 "d-color-count" 20
 "d-express-count" 18
 "cell-count" 56
 15 -2 -2 47
 105 -4 1 180
 15 -1 2 297
 15 4 1 159
 15 -3 1 352
 105 -2 2 251
 105 3 -2 288
 15 1 -2 97
 105 -2 3 73
 15 2 -2 193
 15 1 3 235
 105 -3 -3 93
 15 -4 0 211
 15 0 3 184
 105 3 -3 2
 15 4 0 2
 15 0 -2 86
 105 4 -1 328
 15 0 2 163
 15 1 4 5
 15 -3 -1 11
 15 -3 0 36
 15 0 4 54
 105 -2 -3 157
 15 3 -1 323
 15 -1 3 266
 15 -1 -2 324
 15 -2 -1 16
 55 -2 0 252
 5 1 -3 192
 55 0 -4 38
 5 2 -3 149
 55 -1 4 145
 55 2 0 336
 55 2 -1 115
 55 3 3 324
 55 1 -1 191
 55 2 1 332
 55 0 0 67
 55 3 2 234
 5 0 -3 177
 55 3 0 74
 55 -1 -1 52
 55 -1 1 15
 55 1 1 151
 55 0 1 281
 55 -1 -4 244
 55 -2 1 223
 55 3 1 214
 55 2 3 221
 5 -3 -2 4
 55 1 0 276
 55 2 2 255
 55 1 2 110
 55 0 -1 223
 5 -1 0 329
 "contig-ratio-green-core" 0.8125
 "contig-ratio-red-core" 0.7857142857142857
 "a-count" 6
 "b-count" 5
 "c-color-count" 24
 "c-express-count" 23
 "d-color-count" 24
 "d-express-count" 22
 "cell-count" 56
 15 -1 1 24
 15 -1 0 341
 15 2 2 168
 15 -1 2 29
 15 3 -3 201
 15 2 1 9
 15 -1 -4 159
 15 -2 -2 253
 15 4 0 334
 105 3 3 28
 15 3 1 170
 15 -2 -1 102
 15 0 -4 321
 15 0 2 130
 105 -4 -1 105
 15 -1 3 33
 15 0 3 98
 15 -4 1 63
 105 -3 -2 25
 15 1 2 25
 15 1 -2 271
 15 0 1 356
 15 2 -2 252
 15 1 1 95
 15 -3 2 319
 15 -3 0 342
 15 3 0 68
 105 4 -1 17
 55 0 -3 297
 55 -1 -2 93
 5 -4 0 260
 55 0 0 346
 55 -1 4 157
 55 0 -2 116
 55 1 0 202
 55 4 1 54
 55 3 -2 170
 55 -2 3 241
 55 2 3 213
 55 1 -1 304
 55 -1 -1 133
 55 -2 1 346
 5 1 -4 279
 55 -2 2 197
 55 0 -1 43
 5 2 -3 351
 55 0 4 209
 55 2 -1 190
 55 1 3 163
 55 1 4 321
 55 2 0 42
 55 3 -1 16
 55 3 2 57
 55 -1 -3 65
 5 -3 -3 41
 55 -2 0 339
 "contig-ratio-green-core" 0.9444444444444444
 "contig-ratio-red-core" 1.1578947368421053
