 "a-count" 7
 "b-count" 9
 "c-color-count" 20
 "c-express-count" 19
 "d-color-count" 23
 "d-express-count" 21
 "cell-count" 56
 15 1 -2 296
 15 1 2 233
 15 2 1 40
 105 3 -2 9
 15 -4 0 81
 15 -2 2 62
 15 0 -2 321
 15 1 0 58
 15 0 0 35
 15 2 -1 213
 15 1 -1 301
 15 -3 -1 125
 15 -1 1 148
 105 -3 3 199
 15 3 2 236
 15 1 1 55
 15 -1 2 128
 15 -2 1 231
 15 0 1 224
 15 -2 3 288
 15 0 -1 271
 15 2 3 181
 15 -3 0 50
 105 3 -1 19
 105 2 2 120
 15 0 2 345
 15 -4 -1 132
 105 4 -1 317
 55 4 0 167
 55 2 -3 27
 5 -3 -2 77
 55 -1 4 4
 5 0 -3 254
 5 2 0 187
 5 -3 -3 3
 5 -4 1 221
 55 1 -3 298
 55 -2 0 49
 55 -3 1 313
 55 0 4 229
 55 3 0 95
 55 -1 -2 225
 55 3 3 326
 5 0 3 74
 55 1 3 239
 5 -2 -2 172
 55 -1 0 225
 55 4 1 281
 55 3 1 117
 5 -1 -3 291
 55 1 4 283
 55 -2 -1 136
 55 2 -2 134
 55 -1 -1 161
 55 -3 2 289
 55 -1 3 39
 "contig-ratio-green-core" 0.8888888888888888
 "contig-ratio-red-core" 0.6842105263157895
 "a-count" 6
 "b-count" 4
 "c-color-count" 25
 "c-express-count" 24
 "d-color-count" 24
 "d-express-count" 22
 "cell-count" 56
 15 -1 0 226
 15 -2 -1 55
 15 1 2 130
 105 -3 3 69
 15 -1 2 232
 15 1 3 242
 15 4 0 15
 15 2 3 88
 15 -2 -2 251
 15 2 -2 17
 15 0 0 152
 15 0 -1 300
 15 0 2 179
 15 1 1 341
 105 -1 4 243
 105 0 4 49
 15 3 -2 75
 105 1 -4 34
 15 0 3 37
 15 0 1 305
 15 -2 -3 69
 15 -3 -2 131
 15 -1 -1 317
 15 4 1 44
 15 -2 3 358
 15 -1 1 191
 15 -1 3 50
 15 0 -2 210
 55 -3 -1 108
 55 -4 0 57
 55 2 1 296
 55 -3 2 88
 55 -3 1 54
 55 3 -3 66
 55 -4 1 267
 55 0 -3 67
 55 2 0 153
 55 -4 -1 215
 55 -2 2 122
 55 3 1 297
 55 3 3 33
 5 1 -2 198
 55 3 0 188
 55 -1 -3 130
 55 -2 0 244
 55 -3 0 3
 55 4 -1 112
 55 3 2 296
 55 3 -1 62
 55 -2 1 211
 5 2 -3 128
 55 1 -1 288
 5 1 4 298
 55 0 -4 89
 55 2 -1 172
 55 2 2 72
 "contig-ratio-green-core" 0.6956521739130435
 "contig-ratio-red-core" 0.8421052631578947
 "a-count" 3
 "b-count" 9
 "c-color-count" 20
 "c-express-count" 19
 "d-color-count" 26
 "d-express-count" 25
 "cell-count" 56
 15 -1 0 314
 15 -2 0 243
 15 0 -1 38
 15 -2 2 106
 15 3 1 101
 105 1 4 178
 15 -2 -1 155
 15 2 0 32
 15 1 3 353
 15 -1 1 96
 15 1 -1 15
 15 0 0 67
 15 4 -1 297
 15 2 -1 182
 15 3 0 47
 15 3 -1 288
 15 -1 -1 61
 105 -3 2 168
 15 4 0 352
 15 1 1 115
 15 3 -3 181
 15 1 0 51
 15 -3 1 132
 15 1 2 351
 15 0 4 53
 15 -2 1 2
 15 -3 -2 115
 15 2 1 109
 5 1 -4 192
 5 -4 -1 114
 55 1 -2 238
 55 -1 3 132
 55 0 -3 248
 55 -3 -1 73
 5 2 -3 193
 55 3 3 102
 5 -1 -4 96
 55 -1 -2 287
 5 -1 -3 5
 5 -3 3 272
 55 0 3 302
 55 -2 -3 246
 55 0 2 302
 55 0 -2 315
 55 -1 2 161
 55 3 -2 38
 5 4 2 344
 55 -1 4 255
 55 4 1 200
 5 2 -2 225
 55 3 2 252
 55 1 -3 29
 55 -2 3 289
 55 0 -4 55
 55 -3 0 57
 55 -4 1 71
 "contig-ratio-green-core" 1.0666666666666667
 "contig-ratio-red-core" 0.7647058823529411
 "a-count" 5
 "b-count" 1
 "c-color-count" 27
 "c-express-count" 27
 "d-color-count" 24
 "d-express-count" 23
 "cell-count" 56
 15 -3 2 157
 15 3 2 198
 15 0 -2 94
 105 -2 4 136
 15 0 5 332
 15 1 -2 269
 15 -1 4 299
 15 2 -1 164
 15 -3 1 162
 15 -3 3 291
 15 -1 -2 329
 15 2 0 38
 105 -1 -4 337
 15 3 -1 327
 15 -4 1 111
 15 3 -2 335
 105 -1 -3 132
 15 2 -2 146
 15 2 -3 335
 15 -2 3 62
 15 1 -1 310
 105 1 -3 138
 15 -4 2 201
 15 3 3 176
 15 -4 0 272
 15 2 4 44
 15 1 0 359
 15 -4 -1 313
 55 -3 -1 281
 55 2 1 268
 55 0 3 259
 55 -1 0 83
 55 2 3 34
 55 -2 -1 21
 55 3 -3 40
 55 -2 0 288
 55 1 2 127
 55 -3 -2 83
 55 -2 1 196
 55 1 4 126
 5 4 -1 123
 55 3 1 78
 55 3 0 105
 55 -2 -2 277
 55 0 2 115
 55 0 4 143
 55 2 2 74
 55 -1 3 49
 55 -1 1 238
 55 0 -1 344
 55 -1 2 99
 55 -1 -1 54
 55 0 1 256
 55 1 3 310
 55 -2 2 138
 55 -3 0 224
 "contig-ratio-green-core" 0.7894736842105263
 "contig-ratio-red-core" 0.8823529411764706
