 "a-count" 7
 "b-count" 3
 "c-color-count" 26
 "c-express-count" 25
 "d-color-count" 22
 "d-express-count" 21
 "cell-count" 56
 15 -1 -3 116
 105 -3 3 33
 15 -1 -2 314
 15 0 -2 111
 105 3 -3 287
 15 -2 0 321
 105 2 -3 53
 105 -1 4 146
 15 -3 -3 248
 15 1 4 267
 15 0 3 193
 15 1 -2 275
 15 -1 2 66
 15 -1 3 229
 15 -2 -2 289
 15 3 2 30
 15 -2 1 189
 15 1 3 341
 15 0 -3 70
 105 -3 2 9
 15 -3 -1 109
 15 -3 0 286
 15 4 1 67
 15 -2 -1 341
 15 -4 0 192
 105 3 -2 13
 15 -2 2 92
 15 -3 1 279
 5 -4 1 3
 55 0 -4 60
 55 -1 1 147
 55 -1 0 247
 5 3 3 238
 55 -2 -3 2
 55 2 2 186
 55 1 -1 114
 55 0 -1 36
 55 2 0 7
 55 3 0 227
 55 1 -3 177
 55 0 1 95
 55 3 1 78
 55 4 0 197
 55 -1 -1 206
 55 2 -2 259
 55 1 -4 113
 55 3 -1 329
 55 0 0 317
 55 2 1 55
 55 2 3 101
 55 -3 -2 135
 55 1 0 145
 55 0 2 339
 55 1 2 231
 55 -1 -4 11
 55 2 -1 219
 "contig-ratio-green-core" 0.7222222222222222
 "contig-ratio-red-core" 0.8235294117647058
