 "a-count" 7
 "b-count" 7
 "c-color-count" 22
 "c-express-count" 21
 "d-color-count" 23
 "d-express-count" 21
 "cell-count" 56
 105 1 3 197
 15 -1 0 340
 15 3 1 288
 105 1 4 282
 15 0 3 86
 15 0 2 300
 15 2 1 79
 15 1 1 124
 15 1 -1 63
 105 -2 -3 269
 15 0 -4 116
 15 0 0 90
 15 -1 -4 181
 15 0 1 309
 15 -2 -1 351
 15 1 2 292
 15 2 2 135
 15 2 -1 93
 15 -1 -1 32
 15 -4 0 209
 105 -3 -3 259
 15 -4 1 274
 15 -2 -2 248
 105 2 0 98
 15 3 -1 257
 15 0 -1 160
 15 3 0 140
 15 3 -3 243
 5 -2 1 194
 55 -1 -3 194
 55 -1 3 102
 55 0 -2 52
 5 -2 2 102
 55 1 -3 275
 5 -2 3 51
 55 -2 0 258
 55 -3 -2 287
 55 2 -3 60
 5 -3 3 302
 55 -3 -1 104
 55 1 -4 34
 55 -1 1 302
 55 3 -2 299
 55 -3 0 175
 55 -3 1 333
 55 1 -2 168
 55 -3 2 128
 55 4 1 112
 5 2 3 41
 5 -1 4 312
 55 4 0 291
 55 4 -1 286
 55 0 -3 348
 55 -1 -2 28
 55 -1 2 290
 55 2 -2 78
 "contig-ratio-green-core" 0.8947368421052632
 "contig-ratio-red-core" 0.9444444444444444
 "a-count" 6
 "b-count" 5
 "c-color-count" 25
 "c-express-count" 23
 "d-color-count" 23
 "d-express-count" 22
 "cell-count" 56
 15 0 0 27
 15 0 -1 212
 105 -1 -4 56
 15 0 -4 146
 15 -2 -1 226
 15 -3 -1 293
 15 -1 1 220
 15 0 1 289
 105 -2 -3 158
 15 -1 0 188
 15 1 0 70
 15 1 4 185
 15 3 2 70
 15 -1 -3 33
 15 2 -1 138
 15 1 -1 347
 15 -1 2 38
 105 -3 3 41
 15 0 3 261
 15 3 -2 193
 105 -1 3 194
 15 -2 1 75
 15 3 3 72
 15 2 -2 216
 15 0 2 310
 15 -2 0 207
 105 -4 -1 356
 15 -1 -1 82
 55 -2 2 15
 55 3 0 316
 55 -3 1 146
 55 -3 2 10
 55 1 -3 100
 55 4 -3 0
 55 3 -1 354
 55 1 3 165
 55 1 2 219
 5 -2 -2 49
 55 2 1 40
 5 4 -1 97
 5 -2 3 90
 55 0 -3 244
 55 3 1 282
 55 2 2 320
 55 0 -2 139
 55 4 0 105
 55 2 3 118
 55 -1 4 149
 55 2 0 118
 55 1 -4 174
 55 -4 1 273
 55 3 -3 86
 55 -3 0 10
 55 -1 -2 323
 55 -3 -2 347
 55 0 4 268
 "contig-ratio-green-core" 0.6521739130434783
 "contig-ratio-red-core" 0.8888888888888888
 "a-count" 6
 "b-count" 8
 "c-color-count" 20
 "c-express-count" 20
 "d-color-count" 23
 "d-express-count" 22
 "cell-count" 56
 15 1 1 239
 15 -2 -1 163
 15 0 2 340
 15 4 0 221
 105 -4 0 208
 15 -3 0 70
 105 -1 4 126
 15 3 3 46
 15 1 2 7
 105 3 -1 54
 15 4 1 121
 15 0 3 115
 15 -2 3 35
 15 -2 1 38
 15 1 3 16
 15 1 0 212
 15 -2 2 310
 105 -4 -1 111
 15 -3 1 152
 15 -2 0 147
 15 -1 2 11
 15 -3 -2 319
 15 1 -4 154
 15 2 -1 91
 15 -3 2 22
 15 -1 3 288
 105 2 1 9
 15 -3 -1 76
 55 -3 3 349
 55 3 1 188
 5 -1 -4 32
 55 -2 -2 141
 55 1 -1 189
 55 0 1 287
 5 1 4 219
 55 1 -3 202
 55 2 2 181
 5 3 -2 256
 55 2 3 241
 5 3 0 96
 55 -1 -3 188
 55 0 -2 46
 55 3 2 207
 55 0 4 73
 5 -4 1 39
 55 -2 -3 168
 55 0 -3 166
 55 0 -1 179
 55 0 -4 148
 55 0 0 274
 55 -1 0 298
 5 -1 -2 116
 55 -1 1 245
 5 1 -2 63
 55 -1 -1 279
 5 3 -3 207
 "contig-ratio-green-core" 1
 "contig-ratio-red-core" 0.7058823529411765
 "a-count" 4
 "b-count" 7
 "c-color-count" 21
 "c-express-count" 21
 "d-color-count" 25
 "d-express-count" 24
 "cell-count" 56
 15 -3 1 72
 15 3 -3 99
 15 4 -2 203
 105 -3 -3 33
 15 -1 -2 91
 15 -1 -3 294
 15 -2 1 350
 15 -3 0 352
 105 -1 3 153
 15 -2 3 180
 15 -4 1 78
 15 0 1 40
 15 0 3 333
 15 -2 0 29
 15 -1 2 94
 15 -1 1 306
 15 -4 0 162
 15 0 2 231
 15 -1 4 24
 15 -2 -1 336
 15 -1 -1 196
 15 1 2 106
 15 1 -2 337
 15 -1 0 321
 15 -2 2 30
 15 -3 2 104
 15 2 2 285
 105 -2 -3 355
 55 2 -1 235
 5 4 0 348
 5 4 1 269
 55 1 -1 159
 55 3 1 283
 55 4 -1 186
 55 -4 -2 73
 55 2 0 169
 55 -2 4 104
 55 0 0 250
 5 1 3 199
 55 3 -2 14
 55 3 -1 164
 55 1 1 232
 5 1 4 163
 55 -3 3 56
 55 2 -2 207
 55 2 1 25
 55 3 2 116
 5 1 -4 89
 5 2 3 81
 55 0 4 116
 55 2 -3 214
 55 0 -1 344
 5 1 0 70
 55 -4 -1 61
 55 -3 -1 316
 55 -1 -4 284
 "contig-ratio-green-core" 0.7647058823529411
 "contig-ratio-red-core" 0.8461538461538461
