 "a-count" 6
 "b-count" 5
 "c-color-count" 23
 "c-express-count" 23
 "d-color-count" 24
 "d-express-count" 22
 "cell-count" 56
 15 -1 2 12
 15 -2 0 146
 15 -1 1 78
 15 2 2 169
 15 3 3 270
 15 -2 -2 37
 15 0 1 272
 15 -2 -3 112
 15 2 0 162
 15 1 4 322
 15 -2 2 330
 105 -1 0 18
 15 -1 3 302
 15 2 1 302
 15 -3 0 0
 15 1 1 3
 15 -2 -1 178
 105 -2 1 244
 15 -1 -1 223
 15 1 0 117
 15 2 -1 18
 15 0 -1 301
 15 -3 -2 106
 15 0 0 57
 15 1 -1 205
 105 -3 -3 80
 15 -3 -1 54
 105 1 -4 293
 5 3 2 278
 55 1 2 9
 55 2 -2 307
 55 3 -2 70
 55 -4 -1 23
 55 2 3 82
 55 3 1 249
 55 -2 3 187
 55 3 0 52
 55 1 -2 331
 55 -4 0 66
 55 -4 1 245
 55 3 -1 291
 55 0 3 244
 55 -1 4 40
 55 1 3 107
 55 0 4 233
 55 0 -4 114
 55 0 -3 11
 55 -1 -2 242
 5 2 -3 16
 55 -1 -3 65
 5 -1 -4 0
 55 0 -2 73
 55 4 1 118
 5 4 -1 324
 55 -3 1 134
 5 -3 2 97
 "contig-ratio-green-core" 0.6842105263157895
 "contig-ratio-red-core" 0.9411764705882353
 "a-count" 5
 "b-count" 2
 "c-color-count" 27
 "c-express-count" 26
 "d-color-count" 26
 "d-express-count" 23
 "cell-count" 56
 15 -1 2 245
 15 1 3 277
 15 -1 3 165
 15 -3 3 121
 15 0 1 313
 105 3 1 284
 15 0 -4 296
 15 -3 2 268
 15 0 2 14
 15 2 1 202
 15 -2 1 318
 15 -1 1 334
 15 2 2 341
 15 1 1 303
 15 -2 -1 243
 15 -2 -3 170
 15 -2 0 19
 15 1 2 103
 15 4 1 110
 15 -3 -3 33
 15 -1 -4 176
 15 -3 -1 202
 15 -3 0 52
 15 1 -4 18
 15 4 -1 229
 15 2 -2 352
 105 0 3 283
 15 3 0 235
 55 -2 -2 28
 55 0 4 351
 55 1 4 315
 55 3 -1 245
 55 1 0 180
 55 -1 -3 153
 55 -2 3 236
 55 -4 0 226
 55 0 -3 86
 55 2 -1 47
 55 -2 2 67
 55 0 -1 317
 55 3 -2 30
 55 0 0 275
 55 -1 0 44
 55 -3 1 193
 55 2 3 25
 55 1 -3 245
 55 1 -1 191
 5 2 -3 298
 55 -1 4 321
 55 -4 1 70
 55 0 -2 294
 55 -1 -2 331
 55 2 0 306
 55 1 -2 152
 55 -1 -1 158
 55 -4 -1 237
 "contig-ratio-green-core" 1.05
 "contig-ratio-red-core" 0.8095238095238095
 "a-count" 11
 "b-count" 2
 "c-color-count" 26
 "c-express-count" 26
 "d-color-count" 20
 "d-express-count" 17
 "cell-count" 56
 15 1 3 101
 15 -1 -3 233
 15 3 0 130
 15 -1 -4 86
 15 0 3 326
 15 3 1 129
 15 -2 1 229
 105 4 -1 313
 105 -2 -3 262
 105 -3 -3 175
 15 -1 2 313
 15 0 -3 319
 15 1 -3 16
 105 1 4 51
 15 3 -1 313
 15 3 -2 341
 15 -1 3 207
 15 1 -4 314
 15 2 -2 204
 105 3 3 262
 15 2 -3 26
 105 4 0 98
 105 4 1 37
 15 -4 -1 125
 15 -2 2 127
 105 -1 4 179
 15 2 3 83
 15 -4 0 287
 55 2 0 106
 55 -3 -2 261
 55 -2 0 269
 55 2 1 252
 55 0 1 351
 55 1 2 1
 55 1 -2 165
 55 0 -1 215
 55 -3 0 230
 55 1 1 297
 55 1 0 108
 55 2 -1 252
 55 -1 -2 130
 55 -3 -1 243
 55 3 -3 32
 55 0 0 207
 55 0 -2 12
 55 2 2 128
 5 -2 3 112
 55 -1 0 45
 55 -1 -1 314
 55 1 -1 5
 55 -2 -2 222
 55 -2 -1 252
 55 0 -4 292
 55 0 2 346
 5 -3 1 210
 55 -1 1 124
 "contig-ratio-green-core" 0.9333333333333333
 "contig-ratio-red-core" 0.7647058823529411
 "a-count" 7
 "b-count" 4
 "c-color-count" 24
 "c-express-count" 24
 "d-color-count" 22
 "d-express-count" 21
 "cell-count" 56
 15 3 -3 239
 105 -3 -3 226
 15 -1 -2 162
 105 -3 0 177
 15 -2 0 8
 15 -2 -3 330
 15 -1 -1 292
 15 -1 1 159
 15 -1 0 345
 15 0 -1 84
 15 1 2 89
 15 2 3 216
 105 -2 2 117
 105 4 1 357
 15 0 -2 28
 15 1 -2 335
 105 -3 -1 315
 15 -2 -1 19
 105 -2 -4 327
 15 4 -1 100
 15 1 -1 273
 15 0 0 318
 15 -1 4 24
 15 1 3 49
 15 2 -2 12
 15 2 2 265
 15 -2 1 121
 15 -3 -2 265
 55 2 0 244
 5 -2 3 162
 55 1 0 225
 55 -4 0 262
 55 3 3 268
 55 -2 -2 145
 55 3 -2 245
 55 0 -4 269
 55 -1 -3 354
 55 0 3 237
 5 1 -4 65
 55 0 2 350
 55 2 -3 161
 55 -1 3 111
 55 2 -1 208
 55 1 1 174
 55 0 1 260
 55 3 2 12
 5 3 0 324
 55 3 -1 47
 55 0 -3 154
 55 1 -3 119
 55 -1 2 62
 55 -1 -4 149
 55 2 -2 203
 5 -3 2 127
 55 -4 -1 355
 55 -4 1 320
 "contig-ratio-green-core" 0.6818181818181818
 "contig-ratio-red-core" 1.1428571428571428
