 "a-count" 8
 "b-count" 8
 "c-color-count" 20
 "c-express-count" 20
 "d-color-count" 23
 "d-express-count" 20
 "cell-count" 56
 15 -3 -2 113
 15 2 -3 76
 15 2 0 252
 15 1 0 55
 15 -1 -1 34
 15 -2 1 173
 15 3 0 315
 105 1 -3 198
 105 -3 0 252
 15 1 1 343
 105 1 -4 354
 105 -2 -2 299
 15 -2 -1 275
 15 -1 0 124
 15 -2 0 331
 15 3 1 67
 15 1 2 296
 15 -1 -2 109
 15 0 4 114
 15 -3 1 15
 105 -4 0 189
 15 0 0 42
 15 -3 -1 200
 15 2 1 249
 15 0 -1 254
 15 0 -4 122
 15 4 -1 289
 15 2 -1 158
 55 0 2 351
 5 -1 4 135
 55 1 -2 128
 5 -1 -4 96
 55 -3 2 265
 55 -1 3 162
 55 -2 2 301
 5 1 4 192
 55 -2 -3 23
 55 2 -2 192
 55 -1 -3 65
 55 0 -2 189
 55 0 1 228
 55 -1 1 71
 55 0 3 124
 55 0 -3 299
 55 -1 2 174
 5 3 3 238
 5 3 -3 136
 55 -3 -3 359
 5 3 2 302
 5 4 1 125
 55 -2 3 109
 55 1 3 234
 55 3 -2 3
 55 2 3 214
 5 4 0 33
 55 3 -1 30
 "contig-ratio-green-core" 1
 "contig-ratio-red-core" 0.7058823529411765
 "a-count" 11
 "b-count" 4
 "c-color-count" 25
 "c-express-count" 24
 "d-color-count" 18
 "d-express-count" 17
 "cell-count" 56
 15 0 0 140
 105 2 -2 97
 15 -1 3 320
 15 -1 -1 129
 105 -1 0 194
 15 0 1 196
 15 -1 -2 75
 105 -2 2 219
 105 2 0 234
 15 -1 2 307
 15 1 -3 313
 105 -4 1 125
 105 -3 3 210
 15 0 -3 126
 105 -1 1 9
 15 -2 1 40
 15 2 4 88
 15 1 -1 78
 105 3 0 69
 15 0 2 46
 15 2 1 109
 15 -3 1 335
 105 3 -3 36
 15 1 1 188
 15 0 -1 234
 15 -2 0 340
 105 3 -2 125
 15 4 1 152
 55 -3 -2 283
 55 -4 -1 343
 55 -3 0 82
 55 -1 4 292
 55 3 1 111
 55 -3 2 3
 55 -3 -1 107
 55 0 3 212
 5 -4 0 204
 55 4 0 225
 55 -2 -1 174
 55 -1 -3 185
 55 1 4 353
 55 1 -4 289
 55 -2 -3 24
 5 3 3 299
 55 1 3 126
 55 2 2 140
 55 2 -1 254
 55 2 3 219
 55 -2 -2 258
 55 -1 -4 189
 55 3 2 195
 5 1 2 261
 55 1 0 45
 55 0 4 310
 55 1 -2 354
 55 0 -4 106
 "contig-ratio-green-core" 0.6470588235294118
 "contig-ratio-red-core" 1.1818181818181819
 "a-count" 1
 "b-count" 5
 "c-color-count" 23
 "c-express-count" 23
 "d-color-count" 27
 "d-express-count" 27
 "cell-count" 56
 15 -1 0 305
 15 -2 0 42
 15 0 3 79
 15 0 -1 270
 15 -1 -2 129
 15 0 0 178
 15 1 2 287
 15 2 3 317
 15 3 2 229
 15 -2 -2 289
 15 1 3 166
 15 1 0 208
 15 3 1 163
 105 -1 4 3
 15 -1 2 74
 15 1 -1 126
 15 -1 3 348
 15 -2 1 169
 15 2 0 229
 15 2 2 260
 15 -3 1 36
 15 3 0 170
 15 -1 1 307
 15 2 -1 215
 15 -1 -1 305
 15 -2 2 321
 15 -2 -1 111
 15 2 1 160
 55 -1 -3 101
 55 3 -2 200
 55 -4 0 174
 55 2 -4 159
 5 -2 -3 82
 5 -3 -3 266
 55 3 3 174
 55 -1 -4 283
 5 -3 3 197
 55 0 -2 116
 5 1 4 5
 55 0 -3 162
 55 0 4 350
 55 4 0 268
 55 2 -2 13
 55 0 -4 29
 5 2 4 61
 55 3 -1 93
 55 1 -2 89
 55 1 -3 219
 55 4 -1 302
 55 -3 -1 84
 55 3 -3 106
 55 -3 0 57
 55 4 1 318
 55 2 -3 272
 55 -4 1 189
 55 -2 3 51
 "contig-ratio-green-core" 0.631578947368421
 "contig-ratio-red-core" 0.5714285714285714
