 "a-count" 9
 "b-count" 2
 "c-color-count" 26
 "c-express-count" 26
 "d-color-count" 21
 "d-express-count" 19
 "cell-count" 56
 105 2 -3 286
 15 0 -3 57
 15 -1 -2 243
 15 -2 -3 101
 105 1 -4 151
 15 0 3 76
 105 4 1 271
 105 -3 -2 20
 15 -4 1 346
 105 3 0 293
 105 4 0 220
 15 0 4 111
 15 3 -1 160
 15 -3 3 324
 15 2 1 230
 15 2 -2 287
 15 2 -1 32
 15 2 0 121
 15 0 -2 242
 15 -3 -3 77
 15 -4 0 143
 15 2 2 354
 15 1 -2 147
 15 3 2 331
 105 -1 -3 13
 15 -1 4 120
 15 3 1 72
 15 -1 3 328
 55 -1 -4 336
 55 -1 -1 41
 55 1 -1 210
 55 -2 0 315
 55 3 3 210
 55 0 -4 75
 55 -3 2 61
 55 -3 0 91
 55 -2 1 183
 55 -3 1 49
 55 -1 1 110
 55 -1 2 178
 5 3 -3 105
 55 1 2 216
 55 -1 0 358
 55 1 0 100
 55 0 1 259
 55 -3 -1 97
 55 4 -1 203
 55 1 1 231
 5 1 4 246
 55 0 0 200
 55 1 3 322
 55 0 2 133
 55 -2 2 326
 55 0 -1 341
 55 2 3 290
 55 -2 -1 2
 "contig-ratio-green-core" 0.7777777777777778
 "contig-ratio-red-core" 0.8823529411764706
 "a-count" 6
 "b-count" 3
 "c-color-count" 25
 "c-express-count" 25
 "d-color-count" 25
 "d-express-count" 22
 "cell-count" 56
 15 -1 2 306
 15 -4 0 161
 105 3 2 210
 105 -1 -4 214
 15 1 -4 53
 15 -1 1 341
 15 2 1 208
 15 1 -1 172
 15 1 1 0
 15 -3 3 263
 15 1 0 317
 15 -1 0 208
 15 -2 3 355
 15 0 2 357
 105 4 -1 321
 15 -4 1 54
 15 2 0 121
 15 -4 2 6
 15 3 3 192
 15 0 0 69
 15 -1 -3 145
 15 0 -3 189
 15 4 1 109
 15 0 1 255
 15 3 0 46
 15 -3 -2 44
 15 1 2 70
 15 3 -3 184
 55 0 -1 288
 5 -4 -1 159
 55 1 -2 343
 55 0 -2 83
 55 -2 2 156
 55 0 3 196
 55 -2 -1 98
 55 1 -3 53
 55 -3 -1 135
 55 -2 -2 191
 55 -1 -1 233
 55 2 -2 84
 55 1 3 176
 55 -2 1 307
 55 4 0 53
 55 -1 3 261
 55 0 4 355
 5 2 3 26
 55 -3 1 141
 55 2 -1 176
 55 -1 -2 309
 55 3 1 60
 5 -1 4 15
 55 -3 2 173
 55 -3 0 194
 55 2 2 149
 55 -2 0 257
 55 2 -3 266
 "contig-ratio-green-core" 0.9047619047619048
 "contig-ratio-red-core" 1.0588235294117647
