 "a-count" 7
 "b-count" 3
 "c-color-count" 25
 "c-express-count" 25
 "d-color-count" 22
 "d-express-count" 21
 "cell-count" 56
 15 -4 0 186
 15 3 -1 86
 105 3 -2 108
 15 0 4 187
 15 2 3 201
 105 2 -2 232
 105 -3 -2 143
 15 1 -2 32
 105 -1 4 129
 105 -3 -3 191
 15 -3 1 99
 15 4 1 157
 15 4 0 224
 15 0 -3 225
 15 0 -4 43
 15 -3 -1 292
 15 -3 3 165
 15 -2 3 297
 15 1 -1 65
 15 3 3 81
 15 1 3 23
 15 -2 -2 266
 15 3 2 7
 15 -1 -4 215
 15 3 0 353
 15 -4 1 134
 105 1 -4 319
 15 -1 -3 37
 55 3 1 203
 5 1 4 3
 55 0 3 22
 55 0 1 187
 55 1 1 45
 55 2 0 194
 55 -1 2 42
 5 -3 2 163
 55 -2 -1 80
 55 -1 1 89
 55 0 0 71
 55 -2 0 60
 5 1 -3 34
 55 -3 0 60
 55 0 2 85
 55 2 -1 197
 55 -1 0 89
 55 1 0 75
 55 2 1 140
 55 -1 -2 101
 55 1 2 208
 55 0 -1 165
 55 -1 3 51
 55 2 2 2
 55 -1 -1 198
 55 0 -2 177
 55 -2 2 211
 55 -2 1 30
 "contig-ratio-green-core" 1.0666666666666667
 "contig-ratio-red-core" 0.75
 "a-count" 7
 "b-count" 1
 "c-color-count" 27
 "c-express-count" 27
 "d-color-count" 22
 "d-express-count" 21
 "cell-count" 56
 15 -1 2 124
 15 3 -1 137
 15 -2 -1 259
 105 1 -4 286
 15 0 -3 299
 15 -1 -2 214
 15 -1 4 125
 15 4 0 5
 15 1 -3 276
 15 4 1 350
 105 0 -4 340
 15 2 -1 175
 15 -3 2 332
 105 2 -3 276
 105 -1 -4 112
 15 -4 0 341
 15 2 -2 191
 105 4 -1 359
 15 -3 -2 267
 15 -3 -1 125
 15 -2 2 0
 15 1 3 294
 15 -1 -1 141
 15 2 2 29
 15 -2 -3 228
 15 2 3 118
 15 3 3 338
 105 -2 -2 141
 55 -3 -3 15
 55 0 1 209
 55 -2 0 61
 5 1 4 197
 55 -3 0 149
 55 3 -2 132
 55 0 2 297
 55 -2 1 179
 55 1 1 128
 55 3 1 249
 55 -1 0 20
 55 0 -1 149
 55 -1 3 305
 55 1 2 21
 55 0 -2 357
 55 -3 1 1
 55 -4 2 15
 55 1 0 31
 55 2 0 128
 55 0 4 90
 55 0 0 230
 55 1 -2 200
 55 -1 1 181
 55 1 -1 286
 55 3 2 197
 55 2 1 297
 55 -4 1 167
 55 3 0 11
 "contig-ratio-green-core" 0.95
 "contig-ratio-red-core" 1.125
 "a-count" 8
 "b-count" 4
 "c-color-count" 24
 "c-express-count" 24
 "d-color-count" 21
 "d-express-count" 20
 "cell-count" 56
 105 -1 -4 103
 105 -4 -1 182
 105 -3 3 304
 15 4 0 34
 15 -1 3 234
 15 -3 -2 283
 15 -4 1 163
 15 1 -3 313
 15 1 2 7
 15 0 4 31
 15 1 3 197
 15 -3 -3 300
 105 2 -3 71
 15 -2 3 118
 15 -1 -2 241
 105 3 -2 97
 15 3 -1 185
 15 0 -3 343
 105 1 -4 85
 15 0 -2 7
 15 4 -1 196
 15 1 1 323
 15 2 -2 74
 15 -3 2 110
 15 -3 1 17
 15 -2 -3 139
 105 3 -3 27
 15 2 -1 346
 55 2 1 45
 5 3 3 2
 55 3 1 236
 55 3 0 159
 55 1 -1 146
 55 4 1 261
 55 0 1 57
 55 0 -1 214
 55 2 0 61
 55 -2 -2 98
 55 -1 0 120
 55 -3 0 13
 55 -4 0 5
 55 -1 2 159
 55 -3 -1 148
 55 -2 0 164
 55 -2 1 186
 55 1 -2 357
 55 -1 -1 67
 55 0 0 266
 55 0 2 30
 55 0 3 338
 55 -2 2 200
 5 2 3 312
 55 3 2 245
 5 1 4 39
 5 -1 -3 216
 55 -1 1 342
 "contig-ratio-green-core" 0.8947368421052632
 "contig-ratio-red-core" 0.9411764705882353
 "a-count" 12
 "b-count" 7
 "c-color-count" 23
 "c-express-count" 21
 "d-color-count" 18
 "d-express-count" 16
 "cell-count" 56
 105 -3 -2 285
 15 -2 1 117
 15 -3 0 23
 105 -4 1 297
 15 -2 -2 334
 105 1 -4 187
 105 3 3 240
 15 1 3 253
 15 4 1 118
 105 3 -3 215
 105 -2 2 68
 105 -3 -3 38
 15 -4 0 269
 105 -2 -3 60
 15 -1 3 269
 105 0 -3 312
 15 2 3 318
 105 -3 1 181
 15 -1 2 261
 15 2 1 81
 15 0 -2 291
 15 1 -2 13
 15 -3 2 24
 15 2 2 169
 15 0 3 68
 15 1 -1 152
 15 3 2 41
 15 -3 -1 289
 55 2 -2 14
 55 -3 3 346
 55 -1 -1 218
 5 3 -1 92
 55 2 -1 90
 55 1 -3 244
 55 1 0 142
 5 2 0 162
 55 0 4 79
 55 -2 -1 178
 5 -1 -3 294
 55 -1 -2 66
 55 0 -1 167
 55 0 1 4
 55 -1 0 345
 5 -4 -1 258
 55 2 -3 119
 55 0 0 135
 55 0 2 61
 55 -2 0 110
 55 -1 1 71
 55 1 2 277
 5 1 4 142
 55 -1 4 99
 55 3 -2 216
 55 3 1 10
 55 1 1 295
 55 -2 3 126
 "contig-ratio-green-core" 0.875
 "contig-ratio-red-core" 1.1428571428571428
