 "a-count" 3
 "b-count" 1
 "c-color-count" 27
 "c-express-count" 27
 "d-color-count" 25
 "d-express-count" 25
 "cell-count" 56
 15 2 2 300
 15 4 1 25
 15 1 4 224
 15 -3 -1 307
 15 -2 2 3
 15 -2 3 4
 15 3 2 250
 15 3 1 293
 15 3 3 355
 15 -3 1 257
 15 -1 -3 329
 105 -3 -2 69
 15 -4 0 318
 15 -3 2 159
 15 3 -1 185
 15 1 3 260
 15 2 -3 190
 105 -4 1 241
 15 3 -3 311
 15 -2 -3 158
 105 -4 -1 121
 15 4 -1 16
 15 0 -2 90
 15 -1 4 339
 15 -3 3 155
 15 2 -1 150
 15 -2 -2 60
 15 1 -4 268
 55 -1 1 133
 55 2 1 295
 55 -1 -2 348
 55 1 1 271
 55 0 -4 234
 55 -2 1 279
 55 0 -1 93
 55 -3 0 335
 55 3 0 87
 55 1 0 243
 55 -1 0 112
 55 0 1 289
 55 -1 -1 119
 55 1 -1 32
 55 0 -3 258
 55 -2 0 234
 55 -1 3 89
 55 0 2 82
 55 2 0 251
 55 0 3 156
 55 0 0 206
 55 0 4 34
 5 -3 -3 134
 55 4 0 316
 55 1 2 353
 55 -2 -1 124
 55 1 -3 11
 55 -1 2 340
 "contig-ratio-green-core" 1.0588235294117647
 "contig-ratio-red-core" 0.8
 "a-count" 12
 "b-count" 3
 "c-color-count" 26
 "c-express-count" 25
 "d-color-count" 16
 "d-express-count" 16
 "cell-count" 56
 105 0 -4 173
 15 -4 -1 234
 105 1 -4 300
 15 -2 3 291
 15 1 2 304
 15 0 -2 267
 105 0 -3 270
 15 -1 4 131
 105 1 -2 129
 105 -1 -4 42
 15 1 -1 89
 105 -4 0 278
 15 4 1 107
 15 3 1 352
 15 -1 3 143
 15 -3 -3 270
 15 -3 -2 31
 105 1 -3 232
 105 4 -1 50
 15 2 -1 184
 15 4 0 313
 15 -3 1 325
 15 -1 -3 126
 105 3 -1 99
 105 2 -2 191
 105 -4 1 68
 105 3 3 65
 15 -3 -1 328
 55 -2 1 204
 55 1 0 289
 55 -3 0 186
 55 -2 -1 329
 55 3 -2 297
 55 -2 2 337
 55 -2 -2 108
 55 -3 3 135
 55 2 1 236
 55 0 2 89
 55 -1 0 284
 55 1 1 297
 55 -1 2 245
 55 0 1 302
 55 -1 1 144
 55 2 0 289
 5 -3 2 335
 55 -1 -2 248
 55 2 2 38
 55 -2 0 219
 55 3 0 79
 55 1 4 260
 55 0 -1 50
 55 0 3 39
 55 0 4 117
 55 -2 -3 35
 5 1 3 3
 55 -1 -1 286
 "contig-ratio-green-core" 0.6363636363636364
 "contig-ratio-red-core" 1.1538461538461537
 "a-count" 7
 "b-count" 6
 "c-color-count" 23
 "c-express-count" 22
 "d-color-count" 24
 "d-express-count" 21
 "cell-count" 56
 15 -1 4 285
 15 2 2 87
 15 -4 -1 251
 15 1 2 74
 15 2 -1 148
 15 -3 1 347
 15 0 3 148
 15 0 -3 180
 105 -2 3 326
 15 -3 2 51
 15 -1 -3 72
 15 0 2 315
 105 3 2 153
 105 3 3 169
 105 3 -3 17
 15 -3 3 220
 15 3 -2 212
 15 4 1 51
 15 1 3 325
 15 -1 3 212
 15 -3 -2 49
 15 1 -2 348
 15 2 -2 32
 15 3 1 162
 15 3 -1 113
 15 0 4 228
 15 1 -3 206
 15 4 0 232
 5 0 -1 176
 55 1 -4 45
 5 -4 1 43
 5 -2 -3 113
 55 1 0 193
 55 -3 0 21
 55 -2 0 138
 55 1 4 163
 55 1 -1 43
 55 -1 -1 151
 55 0 -2 295
 5 -1 -4 138
 55 0 0 9
 55 1 1 31
 55 -2 -2 349
 55 -2 -1 90
 55 -4 0 132
 55 -2 1 200
 55 -1 -2 121
 55 -1 0 162
 55 -3 -1 214
 55 0 1 233
 55 -1 2 302
 5 -3 -3 266
 55 2 0 347
 55 -2 2 268
 55 2 1 94
 55 3 0 102
 "contig-ratio-green-core" 1
 "contig-ratio-red-core" 0.7222222222222222
 "a-count" 7
 "b-count" 5
 "c-color-count" 23
 "c-express-count" 23
 "d-color-count" 21
 "d-express-count" 21
 "cell-count" 56
 105 4 -1 103
 15 2 0 151
 15 1 2 275
 15 -3 -2 201
 15 1 3 234
 105 3 -3 244
 15 -1 2 204
 15 3 2 271
 15 -2 2 166
 15 0 2 94
 15 4 2 121
 105 2 2 245
 15 1 -2 88
 15 2 -1 175
 105 -1 4 313
 15 -2 -2 346
 15 0 4 260
 15 -4 -1 318
 105 -4 1 318
 15 -2 3 227
 15 -3 2 356
 15 3 -2 275
 15 1 -3 33
 105 3 3 51
 15 4 0 149
 15 -4 0 243
 15 -1 -4 28
 105 3 0 40
 55 1 -1 311
 55 1 4 296
 55 -3 0 236
 55 -1 0 272
 5 2 -2 154
 5 -2 -3 256
 55 3 1 151
 55 1 1 232
 55 -1 1 212
 55 -3 1 93
 55 -2 1 128
 55 2 -3 118
 55 0 1 341
 5 -2 0 155
 55 1 0 15
 55 0 -3 67
 55 -1 -2 315
 55 0 -2 302
 55 -2 -1 268
 55 4 1 12
 5 2 1 20
 55 -1 -1 358
 55 0 0 351
 55 0 -4 170
 5 -1 3 190
 55 -1 -3 19
 55 -3 -1 339
 55 0 -1 354
 "contig-ratio-green-core" 0.9411764705882353
 "contig-ratio-red-core" 0.8235294117647058
