 "a-count" 5
 "b-count" 8
 "c-color-count" 20
 "c-express-count" 20
 "d-color-count" 24
 "d-express-count" 23
 "cell-count" 56
 15 1 2 271
 15 0 -2 293
 15 -2 -2 347
 15 -4 0 28
 15 1 4 245
 15 -3 -2 340
 15 -1 -1 33
 15 2 -2 239
 15 3 0 281
 15 3 -3 250
 15 2 3 12
 15 -4 1 93
 15 -1 1 318
 105 3 -2 79
 15 4 1 298
 15 0 -1 127
 105 -1 -2 336
 15 -2 3 329
 105 -1 -4 59
 15 -1 4 158
 15 3 3 148
 15 -1 -3 159
 105 1 3 166
 15 1 -3 22
 15 3 -1 273
 15 0 3 107
 15 -3 2 156
 15 -2 -3 71
 55 -1 0 123
 55 -3 1 336
 55 -3 0 167
 5 -4 -1 335
 55 -3 -1 167
 5 1 -4 197
 5 -3 -3 112
 55 1 -2 9
 5 -1 3 313
 55 0 1 237
 55 0 4 97
 55 -2 0 284
 5 2 -3 145
 55 2 2 327
 5 4 0 355
 55 2 -1 23
 55 -2 2 185
 55 3 1 61
 55 2 0 234
 55 1 0 238
 55 -2 -1 234
 55 1 -1 204
 5 0 -4 290
 55 1 1 99
 55 3 2 275
 55 0 -3 337
 5 -1 2 83
 55 0 0 4
 "contig-ratio-green-core" 1.1176470588235294
 "contig-ratio-red-core" 1
 "a-count" 8
 "b-count" 5
 "c-color-count" 24
 "c-express-count" 23
 "d-color-count" 22
 "d-express-count" 20
 "cell-count" 56
 15 -2 1 206
 15 -2 3 180
 15 4 -1 211
 15 -1 3 134
 15 2 -2 3
 15 3 0 150
 15 3 -1 235
 15 0 -4 24
 15 3 -2 123
 15 -2 -2 330
 15 -2 0 67
 15 1 -3 115
 15 -2 2 129
 105 -3 1 111
 105 -3 -3 54
 15 -1 -2 169
 15 0 4 280
 15 2 3 35
 105 -3 0 52
 15 3 3 91
 105 -4 1 16
 105 1 3 64
 105 4 0 323
 15 -3 3 289
 15 1 -2 278
 15 -3 -2 126
 15 -1 -3 130
 15 -3 -1 112
 55 0 0 337
 55 2 2 40
 55 2 0 40
 55 1 -1 254
 5 -3 2 234
 55 -1 0 297
 55 1 4 161
 55 0 3 309
 55 0 1 337
 55 -4 0 180
 5 2 -3 53
 55 1 0 278
 55 2 -1 349
 55 1 1 122
 5 -4 -1 279
 55 0 2 153
 55 -1 -1 201
 55 -2 -1 349
 55 1 2 298
 55 -1 1 297
 55 4 1 289
 55 0 -1 135
 55 0 -2 116
 55 2 1 45
 55 -1 2 230
 55 3 1 334
 5 1 -4 57
 55 0 -3 158
 "contig-ratio-green-core" 1.1428571428571428
 "contig-ratio-red-core" 0.8
 "a-count" 8
 "b-count" 3
 "c-color-count" 25
 "c-express-count" 25
 "d-color-count" 20
 "d-express-count" 20
 "cell-count" 56
 15 -1 4 314
 105 3 3 235
 15 2 1 47
 105 1 -4 18
 15 2 0 109
 15 -3 -1 0
 15 -1 -3 137
 105 1 4 248
 15 5 1 161
 15 1 -3 10
 15 -4 0 326
 15 -3 2 202
 15 -3 1 144
 15 1 -1 292
 15 -2 3 126
 105 2 -1 193
 15 0 -4 62
 105 3 1 229
 105 -4 1 112
 15 4 1 201
 15 -2 -1 247
 15 -1 -4 185
 15 2 3 47
 15 0 4 39
 15 2 2 242
 15 -1 -2 190
 105 -2 -2 250
 105 -2 -3 250
 55 1 3 341
 55 1 2 166
 55 -3 -2 183
 5 -1 1 293
 5 3 -1 312
 55 0 1 169
 55 -4 -1 16
 55 0 0 249
 55 1 0 85
 55 0 -2 134
 55 -1 2 70
 55 -3 0 218
 5 2 -3 206
 55 3 -3 79
 55 1 1 19
 55 -2 2 172
 55 -2 0 117
 55 -1 -1 132
 55 -3 3 180
 55 -2 1 166
 55 0 -1 120
 55 -1 3 286
 55 0 2 134
 55 3 0 191
 55 4 0 24
 55 1 -2 188
 55 0 -3 296
 55 0 3 85
 "contig-ratio-green-core" 0.9473684210526315
 "contig-ratio-red-core" 1.1428571428571428
 "a-count" 10
 "b-count" 5
 "c-color-count" 24
 "c-express-count" 23
 "d-color-count" 18
 "d-express-count" 18
 "cell-count" 56
 15 -2 -2 280
 15 1 2 214
 15 -3 -2 165
 105 -2 -3 139
 105 0 -4 318
 15 1 -4 239
 105 -1 -3 255
 15 0 -3 188
 15 3 -1 84
 15 -2 0 172
 105 0 4 205
 15 -1 2 181
 15 -4 1 312
 15 0 3 316
 105 1 4 317
 15 -3 -3 266
 15 -2 3 332
 105 3 -3 161
 15 2 -1 229
 105 -1 -4 88
 105 -3 3 99
 15 2 -3 287
 15 -4 -1 23
 105 4 1 223
 15 -1 1 313
 15 2 -2 341
 15 3 0 139
 105 3 2 196
 5 -2 2 274
 55 -3 0 158
 5 1 3 117
 55 -1 -2 137
 55 -4 0 218
 55 3 3 349
 55 -1 -1 247
 55 2 1 66
 5 2 2 231
 55 -1 3 96
 55 2 0 202
 55 -3 1 12
 55 0 1 91
 55 -3 -1 347
 55 1 -1 255
 55 1 0 287
 55 0 2 6
 55 -2 -1 315
 55 3 1 201
 55 0 -1 183
 55 0 0 25
 55 -1 0 267
 55 1 1 119
 55 1 -3 331
 55 -3 2 246
 55 0 -2 171
 5 2 3 152
 55 1 -2 163
 "contig-ratio-green-core" 0.9375
 "contig-ratio-red-core" 0.9230769230769231
