 "a-count" 10
 "b-count" 6
 "c-color-count" 23
 "c-express-count" 22
 "d-color-count" 19
 "d-express-count" 18
 "cell-count" 56
 105 -4 1 329
 15 2 -2 17
 105 -2 -3 287
 15 2 -1 165
 105 4 -1 15
 15 -4 -1 155
 15 4 0 265
 105 -2 2 46
 105 1 -4 129
 105 -1 -4 188
 15 -1 2 220
 15 -2 1 37
 15 3 -3 182
 15 1 -3 293
 15 -1 3 201
 105 -3 2 290
 15 -3 -1 63
 15 0 4 332
 15 2 2 257
 15 -2 -2 145
 15 1 3 161
 105 -3 -3 246
 15 4 1 228
 15 -1 -3 50
 15 -3 1 162
 105 -1 4 265
 15 -4 0 302
 15 3 -1 58
 55 0 0 146
 55 2 3 48
 55 -1 0 172
 55 2 1 106
 55 -2 0 196
 55 2 0 150
 55 -3 0 27
 55 0 2 57
 55 3 -2 265
 55 0 -3 33
 55 1 -1 96
 55 0 1 270
 55 1 -2 177
 55 -1 -2 270
 5 -2 3 133
 55 -1 1 243
 55 0 -2 94
 5 2 -3 106
 5 3 3 323
 55 0 3 2
 55 -1 -1 3
 55 3 0 146
 55 3 1 40
 5 1 0 56
 55 -2 -1 294
 5 0 -4 10
 55 1 2 287
 55 0 -1 258
 "contig-ratio-green-core" 1.0625
 "contig-ratio-red-core" 1.0833333333333333
 "a-count" 9
 "b-count" 5
 "c-color-count" 27
 "c-express-count" 23
 "d-color-count" 21
 "d-express-count" 19
 "cell-count" 56
 15 3 -1 321
 105 3 -3 249
 15 -2 1 200
 105 -2 3 93
 15 -2 2 326
 15 -1 1 59
 15 1 4 94
 105 -3 -2 326
 105 2 -2 202
 15 1 0 166
 105 -3 1 94
 15 -2 -2 160
 15 -2 -1 338
 15 -1 -3 105
 15 -3 0 3
 15 1 -2 52
 15 -2 -3 226
 15 0 -4 313
 15 -1 2 103
 105 -3 2 114
 15 1 -4 339
 15 1 -1 187
 15 -1 4 159
 105 4 -1 258
 15 2 0 246
 15 3 1 143
 15 3 2 263
 15 4 1 303
 55 -4 1 278
 55 -1 0 323
 55 2 -1 252
 55 0 3 260
 55 3 -2 349
 55 1 -3 300
 55 1 1 73
 55 4 0 129
 55 0 -3 280
 55 1 2 93
 55 2 2 36
 55 3 0 1
 55 -1 -1 73
 55 -1 -2 100
 55 -3 -3 67
 55 3 3 142
 55 0 1 299
 55 -1 3 139
 55 -3 -1 207
 55 0 -1 51
 55 2 1 8
 55 0 -2 107
 5 0 4 52
 55 -3 3 195
 55 -2 0 68
 55 0 2 91
 55 0 0 229
 55 1 3 11
 "contig-ratio-green-core" 1.0555555555555556
 "contig-ratio-red-core" 1.2352941176470589
 "a-count" 9
 "b-count" 8
 "c-color-count" 21
 "c-express-count" 20
 "d-color-count" 22
 "d-express-count" 19
 "cell-count" 56
 15 0 -4 340
 105 2 -3 269
 15 -1 3 35
 105 -3 -1 276
 15 2 1 224
 15 -1 -4 342
 15 4 -1 294
 15 2 -1 159
 105 3 3 4
 15 3 1 304
 15 3 -3 40
 105 1 -4 219
 15 0 3 135
 15 3 2 28
 15 -3 1 172
 15 -3 3 90
 15 1 -3 261
 15 -2 2 214
 15 1 3 159
 15 -2 -3 42
 15 -1 -2 238
 15 -4 -1 199
 105 -1 -3 304
 15 3 0 168
 15 1 -2 334
 15 -1 2 231
 105 -4 1 263
 15 -2 -1 241
 5 -3 -2 92
 55 1 0 18
 55 2 2 304
 55 -2 0 307
 55 2 -2 337
 5 -3 0 154
 55 2 0 327
 55 1 1 109
 55 0 1 182
 55 0 -2 299
 55 1 -1 326
 55 1 2 283
 55 0 0 99
 55 -1 -1 87
 5 4 1 359
 5 3 -1 104
 5 3 -2 348
 5 -2 3 119
 55 -1 1 79
 55 2 3 255
 55 -1 4 226
 55 0 -1 301
 55 -1 0 87
 55 0 2 103
 55 0 -3 133
 55 -4 0 116
 55 -2 1 331
 5 -2 -2 51
 "contig-ratio-green-core" 1.0714285714285714
 "contig-ratio-red-core" 1
