 "a-count" 8
 "b-count" 4
 "c-color-count" 25
 "c-express-count" 24
 "d-color-count" 21
 "d-express-count" 20
 "cell-count" 56
 15 -2 2 119
 105 -2 3 207
 105 3 -3 271
 15 3 1 355
 15 2 2 147
 15 4 -1 347
 15 -3 -1 33
 15 -2 -1 80
 15 1 2 12
 15 2 -3 9
 105 -4 0 154
 15 0 2 135
 105 1 -4 50
 15 3 -1 107
 15 -2 -2 337
 15 1 5 243
 105 1 3 260
 15 4 0 135
 105 -4 -1 59
 15 1 4 298
 105 4 1 125
 15 -4 1 341
 15 1 -3 76
 15 3 -2 152
 15 -1 -4 327
 15 0 -4 293
 15 0 3 198
 15 -1 4 193
 55 1 0 318
 55 2 -2 55
 55 -1 2 276
 55 0 -2 291
 55 -1 -1 271
 55 0 4 276
 55 -1 1 344
 55 2 0 50
 55 -2 -3 257
 55 3 0 196
 5 -3 -3 179
 5 -2 0 294
 55 -3 1 173
 55 -1 -2 59
 55 1 1 97
 55 -3 0 119
 55 2 1 174
 55 -1 -3 226
 55 2 -1 258
 55 0 1 337
 5 0 0 114
 55 0 -1 121
 55 1 -1 261
 55 -3 2 313
 55 0 -3 9
 55 1 -2 166
 55 -1 3 261
 55 -1 0 314
 "contig-ratio-green-core" 1.1333333333333333
 "contig-ratio-red-core" 1.1428571428571428
 "a-count" 10
 "b-count" 4
 "c-color-count" 26
 "c-express-count" 24
 "d-color-count" 20
 "d-express-count" 18
 "cell-count" 56
 15 -4 0 130
 15 0 4 353
 15 0 3 228
 15 3 3 153
 105 -3 1 99
 105 1 4 198
 105 3 -3 110
 15 1 2 55
 105 4 1 81
 15 1 3 285
 15 -4 -1 149
 15 -3 -2 305
 15 3 2 353
 105 -1 4 76
 15 4 -1 114
 105 -3 -3 286
 15 -2 1 332
 15 -1 2 248
 15 3 -2 217
 15 1 -2 4
 105 -2 2 329
 15 0 -4 329
 15 2 -2 147
 15 4 0 255
 15 3 1 271
 15 2 2 114
 15 1 -3 350
 105 -2 3 354
 55 1 0 197
 55 -2 0 277
 55 2 -3 178
 55 -2 -1 324
 55 1 -1 337
 55 -1 -2 359
 55 0 -3 112
 55 1 1 352
 55 0 2 70
 55 -2 -2 202
 5 -1 -4 27
 55 -1 -1 138
 55 2 0 82
 55 2 -1 300
 55 -1 0 270
 55 0 -1 218
 55 -3 2 334
 55 -1 1 69
 55 0 -2 220
 55 -3 -1 355
 55 0 0 322
 55 3 -1 282
 55 -1 -3 132
 55 0 1 187
 55 3 0 162
 55 -3 3 3
 5 -4 1 217
 55 2 1 109
 "contig-ratio-green-core" 0.9375
 "contig-ratio-red-core" 0.8125
 "a-count" 7
 "b-count" 6
 "c-color-count" 22
 "c-express-count" 22
 "d-color-count" 22
 "d-express-count" 21
 "cell-count" 56
 105 2 -3 203
 15 -3 2 52
 15 1 2 332
 15 3 1 146
 105 1 4 217
 15 0 4 285
 15 0 2 183
 15 3 0 148
 15 -3 -1 144
 15 -1 -3 199
 15 -3 3 131
 15 -4 1 61
 15 1 -3 294
 15 2 3 15
 15 -2 -2 239
 105 3 -2 7
 15 2 2 302
 15 1 -4 27
 15 -2 3 2
 15 2 -1 19
 15 1 -2 248
 105 0 3 199
 15 -4 -1 172
 15 3 -1 96
 105 -1 -4 148
 105 4 0 92
 15 2 -2 242
 15 3 3 323
 55 -2 -1 130
 5 -2 -3 250
 55 -1 -1 275
 55 -1 4 65
 55 0 1 277
 55 -2 2 42
 55 1 1 315
 55 -1 2 56
 55 0 0 120
 55 3 2 162
 55 2 1 94
 5 -2 1 228
 55 1 -1 190
 55 0 -2 314
 55 -4 0 249
 55 -1 1 160
 55 0 -1 290
 5 -3 -2 78
 55 2 0 43
 55 0 -3 236
 5 -2 0 62
 55 -3 0 194
 55 1 0 312
 5 -3 -3 231
 55 -1 0 178
 5 4 1 350
 55 -1 -2 42
 55 -3 1 239
 "contig-ratio-green-core" 1.0714285714285714
 "contig-ratio-red-core" 0.8333333333333334
 "a-count" 7
 "b-count" 8
 "c-color-count" 20
 "c-express-count" 20
 "d-color-count" 22
 "d-express-count" 21
 "cell-count" 56
 15 -1 -1 268
 15 -2 -1 25
 105 -4 -1 263
 15 -3 1 189
 15 -1 -2 29
 15 -1 0 228
 15 -1 -4 86
 15 -2 3 197
 15 -1 2 44
 105 2 -3 223
 15 -1 -3 348
 15 0 -3 252
 105 -2 -2 346
 15 -1 1 334
 15 3 3 240
 15 -4 2 3
 15 -3 -3 259
 15 2 -1 314
 15 4 0 21
 105 1 -4 214
 105 3 -1 212
 15 1 -2 16
 105 3 -2 351
 15 3 2 290
 15 2 -2 37
 15 2 3 189
 15 3 1 119
 15 -3 0 272
 55 2 1 350
 55 4 -1 200
 55 0 3 340
 5 -2 0 328
 5 4 1 214
 55 -2 -3 271
 55 1 2 325
 55 -3 -2 94
 55 2 2 222
 5 1 4 231
 55 2 0 258
 5 3 -3 49
 55 -2 2 293
 5 -4 0 128
 55 -1 3 102
 55 0 -2 138
 5 -3 3 306
 55 -3 -1 277
 55 -3 2 14
 55 0 1 68
 55 1 -1 6
 55 1 1 289
 5 0 4 45
 55 0 -1 312
 55 1 0 265
 55 1 3 128
 5 -2 1 189
 55 0 0 302
 "contig-ratio-green-core" 1.0625
 "contig-ratio-red-core" 0.8571428571428571
