 "a-count" 5
 "b-count" 6
 "c-color-count" 23
 "c-express-count" 22
 "d-color-count" 23
 "d-express-count" 23
 "cell-count" 56
 15 -3 1 46
 15 -1 3 94
 15 3 -2 339
 15 1 2 322
 105 -2 -3 45
 15 3 2 148
 15 -1 -2 134
 15 -2 3 312
 15 3 -1 309
 15 -1 2 44
 15 2 2 239
 15 2 -2 138
 105 2 3 17
 105 1 -3 5
 15 0 -2 162
 15 -2 2 112
 15 0 -3 73
 15 4 1 18
 15 -4 -1 242
 15 1 -2 178
 15 1 3 246
 15 -3 0 55
 105 2 -3 235
 105 3 3 248
 15 -2 -1 300
 15 4 0 214
 15 4 -1 264
 15 -3 2 115
 55 1 -1 84
 55 2 1 202
 55 -1 1 284
 55 0 -1 217
 55 0 -4 74
 55 0 1 215
 5 -3 -2 268
 55 1 1 195
 55 -1 -1 31
 55 0 2 17
 55 3 -3 131
 55 -2 1 196
 55 -1 0 151
 5 -1 -3 298
 55 2 -1 340
 55 1 -4 298
 55 2 0 348
 55 -2 0 21
 55 1 4 289
 55 0 1 240
 5 -3 -1 49
 5 0 4 305
 55 0 3 143
 5 -1 4 255
 55 0 0 233
 55 3 0 274
 55 1 0 117
 55 3 1 43
 "contig-ratio-green-core" 1.2142857142857142
 "contig-ratio-red-core" 0.8421052631578947
 "a-count" 5
 "b-count" 4
 "c-color-count" 25
 "c-express-count" 24
 "d-color-count" 23
 "d-express-count" 23
 "cell-count" 56
 105 2 3 77
 15 2 -3 95
 15 1 -4 295
 15 4 0 296
 15 -2 -2 11
 15 0 -4 42
 15 2 -4 293
 15 -2 1 162
 15 -2 -3 216
 15 -3 0 273
 15 3 0 111
 15 1 3 292
 15 3 -1 25
 15 -5 0 115
 105 -3 -3 351
 15 3 2 225
 105 -3 2 144
 15 2 -2 245
 15 0 4 272
 15 1 -3 86
 15 1 2 206
 15 -1 -4 73
 15 3 -2 306
 15 -2 -1 186
 105 4 -1 142
 15 -1 2 8
 15 2 2 29
 105 1 4 113
 55 -1 0 92
 55 0 2 333
 55 3 1 173
 5 3 -3 123
 55 2 0 12
 55 -1 3 357
 55 2 -1 165
 55 1 1 116
 55 -1 -1 55
 5 -2 2 9
 55 -4 -1 93
 55 0 3 255
 55 -2 0 311
 55 0 -2 50
 55 0 -3 304
 55 1 -2 240
 55 -1 -3 179
 55 -1 -2 60
 55 1 0 283
 5 -4 0 233
 55 1 -1 214
 55 0 0 40
 55 -3 1 4
 55 -5 -1 86
 55 0 -1 105
 55 4 1 27
 55 -4 1 163
 55 2 1 103
 "contig-ratio-green-core" 0.9
 "contig-ratio-red-core" 0.7647058823529411
 "a-count" 7
 "b-count" 3
 "c-color-count" 27
 "c-express-count" 25
 "d-color-count" 24
 "d-express-count" 21
 "cell-count" 56
 15 2 2 77
 15 2 -3 159
 15 -2 1 164
 105 -2 -2 98
 15 4 0 134
 15 4 -1 122
 15 2 -2 130
 15 0 -4 260
 105 3 3 338
 15 0 -2 66
 15 3 2 317
 15 -2 -1 258
 15 2 3 247
 105 1 4 297
 15 -2 3 27
 15 3 -2 178
 15 -4 -1 334
 15 -1 4 309
 15 -3 -1 236
 15 -3 -3 224
 15 -4 0 32
 15 3 -1 292
 15 -3 3 314
 105 1 -4 144
 15 -2 -3 177
 15 -3 2 97
 15 -1 3 55
 15 -1 -2 153
 55 1 -1 204
 55 0 3 58
 55 4 2 330
 55 0 4 255
 55 4 1 100
 55 -1 -1 44
 55 3 0 72
 55 -1 1 122
 55 -3 -2 109
 55 -1 -3 255
 55 0 0 165
 55 1 -3 225
 55 0 1 284
 5 -2 2 246
 55 -1 2 28
 55 0 2 16
 55 0 -1 192
 55 -3 1 175
 55 -1 0 149
 55 1 -2 55
 55 -2 0 128
 55 0 -3 137
 55 1 1 200
 55 -3 0 178
 55 2 -1 175
 55 1 2 264
 55 2 1 148
 55 1 3 20
 "contig-ratio-green-core" 0.8947368421052632
 "contig-ratio-red-core" 1
 "a-count" 8
 "b-count" 3
 "c-color-count" 25
 "c-express-count" 25
 "d-color-count" 21
 "d-express-count" 20
 "cell-count" 56
 15 4 -1 72
 15 -2 -3 19
 105 -3 1 220
 105 1 -4 218
 15 -2 2 200
 15 -1 3 90
 15 -4 -1 314
 15 -5 0 42
 105 -2 -2 106
 15 1 3 137
 15 3 1 57
 105 -3 -1 242
 15 -1 -4 19
 15 0 -3 69
 105 -1 -3 326
 15 -2 1 164
 105 -2 3 353
 15 -3 0 77
 15 1 -3 39
 15 1 4 6
 15 3 2 140
 15 -2 0 342
 15 -1 -2 89
 105 -3 -3 7
 15 3 -3 157
 15 0 -4 33
 15 -2 -1 53
 15 -1 4 41
 55 2 -2 359
 55 -1 2 5
 55 -1 1 284
 5 2 -1 295
 55 3 0 179
 55 2 -3 151
 5 -3 3 109
 55 1 1 187
 55 0 -2 330
 55 1 -2 26
 55 1 -1 95
 55 2 0 66
 55 4 0 65
 55 0 -1 321
 55 0 4 314
 55 1 0 154
 55 2 1 254
 55 3 -2 74
 55 -1 0 159
 55 -1 -1 350
 55 2 2 214
 5 3 3 164
 55 0 3 35
 55 -4 0 301
 55 3 -1 221
 55 0 0 270
 55 0 1 228
 55 -4 1 21
 "contig-ratio-green-core" 0.9473684210526315
 "contig-ratio-red-core" 0.7647058823529411
