 "a-count" 7
 "b-count" 3
 "c-color-count" 25
 "c-express-count" 25
 "d-color-count" 21
 "d-express-count" 21
 "cell-count" 56
 15 -4 -1 57
 105 4 1 348
 15 2 -1 77
 15 -2 3 93
 15 -3 1 308
 15 -1 4 23
 105 -2 -2 134
 15 -2 -1 89
 105 3 -1 268
 15 1 3 298
 15 2 -2 323
 15 2 3 336
 15 2 0 325
 15 -3 3 26
 15 -1 -1 309
 15 1 -3 316
 15 3 0 59
 15 -3 -1 306
 15 -1 -3 170
 15 0 -4 316
 15 3 3 120
 105 3 -2 341
 105 -3 -3 326
 105 4 0 308
 15 -3 2 53
 15 -4 1 176
 105 -1 -2 321
 15 -3 0 262
 5 -4 0 71
 55 0 2 222
 55 -2 2 29
 55 0 -3 358
 55 -2 0 358
 55 0 3 23
 55 3 2 329
 55 0 1 173
 55 3 1 125
 55 -1 0 246
 5 1 4 53
 55 1 -2 15
 55 -1 2 74
 55 2 1 148
 55 -1 1 221
 55 -1 3 234
 55 1 1 320
 55 2 2 224
 55 0 -1 212
 55 0 0 185
 55 1 2 131
 55 1 0 21
 55 1 -1 62
 55 -3 -2 294
 55 0 4 240
 55 -2 1 332
 5 2 -3 322
 55 0 -2 132
 "contig-ratio-green-core" 0.9444444444444444
 "contig-ratio-red-core" 1.0666666666666667
 "a-count" 8
 "b-count" 4
 "c-color-count" 25
 "c-express-count" 24
 "d-color-count" 20
 "d-express-count" 20
 "cell-count" 56
 15 -4 1 14
 105 -2 1 236
 15 3 -1 164
 15 -1 2 51
 15 -2 0 184
 15 -1 -4 66
 15 -1 3 347
 15 1 -3 284
 15 -2 -1 348
 15 2 -3 157
 105 -3 -3 87
 105 -4 -1 158
 105 -3 3 88
 15 0 4 205
 15 3 -2 3
 15 4 0 168
 105 -2 -3 229
 15 2 3 232
 15 0 -3 57
 105 -3 0 231
 15 -1 1 22
 15 4 -1 238
 105 -2 2 165
 15 3 -3 178
 105 -3 -2 209
 15 3 2 301
 15 -2 -2 333
 15 1 -4 350
 55 1 0 123
 55 -2 3 56
 55 2 2 87
 55 2 -2 198
 55 2 -1 178
 5 3 3 243
 55 0 0 211
 55 -4 2 30
 55 -1 0 227
 5 -1 4 124
 55 0 1 196
 55 1 1 261
 55 -3 2 156
 55 0 -1 41
 55 0 2 25
 55 2 0 327
 55 -1 -3 25
 55 0 -2 330
 55 -1 -2 81
 55 3 0 18
 5 0 -4 173
 55 0 3 315
 55 -1 -1 210
 55 1 2 96
 55 2 1 206
 55 1 3 341
 55 1 -2 118
 55 1 -1 187
 "contig-ratio-green-core" 1
 "contig-ratio-red-core" 0.9166666666666666
 "a-count" 5
 "b-count" 8
 "c-color-count" 20
 "c-express-count" 20
 "d-color-count" 24
 "d-express-count" 23
 "cell-count" 56
 15 -3 3 129
 15 0 -4 236
 15 4 0 35
 15 1 1 331
 105 1 3 168
 15 -3 1 86
 15 -1 -2 354
 15 3 -3 218
 15 -1 3 157
 15 -4 0 89
 105 1 4 184
 15 4 -1 292
 105 3 -1 271
 15 1 2 213
 15 1 -4 36
 15 -3 2 344
 15 2 0 69
 15 -3 -1 329
 15 0 3 258
 15 2 -3 22
 15 -2 1 341
 15 3 0 154
 15 -2 -1 255
 15 3 2 2
 105 -4 2 239
 15 3 -2 224
 15 -1 2 105
 15 1 -3 345
 55 1 -1 78
 55 1 -2 43
 55 -1 -1 160
 5 -2 -2 155
 55 -1 1 241
 55 0 -2 359
 55 -2 2 153
 5 -2 -3 129
 55 0 0 0
 55 0 -3 164
 5 -3 -3 166
 55 -2 0 281
 5 -4 1 80
 55 -1 0 192
 5 -1 -3 242
 55 1 0 265
 55 0 1 307
 5 -3 -2 3
 55 2 1 61
 55 0 -1 231
 55 4 1 298
 55 -2 3 185
 55 2 -1 54
 55 0 2 60
 55 3 3 106
 5 0 4 114
 55 -3 0 62
 5 -1 -4 25
 "contig-ratio-green-core" 1.3333333333333333
 "contig-ratio-red-core" 0.8235294117647058
 "a-count" 6
 "b-count" 4
 "c-color-count" 24
 "c-express-count" 24
 "d-color-count" 24
 "d-express-count" 22
 "cell-count" 56
 15 4 -1 297
 105 4 1 285
 15 -4 1 243
 15 -1 3 62
 15 1 4 40
 15 2 3 325
 15 -3 3 295
 15 -1 -4 259
 15 -1 2 32
 15 2 -1 258
 15 -2 1 66
 15 0 -3 20
 15 -3 -1 333
 105 0 4 55
 15 -2 3 342
 15 3 2 208
 105 1 -3 207
 15 -3 1 321
 15 -1 -2 5
 15 -4 0 19
 15 2 3 237
 105 3 -2 246
 15 4 1 150
 15 1 -2 149
 15 3 -1 154
 15 -3 2 42
 15 3 2 252
 15 3 3 277
 55 0 3 218
 55 3 1 162
 55 0 0 264
 55 0 -1 188
 55 -1 0 103
 5 -2 -3 33
 5 0 -4 134
 55 0 2 255
 55 2 1 136
 55 1 2 244
 55 1 1 72
 55 -3 0 130
 55 -1 1 299
 55 2 2 125
 55 1 3 338
 55 4 0 135
 55 2 0 59
 55 1 -1 301
 55 2 0 146
 55 -1 -3 210
 5 -3 -2 299
 55 -2 -1 179
 55 1 0 101
 55 -2 -2 34
 55 3 0 133
 5 -1 4 44
 55 0 1 253
 55 -2 0 69
 "contig-ratio-green-core" 1.1176470588235294
 "contig-ratio-red-core" 0.7777777777777778
