 "a-count" 5
 "b-count" 6
 "c-color-count" 22
 "c-express-count" 22
 "d-color-count" 23
 "d-express-count" 23
 "cell-count" 56
 15 -4 0 339
 15 3 2 68
 15 -2 -3 215
 15 -2 -2 275
 15 0 -4 103
 15 2 0 261
 105 -4 1 243
 15 2 3 2
 15 0 2 289
 105 -3 -2 352
 15 2 -3 337
 15 2 2 283
 105 1 3 87
 15 -1 4 103
 15 4 0 318
 15 2 -1 286
 15 -1 -4 345
 15 -1 -3 244
 15 1 -3 198
 15 3 1 171
 105 -2 0 265
 105 1 -4 337
 15 0 3 315
 15 3 0 353
 15 3 -1 160
 15 1 2 60
 15 -4 -1 170
 15 2 -2 184
 55 1 0 216
 5 -3 -3 174
 5 -2 2 273
 55 1 -2 170
 55 -1 0 207
 5 3 -3 291
 55 0 0 297
 55 -1 -2 17
 55 -3 0 346
 55 -2 3 175
 55 -1 3 111
 55 -1 -1 270
 55 1 -1 38
 55 0 -3 53
 55 -3 -1 352
 55 4 -1 209
 55 0 -2 335
 55 1 1 173
 55 -2 -1 69
 55 0 -1 53
 55 0 1 16
 5 -3 2 91
 55 -1 2 99
 55 -2 -4 343
 5 -2 1 36
 55 3 3 199
 55 2 1 111
 5 3 -2 85
 "contig-ratio-green-core" 1.0714285714285714
 "contig-ratio-red-core" 0.8823529411764706
 "a-count" 6
 "b-count" 2
 "c-color-count" 26
 "c-express-count" 26
 "d-color-count" 23
 "d-express-count" 22
 "cell-count" 56
 15 -1 -4 102
 15 -1 -2 285
 15 -1 4 321
 15 -4 1 236
 105 -3 2 9
 15 1 -2 319
 15 2 -1 191
 15 -1 1 309
 15 -1 2 132
 15 -1 0 51
 15 4 1 18
 15 2 3 96
 15 -2 3 271
 15 2 -3 209
 105 -3 1 50
 15 -2 -2 102
 15 1 -4 255
 15 2 -2 271
 15 -3 -2 226
 15 1 4 194
 15 0 -2 329
 105 -2 2 351
 15 2 2 125
 15 -4 -1 173
 15 3 2 32
 15 -2 1 25
 105 -2 -3 39
 105 3 3 36
 55 3 0 161
 55 -2 -1 6
 55 3 -2 132
 55 -5 0 88
 55 1 1 49
 5 0 -3 136
 55 -1 -1 311
 55 0 3 75
 55 1 3 55
 55 -2 0 11
 55 -1 3 7
 55 1 0 358
 55 0 1 282
 55 2 1 201
 55 0 0 320
 5 1 -3 144
 55 0 4 226
 55 -3 -3 92
 55 0 2 264
 55 2 0 92
 55 1 2 198
 55 0 -4 209
 55 0 -1 321
 55 4 0 163
 55 3 -1 309
 55 -4 0 243
 55 3 1 277
 55 1 -1 310
 "contig-ratio-green-core" 1.0526315789473684
 "contig-ratio-red-core" 1.2142857142857142
 "a-count" 9
 "b-count" 6
 "c-color-count" 22
 "c-express-count" 22
 "d-color-count" 21
 "d-express-count" 19
 "cell-count" 56
 15 -1 -2 94
 105 0 4 15
 15 2 -1 42
 15 3 3 66
 105 3 -3 322
 105 2 -2 10
 15 1 -2 182
 15 -3 2 266
 15 0 -4 165
 15 -4 0 43
 105 -3 0 140
 15 1 4 356
 105 -1 4 103
 15 1 -3 147
 15 -2 -1 9
 15 -4 1 93
 15 -2 0 107
 15 -3 -1 171
 15 3 2 289
 15 1 3 322
 15 4 0 202
 15 3 -1 299
 15 0 3 355
 15 2 3 173
 105 4 -1 242
 15 -2 3 57
 15 1 2 293
 105 3 -2 55
 55 -4 -2 352
 55 2 1 223
 55 1 1 10
 55 0 0 242
 55 -1 -1 182
 55 0 -3 20
 55 -2 2 305
 55 0 -1 299
 55 -4 -1 115
 55 -1 -3 271
 55 -3 -3 257
 55 -2 1 59
 55 2 0 292
 5 -2 -2 266
 55 3 0 139
 55 0 -2 64
 55 0 2 210
 55 -1 1 270
 55 1 -1 136
 5 -1 3 327
 5 2 -3 90
 5 -1 -4 75
 55 3 1 180
 5 0 1 324
 5 -3 -2 67
 55 1 0 61
 55 -3 3 355
 55 -1 0 87
 "contig-ratio-green-core" 0.9411764705882353
 "contig-ratio-red-core" 0.8
 "a-count" 5
 "b-count" 3
 "c-color-count" 25
 "c-express-count" 25
 "d-color-count" 24
 "d-express-count" 23
 "cell-count" 56
 15 0 -3 26
 15 3 2 205
 15 2 -1 212
 105 -1 4 126
 15 -2 -3 181
 15 1 3 181
 15 1 2 285
 15 -4 -1 2
 15 3 -1 159
 15 -1 3 101
 15 -4 3 89
 15 4 -1 6
 15 1 -4 239
 15 3 0 177
 15 -1 -3 338
 15 0 3 112
 15 1 -3 178
 15 3 1 87
 15 2 -2 341
 105 3 -3 175
 15 -3 1 78
 15 4 1 112
 105 3 3 341
 15 -3 2 175
 105 2 2 71
 15 -3 -1 345
 15 0 -4 23
 15 -3 -2 275
 55 -2 -2 17
 55 1 -1 222
 55 -1 -1 255
 55 -3 0 93
 55 0 2 302
 55 -3 3 296
 55 -1 -2 66
 55 2 0 170
 55 0 0 185
 55 1 0 80
 5 -3 -3 105
 5 -2 2 281
 55 -4 0 191
 55 2 1 143
 55 0 -1 132
 55 0 -2 153
 55 1 1 59
 5 2 -3 355
 55 -1 2 98
 55 1 -2 229
 55 -2 0 343
 55 -1 0 106
 55 1 4 73
 55 -1 1 64
 55 -2 -1 350
 55 -2 3 291
 55 0 1 296
 55 -2 1 113
 "contig-ratio-green-core" 1.1333333333333333
 "contig-ratio-red-core" 0.8
