 "a-count" 0
 "b-count" 0
 "c-color-count" 28
 "c-express-count" 28
 "d-color-count" 28
 "d-express-count" 28
 "cell-count" 56
 15 4 -1 186
 15 -1 -3 295
 15 1 3 306
 15 -3 -1 343
 15 -1 4 301
 15 -4 1 310
 15 -1 3 185
 15 3 -3 239
 15 -4 0 358
 15 -1 -1 250
 15 -2 -1 130
 15 0 4 301
 15 1 4 110
 15 -2 -2 172
 15 0 -3 28
 15 -2 -3 51
 15 3 0 358
 15 -4 2 10
 15 -2 3 91
 15 3 -2 143
 15 0 3 319
 15 3 -1 16
 15 -4 -1 241
 15 -1 -4 71
 15 0 -2 65
 15 -3 0 49
 15 -1 -2 267
 15 3 -1 332
 55 3 3 101
 55 2 -2 160
 55 1 1 3
 55 -2 0 64
 55 -3 2 215
 55 -1 2 313
 55 2 -3 356
 55 2 0 279
 55 1 0 84
 55 1 -2 106
 55 -1 0 108
 55 1 -1 11
 55 0 1 165
 55 3 1 321
 55 1 2 114
 55 1 -3 125
 55 0 2 304
 55 -3 3 135
 55 -2 1 150
 55 2 -1 161
 55 2 2 86
 55 3 2 359
 55 0 0 24
 55 -2 2 243
 55 2 -2 0
 55 2 1 309
 55 0 -1 74
 55 -3 1 263
 "contig-ratio-green-core" 0.7142857142857143
 "contig-ratio-red-core" 0.6666666666666666
 "a-count" 0
 "b-count" 0
 "c-color-count" 28
 "c-express-count" 28
 "d-color-count" 28
 "d-express-count" 28
 "cell-count" 56
 15 1 3 248
 15 3 -2 251
 15 -1 3 349
 15 2 3 118
 15 4 0 52
 15 -1 -4 188
 15 2 -1 309
 15 -3 -2 177
 15 1 4 228
 15 0 3 281
 15 2 -2 34
 15 0 -4 347
 15 -4 1 249
 15 4 1 241
 15 1 -3 352
 15 1 -1 2
 15 0 -3 341
 15 -4 -1 42
 15 -1 4 352
 15 -4 -2 277
 15 3 -1 263
 15 2 2 316
 15 4 -1 3
 15 1 -2 260
 15 -4 0 114
 15 -2 3 354
 15 4 -2 168
 15 0 4 207
 55 -1 -1 67
 55 -3 -1 8
 55 0 0 226
 55 -2 0 305
 55 1 -4 28
 55 -2 -2 327
 55 2 -4 146
 55 -1 1 52
 55 0 2 268
 55 -3 0 252
 55 1 2 48
 55 -3 2 359
 55 1 0 1
 55 2 1 355
 55 -2 -3 152
 55 -3 1 38
 55 -1 -2 318
 55 0 -1 226
 55 -1 0 102
 55 -2 2 46
 55 0 -2 104
 55 -1 2 162
 55 -2 1 116
 55 0 1 38
 55 3 1 299
 55 3 0 255
 55 -2 -1 269
 55 1 1 111
 "contig-ratio-green-core" 0.9444444444444444
 "contig-ratio-red-core" 0.56
 "a-count" 0
 "b-count" 0
 "c-color-count" 28
 "c-express-count" 28
 "d-color-count" 28
 "d-express-count" 28
 "cell-count" 56
 15 1 4 86
 15 0 -3 53
 15 2 -3 265
 15 -2 -3 89
 15 -1 3 78
 15 -1 2 329
 15 -1 -3 181
 15 -4 1 193
 15 0 2 21
 15 1 2 170
 15 -4 2 23
 15 1 -3 139
 15 -1 -4 313
 15 -2 3 262
 15 3 3 119
 15 0 -4 216
 15 3 -2 355
 15 0 4 275
 15 -4 -1 51
 15 2 -2 316
 15 0 -2 121
 15 0 3 248
 15 1 -2 327
 15 1 3 163
 15 -1 4 132
 15 -1 -2 254
 15 2 4 269
 15 -4 0 77
 55 -2 -2 111
 55 4 2 40
 55 -3 -1 336
 55 3 0 51
 55 -3 1 190
 55 -2 -1 15
 55 1 -1 198
 55 -2 0 2
 55 3 -1 103
 55 -1 -1 324
 55 2 -1 304
 55 -3 0 338
 55 -3 -2 343
 55 2 3 144
 55 -2 1 171
 55 3 -3 142
 55 2 0 246
 55 2 2 145
 55 3 1 240
 55 4 1 94
 55 2 1 35
 55 0 -1 155
 55 1 0 141
 55 -1 1 318
 55 0 0 76
 55 1 1 333
 55 3 2 86
 55 0 1 75
 "contig-ratio-green-core" 0.7
 "contig-ratio-red-core" 0.6190476190476191
 "a-count" 0
 "b-count" 0
 "c-color-count" 28
 "c-express-count" 28
 "d-color-count" 28
 "d-express-count" 28
 "cell-count" 56
 15 -4 -2 55
 15 2 2 61
 15 0 -4 181
 15 -3 -1 198
 15 -2 -4 72
 15 0 -3 106
 15 -1 -4 7
 15 -1 2 58
 15 0 2 358
 15 -3 4 127
 15 4 2 294
 15 1 -4 52
 15 3 2 189
 15 2 -3 156
 15 -1 3 347
 15 -4 0 123
 15 -4 -1 134
 15 0 3 313
 15 1 -3 247
 15 1 3 31
 15 -3 0 222
 15 2 3 245
 15 -1 -2 169
 15 -1 -3 300
 15 1 2 41
 15 3 1 111
 15 0 -2 281
 15 -3 3 307
 55 1 -1 26
 55 -2 -1 254
 55 2 -2 328
 55 -2 1 222
 55 3 -2 44
 55 1 0 281
 55 0 0 182
 55 -1 4 329
 55 -2 0 256
 55 1 -2 255
 55 -3 -2 222
 55 -3 1 61
 55 1 4 338
 55 0 1 21
 55 -1 -1 124
 55 -3 2 87
 55 2 4 316
 55 3 -1 335
 55 -3 -3 31
 55 2 1 257
 55 0 4 100
 55 2 0 138
 55 1 1 301
 55 -1 1 75
 55 3 0 81
 55 0 -1 216
 55 -1 0 233
 55 -2 -2 70
 "contig-ratio-green-core" 0.6666666666666666
 "contig-ratio-red-core" 0.7037037037037037
