 "a-count" 0
 "b-count" 0
 "c-color-count" 28
 "c-express-count" 28
 "d-color-count" 28
 "d-express-count" 28
 "cell-count" 56
 15 3 -3 124
 15 -3 1 201
 15 1 -3 65
 15 0 4 0
 15 4 2 330
 15 4 1 210
 15 -1 4 129
 15 -2 -3 39
 15 -4 1 334
 15 0 -3 354
 15 -4 2 301
 15 1 4 312
 15 3 -2 139
 15 2 4 5
 15 -2 -2 197
 15 -4 -1 199
 15 -1 -3 140
 15 -1 -2 345
 15 1 3 215
 15 0 3 131
 15 2 3 270
 15 -1 -4 97
 15 -3 -2 55
 15 2 -3 170
 15 0 -2 192
 15 1 -2 274
 15 -4 0 357
 15 1 -4 236
 55 2 1 288
 55 0 1 312
 55 -2 3 153
 55 -1 3 274
 55 0 0 180
 55 0 -1 242
 55 -3 -1 205
 55 0 2 335
 55 2 2 22
 55 3 0 287
 55 1 -1 254
 55 -3 0 331
 55 -1 2 305
 55 2 0 71
 55 -3 3 219
 55 -1 1 288
 55 -1 -1 260
 55 -2 1 245
 55 -2 4 267
 55 -2 -1 69
 55 1 2 60
 55 1 1 293
 55 -2 2 238
 55 1 0 75
 55 2 -1 104
 55 3 -1 77
 55 -2 0 62
 55 -3 -3 185
 "contig-ratio-green-core" 0.6
 "contig-ratio-red-core" 0.5833333333333334
 "a-count" 0
 "b-count" 0
 "c-color-count" 28
 "c-express-count" 28
 "d-color-count" 28
 "d-express-count" 28
 "cell-count" 56
 15 -2 -1 39
 15 4 2 70
 15 1 -2 82
 15 1 3 203
 15 -3 2 164
 15 -3 -4 340
 15 0 -2 5
 15 -3 1 32
 15 -1 -3 63
 15 -3 -1 146
 15 4 3 266
 15 -4 0 197
 15 -2 -2 270
 15 3 2 242
 15 3 1 48
 15 -1 4 163
 15 0 3 7
 15 -1 -2 43
 15 -3 0 68
 15 -4 1 228
 15 1 4 198
 15 2 -3 39
 15 0 4 99
 15 1 -3 76
 15 -4 -1 265
 15 4 1 357
 15 0 -3 272
 15 2 3 202
 55 0 -4 153
 55 2 1 139
 55 3 0 283
 55 0 1 129
 55 -1 0 207
 55 2 -2 318
 55 3 -2 342
 55 2 -1 326
 55 -1 2 38
 55 1 -1 23
 55 0 -1 56
 55 -2 3 235
 55 1 0 59
 55 2 0 212
 55 -2 0 138
 55 -1 3 205
 55 -2 2 154
 55 -2 -3 272
 55 -1 1 161
 55 -2 -4 127
 55 3 -1 31
 55 1 2 320
 55 1 1 76
 55 -2 1 283
 55 -3 -3 32
 55 -3 -2 50
 55 -1 -4 227
 55 -1 -1 219
 "contig-ratio-green-core" 0.7619047619047619
 "contig-ratio-red-core" 0.5555555555555556
