 "a-count" 0
 "b-count" 0
 "c-color-count" 28
 "c-express-count" 28
 "d-color-count" 28
 "d-express-count" 28
 "cell-count" 56
 15 -1 4 257
 15 3 4 65
 15 -3 -1 218
 15 0 -3 2
 15 3 3 131
 15 -1 5 280
 15 0 4 7
 15 2 -2 320
 15 1 -3 354
 15 -2 -2 296
 15 -2 -1 302
 15 -1 -3 218
 15 0 -2 85
 15 4 3 353
 15 3 -1 275
 15 3 0 108
 15 -3 0 6
 15 -4 -1 334
 15 2 -3 87
 15 1 -2 278
 15 2 3 328
 15 4 1 241
 15 -1 -2 91
 15 -3 -2 169
 15 -1 -1 26
 15 2 -1 342
 15 2 0 71
 15 4 2 66
 55 1 3 205
 55 2 1 194
 55 1 -1 37
 55 0 -1 251
 55 1 0 70
 55 -2 1 135
 55 0 2 5
 55 0 0 223
 55 1 -4 75
 55 2 2 15
 55 -2 2 200
 55 -2 0 196
 55 1 2 78
 55 -3 1 17
 55 -1 2 132
 55 4 0 206
 55 1 1 0
 55 0 1 81
 55 -1 1 192
 55 3 2 282
 55 3 -2 309
 55 4 -1 126
 55 -1 -4 334
 55 0 3 167
 55 3 1 141
 55 -1 0 269
 55 0 -4 293
 55 4 -2 157
 "contig-ratio-green-core" 0.8947368421052632
 "contig-ratio-red-core" 0.72
 "a-count" 0
 "b-count" 0
 "c-color-count" 28
 "c-express-count" 28
 "d-color-count" 28
 "d-express-count" 28
 "cell-count" 56
 15 -3 0 357
 15 0 -3 164
 15 -2 -1 83
 15 4 0 229
 15 -3 -1 155
 15 -2 0 162
 15 2 -3 223
 15 -4 0 288
 15 3 3 351
 15 -1 -3 113
 15 0 4 289
 15 -3 -2 164
 15 4 -1 107
 15 -2 1 252
 15 -3 1 42
 15 0 -2 304
 15 -1 4 115
 15 -1 -2 319
 15 0 -4 262
 15 -1 -1 220
 15 1 -3 142
 15 -3 2 192
 15 -2 -2 108
 15 2 4 233
 15 -1 -4 40
 15 4 1 210
 15 -4 1 258
 15 3 4 85
 55 2 0 305
 55 -2 4 346
 55 -1 0 125
 55 1 0 40
 55 -1 1 206
 55 0 -1 24
 55 2 1 9
 55 3 2 311
 55 0 3 333
 55 1 2 344
 55 3 -1 339
 55 0 1 10
 55 3 0 10
 55 -1 3 204
 55 -1 2 230
 55 -2 -3 183
 55 1 -1 15
 55 2 2 125
 55 -2 3 27
 55 1 3 71
 55 2 -1 114
 55 0 0 356
 55 0 2 352
 55 3 1 206
 55 1 -2 354
 55 -3 -3 208
 55 1 1 315
 55 2 -2 290
 "contig-ratio-green-core" 0.8333333333333334
 "contig-ratio-red-core" 0.6190476190476191
 "a-count" 0
 "b-count" 0
 "c-color-count" 28
 "c-express-count" 28
 "d-color-count" 28
 "d-express-count" 28
 "cell-count" 56
 15 -2 3 216
 15 0 -3 56
 15 -3 3 209
 15 4 2 325
 15 3 3 302
 15 0 3 64
 15 1 -3 216
 15 0 5 340
 15 -1 2 175
 15 4 -1 20
 15 0 -4 82
 15 2 -3 73
 15 0 4 222
 15 -3 2 30
 15 -1 -2 274
 15 -1 -3 106
 15 1 -2 63
 15 -2 4 67
 15 2 -2 96
 15 -2 -3 155
 15 4 0 262
 15 4 1 79
 15 -2 2 86
 15 0 2 66
 15 2 3 221
 15 1 -4 108
 15 -3 -3 202
 15 -1 4 230
 55 2 1 297
 55 -3 -1 97
 55 -4 1 72
 55 0 0 29
 55 2 2 186
 55 1 -1 187
 55 -3 1 114
 55 -2 1 325
 55 1 2 10
 55 -2 0 89
 55 0 -1 90
 55 -3 -2 158
 55 -3 0 251
 55 1 1 152
 55 3 1 286
 55 3 2 281
 55 -1 -4 326
 55 -2 -2 243
 55 -1 0 202
 55 3 -1 176
 55 -1 1 43
 55 2 0 280
 55 -1 -1 19
 55 3 0 254
 55 1 0 205
 55 -2 -1 32
 55 0 1 127
 55 2 -1 284
 "contig-ratio-green-core" 0.7894736842105263
 "contig-ratio-red-core" 0.6190476190476191
