 "a-count" 0
 "b-count" 0
 "c-color-count" 28
 "c-express-count" 28
 "d-color-count" 28
 "d-express-count" 28
 "cell-count" 56
 15 -1 -3 358
 15 -3 0 271
 15 1 2 170
 15 3 -2 193
 15 0 -3 88
 15 4 0 280
 15 -1 4 176
 15 1 3 271
 15 -4 -1 10
 15 -2 0 73
 15 2 3 330
 15 -3 -1 273
 15 3 -1 32
 15 -3 2 55
 15 1 -3 135
 15 -2 2 119
 15 2 -3 53
 15 3 3 311
 15 -2 1 168
 15 4 -1 8
 15 2 2 324
 15 0 -4 152
 15 -4 0 181
 15 0 4 14
 15 4 -2 220
 15 3 -3 313
 15 -3 1 77
 15 -2 -1 215
 55 0 -2 340
 55 4 1 193
 55 0 0 268
 55 2 1 19
 55 3 1 49
 55 3 2 7
 55 0 2 249
 55 2 0 146
 55 1 -1 50
 55 0 -1 5
 55 1 0 13
 55 0 1 70
 55 -1 0 234
 55 1 1 342
 55 -1 2 333
 55 -1 -2 29
 55 3 0 316
 55 1 -2 147
 55 -1 3 344
 55 -2 -2 95
 55 -1 -1 356
 55 0 3 315
 55 4 2 40
 55 -3 3 45
 55 2 -1 336
 55 -1 1 40
 55 -2 3 131
 55 2 -2 64
 "contig-ratio-green-core" 0.9
 "contig-ratio-red-core" 0.76
