 "a-count" 4
 "b-count" 7
 "c-color-count" 22
 "c-express-count" 21
 "d-color-count" 24
 "d-express-count" 24
 "cell-count" 56
 15 -3 1 15
 15 3 0 43
 15 -1 -4 310
 15 -2 2 307
 15 -3 -3 34
 15 0 -4 89
 15 1 -4 55
 15 -2 3 157
 15 0 2 211
 15 3 1 241
 15 1 4 88
 15 -3 -1 174
 15 2 -3 283
 105 4 0 14
 15 -1 2 342
 15 0 3 236
 15 -3 0 93
 105 -4 1 66
 15 -2 -3 249
 15 3 -2 255
 15 4 -1 17
 105 4 1 41
 15 3 -1 149
 15 2 3 182
 105 -1 4 349
 15 0 4 25
 15 2 2 50
 15 -3 2 335
 55 3 2 335
 5 1 0 115
 55 2 -2 171
 55 1 2 294
 55 1 3 146
 55 -1 -2 168
 55 1 -3 87
 55 0 -3 180
 5 -3 3 279
 55 0 -2 171
 55 2 0 39
 55 -2 -1 248
 55 -2 0 315
 5 -4 -1 26
 5 1 -2 100
 55 -1 0 358
 55 -1 -1 206
 55 -1 -3 125
 55 0 0 203
 5 -3 -2 315
 55 1 -1 297
 55 2 1 116
 55 2 -1 288
 55 0 1 337
 5 3 -3 336
 55 -2 1 216
 55 -1 1 86
 55 0 -1 257
 "contig-ratio-green-core" 1.2666666666666666
 "contig-ratio-red-core" 0.631578947368421
 "a-count" 5
 "b-count" 2
 "c-color-count" 26
 "c-express-count" 26
 "d-color-count" 23
 "d-express-count" 23
 "cell-count" 56
 15 4 0 256
 15 0 -4 38
 15 -1 -1 320
 15 -2 -2 201
 15 3 -1 316
 15 -1 -2 205
 15 2 -4 129
 105 3 2 339
 105 3 1 125
 105 -2 -3 45
 15 2 1 157
 15 2 3 211
 15 4 1 183
 105 -3 2 283
 15 -1 3 104
 15 2 2 187
 15 1 4 147
 15 3 0 149
 15 -3 -2 187
 15 1 -4 243
 15 -3 0 330
 15 -1 -3 5
 105 -3 -3 283
 15 -2 2 218
 15 -3 1 69
 15 -2 -1 342
 15 3 -3 186
 15 3 -2 211
 55 1 2 67
 55 0 -3 340
 55 0 -1 133
 55 1 -3 254
 5 4 -1 330
 55 2 -2 311
 55 2 0 55
 55 1 0 327
 55 -1 0 39
 55 0 3 55
 55 1 1 212
 55 2 -3 249
 55 -4 -1 69
 55 -2 1 165
 55 1 3 104
 55 0 1 221
 55 -3 -1 82
 55 -1 1 0
 55 0 -2 151
 55 2 -1 339
 5 3 3 70
 55 -1 -4 167
 55 -2 0 170
 55 1 -1 229
 55 0 0 104
 55 1 -2 358
 55 0 4 29
 55 0 2 20
 "contig-ratio-green-core" 1
 "contig-ratio-red-core" 0.8125
 "a-count" 9
 "b-count" 5
 "c-color-count" 23
 "c-express-count" 23
 "d-color-count" 21
 "d-express-count" 19
 "cell-count" 56
 15 -2 3 154
 15 -4 0 322
 15 3 2 256
 15 4 -1 284
 105 1 4 194
 15 1 -3 137
 15 0 3 122
 15 -3 3 95
 105 -3 -2 294
 15 3 1 282
 15 2 -1 246
 105 -1 -4 306
 15 3 -1 186
 15 -3 2 55
 15 -1 3 261
 15 3 0 88
 105 2 -3 91
 15 -2 -2 104
 105 3 -2 22
 15 -4 1 274
 105 -3 -3 324
 15 -2 2 225
 15 -2 -1 330
 15 2 2 207
 15 2 3 213
 15 2 -2 285
 15 -1 -2 88
 105 -2 -3 91
 55 -1 -1 149
 55 -2 0 310
 55 1 2 125
 55 -2 1 74
 55 -1 0 347
 55 0 1 13
 55 0 2 70
 55 2 1 253
 5 4 1 293
 5 3 -3 103
 55 -3 0 38
 55 -3 1 132
 55 -1 2 303
 55 1 1 143
 5 1 3 277
 55 2 0 295
 55 0 -1 60
 55 1 0 27
 55 1 -2 14
 55 1 -1 347
 55 0 -2 200
 55 -1 1 99
 55 0 -3 254
 5 3 3 99
 55 0 -4 154
 55 0 0 214
 5 0 4 2
 55 -4 -1 311
 "contig-ratio-green-core" 1
 "contig-ratio-red-core" 0.9375
 "a-count" 9
 "b-count" 5
 "c-color-count" 23
 "c-express-count" 23
 "d-color-count" 21
 "d-express-count" 19
 "cell-count" 56
 15 1 -2 74
 105 0 4 23
 105 -1 4 155
 105 -2 2 95
 15 0 -4 32
 15 -1 1 183
 15 1 4 331
 15 2 -2 25
 105 -2 -3 77
 15 2 -1 213
 15 -1 -3 11
 15 1 3 343
 15 3 -2 28
 15 2 2 257
 105 -3 2 80
 15 1 -3 140
 105 -3 3 133
 15 -1 2 261
 15 -3 0 69
 15 -3 -1 229
 15 -2 -2 267
 105 1 -4 290
 15 2 3 43
 15 -2 1 265
 15 -4 1 182
 15 -1 3 125
 15 4 -1 189
 15 -2 3 86
 55 0 -3 77
 55 0 0 162
 55 -1 -1 183
 55 2 0 34
 55 0 3 269
 55 1 1 69
 55 0 -1 81
 55 1 2 151
 55 -2 -1 250
 55 0 -2 62
 5 3 3 94
 5 3 1 294
 55 0 1 142
 5 2 -3 137
 55 3 -1 132
 5 4 1 3
 55 4 0 218
 55 2 4 24
 55 -1 0 184
 55 -1 -2 289
 55 -2 0 344
 55 1 0 21
 55 3 0 239
 55 0 2 50
 55 -3 1 201
 55 2 1 339
 5 -4 -1 159
 55 1 -1 13
 "contig-ratio-green-core" 1.0666666666666667
 "contig-ratio-red-core" 0.8888888888888888
