 "a-count" 8
 "b-count" 1
 "c-color-count" 27
 "c-express-count" 27
 "d-color-count" 21
 "d-express-count" 20
 "cell-count" 56
 15 4 1 96
 15 0 3 26
 15 3 2 191
 15 -3 2 31
 105 -1 -2 4
 15 -2 -1 220
 15 1 3 324
 15 -3 -1 84
 105 1 4 289
 105 -4 0 245
 15 -2 3 269
 105 0 4 185
 15 3 3 148
 15 1 -3 328
 15 -1 3 126
 105 -1 -4 165
 15 -3 0 3
 15 -2 2 221
 15 4 -1 22
 15 -4 -1 146
 15 -3 -3 356
 15 -2 -2 355
 15 -3 3 165
 15 1 -2 339
 105 0 -4 302
 15 -3 1 300
 105 -4 1 44
 15 0 -2 244
 55 2 1 81
 55 -2 -3 67
 55 1 2 107
 55 -2 0 200
 5 3 -2 95
 55 -1 -1 174
 55 2 3 195
 55 3 0 199
 55 1 0 149
 55 2 2 244
 55 3 1 183
 55 0 -1 349
 55 0 0 110
 55 0 2 323
 55 2 -3 184
 55 2 -2 312
 55 3 -1 203
 55 2 0 200
 55 -2 1 159
 55 4 0 119
 55 1 1 135
 55 -3 -2 288
 55 -1 2 158
 55 0 1 339
 55 -1 1 267
 55 2 -1 286
 55 1 -1 34
 55 -1 0 86
 "contig-ratio-green-core" 0.9333333333333333
 "contig-ratio-red-core" 0.875
 "a-count" 11
 "b-count" 3
 "c-color-count" 25
 "c-express-count" 25
 "d-color-count" 18
 "d-express-count" 17
 "cell-count" 56
 105 -1 -3 82
 15 -4 -1 173
 15 3 -3 316
 15 -4 -2 16
 15 2 3 242
 105 -3 -3 73
 105 -2 3 251
 15 -1 -2 8
 15 4 -2 342
 15 -2 2 227
 15 3 -1 20
 105 2 -3 36
 15 -3 -2 64
 105 -1 -4 15
 105 -2 -3 268
 15 -4 1 13
 15 2 -1 180
 15 -3 0 220
 15 1 -2 127
 15 2 -2 27
 105 -3 2 215
 15 4 1 35
 105 -2 -2 256
 15 3 2 354
 105 -3 3 277
 15 -4 0 317
 105 1 -3 211
 15 -1 3 349
 55 -1 -1 336
 55 2 2 4
 55 1 0 89
 5 1 4 32
 55 1 3 331
 55 -1 2 75
 55 1 -1 127
 55 0 -1 305
 55 1 2 330
 55 -1 0 93
 55 -2 -1 40
 55 -2 1 188
 55 3 1 354
 55 0 0 304
 55 2 1 137
 55 -1 1 119
 55 4 -1 14
 5 0 -3 330
 55 0 2 12
 5 3 3 97
 55 -2 0 167
 55 0 1 220
 55 0 3 32
 55 1 -4 243
 55 -3 -1 304
 55 0 -2 135
 55 1 1 245
 55 4 0 64
 "contig-ratio-green-core" 0.8666666666666667
 "contig-ratio-red-core" 0.6923076923076923
 "a-count" 10
 "b-count" 5
 "c-color-count" 23
 "c-express-count" 23
 "d-color-count" 19
 "d-express-count" 18
 "cell-count" 56
 15 -1 3 103
 105 -1 -3 341
 15 -2 -2 319
 15 -1 1 144
 15 -1 -4 167
 15 3 -2 252
 105 3 -3 273
 15 2 -2 339
 15 -2 1 99
 15 3 3 161
 15 2 2 192
 15 0 3 100
 105 -1 -1 353
 15 1 4 347
 15 -1 2 172
 15 3 1 12
 105 1 -4 261
 105 -3 3 125
 105 3 2 37
 15 0 -2 344
 105 -3 1 251
 15 0 2 189
 105 -4 1 268
 15 -3 -1 98
 15 0 4 43
 105 -3 -2 9
 15 1 2 283
 15 -2 0 21
 55 -3 2 332
 55 -4 -1 200
 55 -4 0 217
 55 -1 4 98
 55 0 2 93
 55 2 1 166
 5 -2 -3 242
 5 -2 3 113
 55 1 1 280
 55 0 -4 26
 55 4 0 293
 55 3 -1 349
 55 0 -1 249
 5 1 3 112
 5 4 1 196
 55 1 -1 197
 55 1 -2 32
 55 3 0 168
 55 1 1 213
 55 1 0 127
 5 2 3 263
 55 0 0 254
 55 2 0 310
 55 2 -1 225
 55 0 1 210
 55 -3 0 261
 55 -1 0 355
 55 0 1 146
 "contig-ratio-green-core" 0.75
 "contig-ratio-red-core" 0.8823529411764706
 "a-count" 7
 "b-count" 6
 "c-color-count" 22
 "c-express-count" 22
 "d-color-count" 22
 "d-express-count" 21
 "cell-count" 56
 15 2 1 43
 15 3 1 219
 15 2 3 129
 105 2 2 153
 15 -3 -1 15
 15 -1 -3 202
 15 1 4 85
 15 3 -1 232
 15 0 -3 190
 15 1 2 63
 15 2 -1 194
 105 -3 -3 15
 15 -2 2 11
 105 -3 3 193
 15 -3 -2 311
 105 -1 -4 315
 105 3 -2 165
 15 1 1 321
 15 -1 4 39
 15 -3 1 31
 15 -2 -3 157
 15 1 -2 277
 15 4 2 359
 15 -4 1 76
 15 -4 -1 296
 15 4 0 188
 15 -2 3 346
 105 3 3 19
 5 3 -3 345
 5 1 -3 109
 5 1 -4 256
 55 -2 -2 307
 55 -2 1 260
 55 0 1 293
 55 -1 3 20
 55 -1 0 156
 55 0 4 273
 55 0 0 172
 55 1 -1 100
 55 4 1 101
 55 0 -1 285
 55 -1 2 318
 55 -1 -2 278
 55 -3 0 344
 55 0 -2 323
 55 -4 0 178
 55 1 0 278
 55 2 0 200
 55 -2 -1 147
 55 -1 1 201
 5 0 -4 49
 5 2 -3 139
 55 -2 0 291
 55 0 2 39
 5 2 -2 134
 55 3 0 42
 "contig-ratio-green-core" 1.2307692307692308
 "contig-ratio-red-core" 1
