 "a-count" 3
 "b-count" 5
 "c-color-count" 24
 "c-express-count" 23
 "d-color-count" 25
 "d-express-count" 25
 "cell-count" 56
 15 1 1 148
 105 -3 2 82
 15 0 2 294
 15 1 2 155
 15 0 1 190
 15 -1 1 358
 15 0 0 241
 15 3 0 228
 15 0 -2 305
 15 0 3 87
 15 -2 0 53
 15 -1 -2 70
 15 -2 1 180
 105 3 -1 279
 15 3 3 232
 15 2 2 201
 15 -1 -3 269
 105 -1 -4 183
 15 1 3 23
 15 1 0 296
 15 2 0 187
 15 -2 2 231
 15 1 -1 283
 15 -3 0 134
 15 -1 0 292
 15 -1 2 343
 15 0 -1 55
 15 -1 -1 116
 55 2 -3 272
 55 3 1 186
 55 0 -3 14
 55 1 -3 295
 55 -4 1 320
 55 4 0 36
 55 -2 -2 122
 55 4 1 255
 55 -4 -1 15
 55 -3 -2 328
 5 -3 -3 345
 5 3 -3 210
 55 1 -2 124
 55 -3 3 174
 55 -2 -3 335
 55 3 2 50
 55 2 -1 292
 55 -2 -1 57
 55 0 4 23
 55 -1 3 46
 55 -2 3 207
 5 2 -2 60
 55 -3 1 247
 55 1 4 323
 55 2 3 126
 5 -1 4 342
 55 -4 0 90
 55 -3 -1 284
 "contig-ratio-green-core" 0.75
 "contig-ratio-red-core" 1.1428571428571428
 "a-count" 3
 "b-count" 5
 "c-color-count" 23
 "c-express-count" 23
 "d-color-count" 26
 "d-express-count" 25
 "cell-count" 56
 15 2 0 11
 15 1 -2 85
 15 -1 -2 84
 15 -2 1 302
 15 1 2 2
 15 -1 0 227
 15 -3 -3 311
 15 1 -1 312
 15 2 1 136
 15 -1 -1 3
 15 1 1 268
 15 -1 1 151
 15 0 2 107
 15 -1 2 51
 15 0 -2 351
 15 1 0 234
 105 2 3 111
 15 0 0 90
 15 1 -3 331
 15 4 0 252
 15 3 0 347
 15 -2 -2 260
 15 0 -3 82
 105 3 2 186
 15 0 3 110
 15 0 1 94
 15 -4 1 270
 15 0 -4 327
 55 0 4 197
 55 -1 4 112
 55 -4 0 194
 55 -3 3 344
 5 4 -1 139
 55 3 -2 250
 55 -2 -1 82
 5 1 -4 219
 55 3 -1 80
 5 -3 2 342
 55 -3 1 136
 5 -3 -1 201
 55 -4 -1 290
 55 -2 3 257
 55 -1 3 174
 55 1 3 204
 55 -2 -3 15
 55 -1 -3 189
 55 -2 2 185
 55 -2 0 17
 5 2 2 303
 55 2 -3 97
 55 3 1 261
 55 -3 0 66
 55 3 -3 59
 55 -1 -4 53
 55 2 -2 3
 55 -3 -2 185
 "contig-ratio-green-core" 0.7368421052631579
 "contig-ratio-red-core" 0.875
 "a-count" 7
 "b-count" 5
 "c-color-count" 24
 "c-express-count" 23
 "d-color-count" 21
 "d-express-count" 21
 "cell-count" 56
 15 -1 -1 5
 15 0 -1 349
 15 1 0 321
 15 -1 1 136
 15 -2 0 334
 105 0 -4 19
 105 1 1 19
 15 1 2 78
 15 1 -1 138
 15 0 1 276
 105 -1 0 231
 15 -3 1 135
 15 -4 1 120
 105 -1 4 167
 15 0 4 331
 15 0 -2 42
 105 1 3 121
 105 2 -3 237
 15 -1 -4 144
 15 -1 3 196
 15 -3 -3 349
 15 -1 2 184
 15 -2 1 207
 105 0 3 170
 15 -2 -1 162
 15 2 2 145
 15 2 1 223
 15 -1 -2 144
 55 2 -2 194
 55 -2 3 136
 55 -3 2 34
 55 1 -3 299
 55 2 -1 270
 55 4 0 353
 55 0 -3 273
 5 3 3 355
 55 -3 0 243
 55 4 -1 168
 55 3 1 80
 55 3 -3 140
 5 -4 -1 147
 55 1 -4 283
 55 3 -2 232
 55 3 2 69
 55 1 4 14
 5 4 1 50
 55 -4 0 293
 5 2 3 31
 55 -3 -2 124
 55 -2 2 5
 55 -2 -2 189
 55 1 -2 186
 55 -1 -3 249
 55 -2 -3 61
 55 -5 1 307
 55 2 0 45
 "contig-ratio-green-core" 0.7647058823529411
 "contig-ratio-red-core" 1
 "a-count" 6
 "b-count" 6
 "c-color-count" 24
 "c-express-count" 22
 "d-color-count" 25
 "d-express-count" 22
 "cell-count" 56
 105 4 1 113
 15 -2 1 175
 15 1 2 237
 15 -2 -1 15
 15 0 -2 130
 15 -1 0 98
 15 -2 -2 62
 15 -1 2 65
 15 -1 1 32
 15 1 3 337
 15 -1 1 84
 15 0 1 329
 15 0 2 46
 15 0 0 8
 15 1 0 53
 15 1 4 211
 15 0 2 113
 15 1 -2 156
 15 3 -3 238
 15 -2 0 37
 15 0 -3 257
 105 3 -2 248
 15 0 3 164
 105 2 1 352
 15 -2 1 62
 15 -1 -1 347
 15 2 -1 5
 15 -1 -2 280
 55 1 -4 246
 55 -1 4 25
 55 2 -2 40
 55 3 -1 285
 55 -2 3 318
 5 -1 -3 168
 55 -3 2 102
 55 -3 1 286
 55 -3 -3 202
 55 2 2 82
 55 -1 2 327
 55 -3 -2 31
 55 -4 0 178
 55 4 -1 218
 55 -1 3 352
 55 0 4 52
 55 -3 -1 120
 55 3 2 308
 5 -1 -4 246
 55 2 0 112
 55 0 -4 127
 5 4 0 13
 55 1 -3 29
 5 -2 -3 3
 55 -2 2 149
 55 2 3 9
 55 -3 0 68
 55 -4 1 286
 "contig-ratio-green-core" 0.7894736842105263
 "contig-ratio-red-core" 0.6666666666666666
