 "a-count" 8
 "b-count" 4
 "c-color-count" 26
 "c-express-count" 24
 "d-color-count" 20
 "d-express-count" 20
 "cell-count" 56
 105 0 -2 169
 15 -2 -1 170
 15 -2 0 252
 105 0 -3 190
 15 2 1 107
 15 -1 1 115
 15 -1 2 7
 15 1 -2 338
 15 -1 -1 251
 105 4 1 83
 15 -2 1 69
 15 1 -1 125
 15 0 -1 226
 15 2 2 119
 15 1 0 185
 15 -1 -2 41
 105 0 2 131
 15 -3 -3 74
 105 -3 2 338
 105 0 0 241
 105 1 4 125
 105 -1 4 316
 15 0 3 118
 15 -1 0 228
 15 -2 2 151
 15 1 2 33
 15 2 -1 68
 15 2 0 144
 55 3 3 144
 55 -1 -3 168
 55 -4 -1 240
 5 4 -1 170
 55 2 -2 9
 55 -4 1 255
 55 3 -2 223
 55 1 -3 122
 55 3 -1 345
 55 -3 3 354
 55 3 -3 122
 55 3 2 357
 55 2 -3 335
 55 -3 0 83
 55 4 0 52
 55 -3 -2 344
 55 -2 -2 354
 55 -2 -3 78
 55 -2 3 190
 5 2 3 59
 55 0 -4 62
 55 0 4 317
 55 3 0 65
 55 3 1 121
 55 -4 0 123
 55 -1 3 357
 55 -3 -1 153
 55 1 3 187
 "contig-ratio-green-core" 0.47619047619047616
 "contig-ratio-red-core" 1
 "a-count" 2
 "b-count" 5
 "c-color-count" 23
 "c-express-count" 23
 "d-color-count" 27
 "d-express-count" 26
 "cell-count" 56
 15 0 1 244
 105 1 3 165
 15 2 1 275
 15 -2 -1 335
 15 1 -1 150
 15 -1 -1 253
 15 1 -2 287
 15 0 2 46
 15 0 -2 186
 15 0 3 325
 15 -1 2 82
 15 0 0 301
 15 -2 1 302
 15 -2 0 152
 15 0 -1 254
 15 -1 0 224
 15 1 1 135
 15 3 2 38
 15 -3 -1 92
 15 1 0 254
 15 4 1 262
 15 1 2 233
 15 2 2 28
 15 -2 2 111
 15 0 -4 131
 15 0 -3 67
 15 -1 1 125
 15 -1 -2 254
 55 -3 -3 324
 55 1 4 328
 55 2 -2 267
 55 0 4 120
 55 -2 -3 115
 55 -4 1 283
 55 1 -4 170
 55 -2 -2 221
 55 -1 -3 213
 55 -1 4 286
 55 3 -3 93
 55 3 -2 353
 5 -1 -4 81
 55 4 0 316
 55 -3 2 299
 55 -4 -1 346
 55 1 -3 282
 5 2 -1 327
 55 3 -1 273
 5 2 -3 118
 55 2 3 322
 5 3 0 278
 5 2 0 121
 55 -1 3 104
 55 -3 1 359
 55 -3 -2 264
 55 -3 0 318
 55 -3 3 92
 "contig-ratio-green-core" 0.5789473684210527
 "contig-ratio-red-core" 0.8666666666666667
 "a-count" 4
 "b-count" 7
 "c-color-count" 21
 "c-express-count" 21
 "d-color-count" 25
 "d-express-count" 24
 "cell-count" 56
 15 1 0 202
 15 -1 2 99
 15 2 0 91
 15 -1 -1 162
 15 0 1 102
 105 0 0 116
 15 1 3 81
 15 0 -2 335
 15 0 3 0
 15 1 1 180
 15 2 2 324
 15 -1 4 95
 15 0 -1 22
 15 -3 2 1
 15 2 1 335
 15 -4 1 182
 105 -2 1 10
 15 3 2 256
 15 -1 -2 58
 15 -1 0 350
 15 3 1 164
 15 -1 3 330
 105 1 2 339
 15 -2 -2 353
 15 -2 -3 219
 15 1 -1 232
 15 0 2 54
 15 -1 1 11
 55 3 -3 260
 5 1 4 134
 55 -2 3 72
 55 2 -2 252
 55 0 4 189
 55 -3 1 269
 5 1 -3 162
 55 3 -1 183
 5 4 0 35
 55 -1 -3 344
 55 0 -3 172
 55 -2 0 356
 55 3 -2 166
 55 -3 -2 349
 55 3 3 32
 55 1 -2 68
 55 2 -3 240
 5 -1 -4 323
 5 0 -4 64
 55 3 0 42
 55 4 -1 43
 55 2 -1 209
 5 -4 0 279
 55 2 3 40
 5 -3 -3 168
 55 1 -4 292
 55 -3 3 41
 55 -3 0 59
 "contig-ratio-green-core" 0.8421052631578947
 "contig-ratio-red-core" 0.6875
 "a-count" 4
 "b-count" 5
 "c-color-count" 23
 "c-express-count" 23
 "d-color-count" 25
 "d-express-count" 24
 "cell-count" 56
 15 -1 -2 300
 15 2 1 87
 15 1 -1 349
 15 2 -2 47
 15 -1 0 155
 105 2 0 232
 15 -2 1 317
 15 0 -1 93
 15 -3 1 310
 15 -2 0 296
 15 -1 1 340
 15 -2 2 229
 15 4 0 133
 15 1 0 147
 105 -3 -3 185
 15 0 2 155
 15 0 0 60
 15 2 -1 216
 15 -1 -1 132
 15 0 1 6
 15 1 2 21
 15 1 1 42
 105 3 -3 51
 15 3 0 141
 15 -1 2 273
 15 -1 3 39
 15 2 -3 281
 15 0 3 42
 55 -4 -1 176
 55 -4 0 82
 55 -2 3 53
 55 3 -2 258
 55 1 3 156
 55 0 4 348
 55 1 -4 200
 55 -2 -3 92
 55 3 2 172
 55 -2 -1 126
 55 -3 3 139
 55 -3 2 60
 5 -4 1 131
 55 1 4 319
 55 0 -2 183
 55 3 -1 84
 55 -1 4 239
 55 1 -3 327
 55 -2 -2 105
 5 -3 -2 303
 55 2 3 154
 5 -1 -4 70
 55 2 2 181
 5 3 3 346
 55 -1 -3 144
 55 3 1 242
 5 1 -2 153
 55 4 -1 14
 "contig-ratio-green-core" 0.7
 "contig-ratio-red-core" 1
