 "a-count" 3
 "b-count" 3
 "c-color-count" 25
 "c-express-count" 25
 "d-color-count" 27
 "d-express-count" 25
 "cell-count" 56
 15 1 1 117
 15 -2 1 143
 15 3 -1 202
 15 0 1 182
 15 4 1 116
 15 -3 2 351
 15 -1 -1 61
 15 0 0 160
 15 1 -1 150
 15 1 4 290
 15 0 2 253
 15 -2 0 161
 15 -2 -1 244
 15 2 -1 358
 15 0 -3 152
 15 -2 2 111
 15 3 -3 87
 15 -1 2 2
 15 -1 -2 210
 15 2 0 4
 15 -1 0 266
 15 -2 -2 155
 15 1 0 225
 15 0 -1 180
 15 -1 1 218
 15 1 -3 76
 105 0 3 18
 15 3 0 332
 55 -4 -1 73
 55 2 2 224
 55 -2 3 257
 55 -1 3 321
 5 -1 4 273
 55 3 -2 257
 55 -4 1 303
 55 2 3 90
 55 1 -2 18
 55 -3 -2 94
 55 -3 0 269
 55 3 3 287
 55 -4 0 287
 55 -2 -3 10
 55 -3 -1 66
 55 1 -4 272
 5 4 -1 34
 55 3 1 152
 5 0 4 291
 55 3 2 31
 55 4 0 318
 55 -3 1 84
 55 -3 3 240
 55 -3 -3 85
 55 2 1 42
 55 -1 -4 122
 55 0 -4 270
 55 1 2 173
 "contig-ratio-green-core" 0.631578947368421
 "contig-ratio-red-core" 0.8888888888888888
 "a-count" 3
 "b-count" 3
 "c-color-count" 25
 "c-express-count" 25
 "d-color-count" 25
 "d-express-count" 25
 "cell-count" 56
 15 1 2 202
 15 -1 -1 82
 105 3 3 198
 15 0 2 36
 15 2 1 179
 15 1 3 27
 15 0 1 135
 15 1 -1 257
 15 -2 -2 162
 15 0 -1 287
 105 -3 -3 284
 15 -1 2 237
 15 1 -2 16
 15 1 -3 297
 15 0 3 103
 15 -1 1 43
 15 1 0 162
 15 0 0 287
 15 -1 0 235
 15 -3 -1 54
 15 -2 1 313
 15 0 4 228
 15 -3 1 167
 15 -2 -1 25
 15 4 1 244
 15 1 1 124
 15 -3 0 83
 105 1 4 12
 55 -2 -3 190
 5 3 -2 277
 55 -3 -2 269
 55 2 2 352
 55 0 -4 74
 55 -4 -1 63
 55 -2 2 339
 55 3 -3 325
 55 2 -3 89
 55 3 0 349
 55 -1 4 179
 5 3 2 29
 55 -4 0 173
 55 -3 3 194
 55 0 -3 192
 55 0 -2 123
 5 -2 3 58
 55 -1 3 285
 55 2 3 74
 55 -3 2 120
 55 2 0 25
 55 -4 1 347
 55 -1 -2 223
 55 -1 -4 235
 55 3 1 278
 55 -2 4 166
 55 4 0 304
 55 2 -1 280
 "contig-ratio-green-core" 0.85
 "contig-ratio-red-core" 1.0625
 "a-count" 5
 "b-count" 5
 "c-color-count" 23
 "c-express-count" 23
 "d-color-count" 24
 "d-express-count" 23
 "cell-count" 56
 15 3 0 291
 15 2 -1 195
 15 -1 -2 293
 15 2 1 292
 105 -3 -3 3
 15 0 -4 33
 15 2 -2 359
 105 1 -1 176
 15 0 0 45
 15 2 0 339
 15 -1 -1 335
 15 1 -2 70
 15 1 0 209
 15 0 -3 330
 15 -1 -4 151
 15 -1 0 77
 105 0 -2 110
 15 -1 1 164
 15 0 1 93
 15 1 1 340
 15 -2 -2 166
 15 -4 -1 167
 15 1 2 0
 15 -2 0 109
 15 -2 -1 73
 15 0 2 89
 15 2 4 115
 105 -2 2 158
 55 -3 -2 357
 55 1 4 310
 55 0 4 357
 55 -4 0 230
 55 2 3 321
 5 3 -1 175
 55 3 1 338
 55 1 3 164
 55 1 -4 119
 5 -1 4 209
 55 2 2 148
 5 -1 3 283
 55 -3 -1 263
 55 3 3 164
 55 2 -3 294
 55 4 0 165
 5 3 -2 333
 55 -2 3 237
 55 -2 -3 48
 55 3 -3 277
 55 4 1 173
 55 -1 2 19
 55 1 -3 60
 55 -3 2 37
 5 3 2 163
 55 0 3 324
 55 -2 1 132
 55 -1 -3 330
 "contig-ratio-green-core" 0.7368421052631579
 "contig-ratio-red-core" 0.875
 "a-count" 10
 "b-count" 5
 "c-color-count" 23
 "c-express-count" 23
 "d-color-count" 20
 "d-express-count" 18
 "cell-count" 56
 15 1 -1 49
 15 3 -2 0
 15 -2 1 315
 15 -1 -3 69
 15 0 -2 164
 105 1 4 198
 15 -1 1 284
 15 1 1 195
 15 -3 1 344
 15 -2 0 160
 105 0 -4 155
 15 1 0 355
 15 0 3 32
 105 2 3 27
 105 2 -2 54
 15 -1 2 266
 105 3 -3 140
 15 -3 0 205
 15 0 -1 184
 15 -1 -1 4
 105 -1 0 283
 15 0 0 110
 15 0 1 27
 15 -1 -4 53
 15 0 2 343
 15 4 1 73
 105 1 -2 335
 105 1 -3 332
 55 1 3 136
 5 -3 3 98
 5 0 4 8
 55 -2 -1 56
 55 3 2 264
 55 2 -1 242
 55 -2 2 160
 55 -1 -2 335
 55 0 -3 279
 55 1 2 20
 5 -4 0 268
 55 3 -1 149
 55 2 2 17
 55 4 0 240
 55 -2 -2 44
 55 3 0 120
 55 -3 -2 42
 55 -1 4 181
 55 -4 -1 329
 55 -4 1 2
 5 -2 3 244
 55 2 0 5
 55 4 -1 311
 55 -3 -1 313
 55 2 -3 134
 55 -2 -3 120
 55 2 1 310
 5 3 3 41
 "contig-ratio-green-core" 0.7894736842105263
 "contig-ratio-red-core" 0.8666666666666667
