 "a-count" 8
 "b-count" 8
 "c-color-count" 21
 "c-express-count" 20
 "d-color-count" 22
 "d-express-count" 20
 "cell-count" 56
 15 2 -3 255
 15 -1 -1 271
 15 2 0 93
 15 -1 0 181
 15 1 1 77
 15 3 1 202
 105 3 3 342
 15 2 -1 65
 15 -2 -1 131
 105 0 1 343
 105 0 0 50
 15 0 3 286
 15 -1 1 49
 15 2 1 88
 15 -1 2 17
 15 1 0 313
 105 4 0 329
 105 -3 0 44
 15 -3 1 82
 15 1 3 346
 15 0 -1 302
 15 1 -1 307
 15 2 2 282
 15 -4 0 287
 15 0 -2 71
 15 -2 0 75
 15 0 2 272
 105 1 2 277
 55 3 -1 147
 55 -2 1 139
 55 4 -1 274
 55 -3 -1 252
 5 1 -3 349
 55 -3 3 293
 5 1 -4 99
 55 -3 -3 219
 55 -5 0 184
 5 -2 -2 173
 55 -1 -4 103
 55 -1 -2 280
 5 2 -2 218
 55 4 1 68
 55 2 3 263
 55 -1 -3 252
 5 -2 3 165
 55 -1 3 27
 55 3 -3 341
 55 0 -3 108
 55 3 0 145
 55 0 4 218
 5 -4 -1 302
 5 -3 -2 50
 55 3 -2 238
 55 -4 1 7
 55 -3 2 141
 55 0 -4 323
 "contig-ratio-green-core" 0.6666666666666666
 "contig-ratio-red-core" 0.8666666666666667
 "a-count" 6
 "b-count" 5
 "c-color-count" 24
 "c-express-count" 23
 "d-color-count" 22
 "d-express-count" 22
 "cell-count" 56
 15 0 -2 194
 15 0 -4 98
 15 -1 0 335
 15 -2 -1 180
 105 3 2 160
 15 2 1 18
 15 -1 -2 229
 15 1 -1 206
 105 2 3 111
 15 -1 1 327
 15 0 -1 115
 15 2 0 182
 15 3 1 330
 15 -2 0 270
 15 -3 3 217
 15 0 1 96
 15 3 0 161
 15 0 2 63
 15 2 2 328
 15 1 0 131
 105 2 -2 325
 105 -3 -3 244
 15 1 1 211
 15 -1 -1 18
 105 -4 0 201
 15 1 2 114
 15 0 0 331
 105 4 1 288
 55 -2 -2 286
 55 2 -1 96
 55 -1 3 208
 55 0 3 287
 5 -4 1 278
 55 -2 3 58
 55 3 3 307
 55 -1 -4 70
 55 -3 2 201
 55 -2 -3 323
 5 1 4 14
 55 -1 2 355
 55 1 3 54
 5 -3 -2 12
 55 -4 -1 188
 55 2 -3 339
 55 0 -3 95
 55 4 0 126
 55 -3 0 14
 55 1 -2 102
 55 0 4 151
 55 3 -1 280
 5 3 -2 68
 55 -1 4 169
 55 0 -5 266
 55 4 -1 273
 55 -2 1 214
 55 -3 1 345
 "contig-ratio-green-core" 0.6666666666666666
 "contig-ratio-red-core" 1.1
 "a-count" 7
 "b-count" 6
 "c-color-count" 22
 "c-express-count" 22
 "d-color-count" 23
 "d-express-count" 21
 "cell-count" 56
 105 0 -2 223
 15 -1 2 210
 15 0 1 273
 15 2 -1 113
 105 -1 0 46
 105 -3 -1 210
 15 -2 0 261
 15 1 0 236
 105 -2 -2 339
 15 -1 -1 51
 15 0 -1 158
 15 -1 -2 70
 15 -1 4 329
 15 2 1 150
 15 1 1 308
 15 -2 1 358
 15 2 0 204
 15 1 -1 317
 15 0 2 143
 105 0 -3 115
 15 -1 1 168
 15 0 0 295
 15 0 3 165
 15 1 3 81
 15 1 -2 261
 15 0 4 67
 15 3 2 34
 15 1 2 129
 55 -1 -3 22
 55 2 2 126
 55 2 3 357
 55 3 1 99
 55 -2 -1 85
 5 1 -3 253
 55 -3 -2 315
 55 4 0 128
 55 2 -2 142
 55 -3 1 248
 55 3 -1 171
 55 -3 2 203
 55 4 1 97
 55 1 4 228
 55 3 3 117
 5 -2 -3 24
 5 -1 -4 181
 55 -2 2 166
 5 3 0 243
 55 1 -4 331
 5 -4 1 359
 55 3 -3 334
 55 -2 3 106
 55 -1 3 313
 5 -4 0 25
 55 -4 -1 15
 55 -3 -3 225
 55 -3 0 171
 "contig-ratio-green-core" 0.6111111111111112
 "contig-ratio-red-core" 0.8571428571428571
 "a-count" 6
 "b-count" 6
 "c-color-count" 22
 "c-express-count" 22
 "d-color-count" 23
 "d-express-count" 22
 "cell-count" 56
 105 0 4 325
 15 0 1 60
 15 -3 0 308
 15 -1 0 103
 15 1 2 180
 15 1 -2 121
 15 2 3 187
 105 -3 2 78
 15 -1 2 216
 15 -3 -3 285
 15 -2 -1 329
 15 0 -1 97
 15 -2 -2 191
 15 1 1 33
 15 -2 1 58
 15 1 0 121
 15 2 2 263
 15 0 2 20
 15 2 -1 330
 105 0 3 264
 15 0 -2 140
 15 0 0 202
 15 -1 1 147
 15 1 -1 238
 15 -1 -1 42
 15 -2 0 218
 105 -1 4 126
 105 -3 -1 148
 5 4 0 114
 55 3 3 167
 55 -3 3 167
 55 3 0 276
 55 -1 -4 202
 5 3 -3 15
 55 -1 -2 30
 55 3 2 206
 5 1 -4 149
 55 -3 -2 85
 55 -2 -3 289
 55 2 -2 172
 55 3 1 252
 55 -4 1 224
 55 -1 3 311
 55 -3 1 242
 55 2 0 98
 55 2 1 79
 55 3 -2 235
 55 3 -1 355
 55 1 -3 96
 5 2 -3 343
 55 -4 0 205
 55 -2 2 121
 5 -2 3 333
 5 4 1 237
 55 -1 -3 184
 55 0 -3 80
 "contig-ratio-green-core" 0.8666666666666667
 "contig-ratio-red-core" 1.1538461538461537
