 "a-count" 5
 "b-count" 6
 "c-color-count" 23
 "c-express-count" 22
 "d-color-count" 25
 "d-express-count" 23
 "cell-count" 56
 15 -1 -1 97
 15 -1 -2 205
 15 0 -1 77
 15 0 -2 299
 15 1 2 130
 15 4 0 332
 15 0 1 294
 15 1 0 208
 15 2 0 314
 105 0 -3 85
 15 0 0 233
 15 1 -1 105
 15 -3 -1 162
 15 2 -1 131
 105 -3 1 53
 15 -4 0 81
 15 -1 1 37
 15 -2 -1 44
 15 -2 2 299
 15 -2 0 119
 15 0 2 288
 15 2 1 104
 15 0 3 341
 15 2 3 186
 15 -1 0 263
 15 3 0 29
 105 2 -2 116
 15 1 1 318
 55 1 -3 27
 55 -3 -3 250
 55 3 3 286
 5 4 -1 51
 55 0 -4 181
 55 0 4 104
 55 2 -3 124
 55 -1 3 275
 55 -2 3 101
 55 2 2 197
 55 1 -2 245
 5 -3 0 350
 55 1 4 291
 55 3 1 215
 55 -4 -1 9
 55 -2 -3 156
 55 -3 3 209
 55 3 -3 257
 5 -3 2 247
 55 -2 -2 298
 55 -4 1 261
 55 -3 -2 63
 55 3 2 55
 55 -2 1 140
 5 -1 -4 257
 55 3 -2 225
 5 -1 4 110
 55 -1 2 77
 "contig-ratio-green-core" 0.7647058823529411
 "contig-ratio-red-core" 0.7692307692307693
 "a-count" 6
 "b-count" 7
 "c-color-count" 22
 "c-express-count" 21
 "d-color-count" 23
 "d-express-count" 22
 "cell-count" 56
 15 1 0 228
 15 -3 1 253
 15 -1 4 237
 105 -4 -1 13
 15 -1 -2 210
 105 0 -2 51
 15 -2 -2 2
 15 4 0 26
 15 0 1 137
 15 0 0 258
 15 -4 0 307
 15 0 -3 16
 105 2 -2 309
 15 3 2 36
 15 -1 0 168
 15 -2 -1 346
 105 3 -2 224
 15 1 -1 49
 15 3 0 131
 15 -1 3 198
 15 -1 -1 289
 105 -3 -3 301
 15 2 1 331
 15 1 1 267
 15 2 -1 323
 15 2 0 30
 15 -2 0 141
 15 1 -2 188
 55 0 4 151
 5 0 2 168
 55 -3 2 297
 5 4 1 58
 55 -1 1 6
 55 -2 3 237
 55 1 -4 112
 55 3 -1 34
 55 3 1 204
 55 -3 -2 300
 55 3 -3 92
 55 3 3 214
 55 -3 -1 172
 55 -3 3 261
 55 4 -1 239
 55 -2 1 284
 55 0 3 16
 5 -1 -3 298
 55 -1 2 33
 5 1 4 128
 55 -2 2 337
 55 -4 1 104
 5 2 3 64
 5 -1 -4 114
 55 2 2 292
 55 2 -3 79
 55 1 2 350
 55 1 -3 207
 "contig-ratio-green-core" 0.8823529411764706
 "contig-ratio-red-core" 0.8333333333333334
 "a-count" 5
 "b-count" 5
 "c-color-count" 23
 "c-express-count" 23
 "d-color-count" 25
 "d-express-count" 23
 "cell-count" 56
 15 0 1 183
 15 -1 -2 90
 15 1 0 33
 15 1 -2 192
 15 3 -1 268
 15 0 -1 296
 15 1 3 77
 105 -4 -1 229
 15 1 2 205
 15 -1 0 237
 105 -3 2 101
 15 0 3 243
 15 3 0 358
 15 1 1 331
 15 3 3 267
 15 -1 2 311
 15 0 -2 346
 15 2 -1 310
 15 -1 -1 93
 15 -2 0 92
 15 2 -3 181
 105 -2 3 196
 15 2 1 82
 15 0 2 208
 15 0 0 15
 15 0 4 168
 15 -1 1 292
 15 2 0 38
 5 2 -2 70
 55 0 -4 308
 55 -2 -2 111
 55 2 3 221
 55 -3 -1 202
 5 4 -1 80
 55 2 2 93
 55 4 0 177
 55 -3 -2 240
 55 2 4 325
 55 -4 1 272
 5 -1 4 299
 55 -3 -3 168
 55 1 -3 194
 5 -1 -3 338
 55 -1 3 124
 55 -2 2 276
 55 3 -2 357
 55 3 2 226
 55 -3 0 212
 55 -2 1 352
 55 3 1 42
 55 1 4 215
 55 0 -3 96
 5 1 -4 315
 55 -2 -1 10
 55 3 -3 162
 55 4 1 37
 "contig-ratio-green-core" 0.8
 "contig-ratio-red-core" 0.8235294117647058
 "a-count" 9
 "b-count" 5
 "c-color-count" 24
 "c-express-count" 23
 "d-color-count" 22
 "d-express-count" 19
 "cell-count" 56
 15 -2 0 337
 15 1 0 288
 15 0 -1 277
 15 0 0 211
 15 -1 0 245
 15 -2 -1 139
 105 2 1 56
 15 -4 -1 204
 105 -2 1 112
 15 0 -3 73
 15 0 4 303
 105 1 1 352
 15 -1 -1 198
 15 1 -3 170
 15 -2 2 266
 105 1 4 336
 15 -1 -4 29
 15 -2 -1 78
 105 2 -3 244
 15 2 0 164
 105 -1 4 260
 15 1 2 56
 15 -3 -1 119
 15 -1 2 323
 15 -3 -1 314
 15 1 -1 29
 15 -3 0 237
 15 -1 -1 36
 55 -3 1 141
 55 3 -1 355
 55 -1 3 301
 55 0 -2 127
 55 -3 -2 188
 55 2 -1 307
 55 -2 -3 350
 55 3 2 332
 5 -4 1 222
 55 -2 3 231
 55 1 3 44
 55 2 2 286
 55 1 -2 49
 55 -3 2 229
 5 3 -2 59
 55 2 3 195
 5 -3 -3 351
 55 4 0 172
 55 4 1 47
 55 -1 -3 291
 55 0 -4 75
 55 0 2 179
 5 4 -1 146
 55 -2 -2 317
 55 -1 -2 51
 55 3 1 286
 55 -4 0 183
 55 1 -4 26
 "contig-ratio-green-core" 0.7619047619047619
 "contig-ratio-red-core" 0.9411764705882353
