 "a-count" 9
 "b-count" 7
 "c-color-count" 21
 "c-express-count" 21
 "d-color-count" 22
 "d-express-count" 19
 "cell-count" 56
 105 0 3 269
 15 1 2 338
 15 -4 0 90
 15 0 1 248
 15 0 -1 147
 15 2 1 1
 105 1 0 350
 105 0 0 347
 15 0 -2 113
 15 -2 1 102
 105 -2 2 61
 15 -3 -3 216
 15 2 2 90
 15 -2 -1 317
 15 3 1 193
 15 1 -1 263
 15 1 3 116
 15 0 -3 50
 15 -1 -3 178
 105 -3 2 322
 105 3 -2 201
 15 -1 1 348
 15 1 -2 294
 15 0 4 29
 15 3 2 215
 15 0 2 111
 15 -1 0 320
 15 1 1 153
 55 2 -2 139
 55 -1 -4 156
 5 -1 4 183
 55 -4 -1 274
 55 3 -1 194
 55 0 -4 314
 55 -2 3 159
 55 2 0 57
 55 1 -3 313
 55 -3 1 245
 5 -2 0 19
 55 2 -3 285
 55 3 3 89
 5 -3 -2 341
 5 4 1 182
 55 -3 3 259
 55 4 -1 345
 55 -4 1 92
 55 -2 -2 144
 55 3 0 207
 55 1 -4 249
 5 4 0 239
 55 2 -1 99
 5 -1 3 236
 5 -2 -3 199
 55 -1 -1 346
 55 2 3 211
 55 -1 -2 247
 "contig-ratio-green-core" 0.8823529411764706
 "contig-ratio-red-core" 0.75
 "a-count" 4
 "b-count" 4
 "c-color-count" 24
 "c-express-count" 24
 "d-color-count" 24
 "d-express-count" 24
 "cell-count" 56
 15 1 0 37
 15 0 1 16
 15 0 -3 28
 15 1 2 354
 15 1 -1 8
 15 0 3 55
 15 -2 1 210
 15 -1 -1 295
 15 -1 1 323
 15 0 2 181
 105 2 0 45
 15 0 -2 346
 15 -1 0 75
 15 2 1 193
 105 -3 3 189
 15 0 0 72
 15 0 -1 117
 15 3 0 339
 15 1 -2 277
 15 3 2 317
 15 -1 2 36
 15 -1 3 171
 15 2 2 65
 15 -1 -2 142
 105 -4 0 308
 15 -2 -1 23
 15 1 1 105
 105 3 -1 200
 55 -3 2 34
 55 -3 -2 336
 5 -4 1 189
 55 0 4 196
 55 1 -3 144
 55 3 3 119
 55 2 3 237
 55 -2 -3 84
 55 2 -1 55
 55 -1 -4 157
 55 3 1 294
 55 1 4 25
 55 -1 -3 344
 5 0 -4 257
 5 -2 0 302
 55 4 1 236
 55 -2 2 94
 55 -2 3 206
 55 2 -2 118
 55 -3 0 59
 55 4 0 250
 55 3 -2 354
 55 -2 -2 57
 55 3 -3 135
 5 -3 -1 276
 55 2 -3 56
 55 -3 1 313
 55 1 3 347
 "contig-ratio-green-core" 0.5652173913043478
 "contig-ratio-red-core" 0.9333333333333333
 "a-count" 2
 "b-count" 7
 "c-color-count" 21
 "c-express-count" 21
 "d-color-count" 26
 "d-express-count" 26
 "cell-count" 56
 15 3 1 145
 15 2 -1 301
 15 0 3 232
 15 1 0 337
 15 0 1 46
 15 -1 1 34
 15 -1 -1 74
 15 1 -1 136
 15 -1 -4 258
 15 1 -2 99
 15 2 -3 304
 15 1 1 333
 15 -3 1 52
 15 -2 2 254
 15 0 -1 356
 15 -1 0 352
 15 4 1 185
 105 3 -2 224
 15 -3 0 228
 105 4 0 136
 15 0 0 183
 15 2 -2 131
 15 0 2 11
 15 -1 3 237
 15 2 0 166
 15 2 1 44
 15 -2 1 138
 15 -1 2 223
 55 1 2 162
 55 3 -3 35
 5 1 -4 18
 55 -2 -4 331
 55 -4 1 157
 55 1 4 341
 55 4 -1 186
 55 3 2 134
 55 -3 -3 155
 55 2 3 335
 55 1 -3 286
 55 -1 -2 246
 55 -3 3 311
 55 -1 -3 124
 55 -3 -1 332
 5 0 4 185
 55 -2 -1 63
 5 2 2 36
 55 1 3 137
 5 3 0 203
 55 0 -4 247
 5 -4 0 66
 55 0 -2 115
 5 -4 -1 114
 5 -3 2 199
 55 -2 3 348
 55 3 -1 66
 55 3 3 354
 "contig-ratio-green-core" 0.7647058823529411
 "contig-ratio-red-core" 0.6470588235294118
 "a-count" 7
 "b-count" 8
 "c-color-count" 21
 "c-express-count" 20
 "d-color-count" 25
 "d-express-count" 21
 "cell-count" 56
 15 0 2 168
 15 1 3 25
 15 -2 0 330
 15 -3 1 21
 15 3 0 96
 105 -3 -3 339
 15 0 -2 99
 15 3 2 243
 15 -2 -1 126
 15 0 -1 271
 15 1 0 44
 15 -1 3 144
 105 3 1 251
 15 -1 -1 147
 15 -1 1 176
 15 2 1 334
 15 -2 2 46
 15 -1 0 335
 15 0 4 90
 15 1 1 336
 15 0 1 54
 15 1 2 176
 105 -3 -2 272
 15 0 0 323
 15 1 -1 187
 15 2 2 147
 15 0 -3 175
 15 -3 0 223
 5 1 4 271
 55 0 3 220
 55 -1 -2 107
 55 4 -1 339
 5 3 -1 338
 5 3 -2 302
 55 -2 3 160
 55 -1 -3 311
 55 2 -3 83
 55 -2 -3 118
 55 1 -2 101
 55 -2 -2 48
 55 2 3 299
 55 -4 -1 54
 55 -4 0 333
 55 -4 1 348
 55 -2 1 320
 55 -3 2 210
 5 2 0 194
 55 -1 4 109
 55 -1 2 66
 55 4 0 98
 55 -1 -4 55
 5 0 -4 147
 5 2 -2 153
 55 -3 -1 6
 55 3 3 32
 5 4 1 178
 "contig-ratio-green-core" 0.7692307692307693
 "contig-ratio-red-core" 0.9333333333333333
