 "a-count" 4
 "b-count" 5
 "c-color-count" 23
 "c-express-count" 23
 "d-color-count" 26
 "d-express-count" 24
 "cell-count" 56
 15 2 -1 251
 15 0 1 132
 15 1 1 128
 15 -2 0 231
 105 4 1 57
 15 -1 4 289
 15 1 2 268
 15 1 -1 240
 15 3 1 260
 15 1 -3 111
 15 0 2 228
 15 0 4 337
 15 2 1 347
 15 0 -2 89
 15 0 -1 347
 105 3 0 79
 15 -1 -2 76
 15 1 -2 209
 15 -3 1 119
 15 0 0 103
 15 3 -2 340
 15 1 0 99
 15 -1 -1 313
 15 -2 -2 250
 15 2 0 262
 15 -1 3 30
 15 -2 -1 184
 15 -1 0 66
 55 -1 2 152
 55 1 4 103
 55 0 -3 352
 55 -2 -3 125
 55 -2 2 170
 55 -4 1 302
 5 2 -3 250
 55 -3 -2 359
 55 1 3 304
 55 -1 1 59
 55 -3 0 341
 55 3 2 239
 55 4 0 214
 5 0 -4 217
 5 -3 -1 38
 55 2 2 356
 55 4 -1 308
 5 3 -1 243
 55 3 -3 222
 55 -4 -1 267
 55 -2 1 236
 55 -1 -4 127
 5 -3 -3 101
 55 -1 -3 203
 55 -3 2 342
 55 0 3 222
 55 -2 3 42
 55 2 -2 242
 "contig-ratio-green-core" 0.8421052631578947
 "contig-ratio-red-core" 0.8823529411764706
 "a-count" 7
 "b-count" 3
 "c-color-count" 25
 "c-express-count" 25
 "d-color-count" 24
 "d-express-count" 21
 "cell-count" 56
 15 1 0 247
 15 0 2 44
 15 -1 -4 322
 15 0 -2 196
 15 2 0 281
 15 2 2 65
 15 -1 0 73
 15 0 -3 166
 15 -1 -3 279
 105 0 -1 54
 15 1 -4 307
 15 1 -2 176
 15 0 3 344
 105 3 -2 293
 15 -1 -1 8
 15 4 -1 148
 15 0 1 120
 15 1 -1 14
 105 2 -3 294
 15 1 1 254
 15 -2 -2 273
 15 -1 1 235
 15 -1 2 191
 15 2 1 327
 15 -2 -1 59
 105 0 0 8
 15 1 2 121
 15 -1 -2 213
 55 -3 2 89
 55 -3 -1 282
 55 3 -1 354
 55 -3 3 57
 55 -1 4 36
 55 1 3 11
 55 3 1 329
 5 -2 -3 133
 55 -3 -3 256
 55 -2 0 175
 55 2 3 264
 55 -2 1 166
 55 3 0 138
 55 4 0 318
 55 1 -3 37
 55 -4 0 217
 55 -4 -1 168
 5 0 4 10
 55 2 -1 148
 55 2 -2 314
 5 -2 3 236
 55 -3 1 71
 55 0 -4 6
 55 3 2 166
 55 -1 3 133
 55 1 4 71
 55 -3 0 344
 55 -2 2 296
 "contig-ratio-green-core" 0.5238095238095238
 "contig-ratio-red-core" 0.9333333333333333
 "a-count" 3
 "b-count" 4
 "c-color-count" 24
 "c-express-count" 24
 "d-color-count" 25
 "d-express-count" 25
 "cell-count" 56
 15 1 -1 161
 15 -1 -2 36
 15 1 0 303
 15 3 -2 63
 15 0 -3 230
 15 0 0 63
 15 1 1 275
 105 -1 1 27
 15 -3 0 339
 15 2 -2 202
 15 2 3 183
 15 0 2 240
 15 2 0 330
 15 2 -1 317
 15 -2 0 122
 15 -1 -1 35
 15 3 3 147
 15 0 -1 241
 15 -2 1 315
 15 -3 3 183
 15 0 -2 164
 105 0 1 27
 15 -1 0 52
 15 -1 2 116
 15 -3 1 314
 15 -4 -1 159
 105 -3 2 246
 15 1 -2 11
 55 -1 4 51
 55 -3 -2 344
 55 3 2 28
 5 1 4 42
 55 0 -4 158
 55 2 1 59
 55 -2 3 11
 55 2 2 210
 5 3 -3 279
 55 -4 0 175
 5 -3 -3 310
 55 0 4 269
 55 4 1 266
 55 -2 -1 45
 55 -1 -3 324
 55 -1 3 330
 55 1 3 351
 55 -4 1 242
 55 -2 2 57
 55 -1 -4 128
 55 0 3 210
 55 3 -1 38
 55 3 0 89
 55 -3 -1 159
 55 2 -3 298
 55 -2 -3 46
 5 1 -3 57
 55 1 2 294
 "contig-ratio-green-core" 0.85
 "contig-ratio-red-core" 1
 "a-count" 3
 "b-count" 7
 "c-color-count" 22
 "c-express-count" 21
 "d-color-count" 26
 "d-express-count" 25
 "cell-count" 56
 15 0 -1 135
 15 0 3 119
 15 -1 2 242
 15 1 -1 192
 15 0 4 160
 15 1 3 31
 15 -1 -1 339
 15 -1 -2 152
 15 1 0 19
 15 2 1 276
 15 -4 1 65
 15 0 1 73
 15 0 -2 199
 15 -2 0 314
 15 0 0 251
 15 -3 2 58
 15 2 -1 242
 15 -1 1 23
 15 -1 0 225
 15 1 1 207
 15 1 2 98
 15 0 -3 124
 105 2 0 266
 15 0 2 212
 105 4 0 195
 15 2 2 18
 15 1 -2 263
 15 2 -2 233
 55 1 4 341
 5 -1 4 137
 55 -1 -4 324
 55 -2 1 170
 55 -1 -3 267
 55 -3 0 166
 55 -2 -1 309
 5 -3 -1 126
 55 2 -3 203
 55 -3 1 306
 55 -2 2 349
 55 -4 -1 80
 5 -2 -2 63
 5 4 -1 292
 55 1 -4 4
 55 -3 -3 133
 55 -2 3 230
 55 -3 -2 169
 55 0 -4 231
 5 -2 -3 31
 55 3 0 204
 55 3 3 150
 55 -4 0 303
 55 3 -1 338
 55 3 -3 333
 5 1 -3 27
 55 3 1 145
 55 3 2 343
 "contig-ratio-green-core" 0.5333333333333333
 "contig-ratio-red-core" 0.7857142857142857
