 "a-count" 0
 "b-count" 15
 "c-color-count" 13
 "c-express-count" 13
 "d-color-count" 28
 "d-express-count" 28
 "cell-count" 56
 15 1 1 221
 15 1 2 323
 15 4 0 260
 15 -2 2 318
 15 4 -1 307
 15 0 2 284
 15 1 1 29
 15 2 1 299
 15 2 3 268
 15 3 -2 145
 15 2 3 135
 15 -1 1 94
 15 2 2 302
 15 -3 -4 166
 15 -3 -3 306
 15 1 0 141
 15 3 2 83
 15 2 4 241
 15 1 3 316
 15 2 0 191
 15 -1 2 267
 15 2 4 348
 15 1 2 223
 15 0 1 141
 15 1 4 10
 15 -2 -4 191
 15 -2 1 219
 15 1 4 269
 55 0 -2 356
 55 1 -2 5
 55 -1 3 150
 55 0 3 298
 5 -3 1 146
 55 3 -1 359
 5 -2 -1 115
 5 2 -2 68
 5 -2 -2 235
 55 2 -3 315
 5 -2 0 166
 55 1 -1 45
 55 0 -1 4
 5 -3 0 144
 5 3 3 48
 5 0 0 228
 55 1 -3 163
 5 3 -3 131
 55 0 -3 60
 55 0 3 21
 5 -1 0 329
 5 0 -4 304
 5 3 0 150
 5 -3 -2 280
 55 0 4 244
 55 2 -1 326
 5 -2 -3 247
 5 -1 -2 114
 "contig-ratio-green-core" 0.8181818181818182
 "contig-ratio-red-core" 0.3181818181818182
 "a-count" 0
 "b-count" 12
 "c-color-count" 16
 "c-express-count" 16
 "d-color-count" 28
 "d-express-count" 28
 "cell-count" 56
 15 -2 2 190
 15 3 -1 50
 15 -3 1 271
 15 -4 1 113
 15 0 4 308
 15 1 -4 135
 15 -2 -3 184
 15 2 0 62
 15 4 0 217
 15 -1 3 145
 15 3 2 230
 15 1 -1 115
 15 3 1 186
 15 1 -3 11
 15 0 3 311
 15 2 -1 68
 15 2 -3 40
 15 0 -4 160
 15 -1 -3 233
 15 0 -3 302
 15 1 -2 211
 15 -2 1 27
 15 -1 -4 296
 15 -3 2 305
 15 -4 0 219
 15 3 0 55
 15 1 0 261
 15 2 -2 201
 5 -3 0 3
 5 4 -1 299
 55 -1 -1 78
 55 0 1 346
 55 2 1 8
 55 -2 3 300
 55 -4 -1 91
 55 0 -1 12
 55 -1 1 341
 5 -3 -3 251
 5 1 4 248
 55 1 2 200
 5 2 2 317
 5 -1 -2 132
 5 -3 3 271
 55 -2 0 201
 55 0 -2 210
 55 -3 -1 272
 5 -2 -1 227
 5 3 3 117
 55 0 2 276
 5 -2 -2 322
 55 1 3 281
 55 -1 0 50
 55 -1 2 197
 5 -3 -2 294
 5 -1 4 37
 55 1 1 44
 "contig-ratio-green-core" 0.9166666666666666
 "contig-ratio-red-core" 0.4583333333333333
 "a-count" 0
 "b-count" 18
 "c-color-count" 10
 "c-express-count" 10
 "d-color-count" 28
 "d-express-count" 28
 "cell-count" 56
 15 3 2 266
 15 0 -1 19
 15 0 -2 58
 15 3 1 160
 15 3 0 124
 15 0 3 166
 15 0 -3 88
 15 0 2 144
 15 1 -1 122
 15 2 -1 138
 15 0 1 134
 15 -1 -3 119
 15 1 2 332
 15 -1 1 141
 15 2 -2 244
 15 2 0 111
 15 4 1 207
 15 -2 2 126
 15 0 0 14
 15 1 1 65
 15 2 -3 205
 15 2 1 209
 15 -1 3 135
 15 1 -3 357
 15 1 -2 182
 15 3 -1 10
 15 -1 2 290
 15 2 2 299
 55 2 3 356
 55 -2 1 227
 55 -1 -1 231
 55 -4 1 247
 55 -2 3 141
 55 -2 0 106
 5 -3 0 294
 5 -4 -1 96
 5 3 3 62
 55 4 0 186
 55 1 3 225
 5 3 -2 13
 5 -3 -2 36
 5 -2 -3 310
 5 -1 -4 229
 55 -1 0 213
 5 -3 3 228
 5 0 -4 263
 5 3 -3 307
 5 -2 -2 148
 5 1 4 207
 5 -2 -1 286
 5 0 4 332
 5 4 -1 184
 5 -1 4 152
 5 -1 -2 322
 5 -3 2 285
 55 -3 1 307
 "contig-ratio-green-core" 1.2857142857142858
 "contig-ratio-red-core" 0.35
