 "a-count" 0
 "b-count" 16
 "c-color-count" 12
 "c-express-count" 12
 "d-color-count" 28
 "d-express-count" 28
 "cell-count" 56
 15 -1 1 130
 15 -4 -1 41
 15 0 2 120
 15 -2 0 307
 15 3 -1 197
 15 -3 -1 120
 15 -4 -2 86
 15 0 3 268
 15 -2 -1 93
 15 0 1 146
 15 0 -3 235
 15 -3 0 74
 15 1 -4 61
 15 3 -2 236
 15 -2 1 50
 15 4 0 293
 15 1 2 264
 15 -2 2 196
 15 1 -3 288
 15 2 -1 222
 15 4 1 207
 15 -1 3 126
 15 0 4 247
 15 0 -4 185
 15 4 -1 345
 15 1 3 359
 15 -3 1 273
 15 -1 2 165
 55 -1 -1 101
 5 -3 3 96
 55 1 1 18
 5 3 1 162
 5 -4 0 103
 5 -2 -2 292
 55 0 0 302
 5 1 0 282
 55 0 -1 178
 5 2 -2 322
 55 2 0 297
 5 -1 -4 83
 5 -3 -3 112
 5 -3 -2 216
 55 2 1 84
 55 -1 0 296
 5 -3 2 293
 55 3 2 202
 5 3 -3 345
 5 1 -1 270
 55 3 0 75
 5 -2 -3 11
 55 4 2 112
 55 0 -2 253
 5 1 -2 1
 5 -2 3 173
 5 -1 -2 312
 55 3 3 20
 "contig-ratio-green-core" 0.9090909090909091
 "contig-ratio-red-core" 0.34782608695652173
 "a-count" 0
 "b-count" 17
 "c-color-count" 11
 "c-express-count" 11
 "d-color-count" 28
 "d-express-count" 28
 "cell-count" 56
 15 -1 2 173
 15 -1 -1 10
 15 4 0 136
 15 -2 4 220
 15 -2 2 266
 15 3 0 6
 15 -2 -2 325
 15 -1 1 177
 15 -2 -1 105
 15 3 -2 38
 15 2 3 176
 15 -3 -2 153
 15 -3 3 346
 15 -1 0 57
 15 0 1 214
 15 -3 -3 284
 15 -2 -3 295
 15 0 0 269
 15 3 3 306
 15 2 2 304
 15 0 -1 234
 15 1 2 43
 15 0 2 73
 15 -1 3 48
 15 3 -1 245
 15 1 1 99
 15 2 -2 15
 15 -2 3 146
 5 4 1 146
 5 -3 2 15
 55 1 0 106
 5 -1 -2 163
 5 -1 -3 262
 5 -4 0 232
 5 -1 -4 86
 55 1 -4 47
 5 0 -4 240
 5 -3 1 16
 55 -2 0 282
 55 -3 0 51
 55 2 1 173
 5 0 -3 247
 5 2 -1 173
 5 -4 1 135
 5 4 -1 258
 55 2 0 92
 5 0 4 64
 55 -2 1 318
 5 3 2 139
 5 1 -2 259
 5 0 -2 320
 55 3 1 292
 55 1 -3 345
 55 0 3 86
 55 1 -1 159
 5 1 3 251
 "contig-ratio-green-core" 1
 "contig-ratio-red-core" 0.3333333333333333
 "a-count" 0
 "b-count" 14
 "c-color-count" 14
 "c-express-count" 14
 "d-color-count" 28
 "d-express-count" 28
 "cell-count" 56
 15 -2 2 334
 15 1 2 243
 15 2 -2 304
 15 0 -4 231
 15 -1 2 81
 15 -3 1 126
 15 1 3 33
 15 2 -1 353
 15 2 -3 147
 15 -3 0 67
 15 3 2 287
 15 -3 2 260
 15 0 2 263
 15 3 -1 326
 15 1 4 20
 15 -4 0 253
 15 2 3 232
 15 1 -2 140
 15 -1 -4 51
 15 2 2 262
 15 3 1 81
 15 -1 0 313
 15 -2 0 142
 15 -1 1 219
 15 3 0 159
 15 2 0 236
 15 -2 1 340
 15 0 1 207
 55 0 0 231
 5 -4 1 89
 55 0 4 127
 55 -3 -1 174
 5 -2 3 245
 55 4 2 12
 5 4 -1 308
 55 3 3 214
 55 4 1 95
 5 -3 -3 172
 5 -2 -3 67
 5 3 -3 219
 55 -2 -1 291
 55 2 4 188
 55 -1 -2 110
 5 -3 -2 108
 5 3 -2 105
 55 0 -1 324
 5 -4 -1 287
 55 0 -2 313
 55 1 0 237
 55 -1 -1 332
 55 -2 -2 178
 5 0 3 110
 5 -1 4 284
 5 1 -1 355
 5 1 -3 315
 5 1 -4 244
 "contig-ratio-green-core" 0.9
 "contig-ratio-red-core" 0.4
