 "a-count" 0
 "b-count" 16
 "c-color-count" 12
 "c-express-count" 12
 "d-color-count" 28
 "d-express-count" 28
 "cell-count" 56
 15 1 0 74
 15 -4 1 35
 15 1 -1 53
 15 0 3 34
 15 2 0 136
 15 4 0 238
 15 2 -4 89
 15 2 -1 121
 15 -2 1 157
 15 3 -1 169
 15 2 -3 240
 15 0 2 357
 15 -1 3 184
 15 2 2 175
 15 -1 1 113
 15 -1 2 211
 15 3 0 272
 15 1 -3 257
 15 -3 1 69
 15 0 1 70
 15 3 1 274
 15 1 2 268
 15 2 1 221
 15 2 -2 318
 15 -2 0 281
 15 -2 2 156
 15 1 -2 352
 15 1 1 271
 5 -3 -1 261
 5 1 -4 253
 55 4 1 301
 5 -3 0 17
 55 -1 -2 28
 5 -4 -1 173
 5 3 3 198
 5 -4 0 347
 5 -3 -2 342
 5 3 2 66
 5 3 -2 108
 55 0 -1 23
 55 -2 -2 90
 55 -1 -3 9
 55 0 0 38
 55 -2 -3 245
 55 0 -2 72
 5 3 -3 232
 5 -1 -1 158
 5 0 -4 348
 5 -2 3 263
 55 -1 0 156
 55 1 3 220
 5 -1 4 40
 55 2 3 283
 5 -3 -3 7
 55 -2 -1 246
 5 1 4 130
 "contig-ratio-green-core" 1
 "contig-ratio-red-core" 0.42105263157894735
 "a-count" 0
 "b-count" 15
 "c-color-count" 13
 "c-express-count" 13
 "d-color-count" 28
 "d-express-count" 28
 "cell-count" 56
 15 3 -3 227
 15 3 1 21
 15 1 3 223
 15 1 -3 118
 15 2 2 27
 15 -2 -1 92
 15 -1 3 47
 15 -2 0 239
 15 4 1 166
 15 0 2 102
 15 -1 -4 68
 15 3 2 121
 15 2 -3 230
 15 0 -2 29
 15 -2 3 204
 15 -3 2 72
 15 0 -4 4
 15 2 -2 219
 15 1 -2 16
 15 1 4 163
 15 0 4 40
 15 1 2 169
 15 -1 -3 177
 15 4 -1 163
 15 -3 3 48
 15 4 0 322
 15 0 3 113
 15 0 -3 116
 5 -3 -1 39
 55 -2 1 185
 5 -1 0 243
 5 -4 0 59
 55 -1 2 47
 5 -2 -3 58
 55 0 -1 89
 55 2 3 308
 5 -3 1 358
 55 2 1 339
 5 -4 -1 25
 5 2 -1 79
 55 0 1 93
 55 2 0 224
 55 -2 2 149
 55 -1 1 193
 5 3 3 332
 5 3 -1 243
 55 3 0 109
 55 1 -1 351
 55 -1 -1 353
 5 -3 0 177
 5 3 -2 105
 5 -1 -2 64
 55 0 0 266
 5 4 2 181
 5 1 1 35
 5 -2 -2 159
 "contig-ratio-green-core" 1
 "contig-ratio-red-core" 0.45454545454545453
 "a-count" 0
 "b-count" 16
 "c-color-count" 12
 "c-express-count" 12
 "d-color-count" 28
 "d-express-count" 28
 "cell-count" 56
 15 -1 2 315
 15 0 1 253
 15 1 -4 33
 15 -2 1 82
 15 -1 1 49
 15 1 1 16
 15 -3 0 268
 15 1 -3 125
 15 0 3 323
 15 -4 -1 189
 15 -4 0 11
 15 -3 1 30
 15 1 2 40
 15 2 -2 133
 15 -2 2 120
 15 2 3 314
 15 1 -2 89
 15 -1 3 96
 15 0 2 328
 15 0 -3 180
 15 0 -2 95
 15 1 4 218
 15 -4 1 190
 15 -2 3 278
 15 2 2 90
 15 -3 -1 39
 15 1 3 149
 15 -5 1 187
 5 -1 -1 20
 5 -1 4 341
 5 0 -4 30
 55 0 -1 284
 55 2 4 133
 55 -2 -1 140
 5 2 -1 298
 55 1 -1 25
 5 3 2 249
 55 -2 0 146
 55 -1 -2 1
 55 4 1 239
 55 0 0 221
 55 3 1 20
 5 -1 0 131
 5 1 0 307
 5 -1 -3 66
 5 -3 3 111
 55 2 1 246
 55 4 2 153
 5 0 4 12
 5 3 -1 33
 5 3 0 165
 5 2 0 165
 5 3 3 302
 5 -3 2 343
 5 2 -3 31
 55 -2 -2 277
 "contig-ratio-green-core" 0.8
 "contig-ratio-red-core" 0.3333333333333333
 "a-count" 0
 "b-count" 14
 "c-color-count" 14
 "c-express-count" 14
 "d-color-count" 28
 "d-express-count" 28
 "cell-count" 56
 15 3 0 190
 15 -3 0 249
 15 0 -3 98
 15 -2 3 115
 15 -3 1 358
 15 0 2 283
 15 -1 -2 178
 15 4 0 187
 15 1 -2 132
 15 -2 -3 130
 15 -1 3 63
 15 2 0 83
 15 2 -1 280
 15 0 3 195
 15 -4 0 297
 15 1 3 42
 15 3 -1 230
 15 0 -4 146
 15 4 -1 71
 15 -3 3 137
 15 3 1 179
 15 0 -2 134
 15 -1 -3 282
 15 -1 4 287
 15 1 -3 258
 15 -3 2 212
 15 -4 1 262
 15 1 2 126
 5 2 3 114
 55 -2 0 223
 5 4 1 356
 55 0 1 261
 5 2 -3 292
 55 1 0 106
 55 -3 -1 209
 55 -2 1 54
 55 -2 4 242
 5 3 -3 61
 55 1 1 248
 5 -2 -2 113
 5 2 2 27
 5 2 1 222
 5 2 -2 304
 55 1 -1 47
 55 -2 -1 217
 5 0 -1 43
 5 3 -2 181
 55 -1 2 35
 5 -4 -1 198
 55 -1 1 113
 5 -1 -4 285
 55 -1 0 252
 5 1 4 333
 55 0 0 187
 5 1 -4 175
 55 -1 -1 228
 "contig-ratio-green-core" 1.125
 "contig-ratio-red-core" 0.4166666666666667
