 "a-count" 0
 "b-count" 16
 "c-color-count" 12
 "c-express-count" 12
 "d-color-count" 28
 "d-express-count" 28
 "cell-count" 56
 15 3 3 89
 15 1 -2 110
 15 -1 -3 157
 15 0 2 325
 15 -1 -1 85
 15 -1 1 181
 15 -1 3 178
 15 -2 -2 229
 15 3 0 19
 15 2 -1 318
 15 3 -1 88
 15 2 2 303
 15 2 -3 46
 15 2 0 255
 15 1 2 129
 15 0 -1 257
 15 -1 2 5
 15 -1 -2 74
 15 1 1 200
 15 0 3 233
 15 1 -1 260
 15 -1 0 36
 15 0 1 270
 15 2 1 9
 15 0 -3 351
 15 0 0 359
 15 1 0 243
 15 0 -2 61
 55 1 -3 292
 5 3 2 104
 55 -3 1 356
 5 -2 2 313
 5 3 1 141
 55 -3 3 25
 5 1 3 143
 5 -3 -1 6
 5 4 1 13
 5 -3 0 268
 5 -3 2 291
 55 1 4 53
 5 3 -3 191
 55 1 -4 98
 5 4 -2 291
 55 -2 1 331
 55 -2 0 140
 55 -2 3 169
 5 2 3 323
 55 4 0 65
 55 4 -1 343
 5 -1 -4 122
 55 0 4 323
 5 -4 0 143
 55 2 -2 57
 5 -3 -2 161
 5 -2 -3 205
 5 3 -2 310
 "contig-ratio-green-core" 0.8
 "contig-ratio-red-core" 0.5
 "a-count" 0
 "b-count" 15
 "c-color-count" 13
 "c-express-count" 13
 "d-color-count" 28
 "d-express-count" 28
 "cell-count" 56
 15 1 -1 315
 15 0 4 106
 15 3 -1 322
 15 1 -2 352
 15 -3 0 22
 15 0 -2 112
 15 0 -1 186
 15 -2 -1 201
 15 0 0 328
 15 3 -2 284
 15 2 -2 0
 15 -1 0 37
 15 3 1 213
 15 3 0 301
 15 -1 -3 216
 15 0 -3 261
 15 2 -1 298
 15 3 -3 266
 15 -2 0 26
 15 -1 -4 230
 15 4 1 237
 15 1 4 316
 15 -1 -2 210
 15 2 0 38
 15 -3 1 67
 15 1 0 185
 15 -2 1 162
 15 -1 -1 332
 55 -2 -3 33
 5 -3 3 51
 5 2 2 62
 5 -3 -2 21
 5 3 2 147
 55 0 -4 250
 5 -4 -1 123
 55 0 1 250
 5 -3 -1 36
 5 -3 2 169
 55 1 -4 206
 55 -2 3 124
 55 -1 3 282
 5 -4 1 235
 5 -2 2 93
 55 -2 -2 224
 5 -3 -3 309
 55 -1 1 72
 5 1 -3 159
 55 0 3 279
 5 1 3 39
 55 -1 4 114
 5 4 -1 190
 5 2 -3 337
 5 -1 2 341
 55 1 1 304
 55 0 2 342
 55 1 2 79
 "contig-ratio-green-core" 1
 "contig-ratio-red-core" 0.36363636363636365
 "a-count" 0
 "b-count" 14
 "c-color-count" 14
 "c-express-count" 14
 "d-color-count" 28
 "d-express-count" 28
 "cell-count" 56
 15 1 -3 260
 15 1 -1 34
 15 -1 4 100
 15 -2 -2 100
 15 3 -1 69
 15 3 0 300
 15 4 1 262
 15 2 -1 222
 15 0 -3 337
 15 -4 0 311
 15 1 0 82
 15 2 1 165
 15 -5 1 194
 15 -1 3 200
 15 -1 -3 40
 15 3 1 253
 15 3 -1 329
 15 0 -2 40
 15 1 -2 254
 15 3 2 257
 15 1 1 227
 15 -5 0 193
 15 1 0 88
 15 2 0 258
 15 3 0 317
 15 0 3 16
 15 2 -1 186
 15 -1 -2 93
 55 -2 1 147
 5 4 0 15
 5 1 3 93
 5 -1 1 89
 55 4 -1 172
 5 -2 3 85
 55 -2 0 241
 55 -1 0 191
 5 -3 2 229
 55 3 -2 184
 55 -1 2 344
 5 -2 -3 149
 55 -2 2 296
 5 -3 -2 157
 55 0 0 317
 5 0 2 299
 55 4 -2 322
 5 3 -3 186
 5 1 -4 307
 55 0 -1 128
 5 2 3 316
 5 -2 -1 30
 55 0 1 124
 5 2 2 321
 55 -1 -1 322
 55 0 0 281
 5 -3 -1 300
 55 2 -2 176
 "contig-ratio-green-core" 1.0909090909090908
 "contig-ratio-red-core" 0.34615384615384615
 "a-count" 0
 "b-count" 14
 "c-color-count" 14
 "c-express-count" 14
 "d-color-count" 28
 "d-express-count" 28
 "cell-count" 56
 15 -2 -1 155
 15 2 1 45
 15 4 1 313
 15 -4 -1 209
 15 1 0 299
 15 -3 -2 119
 15 3 -1 196
 15 -1 -1 143
 15 1 2 260
 15 2 0 101
 15 -1 2 266
 15 0 2 168
 15 -3 -3 230
 15 4 0 106
 15 4 -1 69
 15 -2 0 174
 15 0 0 343
 15 4 3 94
 15 1 1 188
 15 3 0 147
 15 -4 0 187
 15 3 1 319
 15 0 1 357
 15 -1 0 332
 15 -1 1 325
 15 -3 0 288
 15 3 3 227
 15 -3 -1 234
 5 -2 1 139
 5 -1 -3 103
 55 -1 -4 41
 5 1 -4 82
 5 -1 -2 245
 5 2 3 11
 5 -3 1 158
 55 0 3 135
 5 2 2 291
 55 0 -4 101
 55 2 -3 167
 55 -2 -2 275
 55 -3 3 39
 5 2 -2 300
 5 -2 -3 245
 55 1 -1 328
 5 2 -1 171
 5 1 4 90
 55 0 -3 319
 5 -2 2 161
 55 1 -2 46
 55 -1 3 115
 55 0 -2 199
 55 1 -3 98
 5 3 2 72
 55 0 -1 254
 5 3 -2 213
 55 -4 3 267
 "contig-ratio-green-core" 0.7
 "contig-ratio-red-core" 0.22727272727272727
