 "a-count" 0
 "b-count" 15
 "c-color-count" 13
 "c-express-count" 13
 "d-color-count" 28
 "d-express-count" 28
 "cell-count" 56
 15 1 -2 140
 15 0 3 340
 15 2 -1 10
 15 -2 -2 322
 15 -1 -4 124
 15 1 3 232
 15 3 0 141
 15 3 1 270
 15 3 -1 314
 15 2 3 186
 15 2 0 297
 15 -3 1 275
 15 4 1 14
 15 2 2 101
 15 2 -2 157
 15 2 1 195
 15 -1 2 122
 15 -1 -3 142
 15 0 2 92
 15 -2 -3 258
 15 1 4 144
 15 2 4 47
 15 -1 3 124
 15 0 -2 134
 15 -3 0 239
 15 3 -2 189
 15 -1 -2 86
 15 1 2 92
 55 -1 0 28
 5 -3 3 167
 5 -2 3 254
 55 0 1 11
 55 -2 1 302
 55 -2 2 296
 55 1 1 251
 5 -1 4 216
 5 -3 -1 39
 55 4 -1 92
 55 -2 -1 162
 5 -3 2 150
 5 -3 -2 45
 5 -4 -1 74
 55 3 2 76
 55 0 -1 6
 55 -1 1 292
 5 0 0 176
 5 1 -3 40
 55 -2 0 215
 5 0 -4 339
 5 -4 1 305
 5 1 -4 38
 5 0 -3 2
 55 1 -1 40
 5 2 -3 138
 5 4 0 75
 55 1 0 334
 "contig-ratio-green-core" 1
 "contig-ratio-red-core" 0.44
 "a-count" 0
 "b-count" 15
 "c-color-count" 13
 "c-express-count" 13
 "d-color-count" 28
 "d-express-count" 28
 "cell-count" 56
 15 3 0 120
 15 0 -3 47
 15 -1 -3 305
 15 -1 -2 223
 15 1 -4 353
 15 1 -3 155
 15 -2 -2 2
 15 -4 -1 301
 15 0 2 262
 15 2 -1 48
 15 -2 -1 38
 15 2 2 248
 15 -4 1 350
 15 -3 1 183
 15 -1 4 141
 15 3 -1 197
 15 2 -2 205
 15 2 1 26
 15 -3 0 55
 15 1 -2 69
 15 -2 4 252
 15 3 2 303
 15 1 2 324
 15 -3 -2 359
 15 2 0 244
 15 0 -2 148
 15 -3 -1 206
 15 0 -4 39
 5 0 0 117
 55 1 0 88
 55 0 1 355
 5 0 4 113
 5 -2 -3 138
 55 -1 0 324
 55 -1 3 294
 55 -1 2 80
 5 1 3 316
 55 0 -1 286
 55 -1 1 199
 5 -2 2 171
 5 4 0 46
 5 3 -2 133
 5 1 4 349
 5 -3 2 314
 55 -2 0 50
 5 4 -1 244
 55 -2 1 10
 5 4 1 8
 5 0 3 329
 55 -1 -1 126
 55 -1 -4 257
 5 1 1 211
 5 -4 -2 302
 5 -2 3 305
 55 1 -1 43
 55 -3 -3 353
 "contig-ratio-green-core" 1.1
 "contig-ratio-red-core" 0.4782608695652174
 "a-count" 0
 "b-count" 13
 "c-color-count" 15
 "c-express-count" 15
 "d-color-count" 28
 "d-express-count" 28
 "cell-count" 56
 15 1 1 247
 15 3 -2 128
 15 2 3 153
 15 -3 0 56
 15 0 -4 230
 15 -2 0 146
 15 -1 3 292
 15 2 2 268
 15 -2 -1 12
 15 3 -3 48
 15 -3 -2 160
 15 -2 4 186
 15 -1 4 288
 15 -1 2 295
 15 -3 -3 44
 15 -1 -1 322
 15 3 2 350
 15 -3 -1 84
 15 -2 -2 226
 15 0 1 214
 15 1 -4 197
 15 1 3 323
 15 0 4 292
 15 1 2 151
 15 -1 -4 330
 15 0 3 240
 15 0 2 342
 15 2 1 103
 55 0 -3 90
 55 1 -3 317
 55 -2 1 73
 55 3 1 188
 55 -1 -3 37
 5 -4 -1 303
 5 4 -1 200
 5 -2 2 181
 55 1 0 327
 5 3 -1 19
 55 -2 -3 323
 5 -3 2 60
 55 2 -1 174
 55 -1 1 161
 55 3 0 238
 5 2 -2 67
 5 -2 3 176
 55 1 -1 279
 5 -4 1 317
 5 2 0 265
 5 2 -3 356
 55 0 0 207
 5 1 4 346
 5 -3 1 104
 55 0 -1 65
 55 0 -2 54
 55 -1 -2 188
 5 -4 0 199
 "contig-ratio-green-core" 0.8461538461538461
 "contig-ratio-red-core" 0.45454545454545453
 "a-count" 0
 "b-count" 14
 "c-color-count" 14
 "c-express-count" 14
 "d-color-count" 28
 "d-express-count" 28
 "cell-count" 56
 15 -3 0 182
 15 2 -1 242
 15 2 -2 142
 15 0 3 38
 15 3 -2 33
 15 -4 -1 336
 15 -3 -1 207
 15 0 -3 9
 15 -3 3 194
 15 -2 1 296
 15 4 0 93
 15 -1 3 98
 15 3 -1 117
 15 -3 2 349
 15 -2 0 285
 15 3 0 291
 15 -2 -1 281
 15 -4 3 164
 15 -2 3 184
 15 -4 0 358
 15 4 1 95
 15 1 -3 76
 15 2 0 15
 15 -2 2 159
 15 4 -1 352
 15 -3 1 109
 15 1 3 236
 15 -2 -2 108
 5 -1 2 205
 5 -4 1 115
 5 3 -3 149
 55 0 0 151
 55 -1 -2 102
 5 -1 4 64
 55 1 1 74
 5 -3 -2 219
 5 2 2 189
 5 3 1 126
 5 -3 -3 279
 5 2 -3 35
 55 0 1 299
 55 -1 -1 305
 55 0 -1 86
 55 0 -2 132
 55 2 1 132
 5 1 0 211
 55 -1 -3 225
 55 -1 1 18
 55 1 2 219
 5 -2 -3 265
 5 1 -1 306
 55 1 -2 150
 5 1 -4 61
 55 -1 0 158
 55 0 2 8
 5 1 4 33
 "contig-ratio-green-core" 1
 "contig-ratio-red-core" 0.375
