 "a-count" 0
 "b-count" 18
 "c-color-count" 10
 "c-express-count" 10
 "d-color-count" 28
 "d-express-count" 28
 "cell-count" 56
 15 -3 -2 248
 15 -2 1 268
 15 3 -1 264
 15 2 -3 120
 15 4 0 144
 15 -4 0 229
 15 2 -4 111
 15 4 2 91
 15 -2 3 212
 15 2 2 81
 15 -3 0 286
 15 0 -2 316
 15 1 -1 242
 15 4 1 94
 15 -3 1 79
 15 2 0 181
 15 0 -1 90
 15 3 1 23
 15 -2 2 334
 15 1 -2 327
 15 1 2 280
 15 3 0 233
 15 2 1 178
 15 2 -2 58
 15 2 -1 259
 15 3 2 279
 15 1 -3 173
 15 -3 -1 271
 5 -1 4 164
 5 0 -4 320
 55 0 2 207
 5 -3 2 272
 5 -1 1 57
 5 1 0 247
 55 -1 -1 176
 5 -1 -2 302
 5 1 4 30
 5 4 -1 213
 55 0 0 203
 5 2 3 111
 5 1 3 272
 5 -1 -3 269
 5 3 -2 351
 5 -4 -1 254
 55 -2 -3 97
 55 -2 -2 23
 55 -2 0 200
 55 0 3 153
 55 -2 -1 91
 5 0 -3 11
 55 0 1 281
 5 -4 1 72
 5 -1 2 259
 5 -1 0 44
 55 1 1 83
 5 0 4 136
 "contig-ratio-green-core" 0.7777777777777778
 "contig-ratio-red-core" 0.2727272727272727
 "a-count" 0
 "b-count" 18
 "c-color-count" 10
 "c-express-count" 10
 "d-color-count" 28
 "d-express-count" 28
 "cell-count" 56
 15 1 1 128
 15 3 0 124
 15 -1 1 60
 15 0 1 146
 15 4 0 232
 15 -3 -1 6
 15 2 2 263
 15 -1 2 139
 15 3 -1 289
 15 0 0 205
 15 2 -2 42
 15 2 1 41
 15 1 3 280
 15 0 -1 258
 15 -4 0 74
 15 2 -3 77
 15 -4 -1 34
 15 -1 -1 263
 15 3 -2 158
 15 -3 -3 146
 15 -3 3 221
 15 1 2 288
 15 -2 -1 22
 15 -3 -2 26
 15 0 3 72
 15 0 2 196
 15 0 4 267
 15 -1 0 54
 5 -2 3 194
 55 2 0 206
 5 3 3 49
 55 -2 0 40
 55 1 -1 307
 5 0 -3 165
 55 -3 2 113
 5 -1 -4 3
 5 0 -4 242
 55 -3 1 325
 55 -2 2 114
 5 1 -3 311
 55 1 -2 321
 5 -3 0 228
 5 -1 -2 90
 5 3 2 231
 55 -2 1 114
 55 1 0 357
 5 0 -2 221
 5 4 -1 103
 5 3 -3 38
 5 1 -4 44
 5 2 -1 172
 5 -2 -2 78
 5 -1 -3 305
 5 1 4 217
 55 3 1 320
 5 -1 4 168
 "contig-ratio-green-core" 1.1
 "contig-ratio-red-core" 0.38095238095238093
 "a-count" 0
 "b-count" 18
 "c-color-count" 10
 "c-express-count" 10
 "d-color-count" 28
 "d-express-count" 28
 "cell-count" 56
 15 1 -2 191
 15 0 1 25
 15 -3 -1 324
 15 0 -5 103
 15 -4 1 249
 15 3 -1 36
 15 -4 0 91
 15 -3 0 49
 15 -1 4 179
 15 -1 3 347
 15 -2 -2 152
 15 0 2 332
 15 2 0 51
 15 -3 1 93
 15 2 -2 209
 15 -1 -4 139
 15 1 0 310
 15 2 1 16
 15 2 -1 88
 15 -2 -1 162
 15 -4 -1 183
 15 -1 2 163
 15 3 1 17
 15 3 0 315
 15 4 0 90
 15 0 -4 263
 15 1 -1 292
 15 1 1 82
 55 -1 -1 326
 5 1 2 322
 55 -1 1 100
 5 -2 2 274
 55 3 3 341
 5 -2 -3 269
 5 -3 2 207
 5 2 -3 247
 5 4 -1 296
 55 -1 -2 177
 55 2 3 246
 5 4 1 308
 5 2 2 200
 5 -1 -3 313
 5 3 -2 196
 55 -1 0 301
 5 0 4 32
 5 -2 0 10
 5 -3 -2 166
 55 -2 1 329
 55 3 2 252
 5 1 3 306
 5 0 -2 280
 55 0 0 332
 5 -3 -3 180
 5 0 -3 232
 55 2 4 171
 5 0 -1 204
 "contig-ratio-green-core" 0.875
 "contig-ratio-red-core" 0.25
 "a-count" 0
 "b-count" 17
 "c-color-count" 11
 "c-express-count" 11
 "d-color-count" 28
 "d-express-count" 28
 "cell-count" 56
 15 -1 -4 169
 15 -2 1 109
 15 -1 -3 4
 15 -2 2 94
 15 -2 -2 3
 15 -1 3 338
 15 1 -2 84
 15 1 -1 34
 15 1 3 307
 15 1 4 274
 15 -3 0 181
 15 2 -1 30
 15 -3 1 159
 15 2 0 262
 15 -3 -1 348
 15 -3 2 353
 15 -1 1 241
 15 0 2 136
 15 0 3 27
 15 3 2 154
 15 -1 2 289
 15 2 1 216
 15 3 0 4
 15 -3 -2 292
 15 -2 0 244
 15 -2 -1 152
 15 4 1 269
 15 3 1 172
 5 3 -1 12
 5 1 -3 229
 55 -1 -2 295
 5 -3 -3 46
 55 1 1 291
 55 1 2 105
 55 -1 -1 130
 55 0 -2 319
 5 4 0 4
 5 -1 4 217
 5 4 -1 349
 55 2 2 359
 5 -4 1 245
 5 -4 0 196
 5 3 -2 324
 55 2 3 250
 55 0 1 209
 5 -2 3 306
 55 0 -1 116
 5 2 -2 298
 55 0 -3 284
 5 -2 -3 345
 5 2 -3 134
 5 -3 3 6
 55 0 0 175
 5 0 4 356
 5 3 -3 175
 5 -1 0 321
 "contig-ratio-green-core" 0.9090909090909091
 "contig-ratio-red-core" 0.4
