 "a-count" 0
 "b-count" 17
 "c-color-count" 11
 "c-express-count" 11
 "d-color-count" 28
 "d-express-count" 28
 "cell-count" 56
 15 -2 3 42
 15 -3 0 171
 15 -1 -3 231
 15 -4 1 208
 15 3 1 185
 15 2 2 71
 15 -2 -1 134
 15 -1 2 107
 15 1 -2 263
 15 0 -4 354
 15 2 0 176
 15 4 1 215
 15 1 -3 355
 15 3 2 252
 15 2 1 53
 15 -1 0 356
 15 -4 0 62
 15 2 -2 277
 15 -2 -3 193
 15 0 -3 313
 15 -1 1 16
 15 -1 3 295
 15 2 -1 197
 15 2 3 13
 15 1 -4 313
 15 -2 0 254
 15 3 3 38
 15 -2 -2 1
 5 -2 1 193
 5 0 2 330
 5 -1 -4 211
 55 0 -2 46
 5 -3 -2 268
 55 0 0 127
 55 -1 -1 50
 55 1 0 213
 5 -3 1 329
 5 1 -1 132
 5 3 -2 297
 55 0 -1 162
 5 -3 3 359
 5 1 1 44
 5 -3 -1 201
 55 1 4 242
 55 0 1 268
 55 0 4 37
 5 -1 4 223
 5 -3 -3 23
 5 3 0 113
 5 -1 -2 359
 55 0 3 315
 5 -4 -1 172
 5 1 2 350
 5 4 0 179
 55 1 3 97
 55 -2 2 278
 "contig-ratio-green-core" 1
 "contig-ratio-red-core" 0.3
 "a-count" 0
 "b-count" 18
 "c-color-count" 10
 "c-express-count" 10
 "d-color-count" 28
 "d-express-count" 28
 "cell-count" 56
 15 -1 4 84
 15 0 4 314
 15 0 3 253
 15 1 3 168
 15 -4 1 6
 15 0 2 275
 15 -1 -1 28
 15 -1 -2 208
 15 4 1 46
 15 1 1 68
 15 3 0 316
 15 -4 0 7
 15 -1 2 221
 15 4 0 331
 15 3 -1 330
 15 -3 3 114
 15 4 -1 272
 15 1 4 38
 15 -1 -3 61
 15 2 1 168
 15 0 1 1
 15 2 2 260
 15 -1 3 235
 15 1 5 68
 15 3 1 27
 15 -2 3 35
 15 1 2 354
 15 -2 2 119
 5 2 3 42
 5 -3 -2 42
 5 -2 -1 338
 5 0 -3 203
 5 0 0 38
 5 1 -4 52
 55 1 -3 76
 55 1 0 358
 5 3 -2 301
 55 1 -2 129
 55 -3 1 276
 5 0 -1 36
 5 -3 -1 328
 55 -2 4 335
 5 2 -2 108
 5 3 -3 46
 55 2 0 187
 55 -3 2 207
 55 1 -1 223
 5 -4 -1 312
 5 0 -4 166
 5 3 2 80
 5 -2 -2 292
 5 -2 0 87
 55 -2 1 51
 5 -1 0 17
 55 2 -1 154
 5 -3 0 325
 "contig-ratio-green-core" 0.875
 "contig-ratio-red-core" 0.30434782608695654
 "a-count" 0
 "b-count" 15
 "c-color-count" 13
 "c-express-count" 13
 "d-color-count" 28
 "d-express-count" 28
 "cell-count" 56
 15 3 0 216
 15 -1 3 195
 15 3 -2 351
 15 3 -3 209
 15 2 -4 306
 15 1 3 54
 15 -4 1 88
 15 2 0 32
 15 -4 0 73
 15 2 -3 351
 15 -2 1 116
 15 0 -2 259
 15 3 -1 227
 15 2 -1 294
 15 -1 -2 221
 15 4 0 294
 15 1 2 163
 15 2 -2 271
 15 0 3 211
 15 -3 -1 295
 15 -3 1 130
 15 -2 0 309
 15 -2 -1 193
 15 2 1 268
 15 1 -2 343
 15 3 1 189
 15 2 2 99
 15 -3 0 28
 5 0 4 215
 55 1 -1 106
 55 -2 2 31
 5 -3 3 285
 55 0 1 128
 5 -1 4 2
 55 1 0 322
 5 0 -4 284
 55 -4 -2 61
 55 1 1 214
 55 0 2 258
 5 0 -3 169
 55 0 0 53
 5 2 3 342
 5 1 -4 350
 55 -4 -1 233
 5 0 -1 53
 55 -1 0 97
 5 3 2 69
 5 -2 -3 185
 5 -3 -2 259
 55 -1 1 331
 55 -1 -1 22
 5 -2 -2 31
 5 -1 -3 217
 5 1 -3 76
 55 -1 2 112
 5 -3 2 225
 "contig-ratio-green-core" 1.3
 "contig-ratio-red-core" 0.45454545454545453
 "a-count" 0
 "b-count" 17
 "c-color-count" 11
 "c-express-count" 11
 "d-color-count" 28
 "d-express-count" 28
 "cell-count" 56
 15 -2 -1 135
 15 -3 -2 91
 15 -1 -2 356
 15 -1 -1 86
 15 -2 0 149
 15 -2 -3 110
 15 1 1 104
 15 -3 -1 35
 15 -2 -2 134
 15 -1 -3 192
 15 -3 -3 260
 15 0 -3 108
 15 2 -1 350
 15 -4 -1 218
 15 -1 -4 64
 15 -4 -1 16
 15 0 -1 316
 15 -3 0 333
 15 -3 1 313
 15 1 -1 341
 15 1 0 73
 15 0 -2 20
 15 -3 -1 189
 15 -4 -2 110
 15 -3 3 101
 15 -3 2 95
 15 2 1 319
 15 2 0 40
 5 1 3 124
 55 -1 0 20
 55 0 1 271
 5 2 3 186
 55 -3 -4 8
 5 -1 1 311
 5 1 -3 129
 5 2 -2 208
 5 3 0 353
 5 4 0 127
 55 -2 3 18
 5 -1 2 272
 5 3 2 298
 5 3 -2 57
 55 0 0 237
 5 3 1 352
 5 -3 -3 160
 5 3 -1 183
 55 0 3 269
 5 -4 1 277
 55 -1 3 37
 5 -2 2 113
 5 -4 0 293
 55 1 2 37
 55 0 4 70
 55 -1 4 157
 5 1 -2 356
 55 0 2 68
 "contig-ratio-green-core" 0.8571428571428571
 "contig-ratio-red-core" 0.3
