 "a-count" 0
 "b-count" 11
 "c-color-count" 17
 "c-express-count" 17
 "d-color-count" 28
 "d-express-count" 28
 "cell-count" 56
 15 -4 -1 26
 15 1 4 203
 15 -1 3 13
 15 -1 -3 140
 15 3 -1 97
 15 1 -3 159
 15 -1 2 276
 15 0 -2 278
 15 2 -2 105
 15 1 -2 279
 15 0 3 186
 15 -2 2 258
 15 -1 -1 214
 15 -2 -1 161
 15 0 2 337
 15 3 0 297
 15 -3 -2 70
 15 2 -3 190
 15 -1 -2 331
 15 1 2 343
 15 4 -1 164
 15 2 -1 254
 15 1 3 138
 15 -2 3 80
 15 0 -3 323
 15 -3 -1 11
 15 -4 0 196
 15 -2 -2 335
 55 2 2 53
 5 2 3 330
 55 2 0 155
 55 -1 1 322
 5 3 -2 246
 5 -4 1 241
 55 1 -1 29
 55 3 1 220
 5 -1 4 30
 55 0 -1 8
 55 2 1 89
 55 0 -4 248
 5 3 -3 304
 5 -2 -3 265
 55 -3 1 9
 55 4 1 19
 5 -3 3 7
 55 1 0 239
 55 -2 1 31
 55 0 1 306
 5 -3 0 169
 55 1 1 166
 5 3 3 276
 55 3 2 248
 5 -3 -3 17
 5 -1 -4 66
 55 0 0 298
 55 -1 0 91
 "contig-ratio-green-core" 0.6923076923076923
 "contig-ratio-red-core" 0.4074074074074074
 "a-count" 0
 "b-count" 13
 "c-color-count" 15
 "c-express-count" 15
 "d-color-count" 28
 "d-express-count" 28
 "cell-count" 56
 15 3 -1 271
 15 1 -2 152
 15 1 3 101
 15 0 -2 223
 15 -1 -3 302
 15 -3 -2 221
 15 -1 3 4
 15 4 -1 69
 15 -2 -3 120
 15 -4 -2 348
 15 -1 2 109
 15 4 1 126
 15 1 -4 43
 15 4 0 95
 15 0 4 56
 15 -3 3 355
 15 3 -2 159
 15 2 -3 41
 15 1 -3 108
 15 -2 -2 332
 15 -1 -2 338
 15 -4 -1 205
 15 0 3 180
 15 1 4 107
 15 -2 3 324
 15 3 -3 325
 15 -2 2 150
 15 0 -3 187
 5 -3 2 277
 5 3 0 29
 55 -1 1 2
 55 1 2 178
 55 -1 -1 340
 55 0 2 315
 5 -3 -3 334
 55 1 -1 155
 5 -1 -4 26
 55 2 -1 6
 5 -3 1 247
 5 -2 1 311
 5 -4 0 1
 55 -2 -1 113
 55 1 1 207
 5 -3 0 279
 55 -3 -1 236
 5 2 1 282
 5 0 0 207
 55 0 1 299
 55 -1 0 171
 5 3 2 300
 55 0 -1 238
 55 1 0 45
 55 2 0 50
 55 -2 0 86
 5 -4 1 340
 5 3 1 283
 "contig-ratio-green-core" 1.1111111111111112
 "contig-ratio-red-core" 0.391304347826087
 "a-count" 0
 "b-count" 19
 "c-color-count" 9
 "c-express-count" 9
 "d-color-count" 28
 "d-express-count" 28
 "cell-count" 56
 15 1 -3 335
 15 -3 0 5
 15 -3 1 253
 15 -1 -2 331
 15 -1 2 27
 15 -2 -1 335
 15 1 -2 295
 15 1 -1 104
 15 0 -2 302
 15 1 2 320
 15 2 -1 229
 15 -1 -1 74
 15 -2 0 224
 15 1 3 129
 15 3 1 309
 15 0 0 269
 15 2 2 322
 15 0 1 167
 15 -2 1 52
 15 2 0 178
 15 2 1 8
 15 -1 0 233
 15 -3 -1 129
 15 1 1 181
 15 -1 1 353
 15 0 -1 62
 15 0 2 17
 15 1 0 5
 5 4 0 21
 5 -3 3 162
 55 -2 -2 123
 5 -2 2 353
 5 3 3 254
 5 -4 -1 326
 5 0 3 15
 5 3 2 309
 5 2 3 211
 5 1 4 299
 5 -4 1 108
 55 -3 -2 107
 5 -3 2 100
 55 3 0 23
 5 2 -2 264
 55 -1 3 349
 55 3 -1 258
 5 -2 3 212
 5 -4 0 240
 55 0 -4 258
 55 -1 -4 176
 5 -1 -3 96
 5 0 4 13
 5 2 -3 297
 5 -2 -3 56
 5 4 1 223
 55 4 -1 76
 55 -1 4 56
 "contig-ratio-green-core" 0.7777777777777778
 "contig-ratio-red-core" 0.3125
 "a-count" 0
 "b-count" 17
 "c-color-count" 11
 "c-express-count" 11
 "d-color-count" 28
 "d-express-count" 28
 "cell-count" 56
 15 -4 1 124
 15 2 1 5
 15 0 4 36
 15 -3 1 281
 15 0 0 221
 15 0 1 45
 15 0 -1 247
 15 -1 0 359
 15 -1 -4 227
 15 -2 -2 340
 15 -2 -3 57
 15 3 1 28
 15 -1 2 138
 15 4 0 135
 15 -1 3 81
 15 1 1 133
 15 -1 -3 88
 15 3 0 112
 15 -2 1 123
 15 4 -1 256
 15 3 -1 232
 15 -1 4 104
 15 1 -3 277
 15 -3 -2 261
 15 -1 1 88
 15 -3 -2 28
 15 -1 -1 127
 15 -1 -2 77
 55 1 0 121
 5 2 2 249
 55 0 3 17
 5 2 3 259
 5 -3 2 90
 5 -2 -4 94
 5 -3 3 41
 55 2 -1 350
 55 -2 0 107
 55 1 -1 335
 55 0 -3 156
 5 -4 0 215
 55 1 -2 216
 5 3 3 358
 55 2 0 36
 5 3 2 327
 55 1 3 91
 5 -3 -1 88
 55 0 -2 63
 55 -3 0 31
 5 -2 2 349
 5 -4 -1 169
 5 3 -2 218
 5 -2 3 327
 5 2 -3 118
 5 1 2 188
 5 2 -2 350
 5 -3 -3 54
 "contig-ratio-green-core" 1.2727272727272727
 "contig-ratio-red-core" 0.4
